,time,v1,v2
0,-8e-05,1.96,0.37
1,-7.992000000000001e-05,1.96,0.37
2,-7.984000000000001e-05,1.96,0.39
3,-7.976000000000001e-05,1.96,0.39
4,-7.968000000000001e-05,1.96,0.41000000000000003
5,-7.960000000000001e-05,2.04,0.39
6,-7.952000000000001e-05,2.04,0.41000000000000003
7,-7.944000000000001e-05,2.04,0.43
8,-7.936000000000001e-05,2.04,0.43
9,-7.928e-05,2.04,0.43
10,-7.92e-05,2.12,0.45
11,-7.912e-05,2.12,0.45
12,-7.904e-05,2.12,0.45
13,-7.896e-05,2.12,0.45
14,-7.888e-05,2.2,0.47000000000000003
15,-7.88e-05,2.2,0.47000000000000003
16,-7.872e-05,2.2,0.49
17,-7.864e-05,2.2,0.51
18,-7.856000000000001e-05,2.2,0.49
19,-7.848000000000001e-05,2.2800000000000002,0.51
20,-7.840000000000001e-05,2.2800000000000002,0.53
21,-7.832000000000001e-05,2.2800000000000002,0.53
22,-7.824000000000001e-05,2.36,0.53
23,-7.816000000000001e-05,2.36,0.53
24,-7.808000000000001e-05,2.36,0.55
25,-7.800000000000001e-05,2.36,0.55
26,-7.792000000000001e-05,2.44,0.5700000000000001
27,-7.784e-05,2.44,0.5700000000000001
28,-7.776e-05,2.44,0.59
29,-7.768e-05,2.44,0.59
30,-7.76e-05,2.52,0.59
31,-7.752e-05,2.44,0.61
32,-7.744e-05,-2.2800000000000002,0.63
33,-7.736e-05,-2.44,0.55
34,-7.728e-05,-2.52,0.51
35,-7.72e-05,-2.36,0.49
36,-7.712000000000001e-05,-2.36,0.47000000000000003
37,-7.704000000000001e-05,-2.36,0.45
38,-7.696000000000001e-05,-2.36,0.43
39,-7.688000000000001e-05,-2.2800000000000002,0.41000000000000003
40,-7.680000000000001e-05,-2.2800000000000002,0.41000000000000003
41,-7.672000000000001e-05,-2.2800000000000002,0.37
42,-7.664000000000001e-05,-2.2800000000000002,0.37
43,-7.656000000000001e-05,-2.2800000000000002,0.35000000000000003
44,-7.648e-05,-2.2800000000000002,0.33
45,-7.64e-05,-2.2,0.29
46,-7.632e-05,-2.2,0.27
47,-7.624e-05,-2.2,0.27
48,-7.616e-05,-2.12,0.25
49,-7.608e-05,-2.12,0.25
50,-7.6e-05,-2.04,0.23
51,-7.592e-05,-2.12,0.21
52,-7.584e-05,-2.04,0.19
53,-7.576e-05,-2.04,0.19
54,-7.568000000000001e-05,-2.04,0.17
55,-7.560000000000001e-05,-2.04,0.15
56,-7.552000000000001e-05,-1.96,0.15
57,-7.544000000000001e-05,-1.96,0.13
58,-7.536000000000001e-05,-1.96,0.13
59,-7.528000000000001e-05,-1.96,0.11
60,-7.520000000000001e-05,-1.96,0.09
61,-7.512000000000001e-05,-1.8800000000000001,0.07
62,-7.504000000000001e-05,-1.8800000000000001,0.07
63,-7.496e-05,-1.8800000000000001,0.05
64,-7.488e-05,-1.8800000000000001,0.05
65,-7.48e-05,-1.8800000000000001,0.03
66,-7.472e-05,-1.8800000000000001,0.03
67,-7.464e-05,-1.8,0.01
68,-7.456e-05,-1.8,-0.01
69,-7.448e-05,-1.8,-0.01
70,-7.44e-05,-1.72,-0.01
71,-7.432e-05,-1.72,-0.03
72,-7.424000000000001e-05,-1.72,-0.05
73,-7.416000000000001e-05,-1.72,-0.05
74,-7.408000000000001e-05,-1.72,-0.05
75,-7.400000000000001e-05,-1.6400000000000001,-0.07
76,-7.392000000000001e-05,-1.6400000000000001,-0.07
77,-7.384000000000001e-05,-1.6400000000000001,-0.09
78,-7.376000000000001e-05,-1.6400000000000001,-0.09
79,-7.368000000000001e-05,-1.6400000000000001,-0.11
80,-7.36e-05,-1.56,-0.13
81,-7.352e-05,-1.56,-0.11
82,-7.344e-05,-1.48,-0.13
83,-7.336e-05,-1.56,-0.13
84,-7.328e-05,-1.48,-0.15
85,-7.32e-05,-1.48,-0.15
86,-7.312e-05,-1.48,-0.15
87,-7.304e-05,-1.48,-0.17
88,-7.296e-05,-1.4000000000000001,-0.17
89,-7.288000000000001e-05,-1.4000000000000001,-0.19
90,-7.280000000000001e-05,-1.48,-0.19
91,-7.272000000000001e-05,-1.4000000000000001,-0.19
92,-7.264000000000001e-05,-1.4000000000000001,-0.19
93,-7.256000000000001e-05,-1.32,-0.19
94,-7.248000000000001e-05,-1.32,-0.19
95,-7.240000000000001e-05,-1.32,-0.21
96,-7.232000000000001e-05,-1.32,-0.23
97,-7.224e-05,-1.24,-0.21
98,-7.216000000000001e-05,-1.32,-0.23
99,-7.208e-05,-1.24,-0.23
100,-7.2e-05,-1.24,-0.23
101,-7.192e-05,-1.24,-0.23
102,-7.184e-05,-1.16,-0.23
103,-7.176e-05,-1.24,-0.25
104,-7.168e-05,-1.16,-0.25
105,-7.16e-05,-1.16,-0.25
106,-7.152e-05,-1.16,-0.25
107,-7.144000000000001e-05,-1.08,-0.25
108,-7.136000000000001e-05,-1.08,-0.27
109,-7.128000000000001e-05,-1.08,-0.27
110,-7.120000000000001e-05,-1.08,-0.27
111,-7.112000000000001e-05,-1.0,-0.27
112,-7.104000000000001e-05,-1.0,-0.27
113,-7.096000000000001e-05,-1.0,-0.27
114,-7.088e-05,-0.92,-0.27
115,-7.080000000000001e-05,-1.0,-0.27
116,-7.072e-05,-1.0,-0.29
117,-7.064e-05,-0.92,-0.29
118,-7.056e-05,-0.84,-0.29
119,-7.048e-05,-0.92,-0.29
120,-7.04e-05,-0.84,-0.27
121,-7.032e-05,-0.84,-0.29
122,-7.024e-05,-0.84,-0.29
123,-7.016e-05,-0.84,-0.29
124,-7.008e-05,-0.76,-0.29
125,-7.000000000000001e-05,-0.76,-0.29
126,-6.992000000000001e-05,-0.76,-0.29
127,-6.984000000000001e-05,-0.76,-0.29
128,-6.976000000000001e-05,-0.76,-0.29
129,-6.968000000000001e-05,-0.76,-0.29
130,-6.960000000000001e-05,-0.68,-0.29
131,-6.952000000000001e-05,-0.68,-0.29
132,-6.944000000000001e-05,-0.6,-0.29
133,-6.936e-05,-0.68,-0.29
134,-6.928e-05,-0.68,-0.29
135,-6.92e-05,-0.6,-0.29
136,-6.912e-05,-0.52,-0.29
137,-6.904e-05,-0.52,-0.29
138,-6.896e-05,-0.52,-0.29
139,-6.888e-05,-0.6,-0.29
140,-6.88e-05,-0.52,-0.29
141,-6.872e-05,-0.44,-0.29
142,-6.864000000000001e-05,-0.52,-0.29
143,-6.856000000000001e-05,-0.44,-0.29
144,-6.848000000000001e-05,-0.44,-0.29
145,-6.840000000000001e-05,-0.44,-0.29
146,-6.832000000000001e-05,-0.44,-0.29
147,-6.824000000000001e-05,-0.44,-0.29
148,-6.816000000000001e-05,-0.36,-0.29
149,-6.808000000000001e-05,-0.36,-0.27
150,-6.8e-05,-0.36,-0.27
151,-6.792000000000001e-05,-0.36,-0.27
152,-6.784e-05,-0.28,-0.27
153,-6.776e-05,-0.28,-0.27
154,-6.768e-05,-0.28,-0.27
155,-6.76e-05,-0.28,-0.27
156,-6.752e-05,-0.28,-0.27
157,-6.744e-05,-0.2,-0.27
158,-6.736e-05,-0.2,-0.25
159,-6.728e-05,-0.2,-0.25
160,-6.720000000000001e-05,-0.2,-0.25
161,-6.712000000000001e-05,-0.12,-0.27
162,-6.704000000000001e-05,-0.12,-0.25
163,-6.696000000000001e-05,-0.12,-0.25
164,-6.688000000000001e-05,-0.12,-0.25
165,-6.680000000000001e-05,-0.12,-0.25
166,-6.672000000000001e-05,0.04,-0.25
167,-6.664e-05,-0.04,-0.23
168,-6.656000000000001e-05,0.04,-0.23
169,-6.648e-05,-0.04,-0.23
170,-6.64e-05,-0.04,-0.23
171,-6.632e-05,0.04,-0.23
172,-6.624e-05,0.04,-0.23
173,-6.616e-05,0.04,-0.21
174,-6.608e-05,0.12,-0.21
175,-6.6e-05,0.12,-0.21
176,-6.592e-05,0.2,-0.21
177,-6.584e-05,0.12,-0.21
178,-6.576000000000001e-05,0.2,-0.21
179,-6.568000000000001e-05,0.28,-0.19
180,-6.560000000000001e-05,0.2,-0.19
181,-6.552000000000001e-05,0.28,-0.17
182,-6.544000000000001e-05,0.2,-0.19
183,-6.536000000000001e-05,0.2,-0.17
184,-6.528000000000001e-05,0.28,-0.17
185,-6.520000000000001e-05,0.28,-0.17
186,-6.512e-05,0.28,-0.17
187,-6.504e-05,0.28,-0.17
188,-6.496e-05,0.36,-0.17
189,-6.488e-05,0.36,-0.17
190,-6.48e-05,0.36,-0.15
191,-6.472e-05,0.44,-0.15
192,-6.464e-05,0.44,-0.15
193,-6.456e-05,0.44,-0.13
194,-6.448e-05,0.52,-0.13
195,-6.440000000000001e-05,0.52,-0.13
196,-6.432000000000001e-05,0.44,-0.13
197,-6.424000000000001e-05,0.44,-0.13
198,-6.416000000000001e-05,0.52,-0.11
199,-6.408000000000001e-05,0.52,-0.11
200,-6.400000000000001e-05,0.6,-0.11
201,-6.392e-05,0.6,-0.11
202,-6.384000000000001e-05,0.6,-0.09
203,-6.376e-05,0.6,-0.09
204,-6.368000000000001e-05,0.68,-0.09
205,-6.36e-05,0.68,-0.09
206,-6.352e-05,0.68,-0.07
207,-6.344e-05,0.68,-0.07
208,-6.336e-05,0.68,-0.07
209,-6.328e-05,0.68,-0.05
210,-6.32e-05,0.76,-0.05
211,-6.312e-05,0.76,-0.05
212,-6.304e-05,0.84,-0.05
213,-6.296000000000001e-05,0.84,-0.05
214,-6.288000000000001e-05,0.84,-0.03
215,-6.280000000000001e-05,0.84,-0.03
216,-6.272000000000001e-05,0.84,-0.03
217,-6.264000000000001e-05,0.84,-0.01
218,-6.256000000000001e-05,0.92,-0.01
219,-6.248000000000001e-05,0.92,-0.01
220,-6.24e-05,1.0,-0.01
221,-6.232000000000001e-05,0.92,0.01
222,-6.224e-05,1.0,0.01
223,-6.216e-05,1.0,0.03
224,-6.208e-05,1.0,0.03
225,-6.2e-05,1.0,0.03
226,-6.192e-05,1.0,0.03
227,-6.184e-05,1.08,0.05
228,-6.176e-05,1.08,0.05
229,-6.168e-05,1.16,0.05
230,-6.16e-05,1.08,0.07
231,-6.152000000000001e-05,1.08,0.07
232,-6.144000000000001e-05,1.08,0.07
233,-6.136000000000001e-05,1.16,0.09
234,-6.128000000000001e-05,1.16,0.09
235,-6.120000000000001e-05,1.16,0.09
236,-6.112000000000001e-05,1.16,0.11
237,-6.104e-05,1.24,0.11
238,-6.0960000000000006e-05,1.24,0.11
239,-6.088000000000001e-05,1.24,0.11
240,-6.080000000000001e-05,1.24,0.13
241,-6.072e-05,1.24,0.13
242,-6.064e-05,1.24,0.13
243,-6.056e-05,1.32,0.15
244,-6.0480000000000004e-05,1.4000000000000001,0.15
245,-6.0400000000000004e-05,1.32,0.15
246,-6.0320000000000005e-05,1.32,0.15
247,-6.0240000000000006e-05,1.4000000000000001,0.17
248,-6.016000000000001e-05,1.48,0.17
249,-6.008000000000001e-05,1.4000000000000001,0.19
250,-6.000000000000001e-05,1.4000000000000001,0.19
251,-5.992000000000001e-05,1.48,0.19
252,-5.984000000000001e-05,1.48,0.19
253,-5.976000000000001e-05,1.48,0.21
254,-5.9680000000000005e-05,1.48,0.21
255,-5.9600000000000005e-05,1.56,0.21
256,-5.9520000000000006e-05,1.56,0.23
257,-5.944000000000001e-05,1.56,0.23
258,-5.936000000000001e-05,1.6400000000000001,0.25
259,-5.928e-05,1.56,0.25
260,-5.92e-05,1.56,0.25
261,-5.912e-05,1.6400000000000001,0.25
262,-5.9040000000000004e-05,1.6400000000000001,0.25
263,-5.8960000000000005e-05,1.6400000000000001,0.27
264,-5.8880000000000005e-05,1.6400000000000001,0.27
265,-5.8800000000000006e-05,1.72,0.29
266,-5.872000000000001e-05,1.72,0.29
267,-5.864000000000001e-05,1.72,0.31
268,-5.856000000000001e-05,1.72,0.29
269,-5.848000000000001e-05,1.8,0.31
270,-5.840000000000001e-05,1.8,0.31
271,-5.832000000000001e-05,1.8,0.33
272,-5.8240000000000005e-05,1.8,0.33
273,-5.8160000000000006e-05,1.8,0.33
274,-5.8080000000000006e-05,1.8,0.35000000000000003
275,-5.800000000000001e-05,1.8800000000000001,0.35000000000000003
276,-5.792e-05,1.8800000000000001,0.37
277,-5.784e-05,1.8800000000000001,0.37
278,-5.776e-05,1.96,0.37
279,-5.7680000000000003e-05,1.96,0.37
280,-5.7600000000000004e-05,1.96,0.39
281,-5.7520000000000005e-05,1.96,0.39
282,-5.7440000000000006e-05,1.96,0.41000000000000003
283,-5.7360000000000006e-05,2.04,0.41000000000000003
284,-5.728000000000001e-05,2.04,0.41000000000000003
285,-5.720000000000001e-05,2.04,0.43
286,-5.712000000000001e-05,2.04,0.43
287,-5.704000000000001e-05,2.04,0.45
288,-5.696000000000001e-05,2.12,0.45
289,-5.688000000000001e-05,2.12,0.45
290,-5.6800000000000005e-05,2.12,0.45
291,-5.6720000000000006e-05,2.12,0.47000000000000003
292,-5.6640000000000007e-05,2.12,0.47000000000000003
293,-5.656000000000001e-05,2.2,0.47000000000000003
294,-5.648e-05,2.2,0.49
295,-5.64e-05,2.2,0.49
296,-5.632e-05,2.2800000000000002,0.51
297,-5.6240000000000004e-05,2.2800000000000002,0.51
298,-5.6160000000000004e-05,2.2800000000000002,0.53
299,-5.6080000000000005e-05,2.2800000000000002,0.53
300,-5.6000000000000006e-05,2.2800000000000002,0.53
301,-5.592000000000001e-05,2.36,0.55
302,-5.584000000000001e-05,2.2800000000000002,0.55
303,-5.576000000000001e-05,2.36,0.55
304,-5.568000000000001e-05,2.36,0.5700000000000001
305,-5.560000000000001e-05,2.44,0.5700000000000001
306,-5.552000000000001e-05,2.44,0.59
307,-5.5440000000000005e-05,2.44,0.59
308,-5.5360000000000005e-05,2.44,0.59
309,-5.5280000000000006e-05,2.44,0.59
310,-5.520000000000001e-05,-2.44,0.61
311,-5.512000000000001e-05,-2.44,0.53
312,-5.504e-05,-2.44,0.51
313,-5.496e-05,-2.44,0.49
314,-5.488e-05,-2.44,0.47000000000000003
315,-5.4800000000000004e-05,-2.36,0.43
316,-5.4720000000000005e-05,-2.2800000000000002,0.43
317,-5.4640000000000005e-05,-2.2800000000000002,0.39
318,-5.4560000000000006e-05,-2.2800000000000002,0.39
319,-5.448000000000001e-05,-2.2,0.37
320,-5.440000000000001e-05,-2.2800000000000002,0.35000000000000003
321,-5.432000000000001e-05,-2.2800000000000002,0.35000000000000003
322,-5.424000000000001e-05,-2.2,0.31
323,-5.416000000000001e-05,-2.12,0.29
324,-5.408000000000001e-05,-2.2,0.27
325,-5.4000000000000005e-05,-2.2,0.27
326,-5.3920000000000006e-05,-2.12,0.25
327,-5.3840000000000006e-05,-2.12,0.23
328,-5.376000000000001e-05,-2.12,0.23
329,-5.368e-05,-2.12,0.21
330,-5.36e-05,-2.04,0.19
331,-5.352e-05,-2.04,0.19
332,-5.344e-05,-1.96,0.17
333,-5.3360000000000004e-05,-2.04,0.15
334,-5.3280000000000005e-05,-2.04,0.13
335,-5.3200000000000006e-05,-2.04,0.13
336,-5.3120000000000006e-05,-1.96,0.11
337,-5.304000000000001e-05,-1.96,0.09
338,-5.296000000000001e-05,-1.96,0.09
339,-5.288000000000001e-05,-1.8800000000000001,0.09
340,-5.280000000000001e-05,-1.8800000000000001,0.07
341,-5.272000000000001e-05,-1.8800000000000001,0.05
342,-5.264000000000001e-05,-1.8800000000000001,0.03
343,-5.2560000000000005e-05,-1.8,0.03
344,-5.2480000000000006e-05,-1.8,0.01
345,-5.2400000000000007e-05,-1.8,0.01
346,-5.232000000000001e-05,-1.8,-0.01
347,-5.224e-05,-1.72,-0.01
348,-5.216e-05,-1.72,-0.03
349,-5.208e-05,-1.72,-0.05
350,-5.2000000000000004e-05,-1.72,-0.05
351,-5.1920000000000004e-05,-1.72,-0.07
352,-5.1840000000000005e-05,-1.6400000000000001,-0.07
353,-5.1760000000000006e-05,-1.6400000000000001,-0.07
354,-5.168000000000001e-05,-1.6400000000000001,-0.09
355,-5.160000000000001e-05,-1.56,-0.09
356,-5.152000000000001e-05,-1.6400000000000001,-0.09
357,-5.144000000000001e-05,-1.6400000000000001,-0.11
358,-5.136000000000001e-05,-1.56,-0.13
359,-5.128000000000001e-05,-1.56,-0.13
360,-5.1200000000000004e-05,-1.56,-0.13
361,-5.1120000000000005e-05,-1.56,-0.15
362,-5.1040000000000006e-05,-1.48,-0.13
363,-5.096000000000001e-05,-1.48,-0.15
364,-5.088000000000001e-05,-1.48,-0.17
365,-5.08e-05,-1.48,-0.17
366,-5.072e-05,-1.4000000000000001,-0.17
367,-5.064e-05,-1.4000000000000001,-0.17
368,-5.0560000000000004e-05,-1.4000000000000001,-0.19
369,-5.0480000000000005e-05,-1.4000000000000001,-0.19
370,-5.0400000000000005e-05,-1.4000000000000001,-0.19
371,-5.0320000000000006e-05,-1.32,-0.19
372,-5.024000000000001e-05,-1.32,-0.21
373,-5.016000000000001e-05,-1.32,-0.21
374,-5.008000000000001e-05,-1.32,-0.21
375,-5.000000000000001e-05,-1.24,-0.23
376,-4.992000000000001e-05,-1.24,-0.23
377,-4.984000000000001e-05,-1.24,-0.23
378,-4.9760000000000005e-05,-1.24,-0.23
379,-4.9680000000000005e-05,-1.24,-0.23
380,-4.9600000000000006e-05,-1.24,-0.25
381,-4.952000000000001e-05,-1.16,-0.25
382,-4.944000000000001e-05,-1.16,-0.25
383,-4.936000000000001e-05,-1.16,-0.25
384,-4.928e-05,-1.08,-0.27
385,-4.92e-05,-1.08,-0.25
386,-4.9120000000000004e-05,-1.08,-0.27
387,-4.9040000000000005e-05,-1.0,-0.27
388,-4.8960000000000006e-05,-1.08,-0.27
389,-4.8880000000000006e-05,-1.0,-0.27
390,-4.880000000000001e-05,-1.0,-0.27
391,-4.872000000000001e-05,-1.0,-0.27
392,-4.864000000000001e-05,-1.0,-0.27
393,-4.856e-05,-1.0,-0.29
394,-4.8480000000000003e-05,-0.92,-0.29
395,-4.8400000000000004e-05,-0.92,-0.29
396,-4.8320000000000005e-05,-0.92,-0.29
397,-4.8240000000000006e-05,-0.92,-0.29
398,-4.8160000000000006e-05,-0.92,-0.27
399,-4.808000000000001e-05,-0.84,-0.29
400,-4.800000000000001e-05,-0.84,-0.29
401,-4.792000000000001e-05,-0.84,-0.29
402,-4.784e-05,-0.84,-0.29
403,-4.7760000000000004e-05,-0.76,-0.29
404,-4.7680000000000004e-05,-0.76,-0.29
405,-4.7600000000000005e-05,-0.76,-0.29
406,-4.7520000000000006e-05,-0.76,-0.29
407,-4.7440000000000007e-05,-0.76,-0.29
408,-4.736000000000001e-05,-0.68,-0.29
409,-4.728000000000001e-05,-0.68,-0.29
410,-4.720000000000001e-05,-0.68,-0.29
411,-4.712e-05,-0.68,-0.29
412,-4.7040000000000004e-05,-0.6,-0.29
413,-4.6960000000000004e-05,-0.68,-0.29
414,-4.6880000000000005e-05,-0.6,-0.29
415,-4.6800000000000006e-05,-0.6,-0.29
416,-4.672000000000001e-05,-0.6,-0.29
417,-4.664000000000001e-05,-0.52,-0.29
418,-4.656000000000001e-05,-0.52,-0.29
419,-4.648000000000001e-05,-0.52,-0.29
420,-4.64e-05,-0.52,-0.29
421,-4.6320000000000004e-05,-0.44,-0.29
422,-4.6240000000000005e-05,-0.44,-0.29
423,-4.6160000000000005e-05,-0.44,-0.29
424,-4.6080000000000006e-05,-0.44,-0.27
425,-4.600000000000001e-05,-0.36,-0.29
426,-4.592000000000001e-05,-0.36,-0.27
427,-4.584000000000001e-05,-0.36,-0.27
428,-4.576000000000001e-05,-0.36,-0.27
429,-4.568e-05,-0.36,-0.29
430,-4.5600000000000004e-05,-0.28,-0.27
431,-4.5520000000000005e-05,-0.28,-0.27
432,-4.5440000000000005e-05,-0.28,-0.27
433,-4.5360000000000006e-05,-0.2,-0.27
434,-4.528000000000001e-05,-0.28,-0.27
435,-4.520000000000001e-05,-0.2,-0.27
436,-4.512000000000001e-05,-0.2,-0.25
437,-4.504e-05,-0.12,-0.25
438,-4.496e-05,-0.12,-0.25
439,-4.4880000000000004e-05,-0.12,-0.25
440,-4.4800000000000005e-05,-0.12,-0.25
441,-4.4720000000000006e-05,-0.12,-0.25
442,-4.4640000000000006e-05,-0.12,-0.25
443,-4.456000000000001e-05,-0.04,-0.23
444,-4.448000000000001e-05,-0.04,-0.23
445,-4.440000000000001e-05,-0.04,-0.25
446,-4.432e-05,0.04,-0.23
447,-4.424e-05,-0.04,-0.23
448,-4.4160000000000004e-05,0.04,-0.23
449,-4.4080000000000005e-05,0.04,-0.23
450,-4.4000000000000006e-05,0.04,-0.23
451,-4.3920000000000006e-05,0.04,-0.23
452,-4.384000000000001e-05,0.12,-0.21
453,-4.376000000000001e-05,0.12,-0.21
454,-4.368000000000001e-05,0.12,-0.21
455,-4.36e-05,0.12,-0.19
456,-4.3520000000000003e-05,0.2,-0.19
457,-4.3440000000000004e-05,0.2,-0.19
458,-4.3360000000000005e-05,0.2,-0.19
459,-4.3280000000000006e-05,0.2,-0.19
460,-4.3200000000000007e-05,0.2,-0.17
461,-4.312000000000001e-05,0.28,-0.19
462,-4.304000000000001e-05,0.28,-0.17
463,-4.296000000000001e-05,0.28,-0.17
464,-4.288e-05,0.28,-0.17
465,-4.2800000000000004e-05,0.28,-0.15
466,-4.2720000000000004e-05,0.36,-0.15
467,-4.2640000000000005e-05,0.36,-0.15
468,-4.2560000000000006e-05,0.36,-0.15
469,-4.248000000000001e-05,0.36,-0.15
470,-4.240000000000001e-05,0.36,-0.13
471,-4.232000000000001e-05,0.44,-0.13
472,-4.224000000000001e-05,0.44,-0.13
473,-4.216e-05,0.52,-0.13
474,-4.2080000000000004e-05,0.52,-0.13
475,-4.2000000000000004e-05,0.52,-0.13
476,-4.1920000000000005e-05,0.52,-0.11
477,-4.1840000000000006e-05,0.52,-0.11
478,-4.176000000000001e-05,0.6,-0.11
479,-4.168000000000001e-05,0.6,-0.09
480,-4.160000000000001e-05,0.6,-0.09
481,-4.152000000000001e-05,0.6,-0.09
482,-4.144e-05,0.6,-0.07
483,-4.1360000000000004e-05,0.6,-0.07
484,-4.1280000000000005e-05,0.68,-0.07
485,-4.1200000000000005e-05,0.68,-0.07
486,-4.1120000000000006e-05,0.68,-0.05
487,-4.104000000000001e-05,0.68,-0.05
488,-4.096000000000001e-05,0.76,-0.05
489,-4.088000000000001e-05,0.76,-0.05
490,-4.08e-05,0.76,-0.03
491,-4.072e-05,0.76,-0.03
492,-4.0640000000000004e-05,0.84,-0.03
493,-4.0560000000000005e-05,0.84,-0.03
494,-4.0480000000000005e-05,0.84,-0.01
495,-4.0400000000000006e-05,0.84,-0.01
496,-4.032000000000001e-05,0.84,-0.01
497,-4.024000000000001e-05,0.84,-0.01
498,-4.016000000000001e-05,0.92,0.01
499,-4.008e-05,0.92,0.01
500,-4e-05,0.92,0.01
501,-3.9920000000000004e-05,0.92,0.03
502,-3.9840000000000005e-05,1.0,0.03
503,-3.9760000000000006e-05,1.0,0.03
504,-3.9680000000000006e-05,1.0,0.05
505,-3.960000000000001e-05,1.0,0.05
506,-3.952000000000001e-05,1.08,0.05
507,-3.944000000000001e-05,1.08,0.07
508,-3.936e-05,1.08,0.05
509,-3.9280000000000003e-05,1.08,0.05
510,-3.9200000000000004e-05,1.16,0.07
511,-3.9120000000000005e-05,1.16,0.07
512,-3.9040000000000006e-05,1.16,0.09
513,-3.8960000000000006e-05,1.16,0.09
514,-3.888000000000001e-05,1.16,0.11
515,-3.880000000000001e-05,1.24,0.09
516,-3.872000000000001e-05,1.24,0.11
517,-3.864e-05,1.24,0.11
518,-3.8560000000000004e-05,1.24,0.13
519,-3.8480000000000004e-05,1.32,0.13
520,-3.8400000000000005e-05,1.32,0.13
521,-3.8320000000000006e-05,1.32,0.13
522,-3.8240000000000007e-05,1.32,0.15
523,-3.816000000000001e-05,1.32,0.15
524,-3.808000000000001e-05,1.32,0.15
525,-3.800000000000001e-05,1.4000000000000001,0.17
526,-3.792e-05,1.48,0.17
527,-3.7840000000000004e-05,1.4000000000000001,0.17
528,-3.7760000000000004e-05,1.48,0.19
529,-3.7680000000000005e-05,1.4000000000000001,0.19
530,-3.7600000000000006e-05,1.48,0.21
531,-3.752000000000001e-05,1.48,0.19
532,-3.744000000000001e-05,1.56,0.21
533,-3.736000000000001e-05,1.48,0.21
534,-3.728000000000001e-05,1.56,0.23
535,-3.72e-05,1.56,0.23
536,-3.7120000000000004e-05,1.56,0.23
537,-3.7040000000000005e-05,1.6400000000000001,0.25
538,-3.6960000000000005e-05,1.6400000000000001,0.25
539,-3.6880000000000006e-05,1.6400000000000001,0.25
540,-3.680000000000001e-05,1.6400000000000001,0.25
541,-3.672000000000001e-05,1.6400000000000001,0.27
542,-3.664000000000001e-05,1.6400000000000001,0.27
543,-3.656e-05,1.72,0.29
544,-3.648e-05,1.72,0.29
545,-3.6400000000000004e-05,1.72,0.29
546,-3.6320000000000005e-05,1.8,0.31
547,-3.6240000000000005e-05,1.8,0.31
548,-3.6160000000000006e-05,1.8,0.31
549,-3.608000000000001e-05,1.8,0.33
550,-3.600000000000001e-05,1.8,0.33
551,-3.592000000000001e-05,1.8800000000000001,0.35000000000000003
552,-3.584e-05,1.8800000000000001,0.33
553,-3.576e-05,1.8800000000000001,0.35000000000000003
554,-3.5680000000000004e-05,1.8800000000000001,0.35000000000000003
555,-3.5600000000000005e-05,1.8800000000000001,0.35000000000000003
556,-3.5520000000000006e-05,1.96,0.37
557,-3.5440000000000006e-05,1.96,0.37
558,-3.536000000000001e-05,1.96,0.39
559,-3.528000000000001e-05,1.96,0.39
560,-3.520000000000001e-05,2.04,0.41000000000000003
561,-3.512e-05,1.96,0.41000000000000003
562,-3.504e-05,2.04,0.41000000000000003
563,-3.4960000000000004e-05,2.04,0.41000000000000003
564,-3.4880000000000005e-05,2.04,0.43
565,-3.4800000000000006e-05,2.12,0.43
566,-3.4720000000000006e-05,2.12,0.45
567,-3.464000000000001e-05,2.12,0.47000000000000003
568,-3.456000000000001e-05,2.12,0.47000000000000003
569,-3.448000000000001e-05,2.12,0.47000000000000003
570,-3.44e-05,2.2,0.47000000000000003
571,-3.4320000000000003e-05,2.2,0.49
572,-3.4240000000000004e-05,2.2,0.49
573,-3.4160000000000005e-05,2.2,0.51
574,-3.4080000000000006e-05,2.2800000000000002,0.51
575,-3.4000000000000007e-05,2.2,0.51
576,-3.392000000000001e-05,2.2800000000000002,0.51
577,-3.384000000000001e-05,2.2800000000000002,0.53
578,-3.376000000000001e-05,2.36,0.53
579,-3.368e-05,2.36,0.55
580,-3.3600000000000004e-05,2.36,0.55
581,-3.3520000000000004e-05,2.36,0.5700000000000001
582,-3.3440000000000005e-05,2.44,0.5700000000000001
583,-3.3360000000000006e-05,2.44,0.5700000000000001
584,-3.328000000000001e-05,2.44,0.59
585,-3.320000000000001e-05,2.44,0.59
586,-3.312000000000001e-05,2.44,0.59
587,-3.304000000000001e-05,0.84,0.61
588,-3.296e-05,-2.44,0.55
589,-3.2880000000000004e-05,-2.36,0.53
590,-3.2800000000000004e-05,-2.36,0.51
591,-3.2720000000000005e-05,-2.44,0.49
592,-3.2640000000000006e-05,-2.44,0.47000000000000003
593,-3.256000000000001e-05,-2.36,0.45
594,-3.248000000000001e-05,-2.36,0.43
595,-3.240000000000001e-05,-2.36,0.41000000000000003
596,-3.232e-05,-2.2800000000000002,0.39
597,-3.224e-05,-2.2800000000000002,0.37
598,-3.2160000000000004e-05,-2.2800000000000002,0.35000000000000003
599,-3.2080000000000005e-05,-2.2800000000000002,0.33
600,-3.2000000000000005e-05,-2.2,0.31
601,-3.1920000000000006e-05,-2.2,0.31
602,-3.184000000000001e-05,-2.2,0.29
603,-3.176000000000001e-05,-2.2,0.27
604,-3.168000000000001e-05,-2.12,0.25
605,-3.16e-05,-2.12,0.25
606,-3.152e-05,-2.12,0.21
607,-3.1440000000000004e-05,-2.12,0.19
608,-3.1360000000000005e-05,-2.04,0.19
609,-3.1280000000000005e-05,-2.04,0.17
610,-3.1200000000000006e-05,-2.04,0.17
611,-3.112000000000001e-05,-2.04,0.15
612,-3.104000000000001e-05,-2.04,0.13
613,-3.096000000000001e-05,-1.96,0.13
614,-3.088e-05,-1.96,0.11
615,-3.08e-05,-1.8800000000000001,0.11
616,-3.0720000000000004e-05,-1.96,0.09
617,-3.0640000000000005e-05,-1.8800000000000001,0.09
618,-3.0560000000000006e-05,-1.8,0.05
619,-3.0480000000000006e-05,-1.8800000000000001,0.05
620,-3.0400000000000007e-05,-1.8800000000000001,0.03
621,-3.0320000000000008e-05,-1.8,0.03
622,-3.024000000000001e-05,-1.8,0.01
623,-3.0160000000000003e-05,-1.8,0.01
624,-3.0080000000000003e-05,-1.8,-0.01
625,-3.0000000000000004e-05,-1.8,-0.03
626,-2.9920000000000005e-05,-1.72,-0.03
627,-2.9840000000000006e-05,-1.72,-0.03
628,-2.9760000000000006e-05,-1.72,-0.05
629,-2.9680000000000007e-05,-1.72,-0.05
630,-2.9600000000000008e-05,-1.6400000000000001,-0.07
631,-2.952000000000001e-05,-1.6400000000000001,-0.07
632,-2.9440000000000003e-05,-1.6400000000000001,-0.07
633,-2.9360000000000003e-05,-1.6400000000000001,-0.09
634,-2.9280000000000004e-05,-1.56,-0.09
635,-2.9200000000000005e-05,-1.56,-0.11
636,-2.9120000000000006e-05,-1.56,-0.11
637,-2.9040000000000007e-05,-1.56,-0.11
638,-2.8960000000000007e-05,-1.56,-0.13
639,-2.8880000000000008e-05,-1.56,-0.13
640,-2.880000000000001e-05,-1.48,-0.15
641,-2.8720000000000003e-05,-1.48,-0.17
642,-2.8640000000000004e-05,-1.48,-0.15
643,-2.8560000000000004e-05,-1.48,-0.17
644,-2.8480000000000005e-05,-1.4000000000000001,-0.17
645,-2.8400000000000006e-05,-1.4000000000000001,-0.17
646,-2.8320000000000007e-05,-1.4000000000000001,-0.17
647,-2.8240000000000007e-05,-1.4000000000000001,-0.19
648,-2.8160000000000008e-05,-1.32,-0.19
649,-2.8080000000000002e-05,-1.4000000000000001,-0.19
650,-2.8000000000000003e-05,-1.32,-0.21
651,-2.7920000000000004e-05,-1.32,-0.21
652,-2.7840000000000005e-05,-1.32,-0.21
653,-2.7760000000000005e-05,-1.32,-0.23
654,-2.7680000000000006e-05,-1.32,-0.23
655,-2.7600000000000007e-05,-1.24,-0.23
656,-2.7520000000000008e-05,-1.24,-0.23
657,-2.744000000000001e-05,-1.24,-0.23
658,-2.7360000000000002e-05,-1.24,-0.25
659,-2.7280000000000003e-05,-1.16,-0.25
660,-2.7200000000000004e-05,-1.16,-0.25
661,-2.7120000000000005e-05,-1.16,-0.25
662,-2.7040000000000005e-05,-1.16,-0.25
663,-2.6960000000000006e-05,-1.08,-0.25
664,-2.6880000000000007e-05,-1.08,-0.25
665,-2.6800000000000008e-05,-1.0,-0.27
666,-2.672000000000001e-05,-1.08,-0.27
667,-2.6640000000000002e-05,-1.08,-0.27
668,-2.6560000000000003e-05,-1.0,-0.27
669,-2.6480000000000004e-05,-1.0,-0.27
670,-2.6400000000000005e-05,-1.0,-0.27
671,-2.6320000000000006e-05,-0.92,-0.27
672,-2.6240000000000006e-05,-0.92,-0.27
673,-2.6160000000000007e-05,-0.92,-0.29
674,-2.6080000000000008e-05,-0.92,-0.29
675,-2.600000000000001e-05,-0.92,-0.29
676,-2.5920000000000003e-05,-0.84,-0.29
677,-2.5840000000000003e-05,-0.84,-0.29
678,-2.5760000000000004e-05,-0.84,-0.29
679,-2.5680000000000005e-05,-0.84,-0.29
680,-2.5600000000000006e-05,-0.76,-0.29
681,-2.5520000000000006e-05,-0.76,-0.29
682,-2.5440000000000007e-05,-0.76,-0.29
683,-2.5360000000000008e-05,-0.76,-0.29
684,-2.528000000000001e-05,-0.76,-0.29
685,-2.5200000000000003e-05,-0.76,-0.29
686,-2.5120000000000003e-05,-0.68,-0.29
687,-2.5040000000000004e-05,-0.68,-0.29
688,-2.4960000000000005e-05,-0.68,-0.29
689,-2.4880000000000006e-05,-0.68,-0.29
690,-2.4800000000000007e-05,-0.6,-0.29
691,-2.4720000000000007e-05,-0.6,-0.29
692,-2.4640000000000008e-05,-0.6,-0.29
693,-2.4560000000000002e-05,-0.6,-0.29
694,-2.4480000000000003e-05,-0.6,-0.29
695,-2.4400000000000004e-05,-0.6,-0.29
696,-2.4320000000000004e-05,-0.52,-0.29
697,-2.4240000000000005e-05,-0.44,-0.29
698,-2.4160000000000006e-05,-0.44,-0.29
699,-2.4080000000000007e-05,-0.44,-0.27
700,-2.4000000000000007e-05,-0.44,-0.29
701,-2.3920000000000008e-05,-0.44,-0.29
702,-2.3840000000000002e-05,-0.44,-0.29
703,-2.3760000000000003e-05,-0.36,-0.29
704,-2.3680000000000004e-05,-0.28,-0.27
705,-2.3600000000000004e-05,-0.36,-0.29
706,-2.3520000000000005e-05,-0.36,-0.27
707,-2.3440000000000006e-05,-0.28,-0.27
708,-2.3360000000000007e-05,-0.28,-0.27
709,-2.3280000000000008e-05,-0.28,-0.27
710,-2.3200000000000008e-05,-0.28,-0.27
711,-2.3120000000000002e-05,-0.28,-0.27
712,-2.3040000000000003e-05,-0.28,-0.27
713,-2.2960000000000004e-05,-0.2,-0.27
714,-2.2880000000000005e-05,-0.12,-0.27
715,-2.2800000000000005e-05,-0.2,-0.27
716,-2.2720000000000006e-05,-0.12,-0.25
717,-2.2640000000000007e-05,-0.12,-0.25
718,-2.2560000000000008e-05,-0.12,-0.25
719,-2.248000000000001e-05,-0.12,-0.25
720,-2.2400000000000002e-05,-0.12,-0.25
721,-2.2320000000000003e-05,-0.04,-0.25
722,-2.2240000000000004e-05,-0.04,-0.23
723,-2.2160000000000005e-05,-0.04,-0.23
724,-2.2080000000000005e-05,-0.04,-0.23
725,-2.2000000000000006e-05,-0.04,-0.23
726,-2.1920000000000007e-05,0.04,-0.23
727,-2.1840000000000008e-05,0.04,-0.23
728,-2.176000000000001e-05,0.04,-0.21
729,-2.1680000000000002e-05,0.12,-0.21
730,-2.1600000000000003e-05,0.12,-0.21
731,-2.1520000000000004e-05,0.2,-0.21
732,-2.1440000000000005e-05,0.2,-0.21
733,-2.1360000000000006e-05,0.2,-0.21
734,-2.1280000000000006e-05,0.2,-0.19
735,-2.1200000000000007e-05,0.2,-0.19
736,-2.1120000000000008e-05,0.28,-0.19
737,-2.104000000000001e-05,0.2,-0.19
738,-2.0960000000000003e-05,0.28,-0.19
739,-2.0880000000000003e-05,0.28,-0.17
740,-2.0800000000000004e-05,0.28,-0.17
741,-2.0720000000000005e-05,0.28,-0.17
742,-2.0640000000000006e-05,0.28,-0.17
743,-2.0560000000000006e-05,0.36,-0.17
744,-2.0480000000000007e-05,0.36,-0.17
745,-2.0400000000000008e-05,0.36,-0.15
746,-2.0320000000000002e-05,0.36,-0.15
747,-2.0240000000000003e-05,0.44,-0.13
748,-2.0160000000000003e-05,0.44,-0.13
749,-2.0080000000000004e-05,0.44,-0.15
750,-2.0000000000000005e-05,0.44,-0.13
751,-1.9920000000000006e-05,0.44,-0.13
752,-1.9840000000000007e-05,0.52,-0.11
753,-1.9760000000000007e-05,0.52,-0.11
754,-1.9680000000000008e-05,0.52,-0.11
755,-1.9600000000000002e-05,0.52,-0.11
756,-1.9520000000000003e-05,0.52,-0.11
757,-1.9440000000000004e-05,0.6,-0.11
758,-1.9360000000000004e-05,0.6,-0.09
759,-1.9280000000000005e-05,0.6,-0.09
760,-1.9200000000000006e-05,0.6,-0.09
761,-1.9120000000000007e-05,0.68,-0.07
762,-1.9040000000000007e-05,0.68,-0.07
763,-1.8960000000000008e-05,0.68,-0.07
764,-1.888000000000001e-05,0.68,-0.07
765,-1.880000000000001e-05,0.68,-0.07
766,-1.872000000000001e-05,0.76,-0.05
767,-1.864000000000001e-05,0.76,-0.05
768,-1.856e-05,0.76,-0.03
769,-1.848e-05,0.76,-0.05
770,-1.84e-05,0.76,-0.03
771,-1.832e-05,0.84,-0.03
772,-1.824e-05,0.84,-0.01
773,-1.8160000000000002e-05,0.84,-0.01
774,-1.8080000000000003e-05,0.92,-0.01
775,-1.8000000000000004e-05,0.84,-0.01
776,-1.7920000000000005e-05,0.92,0.01
777,-1.7840000000000005e-05,1.0,0.01
778,-1.7760000000000006e-05,0.92,0.01
779,-1.7680000000000007e-05,1.0,0.03
780,-1.7600000000000008e-05,1.0,0.03
781,-1.752000000000001e-05,1.0,0.03
782,-1.744000000000001e-05,1.0,0.03
783,-1.736000000000001e-05,1.08,0.05
784,-1.728000000000001e-05,1.0,0.05
785,-1.720000000000001e-05,1.08,0.05
786,-1.712e-05,1.08,0.07
787,-1.704e-05,1.08,0.07
788,-1.696e-05,1.08,0.09
789,-1.688e-05,1.16,0.09
790,-1.6800000000000002e-05,1.16,0.09
791,-1.6720000000000003e-05,1.16,0.09
792,-1.6640000000000003e-05,1.16,0.11
793,-1.6560000000000004e-05,1.24,0.11
794,-1.6480000000000005e-05,1.24,0.13
795,-1.6400000000000006e-05,1.24,0.11
796,-1.6320000000000006e-05,1.24,0.13
797,-1.6240000000000007e-05,1.32,0.13
798,-1.6160000000000008e-05,1.32,0.13
799,-1.608000000000001e-05,1.32,0.15
800,-1.600000000000001e-05,1.4000000000000001,0.15
801,-1.592000000000001e-05,1.4000000000000001,0.15
802,-1.584000000000001e-05,1.4000000000000001,0.17
803,-1.5760000000000012e-05,1.4000000000000001,0.17
804,-1.568e-05,1.4000000000000001,0.17
805,-1.56e-05,1.4000000000000001,0.19
806,-1.552e-05,1.48,0.19
807,-1.544e-05,1.48,0.19
808,-1.5360000000000002e-05,1.48,0.21
809,-1.5280000000000003e-05,1.56,0.21
810,-1.5200000000000004e-05,1.48,0.21
811,-1.5120000000000004e-05,1.56,0.23
812,-1.5040000000000005e-05,1.56,0.23
813,-1.4960000000000006e-05,1.56,0.23
814,-1.4880000000000007e-05,1.56,0.23
815,-1.4800000000000007e-05,1.56,0.25
816,-1.4720000000000008e-05,1.6400000000000001,0.25
817,-1.4640000000000009e-05,1.6400000000000001,0.27
818,-1.456000000000001e-05,1.6400000000000001,0.25
819,-1.448000000000001e-05,1.6400000000000001,0.27
820,-1.4400000000000011e-05,1.6400000000000001,0.27
821,-1.4319999999999998e-05,1.72,0.29
822,-1.424e-05,1.72,0.29
823,-1.416e-05,1.72,0.31
824,-1.408e-05,1.72,0.31
825,-1.4000000000000001e-05,1.8,0.31
826,-1.3920000000000002e-05,1.8,0.33
827,-1.3840000000000003e-05,1.8,0.33
828,-1.3760000000000004e-05,1.8,0.33
829,-1.3680000000000005e-05,1.8,0.33
830,-1.3600000000000005e-05,1.8800000000000001,0.33
831,-1.3520000000000006e-05,1.8800000000000001,0.35000000000000003
832,-1.3440000000000007e-05,1.8800000000000001,0.37
833,-1.3360000000000008e-05,1.96,0.37
834,-1.3280000000000008e-05,1.96,0.37
835,-1.3200000000000009e-05,1.96,0.39
836,-1.312000000000001e-05,1.96,0.39
837,-1.304000000000001e-05,1.96,0.39
838,-1.2960000000000011e-05,2.04,0.41000000000000003
839,-1.2879999999999999e-05,2.04,0.41000000000000003
840,-1.28e-05,2.04,0.41000000000000003
841,-1.272e-05,2.04,0.43
842,-1.2640000000000001e-05,2.12,0.43
843,-1.2560000000000002e-05,2.04,0.45
844,-1.2480000000000002e-05,2.12,0.45
845,-1.2400000000000003e-05,2.12,0.45
846,-1.2320000000000004e-05,2.12,0.47000000000000003
847,-1.2240000000000005e-05,2.2,0.47000000000000003
848,-1.2160000000000006e-05,2.2,0.47000000000000003
849,-1.2080000000000006e-05,2.2,0.49
850,-1.2000000000000007e-05,2.2,0.49
851,-1.1920000000000008e-05,2.2,0.51
852,-1.1840000000000009e-05,2.2,0.51
853,-1.176000000000001e-05,2.2800000000000002,0.51
854,-1.168000000000001e-05,2.2800000000000002,0.53
855,-1.1600000000000011e-05,2.2800000000000002,0.53
856,-1.1520000000000012e-05,2.36,0.53
857,-1.1439999999999999e-05,2.36,0.55
858,-1.136e-05,2.36,0.55
859,-1.128e-05,2.36,0.5700000000000001
860,-1.1200000000000001e-05,2.36,0.5700000000000001
861,-1.1120000000000002e-05,2.44,0.5700000000000001
862,-1.1040000000000003e-05,2.44,0.59
863,-1.0960000000000003e-05,2.44,0.59
864,-1.0880000000000004e-05,2.44,0.61
865,-1.0800000000000005e-05,-1.6400000000000001,0.61
866,-1.0720000000000006e-05,-2.52,0.55
867,-1.0640000000000007e-05,-2.44,0.51
868,-1.0560000000000007e-05,-2.36,0.51
869,-1.0480000000000008e-05,-2.36,0.49
870,-1.0400000000000009e-05,-2.36,0.45
871,-1.032000000000001e-05,-2.36,0.43
872,-1.024000000000001e-05,-2.36,0.43
873,-1.0160000000000011e-05,-2.36,0.41000000000000003
874,-1.0079999999999998e-05,-2.2,0.39
875,-9.999999999999999e-06,-2.2800000000000002,0.35000000000000003
876,-9.92e-06,-2.2800000000000002,0.35000000000000003
877,-9.84e-06,-2.2,0.33
878,-9.760000000000001e-06,-2.2,0.31
879,-9.680000000000002e-06,-2.2,0.29
880,-9.600000000000003e-06,-2.2,0.27
881,-9.520000000000004e-06,-2.12,0.25
882,-9.440000000000004e-06,-2.12,0.25
883,-9.360000000000005e-06,-2.12,0.23
884,-9.280000000000006e-06,-2.12,0.21
885,-9.200000000000007e-06,-2.04,0.19
886,-9.120000000000008e-06,-2.04,0.19
887,-9.040000000000008e-06,-2.04,0.17
888,-8.960000000000009e-06,-2.04,0.15
889,-8.88000000000001e-06,-2.04,0.15
890,-8.80000000000001e-06,-1.96,0.13
891,-8.720000000000011e-06,-1.96,0.13
892,-8.639999999999999e-06,-1.96,0.11
893,-8.56e-06,-1.96,0.09
894,-8.48e-06,-1.8800000000000001,0.07
895,-8.400000000000001e-06,-1.8800000000000001,0.07
896,-8.320000000000002e-06,-1.8,0.05
897,-8.240000000000002e-06,-1.8800000000000001,0.03
898,-8.160000000000003e-06,-1.8800000000000001,0.03
899,-8.080000000000004e-06,-1.8,0.03
900,-8.000000000000005e-06,-1.8,0.01
901,-7.920000000000005e-06,-1.8,0.01
902,-7.840000000000006e-06,-1.8,-0.01
903,-7.760000000000007e-06,-1.72,-0.03
904,-7.680000000000008e-06,-1.72,-0.03
905,-7.6000000000000085e-06,-1.72,-0.03
906,-7.520000000000009e-06,-1.72,-0.05
907,-7.44000000000001e-06,-1.6400000000000001,-0.05
908,-7.360000000000011e-06,-1.6400000000000001,-0.07
909,-7.280000000000012e-06,-1.56,-0.09
910,-7.199999999999999e-06,-1.6400000000000001,-0.09
911,-7.12e-06,-1.6400000000000001,-0.11
912,-7.04e-06,-1.6400000000000001,-0.09
913,-6.960000000000001e-06,-1.56,-0.11
914,-6.880000000000002e-06,-1.56,-0.13
915,-6.800000000000003e-06,-1.56,-0.13
916,-6.720000000000003e-06,-1.56,-0.13
917,-6.640000000000004e-06,-1.48,-0.15
918,-6.560000000000005e-06,-1.48,-0.15
919,-6.480000000000006e-06,-1.48,-0.15
920,-6.4000000000000065e-06,-1.48,-0.15
921,-6.320000000000007e-06,-1.4000000000000001,-0.17
922,-6.240000000000008e-06,-1.48,-0.17
923,-6.160000000000009e-06,-1.32,-0.17
924,-6.0800000000000096e-06,-1.4000000000000001,-0.19
925,-6.00000000000001e-06,-1.4000000000000001,-0.19
926,-5.920000000000011e-06,-1.32,-0.19
927,-5.839999999999998e-06,-1.32,-0.21
928,-5.759999999999999e-06,-1.32,-0.19
929,-5.68e-06,-1.32,-0.21
930,-5.600000000000001e-06,-1.32,-0.21
931,-5.520000000000001e-06,-1.24,-0.21
932,-5.440000000000002e-06,-1.24,-0.23
933,-5.360000000000003e-06,-1.24,-0.23
934,-5.280000000000004e-06,-1.24,-0.23
935,-5.200000000000004e-06,-1.24,-0.23
936,-5.120000000000005e-06,-1.24,-0.25
937,-5.040000000000006e-06,-1.16,-0.25
938,-4.960000000000007e-06,-1.16,-0.25
939,-4.8800000000000075e-06,-1.08,-0.25
940,-4.800000000000008e-06,-1.16,-0.27
941,-4.720000000000009e-06,-1.0,-0.25
942,-4.64000000000001e-06,-1.08,-0.27
943,-4.5600000000000106e-06,-1.08,-0.27
944,-4.480000000000011e-06,-1.0,-0.27
945,-4.3999999999999985e-06,-1.08,-0.27
946,-4.319999999999999e-06,-1.0,-0.27
947,-4.24e-06,-1.0,-0.27
948,-4.160000000000001e-06,-1.0,-0.27
949,-4.080000000000002e-06,-1.0,-0.27
950,-4.000000000000002e-06,-0.92,-0.27
951,-3.920000000000003e-06,-0.92,-0.29
952,-3.840000000000004e-06,-0.92,-0.29
953,-3.7600000000000047e-06,-0.92,-0.29
954,-3.6800000000000054e-06,-0.84,-0.29
955,-3.600000000000006e-06,-0.84,-0.29
956,-3.520000000000007e-06,-0.84,-0.29
957,-3.4400000000000077e-06,-0.84,-0.29
958,-3.3600000000000085e-06,-0.84,-0.29
959,-3.2800000000000093e-06,-0.84,-0.29
960,-3.20000000000001e-06,-0.76,-0.29
961,-3.1200000000000108e-06,-0.76,-0.29
962,-3.0400000000000116e-06,-0.76,-0.29
963,-2.9599999999999988e-06,-0.76,-0.29
964,-2.8799999999999995e-06,-0.68,-0.29
965,-2.8000000000000003e-06,-0.68,-0.29
966,-2.720000000000001e-06,-0.6,-0.29
967,-2.640000000000002e-06,-0.68,-0.29
968,-2.5600000000000026e-06,-0.6,-0.29
969,-2.4800000000000034e-06,-0.6,-0.29
970,-2.400000000000004e-06,-0.6,-0.29
971,-2.320000000000005e-06,-0.6,-0.27
972,-2.2400000000000057e-06,-0.6,-0.29
973,-2.1600000000000064e-06,-0.52,-0.29
974,-2.080000000000007e-06,-0.52,-0.29
975,-2.000000000000008e-06,-0.52,-0.29
976,-1.9200000000000087e-06,-0.52,-0.29
977,-1.8400000000000095e-06,-0.44,-0.29
978,-1.7600000000000103e-06,-0.44,-0.29
979,-1.680000000000011e-06,-0.44,-0.29
980,-1.5999999999999982e-06,-0.44,-0.29
981,-1.519999999999999e-06,-0.36,-0.29
982,-1.4399999999999998e-06,-0.36,-0.27
983,-1.3600000000000005e-06,-0.36,-0.29
984,-1.2800000000000013e-06,-0.36,-0.27
985,-1.200000000000002e-06,-0.28,-0.27
986,-1.1200000000000028e-06,-0.28,-0.27
987,-1.0400000000000036e-06,-0.28,-0.27
988,-9.600000000000044e-07,-0.28,-0.27
989,-8.800000000000051e-07,-0.28,-0.27
990,-8.000000000000059e-07,-0.2,-0.27
991,-7.200000000000067e-07,-0.2,-0.25
992,-6.400000000000074e-07,-0.2,-0.27
993,-5.600000000000082e-07,-0.2,-0.25
994,-4.80000000000009e-07,-0.12,-0.25
995,-4.000000000000097e-07,-0.12,-0.25
996,-3.200000000000105e-07,-0.04,-0.25
997,-2.4000000000001125e-07,-0.12,-0.25
998,-1.5999999999999847e-07,-0.12,-0.23
999,-7.999999999999923e-08,-0.04,-0.23
1000,0.0,-0.04,-0.23
1001,7.999999999999923e-08,-0.04,-0.23
1002,1.5999999999999847e-07,0.04,-0.23
1003,2.399999999999977e-07,0.04,-0.23
1004,3.1999999999999694e-07,0.04,-0.23
1005,3.9999999999999617e-07,0.04,-0.21
1006,4.799999999999954e-07,0.04,-0.21
1007,5.599999999999946e-07,0.04,-0.21
1008,6.399999999999939e-07,0.12,-0.21
1009,7.199999999999931e-07,0.12,-0.21
1010,7.999999999999923e-07,0.12,-0.21
1011,8.799999999999916e-07,0.2,-0.19
1012,9.599999999999908e-07,0.12,-0.19
1013,1.03999999999999e-06,0.2,-0.19
1014,1.1199999999999893e-06,0.28,-0.19
1015,1.1999999999999885e-06,0.2,-0.19
1016,1.2800000000000013e-06,0.28,-0.17
1017,1.3600000000000005e-06,0.28,-0.17
1018,1.4399999999999998e-06,0.28,-0.17
1019,1.519999999999999e-06,0.28,-0.17
1020,1.5999999999999982e-06,0.28,-0.15
1021,1.6799999999999975e-06,0.28,-0.15
1022,1.7599999999999967e-06,0.36,-0.15
1023,1.839999999999996e-06,0.36,-0.15
1024,1.919999999999995e-06,0.36,-0.15
1025,1.9999999999999944e-06,0.36,-0.15
1026,2.0799999999999936e-06,0.44,-0.15
1027,2.159999999999993e-06,0.44,-0.15
1028,2.239999999999992e-06,0.44,-0.13
1029,2.3199999999999913e-06,0.52,-0.13
1030,2.3999999999999906e-06,0.52,-0.13
1031,2.47999999999999e-06,0.52,-0.11
1032,2.559999999999989e-06,0.52,-0.11
1033,2.640000000000002e-06,0.52,-0.11
1034,2.720000000000001e-06,0.6,-0.11
1035,2.8000000000000003e-06,0.6,-0.09
1036,2.8799999999999995e-06,0.6,-0.09
1037,2.9599999999999988e-06,0.6,-0.09
1038,3.039999999999998e-06,0.6,-0.07
1039,3.1199999999999972e-06,0.6,-0.09
1040,3.1999999999999965e-06,0.68,-0.07
1041,3.2799999999999957e-06,0.68,-0.07
1042,3.359999999999995e-06,0.68,-0.07
1043,3.439999999999994e-06,0.76,-0.05
1044,3.5199999999999934e-06,0.76,-0.05
1045,3.5999999999999926e-06,0.76,-0.05
1046,3.679999999999992e-06,0.76,-0.03
1047,3.759999999999991e-06,0.76,-0.03
1048,3.83999999999999e-06,0.84,-0.03
1049,3.9199999999999896e-06,0.84,-0.03
1050,3.999999999999989e-06,0.84,-0.01
1051,4.080000000000002e-06,0.84,-0.01
1052,4.160000000000001e-06,0.92,0.01
1053,4.24e-06,0.92,-0.01
1054,4.319999999999999e-06,0.92,0.01
1055,4.3999999999999985e-06,0.92,0.01
1056,4.479999999999998e-06,0.92,0.01
1057,4.559999999999997e-06,1.0,0.03
1058,4.639999999999996e-06,1.0,0.03
1059,4.7199999999999955e-06,1.0,0.03
1060,4.799999999999995e-06,1.0,0.03
1061,4.879999999999994e-06,1.08,0.05
1062,4.959999999999993e-06,1.08,0.05
1063,5.039999999999992e-06,1.08,0.05
1064,5.119999999999992e-06,1.08,0.05
1065,5.199999999999991e-06,1.08,0.07
1066,5.27999999999999e-06,1.08,0.07
1067,5.359999999999989e-06,1.16,0.09
1068,5.4399999999999886e-06,1.16,0.09
1069,5.520000000000001e-06,1.16,0.11
1070,5.600000000000001e-06,1.16,0.11
1071,5.68e-06,1.24,0.11
1072,5.759999999999999e-06,1.24,0.11
1073,5.839999999999998e-06,1.32,0.13
1074,5.9199999999999975e-06,1.24,0.13
1075,5.999999999999997e-06,1.24,0.13
1076,6.079999999999996e-06,1.32,0.15
1077,6.159999999999995e-06,1.32,0.15
1078,6.2399999999999945e-06,1.32,0.15
1079,6.319999999999994e-06,1.32,0.15
1080,6.399999999999993e-06,1.4000000000000001,0.17
1081,6.479999999999992e-06,1.4000000000000001,0.17
1082,6.559999999999991e-06,1.4000000000000001,0.19
1083,6.639999999999991e-06,1.4000000000000001,0.17
1084,6.71999999999999e-06,1.4000000000000001,0.21
1085,6.799999999999989e-06,1.48,0.19
1086,6.880000000000002e-06,1.48,0.21
1087,6.960000000000001e-06,1.48,0.21
1088,7.04e-06,1.56,0.21
1089,7.12e-06,1.56,0.23
1090,7.199999999999999e-06,1.56,0.23
1091,7.279999999999998e-06,1.56,0.23
1092,7.359999999999997e-06,1.6400000000000001,0.25
1093,7.4399999999999965e-06,1.56,0.25
1094,7.519999999999996e-06,1.6400000000000001,0.25
1095,7.599999999999995e-06,1.6400000000000001,0.27
1096,7.679999999999994e-06,1.6400000000000001,0.27
1097,7.759999999999993e-06,1.72,0.27
1098,7.839999999999993e-06,1.72,0.29
1099,7.919999999999992e-06,1.72,0.29
1100,7.999999999999991e-06,1.72,0.29
1101,8.07999999999999e-06,1.8,0.29
1102,8.15999999999999e-06,1.8,0.31
1103,8.239999999999989e-06,1.8,0.31
1104,8.320000000000002e-06,1.8,0.33
1105,8.400000000000001e-06,1.8,0.33
1106,8.48e-06,1.8800000000000001,0.33
1107,8.56e-06,1.8800000000000001,0.35000000000000003
1108,8.639999999999999e-06,1.8800000000000001,0.35000000000000003
1109,8.719999999999998e-06,1.8800000000000001,0.37
1110,8.799999999999997e-06,1.8800000000000001,0.37
1111,8.879999999999996e-06,1.8800000000000001,0.37
1112,8.959999999999996e-06,1.96,0.37
1113,9.039999999999995e-06,1.96,0.39
1114,9.119999999999994e-06,1.96,0.39
1115,9.199999999999993e-06,1.96,0.39
1116,9.279999999999992e-06,1.96,0.41000000000000003
1117,9.359999999999992e-06,2.04,0.41000000000000003
1118,9.439999999999991e-06,2.04,0.43
1119,9.51999999999999e-06,2.04,0.43
1120,9.59999999999999e-06,2.04,0.43
1121,9.679999999999989e-06,2.12,0.43
1122,9.760000000000001e-06,2.12,0.45
1123,9.84e-06,2.12,0.47000000000000003
1124,9.92e-06,2.12,0.47000000000000003
1125,9.999999999999999e-06,2.2,0.47000000000000003
1126,1.0079999999999998e-05,2.2,0.47000000000000003
1127,1.0159999999999998e-05,2.2800000000000002,0.49
1128,1.0239999999999997e-05,2.2800000000000002,0.49
1129,1.0319999999999996e-05,2.2,0.51
1130,1.0399999999999995e-05,2.2800000000000002,0.51
1131,1.0479999999999995e-05,2.2800000000000002,0.51
1132,1.0559999999999994e-05,2.2800000000000002,0.53
1133,1.0639999999999993e-05,2.36,0.53
1134,1.0719999999999992e-05,2.36,0.55
1135,1.0799999999999991e-05,2.36,0.55
1136,1.087999999999999e-05,2.44,0.55
1137,1.095999999999999e-05,2.36,0.5700000000000001
1138,1.103999999999999e-05,2.36,0.5700000000000001
1139,1.1120000000000002e-05,2.36,0.59
1140,1.1200000000000001e-05,2.44,0.59
1141,1.128e-05,2.44,0.59
1142,1.136e-05,2.44,0.59
1143,1.1439999999999999e-05,-2.2,0.53
1144,1.1519999999999998e-05,-2.44,0.53
1145,1.1599999999999997e-05,-2.36,0.53
1146,1.1679999999999997e-05,-2.44,0.49
1147,1.1759999999999996e-05,-2.44,0.47000000000000003
1148,1.1839999999999995e-05,-2.36,0.47000000000000003
1149,1.1919999999999994e-05,-2.36,0.43
1150,1.1999999999999994e-05,-2.36,0.41000000000000003
1151,1.2079999999999993e-05,-2.36,0.41000000000000003
1152,1.2159999999999992e-05,-2.2800000000000002,0.39
1153,1.2239999999999991e-05,-2.2,0.35000000000000003
1154,1.231999999999999e-05,-2.2800000000000002,0.35000000000000003
1155,1.239999999999999e-05,-2.2,0.33
1156,1.2479999999999989e-05,-2.2,0.31
1157,1.2560000000000002e-05,-2.2,0.29
1158,1.2640000000000001e-05,-2.2,0.27
1159,1.272e-05,-2.2,0.27
1160,1.28e-05,-2.12,0.25
1161,1.2879999999999999e-05,-2.12,0.23
1162,1.2959999999999998e-05,-2.12,0.21
1163,1.3039999999999997e-05,-2.04,0.21
1164,1.3119999999999996e-05,-2.04,0.19
1165,1.3199999999999996e-05,-2.04,0.17
1166,1.3279999999999995e-05,-2.04,0.15
1167,1.3359999999999994e-05,-2.04,0.13
1168,1.3439999999999993e-05,-2.04,0.13
1169,1.3519999999999993e-05,-1.96,0.11
1170,1.3599999999999992e-05,-1.96,0.09
1171,1.3679999999999991e-05,-1.8800000000000001,0.09
1172,1.375999999999999e-05,-1.96,0.07
1173,1.383999999999999e-05,-1.8800000000000001,0.07
1174,1.3919999999999989e-05,-1.8800000000000001,0.05
1175,1.4000000000000001e-05,-1.8800000000000001,0.05
1176,1.408e-05,-1.8800000000000001,0.03
1177,1.416e-05,-1.8800000000000001,0.03
1178,1.424e-05,-1.8,0.01
1179,1.4319999999999998e-05,-1.8,-0.01
1180,1.4399999999999998e-05,-1.8,-0.01
1181,1.4479999999999997e-05,-1.72,-0.03
1182,1.4559999999999996e-05,-1.72,-0.03
1183,1.4639999999999995e-05,-1.72,-0.05
1184,1.4719999999999995e-05,-1.6400000000000001,-0.05
1185,1.4799999999999994e-05,-1.72,-0.07
1186,1.4879999999999993e-05,-1.72,-0.07
1187,1.4959999999999992e-05,-1.6400000000000001,-0.09
1188,1.5039999999999992e-05,-1.56,-0.09
1189,1.511999999999999e-05,-1.6400000000000001,-0.11
1190,1.519999999999999e-05,-1.6400000000000001,-0.11
1191,1.527999999999999e-05,-1.56,-0.11
1192,1.5360000000000002e-05,-1.56,-0.13
1193,1.544e-05,-1.56,-0.13
1194,1.552e-05,-1.48,-0.15
1195,1.56e-05,-1.48,-0.13
1196,1.568e-05,-1.48,-0.15
1197,1.5759999999999998e-05,-1.48,-0.17
1198,1.5839999999999997e-05,-1.4000000000000001,-0.17
1199,1.5919999999999997e-05,-1.4000000000000001,-0.17
1200,1.5999999999999996e-05,-1.4000000000000001,-0.17
1201,1.6079999999999995e-05,-1.32,-0.19
1202,1.6159999999999994e-05,-1.4000000000000001,-0.19
1203,1.6239999999999994e-05,-1.4000000000000001,-0.19
1204,1.6319999999999993e-05,-1.4000000000000001,-0.19
1205,1.6399999999999992e-05,-1.32,-0.21
1206,1.647999999999999e-05,-1.32,-0.21
1207,1.655999999999999e-05,-1.32,-0.21
1208,1.663999999999999e-05,-1.32,-0.23
1209,1.671999999999999e-05,-1.24,-0.23
1210,1.6800000000000002e-05,-1.16,-0.23
1211,1.688e-05,-1.24,-0.23
1212,1.696e-05,-1.16,-0.23
1213,1.704e-05,-1.24,-0.25
1214,1.712e-05,-1.16,-0.25
1215,1.7199999999999998e-05,-1.08,-0.25
1216,1.7279999999999997e-05,-1.08,-0.25
1217,1.7359999999999996e-05,-1.16,-0.25
1218,1.7439999999999996e-05,-1.08,-0.25
1219,1.7519999999999995e-05,-1.0,-0.27
1220,1.7599999999999994e-05,-1.08,-0.27
1221,1.7679999999999993e-05,-1.0,-0.27
1222,1.7759999999999993e-05,-1.0,-0.27
1223,1.7839999999999992e-05,-1.0,-0.27
1224,1.791999999999999e-05,-0.92,-0.27
1225,1.799999999999999e-05,-0.92,-0.27
1226,1.807999999999999e-05,-1.0,-0.29
1227,1.815999999999999e-05,-0.92,-0.27
1228,1.824e-05,-0.92,-0.29
1229,1.832e-05,-0.92,-0.29
1230,1.84e-05,-0.92,-0.29
1231,1.848e-05,-0.92,-0.29
1232,1.856e-05,-0.84,-0.29
1233,1.8639999999999998e-05,-0.84,-0.29
1234,1.8719999999999997e-05,-0.84,-0.29
1235,1.8799999999999996e-05,-0.84,-0.29
1236,1.8879999999999995e-05,-0.76,-0.29
1237,1.8959999999999995e-05,-0.76,-0.29
1238,1.9039999999999994e-05,-0.76,-0.27
1239,1.9119999999999993e-05,-0.76,-0.29
1240,1.9199999999999992e-05,-0.76,-0.29
1241,1.927999999999999e-05,-0.76,-0.29
1242,1.935999999999999e-05,-0.68,-0.29
1243,1.943999999999999e-05,-0.68,-0.29
1244,1.951999999999999e-05,-0.6,-0.29
1245,1.9600000000000002e-05,-0.6,-0.29
1246,1.968e-05,-0.6,-0.29
1247,1.976e-05,-0.52,-0.29
1248,1.984e-05,-0.52,-0.29
1249,1.992e-05,-0.6,-0.29
1250,1.9999999999999998e-05,-0.52,-0.29
1251,2.0079999999999997e-05,-0.52,-0.29
1252,2.0159999999999997e-05,-0.52,-0.29
1253,2.0239999999999996e-05,-0.44,-0.29
1254,2.0319999999999995e-05,-0.52,-0.29
1255,2.0399999999999994e-05,-0.44,-0.27
1256,2.0479999999999994e-05,-0.44,-0.27
1257,2.0559999999999993e-05,-0.44,-0.27
1258,2.0639999999999992e-05,-0.44,-0.27
1259,2.071999999999999e-05,-0.36,-0.29
1260,2.079999999999999e-05,-0.28,-0.29
1261,2.087999999999999e-05,-0.36,-0.27
1262,2.095999999999999e-05,-0.28,-0.29
1263,2.1040000000000002e-05,-0.28,-0.27
1264,2.112e-05,-0.28,-0.27
1265,2.12e-05,-0.28,-0.27
1266,2.128e-05,-0.2,-0.27
1267,2.136e-05,-0.2,-0.27
1268,2.1439999999999998e-05,-0.2,-0.27
1269,2.1519999999999997e-05,-0.2,-0.25
1270,2.1599999999999996e-05,-0.2,-0.25
1271,2.1679999999999996e-05,-0.12,-0.25
1272,2.1759999999999995e-05,-0.2,-0.25
1273,2.1839999999999994e-05,-0.12,-0.25
1274,2.1919999999999993e-05,-0.12,-0.25
1275,2.1999999999999993e-05,-0.12,-0.25
1276,2.2079999999999992e-05,-0.04,-0.25
1277,2.215999999999999e-05,-0.04,-0.23
1278,2.223999999999999e-05,-0.04,-0.23
1279,2.231999999999999e-05,0.04,-0.23
1280,2.239999999999999e-05,-0.04,-0.23
1281,2.248e-05,0.04,-0.23
1282,2.256e-05,0.04,-0.23
1283,2.264e-05,0.04,-0.23
1284,2.272e-05,0.04,-0.21
1285,2.28e-05,0.12,-0.21
1286,2.2879999999999998e-05,0.12,-0.21
1287,2.2959999999999997e-05,0.12,-0.21
1288,2.3039999999999996e-05,0.12,-0.21
1289,2.3119999999999995e-05,0.2,-0.21
1290,2.3199999999999995e-05,0.2,-0.19
1291,2.3279999999999994e-05,0.2,-0.19
1292,2.3359999999999993e-05,0.2,-0.19
1293,2.3439999999999992e-05,0.28,-0.19
1294,2.351999999999999e-05,0.28,-0.17
1295,2.359999999999999e-05,0.28,-0.17
1296,2.367999999999999e-05,0.28,-0.17
1297,2.375999999999999e-05,0.28,-0.17
1298,2.3840000000000002e-05,0.28,-0.17
1299,2.392e-05,0.36,-0.17
1300,2.4e-05,0.36,-0.17
1301,2.408e-05,0.36,-0.15
1302,2.416e-05,0.36,-0.15
1303,2.424e-05,0.44,-0.15
1304,2.4319999999999998e-05,0.44,-0.15
1305,2.4399999999999997e-05,0.44,-0.15
1306,2.4479999999999996e-05,0.44,-0.13
1307,2.4559999999999995e-05,0.52,-0.13
1308,2.4639999999999994e-05,0.52,-0.11
1309,2.4719999999999994e-05,0.52,-0.13
1310,2.4799999999999993e-05,0.6,-0.11
1311,2.4879999999999992e-05,0.52,-0.11
1312,2.495999999999999e-05,0.6,-0.09
1313,2.503999999999999e-05,0.6,-0.11
1314,2.511999999999999e-05,0.6,-0.09
1315,2.519999999999999e-05,0.6,-0.09
1316,2.5280000000000002e-05,0.68,-0.07
1317,2.536e-05,0.68,-0.07
1318,2.544e-05,0.68,-0.09
1319,2.552e-05,0.68,-0.07
1320,2.56e-05,0.76,-0.07
1321,2.5679999999999998e-05,0.68,-0.05
1322,2.5759999999999997e-05,0.76,-0.05
1323,2.5839999999999997e-05,0.76,-0.05
1324,2.5919999999999996e-05,0.76,-0.03
1325,2.5999999999999995e-05,0.84,-0.03
1326,2.6079999999999994e-05,0.84,-0.03
1327,2.6159999999999993e-05,0.84,-0.03
1328,2.6239999999999993e-05,0.84,-0.01
1329,2.6319999999999992e-05,0.84,-0.01
1330,2.639999999999999e-05,0.92,-0.01
1331,2.647999999999999e-05,0.92,-0.01
1332,2.655999999999999e-05,0.92,-0.01
1333,2.6640000000000002e-05,0.92,0.01
1334,2.672e-05,0.92,0.01
1335,2.68e-05,1.0,0.03
1336,2.688e-05,1.0,0.03
1337,2.696e-05,1.0,0.03
1338,2.704e-05,1.0,0.05
1339,2.7119999999999998e-05,1.0,0.05
1340,2.7199999999999997e-05,1.08,0.05
1341,2.7279999999999996e-05,1.08,0.05
1342,2.7359999999999996e-05,1.08,0.07
1343,2.7439999999999995e-05,1.16,0.07
1344,2.7519999999999994e-05,1.08,0.07
1345,2.7599999999999993e-05,1.16,0.09
1346,2.7679999999999992e-05,1.16,0.07
1347,2.7759999999999992e-05,1.24,0.09
1348,2.783999999999999e-05,1.16,0.11
1349,2.791999999999999e-05,1.24,0.11
1350,2.799999999999999e-05,1.24,0.11
1351,2.8080000000000002e-05,1.24,0.13
1352,2.816e-05,1.24,0.13
1353,2.824e-05,1.24,0.13
1354,2.832e-05,1.32,0.13
1355,2.84e-05,1.32,0.15
1356,2.848e-05,1.32,0.15
1357,2.8559999999999998e-05,1.32,0.15
1358,2.8639999999999997e-05,1.4000000000000001,0.17
1359,2.8719999999999996e-05,1.4000000000000001,0.17
1360,2.8799999999999995e-05,1.48,0.17
1361,2.8879999999999995e-05,1.48,0.19
1362,2.8959999999999994e-05,1.48,0.19
1363,2.9039999999999993e-05,1.48,0.19
1364,2.9119999999999992e-05,1.48,0.19
1365,2.919999999999999e-05,1.48,0.21
1366,2.927999999999999e-05,1.56,0.21
1367,2.935999999999999e-05,1.56,0.21
1368,2.943999999999999e-05,1.56,0.23
1369,2.9520000000000002e-05,1.56,0.23
1370,2.96e-05,1.56,0.25
1371,2.968e-05,1.56,0.25
1372,2.976e-05,1.6400000000000001,0.25
1373,2.984e-05,1.6400000000000001,0.27
1374,2.9919999999999998e-05,1.6400000000000001,0.25
1375,2.9999999999999997e-05,1.6400000000000001,0.27
1376,3.0079999999999997e-05,1.72,0.27
1377,3.0159999999999996e-05,1.72,0.29
1378,3.0239999999999995e-05,1.72,0.29
1379,3.0319999999999994e-05,1.72,0.29
1380,3.0399999999999994e-05,1.8,0.31
1381,3.0479999999999993e-05,1.8,0.31
1382,3.055999999999999e-05,1.8,0.33
1383,3.063999999999999e-05,1.8,0.33
1384,3.071999999999999e-05,1.8,0.33
1385,3.079999999999999e-05,1.8,0.35000000000000003
1386,3.088e-05,1.8800000000000001,0.35000000000000003
1387,3.096e-05,1.8800000000000001,0.35000000000000003
1388,3.104e-05,1.8800000000000001,0.37
1389,3.112e-05,1.8800000000000001,0.37
1390,3.12e-05,1.96,0.39
1391,3.128e-05,1.96,0.39
1392,3.136e-05,1.96,0.39
1393,3.144e-05,2.04,0.39
1394,3.1519999999999996e-05,2.04,0.39
1395,3.1599999999999996e-05,2.04,0.41000000000000003
1396,3.1679999999999995e-05,2.04,0.41000000000000003
1397,3.1759999999999994e-05,2.12,0.43
1398,3.183999999999999e-05,2.12,0.45
1399,3.191999999999999e-05,2.12,0.45
1400,3.199999999999999e-05,2.12,0.47000000000000003
1401,3.207999999999999e-05,2.12,0.45
1402,3.215999999999999e-05,2.12,0.47000000000000003
1403,3.223999999999999e-05,2.12,0.47000000000000003
1404,3.232e-05,2.2,0.49
1405,3.24e-05,2.2,0.49
1406,3.248e-05,2.2,0.51
1407,3.256e-05,2.2,0.51
1408,3.264e-05,2.2800000000000002,0.51
1409,3.272e-05,2.2800000000000002,0.53
1410,3.28e-05,2.2800000000000002,0.53
1411,3.288e-05,2.36,0.53
1412,3.2959999999999996e-05,2.36,0.53
1413,3.3039999999999995e-05,2.36,0.55
1414,3.3119999999999995e-05,2.36,0.55
1415,3.3199999999999994e-05,2.36,0.5700000000000001
1416,3.327999999999999e-05,2.36,0.5700000000000001
1417,3.335999999999999e-05,2.44,0.5700000000000001
1418,3.343999999999999e-05,2.44,0.59
1419,3.351999999999999e-05,2.44,0.59
1420,3.359999999999999e-05,2.44,0.61
1421,3.367999999999999e-05,-2.6,0.49
1422,3.376e-05,-2.44,0.53
1423,3.384e-05,-2.44,0.51
1424,3.392e-05,-2.36,0.49
1425,3.4e-05,-2.36,0.47000000000000003
1426,3.408e-05,-2.36,0.45
1427,3.416e-05,-2.36,0.43
1428,3.424e-05,-2.36,0.41000000000000003
1429,3.432e-05,-2.2800000000000002,0.39
1430,3.4399999999999996e-05,-2.2800000000000002,0.39
1431,3.4479999999999995e-05,-2.2800000000000002,0.35000000000000003
1432,3.4559999999999994e-05,-2.2800000000000002,0.35000000000000003
1433,3.4639999999999994e-05,-2.2,0.31
1434,3.471999999999999e-05,-2.2,0.29
1435,3.479999999999999e-05,-2.2,0.29
1436,3.487999999999999e-05,-2.2,0.27
1437,3.495999999999999e-05,-2.12,0.25
1438,3.503999999999999e-05,-2.12,0.25
1439,3.512e-05,-2.12,0.23
1440,3.52e-05,-2.12,0.21
1441,3.528e-05,-2.04,0.21
1442,3.536e-05,-2.04,0.19
1443,3.544e-05,-2.04,0.17
1444,3.552e-05,-2.04,0.15
1445,3.56e-05,-2.04,0.15
1446,3.568e-05,-2.04,0.13
1447,3.5759999999999996e-05,-1.8800000000000001,0.11
1448,3.5839999999999996e-05,-1.96,0.09
1449,3.5919999999999995e-05,-1.96,0.09
1450,3.5999999999999994e-05,-1.96,0.07
1451,3.607999999999999e-05,-1.8800000000000001,0.05
1452,3.615999999999999e-05,-1.8800000000000001,0.05
1453,3.623999999999999e-05,-1.8800000000000001,0.03
1454,3.631999999999999e-05,-1.8800000000000001,0.03
1455,3.639999999999999e-05,-1.8,0.01
1456,3.647999999999999e-05,-1.8,0.01
1457,3.656e-05,-1.8,-0.01
1458,3.664e-05,-1.8,-0.01
1459,3.672e-05,-1.72,-0.03
1460,3.68e-05,-1.72,-0.05
1461,3.688e-05,-1.72,-0.05
1462,3.696e-05,-1.72,-0.07
1463,3.704e-05,-1.6400000000000001,-0.07
1464,3.712e-05,-1.6400000000000001,-0.07
1465,3.7199999999999996e-05,-1.56,-0.09
1466,3.7279999999999995e-05,-1.6400000000000001,-0.11
1467,3.7359999999999995e-05,-1.6400000000000001,-0.11
1468,3.7439999999999994e-05,-1.56,-0.11
1469,3.751999999999999e-05,-1.56,-0.13
1470,3.759999999999999e-05,-1.48,-0.11
1471,3.767999999999999e-05,-1.56,-0.13
1472,3.775999999999999e-05,-1.56,-0.13
1473,3.783999999999999e-05,-1.56,-0.15
1474,3.791999999999999e-05,-1.48,-0.15
1475,3.8e-05,-1.4000000000000001,-0.17
1476,3.808e-05,-1.48,-0.17
1477,3.816e-05,-1.48,-0.17
1478,3.824e-05,-1.4000000000000001,-0.19
1479,3.832e-05,-1.32,-0.19
1480,3.84e-05,-1.4000000000000001,-0.19
1481,3.848e-05,-1.4000000000000001,-0.19
1482,3.856e-05,-1.4000000000000001,-0.21
1483,3.8639999999999996e-05,-1.32,-0.21
1484,3.8719999999999995e-05,-1.32,-0.21
1485,3.8799999999999994e-05,-1.32,-0.21
1486,3.8879999999999994e-05,-1.32,-0.21
1487,3.895999999999999e-05,-1.24,-0.23
1488,3.903999999999999e-05,-1.24,-0.23
1489,3.911999999999999e-05,-1.24,-0.23
1490,3.919999999999999e-05,-1.24,-0.23
1491,3.927999999999999e-05,-1.24,-0.23
1492,3.936e-05,-1.16,-0.25
1493,3.944e-05,-1.08,-0.25
1494,3.952e-05,-1.16,-0.25
1495,3.96e-05,-1.16,-0.25
1496,3.968e-05,-1.08,-0.25
1497,3.976e-05,-1.0,-0.27
1498,3.984e-05,-1.08,-0.27
1499,3.992e-05,-1.08,-0.27
1500,3.9999999999999996e-05,-1.08,-0.27
1501,4.0079999999999996e-05,-1.0,-0.27
1502,4.0159999999999995e-05,-1.0,-0.27
1503,4.0239999999999994e-05,-1.0,-0.27
1504,4.0319999999999993e-05,-0.92,-0.27
1505,4.039999999999999e-05,-1.0,-0.27
1506,4.047999999999999e-05,-0.92,-0.27
1507,4.055999999999999e-05,-0.92,-0.29
1508,4.063999999999999e-05,-0.92,-0.29
1509,4.071999999999999e-05,-0.84,-0.29
1510,4.08e-05,-0.84,-0.29
1511,4.088e-05,-0.76,-0.29
1512,4.096e-05,-0.84,-0.29
1513,4.104e-05,-0.84,-0.29
1514,4.112e-05,-0.76,-0.29
1515,4.12e-05,-0.76,-0.29
1516,4.128e-05,-0.76,-0.29
1517,4.136e-05,-0.76,-0.29
1518,4.1439999999999996e-05,-0.68,-0.29
1519,4.1519999999999995e-05,-0.68,-0.29
1520,4.1599999999999995e-05,-0.68,-0.29
1521,4.1679999999999994e-05,-0.68,-0.29
1522,4.175999999999999e-05,-0.68,-0.29
1523,4.183999999999999e-05,-0.68,-0.29
1524,4.191999999999999e-05,-0.6,-0.29
1525,4.199999999999999e-05,-0.6,-0.29
1526,4.207999999999999e-05,-0.6,-0.29
1527,4.216e-05,-0.6,-0.29
1528,4.223999999999999e-05,-0.52,-0.29
1529,4.232e-05,-0.52,-0.29
1530,4.239999999999999e-05,-0.52,-0.29
1531,4.248e-05,-0.52,-0.29
1532,4.2559999999999986e-05,-0.44,-0.29
1533,4.264e-05,-0.44,-0.29
1534,4.2719999999999984e-05,-0.44,-0.29
1535,4.28e-05,-0.36,-0.29
1536,4.288000000000001e-05,-0.36,-0.29
1537,4.2959999999999995e-05,-0.36,-0.27
1538,4.304000000000001e-05,-0.36,-0.27
1539,4.3119999999999994e-05,-0.36,-0.27
1540,4.3200000000000007e-05,-0.28,-0.27
1541,4.327999999999999e-05,-0.28,-0.27
1542,4.3360000000000005e-05,-0.2,-0.27
1543,4.343999999999999e-05,-0.2,-0.27
1544,4.3520000000000003e-05,-0.28,-0.27
1545,4.359999999999999e-05,-0.2,-0.27
1546,4.368e-05,-0.2,-0.27
1547,4.375999999999999e-05,-0.2,-0.27
1548,4.384e-05,-0.2,-0.27
1549,4.3919999999999986e-05,-0.2,-0.25
1550,4.4e-05,-0.2,-0.25
1551,4.4079999999999985e-05,-0.12,-0.25
1552,4.416e-05,-0.12,-0.25
1553,4.423999999999998e-05,-0.04,-0.25
1554,4.4319999999999996e-05,-0.04,-0.23
1555,4.440000000000001e-05,-0.04,-0.23
1556,4.4479999999999994e-05,-0.04,-0.23
1557,4.456000000000001e-05,-0.04,-0.23
1558,4.463999999999999e-05,0.04,-0.23
1559,4.4720000000000006e-05,0.04,-0.23
1560,4.479999999999999e-05,0.04,-0.23
1561,4.4880000000000004e-05,0.04,-0.21
1562,4.495999999999999e-05,0.04,-0.21
1563,4.504e-05,0.12,-0.21
1564,4.511999999999999e-05,0.04,-0.21
1565,4.52e-05,0.12,-0.21
1566,4.5279999999999987e-05,0.12,-0.19
1567,4.536e-05,0.2,-0.19
1568,4.5439999999999985e-05,0.2,-0.19
1569,4.552e-05,0.2,-0.19
1570,4.5599999999999984e-05,0.2,-0.19
1571,4.5679999999999996e-05,0.28,-0.17
1572,4.576000000000001e-05,0.28,-0.19
1573,4.5839999999999995e-05,0.28,-0.17
1574,4.592000000000001e-05,0.28,-0.17
1575,4.599999999999999e-05,0.28,-0.17
1576,4.6080000000000006e-05,0.36,-0.15
1577,4.615999999999999e-05,0.36,-0.17
1578,4.6240000000000005e-05,0.36,-0.15
1579,4.631999999999999e-05,0.36,-0.15
1580,4.64e-05,0.44,-0.15
1581,4.647999999999999e-05,0.44,-0.15
1582,4.656e-05,0.44,-0.13
1583,4.663999999999999e-05,0.44,-0.13
1584,4.672e-05,0.44,-0.13
1585,4.6799999999999986e-05,0.44,-0.13
1586,4.688e-05,0.52,-0.11
1587,4.6959999999999984e-05,0.52,-0.11
1588,4.704e-05,0.52,-0.11
1589,4.712000000000001e-05,0.52,-0.11
1590,4.7199999999999995e-05,0.6,-0.09
1591,4.728000000000001e-05,0.6,-0.09
1592,4.7359999999999994e-05,0.6,-0.09
1593,4.7440000000000007e-05,0.6,-0.09
1594,4.751999999999999e-05,0.68,-0.09
1595,4.7600000000000005e-05,0.68,-0.07
1596,4.767999999999999e-05,0.68,-0.07
1597,4.7760000000000004e-05,0.68,-0.07
1598,4.783999999999999e-05,0.68,-0.05
1599,4.792e-05,0.76,-0.07
1600,4.799999999999999e-05,0.76,-0.05
1601,4.808e-05,0.84,-0.05
1602,4.8159999999999986e-05,0.76,-0.05
1603,4.824e-05,0.84,-0.03
1604,4.8319999999999985e-05,0.84,-0.03
1605,4.84e-05,0.84,-0.03
1606,4.847999999999998e-05,0.84,-0.01
1607,4.8559999999999996e-05,0.84,-0.01
1608,4.864000000000001e-05,0.92,-0.01
1609,4.8719999999999994e-05,0.92,-0.01
1610,4.880000000000001e-05,0.92,0.01
1611,4.887999999999999e-05,0.92,0.01
1612,4.8960000000000006e-05,1.0,0.01
1613,4.903999999999999e-05,1.0,0.03
1614,4.9120000000000004e-05,1.0,0.01
1615,4.919999999999999e-05,1.0,0.03
1616,4.928e-05,1.08,0.03
1617,4.935999999999999e-05,1.08,0.05
1618,4.944e-05,1.08,0.05
1619,4.951999999999999e-05,1.08,0.07
1620,4.96e-05,1.08,0.07
1621,4.9679999999999985e-05,1.16,0.07
1622,4.976e-05,1.08,0.09
1623,4.9839999999999984e-05,1.16,0.09
1624,4.9919999999999996e-05,1.16,0.09
1625,5.000000000000001e-05,1.24,0.09
1626,5.0079999999999995e-05,1.24,0.11
1627,5.016000000000001e-05,1.24,0.11
1628,5.023999999999999e-05,1.24,0.11
1629,5.0320000000000006e-05,1.24,0.13
1630,5.039999999999999e-05,1.32,0.13
1631,5.0480000000000005e-05,1.32,0.13
1632,5.055999999999999e-05,1.32,0.13
1633,5.064e-05,1.32,0.15
1634,5.071999999999999e-05,1.32,0.15
1635,5.08e-05,1.4000000000000001,0.15
1636,5.087999999999999e-05,1.4000000000000001,0.17
1637,5.096e-05,1.48,0.17
1638,5.1039999999999986e-05,1.4000000000000001,0.17
1639,5.112e-05,1.4000000000000001,0.19
1640,5.1199999999999984e-05,1.48,0.19
1641,5.128e-05,1.48,0.19
1642,5.136000000000001e-05,1.48,0.21
1643,5.1439999999999995e-05,1.56,0.21
1644,5.152000000000001e-05,1.48,0.21
1645,5.1599999999999994e-05,1.48,0.23
1646,5.168000000000001e-05,1.56,0.23
1647,5.175999999999999e-05,1.56,0.25
1648,5.1840000000000005e-05,1.56,0.25
1649,5.191999999999999e-05,1.6400000000000001,0.25
1650,5.2000000000000004e-05,1.6400000000000001,0.25
1651,5.207999999999999e-05,1.6400000000000001,0.27
1652,5.216e-05,1.6400000000000001,0.27
1653,5.223999999999999e-05,1.72,0.27
1654,5.232e-05,1.72,0.29
1655,5.2399999999999986e-05,1.72,0.29
1656,5.248e-05,1.72,0.31
1657,5.2559999999999985e-05,1.72,0.31
1658,5.264e-05,1.8,0.31
1659,5.271999999999998e-05,1.8,0.31
1660,5.2799999999999996e-05,1.8,0.33
1661,5.288000000000001e-05,1.8,0.33
1662,5.2959999999999994e-05,1.8800000000000001,0.35000000000000003
1663,5.304000000000001e-05,1.8800000000000001,0.35000000000000003
1664,5.311999999999999e-05,1.8800000000000001,0.35000000000000003
1665,5.3200000000000006e-05,1.8800000000000001,0.35000000000000003
1666,5.327999999999999e-05,1.96,0.37
1667,5.3360000000000004e-05,1.96,0.39
1668,5.343999999999999e-05,1.96,0.39
1669,5.352e-05,1.96,0.39
1670,5.359999999999999e-05,2.04,0.41000000000000003
1671,5.368e-05,1.96,0.41000000000000003
1672,5.375999999999999e-05,1.96,0.41000000000000003
1673,5.384e-05,2.04,0.41000000000000003
1674,5.3919999999999985e-05,2.04,0.43
1675,5.4e-05,2.12,0.43
1676,5.4079999999999984e-05,2.12,0.43
1677,5.4159999999999996e-05,2.12,0.45
1678,5.424000000000001e-05,2.12,0.45
1679,5.4319999999999995e-05,2.2,0.47000000000000003
1680,5.440000000000001e-05,2.2,0.47000000000000003
1681,5.447999999999999e-05,2.12,0.49
1682,5.4560000000000006e-05,2.2,0.49
1683,5.463999999999999e-05,2.2,0.49
1684,5.4720000000000005e-05,2.2,0.49
1685,5.479999999999999e-05,2.2,0.49
1686,5.488e-05,2.2800000000000002,0.53
1687,5.495999999999999e-05,2.2800000000000002,0.53
1688,5.504e-05,2.36,0.53
1689,5.511999999999999e-05,2.2800000000000002,0.53
1690,5.52e-05,2.36,0.53
1691,5.5279999999999986e-05,2.36,0.55
1692,5.536e-05,2.36,0.55
1693,5.5439999999999984e-05,2.36,0.5700000000000001
1694,5.552e-05,2.44,0.5700000000000001
1695,5.560000000000001e-05,2.44,0.59
1696,5.5679999999999995e-05,2.52,0.59
1697,5.576000000000001e-05,2.52,0.61
1698,5.5839999999999994e-05,2.52,0.61
1699,5.592000000000001e-05,-2.36,0.55
1700,5.599999999999999e-05,-2.44,0.53
1701,5.6080000000000005e-05,-2.44,0.51
1702,5.615999999999999e-05,-2.36,0.49
1703,5.6240000000000004e-05,-2.36,0.47000000000000003
1704,5.631999999999999e-05,-2.36,0.45
1705,5.64e-05,-2.36,0.43
1706,5.647999999999999e-05,-2.2800000000000002,0.41000000000000003
1707,5.656e-05,-2.2800000000000002,0.39
1708,5.6639999999999986e-05,-2.2800000000000002,0.37
1709,5.672e-05,-2.2800000000000002,0.35000000000000003
1710,5.6799999999999985e-05,-2.2,0.33
1711,5.688e-05,-2.2,0.33
1712,5.695999999999998e-05,-2.2,0.29
1713,5.7039999999999996e-05,-2.2,0.27
1714,5.712000000000001e-05,-2.12,0.27
1715,5.7199999999999994e-05,-2.12,0.25
1716,5.728000000000001e-05,-2.12,0.23
1717,5.735999999999999e-05,-2.12,0.21
1718,5.7440000000000006e-05,-2.04,0.21
1719,5.751999999999999e-05,-2.04,0.19
1720,5.7600000000000004e-05,-2.04,0.17
1721,5.767999999999999e-05,-2.04,0.17
1722,5.776e-05,-2.04,0.15
1723,5.783999999999999e-05,-2.04,0.13
1724,5.792e-05,-1.96,0.13
1725,5.799999999999999e-05,-1.8800000000000001,0.11
1726,5.808e-05,-1.96,0.11
1727,5.8159999999999985e-05,-1.8800000000000001,0.07
1728,5.824e-05,-1.8800000000000001,0.07
1729,5.8319999999999984e-05,-1.8800000000000001,0.05
1730,5.8399999999999997e-05,-1.8800000000000001,0.05
1731,5.848000000000001e-05,-1.8,0.03
1732,5.8559999999999995e-05,-1.8800000000000001,0.01
1733,5.864000000000001e-05,-1.8,0.03
1734,5.8719999999999993e-05,-1.8,0.01
1735,5.8800000000000006e-05,-1.8,0.01
1736,5.887999999999999e-05,-1.72,-0.01
1737,5.8960000000000005e-05,-1.72,-0.03
1738,5.903999999999999e-05,-1.6400000000000001,-0.03
1739,5.912e-05,-1.72,-0.05
1740,5.919999999999999e-05,-1.6400000000000001,-0.05
1741,5.928e-05,-1.6400000000000001,-0.05
1742,5.935999999999999e-05,-1.6400000000000001,-0.07
1743,5.944e-05,-1.6400000000000001,-0.07
1744,5.9519999999999986e-05,-1.56,-0.09
1745,5.96e-05,-1.6400000000000001,-0.11
1746,5.9679999999999984e-05,-1.56,-0.11
1747,5.976e-05,-1.56,-0.13
1748,5.984000000000001e-05,-1.48,-0.13
1749,5.9919999999999996e-05,-1.56,-0.13
1750,6.000000000000001e-05,-1.48,-0.13
1751,6.0079999999999994e-05,-1.48,-0.15
1752,6.016000000000001e-05,-1.48,-0.15
1753,6.023999999999999e-05,-1.48,-0.15
1754,6.0320000000000005e-05,-1.48,-0.17
1755,6.039999999999999e-05,-1.4000000000000001,-0.17
1756,6.0480000000000004e-05,-1.32,-0.17
1757,6.055999999999999e-05,-1.4000000000000001,-0.19
1758,6.064e-05,-1.4000000000000001,-0.19
1759,6.071999999999999e-05,-1.4000000000000001,-0.19
1760,6.08e-05,-1.32,-0.19
1761,6.0879999999999986e-05,-1.32,-0.21
1762,6.096e-05,-1.32,-0.21
1763,6.103999999999998e-05,-1.24,-0.21
1764,6.112e-05,-1.24,-0.21
1765,6.119999999999998e-05,-1.24,-0.23
1766,6.128e-05,-1.16,-0.23
1767,6.136000000000001e-05,-1.16,-0.23
1768,6.144e-05,-1.24,-0.23
1769,6.152000000000001e-05,-1.16,-0.25
1770,6.159999999999999e-05,-1.08,-0.25
1771,6.168e-05,-1.08,-0.25
1772,6.175999999999999e-05,-1.16,-0.27
1773,6.184e-05,-1.08,-0.25
1774,6.191999999999999e-05,-1.08,-0.25
1775,6.2e-05,-1.08,-0.27
1776,6.207999999999999e-05,-1.08,-0.27
1777,6.216e-05,-1.0,-0.27
1778,6.223999999999999e-05,-1.0,-0.27
1779,6.232e-05,-1.0,-0.27
1780,6.239999999999999e-05,-0.92,-0.27
1781,6.248e-05,-1.0,-0.27
1782,6.255999999999998e-05,-0.92,-0.27
1783,6.264e-05,-0.92,-0.29
1784,6.272000000000001e-05,-0.92,-0.29
1785,6.28e-05,-0.92,-0.27
1786,6.288000000000001e-05,-0.84,-0.29
1787,6.296e-05,-0.84,-0.27
1788,6.304e-05,-0.84,-0.29
1789,6.311999999999999e-05,-0.84,-0.29
1790,6.32e-05,-0.84,-0.29
1791,6.327999999999999e-05,-0.76,-0.29
1792,6.336e-05,-0.76,-0.29
1793,6.343999999999999e-05,-0.68,-0.29
1794,6.352e-05,-0.76,-0.29
1795,6.359999999999999e-05,-0.76,-0.29
1796,6.368e-05,-0.68,-0.29
1797,6.375999999999999e-05,-0.76,-0.29
1798,6.384e-05,-0.6,-0.29
1799,6.391999999999998e-05,-0.68,-0.29
1800,6.4e-05,-0.68,-0.29
1801,6.408000000000001e-05,-0.68,-0.29
1802,6.416e-05,-0.6,-0.29
1803,6.424000000000001e-05,-0.6,-0.29
1804,6.432e-05,-0.6,-0.29
1805,6.440000000000001e-05,-0.6,-0.29
1806,6.447999999999999e-05,-0.52,-0.29
1807,6.456e-05,-0.52,-0.29
1808,6.463999999999999e-05,-0.44,-0.29
1809,6.472e-05,-0.52,-0.29
1810,6.479999999999999e-05,-0.44,-0.29
1811,6.488e-05,-0.44,-0.29
1812,6.495999999999999e-05,-0.44,-0.27
1813,6.504e-05,-0.36,-0.29
1814,6.511999999999999e-05,-0.36,-0.27
1815,6.52e-05,-0.36,-0.27
1816,6.527999999999998e-05,-0.36,-0.27
1817,6.536e-05,-0.36,-0.27
1818,6.543999999999998e-05,-0.36,-0.29
1819,6.552e-05,-0.28,-0.27
1820,6.560000000000001e-05,-0.28,-0.27
1821,6.568e-05,-0.28,-0.27
1822,6.576000000000001e-05,-0.2,-0.25
1823,6.583999999999999e-05,-0.2,-0.27
1824,6.592e-05,-0.2,-0.25
1825,6.599999999999999e-05,-0.2,-0.25
1826,6.608e-05,-0.2,-0.25
1827,6.615999999999999e-05,-0.12,-0.27
1828,6.624e-05,-0.12,-0.25
1829,6.631999999999999e-05,-0.12,-0.25
1830,6.64e-05,-0.04,-0.25
1831,6.647999999999999e-05,-0.04,-0.25
1832,6.656e-05,-0.04,-0.23
1833,6.663999999999999e-05,-0.04,-0.25
1834,6.672e-05,-0.04,-0.25
1835,6.679999999999998e-05,-0.04,-0.23
1836,6.688e-05,-0.04,-0.23
1837,6.696000000000001e-05,0.04,-0.23
1838,6.704e-05,0.04,-0.21
1839,6.712000000000001e-05,0.04,-0.21
1840,6.72e-05,0.04,-0.21
1841,6.728e-05,0.12,-0.21
1842,6.735999999999999e-05,0.2,-0.21
1843,6.744e-05,0.12,-0.21
1844,6.751999999999999e-05,0.2,-0.19
1845,6.76e-05,0.2,-0.21
1846,6.767999999999999e-05,0.2,-0.19
1847,6.776e-05,0.2,-0.19
1848,6.783999999999999e-05,0.2,-0.19
1849,6.792e-05,0.2,-0.17
1850,6.799999999999999e-05,0.28,-0.19
1851,6.808e-05,0.36,-0.17
1852,6.815999999999998e-05,0.36,-0.17
1853,6.824e-05,0.36,-0.17
1854,6.832000000000001e-05,0.36,-0.15
1855,6.84e-05,0.36,-0.15
1856,6.848000000000001e-05,0.36,-0.15
1857,6.856e-05,0.44,-0.15
1858,6.864000000000001e-05,0.44,-0.15
1859,6.871999999999999e-05,0.44,-0.15
1860,6.88e-05,0.44,-0.13
1861,6.887999999999999e-05,0.52,-0.13
1862,6.896e-05,0.52,-0.11
1863,6.903999999999999e-05,0.52,-0.13
1864,6.912e-05,0.52,-0.11
1865,6.919999999999999e-05,0.52,-0.11
1866,6.928e-05,0.52,-0.11
1867,6.935999999999999e-05,0.6,-0.11
1868,6.944e-05,0.6,-0.09
1869,6.951999999999998e-05,0.6,-0.09
1870,6.96e-05,0.6,-0.09
1871,6.967999999999998e-05,0.6,-0.09
1872,6.976e-05,0.68,-0.07
1873,6.984000000000001e-05,0.68,-0.07
1874,6.992e-05,0.68,-0.07
1875,7.000000000000001e-05,0.76,-0.07
1876,7.007999999999999e-05,0.76,-0.05
1877,7.016e-05,0.76,-0.05
1878,7.023999999999999e-05,0.76,-0.05
1879,7.032e-05,0.76,-0.05
1880,7.039999999999999e-05,0.76,-0.03
1881,7.048e-05,0.84,-0.03
1882,7.055999999999999e-05,0.84,-0.03
1883,7.064e-05,0.84,-0.01
1884,7.071999999999999e-05,0.92,-0.01
1885,7.08e-05,0.92,-0.01
1886,7.087999999999999e-05,0.92,0.01
1887,7.096e-05,0.92,0.01
1888,7.103999999999998e-05,0.92,0.01
1889,7.112e-05,0.92,0.03
1890,7.120000000000001e-05,1.0,0.03
1891,7.128e-05,1.0,0.03
1892,7.136000000000001e-05,1.0,0.03
1893,7.144e-05,1.0,0.03
1894,7.152e-05,1.0,0.03
1895,7.159999999999999e-05,1.08,0.05
1896,7.168e-05,1.08,0.05
1897,7.175999999999999e-05,1.08,0.07
1898,7.184e-05,1.08,0.07
1899,7.191999999999999e-05,1.08,0.09
1900,7.2e-05,1.16,0.09
1901,7.207999999999999e-05,1.16,0.07
1902,7.216e-05,1.24,0.09
1903,7.223999999999999e-05,1.16,0.11
1904,7.232e-05,1.24,0.11
1905,7.239999999999998e-05,1.24,0.11
1906,7.248e-05,1.24,0.13
1907,7.256000000000001e-05,1.24,0.13
1908,7.264e-05,1.24,0.13
1909,7.272000000000001e-05,1.32,0.13
1910,7.28e-05,1.32,0.15
1911,7.288000000000001e-05,1.32,0.15
1912,7.295999999999999e-05,1.4000000000000001,0.15
1913,7.304e-05,1.4000000000000001,0.17
1914,7.311999999999999e-05,1.4000000000000001,0.17
1915,7.32e-05,1.4000000000000001,0.17
1916,7.327999999999999e-05,1.4000000000000001,0.19
1917,7.336e-05,1.4000000000000001,0.19
1918,7.343999999999999e-05,1.4000000000000001,0.19
1919,7.352e-05,1.48,0.21
1920,7.359999999999999e-05,1.48,0.21
1921,7.368e-05,1.48,0.21
1922,7.375999999999998e-05,1.56,0.21
1923,7.384e-05,1.56,0.23
1924,7.391999999999998e-05,1.56,0.23
1925,7.4e-05,1.6400000000000001,0.25
1926,7.408000000000001e-05,1.56,0.25
1927,7.416e-05,1.6400000000000001,0.25
1928,7.424000000000001e-05,1.6400000000000001,0.25
1929,7.431999999999999e-05,1.6400000000000001,0.27
1930,7.44e-05,1.72,0.27
1931,7.447999999999999e-05,1.6400000000000001,0.27
1932,7.456e-05,1.6400000000000001,0.27
1933,7.463999999999999e-05,1.72,0.29
1934,7.472e-05,1.72,0.29
1935,7.479999999999999e-05,1.72,0.31
1936,7.488e-05,1.8,0.31
1937,7.495999999999999e-05,1.8,0.33
1938,7.504e-05,1.8,0.33
1939,7.511999999999999e-05,1.8,0.33
1940,7.52e-05,1.8800000000000001,0.35000000000000003
1941,7.527999999999998e-05,1.8800000000000001,0.35000000000000003
1942,7.536e-05,1.8800000000000001,0.35000000000000003
1943,7.544000000000001e-05,1.96,0.37
1944,7.552e-05,1.96,0.37
1945,7.560000000000001e-05,1.96,0.37
1946,7.568e-05,1.96,0.37
1947,7.576e-05,1.96,0.39
1948,7.583999999999999e-05,1.96,0.41000000000000003
1949,7.592e-05,2.04,0.41000000000000003
1950,7.599999999999999e-05,2.04,0.41000000000000003
1951,7.608e-05,2.04,0.41000000000000003
1952,7.615999999999999e-05,2.04,0.43
1953,7.624e-05,2.04,0.43
1954,7.631999999999999e-05,2.04,0.45
1955,7.64e-05,2.12,0.45
1956,7.647999999999999e-05,2.12,0.47000000000000003
1957,7.656e-05,2.2,0.47000000000000003
1958,7.663999999999998e-05,2.12,0.47000000000000003
1959,7.672e-05,2.12,0.47000000000000003
1960,7.680000000000001e-05,2.2,0.49
1961,7.688e-05,2.2,0.49
1962,7.696000000000001e-05,2.2800000000000002,0.49
1963,7.704e-05,2.2800000000000002,0.51
1964,7.712000000000001e-05,2.2800000000000002,0.51
1965,7.719999999999999e-05,2.2800000000000002,0.51
1966,7.728e-05,2.36,0.53
1967,7.735999999999999e-05,2.2800000000000002,0.55
1968,7.744e-05,2.36,0.55
1969,7.751999999999999e-05,2.36,0.55
1970,7.76e-05,2.44,0.55
1971,7.767999999999999e-05,2.36,0.5700000000000001
1972,7.776e-05,2.44,0.5700000000000001
1973,7.783999999999999e-05,2.44,0.59
1974,7.792e-05,2.44,0.59
1975,7.799999999999999e-05,2.44,0.59
1976,7.808e-05,-1.08,0.59
1977,7.815999999999998e-05,-2.36,0.5700000000000001
1978,7.824e-05,-2.44,0.53
1979,7.832000000000001e-05,-2.44,0.51
1980,7.84e-05,-2.44,0.49
1981,7.848000000000001e-05,-2.36,0.47000000000000003
1982,7.856e-05,-2.2800000000000002,0.45
1983,7.864e-05,-2.36,0.43
1984,7.871999999999999e-05,-2.36,0.39
1985,7.88e-05,-2.2800000000000002,0.39
1986,7.887999999999999e-05,-2.2800000000000002,0.35000000000000003
1987,7.896e-05,-2.2800000000000002,0.35000000000000003
1988,7.903999999999999e-05,-2.2800000000000002,0.35000000000000003
1989,7.912e-05,-2.2,0.33
1990,7.919999999999999e-05,-2.2,0.31
1991,7.928e-05,-2.2,0.29
1992,7.935999999999999e-05,-2.2,0.27
1993,7.944e-05,-2.12,0.25
1994,7.951999999999998e-05,-2.04,0.23
1995,7.96e-05,-2.12,0.23
1996,7.968000000000001e-05,-2.12,0.21
1997,7.976e-05,-2.04,0.19
1998,7.984000000000001e-05,-2.04,0.17
1999,7.992e-05,-2.04,0.17
