,time,v1,v2
0,-1.6e-05,-2.04,0.09
1,-1.5983999999999998e-05,-1.96,0.09
2,-1.5968e-05,-1.96,0.09
3,-1.5952e-05,-1.8800000000000001,0.09
4,-1.5935999999999998e-05,-1.96,0.09
5,-1.592e-05,-1.96,0.07
6,-1.5904e-05,-1.96,0.09
7,-1.5887999999999998e-05,-1.8800000000000001,0.07
8,-1.5872e-05,-1.8800000000000001,0.07
9,-1.5856e-05,-1.8800000000000001,0.07
10,-1.584e-05,-1.8800000000000001,0.07
11,-1.5824e-05,-1.8800000000000001,0.07
12,-1.5808e-05,-1.8800000000000001,0.07
13,-1.5792e-05,-1.8800000000000001,0.07
14,-1.5776e-05,-1.8,0.07
15,-1.5759999999999998e-05,-1.8,0.07
16,-1.5744e-05,-1.8,0.07
17,-1.5728e-05,-1.8,0.05
18,-1.5711999999999998e-05,-1.8,0.05
19,-1.5696e-05,-1.8,0.05
20,-1.568e-05,-1.8,0.05
21,-1.5663999999999998e-05,-1.72,0.03
22,-1.5648e-05,-1.72,0.05
23,-1.5632e-05,-1.72,0.03
24,-1.5616e-05,-1.72,0.05
25,-1.56e-05,-1.72,0.03
26,-1.5584e-05,-1.6400000000000001,0.03
27,-1.5568e-05,-1.72,0.03
28,-1.5552e-05,-1.72,0.03
29,-1.5535999999999998e-05,-1.6400000000000001,0.03
30,-1.552e-05,-1.56,0.01
31,-1.5504e-05,-1.6400000000000001,0.03
32,-1.5487999999999998e-05,-1.6400000000000001,0.03
33,-1.5472e-05,-1.6400000000000001,0.01
34,-1.5456e-05,-1.56,0.03
35,-1.5439999999999998e-05,-1.56,0.03
36,-1.5424e-05,-1.56,0.01
37,-1.5408e-05,-1.56,0.01
38,-1.5391999999999998e-05,-1.56,0.01
39,-1.5376e-05,-1.56,0.01
40,-1.536e-05,-1.56,0.01
41,-1.5344e-05,-1.48,-0.01
42,-1.5328e-05,-1.48,0.01
43,-1.5312e-05,-1.48,-0.01
44,-1.5296e-05,-1.48,0.01
45,-1.528e-05,-1.48,-0.01
46,-1.5263999999999998e-05,-1.48,-0.01
47,-1.5247999999999999e-05,-1.48,-0.01
48,-1.5232e-05,-1.4000000000000001,-0.01
49,-1.5216e-05,-1.48,-0.01
50,-1.5199999999999998e-05,-1.4000000000000001,-0.01
51,-1.5183999999999999e-05,-1.4000000000000001,-0.01
52,-1.5168e-05,-1.4000000000000001,-0.01
53,-1.5152e-05,-1.4000000000000001,-0.01
54,-1.5135999999999999e-05,-1.32,-0.01
55,-1.512e-05,-1.4000000000000001,-0.01
56,-1.5104e-05,-1.32,-0.01
57,-1.5087999999999999e-05,-1.32,-0.01
58,-1.5071999999999999e-05,-1.32,-0.03
59,-1.5056e-05,-1.32,-0.03
60,-1.5039999999999998e-05,-1.32,-0.03
61,-1.5023999999999999e-05,-1.32,-0.03
62,-1.5008e-05,-1.24,-0.03
63,-1.4992e-05,-1.24,-0.03
64,-1.4975999999999999e-05,-1.24,-0.03
65,-1.4959999999999999e-05,-1.24,-0.03
66,-1.4944e-05,-1.24,-0.03
67,-1.4928e-05,-1.24,-0.03
68,-1.4911999999999999e-05,-1.16,-0.03
69,-1.4896e-05,-1.16,-0.05
70,-1.488e-05,-1.16,-0.05
71,-1.4863999999999999e-05,-1.16,-0.03
72,-1.4847999999999999e-05,-1.16,-0.05
73,-1.4832e-05,-1.16,-0.05
74,-1.4815999999999998e-05,-1.16,-0.05
75,-1.4799999999999999e-05,-1.16,-0.05
76,-1.4784e-05,-1.16,-0.05
77,-1.4768e-05,-1.08,-0.05
78,-1.4751999999999999e-05,-1.0,-0.05
79,-1.4736e-05,-1.0,-0.05
80,-1.472e-05,-1.08,-0.05
81,-1.4703999999999998e-05,-1.08,-0.05
82,-1.4687999999999999e-05,-1.0,-0.05
83,-1.4672e-05,-1.0,-0.05
84,-1.4656e-05,-1.0,-0.07
85,-1.4639999999999999e-05,-1.0,-0.05
86,-1.4624e-05,-1.0,-0.05
87,-1.4608e-05,-1.0,-0.05
88,-1.4591999999999999e-05,-0.92,-0.05
89,-1.4575999999999999e-05,-0.92,-0.05
90,-1.456e-05,-0.92,-0.05
91,-1.4543999999999998e-05,-0.92,-0.05
92,-1.4527999999999999e-05,-0.92,-0.05
93,-1.4512e-05,-0.92,-0.07
94,-1.4496e-05,-0.92,-0.07
95,-1.4479999999999999e-05,-0.92,-0.07
96,-1.4463999999999999e-05,-0.92,-0.07
97,-1.4448e-05,-0.84,-0.07
98,-1.4432e-05,-0.84,-0.07
99,-1.4415999999999999e-05,-0.84,-0.07
100,-1.44e-05,-0.84,-0.07
101,-1.4384e-05,-0.84,-0.07
102,-1.4367999999999999e-05,-0.84,-0.07
103,-1.4351999999999999e-05,-0.84,-0.07
104,-1.4336e-05,-0.76,-0.07
105,-1.4319999999999998e-05,-0.76,-0.07
106,-1.4303999999999999e-05,-0.76,-0.07
107,-1.4288e-05,-0.68,-0.07
108,-1.4272e-05,-0.76,-0.07
109,-1.4255999999999999e-05,-0.76,-0.07
110,-1.424e-05,-0.68,-0.09
111,-1.4224e-05,-0.76,-0.07
112,-1.4207999999999998e-05,-0.68,-0.07
113,-1.4191999999999999e-05,-0.6,-0.09
114,-1.4176e-05,-0.68,-0.09
115,-1.416e-05,-0.68,-0.07
116,-1.4143999999999999e-05,-0.6,-0.07
117,-1.4128e-05,-0.6,-0.09
118,-1.4112e-05,-0.6,-0.07
119,-1.4095999999999999e-05,-0.6,-0.07
120,-1.4079999999999999e-05,-0.6,-0.07
121,-1.4064e-05,-0.6,-0.07
122,-1.4047999999999998e-05,-0.6,-0.07
123,-1.4031999999999999e-05,-0.6,-0.09
124,-1.4016e-05,-0.52,-0.07
125,-1.3999999999999998e-05,-0.52,-0.07
126,-1.3983999999999999e-05,-0.52,-0.07
127,-1.3967999999999999e-05,-0.52,-0.09
128,-1.3952e-05,-0.52,-0.07
129,-1.3936e-05,-0.52,-0.09
130,-1.3919999999999999e-05,-0.52,-0.09
131,-1.3904e-05,-0.44,-0.09
132,-1.3888e-05,-0.52,-0.09
133,-1.3871999999999999e-05,-0.44,-0.09
134,-1.3855999999999999e-05,-0.44,-0.07
135,-1.384e-05,-0.44,-0.09
136,-1.3823999999999998e-05,-0.36,-0.09
137,-1.3807999999999999e-05,-0.36,-0.09
138,-1.3792e-05,-0.36,-0.07
139,-1.3775999999999998e-05,-0.36,-0.09
140,-1.3759999999999999e-05,-0.36,-0.07
141,-1.3744e-05,-0.36,-0.09
142,-1.3728e-05,-0.36,-0.07
143,-1.3712e-05,-0.28,-0.09
144,-1.3695999999999999e-05,-0.28,-0.09
145,-1.368e-05,-0.28,-0.07
146,-1.3664e-05,-0.28,-0.07
147,-1.3647999999999999e-05,-0.28,-0.09
148,-1.3632e-05,-0.2,-0.07
149,-1.3616e-05,-0.2,-0.07
150,-1.3599999999999999e-05,-0.2,-0.07
151,-1.3583999999999999e-05,-0.2,-0.09
152,-1.3568e-05,-0.2,-0.09
153,-1.3551999999999998e-05,-0.12,-0.07
154,-1.3535999999999999e-05,-0.2,-0.09
155,-1.352e-05,-0.2,-0.07
156,-1.3503999999999998e-05,-0.12,-0.09
157,-1.3487999999999999e-05,-0.12,-0.07
158,-1.3471999999999999e-05,-0.12,-0.07
159,-1.3456e-05,-0.04,-0.07
160,-1.344e-05,-0.12,-0.07
161,-1.3423999999999999e-05,-0.12,-0.07
162,-1.3408e-05,-0.12,-0.09
163,-1.3392e-05,-0.12,-0.07
164,-1.3375999999999999e-05,-0.04,-0.07
165,-1.3359999999999999e-05,-0.04,-0.09
166,-1.3344e-05,-0.04,-0.09
167,-1.3327999999999998e-05,-0.04,-0.07
168,-1.3311999999999999e-05,0.04,-0.07
169,-1.3296e-05,0.04,-0.09
170,-1.3279999999999998e-05,0.04,-0.07
171,-1.3263999999999999e-05,0.04,-0.07
172,-1.3248e-05,0.04,-0.07
173,-1.3232e-05,0.12,-0.07
174,-1.3215999999999998e-05,0.04,-0.09
175,-1.3199999999999999e-05,0.04,-0.09
176,-1.3184e-05,0.12,-0.07
177,-1.3168e-05,0.12,-0.07
178,-1.3151999999999999e-05,0.12,-0.07
179,-1.3136e-05,0.12,-0.07
180,-1.312e-05,0.12,-0.09
181,-1.3103999999999999e-05,0.12,-0.09
182,-1.3087999999999999e-05,0.2,-0.07
183,-1.3072e-05,0.2,-0.07
184,-1.3055999999999998e-05,0.2,-0.09
185,-1.3039999999999999e-05,0.2,-0.07
186,-1.3024e-05,0.2,-0.07
187,-1.3007999999999998e-05,0.2,-0.07
188,-1.2991999999999999e-05,0.28,-0.07
189,-1.2975999999999999e-05,0.28,-0.07
190,-1.296e-05,0.28,-0.07
191,-1.2944e-05,0.28,-0.09
192,-1.2927999999999999e-05,0.36,-0.07
193,-1.2912e-05,0.28,-0.07
194,-1.2896e-05,0.28,-0.07
195,-1.2879999999999999e-05,0.28,-0.07
196,-1.2863999999999999e-05,0.28,-0.07
197,-1.2848e-05,0.36,-0.07
198,-1.2831999999999998e-05,0.36,-0.07
199,-1.2815999999999999e-05,0.36,-0.07
200,-1.28e-05,0.44,-0.07
201,-1.2783999999999998e-05,0.36,-0.05
202,-1.2767999999999999e-05,0.36,-0.05
203,-1.2752e-05,0.44,-0.05
204,-1.2736e-05,0.44,-0.07
205,-1.2719999999999998e-05,0.44,-0.05
206,-1.2703999999999999e-05,0.44,-0.07
207,-1.2688e-05,0.44,-0.07
208,-1.2672e-05,0.44,-0.05
209,-1.2655999999999999e-05,0.52,-0.07
210,-1.264e-05,0.52,-0.05
211,-1.2624e-05,0.52,-0.05
212,-1.2607999999999999e-05,0.52,-0.07
213,-1.2591999999999999e-05,0.52,-0.05
214,-1.2576e-05,0.52,-0.05
215,-1.2559999999999998e-05,0.52,-0.05
216,-1.2543999999999999e-05,0.6,-0.05
217,-1.2528e-05,0.6,-0.05
218,-1.2511999999999998e-05,0.6,-0.05
219,-1.2495999999999999e-05,0.6,-0.05
220,-1.2479999999999999e-05,0.6,-0.05
221,-1.2464e-05,0.6,-0.05
222,-1.2448e-05,0.6,-0.03
223,-1.2431999999999999e-05,0.68,-0.05
224,-1.2416e-05,0.68,-0.03
225,-1.24e-05,0.68,-0.03
226,-1.2383999999999999e-05,0.68,-0.05
227,-1.2367999999999999e-05,0.68,-0.03
228,-1.2352e-05,0.68,-0.03
229,-1.2335999999999998e-05,0.68,-0.05
230,-1.2319999999999999e-05,0.68,-0.03
231,-1.2304e-05,0.76,-0.03
232,-1.2287999999999998e-05,0.76,-0.03
233,-1.2271999999999999e-05,0.76,-0.03
234,-1.2256e-05,0.76,-0.03
235,-1.2239999999999998e-05,0.76,-0.03
236,-1.2223999999999998e-05,0.76,-0.03
237,-1.2207999999999999e-05,0.84,-0.03
238,-1.2192e-05,0.84,-0.03
239,-1.2176e-05,0.84,-0.01
240,-1.2159999999999999e-05,0.92,-0.01
241,-1.2144e-05,0.92,-0.01
242,-1.2128e-05,0.84,-0.01
243,-1.2111999999999999e-05,0.84,-0.03
244,-1.2095999999999999e-05,0.84,-0.03
245,-1.208e-05,0.92,-0.01
246,-1.2063999999999998e-05,0.92,-0.03
247,-1.2047999999999999e-05,0.92,-0.01
248,-1.2032e-05,0.92,-0.03
249,-1.2015999999999998e-05,0.92,-0.01
250,-1.1999999999999999e-05,0.92,-0.01
251,-1.1983999999999999e-05,1.0,-0.03
252,-1.1967999999999998e-05,1.0,-0.01
253,-1.1952e-05,1.0,-0.01
254,-1.1935999999999999e-05,1.08,-0.01
255,-1.192e-05,1.0,-0.01
256,-1.1904e-05,1.0,0.01
257,-1.1887999999999999e-05,1.08,-0.01
258,-1.1872e-05,1.08,-0.01
259,-1.1856e-05,1.08,0.01
260,-1.1839999999999998e-05,1.08,0.01
261,-1.1823999999999999e-05,1.16,0.01
262,-1.1808e-05,1.08,0.01
263,-1.1791999999999998e-05,1.08,0.01
264,-1.1775999999999999e-05,1.08,0.01
265,-1.176e-05,1.16,0.01
266,-1.1743999999999998e-05,1.16,0.01
267,-1.1728e-05,1.24,0.01
268,-1.1711999999999999e-05,1.16,0.01
269,-1.1695999999999998e-05,1.24,0.01
270,-1.168e-05,1.16,0.01
271,-1.1663999999999999e-05,1.24,0.01
272,-1.1648e-05,1.24,0.03
273,-1.1632e-05,1.24,0.03
274,-1.1615999999999999e-05,1.32,0.03
275,-1.1599999999999999e-05,1.32,0.03
276,-1.1584e-05,1.24,0.03
277,-1.1567999999999998e-05,1.32,0.01
278,-1.1551999999999999e-05,1.32,0.03
279,-1.1536e-05,1.32,0.03
280,-1.1519999999999998e-05,1.4000000000000001,0.03
281,-1.1503999999999999e-05,1.4000000000000001,0.03
282,-1.1487999999999999e-05,1.32,0.05
283,-1.1471999999999998e-05,1.32,0.03
284,-1.1456e-05,1.4000000000000001,0.03
285,-1.1439999999999999e-05,1.32,0.03
286,-1.1424e-05,1.4000000000000001,0.03
287,-1.1408e-05,1.4000000000000001,0.05
288,-1.1391999999999999e-05,1.4000000000000001,0.05
289,-1.1376e-05,1.4000000000000001,0.05
290,-1.136e-05,1.4000000000000001,0.05
291,-1.1343999999999998e-05,1.4000000000000001,0.05
292,-1.1327999999999999e-05,1.48,0.05
293,-1.1312e-05,1.48,0.07
294,-1.1295999999999998e-05,1.56,0.05
295,-1.1279999999999999e-05,1.48,0.07
296,-1.1264e-05,1.48,0.05
297,-1.1247999999999998e-05,1.48,0.07
298,-1.1232e-05,1.48,0.07
299,-1.1215999999999999e-05,1.56,0.07
300,-1.1199999999999998e-05,1.56,0.07
301,-1.1184e-05,1.56,0.07
302,-1.1167999999999999e-05,1.56,0.07
303,-1.1152e-05,1.56,0.07
304,-1.1136e-05,1.6400000000000001,0.07
305,-1.1119999999999999e-05,1.56,0.09
306,-1.1103999999999999e-05,1.6400000000000001,0.07
307,-1.1088e-05,1.6400000000000001,0.09
308,-1.1071999999999998e-05,1.6400000000000001,0.07
309,-1.1055999999999999e-05,1.6400000000000001,0.07
310,-1.104e-05,1.6400000000000001,0.09
311,-1.1023999999999998e-05,1.6400000000000001,0.09
312,-1.1007999999999999e-05,1.72,0.09
313,-1.0991999999999999e-05,1.72,0.09
314,-1.0975999999999998e-05,1.72,0.09
315,-1.096e-05,1.8,0.09
316,-1.0943999999999999e-05,1.72,0.09
317,-1.0927999999999998e-05,1.72,0.11
318,-1.0912e-05,1.8,0.11
319,-1.0895999999999999e-05,1.8,0.09
320,-1.088e-05,1.8,0.11
321,-1.0864e-05,1.8,0.11
322,-1.0847999999999998e-05,1.8,0.11
323,-1.0831999999999999e-05,1.8,0.11
324,-1.0816e-05,1.8,0.13
325,-1.0799999999999998e-05,1.8,0.11
326,-1.0783999999999999e-05,1.8800000000000001,0.11
327,-1.0768e-05,1.8800000000000001,0.13
328,-1.0751999999999998e-05,1.8800000000000001,0.13
329,-1.0736e-05,1.8800000000000001,0.13
330,-1.0719999999999999e-05,1.8800000000000001,0.13
331,-1.0703999999999998e-05,1.8800000000000001,0.13
332,-1.0688e-05,1.8800000000000001,0.13
333,-1.0671999999999999e-05,1.96,0.13
334,-1.0656e-05,1.96,0.13
335,-1.064e-05,1.96,0.15
336,-1.0623999999999999e-05,1.96,0.13
337,-1.0607999999999999e-05,1.96,0.13
338,-1.0592e-05,1.96,0.15
339,-1.0575999999999998e-05,2.04,0.15
340,-1.0559999999999999e-05,2.04,0.15
341,-1.0544e-05,2.04,0.13
342,-1.0527999999999998e-05,2.04,0.15
343,-1.0511999999999999e-05,2.04,0.15
344,-1.0495999999999999e-05,2.04,0.15
345,-1.0479999999999998e-05,2.04,0.17
346,-1.0464e-05,2.12,0.17
347,-1.0447999999999999e-05,2.12,0.15
348,-1.0431999999999998e-05,2.12,0.17
349,-1.0416e-05,2.12,0.17
350,-1.0399999999999999e-05,2.12,0.17
351,-1.0384e-05,2.2,0.17
352,-1.0368e-05,2.2,0.17
353,-1.0351999999999998e-05,2.2,0.17
354,-1.0335999999999999e-05,2.2,0.17
355,-1.032e-05,2.2,0.19
356,-1.0303999999999998e-05,2.2,0.19
357,-1.0287999999999999e-05,2.2,0.19
358,-1.0272e-05,2.2,0.19
359,-1.0255999999999998e-05,2.2,0.19
360,-1.0239999999999999e-05,2.2800000000000002,0.19
361,-1.0223999999999999e-05,2.2800000000000002,0.19
362,-1.0207999999999998e-05,2.2800000000000002,0.21
363,-1.0192e-05,2.2800000000000002,0.19
364,-1.0175999999999999e-05,2.36,0.21
365,-1.016e-05,2.2800000000000002,0.21
366,-1.0144e-05,2.2800000000000002,0.21
367,-1.0127999999999999e-05,2.36,0.21
368,-1.0111999999999999e-05,2.36,0.21
369,-1.0096e-05,2.36,0.21
370,-1.0079999999999998e-05,2.36,0.21
371,-1.0063999999999999e-05,2.36,0.23
372,-1.0048e-05,2.44,0.21
373,-1.0031999999999998e-05,2.44,0.23
374,-1.0015999999999999e-05,2.44,0.23
375,-9.999999999999999e-06,2.44,0.23
376,-9.983999999999998e-06,2.44,0.23
377,-9.968e-06,2.44,0.23
378,-9.951999999999999e-06,2.44,0.23
379,-9.935999999999998e-06,2.52,0.17
380,-9.92e-06,-1.08,0.13
381,-9.903999999999999e-06,-2.44,0.21
382,-9.888e-06,-2.36,0.25
383,-9.872e-06,-2.44,0.21
384,-9.855999999999998e-06,-2.52,0.17
385,-9.839999999999999e-06,-2.2800000000000002,0.17
386,-9.824e-06,-2.36,0.19
387,-9.807999999999998e-06,-2.36,0.19
388,-9.791999999999999e-06,-2.36,0.17
389,-9.776e-06,-2.44,0.15
390,-9.759999999999998e-06,-2.2800000000000002,0.17
391,-9.743999999999999e-06,-2.36,0.17
392,-9.727999999999999e-06,-2.36,0.15
393,-9.711999999999998e-06,-2.2800000000000002,0.15
394,-9.696e-06,-2.2800000000000002,0.15
395,-9.679999999999999e-06,-2.2800000000000002,0.15
396,-9.664e-06,-2.2,0.15
397,-9.648e-06,-2.2800000000000002,0.15
398,-9.631999999999999e-06,-2.2800000000000002,0.15
399,-9.615999999999999e-06,-2.2800000000000002,0.15
400,-9.6e-06,-2.2,0.13
401,-9.583999999999998e-06,-2.12,0.13
402,-9.567999999999999e-06,-2.12,0.13
403,-9.552e-06,-2.2,0.13
404,-9.535999999999998e-06,-2.2,0.13
405,-9.519999999999999e-06,-2.12,0.13
406,-9.503999999999999e-06,-2.12,0.13
407,-9.487999999999998e-06,-2.04,0.13
408,-9.472e-06,-2.12,0.13
409,-9.455999999999999e-06,-2.12,0.11
410,-9.439999999999998e-06,-2.04,0.11
411,-9.424e-06,-2.12,0.11
412,-9.407999999999999e-06,-2.04,0.11
413,-9.392e-06,-2.04,0.09
414,-9.376e-06,-2.12,0.11
415,-9.359999999999998e-06,-1.96,0.11
416,-9.343999999999999e-06,-2.04,0.11
417,-9.328e-06,-1.96,0.09
418,-9.311999999999998e-06,-1.96,0.09
419,-9.295999999999999e-06,-1.96,0.09
420,-9.28e-06,-1.96,0.09
421,-9.263999999999998e-06,-1.96,0.09
422,-9.247999999999999e-06,-1.96,0.09
423,-9.231999999999999e-06,-1.96,0.07
424,-9.215999999999998e-06,-1.96,0.07
425,-9.2e-06,-1.96,0.07
426,-9.183999999999999e-06,-1.96,0.07
427,-9.167999999999998e-06,-1.8800000000000001,0.07
428,-9.152e-06,-1.8800000000000001,0.07
429,-9.135999999999999e-06,-1.8800000000000001,0.07
430,-9.119999999999999e-06,-1.8800000000000001,0.07
431,-9.104e-06,-1.8800000000000001,0.05
432,-9.087999999999998e-06,-1.8,0.05
433,-9.071999999999999e-06,-1.8,0.05
434,-9.056e-06,-1.72,0.05
435,-9.039999999999998e-06,-1.8,0.05
436,-9.023999999999999e-06,-1.8,0.05
437,-9.007999999999999e-06,-1.72,0.03
438,-8.991999999999998e-06,-1.72,0.05
439,-8.975999999999998e-06,-1.72,0.05
440,-8.959999999999999e-06,-1.72,0.03
441,-8.943999999999998e-06,-1.72,0.05
442,-8.928e-06,-1.72,0.03
443,-8.911999999999999e-06,-1.72,0.03
444,-8.896e-06,-1.6400000000000001,0.03
445,-8.88e-06,-1.6400000000000001,0.03
446,-8.863999999999998e-06,-1.72,0.03
447,-8.847999999999999e-06,-1.6400000000000001,0.03
448,-8.832e-06,-1.6400000000000001,0.03
449,-8.815999999999998e-06,-1.6400000000000001,0.01
450,-8.799999999999999e-06,-1.6400000000000001,0.03
451,-8.784e-06,-1.6400000000000001,0.01
452,-8.767999999999998e-06,-1.56,0.03
453,-8.751999999999999e-06,-1.56,0.01
454,-8.735999999999999e-06,-1.56,0.01
455,-8.719999999999998e-06,-1.6400000000000001,0.01
456,-8.704e-06,-1.56,0.01
457,-8.687999999999999e-06,-1.56,0.01
458,-8.671999999999998e-06,-1.56,0.01
459,-8.656e-06,-1.48,0.01
460,-8.639999999999999e-06,-1.48,0.01
461,-8.623999999999999e-06,-1.4000000000000001,-0.01
462,-8.608e-06,-1.4000000000000001,-0.01
463,-8.591999999999998e-06,-1.48,-0.01
464,-8.575999999999999e-06,-1.48,0.01
465,-8.56e-06,-1.48,-0.01
466,-8.543999999999998e-06,-1.4000000000000001,-0.01
467,-8.527999999999999e-06,-1.4000000000000001,-0.01
468,-8.511999999999999e-06,-1.4000000000000001,-0.01
469,-8.495999999999998e-06,-1.4000000000000001,-0.01
470,-8.479999999999998e-06,-1.4000000000000001,-0.01
471,-8.463999999999999e-06,-1.4000000000000001,-0.03
472,-8.447999999999998e-06,-1.32,-0.01
473,-8.432e-06,-1.32,-0.01
474,-8.415999999999999e-06,-1.32,-0.01
475,-8.4e-06,-1.24,-0.03
476,-8.384e-06,-1.32,-0.03
477,-8.367999999999998e-06,-1.32,-0.03
478,-8.351999999999999e-06,-1.24,-0.03
479,-8.336e-06,-1.24,-0.03
480,-8.319999999999998e-06,-1.24,-0.03
481,-8.303999999999999e-06,-1.24,-0.03
482,-8.288e-06,-1.24,-0.03
483,-8.271999999999998e-06,-1.24,-0.05
484,-8.255999999999999e-06,-1.24,-0.03
485,-8.239999999999999e-06,-1.16,-0.05
486,-8.224e-06,-1.24,-0.03
487,-8.207999999999998e-06,-1.16,-0.03
488,-8.191999999999999e-06,-1.08,-0.05
489,-8.176e-06,-1.16,-0.05
490,-8.159999999999998e-06,-1.16,-0.03
491,-8.143999999999999e-06,-1.08,-0.03
492,-8.127999999999999e-06,-1.16,-0.05
493,-8.112e-06,-1.08,-0.05
494,-8.095999999999998e-06,-1.08,-0.05
495,-8.079999999999999e-06,-1.08,-0.05
496,-8.064e-06,-1.08,-0.05
497,-8.047999999999998e-06,-1.08,-0.05
498,-8.031999999999999e-06,-1.08,-0.05
499,-8.015999999999999e-06,-1.08,-0.05
500,-7.999999999999998e-06,-1.08,-0.07
501,-7.983999999999998e-06,-1.0,-0.05
502,-7.967999999999999e-06,-1.0,-0.05
503,-7.952e-06,-1.0,-0.05
504,-7.935999999999998e-06,-1.0,-0.07
505,-7.919999999999999e-06,-0.92,-0.05
506,-7.904e-06,-0.92,-0.05
507,-7.887999999999998e-06,-0.92,-0.07
508,-7.871999999999998e-06,-0.92,-0.07
509,-7.855999999999999e-06,-0.92,-0.07
510,-7.84e-06,-0.92,-0.07
511,-7.823999999999998e-06,-0.92,-0.07
512,-7.807999999999999e-06,-0.92,-0.07
513,-7.792e-06,-0.92,-0.07
514,-7.775999999999998e-06,-0.84,-0.07
515,-7.759999999999999e-06,-0.84,-0.07
516,-7.743999999999999e-06,-0.84,-0.07
517,-7.728e-06,-0.84,-0.07
518,-7.711999999999998e-06,-0.84,-0.07
519,-7.695999999999999e-06,-0.84,-0.07
520,-7.68e-06,-0.76,-0.07
521,-7.663999999999998e-06,-0.76,-0.07
522,-7.647999999999999e-06,-0.76,-0.07
523,-7.631999999999999e-06,-0.76,-0.07
524,-7.616e-06,-0.68,-0.07
525,-7.599999999999998e-06,-0.76,-0.07
526,-7.583999999999999e-06,-0.76,-0.07
527,-7.567999999999999e-06,-0.68,-0.07
528,-7.551999999999998e-06,-0.68,-0.09
529,-7.535999999999999e-06,-0.68,-0.07
530,-7.519999999999999e-06,-0.6,-0.07
531,-7.503999999999998e-06,-0.68,-0.07
532,-7.4879999999999984e-06,-0.68,-0.07
533,-7.471999999999999e-06,-0.68,-0.09
534,-7.4559999999999994e-06,-0.6,-0.07
535,-7.439999999999998e-06,-0.52,-0.07
536,-7.423999999999999e-06,-0.6,-0.09
537,-7.407999999999999e-06,-0.6,-0.07
538,-7.391999999999998e-06,-0.6,-0.07
539,-7.3759999999999985e-06,-0.52,-0.07
540,-7.359999999999999e-06,-0.52,-0.09
541,-7.3439999999999995e-06,-0.52,-0.09
542,-7.327999999999998e-06,-0.52,-0.07
543,-7.311999999999999e-06,-0.52,-0.09
544,-7.295999999999999e-06,-0.44,-0.09
545,-7.279999999999998e-06,-0.52,-0.07
546,-7.2639999999999986e-06,-0.52,-0.07
547,-7.247999999999999e-06,-0.44,-0.07
548,-7.2319999999999995e-06,-0.36,-0.09
549,-7.215999999999998e-06,-0.44,-0.09
550,-7.199999999999999e-06,-0.44,-0.07
551,-7.183999999999999e-06,-0.44,-0.07
552,-7.167999999999998e-06,-0.44,-0.07
553,-7.151999999999999e-06,-0.44,-0.09
554,-7.135999999999999e-06,-0.36,-0.07
555,-7.119999999999998e-06,-0.36,-0.09
556,-7.103999999999998e-06,-0.36,-0.09
557,-7.087999999999999e-06,-0.28,-0.09
558,-7.071999999999999e-06,-0.28,-0.07
559,-7.055999999999998e-06,-0.36,-0.09
560,-7.039999999999999e-06,-0.36,-0.07
561,-7.023999999999999e-06,-0.28,-0.09
562,-7.007999999999998e-06,-0.28,-0.07
563,-6.9919999999999984e-06,-0.28,-0.09
564,-6.975999999999999e-06,-0.28,-0.09
565,-6.9599999999999994e-06,-0.28,-0.07
566,-6.943999999999998e-06,-0.2,-0.09
567,-6.927999999999999e-06,-0.28,-0.07
568,-6.911999999999999e-06,-0.2,-0.09
569,-6.895999999999998e-06,-0.2,-0.07
570,-6.8799999999999985e-06,-0.2,-0.07
571,-6.863999999999999e-06,-0.2,-0.07
572,-6.8479999999999995e-06,-0.2,-0.09
573,-6.831999999999998e-06,-0.12,-0.09
574,-6.815999999999999e-06,-0.2,-0.09
575,-6.799999999999999e-06,-0.12,-0.09
576,-6.783999999999998e-06,-0.12,-0.09
577,-6.7679999999999986e-06,-0.12,-0.09
578,-6.751999999999999e-06,-0.12,-0.09
579,-6.7359999999999995e-06,-0.12,-0.07
580,-6.719999999999998e-06,-0.04,-0.07
581,-6.703999999999999e-06,-0.04,-0.09
582,-6.687999999999999e-06,0.04,-0.09
583,-6.671999999999998e-06,-0.04,-0.09
584,-6.655999999999999e-06,-0.04,-0.07
585,-6.639999999999999e-06,-0.04,-0.09
586,-6.623999999999998e-06,0.04,-0.09
587,-6.607999999999998e-06,0.04,-0.07
588,-6.591999999999999e-06,0.04,-0.09
589,-6.575999999999999e-06,0.04,-0.07
590,-6.559999999999998e-06,0.04,-0.09
591,-6.543999999999999e-06,0.04,-0.07
592,-6.527999999999999e-06,0.04,-0.07
593,-6.511999999999998e-06,0.04,-0.09
594,-6.4959999999999985e-06,0.12,-0.07
595,-6.479999999999999e-06,0.12,-0.07
596,-6.4639999999999994e-06,0.12,-0.09
597,-6.447999999999998e-06,0.2,-0.07
598,-6.431999999999999e-06,0.2,-0.07
599,-6.415999999999999e-06,0.2,-0.07
600,-6.399999999999998e-06,0.2,-0.07
601,-6.3839999999999985e-06,0.2,-0.09
602,-6.367999999999999e-06,0.2,-0.07
603,-6.3519999999999995e-06,0.2,-0.09
604,-6.335999999999998e-06,0.2,-0.07
605,-6.319999999999999e-06,0.2,-0.09
606,-6.303999999999999e-06,0.28,-0.07
607,-6.287999999999998e-06,0.28,-0.07
608,-6.2719999999999986e-06,0.28,-0.07
609,-6.255999999999999e-06,0.36,-0.07
610,-6.239999999999998e-06,0.28,-0.07
611,-6.223999999999998e-06,0.28,-0.07
612,-6.207999999999999e-06,0.28,-0.07
613,-6.191999999999999e-06,0.36,-0.07
614,-6.175999999999998e-06,0.36,-0.07
615,-6.159999999999999e-06,0.36,-0.07
616,-6.143999999999999e-06,0.36,-0.07
617,-6.127999999999998e-06,0.36,-0.07
618,-6.111999999999998e-06,0.36,-0.07
619,-6.095999999999999e-06,0.44,-0.05
620,-6.079999999999999e-06,0.44,-0.07
621,-6.063999999999998e-06,0.44,-0.05
622,-6.047999999999999e-06,0.44,-0.07
623,-6.031999999999999e-06,0.44,-0.07
624,-6.015999999999998e-06,0.52,-0.05
625,-5.9999999999999985e-06,0.44,-0.05
626,-5.983999999999999e-06,0.52,-0.07
627,-5.9679999999999994e-06,0.52,-0.05
628,-5.951999999999998e-06,0.52,-0.05
629,-5.935999999999999e-06,0.52,-0.05
630,-5.919999999999999e-06,0.52,-0.05
631,-5.903999999999998e-06,0.52,-0.05
632,-5.8879999999999985e-06,0.6,-0.05
633,-5.871999999999999e-06,0.6,-0.05
634,-5.855999999999998e-06,0.6,-0.05
635,-5.839999999999998e-06,0.6,-0.05
636,-5.823999999999999e-06,0.6,-0.05
637,-5.807999999999999e-06,0.6,-0.05
638,-5.791999999999998e-06,0.68,-0.03
639,-5.7759999999999986e-06,0.6,-0.05
640,-5.759999999999999e-06,0.68,-0.05
641,-5.743999999999998e-06,0.68,-0.03
642,-5.727999999999998e-06,0.68,-0.03
643,-5.711999999999999e-06,0.68,-0.03
644,-5.695999999999999e-06,0.68,-0.03
645,-5.679999999999998e-06,0.76,-0.05
646,-5.663999999999999e-06,0.68,-0.03
647,-5.647999999999999e-06,0.68,-0.05
648,-5.631999999999998e-06,0.76,-0.03
649,-5.615999999999998e-06,0.76,-0.03
650,-5.599999999999999e-06,0.76,-0.03
651,-5.583999999999999e-06,0.76,-0.03
652,-5.567999999999998e-06,0.76,-0.03
653,-5.551999999999999e-06,0.76,-0.03
654,-5.535999999999999e-06,0.76,-0.03
655,-5.519999999999998e-06,0.84,-0.03
656,-5.5039999999999985e-06,0.84,-0.03
657,-5.487999999999999e-06,0.84,-0.03
658,-5.4719999999999994e-06,0.84,-0.03
659,-5.455999999999998e-06,0.84,-0.01
660,-5.439999999999999e-06,0.92,-0.03
661,-5.423999999999999e-06,0.92,-0.01
662,-5.407999999999998e-06,0.84,-0.01
663,-5.3919999999999985e-06,0.92,-0.01
664,-5.375999999999999e-06,0.92,-0.03
665,-5.359999999999998e-06,0.92,-0.01
666,-5.343999999999998e-06,0.92,-0.01
667,-5.327999999999999e-06,1.0,-0.01
668,-5.311999999999999e-06,1.0,-0.01
669,-5.295999999999998e-06,1.0,-0.01
670,-5.2799999999999986e-06,1.0,-0.01
671,-5.263999999999999e-06,1.0,-0.01
672,-5.247999999999998e-06,1.0,-0.01
673,-5.231999999999998e-06,1.08,-0.01
674,-5.215999999999999e-06,1.08,0.01
675,-5.199999999999999e-06,1.08,0.01
676,-5.183999999999998e-06,1.08,0.01
677,-5.167999999999999e-06,1.08,0.01
678,-5.151999999999999e-06,1.08,-0.01
679,-5.135999999999998e-06,1.08,0.01
680,-5.119999999999998e-06,1.08,0.01
681,-5.103999999999999e-06,1.08,0.01
682,-5.087999999999999e-06,1.16,0.01
683,-5.071999999999998e-06,1.16,0.01
684,-5.055999999999999e-06,1.16,0.01
685,-5.039999999999999e-06,1.16,0.03
686,-5.023999999999998e-06,1.16,0.03
687,-5.0079999999999985e-06,1.24,0.01
688,-4.991999999999999e-06,1.24,0.01
689,-4.975999999999998e-06,1.24,0.03
690,-4.959999999999998e-06,1.24,0.03
691,-4.943999999999999e-06,1.24,0.03
692,-4.927999999999999e-06,1.32,0.03
693,-4.911999999999998e-06,1.24,0.03
694,-4.8959999999999985e-06,1.32,0.03
695,-4.879999999999999e-06,1.32,0.03
696,-4.863999999999998e-06,1.32,0.03
697,-4.847999999999998e-06,1.32,0.03
698,-4.831999999999999e-06,1.32,0.03
699,-4.815999999999999e-06,1.32,0.03
700,-4.799999999999998e-06,1.32,0.03
701,-4.783999999999999e-06,1.4000000000000001,0.03
702,-4.767999999999999e-06,1.4000000000000001,0.05
703,-4.751999999999998e-06,1.4000000000000001,0.03
704,-4.735999999999998e-06,1.48,0.05
705,-4.719999999999999e-06,1.4000000000000001,0.05
706,-4.703999999999999e-06,1.4000000000000001,0.05
707,-4.687999999999998e-06,1.4000000000000001,0.05
708,-4.671999999999999e-06,1.48,0.03
709,-4.655999999999999e-06,1.48,0.05
710,-4.639999999999998e-06,1.48,0.05
711,-4.623999999999998e-06,1.48,0.07
712,-4.607999999999999e-06,1.48,0.05
713,-4.591999999999999e-06,1.48,0.07
714,-4.575999999999998e-06,1.48,0.07
715,-4.559999999999999e-06,1.48,0.05
716,-4.543999999999999e-06,1.48,0.07
717,-4.527999999999998e-06,1.56,0.07
718,-4.5119999999999985e-06,1.56,0.07
719,-4.495999999999999e-06,1.6400000000000001,0.07
720,-4.479999999999998e-06,1.56,0.07
721,-4.463999999999998e-06,1.56,0.09
722,-4.447999999999999e-06,1.56,0.09
723,-4.431999999999999e-06,1.6400000000000001,0.09
724,-4.415999999999998e-06,1.6400000000000001,0.09
725,-4.3999999999999985e-06,1.6400000000000001,0.07
726,-4.383999999999999e-06,1.72,0.09
727,-4.367999999999998e-06,1.6400000000000001,0.07
728,-4.351999999999998e-06,1.72,0.09
729,-4.335999999999999e-06,1.6400000000000001,0.09
730,-4.319999999999999e-06,1.72,0.09
731,-4.303999999999998e-06,1.72,0.09
732,-4.287999999999999e-06,1.72,0.11
733,-4.271999999999999e-06,1.72,0.11
734,-4.255999999999998e-06,1.72,0.11
735,-4.239999999999998e-06,1.8,0.09
736,-4.223999999999999e-06,1.8,0.11
737,-4.207999999999999e-06,1.8,0.11
738,-4.191999999999998e-06,1.8,0.11
739,-4.175999999999999e-06,1.8,0.11
740,-4.159999999999999e-06,1.8,0.11
741,-4.143999999999998e-06,1.8800000000000001,0.11
742,-4.1279999999999984e-06,1.8800000000000001,0.11
743,-4.111999999999999e-06,1.8800000000000001,0.11
744,-4.095999999999998e-06,1.8800000000000001,0.11
745,-4.079999999999998e-06,1.8800000000000001,0.13
746,-4.063999999999999e-06,1.8800000000000001,0.13
747,-4.047999999999999e-06,1.8800000000000001,0.13
748,-4.031999999999998e-06,1.8800000000000001,0.13
749,-4.0159999999999985e-06,1.96,0.13
750,-3.999999999999999e-06,1.96,0.13
751,-3.983999999999998e-06,1.96,0.13
752,-3.967999999999998e-06,1.96,0.15
753,-3.951999999999999e-06,1.96,0.15
754,-3.935999999999999e-06,1.96,0.15
755,-3.919999999999998e-06,1.96,0.15
756,-3.9039999999999985e-06,1.96,0.15
757,-3.887999999999999e-06,2.04,0.15
758,-3.871999999999998e-06,2.04,0.15
759,-3.855999999999998e-06,2.04,0.15
760,-3.839999999999999e-06,2.04,0.15
761,-3.823999999999999e-06,2.04,0.17
762,-3.807999999999998e-06,2.04,0.17
763,-3.7919999999999986e-06,2.12,0.17
764,-3.775999999999999e-06,2.12,0.17
765,-3.759999999999998e-06,2.12,0.17
766,-3.7439999999999984e-06,2.12,0.17
767,-3.727999999999999e-06,2.12,0.17
768,-3.7119999999999977e-06,2.12,0.19
769,-3.695999999999998e-06,2.2,0.17
770,-3.6799999999999986e-06,2.2,0.17
771,-3.663999999999999e-06,2.2,0.19
772,-3.647999999999998e-06,2.2,0.17
773,-3.6319999999999984e-06,2.2,0.19
774,-3.615999999999999e-06,2.2,0.19
775,-3.5999999999999977e-06,2.2,0.19
776,-3.583999999999998e-06,2.2800000000000002,0.19
777,-3.5679999999999987e-06,2.2800000000000002,0.19
778,-3.551999999999999e-06,2.2800000000000002,0.19
779,-3.535999999999998e-06,2.2800000000000002,0.21
780,-3.5199999999999985e-06,2.2800000000000002,0.21
781,-3.503999999999999e-06,2.2800000000000002,0.19
782,-3.4879999999999978e-06,2.36,0.21
783,-3.4719999999999983e-06,2.2800000000000002,0.21
784,-3.4559999999999988e-06,2.36,0.21
785,-3.4399999999999993e-06,2.36,0.21
786,-3.423999999999998e-06,2.36,0.21
787,-3.4079999999999985e-06,2.36,0.21
788,-3.391999999999999e-06,2.36,0.23
789,-3.375999999999998e-06,2.36,0.21
790,-3.3599999999999983e-06,2.44,0.23
791,-3.343999999999999e-06,2.44,0.23
792,-3.3279999999999993e-06,2.44,0.23
793,-3.311999999999998e-06,2.44,0.21
794,-3.2959999999999986e-06,2.44,0.23
795,-3.279999999999999e-06,2.52,0.23
796,-3.263999999999998e-06,1.32,0.17
797,-3.2479999999999984e-06,-1.48,0.13
798,-3.231999999999999e-06,-2.12,0.21
799,-3.2159999999999977e-06,-2.52,0.25
800,-3.199999999999998e-06,-2.2800000000000002,0.21
801,-3.1839999999999987e-06,-2.44,0.17
802,-3.167999999999999e-06,-2.44,0.17
803,-3.151999999999998e-06,-2.2800000000000002,0.19
804,-3.1359999999999984e-06,-2.44,0.17
805,-3.119999999999999e-06,-2.36,0.17
806,-3.1039999999999977e-06,-2.36,0.17
807,-3.0879999999999982e-06,-2.36,0.17
808,-3.0719999999999987e-06,-2.2800000000000002,0.17
809,-3.055999999999999e-06,-2.2800000000000002,0.15
810,-3.039999999999998e-06,-2.2800000000000002,0.15
811,-3.0239999999999985e-06,-2.2800000000000002,0.15
812,-3.007999999999999e-06,-2.2,0.15
813,-2.9919999999999978e-06,-2.2800000000000002,0.15
814,-2.9759999999999983e-06,-2.2800000000000002,0.13
815,-2.9599999999999988e-06,-2.2800000000000002,0.15
816,-2.9439999999999993e-06,-2.2800000000000002,0.15
817,-2.927999999999998e-06,-2.2,0.13
818,-2.9119999999999985e-06,-2.2,0.15
819,-2.895999999999999e-06,-2.2,0.13
820,-2.879999999999998e-06,-2.12,0.13
821,-2.8639999999999983e-06,-2.2,0.13
822,-2.847999999999999e-06,-2.12,0.13
823,-2.8319999999999976e-06,-2.12,0.13
824,-2.815999999999998e-06,-2.12,0.11
825,-2.7999999999999986e-06,-2.12,0.11
826,-2.783999999999999e-06,-2.12,0.11
827,-2.767999999999998e-06,-2.12,0.11
828,-2.7519999999999984e-06,-2.04,0.11
829,-2.735999999999999e-06,-2.04,0.11
830,-2.7199999999999977e-06,-2.04,0.11
831,-2.703999999999998e-06,-2.04,0.11
832,-2.6879999999999987e-06,-2.04,0.11
833,-2.671999999999999e-06,-2.04,0.11
834,-2.655999999999998e-06,-1.96,0.09
835,-2.6399999999999984e-06,-1.96,0.09
836,-2.623999999999999e-06,-1.8800000000000001,0.09
837,-2.6079999999999977e-06,-1.96,0.09
838,-2.5919999999999982e-06,-1.96,0.09
839,-2.5759999999999987e-06,-1.96,0.09
840,-2.559999999999999e-06,-1.96,0.09
841,-2.543999999999998e-06,-1.8800000000000001,0.07
842,-2.5279999999999985e-06,-1.8800000000000001,0.07
843,-2.511999999999999e-06,-1.8800000000000001,0.07
844,-2.4959999999999978e-06,-1.8800000000000001,0.05
845,-2.4799999999999983e-06,-1.8800000000000001,0.07
846,-2.4639999999999988e-06,-1.8800000000000001,0.07
847,-2.4479999999999993e-06,-1.8800000000000001,0.07
848,-2.431999999999998e-06,-1.8,0.05
849,-2.4159999999999986e-06,-1.8,0.07
850,-2.399999999999999e-06,-1.8,0.05
851,-2.383999999999998e-06,-1.8,0.05
852,-2.3679999999999983e-06,-1.8,0.05
853,-2.351999999999999e-06,-1.72,0.05
854,-2.3359999999999976e-06,-1.72,0.05
855,-2.319999999999998e-06,-1.8,0.05
856,-2.3039999999999986e-06,-1.72,0.03
857,-2.287999999999999e-06,-1.72,0.03
858,-2.271999999999998e-06,-1.72,0.05
859,-2.2559999999999984e-06,-1.72,0.03
860,-2.239999999999999e-06,-1.72,0.03
861,-2.2239999999999977e-06,-1.72,0.03
862,-2.207999999999998e-06,-1.6400000000000001,0.03
863,-2.1919999999999987e-06,-1.6400000000000001,0.03
864,-2.175999999999999e-06,-1.6400000000000001,0.03
865,-2.159999999999998e-06,-1.6400000000000001,0.03
866,-2.1439999999999984e-06,-1.6400000000000001,0.01
867,-2.127999999999999e-06,-1.56,0.03
868,-2.1119999999999977e-06,-1.56,0.03
869,-2.0959999999999982e-06,-1.56,0.01
870,-2.0799999999999987e-06,-1.56,0.01
871,-2.0639999999999992e-06,-1.56,0.01
872,-2.047999999999998e-06,-1.56,0.01
873,-2.0319999999999985e-06,-1.56,0.01
874,-2.015999999999999e-06,-1.56,0.01
875,-1.999999999999998e-06,-1.48,-0.01
876,-1.9839999999999983e-06,-1.48,-0.01
877,-1.9679999999999988e-06,-1.48,0.01
878,-1.9519999999999976e-06,-1.48,0.01
879,-1.935999999999998e-06,-1.48,-0.01
880,-1.9199999999999986e-06,-1.48,-0.01
881,-1.903999999999999e-06,-1.48,-0.01
882,-1.8879999999999978e-06,-1.4000000000000001,-0.01
883,-1.8719999999999983e-06,-1.4000000000000001,-0.01
884,-1.8559999999999988e-06,-1.4000000000000001,-0.01
885,-1.8399999999999976e-06,-1.32,-0.01
886,-1.8239999999999981e-06,-1.4000000000000001,-0.01
887,-1.8079999999999986e-06,-1.32,-0.01
888,-1.791999999999999e-06,-1.32,-0.01
889,-1.775999999999998e-06,-1.32,-0.03
890,-1.7599999999999984e-06,-1.32,-0.03
891,-1.7439999999999989e-06,-1.32,-0.03
892,-1.7279999999999977e-06,-1.32,-0.03
893,-1.7119999999999982e-06,-1.32,-0.03
894,-1.6959999999999987e-06,-1.24,-0.03
895,-1.6799999999999992e-06,-1.24,-0.03
896,-1.663999999999998e-06,-1.24,-0.03
897,-1.6479999999999985e-06,-1.24,-0.03
898,-1.631999999999999e-06,-1.16,-0.03
899,-1.6159999999999977e-06,-1.24,-0.03
900,-1.5999999999999982e-06,-1.24,-0.03
901,-1.5839999999999987e-06,-1.24,-0.03
902,-1.5679999999999992e-06,-1.24,-0.05
903,-1.551999999999998e-06,-1.16,-0.03
904,-1.5359999999999985e-06,-1.16,-0.03
905,-1.519999999999999e-06,-1.16,-0.05
906,-1.5039999999999978e-06,-1.16,-0.03
907,-1.4879999999999983e-06,-1.16,-0.05
908,-1.4719999999999988e-06,-1.08,-0.05
909,-1.4559999999999976e-06,-1.08,-0.05
910,-1.439999999999998e-06,-1.08,-0.05
911,-1.4239999999999986e-06,-1.08,-0.05
912,-1.407999999999999e-06,-1.0,-0.05
913,-1.3919999999999979e-06,-1.08,-0.05
914,-1.3759999999999983e-06,-1.0,-0.05
915,-1.3599999999999988e-06,-1.08,-0.05
916,-1.3439999999999976e-06,-1.0,-0.05
917,-1.3279999999999981e-06,-1.0,-0.05
918,-1.3119999999999986e-06,-1.0,-0.05
919,-1.2959999999999991e-06,-1.0,-0.07
920,-1.279999999999998e-06,-1.0,-0.07
921,-1.2639999999999984e-06,-1.0,-0.05
922,-1.2479999999999989e-06,-0.92,-0.07
923,-1.2319999999999977e-06,-0.92,-0.07
924,-1.2159999999999982e-06,-0.92,-0.07
925,-1.1999999999999987e-06,-0.92,-0.05
926,-1.1839999999999992e-06,-0.92,-0.07
927,-1.167999999999998e-06,-0.92,-0.07
928,-1.1519999999999985e-06,-0.92,-0.07
929,-1.135999999999999e-06,-0.84,-0.07
930,-1.1199999999999977e-06,-0.84,-0.07
931,-1.1039999999999982e-06,-0.84,-0.07
932,-1.0879999999999987e-06,-0.84,-0.07
933,-1.0719999999999975e-06,-0.76,-0.07
934,-1.055999999999998e-06,-0.84,-0.07
935,-1.0399999999999985e-06,-0.76,-0.07
936,-1.023999999999999e-06,-0.76,-0.07
937,-1.0079999999999978e-06,-0.76,-0.07
938,-9.919999999999983e-07,-0.84,-0.07
939,-9.759999999999988e-07,-0.76,-0.07
940,-9.599999999999976e-07,-0.76,-0.07
941,-9.439999999999981e-07,-0.76,-0.07
942,-9.279999999999986e-07,-0.76,-0.07
943,-9.119999999999991e-07,-0.76,-0.07
944,-8.959999999999979e-07,-0.68,-0.09
945,-8.799999999999984e-07,-0.68,-0.07
946,-8.639999999999988e-07,-0.68,-0.09
947,-8.479999999999976e-07,-0.68,-0.07
948,-8.319999999999981e-07,-0.68,-0.07
949,-8.159999999999986e-07,-0.68,-0.07
950,-7.999999999999991e-07,-0.68,-0.07
951,-7.839999999999979e-07,-0.68,-0.09
952,-7.679999999999984e-07,-0.6,-0.09
953,-7.519999999999989e-07,-0.6,-0.07
954,-7.359999999999977e-07,-0.52,-0.07
955,-7.199999999999999e-07,-0.6,-0.09
956,-7.039999999999987e-07,-0.6,-0.07
957,-6.879999999999975e-07,-0.52,-0.07
958,-6.719999999999997e-07,-0.52,-0.07
959,-6.559999999999985e-07,-0.52,-0.07
960,-6.399999999999973e-07,-0.52,-0.07
961,-6.239999999999994e-07,-0.52,-0.07
962,-6.079999999999982e-07,-0.52,-0.07
963,-5.91999999999997e-07,-0.44,-0.07
964,-5.759999999999992e-07,-0.52,-0.07
965,-5.59999999999998e-07,-0.44,-0.07
966,-5.439999999999968e-07,-0.44,-0.09
967,-5.27999999999999e-07,-0.44,-0.07
968,-5.119999999999978e-07,-0.44,-0.07
969,-4.96e-07,-0.44,-0.07
970,-4.799999999999988e-07,-0.44,-0.07
971,-4.639999999999976e-07,-0.36,-0.09
972,-4.479999999999998e-07,-0.36,-0.09
973,-4.319999999999986e-07,-0.28,-0.07
974,-4.1599999999999737e-07,-0.36,-0.09
975,-3.9999999999999956e-07,-0.36,-0.09
976,-3.8399999999999836e-07,-0.36,-0.07
977,-3.6799999999999715e-07,-0.28,-0.07
978,-3.5199999999999934e-07,-0.28,-0.07
979,-3.3599999999999814e-07,-0.28,-0.09
980,-3.1999999999999694e-07,-0.28,-0.09
981,-3.039999999999991e-07,-0.28,-0.07
982,-2.879999999999979e-07,-0.28,-0.09
983,-2.719999999999967e-07,-0.28,-0.09
984,-2.559999999999989e-07,-0.2,-0.09
985,-2.399999999999977e-07,-0.2,-0.07
986,-2.239999999999999e-07,-0.2,-0.09
987,-2.0799999999999869e-07,-0.2,-0.09
988,-1.9199999999999748e-07,-0.12,-0.09
989,-1.7599999999999967e-07,-0.12,-0.09
990,-1.5999999999999847e-07,-0.12,-0.07
991,-1.4399999999999727e-07,-0.12,-0.07
992,-1.2799999999999945e-07,-0.12,-0.07
993,-1.1199999999999825e-07,-0.12,-0.09
994,-9.599999999999705e-08,-0.12,-0.09
995,-7.999999999999923e-08,-0.12,-0.07
996,-6.399999999999803e-08,-0.04,-0.07
997,-4.799999999999683e-08,-0.04,-0.09
998,-3.1999999999999016e-08,-0.04,-0.09
999,-1.5999999999997814e-08,-0.04,-0.09
1000,3.3881317890172014e-21,-0.04,-0.07
1001,1.6000000000001202e-08,-0.04,-0.09
1002,3.2000000000002404e-08,-0.04,-0.07
1003,4.800000000000022e-08,0.04,-0.07
1004,6.400000000000142e-08,0.04,-0.07
1005,8.000000000000262e-08,0.04,-0.09
1006,9.600000000000044e-08,0.04,-0.07
1007,1.1200000000000164e-07,0.04,-0.09
1008,1.2800000000000284e-07,0.04,-0.07
1009,1.4400000000000065e-07,0.12,-0.07
1010,1.6000000000000186e-07,0.12,-0.07
1011,1.7600000000000306e-07,0.12,-0.07
1012,1.9200000000000087e-07,0.12,-0.07
1013,2.0800000000000207e-07,0.12,-0.07
1014,2.2400000000000328e-07,0.2,-0.07
1015,2.400000000000011e-07,0.12,-0.07
1016,2.560000000000023e-07,0.2,-0.07
1017,2.720000000000001e-07,0.2,-0.09
1018,2.880000000000013e-07,0.2,-0.07
1019,3.040000000000025e-07,0.2,-0.07
1020,3.200000000000003e-07,0.2,-0.07
1021,3.360000000000015e-07,0.2,-0.07
1022,3.5200000000000273e-07,0.28,-0.07
1023,3.6800000000000054e-07,0.28,-0.07
1024,3.8400000000000174e-07,0.28,-0.07
1025,4.0000000000000295e-07,0.28,-0.07
1026,4.1600000000000076e-07,0.28,-0.07
1027,4.3200000000000196e-07,0.28,-0.07
1028,4.4800000000000316e-07,0.28,-0.07
1029,4.64000000000001e-07,0.36,-0.07
1030,4.800000000000022e-07,0.36,-0.05
1031,4.960000000000034e-07,0.36,-0.07
1032,5.120000000000012e-07,0.36,-0.07
1033,5.280000000000024e-07,0.36,-0.07
1034,5.440000000000002e-07,0.36,-0.05
1035,5.600000000000014e-07,0.36,-0.07
1036,5.760000000000026e-07,0.44,-0.07
1037,5.920000000000004e-07,0.44,-0.05
1038,6.080000000000016e-07,0.44,-0.07
1039,6.240000000000028e-07,0.44,-0.05
1040,6.400000000000006e-07,0.44,-0.05
1041,6.560000000000019e-07,0.44,-0.05
1042,6.72000000000003e-07,0.44,-0.05
1043,6.880000000000009e-07,0.52,-0.05
1044,7.040000000000021e-07,0.52,-0.05
1045,7.200000000000033e-07,0.52,-0.05
1046,7.360000000000011e-07,0.52,-0.05
1047,7.520000000000023e-07,0.52,-0.05
1048,7.680000000000001e-07,0.52,-0.05
1049,7.840000000000013e-07,0.6,-0.05
1050,8.000000000000025e-07,0.6,-0.05
1051,8.160000000000003e-07,0.6,-0.05
1052,8.320000000000015e-07,0.6,-0.05
1053,8.480000000000027e-07,0.6,-0.05
1054,8.640000000000005e-07,0.6,-0.03
1055,8.800000000000017e-07,0.68,-0.03
1056,8.960000000000029e-07,0.6,-0.05
1057,9.120000000000008e-07,0.6,-0.05
1058,9.28000000000002e-07,0.68,-0.05
1059,9.440000000000032e-07,0.68,-0.05
1060,9.60000000000001e-07,0.68,-0.03
1061,9.760000000000022e-07,0.68,-0.03
1062,9.920000000000034e-07,0.68,-0.03
1063,1.0080000000000012e-06,0.68,-0.03
1064,1.0240000000000024e-06,0.76,-0.03
1065,1.0400000000000002e-06,0.76,-0.03
1066,1.0560000000000014e-06,0.76,-0.03
1067,1.0720000000000026e-06,0.76,-0.03
1068,1.0880000000000004e-06,0.76,-0.03
1069,1.1040000000000016e-06,0.76,-0.03
1070,1.1200000000000028e-06,0.84,-0.03
1071,1.1360000000000006e-06,0.84,-0.03
1072,1.1520000000000018e-06,0.84,-0.03
1073,1.168000000000003e-06,0.92,-0.03
1074,1.1840000000000009e-06,0.84,-0.01
1075,1.200000000000002e-06,0.84,-0.01
1076,1.2160000000000033e-06,0.92,-0.01
1077,1.232000000000001e-06,0.92,-0.03
1078,1.2480000000000023e-06,0.92,-0.01
1079,1.2640000000000035e-06,0.92,-0.03
1080,1.2800000000000013e-06,1.0,-0.01
1081,1.2960000000000025e-06,0.92,-0.01
1082,1.3120000000000003e-06,0.92,-0.01
1083,1.3280000000000015e-06,1.0,-0.01
1084,1.3440000000000027e-06,1.0,-0.03
1085,1.3600000000000005e-06,1.0,-0.01
1086,1.3760000000000017e-06,1.08,-0.01
1087,1.392000000000003e-06,1.0,-0.01
1088,1.4080000000000007e-06,1.0,-0.01
1089,1.424000000000002e-06,1.08,-0.01
1090,1.4400000000000032e-06,1.08,-0.01
1091,1.456000000000001e-06,1.08,0.01
1092,1.4720000000000022e-06,1.16,-0.01
1093,1.4880000000000034e-06,1.08,-0.01
1094,1.5040000000000012e-06,1.08,0.01
1095,1.5200000000000024e-06,1.08,-0.01
1096,1.5360000000000002e-06,1.08,0.01
1097,1.5520000000000014e-06,1.16,0.01
1098,1.5680000000000026e-06,1.16,0.01
1099,1.5840000000000004e-06,1.16,0.01
1100,1.6000000000000016e-06,1.24,0.01
1101,1.6160000000000028e-06,1.16,0.01
1102,1.6320000000000006e-06,1.16,0.01
1103,1.6480000000000018e-06,1.16,0.01
1104,1.664000000000003e-06,1.16,0.01
1105,1.6800000000000009e-06,1.24,0.01
1106,1.696000000000002e-06,1.24,0.03
1107,1.7120000000000033e-06,1.24,0.01
1108,1.728000000000001e-06,1.24,0.01
1109,1.7440000000000023e-06,1.24,0.01
1110,1.7600000000000035e-06,1.24,0.03
1111,1.7760000000000013e-06,1.24,0.03
1112,1.7920000000000025e-06,1.32,0.03
1113,1.8080000000000003e-06,1.32,0.03
1114,1.8240000000000015e-06,1.32,0.03
1115,1.8400000000000027e-06,1.32,0.03
1116,1.8560000000000005e-06,1.4000000000000001,0.03
1117,1.8720000000000017e-06,1.32,0.03
1118,1.888000000000003e-06,1.4000000000000001,0.05
1119,1.9040000000000007e-06,1.4000000000000001,0.05
1120,1.920000000000002e-06,1.4000000000000001,0.05
1121,1.936000000000003e-06,1.4000000000000001,0.05
1122,1.952000000000001e-06,1.4000000000000001,0.05
1123,1.968000000000002e-06,1.4000000000000001,0.05
1124,1.9840000000000034e-06,1.48,0.07
1125,2.000000000000001e-06,1.48,0.05
1126,2.0160000000000024e-06,1.4000000000000001,0.05
1127,2.032e-06,1.48,0.05
1128,2.0480000000000014e-06,1.56,0.05
1129,2.0640000000000026e-06,1.48,0.07
1130,2.0800000000000004e-06,1.48,0.07
1131,2.0960000000000016e-06,1.48,0.07
1132,2.112000000000003e-06,1.56,0.07
1133,2.1280000000000006e-06,1.56,0.07
1134,2.144000000000002e-06,1.56,0.07
1135,2.160000000000003e-06,1.56,0.07
1136,2.176000000000001e-06,1.56,0.07
1137,2.192000000000002e-06,1.56,0.07
1138,2.2080000000000033e-06,1.6400000000000001,0.07
1139,2.224000000000001e-06,1.6400000000000001,0.09
1140,2.2400000000000023e-06,1.6400000000000001,0.07
1141,2.2560000000000035e-06,1.6400000000000001,0.07
1142,2.2720000000000013e-06,1.6400000000000001,0.09
1143,2.2880000000000025e-06,1.6400000000000001,0.09
1144,2.3040000000000003e-06,1.6400000000000001,0.09
1145,2.3200000000000015e-06,1.72,0.09
1146,2.3360000000000027e-06,1.6400000000000001,0.09
1147,2.3520000000000005e-06,1.72,0.09
1148,2.3680000000000017e-06,1.72,0.09
1149,2.384000000000003e-06,1.72,0.11
1150,2.4000000000000007e-06,1.72,0.09
1151,2.416000000000002e-06,1.72,0.09
1152,2.432000000000003e-06,1.8,0.11
1153,2.448000000000001e-06,1.8,0.09
1154,2.464000000000002e-06,1.8,0.11
1155,2.4800000000000034e-06,1.8,0.11
1156,2.496000000000001e-06,1.8,0.11
1157,2.5120000000000024e-06,1.8,0.11
1158,2.528e-06,1.8,0.11
1159,2.5440000000000014e-06,1.8800000000000001,0.11
1160,2.5600000000000026e-06,1.8800000000000001,0.13
1161,2.5760000000000004e-06,1.8800000000000001,0.11
1162,2.5920000000000016e-06,1.8800000000000001,0.13
1163,2.608000000000003e-06,1.8800000000000001,0.13
1164,2.6240000000000006e-06,1.96,0.13
1165,2.640000000000002e-06,1.8800000000000001,0.13
1166,2.656000000000003e-06,1.96,0.13
1167,2.672000000000001e-06,1.96,0.13
1168,2.688000000000002e-06,1.96,0.13
1169,2.7040000000000032e-06,1.96,0.15
1170,2.720000000000001e-06,1.96,0.15
1171,2.7360000000000023e-06,1.96,0.13
1172,2.7520000000000035e-06,2.04,0.15
1173,2.7680000000000013e-06,2.04,0.15
1174,2.7840000000000025e-06,2.04,0.15
1175,2.8000000000000003e-06,2.04,0.15
1176,2.8160000000000015e-06,2.04,0.15
1177,2.8320000000000027e-06,2.04,0.15
1178,2.8480000000000005e-06,2.12,0.15
1179,2.8640000000000017e-06,2.04,0.15
1180,2.880000000000003e-06,2.04,0.15
1181,2.8960000000000007e-06,2.12,0.15
1182,2.912000000000002e-06,2.12,0.17
1183,2.928000000000003e-06,2.12,0.17
1184,2.944000000000001e-06,2.12,0.17
1185,2.960000000000002e-06,2.12,0.17
1186,2.9760000000000034e-06,2.2,0.17
1187,2.992000000000001e-06,2.2,0.19
1188,3.0080000000000024e-06,2.2,0.17
1189,3.0240000000000036e-06,2.2,0.17
1190,3.0400000000000014e-06,2.2,0.19
1191,3.0560000000000026e-06,2.2,0.19
1192,3.0720000000000004e-06,2.2800000000000002,0.19
1193,3.0880000000000016e-06,2.2800000000000002,0.19
1194,3.104000000000003e-06,2.2800000000000002,0.19
1195,3.1200000000000006e-06,2.2800000000000002,0.19
1196,3.136000000000002e-06,2.2800000000000002,0.19
1197,3.152000000000003e-06,2.2800000000000002,0.21
1198,3.168000000000001e-06,2.2800000000000002,0.21
1199,3.184000000000002e-06,2.36,0.21
1200,3.2000000000000032e-06,2.36,0.21
1201,3.216000000000001e-06,2.36,0.19
1202,3.2320000000000023e-06,2.36,0.21
1203,3.2480000000000035e-06,2.36,0.21
1204,3.2640000000000013e-06,2.36,0.21
1205,3.2800000000000025e-06,2.36,0.23
1206,3.2960000000000003e-06,2.44,0.21
1207,3.3120000000000015e-06,2.44,0.23
1208,3.3280000000000027e-06,2.44,0.23
1209,3.3440000000000005e-06,2.44,0.23
1210,3.3600000000000017e-06,2.44,0.23
1211,3.376000000000003e-06,2.44,0.25
1212,3.3920000000000007e-06,2.44,0.23
1213,3.408000000000002e-06,1.32,0.25
1214,3.424000000000003e-06,-1.56,0.23
1215,3.440000000000001e-06,-2.12,0.15
1216,3.456000000000002e-06,-2.52,0.13
1217,3.4720000000000033e-06,-2.2800000000000002,0.19
1218,3.488000000000001e-06,-2.44,0.19
1219,3.5040000000000024e-06,-2.44,0.17
1220,3.5200000000000036e-06,-2.36,0.17
1221,3.5360000000000014e-06,-2.36,0.17
1222,3.5520000000000026e-06,-2.36,0.17
1223,3.5680000000000004e-06,-2.2800000000000002,0.17
1224,3.5840000000000016e-06,-2.36,0.17
1225,3.600000000000003e-06,-2.2800000000000002,0.15
1226,3.6160000000000006e-06,-2.2,0.17
1227,3.632000000000002e-06,-2.2800000000000002,0.15
1228,3.648000000000003e-06,-2.2800000000000002,0.15
1229,3.664000000000001e-06,-2.2,0.15
1230,3.680000000000002e-06,-2.2800000000000002,0.15
1231,3.6960000000000032e-06,-2.2800000000000002,0.15
1232,3.712000000000001e-06,-2.2,0.15
1233,3.7280000000000023e-06,-2.2,0.13
1234,3.7440000000000035e-06,-2.2,0.13
1235,3.7600000000000013e-06,-2.2,0.13
1236,3.7760000000000025e-06,-2.12,0.13
1237,3.7920000000000003e-06,-2.2,0.11
1238,3.8080000000000015e-06,-2.2,0.13
1239,3.824000000000003e-06,-2.12,0.13
1240,3.8400000000000005e-06,-2.12,0.13
1241,3.856000000000002e-06,-2.12,0.11
1242,3.872000000000003e-06,-2.12,0.11
1243,3.888000000000001e-06,-2.12,0.11
1244,3.904000000000002e-06,-2.12,0.11
1245,3.920000000000003e-06,-2.12,0.11
1246,3.936000000000001e-06,-2.04,0.11
1247,3.952000000000002e-06,-2.04,0.11
1248,3.968000000000003e-06,-2.04,0.11
1249,3.984000000000001e-06,-2.04,0.09
1250,4.000000000000002e-06,-2.04,0.09
1251,4.0160000000000036e-06,-2.04,0.09
1252,4.032000000000001e-06,-1.96,0.09
1253,4.048000000000003e-06,-1.96,0.07
1254,4.064e-06,-1.96,0.09
1255,4.080000000000002e-06,-1.96,0.07
1256,4.096000000000003e-06,-1.96,0.07
1257,4.112000000000001e-06,-1.8800000000000001,0.07
1258,4.128000000000002e-06,-1.8800000000000001,0.07
1259,4.144000000000003e-06,-1.96,0.07
1260,4.160000000000001e-06,-1.8800000000000001,0.05
1261,4.176000000000002e-06,-1.8800000000000001,0.07
1262,4.192000000000003e-06,-1.8800000000000001,0.07
1263,4.208000000000001e-06,-1.8,0.07
1264,4.224000000000002e-06,-1.8,0.05
1265,4.2400000000000035e-06,-1.8,0.05
1266,4.256000000000001e-06,-1.8,0.05
1267,4.2720000000000025e-06,-1.8,0.05
1268,4.288000000000004e-06,-1.8,0.07
1269,4.3040000000000015e-06,-1.8,0.05
1270,4.320000000000003e-06,-1.8,0.05
1271,4.3360000000000005e-06,-1.72,0.03
1272,4.352000000000002e-06,-1.72,0.03
1273,4.368000000000003e-06,-1.6400000000000001,0.05
1274,4.384000000000001e-06,-1.72,0.05
1275,4.400000000000002e-06,-1.72,0.03
1276,4.416000000000003e-06,-1.72,0.03
1277,4.432000000000001e-06,-1.72,0.03
1278,4.448000000000002e-06,-1.6400000000000001,0.03
1279,4.464000000000003e-06,-1.56,0.03
1280,4.480000000000001e-06,-1.6400000000000001,0.03
1281,4.496000000000002e-06,-1.6400000000000001,0.01
1282,4.5120000000000036e-06,-1.6400000000000001,0.03
1283,4.528000000000001e-06,-1.56,0.03
1284,4.5440000000000026e-06,-1.56,0.01
1285,4.56e-06,-1.6400000000000001,0.01
1286,4.576000000000002e-06,-1.56,0.01
1287,4.592000000000003e-06,-1.56,0.01
1288,4.608000000000001e-06,-1.48,0.01
1289,4.624000000000002e-06,-1.56,0.01
1290,4.640000000000003e-06,-1.56,0.01
1291,4.656000000000001e-06,-1.48,0.01
1292,4.672000000000002e-06,-1.48,0.01
1293,4.688000000000003e-06,-1.48,0.01
1294,4.704000000000001e-06,-1.48,-0.01
1295,4.720000000000002e-06,-1.48,-0.01
1296,4.7360000000000034e-06,-1.48,-0.01
1297,4.752000000000001e-06,-1.4000000000000001,-0.01
1298,4.7680000000000025e-06,-1.4000000000000001,-0.01
1299,4.784000000000004e-06,-1.4000000000000001,-0.01
1300,4.8000000000000015e-06,-1.4000000000000001,-0.01
1301,4.816000000000003e-06,-1.32,-0.01
1302,4.8320000000000005e-06,-1.4000000000000001,-0.01
1303,4.848000000000002e-06,-1.4000000000000001,-0.01
1304,4.864000000000003e-06,-1.32,-0.01
1305,4.880000000000001e-06,-1.32,-0.03
1306,4.896000000000002e-06,-1.24,-0.03
1307,4.912000000000003e-06,-1.32,-0.01
1308,4.928000000000001e-06,-1.32,-0.03
1309,4.944000000000002e-06,-1.32,-0.01
1310,4.960000000000003e-06,-1.32,-0.03
1311,4.976000000000001e-06,-1.24,-0.01
1312,4.992000000000002e-06,-1.24,-0.03
1313,5.0080000000000036e-06,-1.24,-0.03
1314,5.024000000000001e-06,-1.24,-0.03
1315,5.0400000000000026e-06,-1.16,-0.03
1316,5.056e-06,-1.24,-0.03
1317,5.072000000000002e-06,-1.24,-0.05
1318,5.088000000000003e-06,-1.24,-0.03
1319,5.104000000000001e-06,-1.16,-0.03
1320,5.120000000000002e-06,-1.16,-0.03
1321,5.136000000000003e-06,-1.16,-0.05
1322,5.152000000000001e-06,-1.16,-0.05
1323,5.168000000000002e-06,-1.08,-0.03
1324,5.184000000000003e-06,-1.16,-0.05
1325,5.200000000000001e-06,-1.08,-0.05
1326,5.216000000000002e-06,-1.08,-0.05
1327,5.2320000000000034e-06,-1.08,-0.05
1328,5.248000000000001e-06,-1.08,-0.05
1329,5.2640000000000025e-06,-1.08,-0.05
1330,5.280000000000004e-06,-1.0,-0.05
1331,5.2960000000000015e-06,-1.08,-0.05
1332,5.312000000000003e-06,-1.0,-0.05
1333,5.3280000000000005e-06,-1.0,-0.05
1334,5.344000000000002e-06,-1.0,-0.05
1335,5.360000000000003e-06,-1.0,-0.05
1336,5.376000000000001e-06,-1.0,-0.05
1337,5.392000000000002e-06,-1.0,-0.07
1338,5.408000000000003e-06,-0.92,-0.05
1339,5.424000000000001e-06,-0.92,-0.07
1340,5.440000000000002e-06,-0.92,-0.05
1341,5.456000000000003e-06,-0.92,-0.05
1342,5.472000000000001e-06,-0.84,-0.05
1343,5.488000000000002e-06,-0.92,-0.07
1344,5.5040000000000035e-06,-0.92,-0.05
1345,5.520000000000001e-06,-0.84,-0.07
1346,5.5360000000000026e-06,-0.84,-0.07
1347,5.552e-06,-0.84,-0.07
1348,5.568000000000002e-06,-0.84,-0.07
1349,5.584000000000003e-06,-0.84,-0.07
1350,5.600000000000001e-06,-0.84,-0.07
1351,5.616000000000002e-06,-0.84,-0.07
1352,5.632000000000003e-06,-0.76,-0.07
1353,5.648000000000001e-06,-0.76,-0.07
1354,5.664000000000002e-06,-0.76,-0.07
1355,5.680000000000003e-06,-0.76,-0.07
1356,5.696000000000001e-06,-0.76,-0.07
1357,5.712000000000002e-06,-0.68,-0.07
1358,5.7280000000000034e-06,-0.76,-0.07
1359,5.744000000000001e-06,-0.68,-0.07
1360,5.7600000000000024e-06,-0.68,-0.07
1361,5.776000000000004e-06,-0.68,-0.07
1362,5.7920000000000015e-06,-0.68,-0.07
1363,5.808000000000003e-06,-0.6,-0.07
1364,5.8240000000000005e-06,-0.68,-0.07
1365,5.840000000000002e-06,-0.68,-0.07
1366,5.856000000000003e-06,-0.68,-0.07
1367,5.872000000000001e-06,-0.68,-0.07
1368,5.888000000000002e-06,-0.6,-0.07
1369,5.904000000000003e-06,-0.6,-0.07
1370,5.920000000000001e-06,-0.6,-0.07
1371,5.936000000000002e-06,-0.6,-0.07
1372,5.952000000000003e-06,-0.6,-0.07
1373,5.968000000000001e-06,-0.52,-0.09
1374,5.984000000000002e-06,-0.52,-0.07
1375,6.0000000000000035e-06,-0.52,-0.07
1376,6.016000000000001e-06,-0.52,-0.07
1377,6.0320000000000026e-06,-0.52,-0.07
1378,6.048000000000004e-06,-0.52,-0.09
1379,6.0640000000000016e-06,-0.52,-0.07
1380,6.080000000000003e-06,-0.52,-0.09
1381,6.096000000000001e-06,-0.44,-0.09
1382,6.112000000000002e-06,-0.44,-0.07
1383,6.128000000000003e-06,-0.44,-0.07
1384,6.144000000000001e-06,-0.44,-0.09
1385,6.160000000000002e-06,-0.44,-0.09
1386,6.176000000000003e-06,-0.36,-0.09
1387,6.192000000000001e-06,-0.44,-0.09
1388,6.208000000000002e-06,-0.36,-0.09
1389,6.2240000000000034e-06,-0.36,-0.09
1390,6.240000000000001e-06,-0.28,-0.09
1391,6.2560000000000024e-06,-0.28,-0.09
1392,6.272000000000004e-06,-0.36,-0.07
1393,6.2880000000000015e-06,-0.36,-0.09
1394,6.304000000000003e-06,-0.28,-0.09
1395,6.3200000000000005e-06,-0.28,-0.07
1396,6.336000000000002e-06,-0.28,-0.07
1397,6.352000000000003e-06,-0.28,-0.09
1398,6.368000000000001e-06,-0.28,-0.09
1399,6.384000000000002e-06,-0.28,-0.07
1400,6.400000000000003e-06,-0.2,-0.09
1401,6.416000000000001e-06,-0.2,-0.09
1402,6.432000000000002e-06,-0.2,-0.09
1403,6.448000000000003e-06,-0.2,-0.07
1404,6.464000000000001e-06,-0.2,-0.09
1405,6.480000000000002e-06,-0.2,-0.09
1406,6.4960000000000035e-06,-0.12,-0.09
1407,6.512000000000001e-06,-0.12,-0.09
1408,6.5280000000000026e-06,-0.12,-0.09
1409,6.544000000000004e-06,-0.04,-0.07
1410,6.5600000000000016e-06,-0.04,-0.09
1411,6.576000000000003e-06,-0.12,-0.07
1412,6.592000000000001e-06,-0.04,-0.09
1413,6.608000000000002e-06,-0.04,-0.07
1414,6.624000000000003e-06,-0.04,-0.07
1415,6.640000000000001e-06,-0.04,-0.07
1416,6.656000000000002e-06,-0.04,-0.07
1417,6.672000000000003e-06,-0.04,-0.07
1418,6.688000000000001e-06,-0.04,-0.07
1419,6.704000000000002e-06,0.04,-0.09
1420,6.720000000000003e-06,0.04,-0.09
1421,6.736000000000001e-06,0.04,-0.07
1422,6.7520000000000024e-06,0.04,-0.07
1423,6.768000000000004e-06,0.12,-0.07
1424,6.7840000000000015e-06,0.04,-0.07
1425,6.800000000000003e-06,0.04,-0.07
1426,6.8160000000000005e-06,0.04,-0.07
1427,6.832000000000002e-06,0.04,-0.07
1428,6.848000000000003e-06,0.12,-0.07
1429,6.864000000000001e-06,0.12,-0.07
1430,6.880000000000002e-06,0.12,-0.07
1431,6.896000000000003e-06,0.12,-0.07
1432,6.912000000000001e-06,0.12,-0.07
1433,6.928000000000002e-06,0.2,-0.09
1434,6.944000000000003e-06,0.2,-0.07
1435,6.960000000000001e-06,0.2,-0.07
1436,6.976000000000002e-06,0.2,-0.09
1437,6.9920000000000035e-06,0.2,-0.07
1438,7.008000000000001e-06,0.2,-0.07
1439,7.0240000000000025e-06,0.2,-0.09
1440,7.040000000000004e-06,0.28,-0.07
1441,7.0560000000000016e-06,0.28,-0.07
1442,7.072000000000003e-06,0.36,-0.07
1443,7.088000000000001e-06,0.28,-0.07
1444,7.104000000000002e-06,0.28,-0.07
1445,7.120000000000003e-06,0.36,-0.07
1446,7.136000000000001e-06,0.36,-0.07
1447,7.152000000000002e-06,0.36,-0.07
1448,7.168000000000003e-06,0.36,-0.07
1449,7.184000000000001e-06,0.36,-0.07
1450,7.200000000000002e-06,0.36,-0.07
1451,7.216000000000003e-06,0.36,-0.07
1452,7.232000000000001e-06,0.36,-0.07
1453,7.2480000000000024e-06,0.44,-0.07
1454,7.264000000000004e-06,0.44,-0.07
1455,7.2800000000000014e-06,0.44,-0.07
1456,7.296000000000003e-06,0.44,-0.05
1457,7.312000000000004e-06,0.52,-0.07
1458,7.328000000000002e-06,0.44,-0.05
1459,7.344000000000003e-06,0.52,-0.05
1460,7.360000000000001e-06,0.52,-0.07
1461,7.376000000000002e-06,0.52,-0.05
1462,7.392000000000003e-06,0.52,-0.07
1463,7.408000000000001e-06,0.52,-0.05
1464,7.424000000000002e-06,0.52,-0.05
1465,7.440000000000003e-06,0.6,-0.05
1466,7.456000000000001e-06,0.6,-0.05
1467,7.472000000000002e-06,0.6,-0.05
1468,7.4880000000000035e-06,0.6,-0.05
1469,7.504000000000001e-06,0.6,-0.05
1470,7.5200000000000025e-06,0.6,-0.05
1471,7.536000000000004e-06,0.6,-0.05
1472,7.5520000000000016e-06,0.6,-0.05
1473,7.568000000000003e-06,0.6,-0.05
1474,7.5840000000000006e-06,0.68,-0.05
1475,7.600000000000002e-06,0.68,-0.03
1476,7.616000000000003e-06,0.68,-0.05
1477,7.632e-06,0.68,-0.03
1478,7.648000000000002e-06,0.68,-0.03
1479,7.664000000000003e-06,0.68,-0.05
1480,7.680000000000001e-06,0.68,-0.03
1481,7.696000000000002e-06,0.76,-0.03
1482,7.712000000000003e-06,0.76,-0.03
1483,7.728000000000001e-06,0.76,-0.03
1484,7.744000000000002e-06,0.76,-0.05
1485,7.760000000000004e-06,0.76,-0.03
1486,7.776000000000001e-06,0.76,-0.03
1487,7.792000000000003e-06,0.76,-0.03
1488,7.808000000000004e-06,0.84,-0.03
1489,7.824000000000002e-06,0.84,-0.03
1490,7.840000000000003e-06,0.84,-0.03
1491,7.856e-06,0.84,-0.03
1492,7.872000000000002e-06,0.84,-0.03
1493,7.888000000000003e-06,0.84,-0.03
1494,7.904000000000001e-06,0.92,-0.03
1495,7.920000000000002e-06,0.92,-0.01
1496,7.936000000000003e-06,0.92,-0.03
1497,7.952000000000001e-06,0.92,-0.01
1498,7.968000000000002e-06,0.92,-0.01
1499,7.984000000000004e-06,0.92,-0.01
1500,8.000000000000001e-06,1.0,-0.01
1501,8.016000000000003e-06,1.0,-0.01
1502,8.032000000000004e-06,1.0,-0.01
1503,8.048000000000002e-06,1.0,-0.01
1504,8.064000000000003e-06,1.0,-0.01
1505,8.08e-06,1.0,-0.01
1506,8.096000000000002e-06,1.08,-0.01
1507,8.112000000000003e-06,1.08,0.01
1508,8.128e-06,1.08,-0.01
1509,8.144000000000002e-06,1.0,0.01
1510,8.160000000000003e-06,1.16,0.01
1511,8.176000000000001e-06,1.08,0.01
1512,8.192000000000002e-06,1.08,0.01
1513,8.208000000000003e-06,1.08,-0.01
1514,8.224000000000001e-06,1.08,0.01
1515,8.240000000000002e-06,1.16,0.01
1516,8.256000000000004e-06,1.16,0.01
1517,8.272000000000001e-06,1.16,0.01
1518,8.288000000000003e-06,1.16,0.01
1519,8.304000000000004e-06,1.16,0.01
1520,8.320000000000002e-06,1.16,0.01
1521,8.336000000000003e-06,1.16,0.01
1522,8.352e-06,1.24,0.03
1523,8.368000000000002e-06,1.24,0.03
1524,8.384000000000003e-06,1.32,0.03
1525,8.400000000000001e-06,1.24,0.01
1526,8.416000000000002e-06,1.24,0.03
1527,8.432000000000003e-06,1.24,0.03
1528,8.448000000000001e-06,1.24,0.03
1529,8.464000000000002e-06,1.32,0.03
1530,8.480000000000004e-06,1.4000000000000001,0.03
1531,8.496000000000001e-06,1.32,0.03
1532,8.512000000000003e-06,1.32,0.05
1533,8.528000000000004e-06,1.4000000000000001,0.03
1534,8.544000000000002e-06,1.4000000000000001,0.03
1535,8.560000000000003e-06,1.4000000000000001,0.03
1536,8.576000000000004e-06,1.4000000000000001,0.03
1537,8.592000000000002e-06,1.4000000000000001,0.03
1538,8.608000000000003e-06,1.4000000000000001,0.05
1539,8.624e-06,1.4000000000000001,0.05
1540,8.640000000000002e-06,1.4000000000000001,0.05
1541,8.656000000000003e-06,1.48,0.05
1542,8.672000000000001e-06,1.48,0.05
1543,8.688000000000002e-06,1.48,0.05
1544,8.704000000000003e-06,1.48,0.05
1545,8.720000000000001e-06,1.56,0.05
1546,8.736000000000002e-06,1.48,0.07
1547,8.752000000000004e-06,1.56,0.07
1548,8.768000000000001e-06,1.56,0.07
1549,8.784000000000003e-06,1.56,0.07
1550,8.800000000000004e-06,1.56,0.07
1551,8.816000000000002e-06,1.56,0.07
1552,8.832000000000003e-06,1.56,0.07
1553,8.848e-06,1.6400000000000001,0.09
1554,8.864000000000002e-06,1.56,0.07
1555,8.880000000000003e-06,1.6400000000000001,0.07
1556,8.896000000000001e-06,1.6400000000000001,0.07
1557,8.912000000000002e-06,1.6400000000000001,0.07
1558,8.928000000000003e-06,1.6400000000000001,0.09
1559,8.944000000000001e-06,1.6400000000000001,0.09
1560,8.960000000000002e-06,1.6400000000000001,0.09
1561,8.976000000000004e-06,1.6400000000000001,0.09
1562,8.992000000000001e-06,1.6400000000000001,0.09
1563,9.008000000000003e-06,1.72,0.09
1564,9.024000000000004e-06,1.72,0.09
1565,9.040000000000002e-06,1.72,0.11
1566,9.056000000000003e-06,1.8,0.09
1567,9.072000000000004e-06,1.8,0.11
1568,9.088000000000002e-06,1.8,0.09
1569,9.104000000000003e-06,1.8,0.11
1570,9.12e-06,1.8,0.11
1571,9.136000000000002e-06,1.8,0.11
1572,9.152000000000003e-06,1.8,0.11
1573,9.168000000000001e-06,1.8,0.11
1574,9.184000000000002e-06,1.8,0.11
1575,9.200000000000003e-06,1.8800000000000001,0.13
1576,9.216000000000001e-06,1.8800000000000001,0.13
1577,9.232000000000002e-06,1.8800000000000001,0.13
1578,9.248000000000004e-06,1.8800000000000001,0.13
1579,9.264000000000001e-06,1.8800000000000001,0.13
1580,9.280000000000003e-06,1.8800000000000001,0.13
1581,9.296000000000004e-06,1.96,0.13
1582,9.312000000000002e-06,1.96,0.13
1583,9.328000000000003e-06,1.8800000000000001,0.13
1584,9.344e-06,1.96,0.13
1585,9.360000000000002e-06,1.96,0.13
1586,9.376000000000003e-06,1.96,0.13
1587,9.392000000000001e-06,1.96,0.13
1588,9.408000000000002e-06,1.96,0.15
1589,9.424000000000003e-06,1.96,0.15
1590,9.440000000000001e-06,2.04,0.15
1591,9.456000000000002e-06,2.04,0.15
1592,9.472000000000004e-06,2.04,0.15
1593,9.488000000000001e-06,2.12,0.15
1594,9.504000000000003e-06,2.04,0.15
1595,9.520000000000004e-06,2.04,0.15
1596,9.536000000000002e-06,2.12,0.17
1597,9.552000000000003e-06,2.04,0.15
1598,9.568000000000004e-06,2.2,0.17
1599,9.584000000000002e-06,2.12,0.15
1600,9.600000000000003e-06,2.2,0.17
1601,9.616e-06,2.12,0.17
1602,9.632000000000002e-06,2.2,0.17
1603,9.648000000000003e-06,2.2,0.17
1604,9.664000000000001e-06,2.2,0.17
1605,9.680000000000002e-06,2.2,0.17
1606,9.696000000000003e-06,2.2,0.19
1607,9.712000000000001e-06,2.2,0.19
1608,9.728000000000002e-06,2.2800000000000002,0.19
1609,9.744000000000004e-06,2.2,0.17
1610,9.760000000000001e-06,2.2800000000000002,0.19
1611,9.776000000000003e-06,2.2800000000000002,0.19
1612,9.792000000000004e-06,2.2800000000000002,0.19
1613,9.808000000000002e-06,2.2800000000000002,0.19
1614,9.824000000000003e-06,2.36,0.21
1615,9.84e-06,2.2800000000000002,0.19
1616,9.856000000000002e-06,2.2800000000000002,0.21
1617,9.872000000000003e-06,2.36,0.21
1618,9.888000000000001e-06,2.36,0.19
1619,9.904000000000002e-06,2.36,0.21
1620,9.920000000000003e-06,2.36,0.21
1621,9.936000000000001e-06,2.36,0.23
1622,9.952000000000002e-06,2.44,0.21
1623,9.968000000000003e-06,2.44,0.23
1624,9.984000000000001e-06,2.44,0.23
1625,1.0000000000000003e-05,2.44,0.23
1626,1.0016000000000004e-05,2.44,0.21
1627,1.0032000000000002e-05,2.44,0.23
1628,1.0048000000000003e-05,2.44,0.23
1629,1.0064000000000004e-05,2.52,0.17
1630,1.0080000000000002e-05,-1.08,0.13
1631,1.0096000000000003e-05,-2.44,0.21
1632,1.0112e-05,-2.2800000000000002,0.25
1633,1.0128000000000002e-05,-2.44,0.21
1634,1.0144000000000003e-05,-2.44,0.15
1635,1.0160000000000001e-05,-2.2800000000000002,0.17
1636,1.0176000000000002e-05,-2.36,0.19
1637,1.0192000000000003e-05,-2.36,0.19
1638,1.0208000000000001e-05,-2.2800000000000002,0.17
1639,1.0224000000000002e-05,-2.36,0.17
1640,1.0240000000000004e-05,-2.2800000000000002,0.17
1641,1.0256000000000001e-05,-2.2800000000000002,0.17
1642,1.0272000000000003e-05,-2.36,0.17
1643,1.0288000000000004e-05,-2.2800000000000002,0.17
1644,1.0304000000000002e-05,-2.2800000000000002,0.15
1645,1.0320000000000003e-05,-2.2800000000000002,0.15
1646,1.0336000000000004e-05,-2.2,0.15
1647,1.0352000000000002e-05,-2.2800000000000002,0.15
1648,1.0368000000000003e-05,-2.2800000000000002,0.15
1649,1.0384000000000001e-05,-2.2,0.15
1650,1.0400000000000002e-05,-2.2,0.13
1651,1.0416000000000003e-05,-2.2,0.13
1652,1.0432000000000001e-05,-2.2,0.13
1653,1.0448000000000002e-05,-2.2,0.11
1654,1.0464000000000003e-05,-2.2,0.13
1655,1.0480000000000001e-05,-2.12,0.11
1656,1.0496000000000003e-05,-2.12,0.11
1657,1.0512000000000004e-05,-2.04,0.11
1658,1.0528000000000002e-05,-2.12,0.11
1659,1.0544000000000003e-05,-2.12,0.11
1660,1.0560000000000004e-05,-2.12,0.11
1661,1.0576000000000002e-05,-2.12,0.09
1662,1.0592000000000003e-05,-2.12,0.11
1663,1.0608e-05,-2.04,0.09
1664,1.0624000000000002e-05,-2.04,0.09
1665,1.0640000000000003e-05,-2.04,0.09
1666,1.0656000000000001e-05,-2.04,0.07
1667,1.0672000000000002e-05,-2.04,0.09
1668,1.0688000000000003e-05,-2.04,0.09
1669,1.0704000000000001e-05,-1.96,0.09
1670,1.0720000000000002e-05,-1.96,0.07
1671,1.0736000000000004e-05,-1.96,0.07
1672,1.0752000000000001e-05,-1.8800000000000001,0.07
1673,1.0768000000000003e-05,-1.96,0.09
1674,1.0784000000000004e-05,-1.96,0.07
1675,1.0800000000000002e-05,-1.96,0.07
1676,1.0816000000000003e-05,-1.8800000000000001,0.07
1677,1.0832000000000004e-05,-1.8,0.07
1678,1.0848000000000002e-05,-1.8800000000000001,0.05
1679,1.0864000000000003e-05,-1.8800000000000001,0.07
1680,1.0880000000000001e-05,-1.8800000000000001,0.07
1681,1.0896000000000002e-05,-1.8800000000000001,0.05
1682,1.0912000000000003e-05,-1.8,0.05
1683,1.0928000000000001e-05,-1.8,0.05
1684,1.0944000000000002e-05,-1.72,0.05
1685,1.0960000000000003e-05,-1.72,0.05
1686,1.0976000000000001e-05,-1.8,0.03
1687,1.0992000000000003e-05,-1.72,0.05
1688,1.1008000000000004e-05,-1.72,0.05
1689,1.1024000000000002e-05,-1.72,0.03
1690,1.1040000000000003e-05,-1.72,0.03
1691,1.1056000000000004e-05,-1.72,0.03
1692,1.1072000000000002e-05,-1.72,0.03
1693,1.1088000000000003e-05,-1.72,0.03
1694,1.1104e-05,-1.6400000000000001,0.03
1695,1.1120000000000002e-05,-1.6400000000000001,0.03
1696,1.1136000000000003e-05,-1.6400000000000001,0.03
1697,1.1152000000000001e-05,-1.6400000000000001,0.03
1698,1.1168000000000002e-05,-1.6400000000000001,0.01
1699,1.1184000000000003e-05,-1.56,0.01
1700,1.1200000000000001e-05,-1.6400000000000001,0.03
1701,1.1216000000000002e-05,-1.56,0.01
1702,1.1232000000000004e-05,-1.56,0.01
1703,1.1248000000000001e-05,-1.56,-0.01
1704,1.1264000000000003e-05,-1.48,0.01
1705,1.1280000000000004e-05,-1.56,0.01
1706,1.1296000000000002e-05,-1.56,-0.01
1707,1.1312000000000003e-05,-1.48,0.01
1708,1.1328000000000004e-05,-1.48,-0.01
1709,1.1344000000000002e-05,-1.48,-0.01
1710,1.1360000000000003e-05,-1.48,-0.01
1711,1.1376000000000001e-05,-1.48,-0.03
1712,1.1392000000000002e-05,-1.48,-0.01
1713,1.1408000000000003e-05,-1.48,-0.01
1714,1.1424000000000001e-05,-1.48,-0.01
1715,1.1440000000000002e-05,-1.4000000000000001,-0.01
1716,1.1456000000000003e-05,-1.4000000000000001,-0.01
1717,1.1472000000000001e-05,-1.4000000000000001,-0.01
1718,1.1488000000000002e-05,-1.4000000000000001,-0.01
1719,1.1504000000000004e-05,-1.4000000000000001,-0.01
1720,1.1520000000000002e-05,-1.4000000000000001,-0.01
1721,1.1536000000000003e-05,-1.4000000000000001,-0.01
1722,1.1552000000000004e-05,-1.32,-0.01
1723,1.1568000000000002e-05,-1.32,-0.03
1724,1.1584000000000003e-05,-1.32,-0.03
1725,1.1600000000000004e-05,-1.32,-0.03
1726,1.1616000000000002e-05,-1.32,-0.03
1727,1.1632000000000003e-05,-1.32,-0.03
1728,1.1648000000000001e-05,-1.32,-0.05
1729,1.1664000000000002e-05,-1.24,-0.03
1730,1.1680000000000003e-05,-1.24,-0.03
1731,1.1696000000000001e-05,-1.24,-0.03
1732,1.1712000000000002e-05,-1.16,-0.03
1733,1.1728000000000004e-05,-1.24,-0.03
1734,1.1744000000000001e-05,-1.24,-0.05
1735,1.1760000000000003e-05,-1.24,-0.03
1736,1.1776000000000004e-05,-1.24,-0.05
1737,1.1792000000000002e-05,-1.24,-0.05
1738,1.1808000000000003e-05,-1.16,-0.05
1739,1.1824000000000004e-05,-1.16,-0.05
1740,1.1840000000000002e-05,-1.16,-0.05
1741,1.1856000000000003e-05,-1.16,-0.05
1742,1.1872000000000001e-05,-1.16,-0.05
1743,1.1888000000000002e-05,-1.08,-0.05
1744,1.1904000000000003e-05,-1.08,-0.05
1745,1.1920000000000001e-05,-1.08,-0.05
1746,1.1936000000000002e-05,-1.08,-0.05
1747,1.1952000000000003e-05,-1.0,-0.05
1748,1.1968000000000001e-05,-1.08,-0.05
1749,1.1984000000000002e-05,-1.0,-0.05
1750,1.2000000000000004e-05,-1.0,-0.05
1751,1.2016000000000002e-05,-1.0,-0.05
1752,1.2032000000000003e-05,-0.92,-0.07
1753,1.2048000000000004e-05,-0.92,-0.05
1754,1.2064000000000002e-05,-1.0,-0.05
1755,1.2080000000000003e-05,-1.0,-0.07
1756,1.2096000000000004e-05,-0.92,-0.07
1757,1.2112000000000002e-05,-1.0,-0.07
1758,1.2128000000000003e-05,-0.92,-0.07
1759,1.2144000000000001e-05,-0.92,-0.07
1760,1.2160000000000002e-05,-0.92,-0.07
1761,1.2176000000000003e-05,-0.92,-0.07
1762,1.2192000000000001e-05,-0.92,-0.07
1763,1.2208000000000002e-05,-0.84,-0.07
1764,1.2224000000000004e-05,-0.84,-0.07
1765,1.2240000000000001e-05,-0.84,-0.07
1766,1.2256000000000003e-05,-0.76,-0.09
1767,1.2272000000000004e-05,-0.84,-0.07
1768,1.2288000000000002e-05,-0.84,-0.07
1769,1.2304000000000003e-05,-0.76,-0.07
1770,1.2320000000000004e-05,-0.84,-0.07
1771,1.2336000000000002e-05,-0.76,-0.07
1772,1.2352000000000003e-05,-0.76,-0.07
1773,1.2368e-05,-0.76,-0.07
1774,1.2384000000000002e-05,-0.76,-0.07
1775,1.2400000000000003e-05,-0.76,-0.07
1776,1.2416000000000001e-05,-0.76,-0.07
1777,1.2432000000000002e-05,-0.76,-0.07
1778,1.2448000000000003e-05,-0.68,-0.07
1779,1.2464000000000001e-05,-0.68,-0.09
1780,1.2480000000000002e-05,-0.68,-0.07
1781,1.2496000000000004e-05,-0.68,-0.07
1782,1.2512000000000002e-05,-0.68,-0.07
1783,1.2528000000000003e-05,-0.68,-0.07
1784,1.2544000000000004e-05,-0.6,-0.07
1785,1.2560000000000002e-05,-0.6,-0.07
1786,1.2576000000000003e-05,-0.6,-0.09
1787,1.2592000000000004e-05,-0.6,-0.07
1788,1.2608000000000002e-05,-0.6,-0.09
1789,1.2624000000000003e-05,-0.6,-0.09
1790,1.2640000000000001e-05,-0.52,-0.09
1791,1.2656000000000002e-05,-0.52,-0.07
1792,1.2672000000000003e-05,-0.52,-0.07
1793,1.2688000000000001e-05,-0.44,-0.09
1794,1.2704000000000002e-05,-0.52,-0.09
1795,1.2720000000000004e-05,-0.52,-0.07
1796,1.2736000000000001e-05,-0.52,-0.09
1797,1.2752000000000003e-05,-0.52,-0.09
1798,1.2768000000000004e-05,-0.44,-0.09
1799,1.2784000000000002e-05,-0.44,-0.09
1800,1.2800000000000003e-05,-0.44,-0.09
1801,1.2816000000000004e-05,-0.36,-0.07
1802,1.2832000000000002e-05,-0.36,-0.09
1803,1.2848000000000003e-05,-0.36,-0.09
1804,1.2864e-05,-0.36,-0.09
1805,1.2880000000000002e-05,-0.36,-0.09
1806,1.2896000000000003e-05,-0.36,-0.09
1807,1.2912000000000001e-05,-0.28,-0.09
1808,1.2928000000000002e-05,-0.36,-0.09
1809,1.2944000000000003e-05,-0.28,-0.07
1810,1.2960000000000001e-05,-0.36,-0.09
1811,1.2976000000000002e-05,-0.28,-0.09
1812,1.2992000000000004e-05,-0.28,-0.07
1813,1.3008000000000001e-05,-0.2,-0.09
1814,1.3024000000000003e-05,-0.28,-0.09
1815,1.3040000000000004e-05,-0.28,-0.09
1816,1.3056000000000002e-05,-0.28,-0.09
1817,1.3072000000000003e-05,-0.2,-0.07
1818,1.3088000000000004e-05,-0.2,-0.09
1819,1.3104000000000002e-05,-0.2,-0.09
1820,1.3120000000000003e-05,-0.2,-0.09
1821,1.3136000000000001e-05,-0.2,-0.09
1822,1.3152000000000002e-05,-0.2,-0.07
1823,1.3168000000000003e-05,-0.2,-0.09
1824,1.3184000000000001e-05,-0.12,-0.09
1825,1.3200000000000002e-05,-0.2,-0.09
1826,1.3216000000000004e-05,-0.12,-0.09
1827,1.3232000000000001e-05,-0.12,-0.07
1828,1.3248000000000003e-05,-0.12,-0.09
1829,1.3264000000000004e-05,-0.12,-0.09
1830,1.3280000000000002e-05,-0.04,-0.09
1831,1.3296000000000003e-05,-0.04,-0.09
1832,1.3312000000000004e-05,-0.04,-0.07
1833,1.3328000000000002e-05,-0.04,-0.07
1834,1.3344000000000003e-05,-0.04,-0.07
1835,1.3360000000000004e-05,-0.04,-0.07
1836,1.3376000000000002e-05,0.04,-0.07
1837,1.3392000000000003e-05,0.04,-0.09
1838,1.3408000000000001e-05,0.04,-0.07
1839,1.3424000000000002e-05,0.12,-0.07
1840,1.3440000000000003e-05,0.04,-0.09
1841,1.3456000000000001e-05,0.04,-0.07
1842,1.3472000000000002e-05,0.04,-0.07
1843,1.3488000000000004e-05,0.12,-0.09
1844,1.3504000000000001e-05,0.12,-0.07
1845,1.3520000000000003e-05,0.12,-0.07
1846,1.3536000000000004e-05,0.12,-0.07
1847,1.3552000000000002e-05,0.12,-0.07
1848,1.3568000000000003e-05,0.12,-0.07
1849,1.3584000000000004e-05,0.2,-0.07
1850,1.3600000000000002e-05,0.2,-0.07
1851,1.3616000000000003e-05,0.2,-0.07
1852,1.3632000000000001e-05,0.2,-0.07
1853,1.3648000000000002e-05,0.28,-0.07
1854,1.3664000000000003e-05,0.2,-0.07
1855,1.3680000000000001e-05,0.2,-0.09
1856,1.3696000000000002e-05,0.2,-0.07
1857,1.3712000000000004e-05,0.28,-0.07
1858,1.3728000000000001e-05,0.28,-0.09
1859,1.3744000000000003e-05,0.28,-0.07
1860,1.3760000000000004e-05,0.28,-0.07
1861,1.3776000000000002e-05,0.28,-0.07
1862,1.3792000000000003e-05,0.28,-0.07
1863,1.3808000000000004e-05,0.28,-0.07
1864,1.3824000000000002e-05,0.28,-0.05
1865,1.3840000000000003e-05,0.36,-0.07
1866,1.3856000000000004e-05,0.36,-0.07
1867,1.3872000000000002e-05,0.36,-0.07
1868,1.3888000000000003e-05,0.36,-0.07
1869,1.3904000000000001e-05,0.36,-0.07
1870,1.3920000000000002e-05,0.44,-0.07
1871,1.3936000000000003e-05,0.44,-0.07
1872,1.3952000000000001e-05,0.44,-0.07
1873,1.3968000000000002e-05,0.44,-0.07
1874,1.3984000000000004e-05,0.44,-0.07
1875,1.4000000000000001e-05,0.44,-0.05
1876,1.4016000000000003e-05,0.52,-0.05
1877,1.4032000000000004e-05,0.52,-0.05
1878,1.4048000000000002e-05,0.52,-0.05
1879,1.4064000000000003e-05,0.52,-0.05
1880,1.4080000000000004e-05,0.6,-0.05
1881,1.4096000000000002e-05,0.52,-0.05
1882,1.4112000000000003e-05,0.52,-0.05
1883,1.4128000000000001e-05,0.6,-0.05
1884,1.4144000000000002e-05,0.6,-0.05
1885,1.4160000000000003e-05,0.6,-0.05
1886,1.4176000000000001e-05,0.6,-0.05
1887,1.4192000000000002e-05,0.6,-0.05
1888,1.4208000000000004e-05,0.68,-0.05
1889,1.4224000000000001e-05,0.6,-0.05
1890,1.4240000000000003e-05,0.68,-0.05
1891,1.4256000000000004e-05,0.68,-0.03
1892,1.4272000000000002e-05,0.68,-0.05
1893,1.4288000000000003e-05,0.68,-0.05
1894,1.4304000000000004e-05,0.68,-0.03
1895,1.4320000000000002e-05,0.76,-0.03
1896,1.4336000000000003e-05,0.68,-0.03
1897,1.4352000000000004e-05,0.68,-0.03
1898,1.4368000000000002e-05,0.76,-0.03
1899,1.4384000000000003e-05,0.76,-0.03
1900,1.4400000000000001e-05,0.76,-0.03
1901,1.4416000000000002e-05,0.76,-0.03
1902,1.4432000000000003e-05,0.84,-0.03
1903,1.4448000000000001e-05,0.76,-0.03
1904,1.4464000000000002e-05,0.76,-0.03
1905,1.4480000000000004e-05,0.84,-0.03
1906,1.4496000000000001e-05,0.84,-0.03
1907,1.4512000000000003e-05,0.84,-0.01
1908,1.4528000000000004e-05,0.92,-0.03
1909,1.4544000000000005e-05,0.84,-0.01
1910,1.456e-05,0.92,-0.03
1911,1.4576e-05,0.92,-0.01
1912,1.4592000000000002e-05,0.92,-0.01
1913,1.4608000000000003e-05,0.92,-0.03
1914,1.4624000000000004e-05,0.92,-0.01
1915,1.4640000000000006e-05,0.92,-0.01
1916,1.4656e-05,1.0,-0.01
1917,1.4672000000000001e-05,1.0,-0.01
1918,1.4688000000000002e-05,1.0,-0.01
1919,1.4704000000000004e-05,1.0,-0.01
1920,1.4720000000000005e-05,1.0,-0.01
1921,1.4736000000000006e-05,1.0,-0.01
1922,1.4752e-05,1.08,-0.01
1923,1.4768000000000002e-05,1.0,-0.01
1924,1.4784000000000003e-05,1.08,-0.01
1925,1.4800000000000004e-05,1.08,0.01
1926,1.4816000000000005e-05,1.08,0.01
1927,1.4832e-05,1.08,0.01
1928,1.4848e-05,1.08,0.01
1929,1.4864000000000002e-05,1.08,-0.01
1930,1.4880000000000003e-05,1.08,0.01
1931,1.4896000000000004e-05,1.08,0.01
1932,1.4912000000000006e-05,1.16,0.01
1933,1.4928e-05,1.24,0.01
1934,1.4944000000000001e-05,1.16,0.01
1935,1.4960000000000002e-05,1.16,0.01
1936,1.4976000000000004e-05,1.16,0.01
1937,1.4992000000000005e-05,1.24,0.01
1938,1.5008e-05,1.24,0.03
1939,1.5024e-05,1.24,0.03
1940,1.5040000000000002e-05,1.24,0.03
1941,1.5056000000000003e-05,1.24,0.03
1942,1.5072000000000004e-05,1.24,0.03
1943,1.5088000000000005e-05,1.24,0.03
1944,1.5104e-05,1.32,0.03
1945,1.5120000000000001e-05,1.32,0.03
1946,1.5136000000000002e-05,1.32,0.03
1947,1.5152000000000003e-05,1.32,0.03
1948,1.5168000000000005e-05,1.32,0.03
1949,1.5184000000000006e-05,1.32,0.03
1950,1.52e-05,1.4000000000000001,0.03
1951,1.5216000000000001e-05,1.4000000000000001,0.05
1952,1.5232000000000003e-05,1.4000000000000001,0.03
1953,1.5248000000000004e-05,1.4000000000000001,0.05
1954,1.5264000000000005e-05,1.4000000000000001,0.05
1955,1.528e-05,1.4000000000000001,0.05
1956,1.5296e-05,1.4000000000000001,0.05
1957,1.5312000000000002e-05,1.48,0.05
1958,1.5328000000000003e-05,1.48,0.05
1959,1.5344000000000004e-05,1.4000000000000001,0.05
1960,1.5360000000000005e-05,1.48,0.07
1961,1.5376e-05,1.48,0.05
1962,1.5392e-05,1.48,0.05
1963,1.5408000000000002e-05,1.48,0.07
1964,1.5424000000000003e-05,1.56,0.05
1965,1.5440000000000005e-05,1.56,0.07
1966,1.5456000000000006e-05,1.56,0.07
1967,1.5472e-05,1.56,0.07
1968,1.5488e-05,1.56,0.07
1969,1.5504000000000003e-05,1.56,0.09
1970,1.5520000000000004e-05,1.56,0.07
1971,1.5536000000000005e-05,1.56,0.09
1972,1.5552e-05,1.6400000000000001,0.07
1973,1.5568e-05,1.6400000000000001,0.07
1974,1.5584000000000002e-05,1.6400000000000001,0.09
1975,1.5600000000000003e-05,1.72,0.09
1976,1.5616000000000004e-05,1.6400000000000001,0.09
1977,1.5632000000000006e-05,1.72,0.07
1978,1.5648e-05,1.72,0.09
1979,1.5664e-05,1.72,0.09
1980,1.5680000000000002e-05,1.72,0.09
1981,1.5696000000000004e-05,1.72,0.09
1982,1.5712000000000005e-05,1.72,0.09
1983,1.5728000000000006e-05,1.72,0.11
1984,1.5744e-05,1.72,0.11
1985,1.576e-05,1.72,0.11
1986,1.5776000000000003e-05,1.8,0.11
1987,1.5792000000000004e-05,1.8,0.09
1988,1.5808000000000005e-05,1.8,0.11
1989,1.5824e-05,1.8,0.11
1990,1.584e-05,1.8,0.11
1991,1.5856000000000002e-05,1.8,0.11
1992,1.5872000000000003e-05,1.8,0.13
1993,1.5888000000000004e-05,1.8,0.13
1994,1.5904000000000006e-05,1.8800000000000001,0.13
1995,1.592e-05,1.8800000000000001,0.13
1996,1.5936e-05,1.8800000000000001,0.13
1997,1.5952000000000002e-05,1.8800000000000001,0.13
1998,1.5968000000000004e-05,1.8800000000000001,0.11
1999,1.5984000000000005e-05,1.8800000000000001,0.13
