,time,v1,v2
0,-3.2e-05,0.36,-0.13
1,-3.1967999999999996e-05,0.36,-0.13
2,-3.1936e-05,0.36,-0.13
3,-3.1904e-05,0.44,-0.13
4,-3.1871999999999996e-05,0.36,-0.13
5,-3.184e-05,0.44,-0.13
6,-3.1808e-05,0.44,-0.13
7,-3.1775999999999995e-05,0.44,-0.13
8,-3.1744e-05,0.44,-0.11
9,-3.1712e-05,0.44,-0.11
10,-3.168e-05,0.44,-0.11
11,-3.1648e-05,0.44,-0.11
12,-3.1616e-05,0.44,-0.13
13,-3.1584e-05,0.52,-0.11
14,-3.1552e-05,0.52,-0.11
15,-3.1519999999999996e-05,0.52,-0.11
16,-3.1488e-05,0.52,-0.11
17,-3.1456e-05,0.52,-0.11
18,-3.1423999999999996e-05,0.52,-0.11
19,-3.1392e-05,0.52,-0.09
20,-3.136e-05,0.52,-0.09
21,-3.1327999999999995e-05,0.6,-0.09
22,-3.1296e-05,0.6,-0.09
23,-3.1264e-05,0.6,-0.09
24,-3.1232e-05,0.6,-0.09
25,-3.12e-05,0.6,-0.09
26,-3.1168e-05,0.6,-0.09
27,-3.1136e-05,0.6,-0.09
28,-3.1104e-05,0.6,-0.11
29,-3.1071999999999997e-05,0.68,-0.07
30,-3.104e-05,0.68,-0.09
31,-3.1008e-05,0.68,-0.07
32,-3.0975999999999996e-05,0.68,-0.07
33,-3.0944e-05,0.68,-0.09
34,-3.0912e-05,0.68,-0.07
35,-3.0879999999999996e-05,0.68,-0.07
36,-3.0848e-05,0.76,-0.07
37,-3.0816e-05,0.76,-0.07
38,-3.0783999999999995e-05,0.76,-0.07
39,-3.0752e-05,0.76,-0.05
40,-3.072e-05,0.76,-0.05
41,-3.0688e-05,0.76,-0.05
42,-3.0656e-05,0.76,-0.05
43,-3.0624e-05,0.76,-0.05
44,-3.0592e-05,0.76,-0.05
45,-3.056e-05,0.84,-0.05
46,-3.0527999999999996e-05,0.84,-0.05
47,-3.0495999999999997e-05,0.84,-0.03
48,-3.0464e-05,0.84,-0.05
49,-3.0432e-05,0.92,-0.03
50,-3.0399999999999997e-05,0.84,-0.03
51,-3.0367999999999998e-05,0.84,-0.03
52,-3.0336e-05,0.84,-0.03
53,-3.0304e-05,0.84,-0.03
54,-3.0271999999999997e-05,0.92,-0.03
55,-3.024e-05,0.84,-0.03
56,-3.0208e-05,0.92,-0.01
57,-3.0175999999999997e-05,0.92,-0.03
58,-3.0143999999999998e-05,0.92,-0.03
59,-3.0112e-05,0.92,-0.01
60,-3.0079999999999997e-05,0.92,-0.01
61,-3.0047999999999998e-05,0.92,-0.01
62,-3.0016e-05,0.92,-0.01
63,-2.9984e-05,1.0,-0.01
64,-2.9951999999999997e-05,1.0,0.01
65,-2.9919999999999998e-05,1.0,-0.01
66,-2.9888e-05,1.0,0.01
67,-2.9856e-05,1.0,0.01
68,-2.9823999999999998e-05,1.0,0.01
69,-2.9792e-05,1.0,0.01
70,-2.976e-05,1.0,0.03
71,-2.9727999999999997e-05,1.08,0.03
72,-2.9695999999999998e-05,1.08,0.03
73,-2.9664e-05,1.08,0.01
74,-2.9631999999999997e-05,1.08,0.03
75,-2.9599999999999998e-05,1.08,0.03
76,-2.9568e-05,1.08,0.03
77,-2.9536e-05,1.08,0.03
78,-2.9503999999999997e-05,1.08,0.05
79,-2.9472e-05,1.08,0.03
80,-2.944e-05,1.16,0.05
81,-2.9407999999999997e-05,1.16,0.03
82,-2.9375999999999998e-05,1.08,0.05
83,-2.9344e-05,1.16,0.05
84,-2.9312e-05,1.16,0.05
85,-2.9279999999999997e-05,1.16,0.07
86,-2.9248e-05,1.16,0.07
87,-2.9216e-05,1.16,0.05
88,-2.9183999999999997e-05,1.16,0.07
89,-2.9151999999999998e-05,1.16,0.07
90,-2.912e-05,1.24,0.07
91,-2.9087999999999997e-05,1.24,0.09
92,-2.9055999999999998e-05,1.24,0.07
93,-2.9024e-05,1.24,0.07
94,-2.8992e-05,1.24,0.09
95,-2.8959999999999997e-05,1.24,0.09
96,-2.8927999999999998e-05,1.24,0.09
97,-2.8896e-05,1.24,0.09
98,-2.8864e-05,1.24,0.09
99,-2.8831999999999998e-05,1.32,0.09
100,-2.88e-05,1.32,0.11
101,-2.8768e-05,1.32,0.11
102,-2.8735999999999997e-05,1.32,0.11
103,-2.8703999999999998e-05,1.32,0.11
104,-2.8672e-05,1.32,0.11
105,-2.8639999999999997e-05,1.32,0.11
106,-2.8607999999999998e-05,1.4000000000000001,0.11
107,-2.8576e-05,1.4000000000000001,0.11
108,-2.8544e-05,1.4000000000000001,0.13
109,-2.8511999999999997e-05,1.4000000000000001,0.13
110,-2.848e-05,1.48,0.13
111,-2.8448e-05,1.4000000000000001,0.13
112,-2.8415999999999997e-05,1.4000000000000001,0.13
113,-2.8383999999999998e-05,1.48,0.13
114,-2.8352e-05,1.48,0.13
115,-2.832e-05,1.48,0.13
116,-2.8287999999999998e-05,1.48,0.15
117,-2.8256e-05,1.48,0.15
118,-2.8224e-05,1.48,0.13
119,-2.8191999999999997e-05,1.48,0.15
120,-2.8159999999999998e-05,1.48,0.15
121,-2.8128e-05,1.48,0.17
122,-2.8095999999999997e-05,1.48,0.17
123,-2.8063999999999998e-05,1.48,0.17
124,-2.8032e-05,1.56,0.17
125,-2.7999999999999996e-05,1.56,0.17
126,-2.7967999999999997e-05,1.56,0.17
127,-2.7935999999999998e-05,1.56,0.17
128,-2.7904e-05,1.56,0.17
129,-2.7872e-05,1.56,0.19
130,-2.7839999999999998e-05,1.56,0.19
131,-2.7808e-05,1.6400000000000001,0.19
132,-2.7776e-05,1.56,0.19
133,-2.7743999999999997e-05,1.6400000000000001,0.19
134,-2.7711999999999998e-05,1.6400000000000001,0.19
135,-2.768e-05,1.6400000000000001,0.19
136,-2.7647999999999997e-05,1.6400000000000001,0.21
137,-2.7615999999999998e-05,1.6400000000000001,0.21
138,-2.7584e-05,1.6400000000000001,0.21
139,-2.7551999999999996e-05,1.6400000000000001,0.21
140,-2.7519999999999997e-05,1.72,0.21
141,-2.7488e-05,1.6400000000000001,0.21
142,-2.7456e-05,1.72,0.21
143,-2.7424e-05,1.72,0.21
144,-2.7391999999999998e-05,1.72,0.23
145,-2.736e-05,1.72,0.23
146,-2.7328e-05,1.72,0.23
147,-2.7295999999999998e-05,1.72,0.23
148,-2.7264e-05,1.8,0.25
149,-2.7232e-05,1.8,0.25
150,-2.7199999999999997e-05,1.8,0.25
151,-2.7167999999999998e-05,1.8,0.25
152,-2.7136e-05,1.8,0.25
153,-2.7103999999999997e-05,1.8,0.25
154,-2.7071999999999998e-05,1.8,0.27
155,-2.704e-05,1.8,0.27
156,-2.7007999999999996e-05,1.8,0.27
157,-2.6975999999999997e-05,1.8,0.27
158,-2.6943999999999998e-05,1.8800000000000001,0.27
159,-2.6912e-05,1.8800000000000001,0.27
160,-2.688e-05,1.8800000000000001,0.27
161,-2.6847999999999998e-05,1.8800000000000001,0.27
162,-2.6816e-05,1.8800000000000001,0.29
163,-2.6784e-05,1.8800000000000001,0.29
164,-2.6751999999999997e-05,1.8800000000000001,0.29
165,-2.6719999999999998e-05,1.96,0.29
166,-2.6688e-05,1.8800000000000001,0.29
167,-2.6655999999999997e-05,1.96,0.31
168,-2.6623999999999998e-05,1.8800000000000001,0.31
169,-2.6592e-05,1.96,0.29
170,-2.6559999999999996e-05,1.96,0.31
171,-2.6527999999999997e-05,1.96,0.31
172,-2.6496e-05,1.96,0.31
173,-2.6464e-05,1.96,0.31
174,-2.6431999999999997e-05,1.96,0.33
175,-2.6399999999999998e-05,2.04,0.31
176,-2.6368e-05,2.04,0.33
177,-2.6336e-05,2.04,0.33
178,-2.6303999999999998e-05,2.04,0.35000000000000003
179,-2.6272e-05,2.04,0.33
180,-2.624e-05,2.04,0.35000000000000003
181,-2.6207999999999997e-05,2.04,0.35000000000000003
182,-2.6175999999999998e-05,2.12,0.33
183,-2.6144e-05,2.12,0.35000000000000003
184,-2.6111999999999997e-05,2.04,0.35000000000000003
185,-2.6079999999999998e-05,2.12,0.35000000000000003
186,-2.6048e-05,2.12,0.37
187,-2.6015999999999996e-05,2.12,0.35000000000000003
188,-2.5983999999999997e-05,2.2,0.37
189,-2.5951999999999998e-05,2.12,0.37
190,-2.592e-05,2.12,0.37
191,-2.5888e-05,2.2,0.39
192,-2.5855999999999998e-05,2.2,0.39
193,-2.5824e-05,2.2,0.39
194,-2.5792e-05,2.2,0.39
195,-2.5759999999999997e-05,2.2,0.39
196,-2.5727999999999998e-05,2.2,0.39
197,-2.5696e-05,2.2,0.39
198,-2.5663999999999997e-05,2.2,0.41000000000000003
199,-2.5631999999999998e-05,2.2,0.41000000000000003
200,-2.56e-05,2.2800000000000002,0.41000000000000003
201,-2.5567999999999996e-05,2.2800000000000002,0.41000000000000003
202,-2.5535999999999997e-05,2.2800000000000002,0.43
203,-2.5504e-05,2.2800000000000002,0.41000000000000003
204,-2.5472e-05,2.2800000000000002,0.43
205,-2.5439999999999997e-05,2.2800000000000002,0.43
206,-2.5407999999999998e-05,2.2800000000000002,0.43
207,-2.5376e-05,2.2800000000000002,0.43
208,-2.5344e-05,2.2800000000000002,0.43
209,-2.5311999999999998e-05,2.36,0.45
210,-2.528e-05,2.36,0.45
211,-2.5248e-05,2.36,0.45
212,-2.5215999999999997e-05,2.36,0.45
213,-2.5183999999999998e-05,2.44,0.45
214,-2.5152e-05,2.36,0.47000000000000003
215,-2.5119999999999997e-05,2.36,0.47000000000000003
216,-2.5087999999999998e-05,2.36,0.45
217,-2.5056e-05,2.44,0.47000000000000003
218,-2.5023999999999996e-05,2.44,0.47000000000000003
219,-2.4991999999999997e-05,2.44,0.47000000000000003
220,-2.4959999999999998e-05,2.44,0.47000000000000003
221,-2.4928e-05,2.44,0.49
222,-2.4896e-05,2.44,0.49
223,-2.4863999999999998e-05,2.44,0.49
224,-2.4832e-05,2.52,0.51
225,-2.48e-05,-2.44,0.45
226,-2.4767999999999997e-05,-2.44,0.53
227,-2.4735999999999998e-05,-2.36,0.41000000000000003
228,-2.4704e-05,-2.44,0.45
229,-2.4671999999999997e-05,-2.44,0.41000000000000003
230,-2.4639999999999998e-05,-2.36,0.43
231,-2.4608e-05,-2.44,0.41000000000000003
232,-2.4575999999999996e-05,-2.44,0.41000000000000003
233,-2.4543999999999997e-05,-2.36,0.39
234,-2.4512e-05,-2.36,0.39
235,-2.4479999999999996e-05,-2.2800000000000002,0.39
236,-2.4447999999999997e-05,-2.36,0.37
237,-2.4415999999999998e-05,-2.36,0.37
238,-2.4384e-05,-2.36,0.35000000000000003
239,-2.4352e-05,-2.36,0.35000000000000003
240,-2.4319999999999998e-05,-2.2800000000000002,0.35000000000000003
241,-2.4288e-05,-2.36,0.33
242,-2.4256e-05,-2.2800000000000002,0.33
243,-2.4223999999999997e-05,-2.2800000000000002,0.33
244,-2.4191999999999998e-05,-2.2800000000000002,0.31
245,-2.416e-05,-2.2800000000000002,0.31
246,-2.4127999999999997e-05,-2.2800000000000002,0.31
247,-2.4095999999999998e-05,-2.2800000000000002,0.29
248,-2.4064e-05,-2.2800000000000002,0.29
249,-2.4031999999999996e-05,-2.2,0.27
250,-2.3999999999999997e-05,-2.2,0.27
251,-2.3967999999999998e-05,-2.12,0.27
252,-2.3935999999999996e-05,-2.2,0.27
253,-2.3904e-05,-2.2,0.25
254,-2.3871999999999998e-05,-2.2,0.25
255,-2.384e-05,-2.12,0.25
256,-2.3808e-05,-2.2,0.25
257,-2.3775999999999997e-05,-2.12,0.23
258,-2.3744e-05,-2.12,0.23
259,-2.3712e-05,-2.12,0.23
260,-2.3679999999999997e-05,-2.12,0.21
261,-2.3647999999999998e-05,-2.12,0.21
262,-2.3616e-05,-2.12,0.21
263,-2.3583999999999996e-05,-2.04,0.19
264,-2.3551999999999997e-05,-2.12,0.19
265,-2.352e-05,-2.04,0.19
266,-2.3487999999999996e-05,-2.04,0.19
267,-2.3456e-05,-2.04,0.17
268,-2.3423999999999998e-05,-2.04,0.17
269,-2.3391999999999996e-05,-2.04,0.17
270,-2.336e-05,-2.04,0.15
271,-2.3327999999999998e-05,-2.04,0.15
272,-2.3296e-05,-2.04,0.15
273,-2.3264e-05,-1.96,0.13
274,-2.3231999999999997e-05,-1.96,0.15
275,-2.3199999999999998e-05,-1.96,0.13
276,-2.3168e-05,-1.96,0.13
277,-2.3135999999999997e-05,-1.96,0.13
278,-2.3103999999999998e-05,-1.96,0.11
279,-2.3072e-05,-1.96,0.11
280,-2.3039999999999996e-05,-1.8800000000000001,0.11
281,-2.3007999999999997e-05,-1.8800000000000001,0.11
282,-2.2975999999999998e-05,-1.8800000000000001,0.09
283,-2.2943999999999996e-05,-1.8800000000000001,0.09
284,-2.2912e-05,-1.8800000000000001,0.09
285,-2.2879999999999998e-05,-1.8,0.07
286,-2.2848e-05,-1.8800000000000001,0.07
287,-2.2816e-05,-1.8800000000000001,0.07
288,-2.2783999999999997e-05,-1.8,0.05
289,-2.2752e-05,-1.8,0.05
290,-2.272e-05,-1.8,0.05
291,-2.2687999999999997e-05,-1.72,0.05
292,-2.2655999999999998e-05,-1.8,0.05
293,-2.2624e-05,-1.8,0.05
294,-2.2591999999999996e-05,-1.72,0.03
295,-2.2559999999999997e-05,-1.72,0.03
296,-2.2528e-05,-1.72,0.03
297,-2.2495999999999996e-05,-1.8,0.03
298,-2.2464e-05,-1.72,0.01
299,-2.2431999999999998e-05,-1.72,0.03
300,-2.2399999999999996e-05,-1.72,0.01
301,-2.2368e-05,-1.72,0.01
302,-2.2335999999999998e-05,-1.6400000000000001,0.01
303,-2.2304e-05,-1.72,0.01
304,-2.2272e-05,-1.72,-0.01
305,-2.2239999999999997e-05,-1.72,-0.01
306,-2.2207999999999998e-05,-1.6400000000000001,-0.01
307,-2.2176e-05,-1.6400000000000001,-0.01
308,-2.2143999999999997e-05,-1.56,-0.01
309,-2.2111999999999998e-05,-1.56,-0.03
310,-2.208e-05,-1.6400000000000001,-0.03
311,-2.2047999999999996e-05,-1.6400000000000001,-0.03
312,-2.2015999999999997e-05,-1.6400000000000001,-0.03
313,-2.1983999999999998e-05,-1.6400000000000001,-0.03
314,-2.1951999999999996e-05,-1.56,-0.03
315,-2.192e-05,-1.56,-0.05
316,-2.1887999999999998e-05,-1.56,-0.05
317,-2.1855999999999995e-05,-1.56,-0.05
318,-2.1824e-05,-1.56,-0.05
319,-2.1791999999999997e-05,-1.56,-0.07
320,-2.176e-05,-1.56,-0.07
321,-2.1728e-05,-1.56,-0.05
322,-2.1695999999999997e-05,-1.48,-0.07
323,-2.1663999999999998e-05,-1.48,-0.07
324,-2.1632e-05,-1.48,-0.09
325,-2.1599999999999996e-05,-1.48,-0.09
326,-2.1567999999999997e-05,-1.48,-0.07
327,-2.1536e-05,-1.48,-0.09
328,-2.1503999999999996e-05,-1.48,-0.09
329,-2.1472e-05,-1.48,-0.09
330,-2.1439999999999998e-05,-1.48,-0.09
331,-2.1407999999999996e-05,-1.4000000000000001,-0.09
332,-2.1376e-05,-1.48,-0.09
333,-2.1343999999999998e-05,-1.4000000000000001,-0.11
334,-2.1312e-05,-1.4000000000000001,-0.11
335,-2.128e-05,-1.32,-0.11
336,-2.1247999999999997e-05,-1.4000000000000001,-0.11
337,-2.1215999999999998e-05,-1.4000000000000001,-0.11
338,-2.1184e-05,-1.4000000000000001,-0.11
339,-2.1151999999999997e-05,-1.4000000000000001,-0.11
340,-2.1119999999999998e-05,-1.4000000000000001,-0.11
341,-2.1088e-05,-1.32,-0.11
342,-2.1055999999999996e-05,-1.32,-0.13
343,-2.1023999999999997e-05,-1.24,-0.11
344,-2.0991999999999998e-05,-1.32,-0.13
345,-2.0959999999999996e-05,-1.32,-0.13
346,-2.0928e-05,-1.32,-0.13
347,-2.0895999999999998e-05,-1.32,-0.15
348,-2.0863999999999995e-05,-1.24,-0.15
349,-2.0832e-05,-1.24,-0.13
350,-2.0799999999999997e-05,-1.16,-0.13
351,-2.0768e-05,-1.24,-0.15
352,-2.0736e-05,-1.16,-0.15
353,-2.0703999999999997e-05,-1.16,-0.15
354,-2.0671999999999998e-05,-1.24,-0.15
355,-2.064e-05,-1.24,-0.15
356,-2.0607999999999996e-05,-1.24,-0.17
357,-2.0575999999999997e-05,-1.16,-0.17
358,-2.0544e-05,-1.08,-0.15
359,-2.0511999999999996e-05,-1.16,-0.15
360,-2.0479999999999997e-05,-1.16,-0.17
361,-2.0447999999999998e-05,-1.16,-0.17
362,-2.0415999999999996e-05,-1.16,-0.15
363,-2.0384e-05,-1.16,-0.17
364,-2.0351999999999998e-05,-1.08,-0.17
365,-2.032e-05,-1.16,-0.17
366,-2.0288e-05,-1.08,-0.17
367,-2.0255999999999997e-05,-1.08,-0.17
368,-2.0223999999999998e-05,-1.08,-0.17
369,-2.0192e-05,-1.08,-0.17
370,-2.0159999999999997e-05,-1.08,-0.17
371,-2.0127999999999998e-05,-1.08,-0.19
372,-2.0096e-05,-1.08,-0.19
373,-2.0063999999999996e-05,-1.0,-0.17
374,-2.0031999999999997e-05,-1.0,-0.19
375,-1.9999999999999998e-05,-1.0,-0.19
376,-1.9967999999999996e-05,-1.0,-0.17
377,-1.9936e-05,-1.0,-0.19
378,-1.9903999999999998e-05,-0.92,-0.19
379,-1.9871999999999995e-05,-1.0,-0.19
380,-1.984e-05,-1.0,-0.19
381,-1.9807999999999997e-05,-1.0,-0.19
382,-1.9776e-05,-1.0,-0.21
383,-1.9744e-05,-0.92,-0.19
384,-1.9711999999999997e-05,-0.92,-0.19
385,-1.9679999999999998e-05,-0.92,-0.19
386,-1.9648e-05,-0.92,-0.19
387,-1.9615999999999997e-05,-0.92,-0.21
388,-1.9583999999999997e-05,-0.92,-0.21
389,-1.9552e-05,-0.92,-0.19
390,-1.9519999999999996e-05,-0.84,-0.21
391,-1.9487999999999997e-05,-0.84,-0.21
392,-1.9455999999999998e-05,-0.84,-0.21
393,-1.9423999999999996e-05,-0.84,-0.21
394,-1.9392e-05,-0.84,-0.19
395,-1.9359999999999998e-05,-0.84,-0.21
396,-1.9328e-05,-0.84,-0.21
397,-1.9296e-05,-0.84,-0.21
398,-1.9263999999999997e-05,-0.76,-0.23
399,-1.9231999999999998e-05,-0.84,-0.21
400,-1.92e-05,-0.76,-0.23
401,-1.9167999999999997e-05,-0.76,-0.21
402,-1.9135999999999998e-05,-0.68,-0.21
403,-1.9104e-05,-0.76,-0.23
404,-1.9071999999999996e-05,-0.76,-0.21
405,-1.9039999999999997e-05,-0.76,-0.23
406,-1.9007999999999998e-05,-0.76,-0.23
407,-1.8975999999999996e-05,-0.76,-0.21
408,-1.8944e-05,-0.76,-0.23
409,-1.8911999999999998e-05,-0.68,-0.21
410,-1.8879999999999995e-05,-0.76,-0.21
411,-1.8848e-05,-0.68,-0.23
412,-1.8815999999999997e-05,-0.68,-0.21
413,-1.8784e-05,-0.68,-0.21
414,-1.8752e-05,-0.68,-0.21
415,-1.8719999999999997e-05,-0.68,-0.21
416,-1.8687999999999998e-05,-0.6,-0.21
417,-1.8656e-05,-0.68,-0.21
418,-1.8623999999999997e-05,-0.6,-0.23
419,-1.8591999999999997e-05,-0.6,-0.21
420,-1.856e-05,-0.6,-0.21
421,-1.8527999999999996e-05,-0.6,-0.21
422,-1.8495999999999997e-05,-0.6,-0.21
423,-1.8463999999999998e-05,-0.6,-0.23
424,-1.8431999999999996e-05,-0.6,-0.23
425,-1.84e-05,-0.6,-0.21
426,-1.8367999999999998e-05,-0.52,-0.21
427,-1.8335999999999995e-05,-0.52,-0.21
428,-1.8304e-05,-0.52,-0.23
429,-1.8271999999999997e-05,-0.52,-0.21
430,-1.8239999999999998e-05,-0.52,-0.21
431,-1.8208e-05,-0.44,-0.21
432,-1.8175999999999997e-05,-0.52,-0.23
433,-1.8143999999999998e-05,-0.44,-0.21
434,-1.8112e-05,-0.44,-0.21
435,-1.8079999999999996e-05,-0.44,-0.21
436,-1.8047999999999997e-05,-0.36,-0.21
437,-1.8015999999999998e-05,-0.44,-0.23
438,-1.7983999999999996e-05,-0.44,-0.21
439,-1.7951999999999997e-05,-0.44,-0.21
440,-1.7919999999999998e-05,-0.44,-0.21
441,-1.7887999999999995e-05,-0.44,-0.21
442,-1.7856e-05,-0.44,-0.21
443,-1.7823999999999997e-05,-0.36,-0.21
444,-1.7792e-05,-0.36,-0.23
445,-1.776e-05,-0.36,-0.21
446,-1.7727999999999997e-05,-0.28,-0.23
447,-1.7695999999999998e-05,-0.36,-0.21
448,-1.7664e-05,-0.36,-0.21
449,-1.7631999999999997e-05,-0.28,-0.21
450,-1.7599999999999998e-05,-0.28,-0.21
451,-1.7568e-05,-0.28,-0.21
452,-1.7535999999999996e-05,-0.28,-0.21
453,-1.7503999999999997e-05,-0.28,-0.21
454,-1.7471999999999998e-05,-0.28,-0.21
455,-1.7439999999999996e-05,-0.2,-0.21
456,-1.7408e-05,-0.28,-0.21
457,-1.7375999999999998e-05,-0.2,-0.21
458,-1.7343999999999995e-05,-0.2,-0.21
459,-1.7312e-05,-0.2,-0.21
460,-1.7279999999999997e-05,-0.2,-0.19
461,-1.7247999999999998e-05,-0.2,-0.19
462,-1.7216e-05,-0.2,-0.21
463,-1.7183999999999997e-05,-0.2,-0.21
464,-1.7151999999999998e-05,-0.2,-0.21
465,-1.712e-05,-0.2,-0.19
466,-1.7087999999999996e-05,-0.2,-0.21
467,-1.7055999999999997e-05,-0.12,-0.19
468,-1.7023999999999998e-05,-0.12,-0.19
469,-1.6991999999999996e-05,-0.12,-0.21
470,-1.6959999999999997e-05,-0.12,-0.21
471,-1.6927999999999998e-05,-0.04,-0.19
472,-1.6895999999999995e-05,-0.12,-0.19
473,-1.6864e-05,-0.12,-0.21
474,-1.6831999999999997e-05,-0.04,-0.19
475,-1.68e-05,-0.04,-0.19
476,-1.6768e-05,-0.04,-0.19
477,-1.6735999999999997e-05,0.04,-0.19
478,-1.6703999999999998e-05,-0.04,-0.19
479,-1.6672e-05,0.04,-0.19
480,-1.6639999999999997e-05,-0.04,-0.19
481,-1.6607999999999998e-05,-0.04,-0.19
482,-1.6576e-05,0.04,-0.19
483,-1.6543999999999996e-05,0.04,-0.19
484,-1.6511999999999997e-05,0.04,-0.19
485,-1.6479999999999998e-05,0.04,-0.17
486,-1.6448e-05,0.04,-0.19
487,-1.6415999999999997e-05,0.12,-0.17
488,-1.6383999999999998e-05,0.04,-0.17
489,-1.6352e-05,0.12,-0.17
490,-1.6319999999999996e-05,0.04,-0.17
491,-1.6287999999999997e-05,0.12,-0.17
492,-1.6255999999999998e-05,0.12,-0.19
493,-1.6224e-05,0.12,-0.17
494,-1.6191999999999997e-05,0.12,-0.17
495,-1.6159999999999998e-05,0.12,-0.17
496,-1.6128e-05,0.12,-0.17
497,-1.6095999999999996e-05,0.2,-0.17
498,-1.6063999999999997e-05,0.12,-0.17
499,-1.6031999999999998e-05,0.12,-0.17
500,-1.5999999999999996e-05,0.2,-0.17
501,-1.5967999999999997e-05,0.2,-0.17
502,-1.5935999999999998e-05,0.2,-0.15
503,-1.5904e-05,0.28,-0.15
504,-1.5871999999999996e-05,0.2,-0.17
505,-1.5839999999999997e-05,0.2,-0.15
506,-1.5808e-05,0.2,-0.15
507,-1.5775999999999996e-05,0.2,-0.17
508,-1.5743999999999997e-05,0.28,-0.15
509,-1.5711999999999998e-05,0.2,-0.17
510,-1.568e-05,0.28,-0.15
511,-1.5647999999999997e-05,0.28,-0.15
512,-1.5615999999999998e-05,0.28,-0.15
513,-1.5584e-05,0.36,-0.15
514,-1.5551999999999996e-05,0.36,-0.15
515,-1.5519999999999997e-05,0.28,-0.15
516,-1.5487999999999998e-05,0.28,-0.15
517,-1.5456e-05,0.36,-0.15
518,-1.5423999999999997e-05,0.36,-0.13
519,-1.5391999999999998e-05,0.36,-0.15
520,-1.536e-05,0.36,-0.13
521,-1.5327999999999996e-05,0.44,-0.13
522,-1.5295999999999997e-05,0.44,-0.15
523,-1.5263999999999998e-05,0.36,-0.13
524,-1.5232e-05,0.36,-0.13
525,-1.5199999999999997e-05,0.36,-0.13
526,-1.5167999999999998e-05,0.44,-0.13
527,-1.5135999999999999e-05,0.44,-0.13
528,-1.5103999999999996e-05,0.44,-0.13
529,-1.5071999999999997e-05,0.44,-0.11
530,-1.5039999999999998e-05,0.44,-0.11
531,-1.5007999999999996e-05,0.44,-0.11
532,-1.4975999999999997e-05,0.44,-0.11
533,-1.4943999999999998e-05,0.52,-0.13
534,-1.4911999999999999e-05,0.52,-0.13
535,-1.4879999999999996e-05,0.52,-0.11
536,-1.4847999999999997e-05,0.52,-0.11
537,-1.4815999999999998e-05,0.52,-0.11
538,-1.4783999999999996e-05,0.52,-0.11
539,-1.4751999999999997e-05,0.52,-0.11
540,-1.4719999999999998e-05,0.6,-0.11
541,-1.4687999999999999e-05,0.6,-0.09
542,-1.4655999999999997e-05,0.6,-0.09
543,-1.4623999999999998e-05,0.6,-0.09
544,-1.4591999999999999e-05,0.6,-0.09
545,-1.4559999999999996e-05,0.6,-0.09
546,-1.4527999999999997e-05,0.68,-0.09
547,-1.4495999999999998e-05,0.6,-0.09
548,-1.4463999999999999e-05,0.6,-0.09
549,-1.4431999999999997e-05,0.68,-0.07
550,-1.4399999999999998e-05,0.6,-0.09
551,-1.4367999999999999e-05,0.68,-0.07
552,-1.4335999999999996e-05,0.68,-0.07
553,-1.4303999999999997e-05,0.68,-0.07
554,-1.4271999999999998e-05,0.68,-0.07
555,-1.4239999999999996e-05,0.68,-0.07
556,-1.4207999999999997e-05,0.76,-0.07
557,-1.4175999999999998e-05,0.68,-0.07
558,-1.4143999999999999e-05,0.76,-0.07
559,-1.4111999999999996e-05,0.76,-0.07
560,-1.4079999999999997e-05,0.76,-0.05
561,-1.4047999999999998e-05,0.76,-0.07
562,-1.4015999999999996e-05,0.76,-0.05
563,-1.3983999999999997e-05,0.76,-0.05
564,-1.3951999999999998e-05,0.76,-0.05
565,-1.3919999999999999e-05,0.76,-0.05
566,-1.3887999999999996e-05,0.76,-0.05
567,-1.3855999999999997e-05,0.76,-0.05
568,-1.3823999999999998e-05,0.84,-0.03
569,-1.3791999999999996e-05,0.84,-0.05
570,-1.3759999999999997e-05,0.84,-0.03
571,-1.3727999999999998e-05,0.84,-0.03
572,-1.3695999999999999e-05,0.84,-0.03
573,-1.3663999999999997e-05,0.92,-0.03
574,-1.3631999999999998e-05,0.92,-0.03
575,-1.3599999999999999e-05,0.92,-0.03
576,-1.3567999999999996e-05,0.92,-0.03
577,-1.3535999999999997e-05,0.92,-0.03
578,-1.3503999999999998e-05,0.92,-0.01
579,-1.3471999999999999e-05,0.92,-0.01
580,-1.3439999999999997e-05,0.92,-0.01
581,-1.3407999999999998e-05,0.92,-0.01
582,-1.3375999999999999e-05,0.92,-0.01
583,-1.3343999999999996e-05,0.92,-0.01
584,-1.3311999999999997e-05,1.0,0.01
585,-1.3279999999999998e-05,1.0,0.01
586,-1.3247999999999996e-05,1.0,0.01
587,-1.3215999999999997e-05,1.0,0.01
588,-1.3183999999999998e-05,1.0,0.01
589,-1.3151999999999999e-05,1.0,0.03
590,-1.3119999999999996e-05,1.08,0.01
591,-1.3087999999999997e-05,1.0,0.01
592,-1.3055999999999998e-05,1.0,0.01
593,-1.3023999999999996e-05,1.08,0.01
594,-1.2991999999999997e-05,1.08,0.01
595,-1.2959999999999998e-05,1.08,0.03
596,-1.2927999999999999e-05,1.08,0.03
597,-1.2895999999999996e-05,1.08,0.03
598,-1.2863999999999997e-05,1.08,0.03
599,-1.2831999999999998e-05,1.08,0.03
600,-1.2799999999999996e-05,1.16,0.03
601,-1.2767999999999997e-05,1.08,0.03
602,-1.2735999999999998e-05,1.16,0.03
603,-1.2703999999999999e-05,1.16,0.05
604,-1.2671999999999997e-05,1.16,0.05
605,-1.2639999999999998e-05,1.16,0.05
606,-1.2607999999999999e-05,1.16,0.05
607,-1.2575999999999996e-05,1.16,0.07
608,-1.2543999999999997e-05,1.16,0.07
609,-1.2511999999999998e-05,1.24,0.07
610,-1.2479999999999996e-05,1.24,0.07
611,-1.2447999999999997e-05,1.24,0.07
612,-1.2415999999999998e-05,1.24,0.07
613,-1.2383999999999999e-05,1.24,0.09
614,-1.2351999999999996e-05,1.24,0.07
615,-1.2319999999999997e-05,1.24,0.07
616,-1.2287999999999998e-05,1.24,0.09
617,-1.2255999999999996e-05,1.24,0.07
618,-1.2223999999999997e-05,1.32,0.09
619,-1.2191999999999998e-05,1.32,0.09
620,-1.2159999999999999e-05,1.32,0.09
621,-1.2127999999999996e-05,1.32,0.09
622,-1.2095999999999997e-05,1.32,0.11
623,-1.2063999999999998e-05,1.4000000000000001,0.09
624,-1.2031999999999996e-05,1.32,0.11
625,-1.1999999999999997e-05,1.4000000000000001,0.11
626,-1.1967999999999998e-05,1.4000000000000001,0.11
627,-1.1935999999999999e-05,1.4000000000000001,0.11
628,-1.1903999999999996e-05,1.4000000000000001,0.11
629,-1.1871999999999997e-05,1.4000000000000001,0.13
630,-1.1839999999999998e-05,1.48,0.13
631,-1.1807999999999996e-05,1.4000000000000001,0.11
632,-1.1775999999999997e-05,1.4000000000000001,0.13
633,-1.1743999999999998e-05,1.4000000000000001,0.13
634,-1.1711999999999996e-05,1.4000000000000001,0.13
635,-1.1679999999999997e-05,1.48,0.13
636,-1.1647999999999998e-05,1.4000000000000001,0.13
637,-1.1615999999999999e-05,1.48,0.13
638,-1.1583999999999996e-05,1.48,0.15
639,-1.1551999999999997e-05,1.48,0.15
640,-1.1519999999999998e-05,1.48,0.17
641,-1.1487999999999996e-05,1.48,0.15
642,-1.1455999999999997e-05,1.48,0.15
643,-1.1423999999999998e-05,1.48,0.17
644,-1.1391999999999999e-05,1.48,0.17
645,-1.1359999999999996e-05,1.56,0.17
646,-1.1327999999999997e-05,1.48,0.17
647,-1.1295999999999998e-05,1.56,0.17
648,-1.1263999999999996e-05,1.56,0.17
649,-1.1231999999999997e-05,1.56,0.17
650,-1.1199999999999998e-05,1.56,0.17
651,-1.1167999999999999e-05,1.56,0.19
652,-1.1135999999999996e-05,1.56,0.19
653,-1.1103999999999997e-05,1.6400000000000001,0.19
654,-1.1071999999999998e-05,1.6400000000000001,0.19
655,-1.1039999999999996e-05,1.6400000000000001,0.19
656,-1.1007999999999997e-05,1.6400000000000001,0.21
657,-1.0975999999999998e-05,1.6400000000000001,0.19
658,-1.0943999999999999e-05,1.6400000000000001,0.21
659,-1.0911999999999996e-05,1.6400000000000001,0.21
660,-1.0879999999999997e-05,1.6400000000000001,0.21
661,-1.0847999999999998e-05,1.6400000000000001,0.21
662,-1.0815999999999996e-05,1.6400000000000001,0.23
663,-1.0783999999999997e-05,1.72,0.21
664,-1.0751999999999998e-05,1.72,0.21
665,-1.0719999999999996e-05,1.72,0.23
666,-1.0687999999999997e-05,1.72,0.23
667,-1.0655999999999998e-05,1.72,0.23
668,-1.0623999999999999e-05,1.8,0.23
669,-1.0591999999999996e-05,1.72,0.23
670,-1.0559999999999997e-05,1.8,0.25
671,-1.0527999999999998e-05,1.8,0.23
672,-1.0495999999999996e-05,1.8,0.27
673,-1.0463999999999997e-05,1.8,0.25
674,-1.0431999999999998e-05,1.8,0.25
675,-1.0399999999999999e-05,1.8,0.27
676,-1.0367999999999996e-05,1.8800000000000001,0.25
677,-1.0335999999999997e-05,1.8,0.27
678,-1.0303999999999998e-05,1.8800000000000001,0.27
679,-1.0271999999999996e-05,1.8800000000000001,0.27
680,-1.0239999999999997e-05,1.8800000000000001,0.27
681,-1.0207999999999998e-05,1.8800000000000001,0.27
682,-1.0175999999999999e-05,1.8800000000000001,0.27
683,-1.0143999999999996e-05,1.8800000000000001,0.27
684,-1.0111999999999997e-05,1.8800000000000001,0.29
685,-1.0079999999999998e-05,1.8800000000000001,0.29
686,-1.0047999999999996e-05,1.8800000000000001,0.29
687,-1.0015999999999997e-05,1.96,0.31
688,-9.983999999999998e-06,1.96,0.29
689,-9.951999999999996e-06,1.96,0.29
690,-9.919999999999997e-06,1.96,0.29
691,-9.887999999999997e-06,1.96,0.31
692,-9.855999999999998e-06,1.96,0.31
693,-9.823999999999996e-06,1.96,0.31
694,-9.791999999999997e-06,2.04,0.31
695,-9.759999999999998e-06,1.96,0.31
696,-9.727999999999996e-06,1.96,0.33
697,-9.695999999999997e-06,2.04,0.33
698,-9.663999999999998e-06,2.04,0.33
699,-9.631999999999999e-06,2.04,0.33
700,-9.599999999999996e-06,2.04,0.33
701,-9.567999999999997e-06,2.04,0.35000000000000003
702,-9.535999999999998e-06,2.12,0.35000000000000003
703,-9.503999999999996e-06,2.04,0.35000000000000003
704,-9.471999999999997e-06,2.04,0.37
705,-9.439999999999998e-06,2.12,0.35000000000000003
706,-9.407999999999999e-06,2.12,0.37
707,-9.375999999999996e-06,2.12,0.37
708,-9.343999999999997e-06,2.12,0.37
709,-9.311999999999998e-06,2.12,0.37
710,-9.279999999999996e-06,2.12,0.35000000000000003
711,-9.247999999999997e-06,2.2,0.37
712,-9.215999999999998e-06,2.2,0.39
713,-9.183999999999999e-06,2.12,0.39
714,-9.151999999999996e-06,2.2,0.39
715,-9.119999999999997e-06,2.2,0.39
716,-9.087999999999998e-06,2.2,0.39
717,-9.055999999999996e-06,2.2,0.39
718,-9.023999999999997e-06,2.2,0.41000000000000003
719,-8.991999999999998e-06,2.2,0.41000000000000003
720,-8.959999999999996e-06,2.2,0.41000000000000003
721,-8.927999999999997e-06,2.2800000000000002,0.41000000000000003
722,-8.895999999999997e-06,2.2800000000000002,0.41000000000000003
723,-8.863999999999998e-06,2.2800000000000002,0.41000000000000003
724,-8.831999999999996e-06,2.2800000000000002,0.43
725,-8.799999999999997e-06,2.2800000000000002,0.43
726,-8.767999999999998e-06,2.2800000000000002,0.43
727,-8.735999999999996e-06,2.2800000000000002,0.43
728,-8.703999999999997e-06,2.2800000000000002,0.43
729,-8.671999999999998e-06,2.36,0.43
730,-8.639999999999999e-06,2.2800000000000002,0.45
731,-8.607999999999996e-06,2.36,0.45
732,-8.575999999999997e-06,2.2800000000000002,0.45
733,-8.543999999999998e-06,2.36,0.45
734,-8.511999999999996e-06,2.36,0.45
735,-8.479999999999997e-06,2.36,0.45
736,-8.447999999999998e-06,2.44,0.47000000000000003
737,-8.415999999999999e-06,2.36,0.47000000000000003
738,-8.383999999999996e-06,2.44,0.47000000000000003
739,-8.351999999999997e-06,2.44,0.47000000000000003
740,-8.319999999999998e-06,2.44,0.49
741,-8.287999999999996e-06,2.44,0.49
742,-8.255999999999997e-06,2.44,0.49
743,-8.223999999999998e-06,2.44,0.49
744,-8.191999999999995e-06,2.44,0.49
745,-8.159999999999996e-06,1.56,0.49
746,-8.127999999999997e-06,-2.12,0.45
747,-8.095999999999998e-06,-2.2800000000000002,0.41000000000000003
748,-8.063999999999996e-06,-2.44,0.45
749,-8.031999999999997e-06,-2.44,0.41000000000000003
750,-7.999999999999998e-06,-2.44,0.43
751,-7.967999999999996e-06,-2.44,0.41000000000000003
752,-7.935999999999997e-06,-2.44,0.41000000000000003
753,-7.903999999999998e-06,-2.44,0.39
754,-7.871999999999998e-06,-2.36,0.39
755,-7.839999999999996e-06,-2.36,0.39
756,-7.807999999999997e-06,-2.2800000000000002,0.37
757,-7.775999999999998e-06,-2.36,0.37
758,-7.743999999999996e-06,-2.36,0.37
759,-7.711999999999997e-06,-2.2800000000000002,0.37
760,-7.679999999999998e-06,-2.2800000000000002,0.35000000000000003
761,-7.647999999999999e-06,-2.2800000000000002,0.35000000000000003
762,-7.615999999999996e-06,-2.2800000000000002,0.33
763,-7.583999999999997e-06,-2.2800000000000002,0.31
764,-7.551999999999998e-06,-2.2,0.33
765,-7.519999999999996e-06,-2.2,0.31
766,-7.487999999999997e-06,-2.2800000000000002,0.31
767,-7.455999999999998e-06,-2.2800000000000002,0.31
768,-7.423999999999995e-06,-2.2,0.29
769,-7.391999999999996e-06,-2.2,0.27
770,-7.359999999999997e-06,-2.2,0.27
771,-7.327999999999998e-06,-2.2,0.27
772,-7.295999999999996e-06,-2.2,0.25
773,-7.263999999999997e-06,-2.2,0.27
774,-7.231999999999998e-06,-2.2,0.25
775,-7.1999999999999954e-06,-2.2,0.25
776,-7.167999999999996e-06,-2.2,0.25
777,-7.135999999999997e-06,-2.12,0.23
778,-7.103999999999998e-06,-2.12,0.23
779,-7.071999999999996e-06,-2.12,0.23
780,-7.039999999999997e-06,-2.12,0.21
781,-7.007999999999998e-06,-2.12,0.21
782,-6.9759999999999956e-06,-2.12,0.21
783,-6.9439999999999965e-06,-2.12,0.19
784,-6.9119999999999975e-06,-2.04,0.19
785,-6.8799999999999985e-06,-2.04,0.19
786,-6.847999999999996e-06,-2.04,0.19
787,-6.815999999999997e-06,-2.04,0.19
788,-6.783999999999998e-06,-2.04,0.17
789,-6.751999999999996e-06,-2.04,0.17
790,-6.719999999999997e-06,-2.04,0.17
791,-6.687999999999998e-06,-2.04,0.15
792,-6.655999999999999e-06,-1.96,0.15
793,-6.623999999999996e-06,-1.96,0.15
794,-6.591999999999997e-06,-1.96,0.15
795,-6.559999999999998e-06,-1.96,0.13
796,-6.527999999999996e-06,-1.96,0.13
797,-6.495999999999997e-06,-1.96,0.13
798,-6.463999999999998e-06,-1.96,0.11
799,-6.431999999999995e-06,-1.96,0.11
800,-6.399999999999996e-06,-1.8800000000000001,0.11
801,-6.367999999999997e-06,-1.96,0.09
802,-6.335999999999998e-06,-1.8800000000000001,0.11
803,-6.303999999999996e-06,-1.8800000000000001,0.09
804,-6.271999999999997e-06,-1.8800000000000001,0.09
805,-6.239999999999998e-06,-1.8800000000000001,0.09
806,-6.2079999999999955e-06,-1.8800000000000001,0.07
807,-6.1759999999999964e-06,-1.8800000000000001,0.07
808,-6.143999999999997e-06,-1.8800000000000001,0.07
809,-6.111999999999998e-06,-1.8800000000000001,0.07
810,-6.079999999999996e-06,-1.8,0.05
811,-6.047999999999997e-06,-1.8,0.07
812,-6.015999999999998e-06,-1.8,0.05
813,-5.9839999999999956e-06,-1.72,0.05
814,-5.9519999999999965e-06,-1.8,0.05
815,-5.9199999999999975e-06,-1.72,0.05
816,-5.8879999999999985e-06,-1.8,0.03
817,-5.855999999999996e-06,-1.72,0.03
818,-5.823999999999997e-06,-1.72,0.01
819,-5.791999999999998e-06,-1.72,0.03
820,-5.759999999999996e-06,-1.72,0.03
821,-5.727999999999997e-06,-1.6400000000000001,0.01
822,-5.695999999999998e-06,-1.72,0.01
823,-5.663999999999995e-06,-1.72,-0.01
824,-5.631999999999996e-06,-1.72,0.01
825,-5.599999999999997e-06,-1.6400000000000001,-0.01
826,-5.567999999999998e-06,-1.72,-0.01
827,-5.535999999999996e-06,-1.72,-0.01
828,-5.503999999999997e-06,-1.6400000000000001,-0.03
829,-5.471999999999998e-06,-1.6400000000000001,-0.01
830,-5.439999999999995e-06,-1.6400000000000001,-0.03
831,-5.407999999999996e-06,-1.6400000000000001,-0.03
832,-5.375999999999997e-06,-1.6400000000000001,-0.03
833,-5.343999999999998e-06,-1.6400000000000001,-0.03
834,-5.311999999999996e-06,-1.6400000000000001,-0.05
835,-5.279999999999997e-06,-1.56,-0.05
836,-5.247999999999998e-06,-1.56,-0.05
837,-5.2159999999999955e-06,-1.48,-0.05
838,-5.1839999999999964e-06,-1.56,-0.05
839,-5.1519999999999974e-06,-1.56,-0.05
840,-5.119999999999998e-06,-1.56,-0.07
841,-5.087999999999996e-06,-1.56,-0.05
842,-5.055999999999997e-06,-1.48,-0.07
843,-5.023999999999998e-06,-1.56,-0.07
844,-4.9919999999999956e-06,-1.48,-0.09
845,-4.9599999999999966e-06,-1.48,-0.07
846,-4.9279999999999975e-06,-1.48,-0.07
847,-4.8959999999999985e-06,-1.4000000000000001,-0.09
848,-4.863999999999996e-06,-1.48,-0.07
849,-4.831999999999997e-06,-1.48,-0.09
850,-4.799999999999998e-06,-1.48,-0.09
851,-4.767999999999996e-06,-1.48,-0.09
852,-4.735999999999997e-06,-1.4000000000000001,-0.09
853,-4.703999999999998e-06,-1.4000000000000001,-0.09
854,-4.671999999999995e-06,-1.4000000000000001,-0.11
855,-4.639999999999996e-06,-1.4000000000000001,-0.11
856,-4.607999999999997e-06,-1.4000000000000001,-0.11
857,-4.575999999999998e-06,-1.4000000000000001,-0.13
858,-4.543999999999996e-06,-1.4000000000000001,-0.11
859,-4.511999999999997e-06,-1.4000000000000001,-0.11
860,-4.479999999999998e-06,-1.32,-0.11
861,-4.447999999999995e-06,-1.32,-0.11
862,-4.415999999999996e-06,-1.32,-0.11
863,-4.383999999999997e-06,-1.32,-0.13
864,-4.351999999999998e-06,-1.32,-0.13
865,-4.319999999999996e-06,-1.32,-0.15
866,-4.287999999999997e-06,-1.24,-0.13
867,-4.255999999999998e-06,-1.32,-0.13
868,-4.2239999999999955e-06,-1.32,-0.13
869,-4.1919999999999965e-06,-1.24,-0.15
870,-4.1599999999999974e-06,-1.24,-0.15
871,-4.1279999999999984e-06,-1.24,-0.15
872,-4.095999999999996e-06,-1.24,-0.15
873,-4.063999999999997e-06,-1.24,-0.15
874,-4.031999999999998e-06,-1.24,-0.15
875,-3.999999999999996e-06,-1.24,-0.15
876,-3.9679999999999966e-06,-1.24,-0.15
877,-3.9359999999999976e-06,-1.24,-0.15
878,-3.903999999999995e-06,-1.24,-0.15
879,-3.871999999999996e-06,-1.16,-0.17
880,-3.839999999999997e-06,-1.16,-0.15
881,-3.807999999999998e-06,-1.16,-0.17
882,-3.7759999999999957e-06,-1.16,-0.15
883,-3.7439999999999967e-06,-1.16,-0.17
884,-3.7119999999999977e-06,-1.16,-0.17
885,-3.6799999999999953e-06,-1.16,-0.17
886,-3.6479999999999962e-06,-1.08,-0.19
887,-3.6159999999999972e-06,-1.08,-0.17
888,-3.583999999999998e-06,-1.08,-0.17
889,-3.551999999999996e-06,-1.08,-0.17
890,-3.519999999999997e-06,-1.08,-0.19
891,-3.4879999999999978e-06,-1.08,-0.17
892,-3.4559999999999954e-06,-1.08,-0.17
893,-3.4239999999999964e-06,-1.0,-0.17
894,-3.3919999999999973e-06,-1.08,-0.17
895,-3.3599999999999983e-06,-1.08,-0.19
896,-3.327999999999996e-06,-1.0,-0.17
897,-3.295999999999997e-06,-1.0,-0.19
898,-3.263999999999998e-06,-1.0,-0.19
899,-3.2319999999999955e-06,-1.0,-0.19
900,-3.1999999999999965e-06,-1.0,-0.19
901,-3.1679999999999975e-06,-1.0,-0.19
902,-3.1359999999999984e-06,-1.0,-0.21
903,-3.103999999999996e-06,-1.0,-0.19
904,-3.071999999999997e-06,-0.92,-0.19
905,-3.039999999999998e-06,-0.92,-0.19
906,-3.0079999999999956e-06,-0.92,-0.19
907,-2.9759999999999966e-06,-0.92,-0.19
908,-2.9439999999999976e-06,-0.92,-0.21
909,-2.911999999999995e-06,-0.92,-0.19
910,-2.879999999999996e-06,-0.92,-0.19
911,-2.847999999999997e-06,-0.84,-0.21
912,-2.815999999999998e-06,-0.84,-0.21
913,-2.7839999999999957e-06,-0.84,-0.21
914,-2.7519999999999967e-06,-0.84,-0.21
915,-2.7199999999999977e-06,-0.84,-0.19
916,-2.6879999999999953e-06,-0.84,-0.21
917,-2.6559999999999963e-06,-0.84,-0.21
918,-2.6239999999999972e-06,-0.84,-0.21
919,-2.5919999999999982e-06,-0.76,-0.21
920,-2.559999999999996e-06,-0.76,-0.21
921,-2.527999999999997e-06,-0.84,-0.21
922,-2.4959999999999978e-06,-0.76,-0.21
923,-2.4639999999999954e-06,-0.76,-0.21
924,-2.4319999999999964e-06,-0.76,-0.21
925,-2.3999999999999974e-06,-0.76,-0.21
926,-2.3679999999999983e-06,-0.76,-0.21
927,-2.335999999999996e-06,-0.76,-0.21
928,-2.303999999999997e-06,-0.68,-0.21
929,-2.271999999999998e-06,-0.68,-0.21
930,-2.2399999999999955e-06,-0.68,-0.21
931,-2.2079999999999965e-06,-0.68,-0.21
932,-2.1759999999999975e-06,-0.68,-0.23
933,-2.143999999999995e-06,-0.68,-0.21
934,-2.111999999999996e-06,-0.6,-0.21
935,-2.079999999999997e-06,-0.6,-0.21
936,-2.047999999999998e-06,-0.6,-0.21
937,-2.0159999999999956e-06,-0.68,-0.23
938,-1.9839999999999966e-06,-0.6,-0.21
939,-1.9519999999999976e-06,-0.6,-0.21
940,-1.919999999999995e-06,-0.6,-0.21
941,-1.8879999999999962e-06,-0.52,-0.21
942,-1.8559999999999971e-06,-0.6,-0.21
943,-1.8239999999999981e-06,-0.6,-0.21
944,-1.7919999999999957e-06,-0.6,-0.23
945,-1.7599999999999967e-06,-0.6,-0.21
946,-1.7279999999999977e-06,-0.6,-0.23
947,-1.6959999999999953e-06,-0.52,-0.21
948,-1.6639999999999963e-06,-0.44,-0.23
949,-1.6319999999999972e-06,-0.44,-0.21
950,-1.5999999999999982e-06,-0.44,-0.21
951,-1.5679999999999958e-06,-0.52,-0.21
952,-1.5359999999999968e-06,-0.44,-0.21
953,-1.5039999999999978e-06,-0.52,-0.23
954,-1.4719999999999954e-06,-0.44,-0.21
955,-1.4399999999999998e-06,-0.44,-0.23
956,-1.4079999999999974e-06,-0.44,-0.23
957,-1.375999999999995e-06,-0.44,-0.21
958,-1.3439999999999993e-06,-0.44,-0.23
959,-1.311999999999997e-06,-0.44,-0.21
960,-1.2799999999999945e-06,-0.44,-0.21
961,-1.2479999999999989e-06,-0.44,-0.21
962,-1.2159999999999965e-06,-0.44,-0.21
963,-1.183999999999994e-06,-0.36,-0.23
964,-1.1519999999999985e-06,-0.36,-0.23
965,-1.119999999999996e-06,-0.36,-0.23
966,-1.0879999999999936e-06,-0.36,-0.21
967,-1.055999999999998e-06,-0.28,-0.23
968,-1.0239999999999956e-06,-0.36,-0.21
969,-9.92e-07,-0.36,-0.23
970,-9.599999999999976e-07,-0.28,-0.21
971,-9.279999999999952e-07,-0.28,-0.21
972,-8.959999999999996e-07,-0.28,-0.21
973,-8.639999999999971e-07,-0.28,-0.21
974,-8.319999999999947e-07,-0.28,-0.21
975,-7.999999999999991e-07,-0.2,-0.21
976,-7.679999999999967e-07,-0.28,-0.21
977,-7.359999999999943e-07,-0.28,-0.21
978,-7.039999999999987e-07,-0.28,-0.21
979,-6.719999999999963e-07,-0.28,-0.21
980,-6.399999999999939e-07,-0.2,-0.21
981,-6.079999999999982e-07,-0.2,-0.21
982,-5.759999999999958e-07,-0.2,-0.21
983,-5.439999999999934e-07,-0.12,-0.21
984,-5.119999999999978e-07,-0.2,-0.21
985,-4.799999999999954e-07,-0.2,-0.21
986,-4.479999999999998e-07,-0.2,-0.19
987,-4.1599999999999737e-07,-0.2,-0.21
988,-3.8399999999999497e-07,-0.2,-0.21
989,-3.5199999999999934e-07,-0.12,-0.21
990,-3.1999999999999694e-07,-0.12,-0.21
991,-2.8799999999999453e-07,-0.12,-0.21
992,-2.559999999999989e-07,-0.12,-0.19
993,-2.239999999999965e-07,-0.04,-0.21
994,-1.919999999999941e-07,-0.12,-0.19
995,-1.5999999999999847e-07,-0.04,-0.19
996,-1.2799999999999606e-07,-0.12,-0.19
997,-9.599999999999366e-08,-0.04,-0.19
998,-6.399999999999803e-08,-0.04,-0.19
999,-3.199999999999563e-08,-0.04,-0.19
1000,6.776263578034403e-21,0.04,-0.19
1001,3.2000000000002404e-08,-0.04,-0.19
1002,6.400000000000481e-08,-0.04,-0.19
1003,9.600000000000044e-08,0.04,-0.17
1004,1.2800000000000284e-07,-0.04,-0.19
1005,1.6000000000000524e-07,-0.04,-0.19
1006,1.9200000000000087e-07,0.04,-0.19
1007,2.2400000000000328e-07,0.04,-0.17
1008,2.560000000000057e-07,0.04,-0.17
1009,2.880000000000013e-07,0.04,-0.19
1010,3.200000000000037e-07,0.04,-0.17
1011,3.520000000000061e-07,0.04,-0.17
1012,3.8400000000000174e-07,0.04,-0.17
1013,4.1600000000000415e-07,0.04,-0.17
1014,4.4800000000000655e-07,0.12,-0.17
1015,4.800000000000022e-07,0.12,-0.17
1016,5.120000000000046e-07,0.12,-0.17
1017,5.440000000000002e-07,0.12,-0.17
1018,5.760000000000026e-07,0.12,-0.17
1019,6.08000000000005e-07,0.2,-0.17
1020,6.400000000000006e-07,0.2,-0.17
1021,6.72000000000003e-07,0.2,-0.17
1022,7.040000000000055e-07,0.2,-0.15
1023,7.360000000000011e-07,0.2,-0.15
1024,7.680000000000035e-07,0.2,-0.15
1025,8.000000000000059e-07,0.2,-0.15
1026,8.320000000000015e-07,0.2,-0.15
1027,8.640000000000039e-07,0.2,-0.15
1028,8.960000000000063e-07,0.2,-0.15
1029,9.28000000000002e-07,0.28,-0.15
1030,9.600000000000044e-07,0.28,-0.15
1031,9.920000000000068e-07,0.28,-0.15
1032,1.0240000000000024e-06,0.28,-0.15
1033,1.0560000000000048e-06,0.28,-0.15
1034,1.0880000000000004e-06,0.28,-0.15
1035,1.1200000000000028e-06,0.28,-0.15
1036,1.1520000000000052e-06,0.28,-0.15
1037,1.1840000000000009e-06,0.28,-0.15
1038,1.2160000000000033e-06,0.36,-0.15
1039,1.2480000000000057e-06,0.36,-0.15
1040,1.2800000000000013e-06,0.36,-0.15
1041,1.3120000000000037e-06,0.36,-0.15
1042,1.344000000000006e-06,0.36,-0.13
1043,1.3760000000000017e-06,0.36,-0.13
1044,1.4080000000000041e-06,0.36,-0.15
1045,1.4400000000000065e-06,0.36,-0.13
1046,1.4720000000000022e-06,0.36,-0.13
1047,1.5040000000000046e-06,0.44,-0.13
1048,1.5360000000000002e-06,0.44,-0.13
1049,1.5680000000000026e-06,0.44,-0.11
1050,1.600000000000005e-06,0.44,-0.13
1051,1.6320000000000006e-06,0.44,-0.11
1052,1.664000000000003e-06,0.44,-0.11
1053,1.6960000000000054e-06,0.44,-0.11
1054,1.728000000000001e-06,0.44,-0.11
1055,1.7600000000000035e-06,0.52,-0.11
1056,1.7920000000000059e-06,0.52,-0.11
1057,1.8240000000000015e-06,0.52,-0.11
1058,1.856000000000004e-06,0.52,-0.11
1059,1.8880000000000063e-06,0.52,-0.11
1060,1.920000000000002e-06,0.6,-0.09
1061,1.9520000000000044e-06,0.52,-0.09
1062,1.9840000000000068e-06,0.52,-0.09
1063,2.0160000000000024e-06,0.52,-0.11
1064,2.0480000000000048e-06,0.6,-0.09
1065,2.0800000000000004e-06,0.6,-0.09
1066,2.112000000000003e-06,0.6,-0.09
1067,2.1440000000000052e-06,0.6,-0.09
1068,2.176000000000001e-06,0.6,-0.09
1069,2.2080000000000033e-06,0.6,-0.07
1070,2.2400000000000057e-06,0.6,-0.09
1071,2.2720000000000013e-06,0.68,-0.07
1072,2.3040000000000037e-06,0.68,-0.07
1073,2.336000000000006e-06,0.68,-0.07
1074,2.3680000000000017e-06,0.68,-0.07
1075,2.400000000000004e-06,0.68,-0.07
1076,2.4320000000000065e-06,0.68,-0.07
1077,2.464000000000002e-06,0.68,-0.07
1078,2.4960000000000046e-06,0.76,-0.07
1079,2.528000000000007e-06,0.68,-0.07
1080,2.5600000000000026e-06,0.68,-0.07
1081,2.592000000000005e-06,0.76,-0.07
1082,2.6240000000000006e-06,0.76,-0.05
1083,2.656000000000003e-06,0.76,-0.05
1084,2.6880000000000054e-06,0.76,-0.05
1085,2.720000000000001e-06,0.76,-0.05
1086,2.7520000000000035e-06,0.84,-0.05
1087,2.784000000000006e-06,0.84,-0.05
1088,2.8160000000000015e-06,0.84,-0.05
1089,2.848000000000004e-06,0.84,-0.05
1090,2.8800000000000063e-06,0.84,-0.03
1091,2.912000000000002e-06,0.84,-0.03
1092,2.9440000000000043e-06,0.84,-0.03
1093,2.9760000000000067e-06,0.84,-0.03
1094,3.0080000000000024e-06,0.84,-0.03
1095,3.0400000000000048e-06,0.84,-0.03
1096,3.0720000000000004e-06,0.84,-0.03
1097,3.104000000000003e-06,0.92,-0.01
1098,3.136000000000005e-06,0.92,-0.03
1099,3.168000000000001e-06,0.92,-0.01
1100,3.2000000000000032e-06,0.92,-0.03
1101,3.2320000000000056e-06,0.92,-0.01
1102,3.2640000000000013e-06,0.92,-0.01
1103,3.2960000000000037e-06,0.92,-0.01
1104,3.328000000000006e-06,1.0,-0.01
1105,3.3600000000000017e-06,1.0,-0.01
1106,3.392000000000004e-06,1.0,0.01
1107,3.4240000000000065e-06,1.0,0.01
1108,3.456000000000002e-06,1.0,0.01
1109,3.4880000000000046e-06,1.0,0.01
1110,3.520000000000007e-06,1.08,0.01
1111,3.5520000000000026e-06,1.0,0.01
1112,3.584000000000005e-06,1.0,0.01
1113,3.6160000000000006e-06,1.08,0.01
1114,3.648000000000003e-06,1.08,0.03
1115,3.6800000000000054e-06,1.08,0.01
1116,3.712000000000001e-06,1.08,0.03
1117,3.7440000000000035e-06,1.08,0.03
1118,3.776000000000006e-06,1.16,0.03
1119,3.8080000000000015e-06,1.08,0.03
1120,3.840000000000004e-06,1.16,0.05
1121,3.872000000000006e-06,1.16,0.05
1122,3.904000000000002e-06,1.08,0.03
1123,3.936000000000004e-06,1.16,0.03
1124,3.968000000000007e-06,1.16,0.05
1125,4.000000000000002e-06,1.16,0.05
1126,4.032000000000005e-06,1.16,0.05
1127,4.064e-06,1.16,0.07
1128,4.096000000000003e-06,1.16,0.07
1129,4.128000000000005e-06,1.16,0.05
1130,4.160000000000001e-06,1.16,0.07
1131,4.192000000000003e-06,1.24,0.07
1132,4.224000000000006e-06,1.24,0.07
1133,4.256000000000001e-06,1.24,0.09
1134,4.288000000000004e-06,1.24,0.09
1135,4.320000000000006e-06,1.32,0.09
1136,4.352000000000002e-06,1.24,0.07
1137,4.384000000000004e-06,1.24,0.09
1138,4.4160000000000065e-06,1.24,0.09
1139,4.448000000000002e-06,1.24,0.09
1140,4.4800000000000045e-06,1.32,0.09
1141,4.512000000000007e-06,1.32,0.11
1142,4.5440000000000026e-06,1.32,0.09
1143,4.576000000000005e-06,1.32,0.11
1144,4.608000000000001e-06,1.32,0.11
1145,4.640000000000003e-06,1.32,0.11
1146,4.672000000000005e-06,1.32,0.11
1147,4.704000000000001e-06,1.32,0.11
1148,4.7360000000000034e-06,1.4000000000000001,0.11
1149,4.768000000000006e-06,1.4000000000000001,0.13
1150,4.8000000000000015e-06,1.4000000000000001,0.13
1151,4.832000000000004e-06,1.4000000000000001,0.13
1152,4.864000000000006e-06,1.4000000000000001,0.13
1153,4.896000000000002e-06,1.4000000000000001,0.13
1154,4.928000000000004e-06,1.4000000000000001,0.13
1155,4.960000000000007e-06,1.4000000000000001,0.13
1156,4.992000000000002e-06,1.48,0.13
1157,5.024000000000005e-06,1.48,0.15
1158,5.056e-06,1.48,0.13
1159,5.088000000000003e-06,1.48,0.15
1160,5.120000000000005e-06,1.48,0.15
1161,5.152000000000001e-06,1.48,0.15
1162,5.184000000000003e-06,1.48,0.15
1163,5.216000000000006e-06,1.48,0.15
1164,5.248000000000001e-06,1.48,0.17
1165,5.280000000000004e-06,1.56,0.15
1166,5.312000000000006e-06,1.56,0.17
1167,5.344000000000002e-06,1.56,0.17
1168,5.376000000000004e-06,1.56,0.17
1169,5.4080000000000065e-06,1.56,0.17
1170,5.440000000000002e-06,1.56,0.19
1171,5.4720000000000045e-06,1.56,0.19
1172,5.504000000000007e-06,1.56,0.19
1173,5.5360000000000026e-06,1.6400000000000001,0.17
1174,5.568000000000005e-06,1.6400000000000001,0.19
1175,5.600000000000001e-06,1.6400000000000001,0.19
1176,5.632000000000003e-06,1.6400000000000001,0.19
1177,5.664000000000005e-06,1.6400000000000001,0.19
1178,5.696000000000001e-06,1.72,0.19
1179,5.7280000000000034e-06,1.6400000000000001,0.21
1180,5.760000000000006e-06,1.72,0.21
1181,5.7920000000000015e-06,1.6400000000000001,0.21
1182,5.824000000000004e-06,1.72,0.21
1183,5.856000000000006e-06,1.72,0.23
1184,5.888000000000002e-06,1.72,0.21
1185,5.920000000000004e-06,1.72,0.23
1186,5.952000000000007e-06,1.72,0.23
1187,5.984000000000002e-06,1.72,0.23
1188,6.016000000000005e-06,1.72,0.23
1189,6.048000000000007e-06,1.72,0.23
1190,6.080000000000003e-06,1.72,0.23
1191,6.112000000000005e-06,1.8,0.25
1192,6.144000000000001e-06,1.8,0.25
1193,6.176000000000003e-06,1.8,0.23
1194,6.208000000000006e-06,1.8,0.25
1195,6.240000000000001e-06,1.8,0.25
1196,6.272000000000004e-06,1.8800000000000001,0.25
1197,6.304000000000006e-06,1.8800000000000001,0.27
1198,6.336000000000002e-06,1.8,0.25
1199,6.368000000000004e-06,1.8800000000000001,0.27
1200,6.4000000000000065e-06,1.8800000000000001,0.27
1201,6.432000000000002e-06,1.8800000000000001,0.27
1202,6.4640000000000045e-06,1.8800000000000001,0.27
1203,6.496000000000007e-06,1.96,0.27
1204,6.5280000000000026e-06,1.8800000000000001,0.29
1205,6.560000000000005e-06,1.8800000000000001,0.29
1206,6.592000000000001e-06,1.96,0.29
1207,6.624000000000003e-06,1.8800000000000001,0.29
1208,6.656000000000005e-06,1.96,0.29
1209,6.688000000000001e-06,1.96,0.29
1210,6.720000000000003e-06,1.96,0.31
1211,6.752000000000006e-06,1.96,0.31
1212,6.7840000000000015e-06,1.96,0.31
1213,6.816000000000004e-06,1.96,0.31
1214,6.848000000000006e-06,1.96,0.31
1215,6.880000000000002e-06,1.96,0.33
1216,6.912000000000004e-06,2.04,0.33
1217,6.944000000000007e-06,2.04,0.33
1218,6.976000000000002e-06,2.04,0.33
1219,7.008000000000005e-06,2.04,0.33
1220,7.040000000000007e-06,2.04,0.33
1221,7.072000000000003e-06,2.04,0.33
1222,7.104000000000005e-06,2.04,0.35000000000000003
1223,7.136000000000001e-06,2.04,0.35000000000000003
1224,7.168000000000003e-06,2.12,0.33
1225,7.200000000000006e-06,2.04,0.35000000000000003
1226,7.232000000000001e-06,2.12,0.35000000000000003
1227,7.264000000000004e-06,2.12,0.35000000000000003
1228,7.296000000000006e-06,2.12,0.37
1229,7.328000000000002e-06,2.12,0.37
1230,7.360000000000004e-06,2.12,0.37
1231,7.3920000000000065e-06,2.12,0.37
1232,7.424000000000002e-06,2.12,0.37
1233,7.4560000000000045e-06,2.2,0.39
1234,7.488000000000007e-06,2.2,0.39
1235,7.5200000000000025e-06,2.2,0.37
1236,7.552000000000005e-06,2.2,0.41000000000000003
1237,7.5840000000000006e-06,2.2,0.39
1238,7.616000000000003e-06,2.2,0.39
1239,7.648000000000005e-06,2.2800000000000002,0.41000000000000003
1240,7.680000000000001e-06,2.2,0.41000000000000003
1241,7.712000000000003e-06,2.2,0.41000000000000003
1242,7.744000000000006e-06,2.2800000000000002,0.41000000000000003
1243,7.776000000000001e-06,2.2800000000000002,0.41000000000000003
1244,7.808000000000004e-06,2.36,0.41000000000000003
1245,7.840000000000006e-06,2.2800000000000002,0.43
1246,7.872000000000002e-06,2.2800000000000002,0.43
1247,7.904000000000004e-06,2.36,0.43
1248,7.936000000000007e-06,2.36,0.43
1249,7.968000000000002e-06,2.36,0.43
1250,8.000000000000005e-06,2.36,0.43
1251,8.032000000000007e-06,2.36,0.43
1252,8.064000000000003e-06,2.36,0.45
1253,8.096000000000005e-06,2.36,0.45
1254,8.128e-06,2.36,0.45
1255,8.160000000000003e-06,2.36,0.45
1256,8.192000000000006e-06,2.36,0.47000000000000003
1257,8.224000000000001e-06,2.44,0.47000000000000003
1258,8.256000000000004e-06,2.36,0.47000000000000003
1259,8.288000000000006e-06,2.44,0.47000000000000003
1260,8.320000000000002e-06,2.44,0.47000000000000003
1261,8.352000000000004e-06,2.44,0.49
1262,8.384000000000006e-06,2.44,0.47000000000000003
1263,8.416000000000002e-06,2.44,0.49
1264,8.448000000000004e-06,2.44,0.49
1265,8.480000000000007e-06,2.44,0.49
1266,8.512000000000003e-06,1.56,0.49
1267,8.544000000000005e-06,-2.12,0.51
1268,8.576000000000007e-06,-2.36,0.45
1269,8.608000000000003e-06,-2.44,0.43
1270,8.640000000000005e-06,-2.44,0.43
1271,8.672000000000001e-06,-2.36,0.41000000000000003
1272,8.704000000000003e-06,-2.44,0.43
1273,8.736000000000006e-06,-2.44,0.41000000000000003
1274,8.768000000000001e-06,-2.36,0.41000000000000003
1275,8.800000000000004e-06,-2.36,0.39
1276,8.832000000000006e-06,-2.36,0.39
1277,8.864000000000002e-06,-2.36,0.39
1278,8.896000000000004e-06,-2.36,0.37
1279,8.928000000000007e-06,-2.36,0.37
1280,8.960000000000002e-06,-2.36,0.35000000000000003
1281,8.992000000000005e-06,-2.2800000000000002,0.33
1282,9.024000000000007e-06,-2.2800000000000002,0.35000000000000003
1283,9.056000000000003e-06,-2.2,0.35000000000000003
1284,9.088000000000005e-06,-2.2,0.33
1285,9.12e-06,-2.2800000000000002,0.33
1286,9.152000000000003e-06,-2.2800000000000002,0.31
1287,9.184000000000006e-06,-2.2800000000000002,0.31
1288,9.216000000000001e-06,-2.2800000000000002,0.31
1289,9.248000000000004e-06,-2.2800000000000002,0.29
1290,9.280000000000006e-06,-2.2800000000000002,0.29
1291,9.312000000000002e-06,-2.2,0.27
1292,9.344000000000004e-06,-2.2,0.27
1293,9.376000000000006e-06,-2.2,0.27
1294,9.408000000000002e-06,-2.2,0.27
1295,9.440000000000004e-06,-2.12,0.25
1296,9.472000000000007e-06,-2.2,0.25
1297,9.504000000000003e-06,-2.12,0.23
1298,9.536000000000005e-06,-2.12,0.23
1299,9.568000000000007e-06,-2.12,0.23
1300,9.600000000000003e-06,-2.04,0.23
1301,9.632000000000005e-06,-2.12,0.21
1302,9.664000000000001e-06,-2.12,0.21
1303,9.696000000000003e-06,-2.12,0.21
1304,9.728000000000006e-06,-2.12,0.19
1305,9.760000000000001e-06,-2.04,0.19
1306,9.792000000000004e-06,-2.04,0.19
1307,9.824000000000006e-06,-2.12,0.17
1308,9.856000000000002e-06,-2.04,0.17
1309,9.888000000000004e-06,-2.04,0.17
1310,9.920000000000007e-06,-2.04,0.17
1311,9.952000000000002e-06,-2.04,0.15
1312,9.984000000000005e-06,-2.04,0.15
1313,1.0016000000000007e-05,-1.96,0.15
1314,1.0048000000000003e-05,-1.96,0.15
1315,1.0080000000000005e-05,-1.96,0.13
1316,1.0112e-05,-1.96,0.13
1317,1.0144000000000003e-05,-1.8800000000000001,0.13
1318,1.0176000000000006e-05,-1.8800000000000001,0.13
1319,1.0208000000000001e-05,-1.96,0.13
1320,1.0240000000000004e-05,-1.8800000000000001,0.11
1321,1.0272000000000006e-05,-1.8800000000000001,0.11
1322,1.0304000000000002e-05,-1.96,0.11
1323,1.0336000000000004e-05,-1.8800000000000001,0.09
1324,1.0368000000000006e-05,-1.8800000000000001,0.09
1325,1.0400000000000002e-05,-1.8,0.09
1326,1.0432000000000004e-05,-1.8,0.07
1327,1.0464000000000007e-05,-1.8800000000000001,0.07
1328,1.0496000000000003e-05,-1.8800000000000001,0.07
1329,1.0528000000000005e-05,-1.8,0.07
1330,1.0560000000000007e-05,-1.8800000000000001,0.07
1331,1.0592000000000003e-05,-1.8,0.05
1332,1.0624000000000005e-05,-1.8,0.05
1333,1.0656000000000001e-05,-1.8,0.05
1334,1.0688000000000003e-05,-1.8,0.05
1335,1.0720000000000006e-05,-1.8,0.03
1336,1.0752000000000001e-05,-1.8,0.03
1337,1.0784000000000004e-05,-1.72,0.03
1338,1.0816000000000006e-05,-1.72,0.03
1339,1.0848000000000002e-05,-1.72,0.01
1340,1.0880000000000004e-05,-1.72,0.03
1341,1.0912000000000007e-05,-1.72,0.01
1342,1.0944000000000002e-05,-1.72,0.01
1343,1.0976000000000005e-05,-1.72,0.01
1344,1.1008000000000007e-05,-1.72,-0.01
1345,1.1040000000000003e-05,-1.72,-0.01
1346,1.1072000000000005e-05,-1.72,0.01
1347,1.1104e-05,-1.72,-0.01
1348,1.1136000000000003e-05,-1.6400000000000001,-0.01
1349,1.1168000000000006e-05,-1.6400000000000001,-0.01
1350,1.1200000000000001e-05,-1.6400000000000001,-0.03
1351,1.1232000000000004e-05,-1.6400000000000001,-0.03
1352,1.1264000000000006e-05,-1.6400000000000001,-0.03
1353,1.1296000000000002e-05,-1.6400000000000001,-0.03
1354,1.1328000000000004e-05,-1.6400000000000001,-0.03
1355,1.1360000000000006e-05,-1.6400000000000001,-0.05
1356,1.1392000000000002e-05,-1.56,-0.05
1357,1.1424000000000004e-05,-1.48,-0.05
1358,1.1456000000000007e-05,-1.56,-0.05
1359,1.1488000000000002e-05,-1.56,-0.05
1360,1.1520000000000005e-05,-1.56,-0.05
1361,1.1552000000000007e-05,-1.56,-0.07
1362,1.1584000000000003e-05,-1.56,-0.05
1363,1.1616000000000005e-05,-1.48,-0.09
1364,1.1648000000000001e-05,-1.56,-0.07
1365,1.1680000000000003e-05,-1.48,-0.07
1366,1.1712000000000006e-05,-1.48,-0.07
1367,1.1744000000000001e-05,-1.48,-0.07
1368,1.1776000000000004e-05,-1.48,-0.09
1369,1.1808000000000006e-05,-1.4000000000000001,-0.09
1370,1.1840000000000002e-05,-1.48,-0.09
1371,1.1872000000000004e-05,-1.4000000000000001,-0.09
1372,1.1904000000000007e-05,-1.4000000000000001,-0.09
1373,1.1936000000000002e-05,-1.4000000000000001,-0.11
1374,1.1968000000000005e-05,-1.4000000000000001,-0.09
1375,1.2000000000000007e-05,-1.4000000000000001,-0.11
1376,1.2032000000000003e-05,-1.4000000000000001,-0.11
1377,1.2064000000000005e-05,-1.4000000000000001,-0.11
1378,1.2096000000000008e-05,-1.4000000000000001,-0.11
1379,1.2128000000000003e-05,-1.4000000000000001,-0.11
1380,1.2160000000000006e-05,-1.4000000000000001,-0.11
1381,1.2192000000000001e-05,-1.32,-0.13
1382,1.2224000000000004e-05,-1.32,-0.13
1383,1.2256000000000006e-05,-1.32,-0.13
1384,1.2288000000000002e-05,-1.32,-0.13
1385,1.2320000000000004e-05,-1.32,-0.13
1386,1.2352000000000006e-05,-1.32,-0.13
1387,1.2384000000000002e-05,-1.32,-0.13
1388,1.2416000000000004e-05,-1.32,-0.13
1389,1.2448000000000007e-05,-1.24,-0.15
1390,1.2480000000000002e-05,-1.24,-0.13
1391,1.2512000000000005e-05,-1.24,-0.15
1392,1.2544000000000007e-05,-1.24,-0.15
1393,1.2576000000000003e-05,-1.24,-0.15
1394,1.2608000000000005e-05,-1.24,-0.15
1395,1.2640000000000001e-05,-1.24,-0.15
1396,1.2672000000000003e-05,-1.24,-0.15
1397,1.2704000000000006e-05,-1.24,-0.15
1398,1.2736000000000001e-05,-1.16,-0.15
1399,1.2768000000000004e-05,-1.16,-0.15
1400,1.2800000000000006e-05,-1.16,-0.15
1401,1.2832000000000002e-05,-1.16,-0.15
1402,1.2864000000000004e-05,-1.16,-0.17
1403,1.2896000000000007e-05,-1.16,-0.17
1404,1.2928000000000002e-05,-1.16,-0.17
1405,1.2960000000000005e-05,-1.08,-0.17
1406,1.2992000000000007e-05,-1.16,-0.17
1407,1.3024000000000003e-05,-1.08,-0.17
1408,1.3056000000000005e-05,-1.08,-0.17
1409,1.3088000000000008e-05,-1.0,-0.17
1410,1.3120000000000003e-05,-1.08,-0.17
1411,1.3152000000000006e-05,-1.08,-0.19
1412,1.3184000000000001e-05,-1.08,-0.17
1413,1.3216000000000004e-05,-1.0,-0.19
1414,1.3248000000000006e-05,-1.0,-0.17
1415,1.3280000000000002e-05,-1.0,-0.19
1416,1.3312000000000004e-05,-1.0,-0.19
1417,1.3344000000000006e-05,-1.0,-0.19
1418,1.3376000000000002e-05,-1.0,-0.19
1419,1.3408000000000004e-05,-1.0,-0.19
1420,1.3440000000000007e-05,-0.92,-0.19
1421,1.3472000000000002e-05,-0.92,-0.19
1422,1.3504000000000005e-05,-1.0,-0.19
1423,1.3536000000000007e-05,-0.92,-0.19
1424,1.3568000000000003e-05,-0.92,-0.19
1425,1.3600000000000005e-05,-0.92,-0.19
1426,1.3632000000000001e-05,-0.92,-0.21
1427,1.3664000000000003e-05,-0.92,-0.21
1428,1.3696000000000006e-05,-0.92,-0.19
1429,1.3728000000000001e-05,-0.92,-0.21
1430,1.3760000000000004e-05,-0.92,-0.21
1431,1.3792000000000006e-05,-0.84,-0.21
1432,1.3824000000000002e-05,-0.84,-0.21
1433,1.3856000000000004e-05,-0.76,-0.21
1434,1.3888000000000007e-05,-0.84,-0.21
1435,1.3920000000000002e-05,-0.84,-0.21
1436,1.3952000000000005e-05,-0.84,-0.21
1437,1.3984000000000007e-05,-0.76,-0.21
1438,1.4016000000000003e-05,-0.84,-0.21
1439,1.4048000000000005e-05,-0.76,-0.21
1440,1.4080000000000007e-05,-0.76,-0.21
1441,1.4112000000000003e-05,-0.76,-0.21
1442,1.4144000000000006e-05,-0.76,-0.21
1443,1.4176000000000001e-05,-0.76,-0.21
1444,1.4208000000000004e-05,-0.68,-0.21
1445,1.4240000000000006e-05,-0.76,-0.21
1446,1.4272000000000002e-05,-0.68,-0.21
1447,1.4304000000000004e-05,-0.68,-0.21
1448,1.4336000000000006e-05,-0.68,-0.23
1449,1.4368000000000002e-05,-0.76,-0.21
1450,1.4400000000000004e-05,-0.68,-0.21
1451,1.4432000000000007e-05,-0.76,-0.21
1452,1.4464000000000002e-05,-0.68,-0.21
1453,1.4496000000000005e-05,-0.68,-0.21
1454,1.4528000000000007e-05,-0.68,-0.23
1455,1.4560000000000003e-05,-0.68,-0.21
1456,1.4592000000000005e-05,-0.68,-0.23
1457,1.4624000000000008e-05,-0.6,-0.23
1458,1.4656000000000003e-05,-0.6,-0.21
1459,1.4688000000000006e-05,-0.6,-0.21
1460,1.4720000000000001e-05,-0.6,-0.21
1461,1.4752000000000004e-05,-0.6,-0.23
1462,1.4784000000000006e-05,-0.6,-0.23
1463,1.4816000000000002e-05,-0.6,-0.21
1464,1.4848000000000004e-05,-0.6,-0.21
1465,1.4880000000000007e-05,-0.6,-0.23
1466,1.4912000000000002e-05,-0.52,-0.21
1467,1.4944000000000005e-05,-0.52,-0.23
1468,1.4976000000000007e-05,-0.52,-0.21
1469,1.5008000000000003e-05,-0.52,-0.23
1470,1.5040000000000005e-05,-0.52,-0.23
1471,1.5072000000000007e-05,-0.52,-0.23
1472,1.5104000000000003e-05,-0.52,-0.21
1473,1.5136000000000006e-05,-0.52,-0.21
1474,1.5168000000000001e-05,-0.44,-0.23
1475,1.5200000000000004e-05,-0.52,-0.21
1476,1.5232000000000006e-05,-0.44,-0.23
1477,1.5264e-05,-0.44,-0.23
1478,1.5296000000000004e-05,-0.44,-0.23
1479,1.5328000000000006e-05,-0.44,-0.23
1480,1.5360000000000002e-05,-0.44,-0.21
1481,1.5392000000000004e-05,-0.44,-0.23
1482,1.5424000000000007e-05,-0.36,-0.21
1483,1.5456000000000002e-05,-0.36,-0.21
1484,1.5488000000000005e-05,-0.36,-0.23
1485,1.5520000000000007e-05,-0.36,-0.21
1486,1.5552000000000003e-05,-0.36,-0.21
1487,1.5584000000000005e-05,-0.36,-0.23
1488,1.5616000000000008e-05,-0.36,-0.21
1489,1.5648000000000003e-05,-0.36,-0.21
1490,1.5680000000000006e-05,-0.28,-0.21
1491,1.5712e-05,-0.36,-0.23
1492,1.5744000000000004e-05,-0.28,-0.21
1493,1.5776000000000006e-05,-0.28,-0.21
1494,1.5808000000000002e-05,-0.28,-0.21
1495,1.5840000000000004e-05,-0.28,-0.21
1496,1.5872000000000007e-05,-0.28,-0.23
1497,1.5904000000000002e-05,-0.28,-0.21
1498,1.5936000000000005e-05,-0.28,-0.21
1499,1.5968000000000007e-05,-0.2,-0.21
1500,1.6000000000000003e-05,-0.2,-0.21
1501,1.6032000000000005e-05,-0.2,-0.21
1502,1.6064000000000007e-05,-0.2,-0.21
1503,1.6096000000000003e-05,-0.12,-0.21
1504,1.6128000000000006e-05,-0.2,-0.21
1505,1.616e-05,-0.2,-0.19
1506,1.6192000000000004e-05,-0.2,-0.21
1507,1.6224000000000006e-05,-0.2,-0.21
1508,1.6256e-05,-0.12,-0.21
1509,1.6288000000000004e-05,-0.12,-0.21
1510,1.6320000000000006e-05,-0.12,-0.21
1511,1.6352000000000002e-05,-0.12,-0.19
1512,1.6384000000000004e-05,-0.12,-0.19
1513,1.6416000000000007e-05,-0.12,-0.21
1514,1.6448000000000002e-05,-0.04,-0.19
1515,1.6480000000000005e-05,-0.04,-0.21
1516,1.6512000000000007e-05,-0.04,-0.21
1517,1.6544000000000003e-05,-0.04,-0.21
1518,1.6576000000000005e-05,-0.04,-0.19
1519,1.6608000000000008e-05,-0.04,-0.19
1520,1.6640000000000003e-05,-0.04,-0.19
1521,1.6672000000000006e-05,-0.04,-0.19
1522,1.6704e-05,0.04,-0.19
1523,1.6736000000000004e-05,0.04,-0.19
1524,1.6768000000000006e-05,0.04,-0.19
1525,1.6800000000000002e-05,0.04,-0.19
1526,1.6832000000000004e-05,0.04,-0.19
1527,1.6864000000000007e-05,0.04,-0.19
1528,1.6896000000000002e-05,0.04,-0.19
1529,1.6928000000000005e-05,0.04,-0.17
1530,1.6960000000000007e-05,0.04,-0.17
1531,1.6992000000000003e-05,0.04,-0.17
1532,1.7024000000000005e-05,0.12,-0.17
1533,1.7056000000000007e-05,0.12,-0.19
1534,1.7088000000000003e-05,0.12,-0.17
1535,1.7120000000000005e-05,0.12,-0.17
1536,1.7152000000000008e-05,0.12,-0.19
1537,1.7184000000000004e-05,0.2,-0.19
1538,1.7216000000000006e-05,0.2,-0.17
1539,1.7248e-05,0.2,-0.19
1540,1.7280000000000004e-05,0.12,-0.17
1541,1.7312000000000006e-05,0.2,-0.17
1542,1.7344000000000002e-05,0.2,-0.17
1543,1.7376000000000004e-05,0.2,-0.17
1544,1.7408000000000007e-05,0.2,-0.17
1545,1.7440000000000002e-05,0.2,-0.17
1546,1.7472000000000005e-05,0.2,-0.15
1547,1.7504000000000007e-05,0.28,-0.15
1548,1.7536000000000003e-05,0.2,-0.15
1549,1.7568000000000005e-05,0.28,-0.17
1550,1.7600000000000008e-05,0.28,-0.15
1551,1.7632000000000003e-05,0.28,-0.15
1552,1.7664000000000006e-05,0.28,-0.15
1553,1.7696e-05,0.36,-0.15
1554,1.7728000000000004e-05,0.36,-0.15
1555,1.7760000000000006e-05,0.28,-0.15
1556,1.7792000000000002e-05,0.28,-0.15
1557,1.7824000000000004e-05,0.28,-0.15
1558,1.7856000000000007e-05,0.36,-0.15
1559,1.7888000000000002e-05,0.36,-0.13
1560,1.7920000000000005e-05,0.36,-0.13
1561,1.7952000000000007e-05,0.36,-0.13
1562,1.7984000000000003e-05,0.36,-0.13
1563,1.8016000000000005e-05,0.36,-0.13
1564,1.8048000000000007e-05,0.44,-0.13
1565,1.8080000000000003e-05,0.44,-0.13
1566,1.8112000000000005e-05,0.44,-0.13
1567,1.8144000000000008e-05,0.44,-0.13
1568,1.8176000000000004e-05,0.44,-0.13
1569,1.8208000000000006e-05,0.44,-0.13
1570,1.824e-05,0.44,-0.13
1571,1.8272000000000004e-05,0.44,-0.11
1572,1.8304000000000006e-05,0.52,-0.11
1573,1.8336000000000002e-05,0.52,-0.13
1574,1.8368000000000004e-05,0.52,-0.11
1575,1.8400000000000007e-05,0.52,-0.11
1576,1.8432000000000002e-05,0.52,-0.11
1577,1.8464000000000005e-05,0.52,-0.11
1578,1.8496000000000007e-05,0.52,-0.11
1579,1.8528000000000003e-05,0.52,-0.11
1580,1.8560000000000005e-05,0.52,-0.11
1581,1.8592000000000008e-05,0.52,-0.11
1582,1.8624000000000003e-05,0.52,-0.09
1583,1.8656000000000006e-05,0.6,-0.11
1584,1.8688e-05,0.6,-0.09
1585,1.8720000000000004e-05,0.6,-0.09
1586,1.8752000000000006e-05,0.6,-0.09
1587,1.8784000000000002e-05,0.6,-0.09
1588,1.8816000000000004e-05,0.6,-0.09
1589,1.8848000000000007e-05,0.6,-0.09
1590,1.8880000000000002e-05,0.68,-0.09
1591,1.8912000000000005e-05,0.6,-0.07
1592,1.8944000000000007e-05,0.68,-0.09
1593,1.8976000000000003e-05,0.68,-0.09
1594,1.9008000000000005e-05,0.68,-0.09
1595,1.9040000000000007e-05,0.68,-0.07
1596,1.9072000000000003e-05,0.68,-0.07
1597,1.9104000000000005e-05,0.68,-0.07
1598,1.9136000000000008e-05,0.68,-0.07
1599,1.9168000000000004e-05,0.76,-0.07
1600,1.9200000000000006e-05,0.68,-0.07
1601,1.9232e-05,0.76,-0.07
1602,1.9264000000000004e-05,0.76,-0.07
1603,1.9296000000000006e-05,0.76,-0.05
1604,1.9328000000000002e-05,0.84,-0.05
1605,1.9360000000000004e-05,0.76,-0.05
1606,1.9392000000000007e-05,0.84,-0.05
1607,1.9424000000000002e-05,0.76,-0.07
1608,1.9456000000000005e-05,0.84,-0.05
1609,1.9488000000000007e-05,0.84,-0.05
1610,1.9520000000000003e-05,0.84,-0.05
1611,1.9552000000000005e-05,0.84,-0.05
1612,1.9584000000000008e-05,0.92,-0.05
1613,1.9616000000000003e-05,0.84,-0.05
1614,1.9648000000000006e-05,0.84,-0.03
1615,1.968e-05,0.84,-0.03
1616,1.9712000000000004e-05,0.84,-0.03
1617,1.9744000000000006e-05,0.92,-0.03
1618,1.9776000000000002e-05,0.92,-0.03
1619,1.9808000000000004e-05,0.92,-0.03
1620,1.9840000000000007e-05,0.92,-0.01
1621,1.9872000000000002e-05,0.92,-0.01
1622,1.9904000000000005e-05,0.92,-0.03
1623,1.9936000000000007e-05,0.92,-0.01
1624,1.9968000000000003e-05,0.92,-0.01
1625,2.0000000000000005e-05,1.0,-0.01
1626,2.0032000000000007e-05,1.0,-0.01
1627,2.0064000000000003e-05,1.0,-0.01
1628,2.0096000000000005e-05,1.0,0.01
1629,2.0128000000000008e-05,1.0,-0.01
1630,2.0160000000000003e-05,1.0,0.01
1631,2.0192000000000006e-05,1.0,-0.01
1632,2.0224e-05,1.0,0.01
1633,2.0256000000000004e-05,1.08,0.01
1634,2.0288000000000006e-05,1.08,0.01
1635,2.0320000000000002e-05,1.08,0.03
1636,2.0352000000000004e-05,1.08,0.03
1637,2.0384000000000007e-05,1.08,0.03
1638,2.0416000000000002e-05,1.08,0.03
1639,2.0448000000000005e-05,1.08,0.03
1640,2.0480000000000007e-05,1.08,0.03
1641,2.0512000000000003e-05,1.08,0.05
1642,2.0544000000000005e-05,1.16,0.03
1643,2.0576000000000008e-05,1.16,0.05
1644,2.0608000000000003e-05,1.16,0.05
1645,2.0640000000000006e-05,1.24,0.05
1646,2.0672000000000008e-05,1.16,0.05
1647,2.0704000000000004e-05,1.24,0.05
1648,2.0736000000000006e-05,1.16,0.05
1649,2.0768000000000002e-05,1.24,0.05
1650,2.0800000000000004e-05,1.16,0.07
1651,2.0832000000000007e-05,1.24,0.07
1652,2.0864000000000002e-05,1.24,0.07
1653,2.0896000000000005e-05,1.24,0.07
1654,2.0928000000000007e-05,1.24,0.07
1655,2.0960000000000003e-05,1.24,0.07
1656,2.0992000000000005e-05,1.24,0.09
1657,2.1024000000000007e-05,1.24,0.09
1658,2.1056000000000003e-05,1.32,0.07
1659,2.1088000000000005e-05,1.32,0.09
1660,2.1120000000000008e-05,1.32,0.09
1661,2.1152000000000003e-05,1.32,0.09
1662,2.1184000000000006e-05,1.32,0.09
1663,2.1216e-05,1.32,0.09
1664,2.1248000000000004e-05,1.32,0.11
1665,2.1280000000000006e-05,1.32,0.11
1666,2.1312000000000002e-05,1.4000000000000001,0.09
1667,2.1344000000000004e-05,1.4000000000000001,0.11
1668,2.1376000000000007e-05,1.4000000000000001,0.11
1669,2.1408000000000002e-05,1.4000000000000001,0.11
1670,2.1440000000000005e-05,1.4000000000000001,0.11
1671,2.1472000000000007e-05,1.4000000000000001,0.11
1672,2.1504000000000003e-05,1.4000000000000001,0.13
1673,2.1536000000000005e-05,1.4000000000000001,0.13
1674,2.1568000000000008e-05,1.4000000000000001,0.13
1675,2.1600000000000003e-05,1.48,0.13
1676,2.1632000000000006e-05,1.48,0.13
1677,2.1664000000000008e-05,1.48,0.13
1678,2.1696000000000004e-05,1.48,0.13
1679,2.1728000000000006e-05,1.48,0.13
1680,2.1760000000000002e-05,1.48,0.15
1681,2.1792000000000004e-05,1.48,0.15
1682,2.1824000000000007e-05,1.56,0.15
1683,2.1856000000000002e-05,1.48,0.15
1684,2.1888000000000005e-05,1.48,0.15
1685,2.1920000000000007e-05,1.56,0.15
1686,2.1952000000000003e-05,1.56,0.17
1687,2.1984000000000005e-05,1.56,0.17
1688,2.2016000000000007e-05,1.56,0.17
1689,2.2048000000000003e-05,1.56,0.17
1690,2.2080000000000005e-05,1.56,0.17
1691,2.2112000000000008e-05,1.6400000000000001,0.17
1692,2.2144000000000003e-05,1.56,0.19
1693,2.2176000000000006e-05,1.6400000000000001,0.19
1694,2.2208e-05,1.6400000000000001,0.19
1695,2.2240000000000004e-05,1.6400000000000001,0.19
1696,2.2272000000000006e-05,1.6400000000000001,0.19
1697,2.2304000000000002e-05,1.6400000000000001,0.19
1698,2.2336000000000004e-05,1.6400000000000001,0.19
1699,2.2368000000000007e-05,1.6400000000000001,0.19
1700,2.2400000000000002e-05,1.6400000000000001,0.21
1701,2.2432000000000005e-05,1.6400000000000001,0.21
1702,2.2464000000000007e-05,1.6400000000000001,0.21
1703,2.2496000000000003e-05,1.72,0.21
1704,2.2528000000000005e-05,1.72,0.21
1705,2.2560000000000008e-05,1.72,0.23
1706,2.2592000000000003e-05,1.72,0.21
1707,2.2624000000000006e-05,1.72,0.23
1708,2.2656000000000008e-05,1.72,0.23
1709,2.2688000000000004e-05,1.72,0.23
1710,2.2720000000000006e-05,1.72,0.23
1711,2.2752000000000002e-05,1.8,0.23
1712,2.2784000000000004e-05,1.72,0.23
1713,2.2816000000000007e-05,1.8,0.25
1714,2.2848000000000002e-05,1.8,0.25
1715,2.2880000000000005e-05,1.8,0.25
1716,2.2912000000000007e-05,1.8,0.25
1717,2.2944000000000003e-05,1.8,0.25
1718,2.2976000000000005e-05,1.8,0.25
1719,2.3008000000000007e-05,1.8,0.27
1720,2.3040000000000003e-05,1.8,0.27
1721,2.3072000000000005e-05,1.8800000000000001,0.27
1722,2.3104000000000008e-05,1.8800000000000001,0.27
1723,2.3136000000000003e-05,1.8800000000000001,0.27
1724,2.3168000000000006e-05,1.8800000000000001,0.27
1725,2.3200000000000008e-05,1.8800000000000001,0.27
1726,2.3232000000000004e-05,1.96,0.29
1727,2.3264000000000006e-05,1.8800000000000001,0.29
1728,2.3296000000000002e-05,1.8800000000000001,0.29
1729,2.3328000000000004e-05,1.96,0.29
1730,2.3360000000000007e-05,1.96,0.29
1731,2.3392000000000002e-05,1.96,0.31
1732,2.3424000000000005e-05,1.96,0.31
1733,2.3456000000000007e-05,1.96,0.31
1734,2.3488000000000003e-05,1.96,0.31
1735,2.3520000000000005e-05,2.04,0.31
1736,2.3552000000000008e-05,1.96,0.31
1737,2.3584000000000003e-05,2.04,0.31
1738,2.3616000000000006e-05,2.04,0.31
1739,2.3648000000000008e-05,2.04,0.33
1740,2.3680000000000004e-05,2.04,0.33
1741,2.3712000000000006e-05,2.04,0.35000000000000003
1742,2.3744000000000002e-05,2.12,0.33
1743,2.3776000000000004e-05,2.04,0.33
1744,2.3808000000000007e-05,2.04,0.35000000000000003
1745,2.3840000000000002e-05,2.12,0.35000000000000003
1746,2.3872000000000005e-05,2.12,0.35000000000000003
1747,2.3904000000000007e-05,2.12,0.35000000000000003
1748,2.3936000000000003e-05,2.12,0.35000000000000003
1749,2.3968000000000005e-05,2.12,0.37
1750,2.4000000000000007e-05,2.12,0.35000000000000003
1751,2.4032000000000003e-05,2.12,0.37
1752,2.4064000000000005e-05,2.12,0.35000000000000003
1753,2.4096000000000008e-05,2.2,0.37
1754,2.4128000000000003e-05,2.2,0.37
1755,2.4160000000000006e-05,2.2,0.39
1756,2.4192000000000008e-05,2.2800000000000002,0.37
1757,2.4224000000000004e-05,2.2,0.39
1758,2.4256000000000006e-05,2.2800000000000002,0.39
1759,2.4288000000000002e-05,2.2,0.39
1760,2.4320000000000004e-05,2.2,0.41000000000000003
1761,2.4352000000000007e-05,2.2,0.41000000000000003
1762,2.4384000000000002e-05,2.2800000000000002,0.41000000000000003
1763,2.4416000000000005e-05,2.2,0.41000000000000003
1764,2.4448000000000007e-05,2.2800000000000002,0.41000000000000003
1765,2.4480000000000003e-05,2.2800000000000002,0.41000000000000003
1766,2.4512000000000005e-05,2.2800000000000002,0.43
1767,2.4544000000000008e-05,2.36,0.41000000000000003
1768,2.4576000000000003e-05,2.2800000000000002,0.43
1769,2.4608000000000006e-05,2.2800000000000002,0.43
1770,2.4640000000000008e-05,2.2800000000000002,0.43
1771,2.4672000000000004e-05,2.36,0.43
1772,2.4704000000000006e-05,2.36,0.45
1773,2.4736e-05,2.36,0.43
1774,2.4768000000000004e-05,2.36,0.45
1775,2.4800000000000007e-05,2.36,0.45
1776,2.4832000000000002e-05,2.36,0.45
1777,2.4864000000000005e-05,2.36,0.45
1778,2.4896000000000007e-05,2.36,0.45
1779,2.4928000000000003e-05,2.36,0.47000000000000003
1780,2.4960000000000005e-05,2.44,0.47000000000000003
1781,2.4992000000000007e-05,2.44,0.47000000000000003
1782,2.5024000000000003e-05,2.52,0.49
1783,2.5056000000000005e-05,2.44,0.47000000000000003
1784,2.5088000000000008e-05,2.44,0.49
1785,2.5120000000000003e-05,2.44,0.49
1786,2.5152000000000006e-05,2.44,0.49
1787,2.5184000000000008e-05,-1.0,0.49
1788,2.5216000000000004e-05,-2.36,0.51
1789,2.5248000000000006e-05,-2.52,0.45
1790,2.5280000000000002e-05,-2.44,0.43
1791,2.5312000000000004e-05,-2.36,0.43
1792,2.5344000000000007e-05,-2.36,0.41000000000000003
1793,2.5376000000000002e-05,-2.44,0.41000000000000003
1794,2.5408000000000005e-05,-2.36,0.41000000000000003
1795,2.5440000000000007e-05,-2.36,0.41000000000000003
1796,2.5472000000000003e-05,-2.36,0.39
1797,2.5504000000000005e-05,-2.36,0.37
1798,2.5536000000000008e-05,-2.36,0.37
1799,2.5568000000000003e-05,-2.36,0.37
1800,2.5600000000000006e-05,-2.36,0.37
1801,2.5632000000000008e-05,-2.36,0.35000000000000003
1802,2.5664000000000004e-05,-2.2800000000000002,0.35000000000000003
1803,2.5696000000000006e-05,-2.2800000000000002,0.35000000000000003
1804,2.5728e-05,-2.2800000000000002,0.33
1805,2.5760000000000004e-05,-2.2800000000000002,0.33
1806,2.5792000000000006e-05,-2.2800000000000002,0.31
1807,2.5824000000000002e-05,-2.2800000000000002,0.31
1808,2.5856000000000005e-05,-2.2800000000000002,0.29
1809,2.5888000000000007e-05,-2.2800000000000002,0.31
1810,2.5920000000000003e-05,-2.2,0.29
1811,2.5952000000000005e-05,-2.2,0.29
1812,2.5984000000000007e-05,-2.2,0.27
1813,2.6016000000000003e-05,-2.2,0.27
1814,2.6048000000000005e-05,-2.12,0.25
1815,2.6080000000000008e-05,-2.2,0.25
1816,2.6112000000000003e-05,-2.12,0.25
1817,2.6144000000000006e-05,-2.12,0.23
1818,2.6176000000000008e-05,-2.2,0.23
1819,2.6208000000000004e-05,-2.04,0.23
1820,2.6240000000000006e-05,-2.12,0.21
1821,2.6272000000000002e-05,-2.12,0.21
1822,2.6304000000000004e-05,-2.12,0.21
1823,2.6336000000000007e-05,-2.12,0.21
1824,2.6368000000000002e-05,-2.12,0.19
1825,2.6400000000000005e-05,-2.12,0.21
1826,2.6432000000000007e-05,-2.04,0.19
1827,2.6464000000000003e-05,-2.04,0.19
1828,2.6496000000000005e-05,-2.12,0.17
1829,2.6528000000000008e-05,-1.96,0.17
1830,2.6560000000000003e-05,-2.04,0.17
1831,2.6592000000000006e-05,-2.04,0.17
1832,2.6624000000000008e-05,-2.04,0.17
1833,2.6656000000000004e-05,-2.04,0.13
1834,2.6688000000000006e-05,-1.96,0.15
1835,2.672000000000001e-05,-1.96,0.15
1836,2.6752000000000004e-05,-1.96,0.15
1837,2.6784000000000006e-05,-1.96,0.13
1838,2.6816000000000002e-05,-1.8800000000000001,0.13
1839,2.6848000000000005e-05,-1.96,0.13
1840,2.6880000000000007e-05,-1.96,0.11
1841,2.6912000000000003e-05,-1.96,0.11
1842,2.6944000000000005e-05,-1.8800000000000001,0.11
1843,2.6976000000000007e-05,-1.8,0.11
1844,2.7008000000000003e-05,-1.8800000000000001,0.09
1845,2.7040000000000005e-05,-1.8800000000000001,0.09
1846,2.7072000000000008e-05,-1.8,0.09
1847,2.7104000000000003e-05,-1.8800000000000001,0.09
1848,2.7136000000000006e-05,-1.8800000000000001,0.09
1849,2.7168000000000008e-05,-1.8800000000000001,0.07
1850,2.7200000000000004e-05,-1.8,0.07
1851,2.7232000000000006e-05,-1.8,0.07
1852,2.7264000000000002e-05,-1.8,0.05
1853,2.7296000000000004e-05,-1.8,0.05
1854,2.7328000000000007e-05,-1.8,0.05
1855,2.7360000000000002e-05,-1.8,0.03
1856,2.7392000000000005e-05,-1.8,0.05
1857,2.7424000000000007e-05,-1.8,0.03
1858,2.7456000000000003e-05,-1.72,0.03
1859,2.7488000000000005e-05,-1.72,0.01
1860,2.7520000000000008e-05,-1.72,0.03
1861,2.7552000000000003e-05,-1.72,0.01
1862,2.7584000000000006e-05,-1.6400000000000001,0.01
1863,2.7616000000000008e-05,-1.72,0.01
1864,2.7648000000000004e-05,-1.72,0.01
1865,2.7680000000000006e-05,-1.6400000000000001,-0.01
1866,2.771200000000001e-05,-1.72,-0.01
1867,2.7744000000000004e-05,-1.72,-0.01
1868,2.7776000000000006e-05,-1.6400000000000001,-0.01
1869,2.7808000000000002e-05,-1.6400000000000001,-0.03
1870,2.7840000000000005e-05,-1.6400000000000001,-0.01
1871,2.7872000000000007e-05,-1.6400000000000001,-0.01
1872,2.7904000000000003e-05,-1.56,-0.01
1873,2.7936000000000005e-05,-1.56,-0.03
1874,2.7968000000000007e-05,-1.6400000000000001,-0.03
1875,2.8000000000000003e-05,-1.6400000000000001,-0.03
1876,2.8032000000000005e-05,-1.56,-0.05
1877,2.8064000000000008e-05,-1.56,-0.05
1878,2.8096000000000003e-05,-1.56,-0.07
1879,2.8128000000000006e-05,-1.56,-0.05
1880,2.8160000000000008e-05,-1.56,-0.05
1881,2.8192000000000004e-05,-1.56,-0.05
1882,2.8224000000000006e-05,-1.56,-0.07
1883,2.8256000000000002e-05,-1.56,-0.07
1884,2.8288000000000004e-05,-1.48,-0.07
1885,2.8320000000000007e-05,-1.48,-0.07
1886,2.8352000000000002e-05,-1.48,-0.07
1887,2.8384000000000005e-05,-1.48,-0.07
1888,2.8416000000000007e-05,-1.48,-0.09
1889,2.8448000000000003e-05,-1.4000000000000001,-0.09
1890,2.8480000000000005e-05,-1.48,-0.09
1891,2.8512000000000008e-05,-1.48,-0.09
1892,2.8544000000000003e-05,-1.48,-0.09
1893,2.8576000000000006e-05,-1.4000000000000001,-0.09
1894,2.8608000000000008e-05,-1.4000000000000001,-0.11
1895,2.8640000000000004e-05,-1.4000000000000001,-0.11
1896,2.8672000000000006e-05,-1.32,-0.11
1897,2.870400000000001e-05,-1.4000000000000001,-0.11
1898,2.8736000000000004e-05,-1.4000000000000001,-0.11
1899,2.8768000000000006e-05,-1.4000000000000001,-0.11
1900,2.8800000000000002e-05,-1.32,-0.11
1901,2.8832000000000004e-05,-1.32,-0.11
1902,2.8864000000000007e-05,-1.32,-0.13
1903,2.8896000000000003e-05,-1.32,-0.13
1904,2.8928000000000005e-05,-1.32,-0.11
1905,2.8960000000000007e-05,-1.32,-0.13
1906,2.8992000000000003e-05,-1.24,-0.13
1907,2.9024000000000005e-05,-1.32,-0.13
1908,2.9056000000000008e-05,-1.32,-0.13
1909,2.908800000000001e-05,-1.24,-0.13
1910,2.912e-05,-1.24,-0.15
1911,2.9152e-05,-1.24,-0.13
1912,2.9184000000000004e-05,-1.24,-0.15
1913,2.9216000000000006e-05,-1.16,-0.13
1914,2.924800000000001e-05,-1.24,-0.15
1915,2.928000000000001e-05,-1.24,-0.15
1916,2.9312e-05,-1.24,-0.15
1917,2.9344000000000002e-05,-1.24,-0.15
1918,2.9376000000000005e-05,-1.24,-0.15
1919,2.9408000000000007e-05,-1.16,-0.17
1920,2.944000000000001e-05,-1.16,-0.15
1921,2.9472000000000012e-05,-1.16,-0.17
1922,2.9504e-05,-1.16,-0.15
1923,2.9536000000000003e-05,-1.16,-0.17
1924,2.9568000000000006e-05,-1.16,-0.17
1925,2.9600000000000008e-05,-1.16,-0.17
1926,2.963200000000001e-05,-1.08,-0.17
1927,2.9664e-05,-1.16,-0.17
1928,2.9696e-05,-1.08,-0.17
1929,2.9728000000000004e-05,-1.08,-0.17
1930,2.9760000000000006e-05,-1.0,-0.19
1931,2.979200000000001e-05,-1.08,-0.17
1932,2.982400000000001e-05,-1.08,-0.17
1933,2.9856e-05,-1.08,-0.17
1934,2.9888000000000003e-05,-1.08,-0.17
1935,2.9920000000000005e-05,-1.0,-0.17
1936,2.9952000000000007e-05,-1.08,-0.17
1937,2.998400000000001e-05,-1.0,-0.19
1938,3.0016e-05,-1.0,-0.19
1939,3.0048e-05,-0.92,-0.19
1940,3.0080000000000003e-05,-1.0,-0.19
1941,3.0112000000000006e-05,-1.0,-0.19
1942,3.0144000000000008e-05,-0.92,-0.19
1943,3.017600000000001e-05,-1.0,-0.19
1944,3.0208e-05,-0.92,-0.19
1945,3.0240000000000002e-05,-0.92,-0.21
1946,3.0272000000000004e-05,-0.92,-0.21
1947,3.0304000000000007e-05,-0.92,-0.21
1948,3.033600000000001e-05,-0.92,-0.19
1949,3.036800000000001e-05,-0.84,-0.21
1950,3.04e-05,-0.92,-0.21
1951,3.0432000000000003e-05,-0.92,-0.21
1952,3.0464000000000005e-05,-0.84,-0.21
1953,3.0496000000000008e-05,-0.84,-0.21
1954,3.052800000000001e-05,-0.84,-0.21
1955,3.056e-05,-0.84,-0.19
1956,3.0592e-05,-0.84,-0.21
1957,3.0624000000000004e-05,-0.76,-0.21
1958,3.0656000000000006e-05,-0.84,-0.19
1959,3.068800000000001e-05,-0.84,-0.21
1960,3.072000000000001e-05,-0.76,-0.21
1961,3.0752e-05,-0.76,-0.21
1962,3.0784e-05,-0.84,-0.21
1963,3.0816000000000004e-05,-0.76,-0.21
1964,3.084800000000001e-05,-0.76,-0.21
1965,3.088000000000001e-05,-0.68,-0.21
1966,3.091200000000001e-05,-0.76,-0.21
1967,3.0944e-05,-0.76,-0.21
1968,3.0976e-05,-0.76,-0.21
1969,3.1008000000000005e-05,-0.76,-0.23
1970,3.104000000000001e-05,-0.76,-0.21
1971,3.107200000000001e-05,-0.68,-0.21
1972,3.1104e-05,-0.68,-0.23
1973,3.1136e-05,-0.68,-0.21
1974,3.1168000000000004e-05,-0.68,-0.23
1975,3.1200000000000006e-05,-0.68,-0.23
1976,3.123200000000001e-05,-0.68,-0.21
1977,3.126400000000001e-05,-0.68,-0.23
1978,3.1296e-05,-0.68,-0.21
1979,3.1328e-05,-0.6,-0.21
1980,3.1360000000000005e-05,-0.68,-0.23
1981,3.139200000000001e-05,-0.6,-0.23
1982,3.142400000000001e-05,-0.6,-0.21
1983,3.145600000000001e-05,-0.6,-0.21
1984,3.1488e-05,-0.6,-0.21
1985,3.152e-05,-0.6,-0.23
1986,3.1552000000000006e-05,-0.6,-0.23
1987,3.158400000000001e-05,-0.6,-0.23
1988,3.161600000000001e-05,-0.52,-0.21
1989,3.1648e-05,-0.52,-0.21
1990,3.168e-05,-0.52,-0.23
1991,3.1712000000000004e-05,-0.52,-0.23
1992,3.1744000000000006e-05,-0.52,-0.23
1993,3.177600000000001e-05,-0.52,-0.23
1994,3.180800000000001e-05,-0.52,-0.23
1995,3.184e-05,-0.52,-0.23
1996,3.1872e-05,-0.44,-0.23
1997,3.1904000000000005e-05,-0.52,-0.23
1998,3.193600000000001e-05,-0.44,-0.23
1999,3.196800000000001e-05,-0.44,-0.23
