,time,v1,v2
0,-0.00016,-1.96,-0.25
1,-0.00015984000000000001,-1.96,-0.27
2,-0.00015968000000000002,-1.96,-0.29
3,-0.00015952000000000002,-1.96,-0.29
4,-0.00015936000000000002,-1.8800000000000001,-0.31
5,-0.00015920000000000002,-1.96,-0.33
6,-0.00015904000000000002,-1.8800000000000001,-0.35000000000000003
7,-0.00015888000000000002,-1.8800000000000001,-0.37
8,-0.00015872000000000003,-1.8,-0.37
9,-0.00015856,-1.8800000000000001,-0.39
10,-0.0001584,-1.8800000000000001,-0.39
11,-0.00015824,-1.8800000000000001,-0.41000000000000003
12,-0.00015808,-1.8,-0.41000000000000003
13,-0.00015792,-1.8,-0.43
14,-0.00015776,-1.8,-0.45
15,-0.0001576,-1.8,-0.45
16,-0.00015744,-1.8,-0.47000000000000003
17,-0.00015728,-1.8,-0.47000000000000003
18,-0.00015712000000000001,-1.72,-0.49
19,-0.00015696000000000002,-1.72,-0.49
20,-0.00015680000000000002,-1.72,-0.49
21,-0.00015664000000000002,-1.72,-0.51
22,-0.00015648000000000002,-1.72,-0.51
23,-0.00015632000000000002,-1.72,-0.53
24,-0.00015616000000000002,-1.72,-0.53
25,-0.00015600000000000002,-1.72,-0.55
26,-0.00015584000000000003,-1.6400000000000001,-0.55
27,-0.00015568,-1.6400000000000001,-0.55
28,-0.00015552,-1.56,-0.55
29,-0.00015536,-1.6400000000000001,-0.55
30,-0.0001552,-1.6400000000000001,-0.5700000000000001
31,-0.00015504,-1.6400000000000001,-0.5700000000000001
32,-0.00015488,-1.6400000000000001,-0.5700000000000001
33,-0.00015472,-1.56,-0.59
34,-0.00015456,-1.56,-0.59
35,-0.0001544,-1.56,-0.59
36,-0.00015424000000000001,-1.56,-0.59
37,-0.00015408000000000002,-1.56,-0.61
38,-0.00015392000000000002,-1.56,-0.61
39,-0.00015376000000000002,-1.56,-0.59
40,-0.00015360000000000002,-1.56,-0.59
41,-0.00015344000000000002,-1.56,-0.61
42,-0.00015328000000000002,-1.48,-0.61
43,-0.00015312000000000002,-1.48,-0.61
44,-0.00015296,-1.48,-0.61
45,-0.0001528,-1.48,-0.61
46,-0.00015264,-1.4000000000000001,-0.63
47,-0.00015248,-1.48,-0.63
48,-0.00015232,-1.4000000000000001,-0.61
49,-0.00015216,-1.4000000000000001,-0.63
50,-0.000152,-1.4000000000000001,-0.63
51,-0.00015184,-1.4000000000000001,-0.63
52,-0.00015168,-1.4000000000000001,-0.63
53,-0.00015152,-1.4000000000000001,-0.63
54,-0.00015136000000000001,-1.4000000000000001,-0.63
55,-0.00015120000000000002,-1.4000000000000001,-0.63
56,-0.00015104000000000002,-1.32,-0.63
57,-0.00015088000000000002,-1.32,-0.63
58,-0.00015072000000000002,-1.32,-0.63
59,-0.00015056000000000002,-1.32,-0.63
60,-0.00015040000000000002,-1.32,-0.63
61,-0.00015024000000000003,-1.24,-0.63
62,-0.00015008000000000003,-1.24,-0.63
63,-0.00014992,-1.32,-0.63
64,-0.00014976,-1.24,-0.63
65,-0.0001496,-1.24,-0.61
66,-0.00014944,-1.24,-0.63
67,-0.00014928,-1.24,-0.61
68,-0.00014912,-1.16,-0.63
69,-0.00014896,-1.16,-0.63
70,-0.0001488,-1.24,-0.61
71,-0.00014864,-1.08,-0.61
72,-0.00014848000000000001,-1.16,-0.61
73,-0.00014832000000000002,-1.16,-0.61
74,-0.00014816000000000002,-1.08,-0.61
75,-0.00014800000000000002,-1.16,-0.61
76,-0.00014784000000000002,-1.08,-0.61
77,-0.00014768000000000002,-1.08,-0.59
78,-0.00014752000000000002,-1.08,-0.59
79,-0.00014736000000000003,-1.08,-0.59
80,-0.0001472,-1.08,-0.59
81,-0.00014704,-1.08,-0.59
82,-0.00014688,-1.08,-0.59
83,-0.00014672,-1.08,-0.59
84,-0.00014656,-1.0,-0.59
85,-0.0001464,-1.0,-0.59
86,-0.00014624,-1.0,-0.59
87,-0.00014608,-1.0,-0.5700000000000001
88,-0.00014592,-1.0,-0.5700000000000001
89,-0.00014576000000000001,-0.92,-0.5700000000000001
90,-0.00014560000000000002,-0.92,-0.5700000000000001
91,-0.00014544000000000002,-0.92,-0.5700000000000001
92,-0.00014528000000000002,-0.92,-0.5700000000000001
93,-0.00014512000000000002,-0.92,-0.55
94,-0.00014496000000000002,-0.92,-0.55
95,-0.00014480000000000002,-0.92,-0.55
96,-0.00014464000000000002,-0.92,-0.55
97,-0.00014448,-0.84,-0.53
98,-0.00014432000000000003,-0.84,-0.55
99,-0.00014416,-0.84,-0.53
100,-0.000144,-0.84,-0.53
101,-0.00014384,-0.84,-0.53
102,-0.00014368,-0.84,-0.53
103,-0.00014352,-0.76,-0.51
104,-0.00014336,-0.76,-0.51
105,-0.0001432,-0.76,-0.51
106,-0.00014304,-0.76,-0.51
107,-0.00014288000000000001,-0.76,-0.51
108,-0.00014272000000000002,-0.76,-0.51
109,-0.00014256000000000002,-0.76,-0.49
110,-0.00014240000000000002,-0.76,-0.49
111,-0.00014224000000000002,-0.76,-0.49
112,-0.00014208000000000002,-0.68,-0.49
113,-0.00014192000000000002,-0.68,-0.49
114,-0.00014176,-0.68,-0.47000000000000003
115,-0.00014160000000000003,-0.68,-0.47000000000000003
116,-0.00014144,-0.68,-0.47000000000000003
117,-0.00014128,-0.68,-0.47000000000000003
118,-0.00014112,-0.6,-0.45
119,-0.00014096,-0.6,-0.45
120,-0.0001408,-0.6,-0.45
121,-0.00014064,-0.6,-0.45
122,-0.00014048,-0.6,-0.43
123,-0.00014032,-0.6,-0.43
124,-0.00014016,-0.52,-0.43
125,-0.00014000000000000001,-0.52,-0.43
126,-0.00013984000000000002,-0.52,-0.43
127,-0.00013968000000000002,-0.52,-0.43
128,-0.00013952000000000002,-0.52,-0.41000000000000003
129,-0.00013936000000000002,-0.52,-0.41000000000000003
130,-0.00013920000000000002,-0.52,-0.41000000000000003
131,-0.00013904000000000002,-0.44,-0.41000000000000003
132,-0.00013888000000000003,-0.44,-0.39
133,-0.00013872,-0.44,-0.39
134,-0.00013856,-0.44,-0.39
135,-0.0001384,-0.36,-0.39
136,-0.00013824,-0.44,-0.37
137,-0.00013808,-0.44,-0.37
138,-0.00013792,-0.36,-0.35000000000000003
139,-0.00013776,-0.36,-0.35000000000000003
140,-0.0001376,-0.36,-0.35000000000000003
141,-0.00013744,-0.36,-0.35000000000000003
142,-0.00013728000000000001,-0.36,-0.35000000000000003
143,-0.00013712000000000002,-0.28,-0.33
144,-0.00013696000000000002,-0.28,-0.33
145,-0.00013680000000000002,-0.28,-0.33
146,-0.00013664000000000002,-0.28,-0.33
147,-0.00013648000000000002,-0.28,-0.31
148,-0.00013632000000000002,-0.28,-0.33
149,-0.00013616000000000002,-0.28,-0.31
150,-0.000136,-0.2,-0.29
151,-0.00013584000000000003,-0.2,-0.29
152,-0.00013568,-0.2,-0.29
153,-0.00013552,-0.2,-0.29
154,-0.00013536,-0.2,-0.29
155,-0.0001352,-0.12,-0.29
156,-0.00013504,-0.2,-0.27
157,-0.00013488,-0.12,-0.27
158,-0.00013472,-0.12,-0.27
159,-0.00013456,-0.04,-0.25
160,-0.00013440000000000001,-0.12,-0.25
161,-0.00013424000000000002,-0.12,-0.23
162,-0.00013408000000000002,-0.04,-0.25
163,-0.00013392000000000002,-0.04,-0.23
164,-0.00013376000000000002,-0.04,-0.23
165,-0.00013360000000000002,-0.04,-0.23
166,-0.00013344000000000002,-0.04,-0.23
167,-0.00013328,-0.04,-0.21
168,-0.00013312000000000003,0.04,-0.21
169,-0.00013296,0.04,-0.19
170,-0.0001328,0.04,-0.19
171,-0.00013264,0.04,-0.19
172,-0.00013248,0.04,-0.19
173,-0.00013232,0.04,-0.19
174,-0.00013216,0.04,-0.17
175,-0.000132,0.04,-0.17
176,-0.00013184,0.12,-0.17
177,-0.00013168,0.12,-0.17
178,-0.00013152000000000001,0.12,-0.15
179,-0.00013136000000000002,0.12,-0.15
180,-0.00013120000000000002,0.12,-0.15
181,-0.00013104000000000002,0.2,-0.13
182,-0.00013088000000000002,0.12,-0.13
183,-0.00013072000000000002,0.2,-0.13
184,-0.00013056000000000002,0.2,-0.13
185,-0.00013040000000000003,0.2,-0.11
186,-0.00013024,0.2,-0.11
187,-0.00013008,0.2,-0.11
188,-0.00012992,0.2,-0.11
189,-0.00012976,0.28,-0.11
190,-0.0001296,0.28,-0.09
191,-0.00012944,0.28,-0.09
192,-0.00012928,0.28,-0.09
193,-0.00012912,0.28,-0.07
194,-0.00012896,0.28,-0.07
195,-0.00012880000000000001,0.28,-0.07
196,-0.00012864000000000002,0.36,-0.07
197,-0.00012848000000000002,0.36,-0.05
198,-0.00012832000000000002,0.36,-0.05
199,-0.00012816000000000002,0.36,-0.05
200,-0.00012800000000000002,0.36,-0.05
201,-0.00012784,0.36,-0.03
202,-0.00012768000000000002,0.44,-0.03
203,-0.00012752,0.44,-0.03
204,-0.00012736000000000003,0.44,-0.03
205,-0.0001272,0.44,-0.01
206,-0.00012704,0.44,-0.01
207,-0.00012688,0.44,0.01
208,-0.00012672,0.44,0.01
209,-0.00012656,0.52,0.01
210,-0.0001264,0.44,0.01
211,-0.00012624,0.52,0.01
212,-0.00012608,0.52,0.01
213,-0.00012592000000000001,0.52,0.03
214,-0.00012576000000000002,0.52,0.03
215,-0.00012560000000000002,0.52,0.03
216,-0.00012544000000000002,0.6,0.05
217,-0.00012528000000000002,0.52,0.07
218,-0.00012512000000000002,0.6,0.07
219,-0.00012496000000000002,0.6,0.07
220,-0.0001248,0.68,0.07
221,-0.00012464000000000003,0.68,0.07
222,-0.00012448,0.6,0.09
223,-0.00012432,0.68,0.09
224,-0.00012416,0.68,0.09
225,-0.000124,0.68,0.11
226,-0.00012384,0.76,0.11
227,-0.00012368,0.68,0.11
228,-0.00012352,0.68,0.13
229,-0.00012336,0.68,0.11
230,-0.0001232,0.76,0.13
231,-0.00012304000000000001,0.76,0.13
232,-0.00012288000000000002,0.76,0.13
233,-0.00012272000000000002,0.76,0.15
234,-0.00012256000000000002,0.76,0.15
235,-0.00012240000000000002,0.76,0.15
236,-0.00012224000000000002,0.84,0.17
237,-0.00012208,0.84,0.17
238,-0.00012192000000000001,0.84,0.17
239,-0.00012176000000000001,0.84,0.17
240,-0.00012160000000000001,0.92,0.19
241,-0.00012144,0.84,0.19
242,-0.00012128,0.92,0.19
243,-0.00012112,0.92,0.21
244,-0.00012096000000000001,0.92,0.21
245,-0.00012080000000000001,0.92,0.21
246,-0.00012064000000000001,0.92,0.21
247,-0.00012048000000000001,0.92,0.21
248,-0.00012032000000000001,0.92,0.23
249,-0.00012016000000000002,0.92,0.23
250,-0.00012000000000000002,1.0,0.23
251,-0.00011984000000000002,1.0,0.25
252,-0.00011968000000000002,1.0,0.25
253,-0.00011952000000000002,1.0,0.25
254,-0.00011936000000000001,1.0,0.27
255,-0.00011920000000000001,1.0,0.25
256,-0.00011904000000000001,1.08,0.27
257,-0.00011888000000000001,1.08,0.27
258,-0.00011872000000000002,1.08,0.27
259,-0.00011856,1.08,0.29
260,-0.0001184,1.08,0.29
261,-0.00011824,1.08,0.29
262,-0.00011808000000000001,1.08,0.31
263,-0.00011792000000000001,1.08,0.31
264,-0.00011776000000000001,1.08,0.31
265,-0.00011760000000000001,1.16,0.33
266,-0.00011744000000000001,1.16,0.33
267,-0.00011728000000000002,1.24,0.33
268,-0.00011712000000000002,1.16,0.35000000000000003
269,-0.00011696000000000002,1.24,0.35000000000000003
270,-0.00011680000000000002,1.24,0.35000000000000003
271,-0.00011664000000000002,1.24,0.35000000000000003
272,-0.00011648000000000001,1.24,0.37
273,-0.00011632000000000001,1.24,0.37
274,-0.00011616000000000001,1.32,0.37
275,-0.00011600000000000001,1.24,0.39
276,-0.00011584,1.32,0.39
277,-0.00011568,1.32,0.39
278,-0.00011552,1.32,0.41000000000000003
279,-0.00011536000000000001,1.32,0.41000000000000003
280,-0.00011520000000000001,1.32,0.41000000000000003
281,-0.00011504000000000001,1.32,0.41000000000000003
282,-0.00011488000000000001,1.4000000000000001,0.43
283,-0.00011472000000000001,1.4000000000000001,0.43
284,-0.00011456000000000001,1.32,0.43
285,-0.00011440000000000002,1.4000000000000001,0.43
286,-0.00011424000000000002,1.4000000000000001,0.43
287,-0.00011408000000000002,1.4000000000000001,0.45
288,-0.00011392000000000002,1.4000000000000001,0.45
289,-0.00011376000000000002,1.4000000000000001,0.47000000000000003
290,-0.00011360000000000001,1.4000000000000001,0.47000000000000003
291,-0.00011344000000000001,1.48,0.47000000000000003
292,-0.00011328000000000001,1.48,0.47000000000000003
293,-0.00011312000000000001,1.48,0.49
294,-0.00011296,1.48,0.49
295,-0.0001128,1.48,0.49
296,-0.00011264,1.48,0.49
297,-0.00011248000000000001,1.56,0.51
298,-0.00011232000000000001,1.56,0.51
299,-0.00011216000000000001,1.56,0.51
300,-0.00011200000000000001,1.56,0.53
301,-0.00011184000000000001,1.56,0.53
302,-0.00011168000000000001,1.56,0.53
303,-0.00011152000000000002,1.6400000000000001,0.53
304,-0.00011136000000000002,1.6400000000000001,0.55
305,-0.00011120000000000002,1.6400000000000001,0.55
306,-0.00011104000000000002,1.6400000000000001,0.55
307,-0.00011088000000000001,1.6400000000000001,0.55
308,-0.00011072000000000001,1.6400000000000001,0.5700000000000001
309,-0.00011056000000000001,1.6400000000000001,0.5700000000000001
310,-0.00011040000000000001,1.6400000000000001,0.5700000000000001
311,-0.00011024000000000002,1.72,0.59
312,-0.00011008,1.72,0.59
313,-0.00010992,1.72,0.59
314,-0.00010976,1.72,0.59
315,-0.00010960000000000001,1.72,0.61
316,-0.00010944000000000001,1.8,0.61
317,-0.00010928000000000001,1.8,0.61
318,-0.00010912000000000001,1.8,0.63
319,-0.00010896000000000001,1.8,0.63
320,-0.00010880000000000002,1.8,0.63
321,-0.00010864000000000002,1.8,0.65
322,-0.00010848000000000002,1.8,0.63
323,-0.00010832000000000002,1.8,0.65
324,-0.00010816000000000002,1.8800000000000001,0.67
325,-0.00010800000000000001,1.8800000000000001,0.67
326,-0.00010784000000000001,1.8800000000000001,0.67
327,-0.00010768000000000001,1.8800000000000001,0.67
328,-0.00010752000000000001,1.8800000000000001,0.6900000000000001
329,-0.00010736,1.8800000000000001,0.67
330,-0.0001072,1.8800000000000001,0.6900000000000001
331,-0.00010704,1.8800000000000001,0.6900000000000001
332,-0.00010688,1.96,0.71
333,-0.00010672000000000001,1.96,0.71
334,-0.00010656000000000001,1.96,0.71
335,-0.00010640000000000001,1.96,0.73
336,-0.00010624000000000001,1.96,0.71
337,-0.00010608000000000001,1.96,0.73
338,-0.00010592000000000002,1.96,0.75
339,-0.00010576000000000002,2.04,0.73
340,-0.00010560000000000002,2.04,0.75
341,-0.00010544000000000002,2.04,0.75
342,-0.00010528000000000002,2.04,0.75
343,-0.00010512000000000001,2.04,0.77
344,-0.00010496000000000001,2.04,0.77
345,-0.00010480000000000001,2.12,0.77
346,-0.00010464000000000001,2.12,0.77
347,-0.00010448,2.12,0.79
348,-0.00010432,2.12,0.79
349,-0.00010416,2.2,0.79
350,-0.00010400000000000001,2.12,0.81
351,-0.00010384000000000001,2.2,0.81
352,-0.00010368000000000001,2.2,0.81
353,-0.00010352000000000001,2.2,0.8300000000000001
354,-0.00010336000000000001,2.2,0.8300000000000001
355,-0.00010320000000000001,2.2,0.8300000000000001
356,-0.00010304000000000002,2.2,0.8300000000000001
357,-0.00010288000000000002,2.2,0.85
358,-0.00010272000000000002,2.2,0.85
359,-0.00010256000000000002,2.2800000000000002,0.85
360,-0.00010240000000000001,2.2800000000000002,0.87
361,-0.00010224000000000001,2.2800000000000002,0.87
362,-0.00010208000000000001,2.36,0.87
363,-0.00010192000000000001,2.2800000000000002,0.87
364,-0.00010176000000000002,2.36,0.89
365,-0.0001016,2.36,0.89
366,-0.00010144,2.36,0.89
367,-0.00010128,2.36,0.89
368,-0.00010112000000000001,2.36,0.91
369,-0.00010096000000000001,2.36,0.91
370,-0.00010080000000000001,2.36,0.91
371,-0.00010064000000000001,2.36,0.93
372,-0.00010048000000000001,2.44,0.93
373,-0.00010032000000000002,2.44,0.9500000000000001
374,-0.00010016000000000002,2.44,0.9500000000000001
375,-0.00010000000000000002,2.44,0.93
376,-9.984000000000002e-05,2.44,0.9500000000000001
377,-9.968000000000002e-05,2.44,0.9500000000000001
378,-9.952000000000001e-05,2.52,0.97
379,-9.936000000000001e-05,-2.36,0.97
380,-9.920000000000001e-05,-2.36,0.97
381,-9.904000000000001e-05,-2.44,0.89
382,-9.888000000000002e-05,-2.36,0.8300000000000001
383,-9.872000000000002e-05,-2.44,0.81
384,-9.856e-05,-2.36,0.75
385,-9.84e-05,-2.36,0.71
386,-9.824000000000001e-05,-2.36,0.67
387,-9.808000000000001e-05,-2.36,0.61
388,-9.792000000000001e-05,-2.36,0.5700000000000001
389,-9.776000000000001e-05,-2.2800000000000002,0.53
390,-9.760000000000001e-05,-2.2800000000000002,0.49
391,-9.744000000000002e-05,-2.2800000000000002,0.45
392,-9.728000000000002e-05,-2.2800000000000002,0.41000000000000003
393,-9.712e-05,-2.2800000000000002,0.37
394,-9.696000000000001e-05,-2.2800000000000002,0.33
395,-9.680000000000001e-05,-2.2800000000000002,0.29
396,-9.664000000000001e-05,-2.2,0.25
397,-9.648000000000001e-05,-2.2,0.23
398,-9.632000000000001e-05,-2.2,0.19
399,-9.616000000000001e-05,-2.2,0.17
400,-9.600000000000002e-05,-2.12,0.15
401,-9.584000000000002e-05,-2.12,0.11
402,-9.568e-05,-2.12,0.09
403,-9.552000000000001e-05,-2.12,0.05
404,-9.536000000000001e-05,-2.12,0.03
405,-9.520000000000001e-05,-2.12,0.01
406,-9.504000000000001e-05,-2.12,-0.03
407,-9.488000000000001e-05,-2.12,-0.05
408,-9.472000000000001e-05,-2.12,-0.07
409,-9.456000000000002e-05,-2.04,-0.09
410,-9.440000000000002e-05,-2.04,-0.11
411,-9.424e-05,-2.04,-0.13
412,-9.408000000000001e-05,-2.04,-0.15
413,-9.392000000000001e-05,-2.04,-0.17
414,-9.376000000000001e-05,-2.04,-0.19
415,-9.360000000000001e-05,-1.96,-0.21
416,-9.344000000000001e-05,-1.96,-0.23
417,-9.328000000000001e-05,-1.96,-0.25
418,-9.312000000000002e-05,-1.96,-0.27
419,-9.296000000000002e-05,-1.96,-0.29
420,-9.28e-05,-1.96,-0.31
421,-9.264000000000001e-05,-1.96,-0.31
422,-9.248000000000001e-05,-1.8800000000000001,-0.33
423,-9.232000000000001e-05,-1.96,-0.35000000000000003
424,-9.216000000000001e-05,-1.8800000000000001,-0.35000000000000003
425,-9.200000000000001e-05,-1.8800000000000001,-0.37
426,-9.184000000000002e-05,-1.8800000000000001,-0.39
427,-9.168000000000002e-05,-1.8800000000000001,-0.41000000000000003
428,-9.152000000000002e-05,-1.8800000000000001,-0.41000000000000003
429,-9.136e-05,-1.8,-0.43
430,-9.120000000000001e-05,-1.8,-0.43
431,-9.104000000000001e-05,-1.8,-0.45
432,-9.088000000000001e-05,-1.8,-0.45
433,-9.072000000000001e-05,-1.8,-0.45
434,-9.056000000000001e-05,-1.8,-0.47000000000000003
435,-9.040000000000002e-05,-1.72,-0.47000000000000003
436,-9.024000000000002e-05,-1.72,-0.49
437,-9.008e-05,-1.72,-0.49
438,-8.992e-05,-1.72,-0.51
439,-8.976000000000001e-05,-1.72,-0.51
440,-8.960000000000001e-05,-1.72,-0.53
441,-8.944000000000001e-05,-1.72,-0.53
442,-8.928000000000001e-05,-1.72,-0.53
443,-8.912000000000001e-05,-1.6400000000000001,-0.55
444,-8.896000000000002e-05,-1.6400000000000001,-0.55
445,-8.880000000000002e-05,-1.6400000000000001,-0.55
446,-8.864e-05,-1.6400000000000001,-0.5700000000000001
447,-8.848e-05,-1.6400000000000001,-0.5700000000000001
448,-8.832000000000001e-05,-1.56,-0.5700000000000001
449,-8.816000000000001e-05,-1.6400000000000001,-0.59
450,-8.800000000000001e-05,-1.6400000000000001,-0.59
451,-8.784000000000001e-05,-1.56,-0.59
452,-8.768000000000001e-05,-1.48,-0.59
453,-8.752000000000002e-05,-1.56,-0.59
454,-8.736000000000002e-05,-1.56,-0.59
455,-8.72e-05,-1.56,-0.61
456,-8.704000000000001e-05,-1.56,-0.61
457,-8.688000000000001e-05,-1.48,-0.61
458,-8.672000000000001e-05,-1.48,-0.61
459,-8.656000000000001e-05,-1.48,-0.61
460,-8.640000000000001e-05,-1.48,-0.61
461,-8.624000000000001e-05,-1.48,-0.63
462,-8.608000000000002e-05,-1.48,-0.61
463,-8.592000000000002e-05,-1.48,-0.63
464,-8.576e-05,-1.4000000000000001,-0.63
465,-8.560000000000001e-05,-1.4000000000000001,-0.63
466,-8.544000000000001e-05,-1.4000000000000001,-0.63
467,-8.528000000000001e-05,-1.4000000000000001,-0.63
468,-8.512000000000001e-05,-1.4000000000000001,-0.63
469,-8.496000000000001e-05,-1.32,-0.63
470,-8.480000000000001e-05,-1.32,-0.63
471,-8.464000000000002e-05,-1.32,-0.63
472,-8.448000000000002e-05,-1.32,-0.63
473,-8.432e-05,-1.24,-0.63
474,-8.416000000000001e-05,-1.32,-0.63
475,-8.400000000000001e-05,-1.24,-0.63
476,-8.384000000000001e-05,-1.32,-0.63
477,-8.368000000000001e-05,-1.24,-0.63
478,-8.352000000000001e-05,-1.32,-0.63
479,-8.336000000000002e-05,-1.24,-0.63
480,-8.320000000000002e-05,-1.24,-0.63
481,-8.304000000000002e-05,-1.24,-0.63
482,-8.288e-05,-1.24,-0.63
483,-8.272000000000001e-05,-1.24,-0.63
484,-8.256000000000001e-05,-1.16,-0.63
485,-8.240000000000001e-05,-1.24,-0.61
486,-8.224000000000001e-05,-1.16,-0.63
487,-8.208000000000001e-05,-1.16,-0.61
488,-8.192000000000002e-05,-1.16,-0.61
489,-8.176000000000002e-05,-1.16,-0.61
490,-8.16e-05,-1.16,-0.61
491,-8.144e-05,-1.16,-0.61
492,-8.128000000000001e-05,-1.08,-0.61
493,-8.112000000000001e-05,-1.16,-0.61
494,-8.096000000000001e-05,-1.08,-0.61
495,-8.080000000000001e-05,-1.08,-0.59
496,-8.064000000000001e-05,-1.08,-0.59
497,-8.048000000000002e-05,-1.08,-0.59
498,-8.032000000000002e-05,-1.08,-0.59
499,-8.016e-05,-1.08,-0.59
500,-8e-05,-1.0,-0.59
501,-7.984000000000001e-05,-1.0,-0.59
502,-7.968000000000001e-05,-1.0,-0.5700000000000001
503,-7.952000000000001e-05,-1.0,-0.59
504,-7.936000000000001e-05,-0.92,-0.59
505,-7.920000000000001e-05,-0.92,-0.5700000000000001
506,-7.904000000000002e-05,-0.92,-0.5700000000000001
507,-7.888000000000002e-05,-0.92,-0.5700000000000001
508,-7.872e-05,-0.92,-0.5700000000000001
509,-7.856000000000001e-05,-0.92,-0.5700000000000001
510,-7.840000000000001e-05,-0.84,-0.5700000000000001
511,-7.824000000000001e-05,-0.84,-0.55
512,-7.808000000000001e-05,-0.84,-0.55
513,-7.792000000000001e-05,-0.84,-0.55
514,-7.776000000000001e-05,-0.84,-0.55
515,-7.760000000000002e-05,-0.84,-0.55
516,-7.744000000000002e-05,-0.84,-0.53
517,-7.728e-05,-0.84,-0.53
518,-7.712000000000001e-05,-0.84,-0.53
519,-7.696000000000001e-05,-0.84,-0.53
520,-7.680000000000001e-05,-0.76,-0.51
521,-7.664000000000001e-05,-0.76,-0.51
522,-7.648000000000001e-05,-0.76,-0.51
523,-7.632000000000001e-05,-0.76,-0.51
524,-7.616000000000002e-05,-0.76,-0.51
525,-7.600000000000002e-05,-0.76,-0.49
526,-7.584e-05,-0.76,-0.51
527,-7.568000000000001e-05,-0.68,-0.49
528,-7.552000000000001e-05,-0.68,-0.49
529,-7.536000000000001e-05,-0.68,-0.49
530,-7.520000000000001e-05,-0.68,-0.47000000000000003
531,-7.504000000000001e-05,-0.68,-0.47000000000000003
532,-7.488000000000001e-05,-0.6,-0.47000000000000003
533,-7.472000000000002e-05,-0.68,-0.47000000000000003
534,-7.456000000000002e-05,-0.68,-0.47000000000000003
535,-7.44e-05,-0.6,-0.45
536,-7.424000000000001e-05,-0.6,-0.45
537,-7.408000000000001e-05,-0.6,-0.45
538,-7.392000000000001e-05,-0.6,-0.43
539,-7.376000000000001e-05,-0.6,-0.43
540,-7.360000000000001e-05,-0.6,-0.43
541,-7.344000000000002e-05,-0.52,-0.43
542,-7.328000000000002e-05,-0.52,-0.43
543,-7.312e-05,-0.52,-0.41000000000000003
544,-7.296e-05,-0.52,-0.41000000000000003
545,-7.280000000000001e-05,-0.44,-0.41000000000000003
546,-7.264000000000001e-05,-0.52,-0.41000000000000003
547,-7.248000000000001e-05,-0.52,-0.41000000000000003
548,-7.232000000000001e-05,-0.44,-0.39
549,-7.216000000000001e-05,-0.44,-0.39
550,-7.200000000000002e-05,-0.44,-0.39
551,-7.184000000000002e-05,-0.44,-0.37
552,-7.168e-05,-0.44,-0.37
553,-7.152e-05,-0.44,-0.37
554,-7.136000000000001e-05,-0.36,-0.37
555,-7.120000000000001e-05,-0.36,-0.37
556,-7.104000000000001e-05,-0.36,-0.35000000000000003
557,-7.088000000000001e-05,-0.36,-0.35000000000000003
558,-7.072000000000001e-05,-0.28,-0.35000000000000003
559,-7.056000000000002e-05,-0.36,-0.35000000000000003
560,-7.040000000000002e-05,-0.28,-0.33
561,-7.024e-05,-0.28,-0.33
562,-7.008e-05,-0.28,-0.33
563,-6.992000000000001e-05,-0.28,-0.31
564,-6.976000000000001e-05,-0.28,-0.31
565,-6.960000000000001e-05,-0.28,-0.31
566,-6.944000000000001e-05,-0.2,-0.31
567,-6.928000000000001e-05,-0.28,-0.31
568,-6.912000000000002e-05,-0.2,-0.29
569,-6.896000000000002e-05,-0.2,-0.29
570,-6.88e-05,-0.12,-0.29
571,-6.864000000000001e-05,-0.2,-0.27
572,-6.848000000000001e-05,-0.2,-0.27
573,-6.832000000000001e-05,-0.12,-0.27
574,-6.816000000000001e-05,-0.12,-0.27
575,-6.800000000000001e-05,-0.12,-0.27
576,-6.784000000000001e-05,-0.04,-0.27
577,-6.768000000000002e-05,-0.04,-0.25
578,-6.752000000000002e-05,-0.12,-0.25
579,-6.736e-05,-0.04,-0.23
580,-6.720000000000001e-05,-0.12,-0.25
581,-6.704000000000001e-05,-0.04,-0.23
582,-6.688000000000001e-05,-0.04,-0.23
583,-6.672000000000001e-05,-0.04,-0.21
584,-6.656000000000001e-05,-0.04,-0.21
585,-6.640000000000001e-05,-0.04,-0.21
586,-6.624000000000002e-05,0.04,-0.21
587,-6.608000000000002e-05,0.04,-0.19
588,-6.592e-05,0.04,-0.19
589,-6.576000000000001e-05,0.12,-0.19
590,-6.560000000000001e-05,0.04,-0.19
591,-6.544000000000001e-05,0.04,-0.17
592,-6.528000000000001e-05,0.12,-0.17
593,-6.512000000000001e-05,0.12,-0.17
594,-6.496000000000002e-05,0.12,-0.15
595,-6.480000000000002e-05,0.12,-0.15
596,-6.464e-05,0.12,-0.15
597,-6.448e-05,0.2,-0.15
598,-6.432000000000001e-05,0.12,-0.15
599,-6.416000000000001e-05,0.12,-0.13
600,-6.400000000000001e-05,0.2,-0.15
601,-6.384000000000001e-05,0.2,-0.11
602,-6.368000000000001e-05,0.2,-0.11
603,-6.352000000000002e-05,0.2,-0.13
604,-6.336000000000002e-05,0.28,-0.11
605,-6.32e-05,0.2,-0.11
606,-6.304e-05,0.2,-0.11
607,-6.288000000000001e-05,0.28,-0.09
608,-6.272000000000001e-05,0.28,-0.09
609,-6.256000000000001e-05,0.28,-0.09
610,-6.240000000000001e-05,0.28,-0.07
611,-6.224000000000001e-05,0.36,-0.07
612,-6.208000000000002e-05,0.36,-0.07
613,-6.192000000000002e-05,0.36,-0.07
614,-6.176e-05,0.36,-0.05
615,-6.16e-05,0.36,-0.05
616,-6.144000000000001e-05,0.36,-0.05
617,-6.128000000000001e-05,0.36,-0.03
618,-6.112000000000001e-05,0.36,-0.03
619,-6.096000000000001e-05,0.44,-0.03
620,-6.0800000000000014e-05,0.44,-0.01
621,-6.0640000000000016e-05,0.44,-0.03
622,-6.048000000000002e-05,0.44,-0.01
623,-6.0320000000000005e-05,0.44,-0.01
624,-6.016000000000001e-05,0.44,0.01
625,-6.000000000000001e-05,0.44,0.01
626,-5.984000000000001e-05,0.44,0.01
627,-5.968000000000001e-05,0.52,0.03
628,-5.952000000000001e-05,0.52,0.03
629,-5.9360000000000014e-05,0.52,0.03
630,-5.9200000000000016e-05,0.52,0.03
631,-5.904000000000002e-05,0.52,0.03
632,-5.8880000000000005e-05,0.52,0.03
633,-5.872000000000001e-05,0.52,0.05
634,-5.856000000000001e-05,0.6,0.07
635,-5.840000000000001e-05,0.6,0.07
636,-5.824000000000001e-05,0.6,0.07
637,-5.808000000000001e-05,0.6,0.07
638,-5.7920000000000015e-05,0.68,0.09
639,-5.7760000000000016e-05,0.6,0.07
640,-5.760000000000002e-05,0.68,0.09
641,-5.7440000000000006e-05,0.68,0.11
642,-5.728000000000001e-05,0.68,0.11
643,-5.712000000000001e-05,0.68,0.09
644,-5.696000000000001e-05,0.68,0.13
645,-5.680000000000001e-05,0.68,0.13
646,-5.664000000000001e-05,0.68,0.13
647,-5.6480000000000015e-05,0.76,0.13
648,-5.6320000000000016e-05,0.76,0.13
649,-5.6160000000000004e-05,0.76,0.15
650,-5.6000000000000006e-05,0.76,0.15
651,-5.584000000000001e-05,0.76,0.15
652,-5.568000000000001e-05,0.84,0.15
653,-5.552000000000001e-05,0.76,0.17
654,-5.536000000000001e-05,0.84,0.17
655,-5.5200000000000014e-05,0.84,0.17
656,-5.5040000000000015e-05,0.84,0.19
657,-5.488000000000002e-05,0.84,0.19
658,-5.4720000000000005e-05,0.92,0.19
659,-5.4560000000000006e-05,0.92,0.21
660,-5.440000000000001e-05,0.92,0.21
661,-5.424000000000001e-05,0.92,0.21
662,-5.408000000000001e-05,0.92,0.21
663,-5.392000000000001e-05,0.92,0.21
664,-5.3760000000000014e-05,0.92,0.23
665,-5.3600000000000015e-05,0.92,0.23
666,-5.344000000000002e-05,1.0,0.23
667,-5.3280000000000005e-05,1.0,0.23
668,-5.3120000000000006e-05,1.0,0.25
669,-5.296000000000001e-05,1.0,0.25
670,-5.280000000000001e-05,1.0,0.25
671,-5.264000000000001e-05,1.0,0.27
672,-5.248000000000001e-05,1.0,0.27
673,-5.2320000000000014e-05,1.08,0.27
674,-5.2160000000000016e-05,1.08,0.27
675,-5.200000000000002e-05,1.08,0.29
676,-5.1840000000000005e-05,1.08,0.29
677,-5.168000000000001e-05,1.08,0.29
678,-5.152000000000001e-05,1.08,0.31
679,-5.136000000000001e-05,1.08,0.31
680,-5.120000000000001e-05,1.08,0.31
681,-5.104000000000001e-05,1.16,0.33
682,-5.0880000000000014e-05,1.16,0.31
683,-5.0720000000000016e-05,1.16,0.33
684,-5.056000000000002e-05,1.16,0.33
685,-5.0400000000000005e-05,1.16,0.35000000000000003
686,-5.024000000000001e-05,1.16,0.35000000000000003
687,-5.008000000000001e-05,1.24,0.35000000000000003
688,-4.992000000000001e-05,1.24,0.35000000000000003
689,-4.976000000000001e-05,1.24,0.35000000000000003
690,-4.960000000000001e-05,1.24,0.37
691,-4.9440000000000015e-05,1.24,0.37
692,-4.9280000000000016e-05,1.24,0.39
693,-4.9120000000000004e-05,1.24,0.39
694,-4.8960000000000006e-05,1.32,0.39
695,-4.880000000000001e-05,1.32,0.39
696,-4.864000000000001e-05,1.32,0.39
697,-4.848000000000001e-05,1.32,0.41000000000000003
698,-4.832000000000001e-05,1.32,0.41000000000000003
699,-4.816000000000001e-05,1.4000000000000001,0.41000000000000003
700,-4.8000000000000015e-05,1.4000000000000001,0.43
701,-4.7840000000000016e-05,1.4000000000000001,0.43
702,-4.7680000000000004e-05,1.4000000000000001,0.43
703,-4.7520000000000006e-05,1.4000000000000001,0.45
704,-4.736000000000001e-05,1.4000000000000001,0.45
705,-4.720000000000001e-05,1.4000000000000001,0.45
706,-4.704000000000001e-05,1.4000000000000001,0.47000000000000003
707,-4.688000000000001e-05,1.48,0.47000000000000003
708,-4.6720000000000013e-05,1.48,0.47000000000000003
709,-4.6560000000000015e-05,1.48,0.47000000000000003
710,-4.6400000000000017e-05,1.48,0.49
711,-4.6240000000000005e-05,1.48,0.49
712,-4.6080000000000006e-05,1.48,0.49
713,-4.592000000000001e-05,1.56,0.51
714,-4.576000000000001e-05,1.56,0.49
715,-4.560000000000001e-05,1.56,0.51
716,-4.544000000000001e-05,1.56,0.51
717,-4.5280000000000014e-05,1.6400000000000001,0.51
718,-4.5120000000000015e-05,1.56,0.53
719,-4.496000000000002e-05,1.56,0.53
720,-4.4800000000000005e-05,1.6400000000000001,0.53
721,-4.4640000000000006e-05,1.6400000000000001,0.55
722,-4.448000000000001e-05,1.6400000000000001,0.55
723,-4.432000000000001e-05,1.6400000000000001,0.5700000000000001
724,-4.416000000000001e-05,1.6400000000000001,0.5700000000000001
725,-4.400000000000001e-05,1.72,0.5700000000000001
726,-4.3840000000000014e-05,1.6400000000000001,0.5700000000000001
727,-4.3680000000000015e-05,1.6400000000000001,0.5700000000000001
728,-4.352000000000002e-05,1.72,0.59
729,-4.3360000000000005e-05,1.72,0.59
730,-4.3200000000000007e-05,1.72,0.59
731,-4.304000000000001e-05,1.72,0.61
732,-4.288000000000001e-05,1.72,0.59
733,-4.272000000000001e-05,1.8,0.63
734,-4.256000000000001e-05,1.8,0.63
735,-4.2400000000000014e-05,1.8,0.63
736,-4.2240000000000016e-05,1.8,0.63
737,-4.208000000000002e-05,1.8,0.63
738,-4.1920000000000005e-05,1.8,0.63
739,-4.176000000000001e-05,1.8,0.65
740,-4.160000000000001e-05,1.8800000000000001,0.67
741,-4.144000000000001e-05,1.8800000000000001,0.67
742,-4.128000000000001e-05,1.8800000000000001,0.65
743,-4.112000000000001e-05,1.8800000000000001,0.67
744,-4.0960000000000014e-05,1.8800000000000001,0.67
745,-4.0800000000000016e-05,1.8800000000000001,0.6900000000000001
746,-4.0640000000000004e-05,1.8800000000000001,0.67
747,-4.0480000000000005e-05,1.96,0.6900000000000001
748,-4.032000000000001e-05,1.96,0.71
749,-4.016000000000001e-05,1.96,0.71
750,-4.000000000000001e-05,1.96,0.71
751,-3.984000000000001e-05,1.96,0.71
752,-3.968000000000001e-05,1.96,0.73
753,-3.9520000000000015e-05,1.96,0.73
754,-3.9360000000000016e-05,1.96,0.75
755,-3.9200000000000004e-05,2.04,0.73
756,-3.9040000000000006e-05,2.04,0.75
757,-3.888000000000001e-05,2.04,0.75
758,-3.872000000000001e-05,2.04,0.77
759,-3.856000000000001e-05,2.04,0.77
760,-3.840000000000001e-05,2.12,0.77
761,-3.824000000000001e-05,2.12,0.79
762,-3.8080000000000015e-05,2.12,0.79
763,-3.7920000000000016e-05,2.12,0.79
764,-3.776000000000002e-05,2.12,0.79
765,-3.760000000000002e-05,2.12,0.79
766,-3.744000000000002e-05,2.2,0.81
767,-3.728000000000002e-05,2.12,0.81
768,-3.712e-05,2.2,0.81
769,-3.696e-05,2.2,0.8300000000000001
770,-3.68e-05,2.2,0.8300000000000001
771,-3.664e-05,2.2800000000000002,0.81
772,-3.648e-05,2.2,0.8300000000000001
773,-3.6320000000000005e-05,2.2800000000000002,0.85
774,-3.6160000000000006e-05,2.2,0.85
775,-3.600000000000001e-05,2.2800000000000002,0.85
776,-3.584000000000001e-05,2.2800000000000002,0.87
777,-3.568000000000001e-05,2.2800000000000002,0.85
778,-3.552000000000001e-05,2.2800000000000002,0.87
779,-3.5360000000000014e-05,2.2800000000000002,0.87
780,-3.5200000000000015e-05,2.2800000000000002,0.89
781,-3.504000000000002e-05,2.36,0.89
782,-3.488000000000002e-05,2.2800000000000002,0.89
783,-3.472000000000002e-05,2.36,0.91
784,-3.456000000000002e-05,2.36,0.91
785,-3.440000000000002e-05,2.36,0.91
786,-3.424e-05,2.36,0.93
787,-3.408e-05,2.36,0.93
788,-3.392e-05,2.36,0.93
789,-3.376e-05,2.44,0.93
790,-3.3600000000000004e-05,2.44,0.9500000000000001
791,-3.3440000000000005e-05,2.44,0.9500000000000001
792,-3.328000000000001e-05,2.44,0.9500000000000001
793,-3.312000000000001e-05,2.44,0.9500000000000001
794,-3.296000000000001e-05,2.44,0.97
795,-3.280000000000001e-05,2.52,0.9500000000000001
796,-3.264000000000001e-05,-2.36,0.97
797,-3.2480000000000014e-05,-2.44,0.85
798,-3.2320000000000016e-05,-2.44,0.89
799,-3.216000000000002e-05,-2.36,0.8300000000000001
800,-3.200000000000002e-05,-2.36,0.77
801,-3.184000000000002e-05,-2.36,0.73
802,-3.168000000000002e-05,-2.36,0.67
803,-3.1520000000000023e-05,-2.36,0.63
804,-3.136e-05,-2.36,0.59
805,-3.12e-05,-2.36,0.55
806,-3.104e-05,-2.2800000000000002,0.51
807,-3.088e-05,-2.2800000000000002,0.47000000000000003
808,-3.0720000000000004e-05,-2.2800000000000002,0.43
809,-3.0560000000000006e-05,-2.2800000000000002,0.39
810,-3.0400000000000007e-05,-2.2800000000000002,0.35000000000000003
811,-3.024000000000001e-05,-2.2,0.31
812,-3.008000000000001e-05,-2.2,0.29
813,-2.992000000000001e-05,-2.2,0.25
814,-2.9760000000000013e-05,-2.12,0.23
815,-2.9600000000000015e-05,-2.2,0.19
816,-2.9440000000000016e-05,-2.2,0.17
817,-2.9280000000000018e-05,-2.2,0.13
818,-2.912000000000002e-05,-2.12,0.09
819,-2.896000000000002e-05,-2.12,0.07
820,-2.8800000000000022e-05,-2.12,0.05
821,-2.8639999999999997e-05,-2.12,0.03
822,-2.848e-05,-2.12,-0.01
823,-2.832e-05,-2.12,-0.03
824,-2.816e-05,-2.12,-0.05
825,-2.8000000000000003e-05,-2.04,-0.07
826,-2.7840000000000005e-05,-2.04,-0.09
827,-2.7680000000000006e-05,-2.04,-0.13
828,-2.7520000000000008e-05,-2.04,-0.15
829,-2.736000000000001e-05,-2.04,-0.15
830,-2.720000000000001e-05,-1.96,-0.17
831,-2.7040000000000012e-05,-2.04,-0.21
832,-2.6880000000000014e-05,-1.96,-0.21
833,-2.6720000000000015e-05,-1.96,-0.25
834,-2.6560000000000017e-05,-1.96,-0.25
835,-2.6400000000000018e-05,-1.96,-0.27
836,-2.624000000000002e-05,-1.96,-0.29
837,-2.608000000000002e-05,-1.96,-0.29
838,-2.5920000000000023e-05,-1.96,-0.33
839,-2.5759999999999997e-05,-1.96,-0.33
840,-2.56e-05,-1.8800000000000001,-0.35000000000000003
841,-2.544e-05,-1.8800000000000001,-0.37
842,-2.5280000000000002e-05,-1.8800000000000001,-0.39
843,-2.5120000000000003e-05,-1.8800000000000001,-0.39
844,-2.4960000000000005e-05,-1.8800000000000001,-0.41000000000000003
845,-2.4800000000000007e-05,-1.8800000000000001,-0.41000000000000003
846,-2.4640000000000008e-05,-1.8800000000000001,-0.43
847,-2.448000000000001e-05,-1.8,-0.43
848,-2.432000000000001e-05,-1.8,-0.45
849,-2.4160000000000013e-05,-1.8,-0.45
850,-2.4000000000000014e-05,-1.8,-0.47000000000000003
851,-2.3840000000000016e-05,-1.8,-0.49
852,-2.3680000000000017e-05,-1.72,-0.49
853,-2.352000000000002e-05,-1.72,-0.49
854,-2.336000000000002e-05,-1.72,-0.51
855,-2.3200000000000022e-05,-1.6400000000000001,-0.51
856,-2.3040000000000023e-05,-1.72,-0.51
857,-2.2879999999999998e-05,-1.72,-0.53
858,-2.272e-05,-1.72,-0.53
859,-2.256e-05,-1.72,-0.55
860,-2.2400000000000002e-05,-1.6400000000000001,-0.55
861,-2.2240000000000004e-05,-1.6400000000000001,-0.55
862,-2.2080000000000005e-05,-1.6400000000000001,-0.5700000000000001
863,-2.1920000000000007e-05,-1.6400000000000001,-0.5700000000000001
864,-2.176000000000001e-05,-1.6400000000000001,-0.5700000000000001
865,-2.160000000000001e-05,-1.6400000000000001,-0.5700000000000001
866,-2.144000000000001e-05,-1.6400000000000001,-0.5700000000000001
867,-2.1280000000000013e-05,-1.56,-0.59
868,-2.1120000000000015e-05,-1.56,-0.59
869,-2.0960000000000016e-05,-1.56,-0.59
870,-2.0800000000000018e-05,-1.56,-0.59
871,-2.064000000000002e-05,-1.56,-0.61
872,-2.048000000000002e-05,-1.56,-0.61
873,-2.0320000000000022e-05,-1.56,-0.61
874,-2.0159999999999997e-05,-1.56,-0.61
875,-1.9999999999999998e-05,-1.48,-0.61
876,-1.984e-05,-1.48,-0.61
877,-1.968e-05,-1.4000000000000001,-0.63
878,-1.9520000000000003e-05,-1.48,-0.61
879,-1.9360000000000004e-05,-1.48,-0.61
880,-1.9200000000000006e-05,-1.4000000000000001,-0.63
881,-1.9040000000000007e-05,-1.4000000000000001,-0.61
882,-1.888000000000001e-05,-1.4000000000000001,-0.63
883,-1.872000000000001e-05,-1.4000000000000001,-0.63
884,-1.8560000000000012e-05,-1.32,-0.63
885,-1.8400000000000014e-05,-1.4000000000000001,-0.63
886,-1.8240000000000015e-05,-1.4000000000000001,-0.63
887,-1.8080000000000017e-05,-1.32,-0.63
888,-1.7920000000000018e-05,-1.32,-0.63
889,-1.776000000000002e-05,-1.32,-0.63
890,-1.760000000000002e-05,-1.32,-0.63
891,-1.7440000000000023e-05,-1.32,-0.63
892,-1.7279999999999997e-05,-1.32,-0.63
893,-1.712e-05,-1.24,-0.63
894,-1.696e-05,-1.32,-0.63
895,-1.6800000000000002e-05,-1.24,-0.63
896,-1.6640000000000003e-05,-1.24,-0.63
897,-1.6480000000000005e-05,-1.24,-0.63
898,-1.6320000000000006e-05,-1.24,-0.63
899,-1.6160000000000008e-05,-1.24,-0.63
900,-1.600000000000001e-05,-1.24,-0.61
901,-1.584000000000001e-05,-1.24,-0.63
902,-1.5680000000000013e-05,-1.24,-0.61
903,-1.5520000000000014e-05,-1.16,-0.61
904,-1.5360000000000016e-05,-1.16,-0.63
905,-1.5200000000000017e-05,-1.16,-0.61
906,-1.5040000000000019e-05,-1.16,-0.61
907,-1.488000000000002e-05,-1.16,-0.61
908,-1.4720000000000022e-05,-1.16,-0.61
909,-1.4560000000000023e-05,-1.16,-0.61
910,-1.4399999999999998e-05,-1.08,-0.61
911,-1.424e-05,-1.08,-0.61
912,-1.408e-05,-1.08,-0.61
913,-1.3920000000000002e-05,-1.08,-0.59
914,-1.3760000000000004e-05,-1.08,-0.61
915,-1.3600000000000005e-05,-1.08,-0.59
916,-1.3440000000000007e-05,-1.08,-0.59
917,-1.3280000000000008e-05,-1.0,-0.59
918,-1.312000000000001e-05,-1.0,-0.59
919,-1.2960000000000011e-05,-1.0,-0.59
920,-1.2800000000000013e-05,-1.0,-0.5700000000000001
921,-1.2640000000000015e-05,-1.0,-0.5700000000000001
922,-1.2480000000000016e-05,-1.0,-0.5700000000000001
923,-1.2320000000000018e-05,-1.0,-0.5700000000000001
924,-1.2160000000000019e-05,-1.0,-0.5700000000000001
925,-1.200000000000002e-05,-0.92,-0.5700000000000001
926,-1.1840000000000022e-05,-0.92,-0.5700000000000001
927,-1.1679999999999997e-05,-0.92,-0.55
928,-1.1519999999999998e-05,-0.92,-0.55
929,-1.136e-05,-0.92,-0.55
930,-1.1200000000000001e-05,-0.84,-0.53
931,-1.1040000000000003e-05,-0.84,-0.55
932,-1.0880000000000004e-05,-0.76,-0.53
933,-1.0720000000000006e-05,-0.84,-0.53
934,-1.0560000000000007e-05,-0.84,-0.53
935,-1.0400000000000009e-05,-0.84,-0.53
936,-1.024000000000001e-05,-0.84,-0.51
937,-1.0080000000000012e-05,-0.76,-0.51
938,-9.920000000000013e-06,-0.76,-0.51
939,-9.760000000000015e-06,-0.68,-0.51
940,-9.600000000000017e-06,-0.76,-0.51
941,-9.440000000000018e-06,-0.76,-0.51
942,-9.28000000000002e-06,-0.76,-0.49
943,-9.120000000000021e-06,-0.76,-0.49
944,-8.960000000000023e-06,-0.68,-0.49
945,-8.799999999999997e-06,-0.68,-0.49
946,-8.639999999999999e-06,-0.68,-0.49
947,-8.48e-06,-0.68,-0.47000000000000003
948,-8.320000000000002e-06,-0.68,-0.47000000000000003
949,-8.160000000000003e-06,-0.68,-0.45
950,-8.000000000000005e-06,-0.68,-0.47000000000000003
951,-7.840000000000006e-06,-0.68,-0.47000000000000003
952,-7.680000000000008e-06,-0.6,-0.45
953,-7.520000000000009e-06,-0.6,-0.45
954,-7.360000000000011e-06,-0.6,-0.43
955,-7.200000000000012e-06,-0.6,-0.43
956,-7.040000000000014e-06,-0.6,-0.43
957,-6.8800000000000154e-06,-0.6,-0.43
958,-6.720000000000017e-06,-0.52,-0.43
959,-6.5600000000000185e-06,-0.52,-0.43
960,-6.40000000000002e-06,-0.52,-0.41000000000000003
961,-6.2400000000000216e-06,-0.52,-0.41000000000000003
962,-6.080000000000023e-06,-0.52,-0.41000000000000003
963,-5.9199999999999975e-06,-0.52,-0.41000000000000003
964,-5.759999999999999e-06,-0.52,-0.39
965,-5.600000000000001e-06,-0.44,-0.39
966,-5.440000000000002e-06,-0.44,-0.39
967,-5.280000000000004e-06,-0.44,-0.39
968,-5.120000000000005e-06,-0.44,-0.39
969,-4.960000000000007e-06,-0.44,-0.37
970,-4.800000000000008e-06,-0.36,-0.37
971,-4.64000000000001e-06,-0.36,-0.37
972,-4.480000000000011e-06,-0.36,-0.37
973,-4.320000000000013e-06,-0.28,-0.35000000000000003
974,-4.160000000000014e-06,-0.36,-0.37
975,-4.000000000000016e-06,-0.36,-0.35000000000000003
976,-3.8400000000000174e-06,-0.28,-0.35000000000000003
977,-3.680000000000019e-06,-0.28,-0.33
978,-3.5200000000000205e-06,-0.28,-0.33
979,-3.360000000000022e-06,-0.28,-0.33
980,-3.1999999999999965e-06,-0.28,-0.33
981,-3.039999999999998e-06,-0.28,-0.31
982,-2.8799999999999995e-06,-0.28,-0.31
983,-2.720000000000001e-06,-0.2,-0.31
984,-2.5600000000000026e-06,-0.2,-0.29
985,-2.400000000000004e-06,-0.12,-0.29
986,-2.2400000000000057e-06,-0.2,-0.29
987,-2.080000000000007e-06,-0.12,-0.29
988,-1.9200000000000087e-06,-0.12,-0.27
989,-1.7600000000000103e-06,-0.12,-0.27
990,-1.6000000000000118e-06,-0.12,-0.27
991,-1.4400000000000133e-06,-0.2,-0.27
992,-1.2800000000000148e-06,-0.12,-0.27
993,-1.1200000000000164e-06,-0.12,-0.27
994,-9.60000000000018e-07,-0.12,-0.25
995,-8.000000000000194e-07,-0.04,-0.25
996,-6.40000000000021e-07,-0.04,-0.23
997,-4.800000000000225e-07,-0.04,-0.23
998,-3.1999999999999694e-07,-0.04,-0.21
999,-1.5999999999999847e-07,0.04,-0.23
1000,0.0,-0.04,-0.21
1001,1.5999999999999847e-07,0.04,-0.21
1002,3.1999999999999694e-07,-0.04,-0.21
1003,4.799999999999954e-07,-0.04,-0.21
1004,6.399999999999939e-07,-0.04,-0.19
1005,7.999999999999923e-07,0.04,-0.19
1006,9.599999999999908e-07,0.04,-0.19
1007,1.1199999999999893e-06,0.04,-0.19
1008,1.2799999999999877e-06,0.04,-0.17
1009,1.4399999999999862e-06,0.12,-0.17
1010,1.5999999999999847e-06,0.12,-0.15
1011,1.7599999999999831e-06,0.12,-0.15
1012,1.9199999999999816e-06,0.12,-0.15
1013,2.07999999999998e-06,0.12,-0.15
1014,2.2399999999999786e-06,0.2,-0.13
1015,2.399999999999977e-06,0.2,-0.13
1016,2.5600000000000026e-06,0.2,-0.13
1017,2.720000000000001e-06,0.2,-0.13
1018,2.8799999999999995e-06,0.2,-0.13
1019,3.039999999999998e-06,0.2,-0.11
1020,3.1999999999999965e-06,0.2,-0.11
1021,3.359999999999995e-06,0.2,-0.11
1022,3.5199999999999934e-06,0.28,-0.11
1023,3.679999999999992e-06,0.28,-0.09
1024,3.83999999999999e-06,0.28,-0.09
1025,3.999999999999989e-06,0.28,-0.07
1026,4.159999999999987e-06,0.28,-0.07
1027,4.319999999999986e-06,0.28,-0.07
1028,4.479999999999984e-06,0.28,-0.07
1029,4.639999999999983e-06,0.28,-0.07
1030,4.799999999999981e-06,0.36,-0.07
1031,4.95999999999998e-06,0.36,-0.05
1032,5.119999999999978e-06,0.36,-0.05
1033,5.280000000000004e-06,0.44,-0.05
1034,5.440000000000002e-06,0.36,-0.03
1035,5.600000000000001e-06,0.36,-0.03
1036,5.759999999999999e-06,0.44,-0.03
1037,5.9199999999999975e-06,0.44,-0.03
1038,6.079999999999996e-06,0.44,-0.01
1039,6.2399999999999945e-06,0.44,-0.01
1040,6.399999999999993e-06,0.44,-0.01
1041,6.559999999999991e-06,0.52,0.01
1042,6.71999999999999e-06,0.44,0.01
1043,6.879999999999988e-06,0.44,0.01
1044,7.039999999999987e-06,0.52,0.03
1045,7.199999999999985e-06,0.52,0.03
1046,7.359999999999984e-06,0.52,0.03
1047,7.519999999999982e-06,0.52,0.03
1048,7.67999999999998e-06,0.6,0.05
1049,7.839999999999979e-06,0.6,0.03
1050,7.999999999999978e-06,0.52,0.05
1051,8.160000000000003e-06,0.6,0.05
1052,8.320000000000002e-06,0.6,0.07
1053,8.48e-06,0.6,0.07
1054,8.639999999999999e-06,0.6,0.07
1055,8.799999999999997e-06,0.68,0.09
1056,8.959999999999996e-06,0.68,0.09
1057,9.119999999999994e-06,0.68,0.09
1058,9.279999999999992e-06,0.68,0.09
1059,9.439999999999991e-06,0.68,0.11
1060,9.59999999999999e-06,0.68,0.11
1061,9.759999999999988e-06,0.68,0.11
1062,9.919999999999986e-06,0.68,0.13
1063,1.0079999999999985e-05,0.68,0.11
1064,1.0239999999999983e-05,0.68,0.13
1065,1.0399999999999982e-05,0.76,0.13
1066,1.055999999999998e-05,0.76,0.13
1067,1.0719999999999979e-05,0.76,0.15
1068,1.0879999999999977e-05,0.76,0.15
1069,1.1040000000000003e-05,0.76,0.15
1070,1.1200000000000001e-05,0.76,0.17
1071,1.136e-05,0.84,0.17
1072,1.1519999999999998e-05,0.84,0.17
1073,1.1679999999999997e-05,0.84,0.19
1074,1.1839999999999995e-05,0.84,0.19
1075,1.1999999999999994e-05,0.84,0.19
1076,1.2159999999999992e-05,0.84,0.19
1077,1.231999999999999e-05,0.92,0.21
1078,1.2479999999999989e-05,0.92,0.21
1079,1.2639999999999987e-05,0.92,0.21
1080,1.2799999999999986e-05,0.92,0.21
1081,1.2959999999999984e-05,0.92,0.23
1082,1.3119999999999983e-05,0.92,0.23
1083,1.3279999999999981e-05,1.0,0.23
1084,1.343999999999998e-05,1.0,0.25
1085,1.3599999999999978e-05,1.0,0.25
1086,1.3760000000000004e-05,1.0,0.25
1087,1.3920000000000002e-05,1.08,0.25
1088,1.408e-05,1.08,0.27
1089,1.424e-05,1.08,0.27
1090,1.4399999999999998e-05,1.08,0.27
1091,1.4559999999999996e-05,1.08,0.27
1092,1.4719999999999995e-05,1.08,0.27
1093,1.4879999999999993e-05,1.08,0.29
1094,1.5039999999999992e-05,1.08,0.31
1095,1.519999999999999e-05,1.08,0.31
1096,1.535999999999999e-05,1.08,0.31
1097,1.5519999999999987e-05,1.16,0.31
1098,1.5679999999999985e-05,1.16,0.31
1099,1.5839999999999984e-05,1.16,0.31
1100,1.5999999999999982e-05,1.16,0.33
1101,1.615999999999998e-05,1.16,0.33
1102,1.631999999999998e-05,1.16,0.35000000000000003
1103,1.6479999999999978e-05,1.24,0.35000000000000003
1104,1.6640000000000003e-05,1.24,0.35000000000000003
1105,1.6800000000000002e-05,1.24,0.35000000000000003
1106,1.696e-05,1.24,0.37
1107,1.712e-05,1.24,0.37
1108,1.7279999999999997e-05,1.24,0.37
1109,1.7439999999999996e-05,1.32,0.37
1110,1.7599999999999994e-05,1.32,0.39
1111,1.7759999999999993e-05,1.32,0.39
1112,1.791999999999999e-05,1.32,0.39
1113,1.807999999999999e-05,1.32,0.41000000000000003
1114,1.8239999999999988e-05,1.32,0.41000000000000003
1115,1.8399999999999986e-05,1.32,0.41000000000000003
1116,1.8559999999999985e-05,1.4000000000000001,0.41000000000000003
1117,1.8719999999999983e-05,1.4000000000000001,0.43
1118,1.8879999999999982e-05,1.4000000000000001,0.43
1119,1.903999999999998e-05,1.4000000000000001,0.43
1120,1.919999999999998e-05,1.4000000000000001,0.45
1121,1.9359999999999977e-05,1.4000000000000001,0.45
1122,1.9520000000000003e-05,1.4000000000000001,0.45
1123,1.968e-05,1.48,0.47000000000000003
1124,1.984e-05,1.48,0.47000000000000003
1125,1.9999999999999998e-05,1.48,0.47000000000000003
1126,2.0159999999999997e-05,1.48,0.49
1127,2.0319999999999995e-05,1.48,0.49
1128,2.0479999999999994e-05,1.48,0.49
1129,2.0639999999999992e-05,1.48,0.49
1130,2.079999999999999e-05,1.56,0.51
1131,2.095999999999999e-05,1.56,0.51
1132,2.1119999999999988e-05,1.56,0.51
1133,2.1279999999999986e-05,1.56,0.51
1134,2.1439999999999984e-05,1.56,0.53
1135,2.1599999999999983e-05,1.56,0.53
1136,2.175999999999998e-05,1.56,0.53
1137,2.191999999999998e-05,1.6400000000000001,0.55
1138,2.207999999999998e-05,1.56,0.55
1139,2.2240000000000004e-05,1.6400000000000001,0.55
1140,2.2400000000000002e-05,1.6400000000000001,0.55
1141,2.256e-05,1.6400000000000001,0.5700000000000001
1142,2.272e-05,1.6400000000000001,0.5700000000000001
1143,2.2879999999999998e-05,1.6400000000000001,0.5700000000000001
1144,2.3039999999999996e-05,1.72,0.59
1145,2.3199999999999995e-05,1.72,0.59
1146,2.3359999999999993e-05,1.72,0.61
1147,2.351999999999999e-05,1.72,0.61
1148,2.367999999999999e-05,1.72,0.61
1149,2.383999999999999e-05,1.72,0.61
1150,2.3999999999999987e-05,1.8,0.61
1151,2.4159999999999986e-05,1.8,0.63
1152,2.4319999999999984e-05,1.8,0.63
1153,2.4479999999999982e-05,1.8,0.63
1154,2.463999999999998e-05,1.8,0.63
1155,2.479999999999998e-05,1.8,0.65
1156,2.4959999999999978e-05,1.8,0.65
1157,2.5120000000000003e-05,1.8800000000000001,0.67
1158,2.5280000000000002e-05,1.8800000000000001,0.65
1159,2.544e-05,1.8800000000000001,0.67
1160,2.56e-05,1.8800000000000001,0.67
1161,2.5759999999999997e-05,1.8800000000000001,0.6900000000000001
1162,2.5919999999999996e-05,1.96,0.6900000000000001
1163,2.6079999999999994e-05,1.96,0.6900000000000001
1164,2.6239999999999993e-05,1.8800000000000001,0.6900000000000001
1165,2.639999999999999e-05,1.96,0.71
1166,2.655999999999999e-05,1.96,0.71
1167,2.6719999999999988e-05,1.96,0.71
1168,2.6879999999999987e-05,1.96,0.73
1169,2.7039999999999985e-05,1.96,0.73
1170,2.7199999999999984e-05,1.96,0.73
1171,2.7359999999999982e-05,2.04,0.73
1172,2.751999999999998e-05,2.04,0.73
1173,2.767999999999998e-05,2.04,0.75
1174,2.7839999999999977e-05,2.04,0.75
1175,2.8000000000000003e-05,2.04,0.75
1176,2.816e-05,2.04,0.75
1177,2.832e-05,2.12,0.75
1178,2.848e-05,2.12,0.77
1179,2.8639999999999997e-05,2.12,0.79
1180,2.8799999999999995e-05,2.12,0.79
1181,2.8959999999999994e-05,2.12,0.79
1182,2.9119999999999992e-05,2.12,0.79
1183,2.927999999999999e-05,2.2,0.79
1184,2.943999999999999e-05,2.12,0.79
1185,2.9599999999999988e-05,2.2,0.81
1186,2.9759999999999986e-05,2.2,0.8300000000000001
1187,2.9919999999999985e-05,2.2,0.8300000000000001
1188,3.0079999999999983e-05,2.2,0.8300000000000001
1189,3.023999999999998e-05,2.2,0.85
1190,3.039999999999998e-05,2.2800000000000002,0.85
1191,3.055999999999998e-05,2.2800000000000002,0.85
1192,3.0720000000000004e-05,2.2800000000000002,0.85
1193,3.088e-05,2.2800000000000002,0.85
1194,3.104e-05,2.2800000000000002,0.85
1195,3.12e-05,2.36,0.87
1196,3.136e-05,2.2800000000000002,0.89
1197,3.1519999999999996e-05,2.36,0.89
1198,3.1679999999999995e-05,2.2800000000000002,0.89
1199,3.183999999999999e-05,2.36,0.89
1200,3.199999999999999e-05,2.36,0.89
1201,3.215999999999999e-05,2.36,0.91
1202,3.231999999999999e-05,2.44,0.91
1203,3.247999999999999e-05,2.36,0.93
1204,3.2639999999999986e-05,2.44,0.93
1205,3.2799999999999984e-05,2.44,0.93
1206,3.295999999999998e-05,2.44,0.93
1207,3.311999999999998e-05,2.44,0.9500000000000001
1208,3.327999999999998e-05,2.44,0.93
1209,3.343999999999998e-05,2.44,0.9500000000000001
1210,3.3600000000000004e-05,2.44,0.97
1211,3.376e-05,2.52,0.97
1212,3.392e-05,-1.16,0.97
1213,3.408e-05,-2.44,0.97
1214,3.424e-05,-2.44,0.89
1215,3.4399999999999996e-05,-2.44,0.87
1216,3.4559999999999994e-05,-2.44,0.81
1217,3.471999999999999e-05,-2.36,0.75
1218,3.487999999999999e-05,-2.36,0.71
1219,3.503999999999999e-05,-2.36,0.65
1220,3.519999999999999e-05,-2.36,0.63
1221,3.535999999999999e-05,-2.36,0.59
1222,3.5519999999999985e-05,-2.2800000000000002,0.53
1223,3.5679999999999984e-05,-2.2800000000000002,0.51
1224,3.583999999999998e-05,-2.2800000000000002,0.45
1225,3.599999999999998e-05,-2.2800000000000002,0.41000000000000003
1226,3.615999999999998e-05,-2.2800000000000002,0.37
1227,3.631999999999998e-05,-2.2800000000000002,0.35000000000000003
1228,3.648e-05,-2.2800000000000002,0.29
1229,3.664e-05,-2.2800000000000002,0.27
1230,3.68e-05,-2.2,0.25
1231,3.696e-05,-2.12,0.21
1232,3.712e-05,-2.12,0.19
1233,3.7279999999999995e-05,-2.2,0.15
1234,3.7439999999999994e-05,-2.2,0.13
1235,3.759999999999999e-05,-2.2,0.09
1236,3.775999999999999e-05,-2.2,0.07
1237,3.791999999999999e-05,-2.04,0.03
1238,3.807999999999999e-05,-2.04,0.01
1239,3.8239999999999986e-05,-2.04,-0.03
1240,3.8399999999999985e-05,-2.12,-0.05
1241,3.855999999999998e-05,-2.12,-0.07
1242,3.871999999999998e-05,-2.12,-0.09
1243,3.887999999999998e-05,-2.12,-0.11
1244,3.903999999999998e-05,-2.04,-0.13
1245,3.9200000000000004e-05,-2.04,-0.15
1246,3.936e-05,-1.96,-0.17
1247,3.952e-05,-1.96,-0.19
1248,3.968e-05,-1.96,-0.21
1249,3.984e-05,-2.04,-0.23
1250,3.9999999999999996e-05,-1.8800000000000001,-0.25
1251,4.0159999999999995e-05,-1.96,-0.27
1252,4.0319999999999993e-05,-1.96,-0.29
1253,4.047999999999999e-05,-1.96,-0.29
1254,4.063999999999999e-05,-1.96,-0.31
1255,4.079999999999999e-05,-1.96,-0.33
1256,4.095999999999999e-05,-1.8800000000000001,-0.33
1257,4.1119999999999986e-05,-1.8800000000000001,-0.35000000000000003
1258,4.1279999999999984e-05,-1.8800000000000001,-0.37
1259,4.143999999999998e-05,-1.8800000000000001,-0.39
1260,4.159999999999998e-05,-1.8,-0.39
1261,4.175999999999998e-05,-1.8800000000000001,-0.41000000000000003
1262,4.191999999999998e-05,-1.8,-0.43
1263,4.2080000000000004e-05,-1.8,-0.43
1264,4.224e-05,-1.8,-0.45
1265,4.24e-05,-1.8,-0.45
1266,4.256e-05,-1.72,-0.47000000000000003
1267,4.272e-05,-1.8,-0.47000000000000003
1268,4.2879999999999996e-05,-1.72,-0.49
1269,4.3039999999999994e-05,-1.72,-0.49
1270,4.319999999999999e-05,-1.72,-0.49
1271,4.335999999999999e-05,-1.72,-0.51
1272,4.351999999999999e-05,-1.72,-0.51
1273,4.367999999999999e-05,-1.72,-0.51
1274,4.383999999999999e-05,-1.72,-0.53
1275,4.3999999999999985e-05,-1.6400000000000001,-0.53
1276,4.4159999999999984e-05,-1.72,-0.55
1277,4.431999999999998e-05,-1.6400000000000001,-0.55
1278,4.447999999999998e-05,-1.6400000000000001,-0.55
1279,4.463999999999998e-05,-1.6400000000000001,-0.5700000000000001
1280,4.479999999999998e-05,-1.6400000000000001,-0.5700000000000001
1281,4.496e-05,-1.6400000000000001,-0.5700000000000001
1282,4.512e-05,-1.6400000000000001,-0.5700000000000001
1283,4.528e-05,-1.56,-0.59
1284,4.544e-05,-1.56,-0.59
1285,4.56e-05,-1.56,-0.59
1286,4.5759999999999996e-05,-1.56,-0.59
1287,4.5919999999999994e-05,-1.56,-0.59
1288,4.607999999999999e-05,-1.56,-0.61
1289,4.623999999999999e-05,-1.56,-0.61
1290,4.639999999999999e-05,-1.56,-0.61
1291,4.655999999999999e-05,-1.4000000000000001,-0.61
1292,4.6719999999999986e-05,-1.48,-0.61
1293,4.6879999999999985e-05,-1.48,-0.61
1294,4.703999999999998e-05,-1.48,-0.61
1295,4.719999999999998e-05,-1.48,-0.61
1296,4.735999999999998e-05,-1.48,-0.61
1297,4.751999999999998e-05,-1.4000000000000001,-0.61
1298,4.7680000000000004e-05,-1.4000000000000001,-0.63
1299,4.784e-05,-1.4000000000000001,-0.63
1300,4.8e-05,-1.4000000000000001,-0.63
1301,4.816e-05,-1.4000000000000001,-0.63
1302,4.832e-05,-1.4000000000000001,-0.63
1303,4.848e-05,-1.4000000000000001,-0.63
1304,4.8639999999999995e-05,-1.32,-0.63
1305,4.8799999999999994e-05,-1.32,-0.63
1306,4.895999999999999e-05,-1.32,-0.61
1307,4.911999999999999e-05,-1.32,-0.63
1308,4.927999999999999e-05,-1.32,-0.63
1309,4.943999999999999e-05,-1.32,-0.63
1310,4.9599999999999986e-05,-1.32,-0.63
1311,4.9759999999999984e-05,-1.32,-0.63
1312,4.991999999999998e-05,-1.24,-0.63
1313,5.007999999999998e-05,-1.24,-0.61
1314,5.023999999999998e-05,-1.24,-0.63
1315,5.039999999999998e-05,-1.24,-0.63
1316,5.0560000000000004e-05,-1.24,-0.63
1317,5.072e-05,-1.24,-0.61
1318,5.088e-05,-1.24,-0.63
1319,5.104e-05,-1.24,-0.61
1320,5.12e-05,-1.16,-0.61
1321,5.1359999999999996e-05,-1.16,-0.61
1322,5.1519999999999995e-05,-1.16,-0.61
1323,5.167999999999999e-05,-1.16,-0.61
1324,5.183999999999999e-05,-1.16,-0.61
1325,5.199999999999999e-05,-1.16,-0.61
1326,5.215999999999999e-05,-1.16,-0.61
1327,5.231999999999999e-05,-1.08,-0.61
1328,5.2479999999999985e-05,-1.08,-0.59
1329,5.2639999999999984e-05,-1.0,-0.59
1330,5.279999999999998e-05,-1.08,-0.59
1331,5.295999999999998e-05,-1.08,-0.59
1332,5.311999999999998e-05,-1.08,-0.59
1333,5.3280000000000005e-05,-1.08,-0.59
1334,5.344e-05,-1.0,-0.59
1335,5.36e-05,-1.0,-0.59
1336,5.376e-05,-1.0,-0.5700000000000001
1337,5.392e-05,-1.0,-0.5700000000000001
1338,5.408e-05,-0.92,-0.59
1339,5.4239999999999996e-05,-1.0,-0.5700000000000001
1340,5.4399999999999994e-05,-0.92,-0.5700000000000001
1341,5.455999999999999e-05,-0.92,-0.5700000000000001
1342,5.471999999999999e-05,-0.92,-0.55
1343,5.487999999999999e-05,-0.92,-0.55
1344,5.503999999999999e-05,-0.92,-0.55
1345,5.5199999999999986e-05,-0.92,-0.55
1346,5.5359999999999985e-05,-0.84,-0.55
1347,5.5519999999999983e-05,-0.84,-0.55
1348,5.567999999999998e-05,-0.84,-0.55
1349,5.583999999999998e-05,-0.84,-0.53
1350,5.599999999999998e-05,-0.84,-0.53
1351,5.6160000000000004e-05,-0.84,-0.53
1352,5.632e-05,-0.84,-0.53
1353,5.648e-05,-0.76,-0.53
1354,5.664e-05,-0.76,-0.51
1355,5.68e-05,-0.84,-0.51
1356,5.696e-05,-0.76,-0.51
1357,5.7119999999999995e-05,-0.76,-0.51
1358,5.7279999999999994e-05,-0.76,-0.49
1359,5.743999999999999e-05,-0.76,-0.49
1360,5.759999999999999e-05,-0.68,-0.49
1361,5.775999999999999e-05,-0.76,-0.49
1362,5.791999999999999e-05,-0.68,-0.49
1363,5.8079999999999986e-05,-0.68,-0.47000000000000003
1364,5.8239999999999984e-05,-0.68,-0.47000000000000003
1365,5.839999999999998e-05,-0.68,-0.47000000000000003
1366,5.855999999999998e-05,-0.68,-0.47000000000000003
1367,5.871999999999998e-05,-0.6,-0.47000000000000003
1368,5.887999999999998e-05,-0.6,-0.45
1369,5.9040000000000004e-05,-0.6,-0.45
1370,5.92e-05,-0.6,-0.45
1371,5.936e-05,-0.6,-0.43
1372,5.952e-05,-0.52,-0.43
1373,5.968e-05,-0.52,-0.43
1374,5.9839999999999996e-05,-0.52,-0.43
1375,5.9999999999999995e-05,-0.52,-0.43
1376,6.015999999999999e-05,-0.52,-0.41000000000000003
1377,6.031999999999999e-05,-0.52,-0.41000000000000003
1378,6.047999999999999e-05,-0.52,-0.41000000000000003
1379,6.063999999999999e-05,-0.44,-0.41000000000000003
1380,6.079999999999999e-05,-0.44,-0.39
1381,6.0959999999999986e-05,-0.44,-0.39
1382,6.111999999999998e-05,-0.44,-0.39
1383,6.127999999999998e-05,-0.36,-0.39
1384,6.143999999999998e-05,-0.44,-0.39
1385,6.159999999999998e-05,-0.44,-0.37
1386,6.176e-05,-0.44,-0.37
1387,6.192e-05,-0.36,-0.37
1388,6.208e-05,-0.36,-0.35000000000000003
1389,6.224e-05,-0.36,-0.35000000000000003
1390,6.24e-05,-0.36,-0.35000000000000003
1391,6.256e-05,-0.36,-0.35000000000000003
1392,6.272e-05,-0.28,-0.35000000000000003
1393,6.288e-05,-0.36,-0.33
1394,6.303999999999999e-05,-0.28,-0.33
1395,6.319999999999999e-05,-0.28,-0.33
1396,6.335999999999999e-05,-0.28,-0.33
1397,6.351999999999999e-05,-0.28,-0.31
1398,6.367999999999999e-05,-0.28,-0.31
1399,6.383999999999999e-05,-0.2,-0.31
1400,6.399999999999998e-05,-0.2,-0.31
1401,6.415999999999998e-05,-0.2,-0.29
1402,6.431999999999998e-05,-0.2,-0.29
1403,6.447999999999998e-05,-0.2,-0.29
1404,6.464e-05,-0.2,-0.29
1405,6.48e-05,-0.2,-0.27
1406,6.496e-05,-0.12,-0.27
1407,6.512e-05,-0.12,-0.27
1408,6.528e-05,-0.12,-0.27
1409,6.544e-05,-0.04,-0.25
1410,6.56e-05,-0.12,-0.25
1411,6.576e-05,-0.12,-0.25
1412,6.591999999999999e-05,-0.04,-0.25
1413,6.607999999999999e-05,-0.12,-0.25
1414,6.623999999999999e-05,-0.04,-0.23
1415,6.639999999999999e-05,0.04,-0.23
1416,6.655999999999999e-05,-0.04,-0.21
1417,6.671999999999998e-05,0.04,-0.21
1418,6.687999999999998e-05,-0.04,-0.21
1419,6.703999999999998e-05,0.04,-0.21
1420,6.719999999999998e-05,0.04,-0.19
1421,6.735999999999998e-05,0.04,-0.19
1422,6.752e-05,0.04,-0.19
1423,6.768e-05,0.04,-0.19
1424,6.784e-05,0.04,-0.19
1425,6.8e-05,0.12,-0.17
1426,6.816e-05,0.12,-0.17
1427,6.832e-05,0.12,-0.17
1428,6.848e-05,0.12,-0.15
1429,6.864e-05,0.12,-0.15
1430,6.879999999999999e-05,0.2,-0.15
1431,6.895999999999999e-05,0.2,-0.15
1432,6.911999999999999e-05,0.2,-0.13
1433,6.927999999999999e-05,0.2,-0.13
1434,6.943999999999999e-05,0.2,-0.13
1435,6.959999999999998e-05,0.2,-0.11
1436,6.975999999999998e-05,0.28,-0.11
1437,6.991999999999998e-05,0.2,-0.11
1438,7.007999999999998e-05,0.2,-0.11
1439,7.024e-05,0.28,-0.11
1440,7.04e-05,0.28,-0.09
1441,7.056e-05,0.28,-0.09
1442,7.072e-05,0.28,-0.07
1443,7.088e-05,0.28,-0.07
1444,7.104e-05,0.28,-0.07
1445,7.12e-05,0.36,-0.07
1446,7.136e-05,0.28,-0.05
1447,7.151999999999999e-05,0.36,-0.05
1448,7.167999999999999e-05,0.36,-0.05
1449,7.183999999999999e-05,0.36,-0.05
1450,7.199999999999999e-05,0.36,-0.05
1451,7.215999999999999e-05,0.36,-0.03
1452,7.231999999999999e-05,0.36,-0.03
1453,7.247999999999998e-05,0.36,-0.01
1454,7.263999999999998e-05,0.44,-0.01
1455,7.279999999999998e-05,0.44,-0.01
1456,7.295999999999998e-05,0.44,-0.01
1457,7.312e-05,0.52,0.01
1458,7.328e-05,0.44,0.01
1459,7.344e-05,0.52,0.01
1460,7.36e-05,0.52,0.03
1461,7.376e-05,0.52,0.03
1462,7.392e-05,0.52,0.03
1463,7.408e-05,0.52,0.03
1464,7.424e-05,0.52,0.03
1465,7.439999999999999e-05,0.52,0.05
1466,7.455999999999999e-05,0.52,0.05
1467,7.471999999999999e-05,0.6,0.05
1468,7.487999999999999e-05,0.6,0.07
1469,7.503999999999999e-05,0.6,0.07
1470,7.519999999999998e-05,0.6,0.07
1471,7.535999999999998e-05,0.6,0.09
1472,7.551999999999998e-05,0.6,0.09
1473,7.567999999999998e-05,0.68,0.09
1474,7.583999999999998e-05,0.68,0.09
1475,7.6e-05,0.68,0.11
1476,7.616e-05,0.68,0.11
1477,7.632e-05,0.76,0.11
1478,7.648e-05,0.76,0.11
1479,7.664e-05,0.68,0.13
1480,7.68e-05,0.76,0.13
1481,7.696e-05,0.76,0.13
1482,7.712e-05,0.76,0.13
1483,7.727999999999999e-05,0.76,0.15
1484,7.743999999999999e-05,0.76,0.15
1485,7.759999999999999e-05,0.76,0.17
1486,7.775999999999999e-05,0.76,0.17
1487,7.791999999999999e-05,0.84,0.17
1488,7.807999999999998e-05,0.84,0.17
1489,7.823999999999998e-05,0.84,0.17
1490,7.839999999999998e-05,0.84,0.19
1491,7.855999999999998e-05,0.84,0.19
1492,7.872e-05,0.92,0.19
1493,7.888e-05,0.84,0.19
1494,7.904e-05,0.92,0.21
1495,7.92e-05,0.92,0.21
1496,7.936e-05,1.0,0.21
1497,7.952e-05,0.92,0.23
1498,7.968e-05,1.0,0.23
1499,7.984e-05,1.0,0.25
1500,7.999999999999999e-05,0.92,0.23
1501,8.015999999999999e-05,1.0,0.25
1502,8.031999999999999e-05,1.0,0.25
1503,8.047999999999999e-05,1.0,0.25
1504,8.063999999999999e-05,1.0,0.27
1505,8.079999999999999e-05,1.08,0.27
1506,8.095999999999998e-05,1.0,0.27
1507,8.111999999999998e-05,1.08,0.27
1508,8.127999999999998e-05,1.08,0.29
1509,8.143999999999998e-05,1.08,0.29
1510,8.16e-05,1.08,0.29
1511,8.176e-05,1.08,0.29
1512,8.192e-05,1.08,0.31
1513,8.208e-05,1.08,0.31
1514,8.224e-05,1.08,0.31
1515,8.24e-05,1.16,0.33
1516,8.256e-05,1.16,0.33
1517,8.272e-05,1.16,0.33
1518,8.287999999999999e-05,1.24,0.33
1519,8.303999999999999e-05,1.16,0.35000000000000003
1520,8.319999999999999e-05,1.24,0.35000000000000003
1521,8.335999999999999e-05,1.24,0.37
1522,8.351999999999999e-05,1.24,0.37
1523,8.367999999999998e-05,1.24,0.35000000000000003
1524,8.383999999999998e-05,1.24,0.37
1525,8.399999999999998e-05,1.24,0.39
1526,8.415999999999998e-05,1.24,0.39
1527,8.432e-05,1.24,0.39
1528,8.447999999999998e-05,1.32,0.39
1529,8.464e-05,1.32,0.41000000000000003
1530,8.479999999999997e-05,1.32,0.41000000000000003
1531,8.496e-05,1.32,0.41000000000000003
1532,8.511999999999997e-05,1.32,0.43
1533,8.528e-05,1.4000000000000001,0.43
1534,8.543999999999997e-05,1.4000000000000001,0.43
1535,8.56e-05,1.4000000000000001,0.43
1536,8.576000000000002e-05,1.32,0.45
1537,8.591999999999999e-05,1.4000000000000001,0.45
1538,8.608000000000002e-05,1.4000000000000001,0.45
1539,8.623999999999999e-05,1.4000000000000001,0.45
1540,8.640000000000001e-05,1.4000000000000001,0.47000000000000003
1541,8.655999999999998e-05,1.48,0.47000000000000003
1542,8.672000000000001e-05,1.48,0.49
1543,8.687999999999998e-05,1.48,0.47000000000000003
1544,8.704000000000001e-05,1.48,0.49
1545,8.719999999999998e-05,1.48,0.49
1546,8.736e-05,1.48,0.49
1547,8.751999999999998e-05,1.56,0.51
1548,8.768e-05,1.56,0.51
1549,8.783999999999997e-05,1.56,0.51
1550,8.8e-05,1.56,0.53
1551,8.815999999999997e-05,1.56,0.53
1552,8.832e-05,1.56,0.53
1553,8.847999999999997e-05,1.56,0.53
1554,8.863999999999999e-05,1.56,0.55
1555,8.880000000000002e-05,1.6400000000000001,0.55
1556,8.895999999999999e-05,1.6400000000000001,0.5700000000000001
1557,8.912000000000001e-05,1.6400000000000001,0.5700000000000001
1558,8.927999999999999e-05,1.6400000000000001,0.5700000000000001
1559,8.944000000000001e-05,1.72,0.5700000000000001
1560,8.959999999999998e-05,1.6400000000000001,0.5700000000000001
1561,8.976000000000001e-05,1.72,0.59
1562,8.991999999999998e-05,1.72,0.59
1563,9.008e-05,1.72,0.59
1564,9.023999999999998e-05,1.72,0.61
1565,9.04e-05,1.72,0.61
1566,9.055999999999997e-05,1.72,0.61
1567,9.072e-05,1.8,0.63
1568,9.087999999999997e-05,1.8,0.63
1569,9.104e-05,1.8,0.63
1570,9.119999999999997e-05,1.8,0.63
1571,9.135999999999999e-05,1.8,0.63
1572,9.152000000000002e-05,1.8800000000000001,0.65
1573,9.167999999999999e-05,1.8,0.67
1574,9.184000000000002e-05,1.8,0.67
1575,9.199999999999999e-05,1.8800000000000001,0.65
1576,9.216000000000001e-05,1.8800000000000001,0.67
1577,9.231999999999998e-05,1.8800000000000001,0.6900000000000001
1578,9.248000000000001e-05,1.8800000000000001,0.6900000000000001
1579,9.263999999999998e-05,1.8800000000000001,0.67
1580,9.28e-05,1.96,0.6900000000000001
1581,9.295999999999998e-05,1.96,0.71
1582,9.312e-05,1.96,0.71
1583,9.327999999999997e-05,1.96,0.71
1584,9.344e-05,1.96,0.71
1585,9.359999999999997e-05,1.96,0.73
1586,9.376e-05,1.96,0.73
1587,9.391999999999997e-05,1.96,0.73
1588,9.408e-05,1.96,0.73
1589,9.424000000000002e-05,2.04,0.73
1590,9.439999999999999e-05,2.04,0.75
1591,9.456000000000002e-05,2.04,0.75
1592,9.471999999999999e-05,2.04,0.77
1593,9.488000000000001e-05,2.12,0.75
1594,9.503999999999998e-05,2.12,0.77
1595,9.520000000000001e-05,2.12,0.77
1596,9.535999999999998e-05,2.12,0.77
1597,9.552000000000001e-05,2.12,0.79
1598,9.567999999999998e-05,2.12,0.79
1599,9.584e-05,2.12,0.79
1600,9.599999999999998e-05,2.2,0.81
1601,9.616e-05,2.2,0.79
1602,9.631999999999997e-05,2.2,0.81
1603,9.648e-05,2.2,0.81
1604,9.663999999999997e-05,2.2,0.8300000000000001
1605,9.68e-05,2.2,0.8300000000000001
1606,9.695999999999997e-05,2.2,0.8300000000000001
1607,9.711999999999999e-05,2.2800000000000002,0.85
1608,9.728000000000002e-05,2.2800000000000002,0.8300000000000001
1609,9.743999999999999e-05,2.2800000000000002,0.85
1610,9.760000000000001e-05,2.2800000000000002,0.87
1611,9.775999999999999e-05,2.36,0.85
1612,9.792000000000001e-05,2.2800000000000002,0.87
1613,9.807999999999998e-05,2.2800000000000002,0.89
1614,9.824000000000001e-05,2.2800000000000002,0.87
1615,9.839999999999998e-05,2.36,0.89
1616,9.856e-05,2.36,0.89
1617,9.871999999999998e-05,2.36,0.91
1618,9.888e-05,2.44,0.91
1619,9.903999999999997e-05,2.36,0.91
1620,9.92e-05,2.36,0.91
1621,9.935999999999997e-05,2.36,0.93
1622,9.952e-05,2.44,0.93
1623,9.967999999999997e-05,2.44,0.93
1624,9.983999999999999e-05,2.44,0.93
1625,0.00010000000000000002,2.44,0.9500000000000001
1626,0.00010015999999999999,2.44,0.9500000000000001
1627,0.00010032000000000002,2.44,0.97
1628,0.00010047999999999999,2.52,0.97
1629,0.00010064000000000001,-2.36,0.97
1630,0.00010079999999999998,-2.44,0.97
1631,0.00010096000000000001,-2.44,0.89
1632,0.00010111999999999998,-2.36,0.85
1633,0.00010128,-2.44,0.79
1634,0.00010143999999999998,-2.36,0.73
1635,0.0001016,-2.36,0.71
1636,0.00010175999999999997,-2.2800000000000002,0.67
1637,0.00010192,-2.36,0.61
1638,0.00010207999999999997,-2.36,0.5700000000000001
1639,0.00010224,-2.2800000000000002,0.53
1640,0.00010239999999999997,-2.2800000000000002,0.49
1641,0.00010256,-2.2800000000000002,0.43
1642,0.00010272000000000002,-2.2800000000000002,0.41000000000000003
1643,0.00010287999999999999,-2.2800000000000002,0.35000000000000003
1644,0.00010304000000000002,-2.2800000000000002,0.33
1645,0.00010319999999999999,-2.2800000000000002,0.29
1646,0.00010336000000000001,-2.2,0.27
1647,0.00010351999999999998,-2.2,0.23
1648,0.00010368000000000001,-2.2,0.21
1649,0.00010383999999999998,-2.2,0.17
1650,0.00010400000000000001,-2.12,0.15
1651,0.00010415999999999998,-2.12,0.11
1652,0.00010432,-2.12,0.09
1653,0.00010447999999999998,-2.12,0.05
1654,0.00010464,-2.12,0.03
1655,0.00010479999999999997,-2.12,0.01
1656,0.00010496,-2.12,-0.03
1657,0.00010511999999999997,-2.12,-0.05
1658,0.00010528,-2.12,-0.07
1659,0.00010543999999999997,-2.04,-0.11
1660,0.00010559999999999999,-2.04,-0.13
1661,0.00010576000000000002,-2.04,-0.15
1662,0.00010591999999999999,-2.04,-0.15
1663,0.00010608000000000001,-2.04,-0.17
1664,0.00010623999999999999,-2.04,-0.19
1665,0.00010640000000000001,-1.96,-0.21
1666,0.00010655999999999998,-1.96,-0.23
1667,0.00010672000000000001,-1.96,-0.25
1668,0.00010687999999999998,-1.96,-0.27
1669,0.00010704,-1.96,-0.29
1670,0.00010719999999999998,-1.96,-0.31
1671,0.00010736,-1.96,-0.31
1672,0.00010751999999999997,-1.8800000000000001,-0.33
1673,0.00010768,-1.8800000000000001,-0.35000000000000003
1674,0.00010783999999999997,-1.8800000000000001,-0.37
1675,0.000108,-1.8800000000000001,-0.37
1676,0.00010815999999999997,-1.8,-0.39
1677,0.00010831999999999999,-1.8800000000000001,-0.39
1678,0.00010848000000000002,-1.8800000000000001,-0.41000000000000003
1679,0.00010863999999999999,-1.8,-0.43
1680,0.00010880000000000002,-1.8,-0.43
1681,0.00010895999999999999,-1.8,-0.45
1682,0.00010912000000000001,-1.8,-0.45
1683,0.00010927999999999998,-1.8,-0.47000000000000003
1684,0.00010944000000000001,-1.72,-0.49
1685,0.00010959999999999998,-1.8,-0.49
1686,0.00010976,-1.72,-0.49
1687,0.00010991999999999998,-1.72,-0.51
1688,0.00011008,-1.72,-0.51
1689,0.00011023999999999997,-1.72,-0.53
1690,0.0001104,-1.72,-0.53
1691,0.00011055999999999997,-1.72,-0.53
1692,0.00011072,-1.6400000000000001,-0.53
1693,0.00011087999999999997,-1.6400000000000001,-0.55
1694,0.00011104,-1.6400000000000001,-0.55
1695,0.00011120000000000002,-1.56,-0.55
1696,0.00011135999999999999,-1.6400000000000001,-0.55
1697,0.00011152000000000002,-1.6400000000000001,-0.5700000000000001
1698,0.00011167999999999999,-1.6400000000000001,-0.5700000000000001
1699,0.00011184000000000001,-1.56,-0.59
1700,0.00011199999999999998,-1.56,-0.59
1701,0.00011216000000000001,-1.56,-0.59
1702,0.00011231999999999998,-1.56,-0.59
1703,0.00011248000000000001,-1.56,-0.59
1704,0.00011263999999999998,-1.56,-0.59
1705,0.0001128,-1.56,-0.61
1706,0.00011295999999999998,-1.56,-0.61
1707,0.00011312,-1.48,-0.61
1708,0.00011327999999999997,-1.4000000000000001,-0.61
1709,0.00011344,-1.48,-0.61
1710,0.00011359999999999997,-1.48,-0.61
1711,0.00011376,-1.48,-0.61
1712,0.00011391999999999997,-1.48,-0.63
1713,0.00011407999999999999,-1.48,-0.61
1714,0.00011424000000000002,-1.4000000000000001,-0.61
1715,0.00011439999999999999,-1.4000000000000001,-0.63
1716,0.00011456000000000001,-1.4000000000000001,-0.63
1717,0.00011471999999999999,-1.4000000000000001,-0.63
1718,0.00011488000000000001,-1.4000000000000001,-0.63
1719,0.00011503999999999998,-1.4000000000000001,-0.63
1720,0.00011520000000000001,-1.4000000000000001,-0.63
1721,0.00011535999999999998,-1.32,-0.63
1722,0.00011552,-1.32,-0.63
1723,0.00011567999999999998,-1.32,-0.63
1724,0.00011584,-1.32,-0.63
1725,0.00011599999999999997,-1.24,-0.63
1726,0.00011616,-1.32,-0.63
1727,0.00011631999999999997,-1.24,-0.63
1728,0.00011648,-1.24,-0.63
1729,0.00011663999999999997,-1.24,-0.63
1730,0.00011679999999999999,-1.24,-0.63
1731,0.00011696000000000002,-1.24,-0.63
1732,0.00011711999999999999,-1.24,-0.63
1733,0.00011728000000000002,-1.24,-0.63
1734,0.00011743999999999999,-1.24,-0.61
1735,0.00011760000000000001,-1.24,-0.63
1736,0.00011775999999999998,-1.16,-0.61
1737,0.00011792000000000001,-1.16,-0.61
1738,0.00011807999999999998,-1.08,-0.61
1739,0.00011824,-1.16,-0.61
1740,0.00011839999999999998,-1.16,-0.61
1741,0.00011856,-1.16,-0.61
1742,0.00011871999999999997,-1.16,-0.61
1743,0.00011888,-1.08,-0.61
1744,0.00011903999999999997,-1.08,-0.61
1745,0.0001192,-1.08,-0.59
1746,0.00011935999999999997,-1.08,-0.59
1747,0.00011952,-1.08,-0.61
1748,0.00011968000000000002,-1.08,-0.59
1749,0.00011983999999999999,-1.0,-0.59
1750,0.00012000000000000002,-1.08,-0.59
1751,0.00012015999999999999,-1.0,-0.59
1752,0.00012032000000000001,-1.0,-0.59
1753,0.00012047999999999998,-1.0,-0.59
1754,0.00012064000000000001,-0.92,-0.5700000000000001
1755,0.00012079999999999998,-1.0,-0.5700000000000001
1756,0.00012096000000000001,-1.0,-0.5700000000000001
1757,0.00012111999999999998,-1.0,-0.5700000000000001
1758,0.00012128,-0.92,-0.5700000000000001
1759,0.00012143999999999998,-0.92,-0.5700000000000001
1760,0.0001216,-0.92,-0.55
1761,0.00012175999999999997,-0.84,-0.55
1762,0.00012192,-0.84,-0.55
1763,0.00012207999999999997,-0.84,-0.55
1764,0.00012224,-0.84,-0.55
1765,0.00012239999999999997,-0.84,-0.53
1766,0.00012256,-0.84,-0.53
1767,0.00012272000000000002,-0.84,-0.53
1768,0.00012288,-0.84,-0.51
1769,0.00012304000000000001,-0.84,-0.53
1770,0.00012319999999999999,-0.76,-0.51
1771,0.00012336,-0.76,-0.51
1772,0.00012351999999999998,-0.68,-0.51
1773,0.00012368,-0.68,-0.51
1774,0.00012383999999999998,-0.76,-0.51
1775,0.000124,-0.76,-0.49
1776,0.00012415999999999998,-0.68,-0.49
1777,0.00012432,-0.76,-0.49
1778,0.00012447999999999997,-0.68,-0.49
1779,0.00012464,-0.68,-0.47000000000000003
1780,0.00012479999999999997,-0.68,-0.47000000000000003
1781,0.00012496,-0.68,-0.47000000000000003
1782,0.00012511999999999997,-0.68,-0.47000000000000003
1783,0.00012528,-0.6,-0.47000000000000003
1784,0.00012544000000000002,-0.6,-0.45
1785,0.0001256,-0.6,-0.45
1786,0.00012576000000000002,-0.6,-0.45
1787,0.00012592,-0.6,-0.43
1788,0.00012608,-0.6,-0.43
1789,0.00012623999999999998,-0.6,-0.43
1790,0.0001264,-0.6,-0.43
1791,0.00012655999999999998,-0.52,-0.43
1792,0.00012672,-0.52,-0.43
1793,0.00012687999999999998,-0.52,-0.43
1794,0.00012704,-0.52,-0.41000000000000003
1795,0.00012719999999999997,-0.52,-0.41000000000000003
1796,0.00012736,-0.52,-0.41000000000000003
1797,0.00012751999999999997,-0.52,-0.39
1798,0.00012768,-0.44,-0.41000000000000003
1799,0.00012783999999999997,-0.44,-0.39
1800,0.000128,-0.44,-0.39
1801,0.00012816000000000002,-0.44,-0.39
1802,0.00012832,-0.44,-0.37
1803,0.00012848000000000002,-0.36,-0.37
1804,0.00012864,-0.36,-0.37
1805,0.00012880000000000001,-0.36,-0.35000000000000003
1806,0.00012895999999999999,-0.36,-0.37
1807,0.00012912,-0.36,-0.35000000000000003
1808,0.00012927999999999998,-0.28,-0.35000000000000003
1809,0.00012944,-0.28,-0.33
1810,0.00012959999999999998,-0.36,-0.33
1811,0.00012976,-0.36,-0.33
1812,0.00012991999999999998,-0.28,-0.33
1813,0.00013008,-0.28,-0.33
1814,0.00013023999999999997,-0.28,-0.31
1815,0.0001304,-0.2,-0.31
1816,0.00013055999999999997,-0.28,-0.29
1817,0.00013072,-0.28,-0.29
1818,0.00013087999999999997,-0.2,-0.31
1819,0.00013104,-0.2,-0.29
1820,0.00013120000000000002,-0.2,-0.29
1821,0.00013136,-0.2,-0.29
1822,0.00013152000000000001,-0.2,-0.27
1823,0.00013167999999999999,-0.2,-0.27
1824,0.00013184,-0.12,-0.25
1825,0.00013199999999999998,-0.12,-0.25
1826,0.00013216,-0.12,-0.25
1827,0.00013231999999999998,-0.12,-0.25
1828,0.00013248,-0.12,-0.25
1829,0.00013263999999999998,-0.04,-0.23
1830,0.0001328,-0.04,-0.23
1831,0.00013295999999999997,-0.04,-0.23
1832,0.00013312,-0.04,-0.21
1833,0.00013327999999999997,-0.04,-0.21
1834,0.00013344,-0.04,-0.21
1835,0.00013359999999999997,-0.04,-0.21
1836,0.00013376,0.04,-0.19
1837,0.00013392000000000002,0.04,-0.19
1838,0.00013408,0.04,-0.19
1839,0.00013424000000000002,0.04,-0.19
1840,0.0001344,0.04,-0.17
1841,0.00013456,0.04,-0.17
1842,0.00013471999999999998,0.04,-0.17
1843,0.00013488,0.12,-0.17
1844,0.00013503999999999998,0.12,-0.15
1845,0.0001352,0.12,-0.15
1846,0.00013535999999999998,0.12,-0.15
1847,0.00013552,0.2,-0.15
1848,0.00013567999999999997,0.2,-0.13
1849,0.00013584,0.2,-0.13
1850,0.00013599999999999997,0.2,-0.13
1851,0.00013616,0.2,-0.13
1852,0.00013631999999999997,0.2,-0.11
1853,0.00013648,0.2,-0.13
1854,0.00013664000000000002,0.2,-0.11
1855,0.0001368,0.2,-0.11
1856,0.00013696000000000002,0.28,-0.09
1857,0.00013712,0.28,-0.09
1858,0.00013728000000000001,0.28,-0.09
1859,0.00013743999999999999,0.28,-0.07
1860,0.0001376,0.28,-0.09
1861,0.00013775999999999998,0.28,-0.07
1862,0.00013792,0.36,-0.07
1863,0.00013807999999999998,0.36,-0.07
1864,0.00013824,0.36,-0.05
1865,0.00013839999999999998,0.44,-0.05
1866,0.00013856,0.44,-0.05
1867,0.00013871999999999997,0.36,-0.03
1868,0.00013888,0.44,-0.03
1869,0.00013903999999999997,0.44,-0.03
1870,0.0001392,0.36,-0.03
1871,0.00013935999999999997,0.44,-0.03
1872,0.00013952,0.44,-0.01
1873,0.00013968000000000002,0.44,0.01
1874,0.00013984,0.44,-0.01
1875,0.00014000000000000001,0.52,0.01
1876,0.00014015999999999999,0.52,0.01
1877,0.00014032,0.52,0.01
1878,0.00014047999999999998,0.52,0.03
1879,0.00014064,0.52,0.03
1880,0.00014079999999999998,0.52,0.03
1881,0.00014096,0.6,0.05
1882,0.00014111999999999998,0.6,0.05
1883,0.00014128,0.6,0.05
1884,0.00014143999999999997,0.6,0.05
1885,0.0001416,0.6,0.07
1886,0.00014175999999999997,0.6,0.07
1887,0.00014192,0.6,0.09
1888,0.00014207999999999997,0.6,0.09
1889,0.00014224,0.6,0.09
1890,0.00014240000000000002,0.68,0.09
1891,0.00014256,0.68,0.11
1892,0.00014272000000000002,0.68,0.11
1893,0.00014288,0.76,0.11
1894,0.00014304,0.68,0.11
1895,0.00014319999999999998,0.68,0.13
1896,0.00014336,0.68,0.13
1897,0.00014351999999999998,0.76,0.13
1898,0.00014368,0.68,0.13
1899,0.00014383999999999998,0.76,0.15
1900,0.000144,0.76,0.15
1901,0.00014415999999999998,0.76,0.15
1902,0.00014432,0.76,0.17
1903,0.00014447999999999997,0.76,0.17
1904,0.00014464,0.76,0.17
1905,0.00014479999999999997,0.84,0.19
1906,0.00014496,0.84,0.17
1907,0.00014512000000000002,0.84,0.19
1908,0.00014528,0.92,0.19
1909,0.00014544000000000002,0.84,0.19
1910,0.0001456,0.92,0.21
1911,0.00014576000000000001,0.92,0.21
1912,0.00014591999999999999,0.92,0.21
1913,0.00014608,0.92,0.23
1914,0.00014623999999999998,1.0,0.23
1915,0.0001464,1.0,0.23
1916,0.00014655999999999998,1.0,0.23
1917,0.00014672,1.0,0.23
1918,0.00014687999999999998,1.0,0.25
1919,0.00014704,1.0,0.25
1920,0.00014719999999999997,1.0,0.25
1921,0.00014736,1.08,0.27
1922,0.00014751999999999997,1.0,0.27
1923,0.00014768,1.08,0.27
1924,0.00014783999999999997,1.08,0.27
1925,0.000148,1.08,0.27
1926,0.00014816000000000002,1.08,0.27
1927,0.00014832,1.08,0.29
1928,0.00014848000000000001,1.08,0.31
1929,0.00014863999999999999,1.08,0.31
1930,0.0001488,1.16,0.31
1931,0.00014895999999999998,1.16,0.33
1932,0.00014912,1.24,0.33
1933,0.00014927999999999998,1.16,0.33
1934,0.00014944,1.16,0.33
1935,0.00014959999999999998,1.16,0.33
1936,0.00014976,1.24,0.33
1937,0.00014991999999999997,1.24,0.35000000000000003
1938,0.00015008,1.24,0.37
1939,0.00015023999999999997,1.24,0.37
1940,0.0001504,1.24,0.37
1941,0.00015055999999999997,1.32,0.39
1942,0.00015072,1.24,0.37
1943,0.00015088000000000002,1.24,0.37
1944,0.00015104,1.32,0.39
1945,0.00015120000000000002,1.32,0.41000000000000003
1946,0.00015136,1.32,0.41000000000000003
1947,0.00015152,1.32,0.41000000000000003
1948,0.00015167999999999998,1.32,0.41000000000000003
1949,0.00015184,1.4000000000000001,0.41000000000000003
1950,0.00015199999999999998,1.4000000000000001,0.43
1951,0.00015216,1.4000000000000001,0.43
1952,0.00015231999999999998,1.4000000000000001,0.43
1953,0.00015248,1.4000000000000001,0.45
1954,0.00015263999999999998,1.4000000000000001,0.45
1955,0.0001528,1.4000000000000001,0.45
1956,0.00015295999999999997,1.48,0.47000000000000003
1957,0.00015312,1.4000000000000001,0.47000000000000003
1958,0.00015327999999999997,1.48,0.47000000000000003
1959,0.00015344,1.48,0.47000000000000003
1960,0.00015360000000000002,1.48,0.49
1961,0.00015376,1.48,0.49
1962,0.00015392000000000002,1.48,0.49
1963,0.00015408,1.56,0.51
1964,0.00015424000000000001,1.56,0.51
1965,0.00015439999999999999,1.56,0.51
1966,0.00015456,1.56,0.53
1967,0.00015471999999999998,1.56,0.53
1968,0.00015488,1.56,0.53
1969,0.00015503999999999998,1.56,0.53
1970,0.0001552,1.6400000000000001,0.55
1971,0.00015535999999999998,1.6400000000000001,0.55
1972,0.00015552,1.6400000000000001,0.55
1973,0.00015567999999999997,1.6400000000000001,0.55
1974,0.00015584,1.72,0.5700000000000001
1975,0.00015599999999999997,1.72,0.5700000000000001
1976,0.00015616,1.6400000000000001,0.5700000000000001
1977,0.00015631999999999997,1.72,0.59
1978,0.00015648,1.72,0.59
1979,0.00015664000000000002,1.72,0.59
1980,0.0001568,1.72,0.59
1981,0.00015696000000000002,1.8,0.59
1982,0.00015712,1.72,0.61
1983,0.00015728,1.8,0.61
1984,0.00015743999999999998,1.8,0.63
1985,0.0001576,1.8,0.63
1986,0.00015775999999999998,1.8,0.63
1987,0.00015792,1.8,0.65
1988,0.00015807999999999998,1.8,0.65
1989,0.00015824,1.8,0.65
1990,0.00015839999999999997,1.8800000000000001,0.65
1991,0.00015856,1.8800000000000001,0.67
1992,0.00015871999999999997,1.8800000000000001,0.67
1993,0.00015888,1.8800000000000001,0.67
1994,0.00015903999999999997,1.8800000000000001,0.6900000000000001
1995,0.0001592,1.8800000000000001,0.6900000000000001
1996,0.00015936000000000002,1.96,0.67
1997,0.00015952,1.96,0.71
1998,0.00015968000000000002,1.96,0.6900000000000001
1999,0.00015984,1.96,0.71
