,time,v1,v2
0,-0.00032,-1.08,-0.59
1,-0.00031968000000000003,-1.0,-0.59
2,-0.00031936000000000003,-1.08,-0.5700000000000001
3,-0.00031904000000000004,-1.0,-0.5700000000000001
4,-0.00031872000000000004,-1.0,-0.5700000000000001
5,-0.00031840000000000004,-1.0,-0.5700000000000001
6,-0.00031808000000000004,-1.0,-0.5700000000000001
7,-0.00031776000000000005,-0.92,-0.55
8,-0.00031744000000000005,-0.92,-0.55
9,-0.00031712,-0.92,-0.53
10,-0.0003168,-0.92,-0.53
11,-0.00031648,-0.84,-0.51
12,-0.00031616,-0.84,-0.51
13,-0.00031584,-0.84,-0.51
14,-0.00031552,-0.76,-0.51
15,-0.0003152,-0.84,-0.49
16,-0.00031488,-0.76,-0.49
17,-0.00031456,-0.76,-0.49
18,-0.00031424000000000003,-0.76,-0.49
19,-0.00031392000000000003,-0.76,-0.47000000000000003
20,-0.00031360000000000003,-0.76,-0.45
21,-0.00031328000000000004,-0.76,-0.45
22,-0.00031296000000000004,-0.68,-0.45
23,-0.00031264000000000004,-0.68,-0.43
24,-0.00031232000000000005,-0.68,-0.43
25,-0.00031200000000000005,-0.6,-0.43
26,-0.00031168000000000005,-0.68,-0.41000000000000003
27,-0.00031136,-0.68,-0.41000000000000003
28,-0.00031104,-0.6,-0.41000000000000003
29,-0.00031072,-0.6,-0.41000000000000003
30,-0.0003104,-0.6,-0.39
31,-0.00031008,-0.6,-0.39
32,-0.00030976,-0.52,-0.37
33,-0.00030944,-0.52,-0.35000000000000003
34,-0.00030912,-0.52,-0.35000000000000003
35,-0.0003088,-0.52,-0.35000000000000003
36,-0.00030848000000000003,-0.52,-0.35000000000000003
37,-0.00030816000000000003,-0.44,-0.33
38,-0.00030784000000000003,-0.44,-0.31
39,-0.00030752000000000004,-0.44,-0.31
40,-0.00030720000000000004,-0.44,-0.33
41,-0.00030688000000000004,-0.44,-0.29
42,-0.00030656000000000005,-0.36,-0.29
43,-0.00030624000000000005,-0.36,-0.29
44,-0.00030592,-0.36,-0.29
45,-0.0003056,-0.36,-0.27
46,-0.00030528,-0.36,-0.27
47,-0.00030496,-0.28,-0.27
48,-0.00030464,-0.2,-0.27
49,-0.00030432,-0.28,-0.25
50,-0.000304,-0.28,-0.25
51,-0.00030368,-0.28,-0.23
52,-0.00030336,-0.2,-0.21
53,-0.00030304,-0.2,-0.21
54,-0.00030272000000000003,-0.2,-0.21
55,-0.00030240000000000003,-0.2,-0.19
56,-0.00030208000000000004,-0.12,-0.19
57,-0.00030176000000000004,-0.12,-0.19
58,-0.00030144000000000004,-0.12,-0.19
59,-0.00030112000000000004,-0.12,-0.19
60,-0.00030080000000000005,-0.04,-0.17
61,-0.00030048000000000005,-0.12,-0.17
62,-0.00030016000000000005,-0.04,-0.15
63,-0.00029984,-0.04,-0.15
64,-0.00029952,0.04,-0.13
65,-0.0002992,-0.04,-0.13
66,-0.00029888,0.04,-0.11
67,-0.00029856,0.04,-0.11
68,-0.00029824,0.12,-0.11
69,-0.00029792,0.04,-0.11
70,-0.0002976,0.04,-0.09
71,-0.00029728,0.12,-0.07
72,-0.00029696000000000003,0.12,-0.07
73,-0.00029664000000000003,0.12,-0.07
74,-0.00029632000000000004,0.12,-0.05
75,-0.00029600000000000004,0.2,-0.05
76,-0.00029568000000000004,0.2,-0.05
77,-0.00029536000000000005,0.2,-0.03
78,-0.00029504000000000005,0.2,-0.03
79,-0.00029472000000000005,0.28,-0.03
80,-0.0002944,0.28,-0.01
81,-0.00029408,0.28,-0.01
82,-0.00029376,0.28,0.01
83,-0.00029344,0.28,0.01
84,-0.00029312,0.28,0.01
85,-0.0002928,0.28,0.01
86,-0.00029248,0.28,0.03
87,-0.00029216,0.36,0.03
88,-0.00029184,0.36,0.05
89,-0.00029152000000000003,0.36,0.05
90,-0.00029120000000000003,0.36,0.05
91,-0.00029088000000000003,0.44,0.05
92,-0.00029056000000000004,0.44,0.09
93,-0.00029024000000000004,0.44,0.09
94,-0.00028992000000000004,0.44,0.11
95,-0.00028960000000000005,0.52,0.09
96,-0.00028928000000000005,0.52,0.11
97,-0.00028896,0.52,0.11
98,-0.00028864000000000006,0.6,0.11
99,-0.00028832,0.52,0.13
100,-0.000288,0.6,0.13
101,-0.00028768,0.6,0.15
102,-0.00028736,0.6,0.15
103,-0.00028704,0.6,0.15
104,-0.00028672,0.68,0.17
105,-0.0002864,0.68,0.17
106,-0.00028608,0.6,0.17
107,-0.00028576000000000003,0.68,0.19
108,-0.00028544000000000003,0.68,0.19
109,-0.00028512000000000003,0.76,0.21
110,-0.00028480000000000004,0.68,0.21
111,-0.00028448000000000004,0.76,0.21
112,-0.00028416000000000004,0.76,0.23
113,-0.00028384000000000005,0.76,0.23
114,-0.00028352,0.76,0.23
115,-0.00028320000000000005,0.84,0.23
116,-0.00028288,0.84,0.27
117,-0.00028256,0.84,0.25
118,-0.00028224,0.84,0.27
119,-0.00028192,0.84,0.29
120,-0.0002816,0.92,0.27
121,-0.00028128,0.92,0.29
122,-0.00028096,0.92,0.29
123,-0.00028064,1.0,0.31
124,-0.00028032,0.92,0.31
125,-0.00028000000000000003,0.92,0.33
126,-0.00027968000000000003,1.0,0.33
127,-0.00027936000000000004,1.0,0.35000000000000003
128,-0.00027904000000000004,1.0,0.35000000000000003
129,-0.00027872000000000004,1.0,0.35000000000000003
130,-0.00027840000000000005,1.0,0.37
131,-0.00027808000000000005,1.0,0.37
132,-0.00027776000000000005,1.08,0.37
133,-0.00027744,1.08,0.39
134,-0.00027712,1.08,0.39
135,-0.0002768,1.08,0.41000000000000003
136,-0.00027648,1.16,0.41000000000000003
137,-0.00027616,1.16,0.41000000000000003
138,-0.00027584,1.24,0.41000000000000003
139,-0.00027552,1.16,0.43
140,-0.0002752,1.16,0.43
141,-0.00027488,1.24,0.45
142,-0.00027456000000000003,1.24,0.45
143,-0.00027424000000000003,1.32,0.45
144,-0.00027392000000000003,1.24,0.47000000000000003
145,-0.00027360000000000004,1.32,0.47000000000000003
146,-0.00027328000000000004,1.24,0.49
147,-0.00027296000000000004,1.32,0.49
148,-0.00027264000000000005,1.32,0.49
149,-0.00027232000000000005,1.32,0.51
150,-0.000272,1.32,0.51
151,-0.00027168000000000006,1.4000000000000001,0.53
152,-0.00027136,1.4000000000000001,0.53
153,-0.00027104,1.48,0.55
154,-0.00027072,1.4000000000000001,0.55
155,-0.0002704,1.48,0.55
156,-0.00027008,1.4000000000000001,0.5700000000000001
157,-0.00026976,1.48,0.5700000000000001
158,-0.00026944,1.48,0.5700000000000001
159,-0.00026912,1.48,0.59
160,-0.00026880000000000003,1.48,0.59
161,-0.00026848000000000003,1.56,0.59
162,-0.00026816000000000003,1.56,0.61
163,-0.00026784000000000004,1.56,0.61
164,-0.00026752000000000004,1.56,0.61
165,-0.00026720000000000004,1.56,0.63
166,-0.00026688000000000005,1.6400000000000001,0.63
167,-0.00026656,1.6400000000000001,0.65
168,-0.00026624000000000005,1.6400000000000001,0.65
169,-0.00026592,1.6400000000000001,0.67
170,-0.0002656,1.6400000000000001,0.67
171,-0.00026528,1.6400000000000001,0.67
172,-0.00026496,1.72,0.6900000000000001
173,-0.00026464,1.72,0.67
174,-0.00026432,1.8,0.6900000000000001
175,-0.000264,1.72,0.71
176,-0.00026368,1.72,0.71
177,-0.00026336,1.8,0.73
178,-0.00026304000000000003,1.8,0.71
179,-0.00026272000000000003,1.8,0.73
180,-0.00026240000000000004,1.8,0.73
181,-0.00026208000000000004,1.8,0.73
182,-0.00026176000000000004,1.8800000000000001,0.75
183,-0.00026144000000000004,1.8800000000000001,0.77
184,-0.00026112000000000005,1.8800000000000001,0.77
185,-0.00026080000000000005,1.8800000000000001,0.77
186,-0.00026048,1.8800000000000001,0.79
187,-0.00026016,1.96,0.79
188,-0.00025984,1.96,0.79
189,-0.00025952,1.96,0.81
190,-0.0002592,1.96,0.81
191,-0.00025888,1.96,0.81
192,-0.00025856,2.04,0.8300000000000001
193,-0.00025824,2.04,0.85
194,-0.00025792,2.04,0.8300000000000001
195,-0.00025760000000000003,2.04,0.85
196,-0.00025728000000000003,2.04,0.87
197,-0.00025696000000000003,2.12,0.87
198,-0.00025664000000000004,2.12,0.89
199,-0.00025632000000000004,2.12,0.87
200,-0.00025600000000000004,2.12,0.89
201,-0.00025568,2.12,0.91
202,-0.00025536000000000005,2.2,0.89
203,-0.00025504,2.2,0.91
204,-0.00025472000000000005,2.2,0.93
205,-0.0002544,2.2,0.93
206,-0.00025408,2.2,0.9500000000000001
207,-0.00025376,2.2800000000000002,0.9500000000000001
208,-0.00025344,2.2800000000000002,0.9500000000000001
209,-0.00025312,2.2800000000000002,0.9500000000000001
210,-0.0002528,2.2800000000000002,0.97
211,-0.00025248,2.2800000000000002,0.97
212,-0.00025216,2.36,0.97
213,-0.00025184000000000003,2.36,0.99
214,-0.00025152000000000003,2.44,0.99
215,-0.00025120000000000003,2.36,1.01
216,-0.00025088000000000004,2.36,1.01
217,-0.00025056000000000004,2.44,1.01
218,-0.00025024000000000004,2.44,1.03
219,-0.00024992000000000005,2.44,1.03
220,-0.0002496,2.44,1.05
221,-0.00024928000000000005,2.44,1.05
222,-0.00024896,2.52,0.9500000000000001
223,-0.00024864,2.52,0.87
224,-0.00024832,-2.44,0.77
225,-0.000248,-2.44,0.67
226,-0.00024768,-2.36,0.5700000000000001
227,-0.00024736,-2.36,0.51
228,-0.00024704,-2.2800000000000002,0.43
229,-0.00024672,-2.36,0.35000000000000003
230,-0.0002464,-2.36,0.27
231,-0.00024608000000000003,-2.2800000000000002,0.21
232,-0.00024576000000000003,-2.2800000000000002,0.15
233,-0.00024544000000000004,-2.2800000000000002,0.09
234,-0.00024512000000000004,-2.2800000000000002,0.03
235,-0.00024480000000000004,-2.2,-0.01
236,-0.00024448000000000004,-2.2,-0.07
237,-0.00024416,-2.2,-0.11
238,-0.00024384000000000002,-2.2,-0.15
239,-0.00024352000000000003,-2.2,-0.21
240,-0.00024320000000000003,-2.12,-0.23
241,-0.00024288,-2.12,-0.27
242,-0.00024256,-2.12,-0.31
243,-0.00024224,-2.12,-0.35000000000000003
244,-0.00024192000000000001,-2.04,-0.39
245,-0.00024160000000000002,-2.12,-0.41000000000000003
246,-0.00024128000000000002,-2.04,-0.43
247,-0.00024096000000000002,-2.04,-0.47000000000000003
248,-0.00024064000000000003,-2.04,-0.49
249,-0.00024032000000000003,-2.04,-0.51
250,-0.00024000000000000003,-1.96,-0.53
251,-0.00023968000000000004,-1.96,-0.55
252,-0.00023936000000000004,-1.8800000000000001,-0.5700000000000001
253,-0.00023904000000000004,-1.96,-0.59
254,-0.00023872000000000002,-1.96,-0.61
255,-0.00023840000000000002,-1.8800000000000001,-0.63
256,-0.00023808000000000002,-1.8800000000000001,-0.63
257,-0.00023776000000000003,-1.8800000000000001,-0.65
258,-0.00023744000000000003,-1.8,-0.65
259,-0.00023712,-1.8800000000000001,-0.67
260,-0.0002368,-1.8800000000000001,-0.67
261,-0.00023648,-1.8,-0.67
262,-0.00023616000000000002,-1.8,-0.6900000000000001
263,-0.00023584000000000002,-1.72,-0.6900000000000001
264,-0.00023552000000000002,-1.8,-0.71
265,-0.00023520000000000002,-1.72,-0.71
266,-0.00023488000000000003,-1.72,-0.71
267,-0.00023456000000000003,-1.72,-0.73
268,-0.00023424000000000003,-1.72,-0.73
269,-0.00023392000000000004,-1.72,-0.73
270,-0.00023360000000000004,-1.72,-0.73
271,-0.00023328000000000004,-1.6400000000000001,-0.73
272,-0.00023296000000000002,-1.6400000000000001,-0.75
273,-0.00023264000000000002,-1.6400000000000001,-0.75
274,-0.00023232000000000003,-1.6400000000000001,-0.73
275,-0.00023200000000000003,-1.6400000000000001,-0.73
276,-0.00023168,-1.56,-0.75
277,-0.00023136,-1.6400000000000001,-0.73
278,-0.00023104,-1.56,-0.75
279,-0.00023072000000000001,-1.56,-0.75
280,-0.00023040000000000002,-1.56,-0.73
281,-0.00023008000000000002,-1.56,-0.73
282,-0.00022976000000000002,-1.56,-0.75
283,-0.00022944000000000003,-1.48,-0.73
284,-0.00022912000000000003,-1.48,-0.73
285,-0.00022880000000000003,-1.48,-0.73
286,-0.00022848000000000004,-1.48,-0.73
287,-0.00022816000000000004,-1.48,-0.71
288,-0.00022784000000000004,-1.4000000000000001,-0.73
289,-0.00022752000000000004,-1.32,-0.71
290,-0.00022720000000000002,-1.4000000000000001,-0.71
291,-0.00022688000000000002,-1.4000000000000001,-0.71
292,-0.00022656000000000003,-1.32,-0.6900000000000001
293,-0.00022624000000000003,-1.32,-0.6900000000000001
294,-0.00022592,-1.24,-0.6900000000000001
295,-0.0002256,-1.32,-0.6900000000000001
296,-0.00022528,-1.32,-0.6900000000000001
297,-0.00022496000000000001,-1.32,-0.67
298,-0.00022464000000000002,-1.24,-0.67
299,-0.00022432000000000002,-1.24,-0.67
300,-0.00022400000000000002,-1.16,-0.65
301,-0.00022368000000000003,-1.24,-0.65
302,-0.00022336000000000003,-1.16,-0.65
303,-0.00022304000000000003,-1.24,-0.65
304,-0.00022272000000000004,-1.16,-0.65
305,-0.00022240000000000004,-1.24,-0.65
306,-0.00022208000000000004,-1.16,-0.63
307,-0.00022176000000000002,-1.16,-0.63
308,-0.00022144000000000002,-1.16,-0.61
309,-0.00022112000000000002,-1.08,-0.61
310,-0.00022080000000000003,-1.08,-0.61
311,-0.00022048000000000003,-1.08,-0.61
312,-0.00022016,-1.08,-0.61
313,-0.00021984,-1.08,-0.59
314,-0.00021952,-1.08,-0.59
315,-0.00021920000000000002,-1.0,-0.59
316,-0.00021888000000000002,-1.0,-0.5700000000000001
317,-0.00021856000000000002,-1.0,-0.5700000000000001
318,-0.00021824000000000002,-1.0,-0.5700000000000001
319,-0.00021792000000000003,-1.0,-0.55
320,-0.00021760000000000003,-0.92,-0.55
321,-0.00021728000000000003,-0.92,-0.55
322,-0.00021696000000000004,-0.92,-0.53
323,-0.00021664000000000004,-0.92,-0.53
324,-0.00021632000000000004,-0.84,-0.53
325,-0.00021600000000000002,-0.84,-0.51
326,-0.00021568000000000002,-0.84,-0.51
327,-0.00021536000000000003,-0.84,-0.49
328,-0.00021504000000000003,-0.84,-0.49
329,-0.00021472,-0.84,-0.49
330,-0.0002144,-0.84,-0.47000000000000003
331,-0.00021408,-0.76,-0.47000000000000003
332,-0.00021376,-0.76,-0.47000000000000003
333,-0.00021344000000000002,-0.76,-0.45
334,-0.00021312000000000002,-0.76,-0.45
335,-0.00021280000000000002,-0.76,-0.43
336,-0.00021248000000000003,-0.68,-0.43
337,-0.00021216000000000003,-0.68,-0.43
338,-0.00021184000000000003,-0.68,-0.41000000000000003
339,-0.00021152000000000003,-0.68,-0.41000000000000003
340,-0.00021120000000000004,-0.68,-0.41000000000000003
341,-0.00021088000000000004,-0.6,-0.39
342,-0.00021056000000000004,-0.6,-0.41000000000000003
343,-0.00021024000000000002,-0.6,-0.39
344,-0.00020992000000000002,-0.6,-0.37
345,-0.00020960000000000003,-0.52,-0.37
346,-0.00020928000000000003,-0.52,-0.37
347,-0.00020896,-0.52,-0.35000000000000003
348,-0.00020864,-0.52,-0.35000000000000003
349,-0.00020832,-0.52,-0.35000000000000003
350,-0.00020800000000000001,-0.44,-0.33
351,-0.00020768000000000002,-0.44,-0.33
352,-0.00020736000000000002,-0.44,-0.31
353,-0.00020704000000000002,-0.44,-0.31
354,-0.00020672000000000003,-0.44,-0.29
355,-0.00020640000000000003,-0.36,-0.29
356,-0.00020608000000000003,-0.36,-0.29
357,-0.00020576000000000004,-0.36,-0.27
358,-0.00020544000000000004,-0.36,-0.27
359,-0.00020512000000000004,-0.28,-0.27
360,-0.00020480000000000002,-0.28,-0.25
361,-0.00020448000000000002,-0.28,-0.25
362,-0.00020416000000000002,-0.28,-0.23
363,-0.00020384000000000003,-0.2,-0.23
364,-0.00020352000000000003,-0.2,-0.23
365,-0.0002032,-0.28,-0.23
366,-0.00020288,-0.2,-0.21
367,-0.00020256,-0.2,-0.21
368,-0.00020224000000000002,-0.2,-0.19
369,-0.00020192000000000002,-0.2,-0.19
370,-0.00020160000000000002,-0.12,-0.17
371,-0.00020128000000000002,-0.12,-0.17
372,-0.00020096000000000003,-0.12,-0.15
373,-0.00020064000000000003,-0.12,-0.15
374,-0.00020032000000000003,-0.12,-0.15
375,-0.00020000000000000004,-0.04,-0.15
376,-0.00019968000000000004,-0.04,-0.13
377,-0.00019936000000000004,-0.04,-0.13
378,-0.00019904000000000002,-0.04,-0.13
379,-0.00019872000000000002,0.04,-0.11
380,-0.00019840000000000002,0.04,-0.11
381,-0.00019808000000000003,0.04,-0.11
382,-0.00019776000000000003,0.04,-0.09
383,-0.00019744000000000003,0.12,-0.09
384,-0.00019712,0.12,-0.07
385,-0.0001968,0.12,-0.07
386,-0.00019648000000000002,0.12,-0.07
387,-0.00019616000000000002,0.12,-0.07
388,-0.00019584000000000002,0.12,-0.05
389,-0.00019552000000000003,0.2,-0.05
390,-0.00019520000000000003,0.2,-0.05
391,-0.00019488000000000003,0.2,-0.03
392,-0.00019456000000000003,0.2,-0.01
393,-0.00019424,0.2,-0.01
394,-0.00019392000000000001,0.2,0.01
395,-0.00019360000000000002,0.36,-0.01
396,-0.00019328000000000002,0.28,0.01
397,-0.00019296000000000002,0.28,0.03
398,-0.00019264000000000003,0.28,0.03
399,-0.00019232000000000003,0.36,0.03
400,-0.00019200000000000003,0.36,0.03
401,-0.00019168000000000004,0.36,0.05
402,-0.00019136,0.36,0.05
403,-0.00019104000000000001,0.44,0.07
404,-0.00019072000000000002,0.44,0.07
405,-0.00019040000000000002,0.44,0.09
406,-0.00019008000000000002,0.44,0.09
407,-0.00018976000000000003,0.44,0.09
408,-0.00018944000000000003,0.52,0.11
409,-0.00018912000000000003,0.52,0.11
410,-0.00018880000000000004,0.52,0.11
411,-0.00018848,0.52,0.13
412,-0.00018816000000000001,0.52,0.13
413,-0.00018784000000000002,0.52,0.15
414,-0.00018752000000000002,0.6,0.15
415,-0.00018720000000000002,0.6,0.15
416,-0.00018688000000000003,0.6,0.17
417,-0.00018656000000000003,0.68,0.17
418,-0.00018624000000000003,0.6,0.19
419,-0.00018592000000000004,0.68,0.19
420,-0.0001856,0.68,0.19
421,-0.00018528000000000001,0.68,0.19
422,-0.00018496000000000002,0.68,0.21
423,-0.00018464000000000002,0.68,0.21
424,-0.00018432000000000002,0.76,0.23
425,-0.00018400000000000003,0.76,0.23
426,-0.00018368000000000003,0.76,0.23
427,-0.00018336000000000003,0.76,0.25
428,-0.00018304000000000004,0.84,0.25
429,-0.00018272,0.84,0.25
430,-0.00018240000000000002,0.84,0.27
431,-0.00018208000000000002,0.92,0.27
432,-0.00018176000000000002,0.84,0.27
433,-0.00018144000000000002,0.84,0.29
434,-0.00018112000000000003,0.92,0.29
435,-0.00018080000000000003,0.92,0.31
436,-0.00018048000000000003,0.92,0.31
437,-0.00018016,0.92,0.31
438,-0.00017984,0.92,0.31
439,-0.00017952000000000002,0.92,0.33
440,-0.00017920000000000002,1.0,0.35000000000000003
441,-0.00017888000000000002,1.0,0.35000000000000003
442,-0.00017856000000000003,1.0,0.35000000000000003
443,-0.00017824000000000003,1.08,0.35000000000000003
444,-0.00017792000000000003,1.08,0.37
445,-0.00017760000000000003,1.08,0.37
446,-0.00017728,1.16,0.39
447,-0.00017696,1.08,0.39
448,-0.00017664000000000002,1.08,0.41000000000000003
449,-0.00017632000000000002,1.08,0.41000000000000003
450,-0.00017600000000000002,1.16,0.41000000000000003
451,-0.00017568000000000003,1.16,0.41000000000000003
452,-0.00017536000000000003,1.16,0.43
453,-0.00017504000000000003,1.24,0.43
454,-0.00017472000000000003,1.24,0.45
455,-0.0001744,1.24,0.45
456,-0.00017408000000000001,1.24,0.45
457,-0.00017376000000000002,1.24,0.47000000000000003
458,-0.00017344000000000002,1.24,0.47000000000000003
459,-0.00017312000000000002,1.32,0.49
460,-0.00017280000000000003,1.32,0.49
461,-0.00017248000000000003,1.32,0.51
462,-0.00017216000000000003,1.4000000000000001,0.51
463,-0.00017184000000000004,1.4000000000000001,0.51
464,-0.00017152,1.4000000000000001,0.53
465,-0.00017120000000000001,1.4000000000000001,0.53
466,-0.00017088000000000002,1.4000000000000001,0.53
467,-0.00017056000000000002,1.4000000000000001,0.55
468,-0.00017024000000000002,1.48,0.55
469,-0.00016992000000000003,1.48,0.55
470,-0.00016960000000000003,1.48,0.5700000000000001
471,-0.00016928000000000003,1.48,0.5700000000000001
472,-0.00016896000000000004,1.48,0.5700000000000001
473,-0.00016864,1.56,0.59
474,-0.00016832000000000001,1.56,0.61
475,-0.00016800000000000002,1.56,0.61
476,-0.00016768000000000002,1.56,0.61
477,-0.00016736000000000002,1.56,0.63
478,-0.00016704000000000003,1.6400000000000001,0.63
479,-0.00016672000000000003,1.56,0.63
480,-0.00016640000000000003,1.6400000000000001,0.65
481,-0.00016608000000000004,1.6400000000000001,0.65
482,-0.00016576,1.6400000000000001,0.67
483,-0.00016544000000000002,1.6400000000000001,0.67
484,-0.00016512000000000002,1.72,0.67
485,-0.00016480000000000002,1.72,0.67
486,-0.00016448000000000002,1.72,0.6900000000000001
487,-0.00016416000000000003,1.72,0.71
488,-0.00016384000000000003,1.72,0.71
489,-0.00016352000000000003,1.8,0.73
490,-0.0001632,1.8,0.71
491,-0.00016288,1.8,0.73
492,-0.00016256000000000002,1.8,0.73
493,-0.00016224000000000002,1.8,0.73
494,-0.00016192000000000002,1.8800000000000001,0.75
495,-0.00016160000000000002,1.8800000000000001,0.75
496,-0.00016128000000000003,1.8800000000000001,0.77
497,-0.00016096000000000003,1.8800000000000001,0.77
498,-0.00016064000000000003,1.96,0.77
499,-0.00016032,1.8800000000000001,0.79
500,-0.00016,1.96,0.79
501,-0.00015968000000000002,1.96,0.81
502,-0.00015936000000000002,1.96,0.81
503,-0.00015904000000000002,1.96,0.8300000000000001
504,-0.00015872000000000003,2.04,0.8300000000000001
505,-0.00015840000000000003,2.04,0.85
506,-0.00015808000000000003,2.04,0.85
507,-0.00015776000000000003,2.04,0.85
508,-0.00015744,2.12,0.85
509,-0.00015712000000000001,2.04,0.87
510,-0.00015680000000000002,2.12,0.87
511,-0.00015648000000000002,2.12,0.87
512,-0.00015616000000000002,2.12,0.89
513,-0.00015584000000000003,2.12,0.89
514,-0.00015552000000000003,2.2,0.91
515,-0.00015520000000000003,2.2,0.91
516,-0.00015488000000000004,2.2,0.91
517,-0.00015456,2.2,0.93
518,-0.00015424000000000001,2.2,0.93
519,-0.00015392000000000002,2.2800000000000002,0.9500000000000001
520,-0.00015360000000000002,2.2800000000000002,0.9500000000000001
521,-0.00015328000000000002,2.2800000000000002,0.9500000000000001
522,-0.00015296000000000003,2.2800000000000002,0.97
523,-0.00015264000000000003,2.36,0.97
524,-0.00015232000000000003,2.2800000000000002,0.97
525,-0.00015200000000000004,2.36,0.99
526,-0.00015168,2.36,0.99
527,-0.00015136000000000001,2.36,1.01
528,-0.00015104000000000002,2.44,1.01
529,-0.00015072000000000002,2.44,1.01
530,-0.00015040000000000002,2.44,1.03
531,-0.00015008000000000003,2.44,1.03
532,-0.00014976000000000003,2.44,1.03
533,-0.00014944000000000003,2.44,1.05
534,-0.00014912000000000004,2.44,1.05
535,-0.0001488,2.52,0.93
536,-0.00014848000000000001,-2.52,0.81
537,-0.00014816000000000002,-2.44,0.71
538,-0.00014784000000000002,-2.44,0.63
539,-0.00014752000000000002,-2.36,0.55
540,-0.00014720000000000003,-2.36,0.45
541,-0.00014688000000000003,-2.36,0.39
542,-0.00014656000000000003,-2.36,0.31
543,-0.00014624,-2.2800000000000002,0.23
544,-0.00014592,-2.2800000000000002,0.17
545,-0.00014560000000000002,-2.2800000000000002,0.11
546,-0.00014528000000000002,-2.2800000000000002,0.05
547,-0.00014496000000000002,-2.2800000000000002,0.01
548,-0.00014464000000000002,-2.2800000000000002,-0.03
549,-0.00014432000000000003,-2.2,-0.09
550,-0.00014400000000000003,-2.2,-0.15
551,-0.00014368000000000003,-2.2,-0.17
552,-0.00014336,-2.12,-0.23
553,-0.00014304,-2.12,-0.27
554,-0.00014272000000000002,-2.12,-0.29
555,-0.00014240000000000002,-2.12,-0.33
556,-0.00014208000000000002,-2.04,-0.35000000000000003
557,-0.00014176000000000003,-2.12,-0.39
558,-0.00014144000000000003,-2.04,-0.43
559,-0.00014112000000000003,-2.04,-0.45
560,-0.00014080000000000003,-1.96,-0.47000000000000003
561,-0.00014048,-2.04,-0.51
562,-0.00014016,-2.04,-0.51
563,-0.00013984000000000002,-1.96,-0.55
564,-0.00013952000000000002,-1.96,-0.5700000000000001
565,-0.00013920000000000002,-1.96,-0.5700000000000001
566,-0.00013888000000000003,-1.96,-0.59
567,-0.00013856000000000003,-1.96,-0.61
568,-0.00013824000000000003,-1.8800000000000001,-0.63
569,-0.00013792000000000003,-1.8800000000000001,-0.65
570,-0.0001376,-1.8800000000000001,-0.65
571,-0.00013728000000000001,-1.8800000000000001,-0.67
572,-0.00013696000000000002,-1.8800000000000001,-0.67
573,-0.00013664000000000002,-1.8800000000000001,-0.6900000000000001
574,-0.00013632000000000002,-1.8800000000000001,-0.67
575,-0.00013600000000000003,-1.8,-0.6900000000000001
576,-0.00013568000000000003,-1.8,-0.6900000000000001
577,-0.00013536000000000003,-1.8,-0.71
578,-0.00013504000000000004,-1.72,-0.71
579,-0.00013472,-1.8,-0.71
580,-0.00013440000000000001,-1.72,-0.73
581,-0.00013408000000000002,-1.72,-0.73
582,-0.00013376000000000002,-1.72,-0.73
583,-0.00013344000000000002,-1.72,-0.73
584,-0.00013312000000000003,-1.72,-0.73
585,-0.00013280000000000003,-1.6400000000000001,-0.73
586,-0.00013248000000000003,-1.6400000000000001,-0.73
587,-0.00013216000000000004,-1.6400000000000001,-0.73
588,-0.00013184,-1.6400000000000001,-0.73
589,-0.00013152000000000001,-1.6400000000000001,-0.73
590,-0.00013120000000000002,-1.56,-0.73
591,-0.00013088000000000002,-1.56,-0.73
592,-0.00013056000000000002,-1.56,-0.73
593,-0.00013024000000000003,-1.56,-0.73
594,-0.00012992000000000003,-1.56,-0.73
595,-0.00012960000000000003,-1.56,-0.73
596,-0.00012928,-1.48,-0.73
597,-0.00012896,-1.48,-0.73
598,-0.00012864000000000002,-1.48,-0.73
599,-0.00012832000000000002,-1.48,-0.71
600,-0.00012800000000000002,-1.4000000000000001,-0.71
601,-0.00012768000000000002,-1.4000000000000001,-0.71
602,-0.00012736000000000003,-1.4000000000000001,-0.71
603,-0.00012704000000000003,-1.4000000000000001,-0.71
604,-0.00012672000000000003,-1.4000000000000001,-0.71
605,-0.0001264,-1.32,-0.71
606,-0.00012608,-1.32,-0.6900000000000001
607,-0.00012576000000000002,-1.32,-0.6900000000000001
608,-0.00012544000000000002,-1.32,-0.67
609,-0.00012512000000000002,-1.32,-0.67
610,-0.00012480000000000002,-1.32,-0.67
611,-0.00012448000000000003,-1.32,-0.67
612,-0.00012416000000000003,-1.24,-0.67
613,-0.00012384000000000003,-1.24,-0.67
614,-0.00012352,-1.24,-0.65
615,-0.0001232,-1.24,-0.65
616,-0.00012288000000000002,-1.24,-0.65
617,-0.00012256000000000002,-1.16,-0.65
618,-0.00012224000000000002,-1.16,-0.65
619,-0.00012192000000000003,-1.16,-0.63
620,-0.00012160000000000003,-1.16,-0.63
621,-0.00012128000000000003,-1.16,-0.61
622,-0.00012096000000000003,-1.08,-0.61
623,-0.00012064000000000001,-1.16,-0.61
624,-0.00012032000000000001,-1.08,-0.61
625,-0.00012000000000000002,-1.0,-0.59
626,-0.00011968000000000002,-1.08,-0.59
627,-0.00011936000000000002,-1.08,-0.5700000000000001
628,-0.00011904000000000003,-1.0,-0.5700000000000001
629,-0.00011872000000000003,-1.0,-0.5700000000000001
630,-0.00011840000000000003,-1.0,-0.5700000000000001
631,-0.00011808000000000003,-1.0,-0.55
632,-0.00011776000000000001,-0.92,-0.55
633,-0.00011744000000000001,-0.92,-0.55
634,-0.00011712000000000002,-0.92,-0.53
635,-0.00011680000000000002,-0.92,-0.53
636,-0.00011648000000000002,-0.84,-0.53
637,-0.00011616000000000003,-0.84,-0.51
638,-0.00011584000000000003,-0.84,-0.51
639,-0.00011552000000000003,-0.84,-0.51
640,-0.00011520000000000004,-0.84,-0.49
641,-0.00011488000000000001,-0.84,-0.49
642,-0.00011456000000000001,-0.76,-0.49
643,-0.00011424000000000002,-0.76,-0.47000000000000003
644,-0.00011392000000000002,-0.76,-0.47000000000000003
645,-0.00011360000000000002,-0.76,-0.45
646,-0.00011328000000000003,-0.76,-0.45
647,-0.00011296000000000003,-0.76,-0.45
648,-0.00011264000000000003,-0.68,-0.43
649,-0.00011232000000000001,-0.68,-0.43
650,-0.00011200000000000001,-0.68,-0.41000000000000003
651,-0.00011168000000000001,-0.68,-0.41000000000000003
652,-0.00011136000000000002,-0.68,-0.41000000000000003
653,-0.00011104000000000002,-0.6,-0.39
654,-0.00011072000000000002,-0.6,-0.39
655,-0.00011040000000000003,-0.6,-0.39
656,-0.00011008000000000003,-0.6,-0.37
657,-0.00010976000000000003,-0.52,-0.37
658,-0.00010944000000000001,-0.52,-0.35000000000000003
659,-0.00010912000000000001,-0.52,-0.35000000000000003
660,-0.00010880000000000002,-0.52,-0.33
661,-0.00010848000000000002,-0.52,-0.33
662,-0.00010816000000000002,-0.52,-0.33
663,-0.00010784000000000002,-0.44,-0.33
664,-0.00010752000000000003,-0.44,-0.31
665,-0.00010720000000000003,-0.44,-0.31
666,-0.00010688000000000003,-0.44,-0.31
667,-0.00010656000000000001,-0.44,-0.31
668,-0.00010624000000000001,-0.36,-0.29
669,-0.00010592000000000002,-0.36,-0.27
670,-0.00010560000000000002,-0.28,-0.27
671,-0.00010528000000000002,-0.36,-0.27
672,-0.00010496000000000003,-0.28,-0.27
673,-0.00010464000000000003,-0.28,-0.25
674,-0.00010432000000000003,-0.2,-0.25
675,-0.00010400000000000003,-0.28,-0.25
676,-0.00010368000000000001,-0.28,-0.23
677,-0.00010336000000000001,-0.2,-0.23
678,-0.00010304000000000002,-0.2,-0.21
679,-0.00010272000000000002,-0.2,-0.21
680,-0.00010240000000000002,-0.2,-0.21
681,-0.00010208000000000003,-0.2,-0.21
682,-0.00010176000000000003,-0.2,-0.19
683,-0.00010144000000000003,-0.12,-0.17
684,-0.00010112000000000003,-0.12,-0.17
685,-0.00010080000000000001,-0.12,-0.15
686,-0.00010048000000000001,-0.04,-0.17
687,-0.00010016000000000002,-0.04,-0.15
688,-9.984000000000002e-05,-0.04,-0.15
689,-9.952000000000002e-05,-0.04,-0.15
690,-9.920000000000003e-05,0.04,-0.13
691,-9.888000000000003e-05,-0.04,-0.11
692,-9.856000000000003e-05,-0.04,-0.11
693,-9.824000000000001e-05,0.04,-0.11
694,-9.792000000000001e-05,0.04,-0.11
695,-9.760000000000001e-05,0.04,-0.09
696,-9.728000000000002e-05,0.12,-0.09
697,-9.696000000000002e-05,0.12,-0.09
698,-9.664000000000002e-05,0.12,-0.07
699,-9.632000000000003e-05,0.12,-0.07
700,-9.600000000000003e-05,0.12,-0.05
701,-9.568000000000003e-05,0.2,-0.03
702,-9.536000000000001e-05,0.2,-0.03
703,-9.504000000000001e-05,0.2,-0.03
704,-9.472000000000001e-05,0.28,-0.03
705,-9.440000000000002e-05,0.2,-0.01
706,-9.408000000000002e-05,0.28,-0.01
707,-9.376000000000002e-05,0.28,-0.01
708,-9.344000000000003e-05,0.28,0.01
709,-9.312000000000003e-05,0.28,0.01
710,-9.280000000000003e-05,0.28,0.03
711,-9.248000000000001e-05,0.28,0.03
712,-9.216000000000001e-05,0.36,0.03
713,-9.184000000000002e-05,0.36,0.05
714,-9.152000000000002e-05,0.44,0.07
715,-9.120000000000002e-05,0.36,0.05
716,-9.088000000000002e-05,0.44,0.07
717,-9.056000000000003e-05,0.44,0.07
718,-9.024000000000003e-05,0.44,0.09
719,-8.992000000000003e-05,0.44,0.09
720,-8.960000000000001e-05,0.44,0.09
721,-8.928000000000001e-05,0.52,0.11
722,-8.896000000000002e-05,0.52,0.13
723,-8.864000000000002e-05,0.52,0.13
724,-8.832000000000002e-05,0.52,0.13
725,-8.800000000000002e-05,0.52,0.13
726,-8.768000000000003e-05,0.6,0.15
727,-8.736000000000003e-05,0.6,0.17
728,-8.704000000000003e-05,0.6,0.15
729,-8.672000000000001e-05,0.6,0.17
730,-8.640000000000001e-05,0.6,0.17
731,-8.608000000000002e-05,0.6,0.19
732,-8.576000000000002e-05,0.68,0.19
733,-8.544000000000002e-05,0.68,0.19
734,-8.512000000000003e-05,0.68,0.21
735,-8.480000000000003e-05,0.68,0.21
736,-8.448000000000003e-05,0.68,0.21
737,-8.416000000000003e-05,0.76,0.21
738,-8.384000000000001e-05,0.76,0.23
739,-8.352000000000001e-05,0.76,0.25
740,-8.320000000000002e-05,0.76,0.25
741,-8.288000000000002e-05,0.84,0.25
742,-8.256000000000002e-05,0.84,0.27
743,-8.224000000000003e-05,0.84,0.27
744,-8.192000000000003e-05,0.92,0.27
745,-8.160000000000003e-05,0.84,0.29
746,-8.128000000000001e-05,0.84,0.29
747,-8.096000000000001e-05,0.92,0.29
748,-8.064000000000001e-05,0.92,0.31
749,-8.032000000000002e-05,0.92,0.31
750,-8.000000000000002e-05,0.92,0.33
751,-7.968000000000002e-05,1.0,0.31
752,-7.936000000000003e-05,0.92,0.35000000000000003
753,-7.904000000000003e-05,1.0,0.35000000000000003
754,-7.872000000000003e-05,1.0,0.35000000000000003
755,-7.840000000000001e-05,1.0,0.35000000000000003
756,-7.808000000000001e-05,1.08,0.37
757,-7.776000000000001e-05,1.08,0.37
758,-7.744000000000002e-05,1.16,0.39
759,-7.712000000000002e-05,1.08,0.37
760,-7.680000000000002e-05,1.08,0.41000000000000003
761,-7.648000000000003e-05,1.16,0.41000000000000003
762,-7.616000000000003e-05,1.16,0.41000000000000003
763,-7.584000000000003e-05,1.16,0.41000000000000003
764,-7.552000000000004e-05,1.16,0.43
765,-7.520000000000004e-05,1.16,0.43
766,-7.488000000000004e-05,1.24,0.45
767,-7.456000000000005e-05,1.24,0.45
768,-7.424e-05,1.24,0.47000000000000003
769,-7.392e-05,1.24,0.47000000000000003
770,-7.36e-05,1.32,0.47000000000000003
771,-7.328e-05,1.32,0.49
772,-7.296e-05,1.32,0.49
773,-7.264000000000001e-05,1.32,0.49
774,-7.232000000000001e-05,1.32,0.51
775,-7.200000000000002e-05,1.4000000000000001,0.51
776,-7.168000000000002e-05,1.32,0.53
777,-7.136000000000002e-05,1.4000000000000001,0.51
778,-7.104000000000002e-05,1.4000000000000001,0.53
779,-7.072000000000003e-05,1.4000000000000001,0.55
780,-7.040000000000003e-05,1.4000000000000001,0.55
781,-7.008000000000003e-05,1.48,0.55
782,-6.976000000000004e-05,1.48,0.5700000000000001
783,-6.944000000000004e-05,1.48,0.5700000000000001
784,-6.912000000000004e-05,1.48,0.59
785,-6.880000000000005e-05,1.56,0.59
786,-6.848e-05,1.56,0.59
787,-6.816e-05,1.56,0.61
788,-6.784e-05,1.56,0.61
789,-6.752e-05,1.56,0.63
790,-6.720000000000001e-05,1.56,0.61
791,-6.688000000000001e-05,1.56,0.63
792,-6.656000000000001e-05,1.56,0.63
793,-6.624000000000002e-05,1.6400000000000001,0.65
794,-6.592000000000002e-05,1.6400000000000001,0.67
795,-6.560000000000002e-05,1.6400000000000001,0.67
796,-6.528000000000003e-05,1.72,0.67
797,-6.496000000000003e-05,1.72,0.6900000000000001
798,-6.464000000000003e-05,1.72,0.67
799,-6.432000000000003e-05,1.72,0.6900000000000001
800,-6.400000000000004e-05,1.72,0.71
801,-6.368000000000004e-05,1.72,0.71
802,-6.336000000000004e-05,1.8,0.73
803,-6.304000000000005e-05,1.8,0.73
804,-6.272e-05,1.8,0.73
805,-6.24e-05,1.8,0.75
806,-6.208e-05,1.8,0.75
807,-6.176e-05,1.8800000000000001,0.75
808,-6.144000000000001e-05,1.8800000000000001,0.77
809,-6.112000000000001e-05,1.8800000000000001,0.77
810,-6.0800000000000014e-05,1.8800000000000001,0.77
811,-6.048000000000002e-05,1.8800000000000001,0.79
812,-6.016000000000002e-05,1.96,0.79
813,-5.984000000000002e-05,1.96,0.79
814,-5.9520000000000026e-05,2.04,0.81
815,-5.920000000000003e-05,1.96,0.8300000000000001
816,-5.888000000000003e-05,1.96,0.8300000000000001
817,-5.8560000000000036e-05,2.04,0.8300000000000001
818,-5.824000000000004e-05,2.04,0.8300000000000001
819,-5.792000000000004e-05,2.04,0.8300000000000001
820,-5.7600000000000045e-05,2.04,0.85
821,-5.7279999999999994e-05,2.04,0.85
822,-5.696e-05,2.12,0.87
823,-5.664e-05,2.12,0.87
824,-5.632e-05,2.12,0.87
825,-5.6000000000000006e-05,2.2,0.89
826,-5.568000000000001e-05,2.2,0.89
827,-5.536000000000001e-05,2.2,0.91
828,-5.5040000000000015e-05,2.2,0.91
829,-5.472000000000002e-05,2.2,0.93
830,-5.440000000000002e-05,2.2,0.93
831,-5.4080000000000024e-05,2.2,0.93
832,-5.376000000000003e-05,2.2800000000000002,0.93
833,-5.344000000000003e-05,2.2800000000000002,0.9500000000000001
834,-5.3120000000000034e-05,2.2800000000000002,0.9500000000000001
835,-5.2800000000000037e-05,2.2800000000000002,0.97
836,-5.248000000000004e-05,2.2800000000000002,0.97
837,-5.216000000000004e-05,2.2800000000000002,0.97
838,-5.1840000000000046e-05,2.36,0.99
839,-5.1519999999999995e-05,2.36,0.99
840,-5.12e-05,2.36,0.99
841,-5.088e-05,2.36,1.01
842,-5.0560000000000004e-05,2.36,1.01
843,-5.024000000000001e-05,2.44,1.03
844,-4.992000000000001e-05,2.44,1.03
845,-4.960000000000001e-05,2.44,1.05
846,-4.9280000000000016e-05,2.44,1.05
847,-4.896000000000002e-05,2.52,0.97
848,-4.864000000000002e-05,2.52,0.87
849,-4.8320000000000025e-05,-2.44,0.77
850,-4.800000000000003e-05,-2.44,0.67
851,-4.768000000000003e-05,-2.44,0.59
852,-4.7360000000000034e-05,-2.36,0.51
853,-4.704000000000004e-05,-2.36,0.43
854,-4.672000000000004e-05,-2.36,0.35000000000000003
855,-4.6400000000000044e-05,-2.36,0.27
856,-4.608000000000005e-05,-2.36,0.21
857,-4.5759999999999996e-05,-2.2800000000000002,0.15
858,-4.544e-05,-2.2800000000000002,0.09
859,-4.512e-05,-2.2800000000000002,0.03
860,-4.4800000000000005e-05,-2.2800000000000002,-0.03
861,-4.448000000000001e-05,-2.2,-0.07
862,-4.416000000000001e-05,-2.2,-0.13
863,-4.3840000000000014e-05,-2.2,-0.15
864,-4.352000000000002e-05,-2.2,-0.19
865,-4.320000000000002e-05,-2.12,-0.25
866,-4.288000000000002e-05,-2.12,-0.29
867,-4.2560000000000026e-05,-2.04,-0.31
868,-4.224000000000003e-05,-2.12,-0.35000000000000003
869,-4.192000000000003e-05,-2.12,-0.39
870,-4.1600000000000035e-05,-2.04,-0.41000000000000003
871,-4.128000000000004e-05,-2.04,-0.43
872,-4.096000000000004e-05,-2.04,-0.47000000000000003
873,-4.0640000000000045e-05,-2.04,-0.49
874,-4.0319999999999993e-05,-1.96,-0.51
875,-3.9999999999999996e-05,-2.04,-0.53
876,-3.968e-05,-1.96,-0.55
877,-3.936e-05,-1.96,-0.5700000000000001
878,-3.9040000000000006e-05,-1.96,-0.59
879,-3.872000000000001e-05,-1.96,-0.61
880,-3.840000000000001e-05,-1.96,-0.63
881,-3.8080000000000015e-05,-1.8800000000000001,-0.63
882,-3.776000000000002e-05,-1.96,-0.65
883,-3.744000000000002e-05,-1.8800000000000001,-0.65
884,-3.7120000000000024e-05,-1.8800000000000001,-0.67
885,-3.680000000000003e-05,-1.8800000000000001,-0.6900000000000001
886,-3.648000000000003e-05,-1.8800000000000001,-0.6900000000000001
887,-3.616000000000003e-05,-1.8,-0.6900000000000001
888,-3.5840000000000036e-05,-1.72,-0.6900000000000001
889,-3.552000000000004e-05,-1.8,-0.71
890,-3.520000000000004e-05,-1.72,-0.71
891,-3.4880000000000046e-05,-1.72,-0.71
892,-3.4559999999999994e-05,-1.72,-0.73
893,-3.424e-05,-1.72,-0.73
894,-3.392e-05,-1.72,-0.73
895,-3.3600000000000004e-05,-1.72,-0.73
896,-3.328000000000001e-05,-1.6400000000000001,-0.73
897,-3.296000000000001e-05,-1.6400000000000001,-0.73
898,-3.264000000000001e-05,-1.6400000000000001,-0.73
899,-3.2320000000000016e-05,-1.6400000000000001,-0.75
900,-3.200000000000002e-05,-1.6400000000000001,-0.75
901,-3.168000000000002e-05,-1.6400000000000001,-0.73
902,-3.1360000000000025e-05,-1.56,-0.75
903,-3.104000000000003e-05,-1.56,-0.75
904,-3.072000000000003e-05,-1.56,-0.73
905,-3.0400000000000034e-05,-1.56,-0.73
906,-3.0080000000000037e-05,-1.56,-0.73
907,-2.976000000000004e-05,-1.48,-0.73
908,-2.9440000000000043e-05,-1.48,-0.73
909,-2.9120000000000046e-05,-1.48,-0.73
910,-2.8799999999999995e-05,-1.48,-0.73
911,-2.848e-05,-1.48,-0.73
912,-2.816e-05,-1.48,-0.73
913,-2.7840000000000005e-05,-1.4000000000000001,-0.71
914,-2.7520000000000008e-05,-1.32,-0.71
915,-2.720000000000001e-05,-1.4000000000000001,-0.71
916,-2.6880000000000014e-05,-1.4000000000000001,-0.71
917,-2.6560000000000017e-05,-1.32,-0.71
918,-2.624000000000002e-05,-1.4000000000000001,-0.6900000000000001
919,-2.5920000000000023e-05,-1.32,-0.6900000000000001
920,-2.5600000000000026e-05,-1.32,-0.6900000000000001
921,-2.528000000000003e-05,-1.32,-0.6900000000000001
922,-2.4960000000000032e-05,-1.32,-0.6900000000000001
923,-2.4640000000000035e-05,-1.24,-0.67
924,-2.4320000000000038e-05,-1.24,-0.67
925,-2.400000000000004e-05,-1.24,-0.67
926,-2.3680000000000044e-05,-1.16,-0.67
927,-2.3359999999999993e-05,-1.24,-0.65
928,-2.3039999999999996e-05,-1.16,-0.65
929,-2.272e-05,-1.16,-0.65
930,-2.2400000000000002e-05,-1.16,-0.63
931,-2.2080000000000005e-05,-1.16,-0.63
932,-2.176000000000001e-05,-1.16,-0.63
933,-2.144000000000001e-05,-1.08,-0.63
934,-2.1120000000000015e-05,-1.08,-0.63
935,-2.0800000000000018e-05,-1.08,-0.61
936,-2.048000000000002e-05,-1.0,-0.61
937,-2.0160000000000024e-05,-1.08,-0.61
938,-1.9840000000000027e-05,-1.08,-0.59
939,-1.952000000000003e-05,-1.0,-0.5700000000000001
940,-1.9200000000000033e-05,-1.0,-0.5700000000000001
941,-1.8880000000000036e-05,-1.0,-0.5700000000000001
942,-1.856000000000004e-05,-1.0,-0.5700000000000001
943,-1.8240000000000042e-05,-0.92,-0.5700000000000001
944,-1.7920000000000045e-05,-0.92,-0.55
945,-1.7599999999999994e-05,-1.0,-0.55
946,-1.7279999999999997e-05,-0.92,-0.53
947,-1.696e-05,-0.92,-0.53
948,-1.6640000000000003e-05,-0.92,-0.53
949,-1.6320000000000006e-05,-0.84,-0.51
950,-1.600000000000001e-05,-0.84,-0.51
951,-1.5680000000000013e-05,-0.84,-0.51
952,-1.5360000000000016e-05,-0.76,-0.51
953,-1.5040000000000019e-05,-0.84,-0.49
954,-1.4720000000000022e-05,-0.76,-0.49
955,-1.4400000000000025e-05,-0.76,-0.49
956,-1.4080000000000028e-05,-0.68,-0.47000000000000003
957,-1.3760000000000031e-05,-0.76,-0.47000000000000003
958,-1.3440000000000034e-05,-0.76,-0.45
959,-1.3120000000000037e-05,-0.68,-0.45
960,-1.280000000000004e-05,-0.76,-0.43
961,-1.2480000000000043e-05,-0.68,-0.43
962,-1.2160000000000046e-05,-0.68,-0.43
963,-1.1839999999999995e-05,-0.68,-0.43
964,-1.1519999999999998e-05,-0.68,-0.41000000000000003
965,-1.1200000000000001e-05,-0.6,-0.41000000000000003
966,-1.0880000000000004e-05,-0.6,-0.39
967,-1.0560000000000007e-05,-0.6,-0.39
968,-1.024000000000001e-05,-0.6,-0.39
969,-9.920000000000013e-06,-0.6,-0.39
970,-9.600000000000017e-06,-0.52,-0.35000000000000003
971,-9.28000000000002e-06,-0.52,-0.35000000000000003
972,-8.960000000000023e-06,-0.52,-0.35000000000000003
973,-8.640000000000026e-06,-0.52,-0.35000000000000003
974,-8.320000000000029e-06,-0.44,-0.33
975,-8.000000000000032e-06,-0.44,-0.33
976,-7.680000000000035e-06,-0.36,-0.33
977,-7.360000000000038e-06,-0.36,-0.31
978,-7.040000000000041e-06,-0.44,-0.31
979,-6.720000000000044e-06,-0.44,-0.31
980,-6.399999999999993e-06,-0.36,-0.29
981,-6.079999999999996e-06,-0.36,-0.29
982,-5.759999999999999e-06,-0.36,-0.29
983,-5.440000000000002e-06,-0.36,-0.27
984,-5.120000000000005e-06,-0.36,-0.27
985,-4.800000000000008e-06,-0.28,-0.25
986,-4.480000000000011e-06,-0.28,-0.25
987,-4.160000000000014e-06,-0.28,-0.25
988,-3.8400000000000174e-06,-0.28,-0.23
989,-3.5200000000000205e-06,-0.2,-0.23
990,-3.2000000000000236e-06,-0.28,-0.23
991,-2.8800000000000266e-06,-0.2,-0.21
992,-2.5600000000000297e-06,-0.2,-0.19
993,-2.2400000000000328e-06,-0.2,-0.19
994,-1.920000000000036e-06,-0.12,-0.19
995,-1.6000000000000389e-06,-0.12,-0.19
996,-1.280000000000042e-06,-0.04,-0.17
997,-9.60000000000045e-07,-0.12,-0.17
998,-6.399999999999939e-07,-0.04,-0.15
999,-3.1999999999999694e-07,-0.04,-0.15
1000,0.0,-0.04,-0.15
1001,3.1999999999999694e-07,0.04,-0.15
1002,6.399999999999939e-07,-0.04,-0.13
1003,9.599999999999908e-07,0.04,-0.13
1004,1.2799999999999877e-06,0.04,-0.11
1005,1.5999999999999847e-06,0.04,-0.11
1006,1.9199999999999816e-06,0.04,-0.11
1007,2.2399999999999786e-06,0.04,-0.09
1008,2.5599999999999755e-06,0.04,-0.09
1009,2.8799999999999724e-06,0.12,-0.07
1010,3.1999999999999694e-06,0.12,-0.07
1011,3.5199999999999663e-06,0.12,-0.07
1012,3.839999999999963e-06,0.12,-0.07
1013,4.15999999999996e-06,0.12,-0.05
1014,4.479999999999957e-06,0.12,-0.05
1015,4.799999999999954e-06,0.2,-0.03
1016,5.120000000000005e-06,0.2,-0.03
1017,5.440000000000002e-06,0.2,-0.01
1018,5.759999999999999e-06,0.2,-0.01
1019,6.079999999999996e-06,0.2,-0.01
1020,6.399999999999993e-06,0.28,0.01
1021,6.71999999999999e-06,0.28,0.01
1022,7.039999999999987e-06,0.28,0.03
1023,7.359999999999984e-06,0.28,0.01
1024,7.67999999999998e-06,0.36,0.03
1025,7.999999999999978e-06,0.36,0.03
1026,8.319999999999975e-06,0.36,0.05
1027,8.639999999999971e-06,0.36,0.07
1028,8.959999999999968e-06,0.36,0.07
1029,9.279999999999965e-06,0.44,0.07
1030,9.599999999999962e-06,0.44,0.09
1031,9.91999999999996e-06,0.44,0.09
1032,1.0239999999999956e-05,0.44,0.11
1033,1.0560000000000007e-05,0.44,0.11
1034,1.0880000000000004e-05,0.52,0.11
1035,1.1200000000000001e-05,0.52,0.13
1036,1.1519999999999998e-05,0.52,0.13
1037,1.1839999999999995e-05,0.52,0.13
1038,1.2159999999999992e-05,0.6,0.13
1039,1.2479999999999989e-05,0.6,0.15
1040,1.2799999999999986e-05,0.6,0.15
1041,1.3119999999999983e-05,0.6,0.15
1042,1.343999999999998e-05,0.6,0.17
1043,1.3759999999999977e-05,0.6,0.17
1044,1.4079999999999974e-05,0.68,0.19
1045,1.439999999999997e-05,0.68,0.19
1046,1.4719999999999967e-05,0.68,0.19
1047,1.5039999999999964e-05,0.68,0.21
1048,1.535999999999996e-05,0.76,0.23
1049,1.5679999999999958e-05,0.76,0.21
1050,1.5999999999999955e-05,0.76,0.21
1051,1.6320000000000006e-05,0.76,0.23
1052,1.6640000000000003e-05,0.76,0.25
1053,1.696e-05,0.84,0.25
1054,1.7279999999999997e-05,0.84,0.25
1055,1.7599999999999994e-05,0.84,0.27
1056,1.791999999999999e-05,0.84,0.27
1057,1.8239999999999988e-05,0.84,0.27
1058,1.8559999999999985e-05,0.84,0.27
1059,1.8879999999999982e-05,0.92,0.29
1060,1.919999999999998e-05,0.92,0.29
1061,1.9519999999999976e-05,0.92,0.31
1062,1.9839999999999973e-05,0.92,0.31
1063,2.015999999999997e-05,0.92,0.31
1064,2.0479999999999967e-05,0.92,0.33
1065,2.0799999999999963e-05,1.0,0.33
1066,2.111999999999996e-05,1.0,0.35000000000000003
1067,2.1439999999999957e-05,1.08,0.35000000000000003
1068,2.1759999999999954e-05,1.08,0.37
1069,2.2080000000000005e-05,1.08,0.37
1070,2.2400000000000002e-05,1.08,0.37
1071,2.272e-05,1.08,0.37
1072,2.3039999999999996e-05,1.08,0.39
1073,2.3359999999999993e-05,1.08,0.41000000000000003
1074,2.367999999999999e-05,1.16,0.41000000000000003
1075,2.3999999999999987e-05,1.16,0.41000000000000003
1076,2.4319999999999984e-05,1.16,0.43
1077,2.463999999999998e-05,1.24,0.43
1078,2.4959999999999978e-05,1.24,0.43
1079,2.5279999999999975e-05,1.16,0.45
1080,2.5599999999999972e-05,1.24,0.45
1081,2.591999999999997e-05,1.24,0.47000000000000003
1082,2.6239999999999966e-05,1.24,0.47000000000000003
1083,2.6559999999999963e-05,1.24,0.47000000000000003
1084,2.687999999999996e-05,1.32,0.49
1085,2.7199999999999956e-05,1.32,0.51
1086,2.7520000000000008e-05,1.32,0.49
1087,2.7840000000000005e-05,1.32,0.51
1088,2.816e-05,1.32,0.51
1089,2.848e-05,1.4000000000000001,0.51
1090,2.8799999999999995e-05,1.48,0.53
1091,2.9119999999999992e-05,1.4000000000000001,0.53
1092,2.943999999999999e-05,1.4000000000000001,0.55
1093,2.9759999999999986e-05,1.4000000000000001,0.5700000000000001
1094,3.0079999999999983e-05,1.4000000000000001,0.5700000000000001
1095,3.039999999999998e-05,1.48,0.55
1096,3.071999999999998e-05,1.48,0.5700000000000001
1097,3.1039999999999974e-05,1.48,0.59
1098,3.135999999999997e-05,1.48,0.59
1099,3.167999999999997e-05,1.56,0.61
1100,3.1999999999999965e-05,1.56,0.61
1101,3.231999999999996e-05,1.56,0.61
1102,3.263999999999996e-05,1.56,0.63
1103,3.2959999999999955e-05,1.56,0.63
1104,3.328000000000001e-05,1.6400000000000001,0.65
1105,3.3600000000000004e-05,1.6400000000000001,0.65
1106,3.392e-05,1.6400000000000001,0.65
1107,3.424e-05,1.6400000000000001,0.67
1108,3.4559999999999994e-05,1.6400000000000001,0.67
1109,3.487999999999999e-05,1.72,0.6900000000000001
1110,3.519999999999999e-05,1.8,0.6900000000000001
1111,3.5519999999999985e-05,1.72,0.6900000000000001
1112,3.583999999999998e-05,1.72,0.6900000000000001
1113,3.615999999999998e-05,1.72,0.71
1114,3.6479999999999976e-05,1.8,0.71
1115,3.679999999999997e-05,1.8,0.71
1116,3.711999999999997e-05,1.8,0.73
1117,3.743999999999997e-05,1.8,0.73
1118,3.7759999999999964e-05,1.8,0.75
1119,3.807999999999996e-05,1.8800000000000001,0.75
1120,3.839999999999996e-05,1.8800000000000001,0.75
1121,3.8719999999999955e-05,1.8800000000000001,0.77
1122,3.9040000000000006e-05,1.8800000000000001,0.77
1123,3.936e-05,1.8800000000000001,0.77
1124,3.968e-05,1.8800000000000001,0.79
1125,3.9999999999999996e-05,1.8800000000000001,0.79
1126,4.0319999999999993e-05,1.96,0.81
1127,4.063999999999999e-05,1.96,0.81
1128,4.095999999999999e-05,1.96,0.81
1129,4.1279999999999984e-05,1.96,0.8300000000000001
1130,4.159999999999998e-05,1.96,0.8300000000000001
1131,4.191999999999998e-05,2.04,0.85
1132,4.2239999999999975e-05,2.04,0.85
1133,4.255999999999997e-05,2.12,0.85
1134,4.287999999999997e-05,2.04,0.87
1135,4.3199999999999966e-05,2.12,0.87
1136,4.351999999999996e-05,2.12,0.89
1137,4.383999999999996e-05,2.12,0.87
1138,4.415999999999996e-05,2.12,0.89
1139,4.448000000000001e-05,2.12,0.91
1140,4.4800000000000005e-05,2.2,0.93
1141,4.512e-05,2.2,0.91
1142,4.544e-05,2.2,0.93
1143,4.5759999999999996e-05,2.2,0.93
1144,4.607999999999999e-05,2.2,0.9500000000000001
1145,4.639999999999999e-05,2.2800000000000002,0.9500000000000001
1146,4.6719999999999986e-05,2.2800000000000002,0.9500000000000001
1147,4.703999999999998e-05,2.2800000000000002,0.97
1148,4.735999999999998e-05,2.2800000000000002,0.97
1149,4.767999999999998e-05,2.36,0.97
1150,4.7999999999999974e-05,2.36,0.99
1151,4.831999999999997e-05,2.36,0.99
1152,4.863999999999997e-05,2.36,1.01
1153,4.8959999999999965e-05,2.36,1.01
1154,4.927999999999996e-05,2.36,1.01
1155,4.959999999999996e-05,2.44,1.03
1156,4.9919999999999956e-05,2.44,1.03
1157,5.024000000000001e-05,2.52,1.03
1158,5.0560000000000004e-05,2.44,1.05
1159,5.088e-05,2.44,1.05
1160,5.12e-05,2.52,0.93
1161,5.1519999999999995e-05,-2.44,0.81
1162,5.183999999999999e-05,-2.44,0.73
1163,5.215999999999999e-05,-2.44,0.63
1164,5.2479999999999985e-05,-2.44,0.55
1165,5.279999999999998e-05,-2.36,0.47000000000000003
1166,5.311999999999998e-05,-2.36,0.39
1167,5.3439999999999976e-05,-2.2800000000000002,0.29
1168,5.375999999999997e-05,-2.36,0.25
1169,5.407999999999997e-05,-2.2800000000000002,0.17
1170,5.439999999999997e-05,-2.2800000000000002,0.13
1171,5.4719999999999964e-05,-2.2800000000000002,0.07
1172,5.503999999999996e-05,-2.2800000000000002,0.01
1173,5.535999999999996e-05,-2.2800000000000002,-0.05
1174,5.5679999999999955e-05,-2.2,-0.09
1175,5.6000000000000006e-05,-2.2,-0.15
1176,5.632e-05,-2.2,-0.19
1177,5.664e-05,-2.12,-0.21
1178,5.696e-05,-2.12,-0.25
1179,5.7279999999999994e-05,-2.12,-0.29
1180,5.759999999999999e-05,-2.12,-0.33
1181,5.791999999999999e-05,-2.12,-0.37
1182,5.8239999999999984e-05,-2.12,-0.39
1183,5.855999999999998e-05,-2.12,-0.41000000000000003
1184,5.887999999999998e-05,-2.04,-0.45
1185,5.9199999999999975e-05,-2.04,-0.47000000000000003
1186,5.951999999999997e-05,-1.96,-0.49
1187,5.983999999999997e-05,-2.04,-0.53
1188,6.0159999999999966e-05,-1.96,-0.53
1189,6.047999999999996e-05,-2.04,-0.55
1190,6.079999999999996e-05,-1.96,-0.5700000000000001
1191,6.111999999999996e-05,-1.96,-0.59
1192,6.144000000000001e-05,-1.96,-0.61
1193,6.176e-05,-1.8800000000000001,-0.63
1194,6.208e-05,-1.8800000000000001,-0.65
1195,6.24e-05,-1.8800000000000001,-0.65
1196,6.272e-05,-1.8800000000000001,-0.67
1197,6.303999999999999e-05,-1.8800000000000001,-0.67
1198,6.335999999999999e-05,-1.8800000000000001,-0.6900000000000001
1199,6.367999999999999e-05,-1.8,-0.6900000000000001
1200,6.399999999999998e-05,-1.8,-0.6900000000000001
1201,6.431999999999998e-05,-1.72,-0.71
1202,6.463999999999998e-05,-1.8,-0.71
1203,6.495999999999997e-05,-1.72,-0.71
1204,6.527999999999997e-05,-1.72,-0.71
1205,6.559999999999997e-05,-1.72,-0.73
1206,6.591999999999997e-05,-1.72,-0.73
1207,6.623999999999996e-05,-1.72,-0.73
1208,6.655999999999996e-05,-1.72,-0.73
1209,6.687999999999996e-05,-1.6400000000000001,-0.73
1210,6.720000000000001e-05,-1.6400000000000001,-0.75
1211,6.752e-05,-1.56,-0.73
1212,6.784e-05,-1.6400000000000001,-0.75
1213,6.816e-05,-1.56,-0.73
1214,6.848e-05,-1.6400000000000001,-0.75
1215,6.879999999999999e-05,-1.56,-0.73
1216,6.911999999999999e-05,-1.56,-0.75
1217,6.943999999999999e-05,-1.48,-0.73
1218,6.975999999999998e-05,-1.56,-0.73
1219,7.007999999999998e-05,-1.48,-0.73
1220,7.039999999999998e-05,-1.48,-0.73
1221,7.071999999999997e-05,-1.48,-0.73
1222,7.103999999999997e-05,-1.48,-0.73
1223,7.135999999999997e-05,-1.48,-0.73
1224,7.167999999999996e-05,-1.48,-0.73
1225,7.199999999999996e-05,-1.48,-0.71
1226,7.231999999999996e-05,-1.4000000000000001,-0.71
1227,7.263999999999996e-05,-1.4000000000000001,-0.71
1228,7.296e-05,-1.32,-0.71
1229,7.328e-05,-1.32,-0.71
1230,7.36e-05,-1.32,-0.6900000000000001
1231,7.392e-05,-1.32,-0.6900000000000001
1232,7.424e-05,-1.32,-0.6900000000000001
1233,7.455999999999999e-05,-1.32,-0.6900000000000001
1234,7.487999999999999e-05,-1.24,-0.6900000000000001
1235,7.519999999999998e-05,-1.32,-0.6900000000000001
1236,7.551999999999998e-05,-1.24,-0.67
1237,7.583999999999998e-05,-1.16,-0.67
1238,7.615999999999998e-05,-1.24,-0.67
1239,7.647999999999997e-05,-1.24,-0.65
1240,7.679999999999997e-05,-1.16,-0.67
1241,7.711999999999997e-05,-1.16,-0.65
1242,7.743999999999996e-05,-1.16,-0.65
1243,7.775999999999996e-05,-1.16,-0.65
1244,7.807999999999996e-05,-1.16,-0.63
1245,7.840000000000001e-05,-1.16,-0.63
1246,7.872e-05,-1.08,-0.61
1247,7.904e-05,-1.08,-0.61
1248,7.936e-05,-1.08,-0.61
1249,7.968e-05,-1.08,-0.59
1250,7.999999999999999e-05,-1.08,-0.59
1251,8.031999999999999e-05,-1.08,-0.59
1252,8.063999999999999e-05,-1.0,-0.5700000000000001
1253,8.095999999999998e-05,-1.0,-0.5700000000000001
1254,8.127999999999998e-05,-1.0,-0.5700000000000001
1255,8.159999999999998e-05,-1.0,-0.5700000000000001
1256,8.191999999999997e-05,-1.0,-0.55
1257,8.223999999999997e-05,-1.0,-0.55
1258,8.255999999999997e-05,-0.92,-0.55
1259,8.287999999999997e-05,-0.92,-0.53
1260,8.319999999999996e-05,-0.92,-0.51
1261,8.351999999999996e-05,-0.92,-0.51
1262,8.383999999999996e-05,-0.84,-0.51
1263,8.416000000000001e-05,-0.84,-0.51
1264,8.448e-05,-0.84,-0.49
1265,8.48e-05,-0.84,-0.49
1266,8.512e-05,-0.84,-0.49
1267,8.544e-05,-0.76,-0.49
1268,8.575999999999999e-05,-0.68,-0.47000000000000003
1269,8.607999999999999e-05,-0.76,-0.47000000000000003
1270,8.639999999999999e-05,-0.76,-0.45
1271,8.671999999999998e-05,-0.76,-0.45
1272,8.703999999999998e-05,-0.68,-0.45
1273,8.735999999999998e-05,-0.68,-0.43
1274,8.767999999999997e-05,-0.6,-0.43
1275,8.799999999999997e-05,-0.68,-0.43
1276,8.831999999999997e-05,-0.68,-0.41000000000000003
1277,8.863999999999996e-05,-0.68,-0.41000000000000003
1278,8.895999999999996e-05,-0.6,-0.41000000000000003
1279,8.927999999999996e-05,-0.6,-0.39
1280,8.959999999999996e-05,-0.6,-0.37
1281,8.992e-05,-0.52,-0.37
1282,9.024e-05,-0.6,-0.37
1283,9.056e-05,-0.52,-0.37
1284,9.088e-05,-0.52,-0.37
1285,9.12e-05,-0.52,-0.35000000000000003
1286,9.151999999999999e-05,-0.52,-0.33
1287,9.183999999999999e-05,-0.52,-0.33
1288,9.215999999999998e-05,-0.52,-0.33
1289,9.247999999999998e-05,-0.44,-0.31
1290,9.279999999999998e-05,-0.44,-0.31
1291,9.311999999999998e-05,-0.44,-0.31
1292,9.343999999999997e-05,-0.44,-0.29
1293,9.375999999999997e-05,-0.36,-0.29
1294,9.407999999999997e-05,-0.36,-0.27
1295,9.439999999999996e-05,-0.36,-0.27
1296,9.471999999999996e-05,-0.36,-0.27
1297,9.503999999999996e-05,-0.36,-0.25
1298,9.536000000000001e-05,-0.28,-0.25
1299,9.568e-05,-0.28,-0.25
1300,9.6e-05,-0.28,-0.25
1301,9.632e-05,-0.28,-0.23
1302,9.664e-05,-0.2,-0.21
1303,9.696e-05,-0.2,-0.23
1304,9.727999999999999e-05,-0.12,-0.21
1305,9.759999999999999e-05,-0.2,-0.21
1306,9.791999999999998e-05,-0.2,-0.19
1307,9.823999999999998e-05,-0.12,-0.19
1308,9.855999999999998e-05,-0.12,-0.17
1309,9.887999999999997e-05,-0.12,-0.17
1310,9.919999999999997e-05,-0.12,-0.17
1311,9.951999999999997e-05,-0.12,-0.15
1312,9.983999999999997e-05,-0.04,-0.15
1313,0.00010015999999999996,-0.04,-0.15
1314,0.00010047999999999996,-0.04,-0.13
1315,0.00010079999999999996,-0.04,-0.13
1316,0.00010112000000000001,-0.04,-0.13
1317,0.00010144,0.04,-0.11
1318,0.00010176,0.04,-0.11
1319,0.00010208,0.04,-0.11
1320,0.0001024,0.04,-0.09
1321,0.00010271999999999999,0.04,-0.07
1322,0.00010303999999999999,0.12,-0.07
1323,0.00010335999999999999,0.12,-0.07
1324,0.00010367999999999998,0.12,-0.07
1325,0.00010399999999999998,0.12,-0.05
1326,0.00010431999999999998,0.12,-0.05
1327,0.00010463999999999997,0.2,-0.03
1328,0.00010495999999999997,0.28,-0.03
1329,0.00010527999999999997,0.2,-0.01
1330,0.00010559999999999996,0.28,-0.01
1331,0.00010591999999999996,0.2,-0.01
1332,0.00010623999999999996,0.28,0.01
1333,0.00010656000000000001,0.28,0.01
1334,0.00010688,0.28,0.03
1335,0.0001072,0.28,0.03
1336,0.00010752,0.28,0.03
1337,0.00010784,0.36,0.05
1338,0.00010816,0.36,0.05
1339,0.00010847999999999999,0.36,0.05
1340,0.00010879999999999999,0.36,0.07
1341,0.00010911999999999999,0.44,0.07
1342,0.00010943999999999998,0.44,0.07
1343,0.00010975999999999998,0.44,0.09
1344,0.00011007999999999998,0.44,0.09
1345,0.00011039999999999997,0.44,0.11
1346,0.00011071999999999997,0.52,0.09
1347,0.00011103999999999997,0.52,0.11
1348,0.00011135999999999996,0.52,0.13
1349,0.00011167999999999996,0.52,0.13
1350,0.00011199999999999996,0.52,0.15
1351,0.00011232000000000001,0.6,0.13
1352,0.00011264,0.6,0.15
1353,0.00011296,0.6,0.15
1354,0.00011328,0.6,0.17
1355,0.0001136,0.6,0.17
1356,0.00011392,0.68,0.17
1357,0.00011423999999999999,0.68,0.19
1358,0.00011455999999999999,0.68,0.19
1359,0.00011487999999999998,0.68,0.19
1360,0.00011519999999999998,0.68,0.21
1361,0.00011551999999999998,0.68,0.21
1362,0.00011583999999999998,0.68,0.23
1363,0.00011615999999999997,0.76,0.23
1364,0.00011647999999999997,0.76,0.25
1365,0.00011679999999999997,0.76,0.25
1366,0.00011711999999999996,0.76,0.25
1367,0.00011743999999999996,0.84,0.27
1368,0.00011775999999999996,0.84,0.27
1369,0.00011808000000000001,0.84,0.27
1370,0.0001184,0.92,0.27
1371,0.00011872,0.84,0.29
1372,0.00011904,0.92,0.31
1373,0.00011936,0.92,0.31
1374,0.00011967999999999999,0.92,0.31
1375,0.00011999999999999999,0.92,0.31
1376,0.00012031999999999999,1.0,0.33
1377,0.00012063999999999998,1.0,0.33
1378,0.00012095999999999998,1.08,0.35000000000000003
1379,0.00012127999999999998,1.0,0.35000000000000003
1380,0.00012159999999999997,1.0,0.37
1381,0.00012191999999999997,1.08,0.37
1382,0.00012223999999999997,1.0,0.37
1383,0.00012255999999999996,1.08,0.39
1384,0.00012287999999999996,1.08,0.39
1385,0.00012319999999999996,1.08,0.39
1386,0.00012352,1.08,0.41000000000000003
1387,0.00012384,1.16,0.41000000000000003
1388,0.00012416,1.16,0.43
1389,0.00012448,1.16,0.43
1390,0.0001248,1.16,0.43
1391,0.00012512,1.24,0.43
1392,0.00012544,1.24,0.45
1393,0.00012576,1.24,0.45
1394,0.00012607999999999999,1.24,0.47000000000000003
1395,0.00012639999999999998,1.24,0.47000000000000003
1396,0.00012671999999999998,1.32,0.47000000000000003
1397,0.00012703999999999998,1.24,0.49
1398,0.00012735999999999997,1.32,0.49
1399,0.00012767999999999997,1.32,0.49
1400,0.00012799999999999997,1.32,0.51
1401,0.00012831999999999996,1.4000000000000001,0.53
1402,0.00012863999999999996,1.4000000000000001,0.51
1403,0.00012895999999999996,1.4000000000000001,0.53
1404,0.00012928,1.4000000000000001,0.53
1405,0.0001296,1.4000000000000001,0.55
1406,0.00012992,1.4000000000000001,0.5700000000000001
1407,0.00013024,1.48,0.5700000000000001
1408,0.00013056,1.48,0.5700000000000001
1409,0.00013088,1.48,0.59
1410,0.0001312,1.56,0.59
1411,0.00013152,1.48,0.61
1412,0.00013183999999999998,1.56,0.61
1413,0.00013215999999999998,1.56,0.61
1414,0.00013247999999999998,1.56,0.63
1415,0.00013279999999999998,1.56,0.63
1416,0.00013311999999999997,1.56,0.63
1417,0.00013343999999999997,1.6400000000000001,0.65
1418,0.00013375999999999997,1.6400000000000001,0.65
1419,0.00013407999999999996,1.6400000000000001,0.65
1420,0.00013439999999999996,1.6400000000000001,0.67
1421,0.00013471999999999996,1.6400000000000001,0.67
1422,0.00013504,1.72,0.67
1423,0.00013536,1.72,0.6900000000000001
1424,0.00013568,1.72,0.6900000000000001
1425,0.000136,1.72,0.6900000000000001
1426,0.00013632,1.72,0.71
1427,0.00013664,1.8,0.71
1428,0.00013696,1.8,0.73
1429,0.00013728,1.8,0.73
1430,0.00013759999999999998,1.8,0.73
1431,0.00013791999999999998,1.8,0.75
1432,0.00013823999999999998,1.8800000000000001,0.77
1433,0.00013855999999999997,1.8800000000000001,0.77
1434,0.00013887999999999997,1.8800000000000001,0.77
1435,0.00013919999999999997,1.8800000000000001,0.77
1436,0.00013951999999999997,1.96,0.79
1437,0.00013983999999999996,1.8800000000000001,0.79
1438,0.00014015999999999996,1.96,0.79
1439,0.00014048,1.96,0.79
1440,0.0001408,1.96,0.81
1441,0.00014112,1.96,0.81
1442,0.00014144,1.96,0.8300000000000001
1443,0.00014176,2.04,0.8300000000000001
1444,0.00014208,2.04,0.8300000000000001
1445,0.0001424,2.04,0.85
1446,0.00014272,2.04,0.87
1447,0.00014303999999999999,2.12,0.87
1448,0.00014335999999999998,2.12,0.89
1449,0.00014367999999999998,2.2,0.87
1450,0.00014399999999999998,2.12,0.89
1451,0.00014431999999999997,2.12,0.89
1452,0.00014463999999999997,2.2,0.91
1453,0.00014495999999999997,2.2,0.91
1454,0.00014527999999999996,2.2800000000000002,0.91
1455,0.00014559999999999996,2.2,0.93
1456,0.00014591999999999996,2.2,0.9500000000000001
1457,0.00014624,2.2800000000000002,0.9500000000000001
1458,0.00014656,2.2,0.9500000000000001
1459,0.00014688,2.2800000000000002,0.9500000000000001
1460,0.0001472,2.36,0.97
1461,0.00014752,2.2800000000000002,0.97
1462,0.00014784,2.36,0.97
1463,0.00014816,2.36,0.97
1464,0.00014848,2.36,0.99
1465,0.00014879999999999998,2.36,1.01
1466,0.00014911999999999998,2.36,1.01
1467,0.00014943999999999998,2.44,1.01
1468,0.00014975999999999998,2.44,1.03
1469,0.00015007999999999997,2.44,1.03
1470,0.00015039999999999997,2.44,1.05
1471,0.00015071999999999997,2.44,1.05
1472,0.00015103999999999996,2.52,0.97
1473,0.00015135999999999996,2.52,0.85
1474,0.00015167999999999996,-2.44,0.77
1475,0.000152,-2.36,0.67
1476,0.00015232,-2.36,0.59
1477,0.00015264,-2.36,0.51
1478,0.00015296,-2.36,0.43
1479,0.00015328,-2.36,0.33
1480,0.0001536,-2.2800000000000002,0.27
1481,0.00015392,-2.2800000000000002,0.21
1482,0.00015424,-2.2800000000000002,0.15
1483,0.00015455999999999998,-2.2800000000000002,0.09
1484,0.00015487999999999998,-2.2800000000000002,0.03
1485,0.00015519999999999998,-2.2800000000000002,-0.01
1486,0.00015551999999999997,-2.2,-0.07
1487,0.00015583999999999997,-2.2,-0.11
1488,0.00015615999999999997,-2.2,-0.17
1489,0.00015647999999999997,-2.12,-0.21
1490,0.00015679999999999996,-2.12,-0.25
1491,0.00015711999999999996,-2.12,-0.29
1492,0.00015744,-2.12,-0.33
1493,0.00015776,-2.12,-0.37
1494,0.00015808,-2.12,-0.39
1495,0.0001584,-2.12,-0.41000000000000003
1496,0.00015872,-2.04,-0.43
1497,0.00015904,-1.96,-0.47000000000000003
1498,0.00015936,-2.04,-0.49
1499,0.00015968,-2.04,-0.51
1500,0.00015999999999999999,-2.04,-0.53
1501,0.00016031999999999998,-1.96,-0.55
1502,0.00016063999999999998,-1.96,-0.5700000000000001
1503,0.00016095999999999998,-1.8800000000000001,-0.59
1504,0.00016127999999999997,-1.96,-0.59
1505,0.00016159999999999997,-1.96,-0.61
1506,0.00016191999999999997,-1.8800000000000001,-0.63
1507,0.00016223999999999996,-1.8800000000000001,-0.65
1508,0.00016255999999999996,-1.8,-0.65
1509,0.00016287999999999996,-1.8800000000000001,-0.65
1510,0.0001632,-1.8800000000000001,-0.6900000000000001
1511,0.00016352,-1.8,-0.67
1512,0.00016384,-1.8,-0.6900000000000001
1513,0.00016416,-1.8,-0.6900000000000001
1514,0.00016448,-1.8,-0.71
1515,0.0001648,-1.8,-0.71
1516,0.00016512,-1.8,-0.71
1517,0.00016544,-1.72,-0.71
1518,0.00016575999999999999,-1.72,-0.73
1519,0.00016607999999999998,-1.72,-0.73
1520,0.00016639999999999998,-1.72,-0.73
1521,0.00016671999999999998,-1.6400000000000001,-0.73
1522,0.00016703999999999997,-1.6400000000000001,-0.73
1523,0.00016735999999999997,-1.6400000000000001,-0.73
1524,0.00016767999999999997,-1.6400000000000001,-0.75
1525,0.00016799999999999996,-1.6400000000000001,-0.75
1526,0.00016831999999999996,-1.6400000000000001,-0.75
1527,0.00016864,-1.56,-0.73
1528,0.00016895999999999995,-1.56,-0.73
1529,0.00016928,-1.56,-0.73
1530,0.00016959999999999995,-1.56,-0.73
1531,0.00016992,-1.56,-0.73
1532,0.00017023999999999994,-1.56,-0.73
1533,0.00017056,-1.48,-0.73
1534,0.00017087999999999994,-1.48,-0.73
1535,0.0001712,-1.48,-0.73
1536,0.00017152000000000004,-1.48,-0.73
1537,0.00017183999999999998,-1.4000000000000001,-0.73
1538,0.00017216000000000003,-1.4000000000000001,-0.71
1539,0.00017247999999999997,-1.4000000000000001,-0.71
1540,0.00017280000000000003,-1.4000000000000001,-0.71
1541,0.00017311999999999997,-1.4000000000000001,-0.71
1542,0.00017344000000000002,-1.32,-0.6900000000000001
1543,0.00017375999999999996,-1.32,-0.6900000000000001
1544,0.00017408000000000001,-1.32,-0.6900000000000001
1545,0.00017439999999999996,-1.32,-0.6900000000000001
1546,0.00017472,-1.32,-0.6900000000000001
1547,0.00017503999999999995,-1.32,-0.6900000000000001
1548,0.00017536,-1.24,-0.67
1549,0.00017567999999999994,-1.32,-0.67
1550,0.000176,-1.24,-0.67
1551,0.00017631999999999994,-1.16,-0.67
1552,0.00017664,-1.24,-0.65
1553,0.00017695999999999993,-1.24,-0.65
1554,0.00017727999999999998,-1.16,-0.65
1555,0.00017760000000000003,-1.24,-0.65
1556,0.00017791999999999998,-1.08,-0.63
1557,0.00017824000000000003,-1.16,-0.63
1558,0.00017855999999999997,-1.16,-0.63
1559,0.00017888000000000002,-1.16,-0.61
1560,0.00017919999999999996,-1.08,-0.61
1561,0.00017952000000000002,-1.08,-0.61
1562,0.00017983999999999996,-1.08,-0.59
1563,0.00018016,-1.08,-0.61
1564,0.00018047999999999995,-1.0,-0.59
1565,0.0001808,-1.0,-0.5700000000000001
1566,0.00018111999999999995,-1.0,-0.5700000000000001
1567,0.00018144,-0.92,-0.5700000000000001
1568,0.00018175999999999994,-1.0,-0.5700000000000001
1569,0.00018208,-0.92,-0.55
1570,0.00018239999999999993,-0.92,-0.55
1571,0.00018271999999999999,-0.92,-0.55
1572,0.00018304000000000004,-0.92,-0.53
1573,0.00018335999999999998,-0.92,-0.53
1574,0.00018368000000000003,-0.84,-0.53
1575,0.00018399999999999997,-0.84,-0.51
1576,0.00018432000000000002,-0.84,-0.51
1577,0.00018463999999999997,-0.84,-0.51
1578,0.00018496000000000002,-0.84,-0.49
1579,0.00018527999999999996,-0.76,-0.49
1580,0.0001856,-0.76,-0.47000000000000003
1581,0.00018591999999999995,-0.76,-0.47000000000000003
1582,0.00018624,-0.68,-0.47000000000000003
1583,0.00018655999999999995,-0.76,-0.47000000000000003
1584,0.00018688,-0.76,-0.45
1585,0.00018719999999999994,-0.68,-0.43
1586,0.00018752,-0.68,-0.43
1587,0.00018783999999999994,-0.68,-0.43
1588,0.00018816,-0.6,-0.41000000000000003
1589,0.00018848000000000004,-0.68,-0.41000000000000003
1590,0.00018879999999999998,-0.68,-0.41000000000000003
1591,0.00018912000000000003,-0.6,-0.39
1592,0.00018943999999999998,-0.6,-0.39
1593,0.00018976000000000003,-0.52,-0.39
1594,0.00019007999999999997,-0.6,-0.37
1595,0.00019040000000000002,-0.52,-0.37
1596,0.00019071999999999996,-0.52,-0.37
1597,0.00019104000000000001,-0.44,-0.35000000000000003
1598,0.00019135999999999996,-0.52,-0.35000000000000003
1599,0.00019168,-0.44,-0.35000000000000003
1600,0.00019199999999999995,-0.52,-0.33
1601,0.00019232,-0.44,-0.33
1602,0.00019263999999999994,-0.44,-0.31
1603,0.00019296,-0.44,-0.31
1604,0.00019327999999999994,-0.44,-0.29
1605,0.0001936,-0.36,-0.29
1606,0.00019391999999999993,-0.36,-0.27
1607,0.00019423999999999998,-0.36,-0.27
1608,0.00019456000000000003,-0.36,-0.27
1609,0.00019487999999999998,-0.36,-0.27
1610,0.00019520000000000003,-0.28,-0.25
1611,0.00019551999999999997,-0.28,-0.25
1612,0.00019584000000000002,-0.28,-0.25
1613,0.00019615999999999997,-0.28,-0.23
1614,0.00019648000000000002,-0.28,-0.23
1615,0.00019679999999999996,-0.2,-0.21
1616,0.00019712,-0.2,-0.21
1617,0.00019743999999999995,-0.2,-0.21
1618,0.00019776,-0.12,-0.21
1619,0.00019807999999999995,-0.2,-0.19
1620,0.0001984,-0.2,-0.17
1621,0.00019871999999999994,-0.12,-0.17
1622,0.00019904,-0.12,-0.17
1623,0.00019935999999999993,-0.12,-0.15
1624,0.00019967999999999999,-0.04,-0.15
1625,0.00020000000000000004,-0.04,-0.15
1626,0.00020031999999999998,-0.04,-0.13
1627,0.00020064000000000003,-0.04,-0.13
1628,0.00020095999999999997,0.04,-0.13
1629,0.00020128000000000002,0.04,-0.11
1630,0.00020159999999999997,0.04,-0.11
1631,0.00020192000000000002,0.04,-0.11
1632,0.00020223999999999996,0.12,-0.09
1633,0.00020256,0.04,-0.09
1634,0.00020287999999999995,0.04,-0.07
1635,0.0002032,0.12,-0.07
1636,0.00020351999999999995,0.12,-0.05
1637,0.00020384,0.12,-0.05
1638,0.00020415999999999994,0.12,-0.05
1639,0.00020448,0.2,-0.05
1640,0.00020479999999999994,0.2,-0.03
1641,0.00020512,0.2,-0.03
1642,0.00020544000000000004,0.2,-0.01
1643,0.00020575999999999998,0.2,-0.01
1644,0.00020608000000000003,0.2,-0.01
1645,0.00020639999999999998,0.28,0.01
1646,0.00020672000000000003,0.28,0.01
1647,0.00020703999999999997,0.28,0.03
1648,0.00020736000000000002,0.36,0.03
1649,0.00020767999999999996,0.28,0.03
1650,0.00020800000000000001,0.36,0.05
1651,0.00020831999999999996,0.28,0.05
1652,0.00020864,0.36,0.05
1653,0.00020895999999999995,0.36,0.05
1654,0.00020928,0.36,0.07
1655,0.00020959999999999994,0.36,0.09
1656,0.00020992,0.44,0.09
1657,0.00021023999999999994,0.44,0.09
1658,0.00021056,0.52,0.11
1659,0.00021087999999999993,0.44,0.11
1660,0.00021119999999999998,0.52,0.13
1661,0.00021152000000000003,0.52,0.13
1662,0.00021183999999999998,0.52,0.13
1663,0.00021216000000000003,0.52,0.15
1664,0.00021247999999999997,0.6,0.13
1665,0.00021280000000000002,0.6,0.15
1666,0.00021311999999999997,0.6,0.17
1667,0.00021344000000000002,0.6,0.17
1668,0.00021375999999999996,0.68,0.17
1669,0.00021408,0.6,0.19
1670,0.00021439999999999995,0.68,0.19
1671,0.00021472,0.68,0.19
1672,0.00021503999999999995,0.68,0.21
1673,0.00021536,0.76,0.21
1674,0.00021567999999999994,0.76,0.21
1675,0.000216,0.76,0.23
1676,0.00021631999999999993,0.76,0.23
1677,0.00021663999999999999,0.76,0.25
1678,0.00021696000000000004,0.84,0.25
1679,0.00021727999999999998,0.84,0.27
1680,0.00021760000000000003,0.84,0.27
1681,0.00021791999999999997,0.84,0.27
1682,0.00021824000000000002,0.84,0.27
1683,0.00021855999999999997,0.92,0.29
1684,0.00021888000000000002,0.84,0.29
1685,0.00021919999999999996,0.92,0.31
1686,0.00021952,0.92,0.31
1687,0.00021983999999999996,0.92,0.31
1688,0.00022016,0.92,0.33
1689,0.00022047999999999995,1.0,0.33
1690,0.0002208,1.0,0.35000000000000003
1691,0.00022111999999999994,1.0,0.35000000000000003
1692,0.00022144,1.0,0.35000000000000003
1693,0.00022175999999999994,1.0,0.35000000000000003
1694,0.00022208,1.0,0.37
1695,0.00022240000000000004,1.08,0.39
1696,0.00022271999999999998,1.08,0.37
1697,0.00022304000000000003,1.08,0.39
1698,0.00022335999999999998,1.08,0.41000000000000003
1699,0.00022368000000000003,1.08,0.41000000000000003
1700,0.00022399999999999997,1.16,0.41000000000000003
1701,0.00022432000000000002,1.16,0.43
1702,0.00022463999999999996,1.16,0.43
1703,0.00022496000000000001,1.16,0.43
1704,0.00022527999999999996,1.24,0.45
1705,0.0002256,1.24,0.45
1706,0.00022591999999999995,1.24,0.47000000000000003
1707,0.00022624,1.24,0.47000000000000003
1708,0.00022655999999999995,1.24,0.47000000000000003
1709,0.00022688,1.32,0.49
1710,0.00022719999999999994,1.32,0.49
1711,0.00022752,1.32,0.49
1712,0.00022783999999999993,1.32,0.51
1713,0.00022815999999999998,1.4000000000000001,0.51
1714,0.00022848000000000004,1.4000000000000001,0.53
1715,0.00022879999999999998,1.4000000000000001,0.53
1716,0.00022912000000000003,1.4000000000000001,0.55
1717,0.00022943999999999997,1.4000000000000001,0.55
1718,0.00022976000000000002,1.4000000000000001,0.55
1719,0.00023007999999999997,1.48,0.55
1720,0.00023040000000000002,1.48,0.5700000000000001
1721,0.00023071999999999996,1.48,0.59
1722,0.00023104,1.48,0.59
1723,0.00023135999999999995,1.56,0.59
1724,0.00023168,1.56,0.59
1725,0.00023199999999999995,1.56,0.61
1726,0.00023232,1.56,0.61
1727,0.00023263999999999994,1.56,0.61
1728,0.00023296,1.56,0.63
1729,0.00023327999999999993,1.56,0.65
1730,0.00023359999999999999,1.6400000000000001,0.65
1731,0.00023392000000000004,1.6400000000000001,0.65
1732,0.00023423999999999998,1.6400000000000001,0.67
1733,0.00023456000000000003,1.6400000000000001,0.67
1734,0.00023487999999999997,1.6400000000000001,0.67
1735,0.00023520000000000002,1.72,0.67
1736,0.00023551999999999997,1.72,0.6900000000000001
1737,0.00023584000000000002,1.72,0.6900000000000001
1738,0.00023615999999999996,1.72,0.71
1739,0.00023648,1.8,0.71
1740,0.00023679999999999996,1.8,0.71
1741,0.00023712,1.8,0.73
1742,0.00023743999999999995,1.8,0.73
1743,0.00023776,1.8800000000000001,0.75
1744,0.00023807999999999994,1.8800000000000001,0.75
1745,0.0002384,1.8800000000000001,0.77
1746,0.00023871999999999994,1.8800000000000001,0.77
1747,0.00023904,1.8800000000000001,0.77
1748,0.00023936000000000004,1.8800000000000001,0.77
1749,0.00023967999999999998,1.96,0.77
1750,0.00024000000000000003,1.96,0.79
1751,0.00024031999999999998,1.96,0.81
1752,0.00024064000000000003,1.96,0.81
1753,0.00024095999999999997,1.96,0.81
1754,0.00024128000000000002,2.04,0.8300000000000001
1755,0.00024159999999999996,2.04,0.8300000000000001
1756,0.00024192000000000001,2.04,0.8300000000000001
1757,0.00024223999999999996,2.12,0.85
1758,0.00024256,2.12,0.87
1759,0.00024287999999999995,2.12,0.87
1760,0.0002432,2.12,0.87
1761,0.00024351999999999995,2.12,0.89
1762,0.00024384,2.12,0.89
1763,0.00024415999999999994,2.12,0.91
1764,0.00024448,2.12,0.91
1765,0.00024479999999999993,2.2,0.91
1766,0.00024512,2.2,0.93
1767,0.00024544000000000004,2.2,0.93
1768,0.00024576,2.2,0.93
1769,0.00024608000000000003,2.2800000000000002,0.93
1770,0.00024639999999999997,2.2800000000000002,0.9500000000000001
1771,0.00024672,2.2800000000000002,0.9500000000000001
1772,0.00024703999999999997,2.2800000000000002,0.97
1773,0.00024736,2.2800000000000002,0.97
1774,0.00024767999999999996,2.36,0.97
1775,0.000248,2.36,0.99
1776,0.00024831999999999995,2.36,0.99
1777,0.00024864,2.36,0.99
1778,0.00024895999999999995,2.36,1.01
1779,0.00024928,2.44,1.01
1780,0.00024959999999999994,2.44,1.01
1781,0.00024992,2.44,1.03
1782,0.00025023999999999994,2.44,1.03
1783,0.00025056,2.52,1.03
1784,0.00025088000000000004,2.52,1.05
1785,0.0002512,2.44,0.93
1786,0.00025152000000000003,-2.44,0.81
1787,0.00025184,-2.44,0.73
1788,0.00025216,-2.44,0.63
1789,0.00025247999999999997,-2.44,0.53
1790,0.0002528,-2.36,0.47000000000000003
1791,0.00025311999999999996,-2.36,0.37
1792,0.00025344,-2.36,0.31
1793,0.00025375999999999996,-2.36,0.25
1794,0.00025408,-2.2800000000000002,0.19
1795,0.00025439999999999995,-2.2800000000000002,0.11
1796,0.00025472,-2.2800000000000002,0.07
1797,0.00025503999999999994,-2.2800000000000002,0.01
1798,0.00025536,-2.2,-0.05
1799,0.00025567999999999994,-2.2,-0.09
1800,0.000256,-2.2,-0.15
1801,0.00025632000000000004,-2.2,-0.17
1802,0.00025664,-2.2,-0.23
1803,0.00025696000000000003,-2.12,-0.27
1804,0.00025728,-2.04,-0.31
1805,0.00025760000000000003,-2.04,-0.33
1806,0.00025791999999999997,-2.12,-0.37
1807,0.00025824,-2.12,-0.41000000000000003
1808,0.00025855999999999996,-2.04,-0.43
1809,0.00025888,-2.12,-0.45
1810,0.00025919999999999996,-2.04,-0.47000000000000003
1811,0.00025952,-2.04,-0.49
1812,0.00025983999999999995,-2.04,-0.53
1813,0.00026016,-1.96,-0.53
1814,0.00026047999999999995,-1.8800000000000001,-0.5700000000000001
1815,0.0002608,-1.96,-0.5700000000000001
1816,0.00026111999999999994,-1.96,-0.59
1817,0.00026144,-1.96,-0.61
1818,0.00026175999999999993,-1.8800000000000001,-0.63
1819,0.00026208,-1.96,-0.63
1820,0.00026240000000000004,-1.8800000000000001,-0.65
1821,0.00026272,-1.8800000000000001,-0.67
1822,0.00026304000000000003,-1.8800000000000001,-0.67
1823,0.00026335999999999997,-1.8800000000000001,-0.6900000000000001
1824,0.00026368,-1.8,-0.67
1825,0.00026399999999999997,-1.8,-0.6900000000000001
1826,0.00026432,-1.8,-0.6900000000000001
1827,0.00026463999999999996,-1.8,-0.71
1828,0.00026496,-1.72,-0.71
1829,0.00026527999999999995,-1.72,-0.73
1830,0.0002656,-1.72,-0.73
1831,0.00026591999999999995,-1.72,-0.73
1832,0.00026624,-1.72,-0.73
1833,0.00026655999999999994,-1.72,-0.73
1834,0.00026688,-1.72,-0.73
1835,0.00026719999999999994,-1.6400000000000001,-0.73
1836,0.00026752,-1.6400000000000001,-0.75
1837,0.00026784000000000004,-1.6400000000000001,-0.73
1838,0.00026816,-1.6400000000000001,-0.73
1839,0.00026848000000000003,-1.56,-0.75
1840,0.0002688,-1.56,-0.73
1841,0.00026912,-1.56,-0.75
1842,0.00026943999999999997,-1.56,-0.73
1843,0.00026976,-1.56,-0.73
1844,0.00027007999999999996,-1.56,-0.73
1845,0.0002704,-1.48,-0.73
1846,0.00027071999999999996,-1.48,-0.73
1847,0.00027104,-1.48,-0.73
1848,0.00027135999999999995,-1.48,-0.73
1849,0.00027168,-1.48,-0.73
1850,0.00027199999999999994,-1.4000000000000001,-0.71
1851,0.00027232,-1.4000000000000001,-0.71
1852,0.00027263999999999994,-1.4000000000000001,-0.71
1853,0.00027296,-1.4000000000000001,-0.71
1854,0.00027328000000000004,-1.4000000000000001,-0.71
1855,0.0002736,-1.32,-0.71
1856,0.00027392000000000003,-1.32,-0.6900000000000001
1857,0.00027424,-1.32,-0.6900000000000001
1858,0.00027456000000000003,-1.32,-0.6900000000000001
1859,0.00027487999999999997,-1.32,-0.6900000000000001
1860,0.0002752,-1.32,-0.67
1861,0.00027551999999999996,-1.24,-0.67
1862,0.00027584,-1.24,-0.67
1863,0.00027615999999999996,-1.24,-0.67
1864,0.00027648,-1.24,-0.67
1865,0.00027679999999999995,-1.16,-0.65
1866,0.00027712,-1.24,-0.65
1867,0.00027743999999999995,-1.16,-0.65
1868,0.00027776,-1.16,-0.63
1869,0.00027807999999999994,-1.16,-0.63
1870,0.0002784,-1.08,-0.63
1871,0.00027871999999999993,-1.08,-0.61
1872,0.00027904,-1.08,-0.61
1873,0.00027936000000000004,-1.08,-0.61
1874,0.00027968,-1.08,-0.59
1875,0.00028000000000000003,-1.08,-0.59
1876,0.00028031999999999997,-1.0,-0.59
1877,0.00028064,-1.0,-0.59
1878,0.00028095999999999997,-1.0,-0.5700000000000001
1879,0.00028128,-1.0,-0.5700000000000001
1880,0.00028159999999999996,-1.0,-0.5700000000000001
1881,0.00028192,-1.0,-0.55
1882,0.00028223999999999995,-1.0,-0.55
1883,0.00028256,-0.92,-0.55
1884,0.00028287999999999995,-0.92,-0.53
1885,0.0002832,-0.84,-0.53
1886,0.00028351999999999994,-0.84,-0.51
1887,0.00028384,-0.84,-0.51
1888,0.00028415999999999994,-0.84,-0.51
1889,0.00028448,-0.84,-0.51
1890,0.00028480000000000004,-0.84,-0.49
1891,0.00028512,-0.76,-0.49
1892,0.00028544000000000003,-0.76,-0.49
1893,0.00028576,-0.76,-0.47000000000000003
1894,0.00028608,-0.76,-0.47000000000000003
1895,0.00028639999999999997,-0.76,-0.45
1896,0.00028672,-0.76,-0.45
1897,0.00028703999999999996,-0.68,-0.43
1898,0.00028736,-0.68,-0.43
1899,0.00028767999999999996,-0.68,-0.43
1900,0.000288,-0.68,-0.43
1901,0.00028831999999999995,-0.6,-0.41000000000000003
1902,0.00028864,-0.68,-0.41000000000000003
1903,0.00028895999999999994,-0.6,-0.41000000000000003
1904,0.00028928,-0.6,-0.39
1905,0.00028959999999999994,-0.52,-0.39
1906,0.00028992,-0.6,-0.37
1907,0.00029024000000000004,-0.6,-0.35000000000000003
1908,0.00029056,-0.52,-0.37
1909,0.00029088000000000003,-0.52,-0.35000000000000003
1910,0.0002912,-0.52,-0.35000000000000003
1911,0.00029152000000000003,-0.52,-0.35000000000000003
1912,0.00029183999999999997,-0.44,-0.33
1913,0.00029216,-0.36,-0.33
1914,0.00029247999999999996,-0.44,-0.33
1915,0.0002928,-0.44,-0.31
1916,0.00029311999999999996,-0.44,-0.29
1917,0.00029344,-0.36,-0.29
1918,0.00029375999999999995,-0.36,-0.29
1919,0.00029408,-0.36,-0.27
1920,0.00029439999999999995,-0.36,-0.27
1921,0.00029472,-0.36,-0.27
1922,0.00029503999999999994,-0.28,-0.25
1923,0.00029536,-0.28,-0.25
1924,0.00029567999999999993,-0.28,-0.23
1925,0.000296,-0.28,-0.23
1926,0.00029632000000000004,-0.2,-0.23
1927,0.00029664,-0.2,-0.21
1928,0.00029696000000000003,-0.2,-0.21
1929,0.00029727999999999997,-0.2,-0.21
1930,0.0002976,-0.2,-0.19
1931,0.00029791999999999997,-0.12,-0.19
1932,0.00029824,-0.12,-0.19
1933,0.00029855999999999996,-0.12,-0.19
1934,0.00029888,-0.12,-0.19
1935,0.00029919999999999995,-0.04,-0.17
1936,0.00029952,-0.04,-0.15
1937,0.00029983999999999995,-0.04,-0.15
1938,0.00030016,0.04,-0.13
1939,0.00030047999999999994,-0.04,-0.15
1940,0.0003008,-0.04,-0.15
1941,0.00030111999999999994,-0.04,-0.11
1942,0.00030144,0.04,-0.11
1943,0.00030176000000000004,0.04,-0.11
1944,0.00030208,0.04,-0.09
1945,0.00030240000000000003,0.04,-0.09
1946,0.00030272,0.04,-0.09
1947,0.00030304,0.12,-0.07
1948,0.00030335999999999997,0.12,-0.07
1949,0.00030368,0.12,-0.07
1950,0.00030399999999999996,0.2,-0.05
1951,0.00030432,0.2,-0.05
1952,0.00030463999999999996,0.2,-0.05
1953,0.00030496,0.2,-0.03
1954,0.00030527999999999995,0.2,-0.01
1955,0.0003056,0.2,-0.01
1956,0.00030591999999999994,0.28,-0.01
1957,0.00030624,0.28,-0.01
1958,0.00030655999999999994,0.28,0.01
1959,0.00030688,0.28,0.01
1960,0.00030720000000000004,0.36,0.03
1961,0.00030752,0.36,0.03
1962,0.00030784000000000003,0.36,0.03
1963,0.00030816,0.36,0.05
1964,0.00030848000000000003,0.36,0.05
1965,0.00030879999999999997,0.36,0.07
1966,0.00030912,0.44,0.07
1967,0.00030943999999999996,0.44,0.07
1968,0.00030976,0.44,0.09
1969,0.00031007999999999996,0.44,0.09
1970,0.0003104,0.44,0.11
1971,0.00031071999999999995,0.52,0.09
1972,0.00031104,0.52,0.11
1973,0.00031135999999999995,0.52,0.13
1974,0.00031168,0.52,0.13
1975,0.00031199999999999994,0.52,0.13
1976,0.00031232,0.6,0.15
1977,0.00031263999999999993,0.6,0.15
1978,0.00031296,0.6,0.17
1979,0.00031328000000000004,0.6,0.17
1980,0.0003136,0.6,0.17
1981,0.00031392000000000003,0.68,0.17
1982,0.00031424,0.68,0.19
1983,0.00031456,0.68,0.19
1984,0.00031487999999999997,0.68,0.21
1985,0.0003152,0.68,0.23
1986,0.00031551999999999996,0.68,0.21
1987,0.00031584,0.76,0.21
1988,0.00031615999999999995,0.76,0.23
1989,0.00031648,0.76,0.23
1990,0.00031679999999999995,0.76,0.23
1991,0.00031712,0.84,0.25
1992,0.00031743999999999994,0.76,0.27
1993,0.00031776,0.84,0.27
1994,0.00031807999999999994,0.84,0.27
1995,0.0003184,0.84,0.29
1996,0.00031872000000000004,0.92,0.29
1997,0.00031904,0.92,0.31
1998,0.00031936000000000003,0.92,0.29
1999,0.00031968,0.92,0.33
