,time,v1,v2
0,-4e-06,-0.04,-0.05
1,-3.9959999999999995e-06,-0.04,-0.03
2,-3.992e-06,-0.12,-0.05
3,-3.988e-06,-0.04,-0.03
4,-3.9839999999999995e-06,-0.04,-0.03
5,-3.98e-06,-0.04,-0.03
6,-3.976e-06,-0.12,-0.05
7,-3.971999999999999e-06,-0.12,-0.03
8,-3.968e-06,-0.12,-0.03
9,-3.964e-06,-0.04,-0.05
10,-3.96e-06,-0.04,-0.03
11,-3.956e-06,-0.04,-0.05
12,-3.952e-06,-0.04,-0.03
13,-3.948e-06,-0.04,-0.05
14,-3.944e-06,-0.04,-0.03
15,-3.9399999999999995e-06,-0.04,-0.05
16,-3.936e-06,-0.04,-0.05
17,-3.932e-06,-0.04,-0.03
18,-3.9279999999999995e-06,-0.04,-0.05
19,-3.924e-06,-0.04,-0.03
20,-3.92e-06,-0.04,-0.05
21,-3.9159999999999994e-06,-0.04,-0.05
22,-3.912e-06,-0.04,-0.05
23,-3.908e-06,-0.12,-0.03
24,-3.904e-06,-0.04,-0.03
25,-3.9e-06,-0.04,-0.05
26,-3.896e-06,-0.12,-0.03
27,-3.892e-06,-0.12,-0.03
28,-3.888e-06,-0.12,-0.03
29,-3.8839999999999996e-06,-0.04,-0.05
30,-3.88e-06,-0.04,-0.05
31,-3.876e-06,-0.12,-0.05
32,-3.8719999999999995e-06,-0.12,-0.03
33,-3.868e-06,-0.12,-0.05
34,-3.864e-06,-0.12,-0.03
35,-3.8599999999999995e-06,-0.12,-0.05
36,-3.856e-06,-0.12,-0.03
37,-3.852e-06,-0.12,-0.05
38,-3.847999999999999e-06,-0.04,-0.03
39,-3.844e-06,-0.04,-0.03
40,-3.84e-06,-0.12,-0.05
41,-3.836e-06,-0.12,-0.03
42,-3.832e-06,-0.12,-0.03
43,-3.828e-06,-0.04,-0.03
44,-3.824e-06,-0.12,-0.05
45,-3.82e-06,-0.12,-0.03
46,-3.8159999999999995e-06,-0.04,-0.03
47,-3.8119999999999997e-06,-0.04,-0.03
48,-3.808e-06,-0.04,-0.03
49,-3.804e-06,-0.04,-0.05
50,-3.7999999999999996e-06,-0.04,-0.05
51,-3.7959999999999997e-06,-0.04,-0.05
52,-3.792e-06,-0.04,-0.03
53,-3.788e-06,-0.04,-0.05
54,-3.7839999999999997e-06,-0.12,-0.05
55,-3.78e-06,-0.04,-0.05
56,-3.776e-06,-0.04,-0.05
57,-3.7719999999999996e-06,-0.12,-0.03
58,-3.7679999999999998e-06,-0.04,-0.05
59,-3.764e-06,-0.04,-0.05
60,-3.7599999999999996e-06,-0.12,-0.03
61,-3.7559999999999997e-06,-0.04,-0.03
62,-3.752e-06,-0.04,-0.03
63,-3.748e-06,-0.12,-0.05
64,-3.7439999999999996e-06,-0.04,-0.03
65,-3.7399999999999998e-06,-0.12,-0.05
66,-3.736e-06,-0.12,-0.03
67,-3.732e-06,-0.04,-0.03
68,-3.7279999999999997e-06,-0.12,-0.05
69,-3.724e-06,-0.04,-0.03
70,-3.72e-06,-0.04,-0.05
71,-3.7159999999999997e-06,-0.04,-0.05
72,-3.7119999999999998e-06,-0.04,-0.03
73,-3.708e-06,-0.04,-0.03
74,-3.7039999999999996e-06,-0.04,-0.03
75,-3.6999999999999997e-06,-0.12,-0.05
76,-3.696e-06,-0.04,-0.03
77,-3.692e-06,-0.04,-0.03
78,-3.6879999999999997e-06,-0.12,-0.03
79,-3.684e-06,-0.12,-0.03
80,-3.68e-06,-0.12,-0.05
81,-3.6759999999999996e-06,-0.04,-0.05
82,-3.6719999999999997e-06,-0.04,-0.05
83,-3.668e-06,-0.12,-0.03
84,-3.664e-06,-0.12,-0.05
85,-3.6599999999999997e-06,-0.12,-0.03
86,-3.656e-06,-0.12,-0.03
87,-3.652e-06,-0.12,-0.05
88,-3.6479999999999996e-06,-0.12,-0.05
89,-3.6439999999999998e-06,-0.12,-0.05
90,-3.64e-06,-0.12,-0.05
91,-3.6359999999999996e-06,-0.12,-0.03
92,-3.6319999999999997e-06,-0.12,-0.03
93,-3.628e-06,-0.12,-0.03
94,-3.624e-06,-0.12,-0.05
95,-3.6199999999999996e-06,-0.04,-0.05
96,-3.6159999999999998e-06,-0.04,-0.05
97,-3.612e-06,-0.12,-0.05
98,-3.608e-06,-0.04,-0.03
99,-3.6039999999999997e-06,-0.04,-0.05
100,-3.6e-06,-0.12,-0.05
101,-3.596e-06,-0.12,-0.05
102,-3.5919999999999997e-06,-0.12,-0.03
103,-3.5879999999999998e-06,-0.04,-0.03
104,-3.584e-06,-0.04,-0.05
105,-3.5799999999999996e-06,-0.04,-0.05
106,-3.5759999999999997e-06,-0.04,-0.05
107,-3.572e-06,-0.12,-0.05
108,-3.568e-06,-0.04,-0.05
109,-3.5639999999999997e-06,-0.04,-0.05
110,-3.56e-06,-0.04,-0.05
111,-3.556e-06,-0.04,-0.05
112,-3.5519999999999996e-06,-0.04,-0.05
113,-3.5479999999999997e-06,-0.04,-0.05
114,-3.544e-06,-0.04,-0.03
115,-3.54e-06,-0.04,-0.03
116,-3.5359999999999997e-06,-0.04,-0.05
117,-3.532e-06,-0.04,-0.03
118,-3.528e-06,-0.04,-0.03
119,-3.5239999999999996e-06,-0.04,-0.03
120,-3.5199999999999998e-06,-0.04,-0.05
121,-3.516e-06,-0.12,-0.05
122,-3.5119999999999996e-06,-0.04,-0.05
123,-3.5079999999999997e-06,-0.04,-0.03
124,-3.504e-06,-0.04,-0.03
125,-3.4999999999999995e-06,-0.04,-0.05
126,-3.4959999999999996e-06,-0.04,-0.05
127,-3.4919999999999998e-06,-0.04,-0.05
128,-3.488e-06,-0.04,-0.03
129,-3.484e-06,-0.04,-0.05
130,-3.4799999999999997e-06,-0.04,-0.05
131,-3.476e-06,-0.04,-0.03
132,-3.472e-06,-0.04,-0.05
133,-3.4679999999999997e-06,-0.04,-0.03
134,-3.4639999999999998e-06,-0.12,-0.05
135,-3.46e-06,-0.12,-0.05
136,-3.4559999999999996e-06,-0.12,-0.05
137,-3.4519999999999997e-06,-0.12,-0.05
138,-3.448e-06,-0.12,-0.03
139,-3.4439999999999996e-06,-0.12,-0.05
140,-3.4399999999999997e-06,-0.12,-0.05
141,-3.436e-06,-0.12,-0.05
142,-3.432e-06,-0.04,-0.05
143,-3.428e-06,-0.04,-0.03
144,-3.4239999999999997e-06,-0.04,-0.05
145,-3.42e-06,-0.04,-0.05
146,-3.416e-06,-0.04,-0.05
147,-3.4119999999999997e-06,-0.04,-0.05
148,-3.408e-06,-0.12,-0.05
149,-3.404e-06,-0.04,-0.05
150,-3.3999999999999996e-06,-0.12,-0.03
151,-3.3959999999999998e-06,-0.12,-0.03
152,-3.392e-06,-0.12,-0.05
153,-3.3879999999999996e-06,-0.12,-0.03
154,-3.3839999999999997e-06,-0.12,-0.05
155,-3.38e-06,-0.04,-0.05
156,-3.3759999999999995e-06,-0.04,-0.03
157,-3.3719999999999996e-06,-0.12,-0.03
158,-3.3679999999999998e-06,-0.12,-0.03
159,-3.364e-06,-0.12,-0.03
160,-3.36e-06,-0.04,-0.03
161,-3.3559999999999997e-06,-0.04,-0.03
162,-3.352e-06,-0.04,-0.05
163,-3.348e-06,-0.04,-0.03
164,-3.3439999999999997e-06,-0.04,-0.03
165,-3.3399999999999998e-06,-0.04,-0.03
166,-3.336e-06,-0.04,-0.05
167,-3.3319999999999996e-06,-0.04,-0.05
168,-3.3279999999999997e-06,-0.04,-0.03
169,-3.324e-06,-0.12,-0.05
170,-3.3199999999999996e-06,-0.12,-0.05
171,-3.3159999999999997e-06,-0.12,-0.03
172,-3.312e-06,-0.12,-0.05
173,-3.308e-06,-0.12,-0.05
174,-3.3039999999999996e-06,-0.12,-0.03
175,-3.2999999999999997e-06,-0.04,-0.05
176,-3.296e-06,-0.04,-0.05
177,-3.292e-06,-0.12,-0.05
178,-3.2879999999999997e-06,-0.12,-0.03
179,-3.284e-06,-0.12,-0.05
180,-3.28e-06,-0.04,-0.05
181,-3.2759999999999996e-06,-0.12,-0.05
182,-3.2719999999999998e-06,-0.12,-0.05
183,-3.268e-06,-0.04,-0.03
184,-3.2639999999999996e-06,-0.04,-0.05
185,-3.2599999999999997e-06,-0.04,-0.05
186,-3.256e-06,-0.04,-0.05
187,-3.2519999999999995e-06,-0.04,-0.05
188,-3.2479999999999996e-06,-0.12,-0.03
189,-3.2439999999999998e-06,-0.04,-0.05
190,-3.24e-06,-0.04,-0.03
191,-3.236e-06,-0.04,-0.03
192,-3.2319999999999997e-06,-0.04,-0.05
193,-3.228e-06,-0.12,-0.03
194,-3.224e-06,-0.04,-0.05
195,-3.2199999999999997e-06,-0.04,-0.03
196,-3.2159999999999998e-06,-0.04,-0.03
197,-3.212e-06,-0.04,-0.05
198,-3.2079999999999996e-06,-0.04,-0.03
199,-3.2039999999999997e-06,-0.04,-0.05
200,-3.2e-06,-0.04,-0.03
201,-3.1959999999999996e-06,-0.04,-0.05
202,-3.1919999999999997e-06,-0.04,-0.05
203,-3.188e-06,-0.12,-0.03
204,-3.184e-06,-0.04,-0.05
205,-3.1799999999999996e-06,-0.04,-0.05
206,-3.1759999999999997e-06,-0.04,-0.03
207,-3.172e-06,-0.04,-0.05
208,-3.168e-06,-0.04,-0.05
209,-3.1639999999999997e-06,-0.04,-0.03
210,-3.16e-06,-0.04,-0.05
211,-3.156e-06,-0.04,-0.05
212,-3.1519999999999996e-06,-0.12,-0.05
213,-3.1479999999999998e-06,-0.04,-0.03
214,-3.144e-06,-0.04,-0.05
215,-3.1399999999999996e-06,-0.04,-0.03
216,-3.1359999999999997e-06,-0.04,-0.05
217,-3.132e-06,-0.04,-0.05
218,-3.1279999999999995e-06,-0.04,-0.03
219,-3.1239999999999997e-06,-0.04,-0.03
220,-3.1199999999999998e-06,-0.12,-0.03
221,-3.116e-06,-0.04,-0.03
222,-3.112e-06,-0.12,-0.05
223,-3.1079999999999997e-06,-0.12,-0.03
224,-3.104e-06,-0.12,-0.05
225,-3.1e-06,-0.04,-0.05
226,-3.0959999999999997e-06,-0.04,-0.05
227,-3.0919999999999998e-06,-0.04,-0.05
228,-3.088e-06,-0.04,-0.05
229,-3.0839999999999996e-06,-0.12,-0.05
230,-3.0799999999999997e-06,-0.04,-0.03
231,-3.076e-06,-0.12,-0.05
232,-3.0719999999999996e-06,-0.04,-0.03
233,-3.0679999999999997e-06,-0.12,-0.03
234,-3.064e-06,-0.12,-0.03
235,-3.0599999999999995e-06,-0.12,-0.03
236,-3.0559999999999996e-06,-0.12,-0.05
237,-3.0519999999999997e-06,-0.12,-0.03
238,-3.048e-06,-0.12,-0.03
239,-3.044e-06,-0.04,-0.03
240,-3.0399999999999997e-06,-0.04,-0.03
241,-3.036e-06,-0.12,-0.05
242,-3.032e-06,-0.04,-0.05
243,-3.0279999999999996e-06,-0.04,-0.03
244,-3.0239999999999998e-06,-0.12,-0.03
245,-3.02e-06,-0.04,-0.03
246,-3.0159999999999996e-06,-0.04,-0.05
247,-3.0119999999999997e-06,-0.04,-0.05
248,-3.008e-06,-0.04,-0.03
249,-3.0039999999999995e-06,-0.04,-0.03
250,-2.9999999999999997e-06,-0.04,-0.05
251,-2.9959999999999998e-06,-0.04,-0.05
252,-2.9919999999999995e-06,-0.04,-0.05
253,-2.988e-06,-0.04,-0.05
254,-2.9839999999999997e-06,-0.04,-0.03
255,-2.98e-06,-0.04,-0.05
256,-2.976e-06,-0.12,-0.03
257,-2.9719999999999997e-06,-0.04,-0.03
258,-2.968e-06,-0.12,-0.03
259,-2.964e-06,-0.04,-0.03
260,-2.9599999999999996e-06,-0.12,-0.05
261,-2.9559999999999997e-06,-0.04,-0.03
262,-2.952e-06,-0.04,-0.05
263,-2.9479999999999996e-06,-0.04,-0.05
264,-2.9439999999999997e-06,-0.12,-0.03
265,-2.94e-06,-0.12,-0.03
266,-2.9359999999999995e-06,-0.04,-0.03
267,-2.932e-06,-0.12,-0.03
268,-2.9279999999999997e-06,-0.12,-0.03
269,-2.9239999999999994e-06,-0.12,-0.05
270,-2.92e-06,-0.12,-0.03
271,-2.9159999999999997e-06,-0.12,-0.03
272,-2.912e-06,-0.04,-0.03
273,-2.908e-06,-0.04,-0.03
274,-2.9039999999999996e-06,-0.04,-0.03
275,-2.8999999999999998e-06,-0.04,-0.03
276,-2.896e-06,-0.04,-0.03
277,-2.8919999999999996e-06,-0.04,-0.03
278,-2.8879999999999997e-06,-0.04,-0.03
279,-2.884e-06,-0.04,-0.03
280,-2.8799999999999995e-06,-0.04,-0.03
281,-2.8759999999999997e-06,-0.04,-0.03
282,-2.8719999999999998e-06,-0.12,-0.05
283,-2.8679999999999995e-06,-0.12,-0.05
284,-2.864e-06,-0.04,-0.03
285,-2.8599999999999997e-06,-0.12,-0.03
286,-2.856e-06,-0.12,-0.03
287,-2.852e-06,-0.04,-0.05
288,-2.8479999999999997e-06,-0.12,-0.05
289,-2.844e-06,-0.04,-0.05
290,-2.84e-06,-0.04,-0.03
291,-2.8359999999999996e-06,-0.12,-0.03
292,-2.8319999999999997e-06,-0.12,-0.05
293,-2.828e-06,-0.04,-0.03
294,-2.8239999999999996e-06,-0.04,-0.05
295,-2.8199999999999997e-06,-0.12,-0.05
296,-2.816e-06,-0.12,-0.03
297,-2.8119999999999995e-06,-0.12,-0.05
298,-2.808e-06,-0.04,-0.05
299,-2.8039999999999998e-06,-0.04,-0.05
300,-2.7999999999999994e-06,-0.04,-0.05
301,-2.796e-06,-0.04,-0.05
302,-2.7919999999999997e-06,-0.04,-0.05
303,-2.788e-06,-0.04,-0.03
304,-2.784e-06,-0.12,-0.03
305,-2.7799999999999996e-06,-0.12,-0.05
306,-2.7759999999999998e-06,-0.04,-0.03
307,-2.772e-06,-0.04,-0.05
308,-2.7679999999999996e-06,-0.12,-0.05
309,-2.7639999999999997e-06,-0.04,-0.03
310,-2.76e-06,-0.12,-0.05
311,-2.7559999999999995e-06,-0.04,-0.03
312,-2.7519999999999997e-06,-0.04,-0.05
313,-2.7479999999999998e-06,-0.12,-0.03
314,-2.7439999999999995e-06,-0.04,-0.05
315,-2.74e-06,-0.04,-0.05
316,-2.7359999999999997e-06,-0.04,-0.03
317,-2.7319999999999994e-06,-0.04,-0.05
318,-2.728e-06,-0.12,-0.03
319,-2.7239999999999997e-06,-0.04,-0.03
320,-2.72e-06,-0.04,-0.05
321,-2.716e-06,-0.12,-0.03
322,-2.7119999999999996e-06,-0.04,-0.05
323,-2.7079999999999997e-06,-0.04,-0.03
324,-2.704e-06,-0.12,-0.03
325,-2.6999999999999996e-06,-0.12,-0.03
326,-2.6959999999999997e-06,-0.12,-0.03
327,-2.692e-06,-0.04,-0.03
328,-2.6879999999999995e-06,-0.12,-0.03
329,-2.684e-06,-0.04,-0.05
330,-2.6799999999999998e-06,-0.04,-0.05
331,-2.6759999999999995e-06,-0.12,-0.03
332,-2.672e-06,-0.12,-0.03
333,-2.6679999999999997e-06,-0.12,-0.03
334,-2.664e-06,-0.12,-0.05
335,-2.66e-06,-0.12,-0.03
336,-2.6559999999999996e-06,-0.12,-0.05
337,-2.6519999999999998e-06,-0.04,-0.03
338,-2.648e-06,-0.04,-0.05
339,-2.6439999999999996e-06,-0.04,-0.05
340,-2.6399999999999997e-06,-0.04,-0.03
341,-2.636e-06,-0.04,-0.05
342,-2.6319999999999995e-06,-0.04,-0.03
343,-2.6279999999999997e-06,-0.04,-0.03
344,-2.6239999999999998e-06,-0.12,-0.03
345,-2.6199999999999995e-06,-0.04,-0.03
346,-2.616e-06,-0.04,-0.03
347,-2.6119999999999997e-06,-0.04,-0.05
348,-2.6079999999999994e-06,-0.04,-0.03
349,-2.604e-06,-0.04,-0.03
350,-2.5999999999999997e-06,-0.04,-0.05
351,-2.596e-06,-0.04,-0.03
352,-2.592e-06,-0.04,-0.03
353,-2.5879999999999996e-06,-0.04,-0.05
354,-2.5839999999999997e-06,-0.12,-0.03
355,-2.58e-06,-0.04,-0.05
356,-2.5759999999999996e-06,-0.12,-0.03
357,-2.5719999999999997e-06,-0.04,-0.03
358,-2.568e-06,-0.04,-0.03
359,-2.5639999999999995e-06,-0.04,-0.03
360,-2.5599999999999996e-06,-0.12,-0.03
361,-2.5559999999999998e-06,-0.04,-0.03
362,-2.5519999999999995e-06,-0.04,-0.05
363,-2.548e-06,-0.04,-0.05
364,-2.5439999999999997e-06,-0.04,-0.03
365,-2.54e-06,-0.12,-0.03
366,-2.536e-06,-0.12,-0.05
367,-2.5319999999999996e-06,-0.04,-0.05
368,-2.5279999999999998e-06,-0.04,-0.05
369,-2.524e-06,-0.04,-0.03
370,-2.5199999999999996e-06,-0.04,-0.03
371,-2.5159999999999997e-06,-0.12,-0.05
372,-2.512e-06,-0.12,-0.05
373,-2.5079999999999995e-06,-0.12,-0.03
374,-2.5039999999999997e-06,-0.12,-0.03
375,-2.4999999999999998e-06,-0.04,-0.03
376,-2.4959999999999995e-06,-0.04,-0.05
377,-2.492e-06,-0.04,-0.05
378,-2.4879999999999997e-06,-0.04,-0.03
379,-2.4839999999999994e-06,-0.04,-0.03
380,-2.48e-06,-0.04,-0.03
381,-2.4759999999999997e-06,-0.04,-0.05
382,-2.472e-06,-0.04,-0.03
383,-2.468e-06,-0.04,-0.03
384,-2.4639999999999996e-06,-0.04,-0.03
385,-2.4599999999999997e-06,-0.04,-0.03
386,-2.456e-06,-0.04,-0.03
387,-2.4519999999999996e-06,-0.12,-0.05
388,-2.4479999999999997e-06,-0.04,-0.03
389,-2.444e-06,-0.12,-0.03
390,-2.4399999999999995e-06,-0.04,-0.03
391,-2.4359999999999996e-06,-0.12,-0.03
392,-2.4319999999999998e-06,-0.12,-0.05
393,-2.4279999999999995e-06,-0.12,-0.05
394,-2.424e-06,-0.12,-0.03
395,-2.4199999999999997e-06,-0.04,-0.03
396,-2.416e-06,-0.04,-0.03
397,-2.412e-06,-0.04,-0.05
398,-2.4079999999999996e-06,-0.04,-0.03
399,-2.4039999999999998e-06,-0.04,-0.03
400,-2.4e-06,-0.04,-0.03
401,-2.3959999999999996e-06,-0.04,-0.03
402,-2.3919999999999997e-06,-0.12,-0.05
403,-2.388e-06,-0.12,-0.03
404,-2.3839999999999995e-06,-0.04,-0.03
405,-2.3799999999999997e-06,-0.04,-0.03
406,-2.3759999999999998e-06,-0.04,-0.03
407,-2.3719999999999995e-06,-0.04,-0.05
408,-2.368e-06,-0.04,-0.03
409,-2.3639999999999997e-06,-0.04,-0.03
410,-2.3599999999999994e-06,-0.12,-0.03
411,-2.356e-06,-0.04,-0.05
412,-2.3519999999999997e-06,-0.04,-0.05
413,-2.348e-06,-0.04,-0.05
414,-2.344e-06,-0.04,-0.05
415,-2.3399999999999996e-06,-0.04,-0.03
416,-2.3359999999999997e-06,-0.04,-0.03
417,-2.332e-06,-0.04,-0.05
418,-2.3279999999999996e-06,-0.12,-0.05
419,-2.3239999999999997e-06,-0.04,-0.05
420,-2.32e-06,-0.04,-0.03
421,-2.3159999999999995e-06,-0.04,-0.03
422,-2.3119999999999996e-06,-0.04,-0.03
423,-2.3079999999999998e-06,-0.04,-0.05
424,-2.3039999999999995e-06,-0.12,-0.05
425,-2.3e-06,-0.04,-0.03
426,-2.2959999999999997e-06,-0.04,-0.03
427,-2.2919999999999994e-06,-0.04,-0.03
428,-2.288e-06,-0.04,-0.05
429,-2.2839999999999996e-06,-0.04,-0.03
430,-2.2799999999999998e-06,-0.04,-0.05
431,-2.276e-06,-0.04,-0.03
432,-2.2719999999999996e-06,-0.04,-0.05
433,-2.2679999999999997e-06,-0.04,-0.03
434,-2.264e-06,-0.04,-0.03
435,-2.2599999999999995e-06,-0.04,-0.03
436,-2.2559999999999997e-06,-0.04,-0.05
437,-2.2519999999999998e-06,-0.12,-0.03
438,-2.2479999999999995e-06,-0.12,-0.03
439,-2.2439999999999996e-06,-0.04,-0.03
440,-2.2399999999999997e-06,-0.04,-0.03
441,-2.2359999999999994e-06,-0.04,-0.03
442,-2.232e-06,-0.04,-0.03
443,-2.2279999999999997e-06,-0.04,-0.03
444,-2.224e-06,-0.04,-0.03
445,-2.22e-06,-0.04,-0.03
446,-2.2159999999999996e-06,-0.04,-0.03
447,-2.2119999999999997e-06,-0.04,-0.05
448,-2.208e-06,-0.04,-0.03
449,-2.2039999999999996e-06,-0.04,-0.03
450,-2.1999999999999997e-06,-0.04,-0.03
451,-2.196e-06,-0.04,-0.05
452,-2.1919999999999995e-06,-0.12,-0.03
453,-2.1879999999999996e-06,-0.04,-0.03
454,-2.1839999999999998e-06,-0.04,-0.05
455,-2.1799999999999995e-06,-0.04,-0.05
456,-2.176e-06,-0.04,-0.03
457,-2.1719999999999997e-06,-0.12,-0.03
458,-2.1679999999999994e-06,-0.04,-0.03
459,-2.164e-06,-0.04,-0.03
460,-2.1599999999999996e-06,-0.12,-0.03
461,-2.1559999999999998e-06,-0.12,-0.05
462,-2.152e-06,-0.04,-0.03
463,-2.1479999999999996e-06,-0.04,-0.03
464,-2.1439999999999997e-06,-0.04,-0.05
465,-2.14e-06,-0.04,-0.05
466,-2.1359999999999995e-06,-0.12,-0.05
467,-2.1319999999999997e-06,-0.12,-0.03
468,-2.1279999999999998e-06,-0.12,-0.03
469,-2.1239999999999995e-06,-0.04,-0.03
470,-2.1199999999999996e-06,-0.04,-0.03
471,-2.1159999999999997e-06,-0.04,-0.03
472,-2.1119999999999994e-06,-0.04,-0.03
473,-2.108e-06,-0.12,-0.03
474,-2.1039999999999997e-06,-0.04,-0.03
475,-2.1e-06,-0.04,-0.03
476,-2.096e-06,-0.04,-0.03
477,-2.0919999999999996e-06,-0.04,-0.05
478,-2.0879999999999997e-06,-0.04,-0.03
479,-2.084e-06,-0.04,-0.03
480,-2.0799999999999996e-06,-0.04,-0.03
481,-2.0759999999999997e-06,-0.04,-0.03
482,-2.072e-06,-0.04,-0.05
483,-2.0679999999999995e-06,-0.04,-0.03
484,-2.0639999999999996e-06,-0.04,-0.03
485,-2.0599999999999998e-06,-0.12,-0.05
486,-2.056e-06,-0.04,-0.05
487,-2.0519999999999996e-06,-0.04,-0.05
488,-2.0479999999999997e-06,-0.04,-0.03
489,-2.044e-06,-0.04,-0.05
490,-2.0399999999999995e-06,-0.12,-0.05
491,-2.0359999999999996e-06,-0.12,-0.03
492,-2.0319999999999998e-06,-0.12,-0.03
493,-2.028e-06,-0.12,-0.03
494,-2.0239999999999996e-06,-0.04,-0.05
495,-2.0199999999999997e-06,-0.04,-0.03
496,-2.016e-06,-0.04,-0.03
497,-2.0119999999999995e-06,-0.04,-0.03
498,-2.0079999999999997e-06,-0.12,-0.03
499,-2.0039999999999998e-06,-0.04,-0.03
500,-1.9999999999999995e-06,-0.04,-0.05
501,-1.9959999999999996e-06,-0.04,-0.03
502,-1.9919999999999997e-06,-0.04,-0.05
503,-1.988e-06,-0.04,-0.03
504,-1.9839999999999996e-06,-0.04,-0.05
505,-1.9799999999999997e-06,-0.12,-0.05
506,-1.976e-06,-0.12,-0.03
507,-1.9719999999999995e-06,-0.04,-0.03
508,-1.9679999999999996e-06,-0.04,-0.05
509,-1.9639999999999997e-06,-0.04,-0.03
510,-1.96e-06,-0.04,-0.03
511,-1.9559999999999996e-06,-0.04,-0.03
512,-1.9519999999999997e-06,-0.04,-0.03
513,-1.948e-06,-0.04,-0.03
514,-1.9439999999999995e-06,-0.04,-0.03
515,-1.9399999999999996e-06,-0.04,-0.03
516,-1.9359999999999998e-06,-0.12,-0.03
517,-1.932e-06,-0.12,-0.03
518,-1.9279999999999996e-06,-0.12,-0.03
519,-1.9239999999999997e-06,-0.12,-0.03
520,-1.92e-06,-0.12,-0.03
521,-1.9159999999999995e-06,-0.04,-0.05
522,-1.9119999999999997e-06,-0.12,-0.03
523,-1.9079999999999998e-06,-0.04,-0.03
524,-1.904e-06,-0.04,-0.03
525,-1.8999999999999996e-06,-0.04,-0.03
526,-1.8959999999999997e-06,-0.12,-0.03
527,-1.8919999999999998e-06,-0.04,-0.03
528,-1.8879999999999995e-06,-0.04,-0.03
529,-1.8839999999999997e-06,-0.12,-0.03
530,-1.8799999999999998e-06,-0.12,-0.03
531,-1.8759999999999995e-06,-0.04,-0.03
532,-1.8719999999999996e-06,-0.12,-0.05
533,-1.8679999999999997e-06,-0.12,-0.03
534,-1.8639999999999999e-06,-0.04,-0.03
535,-1.8599999999999996e-06,-0.12,-0.05
536,-1.8559999999999997e-06,-0.04,-0.03
537,-1.8519999999999998e-06,-0.04,-0.05
538,-1.8479999999999995e-06,-0.04,-0.03
539,-1.8439999999999996e-06,-0.04,-0.03
540,-1.8399999999999997e-06,-0.04,-0.05
541,-1.8359999999999999e-06,-0.04,-0.03
542,-1.8319999999999996e-06,-0.04,-0.03
543,-1.8279999999999997e-06,-0.12,-0.03
544,-1.8239999999999998e-06,-0.04,-0.03
545,-1.8199999999999995e-06,-0.04,-0.03
546,-1.8159999999999996e-06,-0.04,-0.03
547,-1.8119999999999998e-06,-0.04,-0.03
548,-1.8079999999999999e-06,-0.12,-0.03
549,-1.8039999999999996e-06,-0.12,-0.03
550,-1.7999999999999997e-06,-0.12,-0.03
551,-1.7959999999999998e-06,-0.12,-0.03
552,-1.7919999999999995e-06,-0.12,-0.03
553,-1.7879999999999997e-06,-0.04,-0.03
554,-1.7839999999999998e-06,-0.04,-0.05
555,-1.7799999999999995e-06,-0.04,-0.05
556,-1.7759999999999996e-06,-0.12,-0.03
557,-1.7719999999999997e-06,-0.12,-0.03
558,-1.7679999999999998e-06,-0.04,-0.05
559,-1.7639999999999995e-06,-0.04,-0.03
560,-1.7599999999999997e-06,-0.04,-0.03
561,-1.7559999999999998e-06,-0.12,-0.03
562,-1.7519999999999995e-06,-0.04,-0.03
563,-1.7479999999999996e-06,-0.04,-0.03
564,-1.7439999999999997e-06,-0.04,-0.05
565,-1.7399999999999999e-06,-0.04,-0.03
566,-1.7359999999999996e-06,-0.04,-0.05
567,-1.7319999999999997e-06,-0.04,-0.03
568,-1.7279999999999998e-06,-0.04,-0.03
569,-1.7239999999999995e-06,-0.04,-0.03
570,-1.7199999999999996e-06,-0.04,-0.03
571,-1.7159999999999997e-06,-0.04,-0.05
572,-1.7119999999999999e-06,-0.04,-0.03
573,-1.7079999999999996e-06,-0.04,-0.03
574,-1.7039999999999997e-06,-0.12,-0.03
575,-1.6999999999999998e-06,-0.04,-0.05
576,-1.6959999999999995e-06,-0.04,-0.05
577,-1.6919999999999996e-06,-0.12,-0.03
578,-1.6879999999999998e-06,-0.12,-0.03
579,-1.6839999999999999e-06,-0.12,-0.03
580,-1.6799999999999996e-06,-0.12,-0.05
581,-1.6759999999999997e-06,-0.12,-0.03
582,-1.6719999999999998e-06,-0.04,-0.03
583,-1.6679999999999995e-06,-0.12,-0.03
584,-1.6639999999999997e-06,-0.04,-0.03
585,-1.6599999999999998e-06,-0.04,-0.03
586,-1.6559999999999995e-06,-0.04,-0.03
587,-1.6519999999999996e-06,-0.04,-0.03
588,-1.6479999999999997e-06,-0.04,-0.03
589,-1.6439999999999998e-06,-0.04,-0.03
590,-1.6399999999999995e-06,-0.04,-0.03
591,-1.6359999999999997e-06,-0.04,-0.03
592,-1.6319999999999998e-06,-0.12,-0.03
593,-1.6279999999999995e-06,-0.12,-0.03
594,-1.6239999999999996e-06,-0.12,-0.03
595,-1.6199999999999997e-06,-0.12,-0.03
596,-1.6159999999999999e-06,-0.12,-0.03
597,-1.6119999999999996e-06,-0.04,-0.03
598,-1.6079999999999997e-06,-0.12,-0.05
599,-1.6039999999999998e-06,-0.04,-0.03
600,-1.5999999999999995e-06,-0.04,-0.05
601,-1.5959999999999996e-06,-0.12,-0.03
602,-1.5919999999999998e-06,-0.12,-0.03
603,-1.5879999999999999e-06,-0.12,-0.03
604,-1.5839999999999996e-06,-0.12,-0.03
605,-1.5799999999999997e-06,-0.12,-0.05
606,-1.5759999999999998e-06,-0.12,-0.03
607,-1.5719999999999995e-06,-0.12,-0.03
608,-1.5679999999999996e-06,-0.04,-0.05
609,-1.5639999999999998e-06,-0.12,-0.03
610,-1.5599999999999995e-06,-0.12,-0.03
611,-1.5559999999999996e-06,-0.12,-0.03
612,-1.5519999999999997e-06,-0.04,-0.03
613,-1.5479999999999998e-06,-0.12,-0.03
614,-1.5439999999999995e-06,-0.12,-0.03
615,-1.5399999999999997e-06,-0.12,-0.05
616,-1.5359999999999998e-06,-0.04,-0.03
617,-1.5319999999999995e-06,-0.04,-0.03
618,-1.5279999999999996e-06,-0.12,-0.03
619,-1.5239999999999997e-06,-0.04,-0.03
620,-1.5199999999999998e-06,-0.04,-0.03
621,-1.5159999999999995e-06,-0.12,-0.03
622,-1.5119999999999997e-06,-0.12,-0.05
623,-1.5079999999999998e-06,-0.12,-0.03
624,-1.5039999999999995e-06,-0.12,-0.03
625,-1.4999999999999996e-06,-0.12,-0.03
626,-1.4959999999999997e-06,-0.12,-0.03
627,-1.4919999999999999e-06,-0.12,-0.05
628,-1.4879999999999996e-06,-0.12,-0.03
629,-1.4839999999999997e-06,-0.12,-0.03
630,-1.4799999999999998e-06,-0.04,-0.03
631,-1.4759999999999995e-06,-0.04,-0.03
632,-1.4719999999999996e-06,-0.04,-0.03
633,-1.4679999999999998e-06,-0.04,-0.03
634,-1.4639999999999995e-06,-0.12,-0.03
635,-1.4599999999999996e-06,-0.04,-0.03
636,-1.4559999999999997e-06,-0.04,-0.03
637,-1.4519999999999998e-06,-0.04,-0.03
638,-1.4479999999999995e-06,-0.04,-0.03
639,-1.4439999999999996e-06,-0.12,-0.03
640,-1.4399999999999998e-06,-0.04,-0.03
641,-1.4359999999999995e-06,-0.04,-0.03
642,-1.4319999999999996e-06,-0.04,-0.03
643,-1.4279999999999997e-06,-0.04,-0.03
644,-1.4239999999999998e-06,-0.04,-0.03
645,-1.4199999999999995e-06,-0.04,-0.03
646,-1.4159999999999997e-06,-0.04,-0.05
647,-1.4119999999999998e-06,-0.04,-0.03
648,-1.4079999999999995e-06,-0.04,-0.03
649,-1.4039999999999996e-06,-0.12,-0.03
650,-1.3999999999999997e-06,-0.12,-0.03
651,-1.3959999999999998e-06,-0.12,-0.03
652,-1.3919999999999995e-06,-0.12,-0.03
653,-1.3879999999999997e-06,-0.12,-0.05
654,-1.3839999999999998e-06,-0.12,-0.03
655,-1.3799999999999995e-06,-0.12,-0.03
656,-1.3759999999999996e-06,-0.04,-0.03
657,-1.3719999999999997e-06,-0.04,-0.03
658,-1.3679999999999999e-06,-0.12,-0.05
659,-1.3639999999999996e-06,-0.12,-0.03
660,-1.3599999999999997e-06,-0.04,-0.03
661,-1.3559999999999998e-06,-0.04,-0.03
662,-1.3519999999999995e-06,-0.12,-0.05
663,-1.3479999999999996e-06,-0.12,-0.05
664,-1.3439999999999998e-06,-0.12,-0.03
665,-1.3399999999999995e-06,-0.04,-0.03
666,-1.3359999999999996e-06,-0.04,-0.03
667,-1.3319999999999997e-06,-0.12,-0.03
668,-1.3279999999999998e-06,-0.04,-0.03
669,-1.3239999999999995e-06,-0.12,-0.03
670,-1.3199999999999996e-06,-0.12,-0.03
671,-1.3159999999999998e-06,-0.04,-0.03
672,-1.3119999999999995e-06,-0.12,-0.03
673,-1.3079999999999996e-06,-0.04,-0.03
674,-1.3039999999999997e-06,-0.04,-0.03
675,-1.2999999999999998e-06,-0.04,-0.03
676,-1.2959999999999995e-06,-0.04,-0.05
677,-1.2919999999999997e-06,-0.04,-0.05
678,-1.2879999999999998e-06,-0.04,-0.03
679,-1.2839999999999995e-06,-0.04,-0.03
680,-1.2799999999999996e-06,-0.04,-0.03
681,-1.2759999999999997e-06,-0.04,-0.05
682,-1.2719999999999998e-06,-0.04,-0.03
683,-1.2679999999999995e-06,-0.04,-0.03
684,-1.2639999999999997e-06,-0.12,-0.03
685,-1.2599999999999998e-06,-0.04,-0.03
686,-1.2559999999999995e-06,-0.04,-0.05
687,-1.2519999999999996e-06,-0.04,-0.03
688,-1.2479999999999997e-06,-0.04,-0.05
689,-1.2439999999999994e-06,-0.04,-0.05
690,-1.2399999999999996e-06,-0.04,-0.03
691,-1.2359999999999997e-06,-0.04,-0.03
692,-1.2319999999999998e-06,-0.04,-0.03
693,-1.2279999999999995e-06,-0.12,-0.03
694,-1.2239999999999996e-06,-0.04,-0.03
695,-1.2199999999999998e-06,-0.04,-0.03
696,-1.2159999999999995e-06,-0.04,-0.05
697,-1.2119999999999996e-06,-0.04,-0.03
698,-1.2079999999999997e-06,-0.12,-0.05
699,-1.2039999999999998e-06,-0.04,-0.03
700,-1.1999999999999995e-06,-0.04,-0.03
701,-1.1959999999999996e-06,-0.04,-0.05
702,-1.1919999999999998e-06,-0.04,-0.03
703,-1.1879999999999995e-06,-0.12,-0.05
704,-1.1839999999999996e-06,-0.04,-0.03
705,-1.1799999999999997e-06,-0.04,-0.03
706,-1.1759999999999998e-06,-0.04,-0.03
707,-1.1719999999999995e-06,-0.04,-0.03
708,-1.1679999999999997e-06,-0.12,-0.03
709,-1.1639999999999998e-06,-0.12,-0.03
710,-1.1599999999999995e-06,-0.12,-0.03
711,-1.1559999999999996e-06,-0.12,-0.03
712,-1.1519999999999997e-06,-0.12,-0.03
713,-1.1479999999999999e-06,-0.04,-0.03
714,-1.1439999999999996e-06,-0.04,-0.03
715,-1.1399999999999997e-06,-0.04,-0.03
716,-1.1359999999999998e-06,-0.04,-0.03
717,-1.1319999999999995e-06,-0.04,-0.03
718,-1.1279999999999996e-06,-0.12,-0.03
719,-1.1239999999999997e-06,-0.04,-0.03
720,-1.1199999999999994e-06,-0.04,-0.03
721,-1.1159999999999996e-06,-0.04,-0.05
722,-1.1119999999999997e-06,-0.12,-0.05
723,-1.1079999999999998e-06,-0.12,-0.03
724,-1.1039999999999995e-06,-0.12,-0.03
725,-1.0999999999999996e-06,-0.04,-0.03
726,-1.0959999999999998e-06,-0.04,-0.03
727,-1.0919999999999995e-06,-0.12,-0.05
728,-1.0879999999999996e-06,-0.12,-0.03
729,-1.0839999999999997e-06,-0.12,-0.03
730,-1.0799999999999998e-06,-0.04,-0.03
731,-1.0759999999999995e-06,-0.04,-0.03
732,-1.0719999999999996e-06,-0.04,-0.03
733,-1.0679999999999998e-06,-0.04,-0.03
734,-1.0639999999999995e-06,-0.12,-0.03
735,-1.0599999999999996e-06,-0.04,-0.05
736,-1.0559999999999997e-06,-0.04,-0.03
737,-1.0519999999999998e-06,-0.04,-0.03
738,-1.0479999999999995e-06,-0.04,-0.03
739,-1.0439999999999997e-06,-0.04,-0.03
740,-1.0399999999999998e-06,-0.04,-0.03
741,-1.0359999999999995e-06,-0.04,-0.03
742,-1.0319999999999996e-06,-0.04,-0.03
743,-1.0279999999999997e-06,-0.04,-0.03
744,-1.0239999999999994e-06,-0.04,-0.03
745,-1.0199999999999996e-06,-0.04,-0.03
746,-1.0159999999999997e-06,-0.12,-0.03
747,-1.0119999999999998e-06,-0.04,-0.03
748,-1.0079999999999995e-06,-0.04,-0.03
749,-1.0039999999999996e-06,-0.04,-0.03
750,-9.999999999999997e-07,-0.04,-0.03
751,-9.959999999999994e-07,-0.12,-0.03
752,-9.919999999999996e-07,-0.12,-0.03
753,-9.879999999999997e-07,-0.04,-0.05
754,-9.839999999999998e-07,-0.04,-0.03
755,-9.799999999999995e-07,-0.04,-0.03
756,-9.759999999999996e-07,-0.12,-0.03
757,-9.719999999999998e-07,-0.12,-0.03
758,-9.679999999999995e-07,-0.12,-0.05
759,-9.639999999999996e-07,-0.12,-0.03
760,-9.599999999999997e-07,-0.12,-0.05
761,-9.559999999999998e-07,-0.04,-0.03
762,-9.519999999999995e-07,-0.04,-0.03
763,-9.479999999999996e-07,-0.12,-0.05
764,-9.439999999999998e-07,-0.04,-0.03
765,-9.399999999999995e-07,-0.04,-0.03
766,-9.359999999999996e-07,-0.04,-0.05
767,-9.319999999999997e-07,-0.04,-0.03
768,-9.279999999999994e-07,-0.04,-0.03
769,-9.239999999999995e-07,-0.04,-0.03
770,-9.199999999999997e-07,-0.04,-0.03
771,-9.159999999999998e-07,-0.04,-0.03
772,-9.119999999999995e-07,-0.04,-0.03
773,-9.079999999999996e-07,-0.04,-0.03
774,-9.039999999999997e-07,-0.12,-0.03
775,-8.999999999999994e-07,-0.12,-0.03
776,-8.959999999999996e-07,-0.12,-0.03
777,-8.919999999999997e-07,-0.12,-0.03
778,-8.879999999999998e-07,-0.04,-0.03
779,-8.839999999999995e-07,-0.04,-0.03
780,-8.799999999999996e-07,-0.04,-0.03
781,-8.759999999999997e-07,-0.04,-0.03
782,-8.719999999999994e-07,-0.04,-0.03
783,-8.679999999999996e-07,-0.04,-0.03
784,-8.639999999999997e-07,-0.04,-0.03
785,-8.599999999999998e-07,-0.04,-0.03
786,-8.559999999999995e-07,-0.04,-0.03
787,-8.519999999999996e-07,-0.04,-0.03
788,-8.479999999999998e-07,-0.12,-0.03
789,-8.439999999999995e-07,-0.12,-0.03
790,-8.399999999999996e-07,-0.04,-0.03
791,-8.359999999999997e-07,-0.04,-0.03
792,-8.319999999999998e-07,-0.04,-0.03
793,-8.279999999999995e-07,-0.04,-0.03
794,-8.239999999999996e-07,-0.04,-0.03
795,-8.199999999999998e-07,-0.04,-0.03
796,-8.159999999999995e-07,-0.04,-0.03
797,-8.119999999999996e-07,-0.04,-0.03
798,-8.079999999999997e-07,-0.04,-0.03
799,-8.039999999999994e-07,-0.04,-0.03
800,-7.999999999999995e-07,-0.04,-0.05
801,-7.959999999999997e-07,-0.04,-0.05
802,-7.919999999999998e-07,-0.04,-0.03
803,-7.879999999999995e-07,-0.12,-0.03
804,-7.839999999999996e-07,-0.04,-0.03
805,-7.799999999999997e-07,-0.04,-0.05
806,-7.759999999999994e-07,-0.04,-0.03
807,-7.719999999999996e-07,-0.04,-0.03
808,-7.679999999999997e-07,-0.04,-0.05
809,-7.639999999999998e-07,-0.04,-0.03
810,-7.599999999999995e-07,-0.04,-0.05
811,-7.559999999999996e-07,-0.04,-0.03
812,-7.519999999999997e-07,-0.04,-0.05
813,-7.479999999999994e-07,-0.04,-0.05
814,-7.439999999999996e-07,-0.04,-0.03
815,-7.399999999999997e-07,-0.04,-0.03
816,-7.359999999999998e-07,-0.04,-0.03
817,-7.319999999999995e-07,-0.04,-0.03
818,-7.279999999999996e-07,-0.04,-0.03
819,-7.239999999999998e-07,-0.12,-0.05
820,-7.199999999999995e-07,-0.04,-0.03
821,-7.159999999999996e-07,-0.12,-0.03
822,-7.119999999999997e-07,-0.04,-0.03
823,-7.079999999999994e-07,-0.04,-0.05
824,-7.039999999999995e-07,-0.04,-0.03
825,-6.999999999999997e-07,-0.04,-0.05
826,-6.959999999999998e-07,-0.04,-0.03
827,-6.919999999999995e-07,-0.04,-0.03
828,-6.879999999999996e-07,-0.04,-0.03
829,-6.839999999999997e-07,-0.04,-0.03
830,-6.799999999999994e-07,-0.12,-0.03
831,-6.759999999999995e-07,-0.04,-0.03
832,-6.719999999999997e-07,-0.04,-0.03
833,-6.679999999999998e-07,-0.04,-0.03
834,-6.639999999999995e-07,-0.04,-0.03
835,-6.599999999999996e-07,-0.04,-0.03
836,-6.559999999999997e-07,-0.04,-0.03
837,-6.519999999999994e-07,-0.04,-0.03
838,-6.479999999999996e-07,-0.04,-0.03
839,-6.439999999999997e-07,-0.04,-0.03
840,-6.399999999999998e-07,-0.04,-0.05
841,-6.359999999999995e-07,-0.04,-0.03
842,-6.319999999999996e-07,-0.04,-0.03
843,-6.279999999999997e-07,-0.04,-0.05
844,-6.239999999999994e-07,-0.04,-0.03
845,-6.199999999999996e-07,-0.12,-0.05
846,-6.159999999999997e-07,-0.04,-0.03
847,-6.119999999999998e-07,-0.04,-0.05
848,-6.079999999999995e-07,-0.12,-0.03
849,-6.039999999999996e-07,-0.04,-0.03
850,-5.999999999999998e-07,-0.04,-0.03
851,-5.959999999999995e-07,-0.12,-0.03
852,-5.919999999999996e-07,-0.12,-0.03
853,-5.879999999999997e-07,-0.12,-0.03
854,-5.839999999999994e-07,-0.04,-0.03
855,-5.799999999999995e-07,-0.04,-0.03
856,-5.759999999999997e-07,-0.12,-0.03
857,-5.719999999999998e-07,-0.04,-0.03
858,-5.679999999999995e-07,-0.04,-0.03
859,-5.639999999999996e-07,-0.04,-0.05
860,-5.599999999999997e-07,-0.04,-0.05
861,-5.559999999999994e-07,-0.04,-0.03
862,-5.519999999999995e-07,-0.04,-0.03
863,-5.479999999999997e-07,-0.04,-0.03
864,-5.439999999999998e-07,-0.04,-0.03
865,-5.399999999999995e-07,-0.04,-0.03
866,-5.359999999999996e-07,-0.12,-0.03
867,-5.319999999999997e-07,-0.04,-0.03
868,-5.279999999999994e-07,-0.04,-0.03
869,-5.239999999999996e-07,-0.04,-0.03
870,-5.199999999999997e-07,-0.04,-0.03
871,-5.159999999999998e-07,-0.04,-0.03
872,-5.119999999999995e-07,-0.04,-0.03
873,-5.079999999999996e-07,-0.04,-0.03
874,-5.039999999999997e-07,-0.04,-0.03
875,-4.999999999999994e-07,-0.04,-0.03
876,-4.959999999999996e-07,-0.12,-0.03
877,-4.919999999999997e-07,-0.04,-0.03
878,-4.879999999999994e-07,-0.04,-0.03
879,-4.839999999999995e-07,-0.12,-0.03
880,-4.799999999999996e-07,-0.12,-0.03
881,-4.7599999999999976e-07,-0.12,-0.03
882,-4.7199999999999946e-07,-0.04,-0.03
883,-4.679999999999996e-07,-0.04,-0.03
884,-4.639999999999997e-07,-0.04,-0.03
885,-4.599999999999994e-07,-0.04,-0.03
886,-4.5599999999999953e-07,-0.04,-0.03
887,-4.5199999999999965e-07,-0.04,-0.03
888,-4.479999999999998e-07,-0.04,-0.03
889,-4.439999999999995e-07,-0.04,-0.03
890,-4.399999999999996e-07,-0.04,-0.03
891,-4.359999999999997e-07,-0.04,-0.03
892,-4.319999999999994e-07,-0.04,-0.03
893,-4.2799999999999954e-07,-0.04,-0.03
894,-4.2399999999999967e-07,-0.04,-0.03
895,-4.199999999999998e-07,-0.12,-0.03
896,-4.159999999999995e-07,-0.12,-0.03
897,-4.119999999999996e-07,-0.04,-0.03
898,-4.0799999999999974e-07,-0.04,-0.03
899,-4.0399999999999944e-07,-0.12,-0.03
900,-3.9999999999999956e-07,-0.04,-0.03
901,-3.959999999999997e-07,-0.04,-0.03
902,-3.919999999999998e-07,-0.04,-0.03
903,-3.879999999999995e-07,-0.04,-0.03
904,-3.8399999999999963e-07,-0.04,-0.03
905,-3.7999999999999975e-07,-0.04,-0.03
906,-3.7599999999999945e-07,-0.04,-0.03
907,-3.7199999999999957e-07,-0.04,-0.03
908,-3.679999999999997e-07,-0.04,-0.03
909,-3.639999999999994e-07,-0.04,-0.03
910,-3.599999999999995e-07,-0.04,-0.03
911,-3.5599999999999964e-07,-0.04,-0.03
912,-3.5199999999999976e-07,-0.04,-0.05
913,-3.4799999999999946e-07,-0.04,-0.03
914,-3.439999999999996e-07,-0.12,-0.03
915,-3.399999999999997e-07,-0.04,-0.03
916,-3.359999999999994e-07,-0.04,-0.03
917,-3.3199999999999953e-07,-0.04,-0.03
918,-3.2799999999999965e-07,-0.04,-0.03
919,-3.239999999999998e-07,-0.04,-0.03
920,-3.199999999999995e-07,-0.04,-0.03
921,-3.159999999999996e-07,-0.12,-0.03
922,-3.119999999999997e-07,-0.04,-0.03
923,-3.079999999999994e-07,-0.04,-0.05
924,-3.0399999999999955e-07,-0.04,-0.03
925,-2.9999999999999967e-07,-0.04,-0.03
926,-2.959999999999998e-07,-0.04,-0.03
927,-2.919999999999995e-07,-0.04,-0.03
928,-2.879999999999996e-07,-0.12,-0.03
929,-2.8399999999999974e-07,-0.12,-0.03
930,-2.7999999999999944e-07,-0.12,-0.03
931,-2.7599999999999956e-07,-0.04,-0.03
932,-2.719999999999997e-07,-0.04,-0.03
933,-2.679999999999994e-07,-0.04,-0.03
934,-2.639999999999995e-07,-0.04,-0.03
935,-2.5999999999999963e-07,-0.04,-0.03
936,-2.5599999999999975e-07,-0.12,-0.03
937,-2.5199999999999945e-07,-0.04,-0.03
938,-2.479999999999996e-07,-0.04,-0.03
939,-2.439999999999997e-07,-0.04,-0.03
940,-2.399999999999994e-07,-0.04,-0.03
941,-2.3599999999999952e-07,-0.04,-0.03
942,-2.3199999999999964e-07,-0.04,-0.03
943,-2.2799999999999977e-07,-0.12,-0.03
944,-2.2399999999999946e-07,-0.12,-0.03
945,-2.199999999999996e-07,-0.12,-0.03
946,-2.159999999999997e-07,-0.04,-0.03
947,-2.119999999999994e-07,-0.04,-0.03
948,-2.0799999999999953e-07,-0.12,-0.03
949,-2.0399999999999966e-07,-0.12,-0.03
950,-1.9999999999999978e-07,-0.04,-0.03
951,-1.9599999999999948e-07,-0.12,-0.03
952,-1.919999999999996e-07,-0.04,-0.05
953,-1.8799999999999972e-07,-0.04,-0.03
954,-1.8399999999999942e-07,-0.04,-0.03
955,-1.7999999999999997e-07,-0.04,-0.03
956,-1.7599999999999967e-07,-0.04,-0.03
957,-1.7199999999999937e-07,-0.04,-0.03
958,-1.6799999999999992e-07,-0.04,-0.03
959,-1.6399999999999962e-07,-0.04,-0.03
960,-1.5999999999999932e-07,-0.04,-0.03
961,-1.5599999999999986e-07,-0.04,-0.03
962,-1.5199999999999956e-07,-0.12,-0.03
963,-1.4799999999999926e-07,-0.04,-0.03
964,-1.439999999999998e-07,-0.04,-0.03
965,-1.399999999999995e-07,-0.04,-0.05
966,-1.359999999999992e-07,-0.12,-0.03
967,-1.3199999999999975e-07,-0.12,-0.03
968,-1.2799999999999945e-07,-0.04,-0.03
969,-1.24e-07,-0.04,-0.05
970,-1.199999999999997e-07,-0.04,-0.03
971,-1.159999999999994e-07,-0.04,-0.03
972,-1.1199999999999994e-07,-0.04,-0.05
973,-1.0799999999999964e-07,-0.04,-0.03
974,-1.0399999999999934e-07,-0.04,-0.03
975,-9.999999999999989e-08,-0.04,-0.03
976,-9.599999999999959e-08,-0.04,-0.03
977,-9.199999999999929e-08,-0.04,-0.03
978,-8.799999999999984e-08,-0.04,-0.03
979,-8.399999999999953e-08,-0.04,-0.03
980,-7.999999999999923e-08,-0.04,-0.03
981,-7.599999999999978e-08,-0.12,-0.03
982,-7.199999999999948e-08,-0.04,-0.03
983,-6.799999999999918e-08,-0.04,-0.03
984,-6.399999999999973e-08,-0.12,-0.03
985,-5.999999999999943e-08,-0.04,-0.03
986,-5.599999999999997e-08,-0.04,-0.03
987,-5.199999999999967e-08,-0.12,-0.03
988,-4.799999999999937e-08,-0.04,-0.03
989,-4.399999999999992e-08,-0.04,-0.03
990,-3.999999999999962e-08,-0.04,-0.03
991,-3.5999999999999317e-08,-0.12,-0.03
992,-3.199999999999986e-08,-0.04,-0.05
993,-2.7999999999999563e-08,-0.04,-0.05
994,-2.3999999999999262e-08,-0.04,-0.03
995,-1.999999999999981e-08,-0.04,-0.03
996,-1.5999999999999508e-08,-0.04,-0.03
997,-1.1999999999999207e-08,-0.04,-0.05
998,-7.999999999999754e-09,-0.04,-0.03
999,-3.9999999999994535e-09,-0.04,-0.05
1000,8.470329472543003e-22,0.04,-0.03
1001,4.0000000000003005e-09,-0.04,-0.03
1002,8.000000000000601e-09,-0.04,-0.03
1003,1.2000000000000055e-08,-0.12,-0.03
1004,1.6000000000000355e-08,-0.04,-0.03
1005,2.0000000000000656e-08,-0.04,-0.03
1006,2.400000000000011e-08,-0.04,-0.03
1007,2.800000000000041e-08,-0.04,-0.03
1008,3.200000000000071e-08,-0.04,-0.03
1009,3.6000000000000164e-08,-0.04,-0.03
1010,4.0000000000000464e-08,-0.04,-0.03
1011,4.4000000000000765e-08,-0.04,-0.05
1012,4.800000000000022e-08,-0.04,-0.03
1013,5.200000000000052e-08,-0.12,-0.03
1014,5.600000000000082e-08,-0.04,-0.03
1015,6.000000000000027e-08,-0.04,-0.03
1016,6.400000000000057e-08,-0.04,-0.03
1017,6.800000000000003e-08,-0.04,-0.03
1018,7.200000000000033e-08,-0.04,-0.03
1019,7.600000000000063e-08,-0.04,-0.03
1020,8.000000000000008e-08,-0.04,-0.05
1021,8.400000000000038e-08,-0.04,-0.05
1022,8.800000000000068e-08,-0.04,-0.03
1023,9.200000000000014e-08,-0.04,-0.03
1024,9.600000000000044e-08,-0.04,-0.03
1025,1.0000000000000074e-07,-0.12,-0.05
1026,1.0400000000000019e-07,-0.04,-0.03
1027,1.0800000000000049e-07,-0.04,-0.03
1028,1.1200000000000079e-07,-0.04,-0.03
1029,1.1600000000000024e-07,-0.04,-0.03
1030,1.2000000000000055e-07,-0.04,-0.03
1031,1.2400000000000085e-07,-0.04,-0.03
1032,1.280000000000003e-07,-0.12,-0.03
1033,1.320000000000006e-07,-0.04,-0.03
1034,1.3600000000000005e-07,-0.04,-0.03
1035,1.4000000000000035e-07,-0.12,-0.03
1036,1.4400000000000065e-07,-0.04,-0.03
1037,1.480000000000001e-07,-0.04,-0.03
1038,1.520000000000004e-07,-0.12,-0.03
1039,1.560000000000007e-07,-0.04,-0.03
1040,1.6000000000000016e-07,-0.04,-0.03
1041,1.6400000000000046e-07,-0.04,-0.03
1042,1.6800000000000076e-07,-0.12,-0.03
1043,1.7200000000000022e-07,-0.04,-0.03
1044,1.7600000000000052e-07,-0.04,-0.05
1045,1.8000000000000082e-07,-0.04,-0.03
1046,1.8400000000000027e-07,-0.04,-0.03
1047,1.8800000000000057e-07,-0.04,-0.03
1048,1.9200000000000003e-07,-0.04,-0.03
1049,1.9600000000000033e-07,-0.04,-0.03
1050,2.0000000000000063e-07,-0.04,-0.03
1051,2.0400000000000008e-07,-0.04,-0.03
1052,2.0800000000000038e-07,-0.04,-0.03
1053,2.1200000000000068e-07,-0.04,-0.03
1054,2.1600000000000013e-07,-0.04,-0.03
1055,2.2000000000000043e-07,-0.04,-0.03
1056,2.2400000000000074e-07,-0.04,-0.03
1057,2.280000000000002e-07,-0.04,-0.03
1058,2.320000000000005e-07,-0.04,-0.03
1059,2.360000000000008e-07,-0.04,-0.03
1060,2.4000000000000024e-07,-0.04,-0.03
1061,2.4400000000000054e-07,-0.04,-0.03
1062,2.4800000000000084e-07,-0.04,-0.03
1063,2.520000000000003e-07,-0.04,-0.03
1064,2.560000000000006e-07,-0.04,-0.01
1065,2.6000000000000005e-07,-0.12,-0.03
1066,2.6400000000000035e-07,-0.12,-0.03
1067,2.6800000000000065e-07,-0.12,-0.03
1068,2.720000000000001e-07,-0.04,-0.03
1069,2.760000000000004e-07,-0.04,-0.03
1070,2.800000000000007e-07,-0.04,-0.03
1071,2.8400000000000016e-07,-0.04,-0.03
1072,2.8800000000000046e-07,-0.04,-0.03
1073,2.9200000000000076e-07,-0.04,-0.03
1074,2.960000000000002e-07,-0.04,-0.03
1075,3.000000000000005e-07,-0.04,-0.03
1076,3.040000000000008e-07,-0.04,-0.03
1077,3.0800000000000027e-07,-0.04,-0.03
1078,3.1200000000000057e-07,-0.04,-0.03
1079,3.1600000000000087e-07,-0.04,-0.03
1080,3.200000000000003e-07,-0.04,-0.03
1081,3.240000000000006e-07,-0.04,-0.03
1082,3.280000000000001e-07,-0.04,-0.03
1083,3.320000000000004e-07,-0.04,-0.03
1084,3.360000000000007e-07,-0.04,-0.03
1085,3.4000000000000013e-07,-0.04,-0.03
1086,3.4400000000000043e-07,-0.04,-0.03
1087,3.4800000000000073e-07,-0.12,-0.03
1088,3.520000000000002e-07,-0.04,-0.03
1089,3.560000000000005e-07,-0.04,-0.03
1090,3.600000000000008e-07,-0.04,-0.03
1091,3.6400000000000024e-07,-0.04,-0.03
1092,3.6800000000000054e-07,-0.04,-0.03
1093,3.7200000000000084e-07,-0.04,-0.03
1094,3.760000000000003e-07,-0.12,-0.03
1095,3.800000000000006e-07,-0.04,-0.03
1096,3.8400000000000005e-07,-0.04,-0.03
1097,3.8800000000000035e-07,-0.04,-0.03
1098,3.9200000000000065e-07,-0.04,-0.03
1099,3.960000000000001e-07,-0.04,-0.03
1100,4.000000000000004e-07,-0.04,-0.03
1101,4.040000000000007e-07,-0.04,-0.03
1102,4.0800000000000016e-07,-0.04,-0.03
1103,4.1200000000000046e-07,-0.04,-0.03
1104,4.1600000000000076e-07,-0.04,-0.03
1105,4.200000000000002e-07,-0.04,-0.03
1106,4.240000000000005e-07,-0.04,-0.03
1107,4.280000000000008e-07,-0.04,-0.03
1108,4.3200000000000027e-07,-0.12,-0.03
1109,4.3600000000000057e-07,-0.04,-0.03
1110,4.4000000000000087e-07,-0.04,-0.03
1111,4.440000000000003e-07,-0.04,-0.03
1112,4.480000000000006e-07,-0.04,-0.03
1113,4.520000000000001e-07,-0.04,-0.03
1114,4.560000000000004e-07,-0.04,-0.03
1115,4.600000000000007e-07,-0.04,-0.03
1116,4.6400000000000013e-07,-0.04,-0.03
1117,4.6800000000000043e-07,-0.04,-0.03
1118,4.7200000000000073e-07,-0.04,-0.03
1119,4.760000000000002e-07,-0.04,-0.03
1120,4.800000000000005e-07,-0.04,-0.03
1121,4.840000000000008e-07,-0.04,-0.03
1122,4.880000000000002e-07,-0.04,-0.03
1123,4.920000000000005e-07,-0.04,-0.03
1124,4.960000000000008e-07,-0.04,-0.03
1125,5.000000000000003e-07,-0.04,-0.03
1126,5.040000000000006e-07,-0.04,-0.03
1127,5.08e-07,-0.04,-0.03
1128,5.120000000000003e-07,-0.04,-0.03
1129,5.160000000000007e-07,-0.04,-0.03
1130,5.200000000000001e-07,-0.04,-0.03
1131,5.240000000000004e-07,-0.04,-0.03
1132,5.280000000000007e-07,-0.04,-0.03
1133,5.320000000000002e-07,-0.04,-0.03
1134,5.360000000000005e-07,-0.04,-0.03
1135,5.400000000000008e-07,-0.04,-0.03
1136,5.440000000000002e-07,-0.04,-0.03
1137,5.480000000000005e-07,-0.04,-0.03
1138,5.520000000000008e-07,-0.04,-0.03
1139,5.560000000000003e-07,-0.04,-0.03
1140,5.600000000000006e-07,-0.04,-0.03
1141,5.640000000000009e-07,-0.04,-0.03
1142,5.680000000000003e-07,-0.04,-0.03
1143,5.720000000000006e-07,-0.04,-0.03
1144,5.760000000000001e-07,-0.04,-0.03
1145,5.800000000000004e-07,-0.04,-0.03
1146,5.840000000000007e-07,-0.04,-0.03
1147,5.880000000000001e-07,-0.04,-0.03
1148,5.920000000000004e-07,-0.04,-0.03
1149,5.960000000000007e-07,-0.04,-0.03
1150,6.000000000000002e-07,-0.04,-0.03
1151,6.040000000000005e-07,-0.04,-0.03
1152,6.080000000000008e-07,-0.04,-0.03
1153,6.120000000000002e-07,-0.04,-0.03
1154,6.160000000000005e-07,-0.04,-0.03
1155,6.200000000000008e-07,-0.04,-0.03
1156,6.240000000000003e-07,-0.04,-0.03
1157,6.280000000000006e-07,-0.04,-0.03
1158,6.32e-07,-0.04,-0.03
1159,6.360000000000003e-07,-0.04,-0.03
1160,6.400000000000006e-07,-0.04,-0.03
1161,6.440000000000001e-07,-0.04,-0.03
1162,6.480000000000004e-07,-0.04,-0.03
1163,6.520000000000007e-07,-0.04,-0.03
1164,6.560000000000002e-07,-0.04,-0.03
1165,6.600000000000005e-07,-0.04,-0.03
1166,6.640000000000008e-07,-0.04,-0.03
1167,6.680000000000002e-07,-0.04,-0.03
1168,6.720000000000005e-07,-0.04,-0.03
1169,6.760000000000008e-07,-0.04,-0.03
1170,6.800000000000003e-07,-0.04,-0.03
1171,6.840000000000006e-07,-0.04,-0.03
1172,6.880000000000009e-07,-0.04,-0.03
1173,6.920000000000003e-07,-0.04,-0.03
1174,6.960000000000006e-07,-0.04,-0.01
1175,7.000000000000001e-07,-0.04,-0.03
1176,7.040000000000004e-07,-0.04,-0.03
1177,7.080000000000007e-07,-0.04,-0.03
1178,7.120000000000001e-07,-0.04,-0.03
1179,7.160000000000004e-07,-0.04,-0.03
1180,7.200000000000007e-07,-0.04,-0.03
1181,7.240000000000002e-07,-0.04,-0.03
1182,7.280000000000005e-07,-0.04,-0.03
1183,7.320000000000008e-07,-0.04,-0.03
1184,7.360000000000002e-07,-0.04,-0.03
1185,7.400000000000005e-07,-0.04,-0.03
1186,7.440000000000008e-07,-0.04,-0.03
1187,7.480000000000003e-07,-0.04,-0.03
1188,7.520000000000006e-07,-0.04,-0.03
1189,7.560000000000009e-07,-0.04,-0.03
1190,7.600000000000003e-07,-0.04,-0.03
1191,7.640000000000006e-07,-0.04,-0.03
1192,7.680000000000001e-07,-0.04,-0.03
1193,7.720000000000004e-07,-0.04,-0.03
1194,7.760000000000007e-07,-0.04,-0.03
1195,7.800000000000002e-07,-0.04,-0.03
1196,7.840000000000005e-07,-0.12,-0.03
1197,7.880000000000008e-07,-0.12,-0.03
1198,7.920000000000002e-07,-0.12,-0.03
1199,7.960000000000005e-07,-0.12,-0.03
1200,8.000000000000008e-07,-0.12,-0.03
1201,8.040000000000003e-07,-0.12,-0.03
1202,8.080000000000006e-07,-0.04,-0.03
1203,8.120000000000009e-07,-0.04,-0.03
1204,8.160000000000003e-07,-0.04,-0.03
1205,8.200000000000006e-07,-0.04,-0.03
1206,8.240000000000001e-07,-0.04,-0.03
1207,8.280000000000004e-07,-0.04,-0.03
1208,8.320000000000007e-07,-0.04,-0.03
1209,8.360000000000001e-07,-0.04,-0.03
1210,8.400000000000004e-07,-0.04,-0.03
1211,8.440000000000007e-07,-0.04,-0.03
1212,8.480000000000002e-07,-0.12,-0.03
1213,8.520000000000005e-07,-0.04,-0.03
1214,8.560000000000008e-07,-0.04,-0.05
1215,8.600000000000002e-07,-0.04,-0.03
1216,8.640000000000005e-07,-0.04,-0.03
1217,8.680000000000008e-07,-0.04,-0.03
1218,8.720000000000003e-07,-0.04,-0.03
1219,8.760000000000006e-07,-0.04,-0.03
1220,8.800000000000009e-07,-0.04,-0.03
1221,8.840000000000003e-07,-0.04,-0.03
1222,8.880000000000006e-07,-0.04,-0.03
1223,8.920000000000001e-07,-0.04,-0.03
1224,8.960000000000004e-07,-0.04,-0.03
1225,9.000000000000007e-07,-0.04,-0.03
1226,9.040000000000002e-07,-0.04,-0.03
1227,9.080000000000005e-07,-0.04,-0.03
1228,9.120000000000008e-07,-0.04,-0.03
1229,9.160000000000002e-07,-0.04,-0.03
1230,9.200000000000005e-07,-0.04,-0.03
1231,9.240000000000008e-07,-0.04,-0.03
1232,9.280000000000003e-07,-0.12,-0.03
1233,9.320000000000006e-07,-0.04,-0.03
1234,9.360000000000009e-07,-0.04,-0.03
1235,9.400000000000003e-07,-0.04,-0.03
1236,9.440000000000006e-07,0.04,-0.03
1237,9.480000000000001e-07,-0.04,-0.03
1238,9.520000000000004e-07,-0.04,-0.03
1239,9.560000000000007e-07,-0.12,-0.03
1240,9.600000000000001e-07,-0.04,-0.03
1241,9.640000000000004e-07,-0.04,-0.03
1242,9.680000000000007e-07,-0.04,-0.03
1243,9.720000000000002e-07,-0.04,-0.03
1244,9.760000000000005e-07,-0.04,-0.03
1245,9.800000000000008e-07,-0.04,-0.03
1246,9.840000000000002e-07,-0.04,-0.03
1247,9.880000000000005e-07,-0.04,-0.03
1248,9.920000000000008e-07,-0.04,-0.03
1249,9.960000000000003e-07,-0.04,-0.03
1250,1.0000000000000006e-06,-0.04,-0.03
1251,1.0040000000000009e-06,-0.04,-0.03
1252,1.0080000000000003e-06,-0.04,-0.03
1253,1.0120000000000006e-06,-0.04,-0.03
1254,1.016e-06,-0.12,-0.03
1255,1.0200000000000004e-06,-0.12,-0.03
1256,1.0240000000000007e-06,-0.12,-0.03
1257,1.0280000000000002e-06,-0.12,-0.03
1258,1.0320000000000005e-06,-0.04,-0.03
1259,1.0360000000000008e-06,-0.04,-0.03
1260,1.0400000000000002e-06,-0.04,-0.03
1261,1.0440000000000005e-06,-0.04,-0.03
1262,1.0480000000000008e-06,-0.04,-0.03
1263,1.0520000000000003e-06,-0.04,-0.03
1264,1.0560000000000006e-06,-0.04,-0.03
1265,1.0600000000000009e-06,-0.12,-0.03
1266,1.0640000000000003e-06,-0.04,-0.03
1267,1.0680000000000006e-06,-0.04,-0.03
1268,1.072000000000001e-06,-0.04,-0.03
1269,1.0760000000000004e-06,-0.12,-0.05
1270,1.0800000000000007e-06,-0.12,-0.03
1271,1.0840000000000001e-06,-0.04,-0.03
1272,1.0880000000000004e-06,-0.04,-0.03
1273,1.0920000000000007e-06,-0.04,-0.03
1274,1.0960000000000002e-06,-0.04,-0.03
1275,1.1000000000000005e-06,-0.04,-0.03
1276,1.1040000000000008e-06,-0.04,-0.03
1277,1.1080000000000002e-06,-0.04,-0.03
1278,1.1120000000000005e-06,-0.04,-0.03
1279,1.1160000000000008e-06,-0.04,-0.03
1280,1.1200000000000003e-06,-0.04,-0.03
1281,1.1240000000000006e-06,-0.04,-0.03
1282,1.1280000000000009e-06,-0.04,-0.03
1283,1.1320000000000003e-06,-0.04,-0.03
1284,1.1360000000000006e-06,-0.04,-0.03
1285,1.14e-06,-0.04,-0.03
1286,1.1440000000000004e-06,-0.04,-0.03
1287,1.1480000000000007e-06,-0.04,-0.03
1288,1.1520000000000002e-06,-0.04,-0.03
1289,1.1560000000000005e-06,-0.04,-0.03
1290,1.1600000000000008e-06,-0.04,-0.03
1291,1.1640000000000002e-06,-0.04,-0.03
1292,1.1680000000000005e-06,-0.04,-0.03
1293,1.1720000000000008e-06,-0.04,-0.03
1294,1.1760000000000003e-06,-0.04,-0.03
1295,1.1800000000000006e-06,-0.04,-0.03
1296,1.1840000000000009e-06,-0.04,-0.03
1297,1.1880000000000003e-06,-0.04,-0.03
1298,1.1920000000000006e-06,-0.04,-0.03
1299,1.196000000000001e-06,-0.04,-0.03
1300,1.2000000000000004e-06,-0.04,-0.03
1301,1.2040000000000007e-06,-0.12,-0.03
1302,1.2080000000000001e-06,-0.12,-0.03
1303,1.2120000000000004e-06,-0.04,-0.03
1304,1.2160000000000007e-06,-0.04,-0.03
1305,1.2200000000000002e-06,-0.04,-0.03
1306,1.2240000000000005e-06,-0.04,-0.03
1307,1.2280000000000008e-06,-0.04,-0.03
1308,1.2320000000000002e-06,-0.04,-0.03
1309,1.2360000000000005e-06,-0.04,-0.03
1310,1.2400000000000008e-06,-0.04,-0.03
1311,1.2440000000000003e-06,-0.04,-0.03
1312,1.2480000000000006e-06,-0.04,-0.03
1313,1.2520000000000009e-06,-0.04,-0.03
1314,1.2560000000000003e-06,-0.04,-0.03
1315,1.2600000000000006e-06,-0.04,-0.03
1316,1.264e-06,-0.04,-0.03
1317,1.2680000000000004e-06,-0.04,-0.03
1318,1.2720000000000007e-06,-0.04,-0.03
1319,1.2760000000000001e-06,-0.04,-0.03
1320,1.2800000000000005e-06,-0.12,-0.01
1321,1.2840000000000008e-06,-0.04,-0.03
1322,1.2880000000000002e-06,-0.04,-0.03
1323,1.2920000000000005e-06,-0.04,-0.03
1324,1.2960000000000008e-06,-0.04,-0.03
1325,1.3000000000000003e-06,-0.04,-0.03
1326,1.3040000000000006e-06,-0.04,-0.03
1327,1.3080000000000009e-06,-0.04,-0.03
1328,1.3120000000000003e-06,-0.04,-0.03
1329,1.3160000000000006e-06,-0.04,-0.03
1330,1.320000000000001e-06,-0.04,-0.03
1331,1.3240000000000004e-06,-0.04,-0.03
1332,1.3280000000000007e-06,-0.04,-0.03
1333,1.3320000000000001e-06,-0.04,-0.03
1334,1.3360000000000004e-06,-0.04,-0.03
1335,1.3400000000000007e-06,-0.04,-0.03
1336,1.3440000000000002e-06,-0.04,-0.03
1337,1.3480000000000005e-06,-0.04,-0.01
1338,1.3520000000000008e-06,-0.04,-0.05
1339,1.3560000000000002e-06,-0.04,-0.03
1340,1.3600000000000005e-06,-0.04,-0.01
1341,1.3640000000000008e-06,-0.04,-0.03
1342,1.3680000000000003e-06,-0.04,-0.03
1343,1.3720000000000006e-06,-0.04,-0.03
1344,1.3760000000000009e-06,-0.04,-0.03
1345,1.3800000000000003e-06,-0.04,-0.03
1346,1.3840000000000006e-06,-0.04,-0.03
1347,1.388e-06,-0.04,-0.03
1348,1.3920000000000004e-06,-0.04,-0.03
1349,1.3960000000000007e-06,-0.04,-0.03
1350,1.4000000000000001e-06,-0.04,-0.03
1351,1.4040000000000004e-06,-0.04,-0.03
1352,1.4080000000000007e-06,-0.04,-0.03
1353,1.4120000000000002e-06,-0.04,-0.03
1354,1.4160000000000005e-06,-0.04,-0.03
1355,1.4200000000000008e-06,-0.04,-0.03
1356,1.4240000000000003e-06,-0.04,-0.03
1357,1.4280000000000006e-06,-0.04,-0.03
1358,1.4320000000000009e-06,-0.04,-0.03
1359,1.4360000000000003e-06,-0.12,-0.03
1360,1.4400000000000006e-06,-0.04,-0.03
1361,1.444000000000001e-06,-0.04,-0.03
1362,1.4480000000000004e-06,-0.04,-0.03
1363,1.4520000000000007e-06,-0.04,-0.03
1364,1.4560000000000001e-06,-0.04,-0.03
1365,1.4600000000000004e-06,-0.04,-0.03
1366,1.4640000000000007e-06,-0.04,-0.03
1367,1.4680000000000002e-06,-0.04,-0.03
1368,1.4720000000000005e-06,-0.04,-0.03
1369,1.4760000000000008e-06,-0.04,-0.03
1370,1.4800000000000002e-06,-0.04,-0.03
1371,1.4840000000000005e-06,-0.12,-0.03
1372,1.4880000000000008e-06,-0.04,-0.03
1373,1.4920000000000003e-06,-0.04,-0.03
1374,1.4960000000000006e-06,-0.04,-0.03
1375,1.5000000000000009e-06,-0.04,-0.03
1376,1.5040000000000003e-06,-0.04,-0.03
1377,1.5080000000000006e-06,-0.04,-0.03
1378,1.512000000000001e-06,-0.04,-0.03
1379,1.5160000000000004e-06,-0.04,-0.03
1380,1.5200000000000007e-06,-0.04,-0.03
1381,1.5240000000000001e-06,-0.04,-0.03
1382,1.5280000000000004e-06,-0.04,-0.03
1383,1.5320000000000007e-06,-0.04,-0.03
1384,1.5360000000000002e-06,-0.04,-0.03
1385,1.5400000000000005e-06,-0.04,-0.03
1386,1.5440000000000008e-06,-0.04,-0.03
1387,1.5480000000000003e-06,-0.04,-0.03
1388,1.5520000000000006e-06,-0.04,-0.03
1389,1.5560000000000009e-06,-0.04,-0.03
1390,1.5600000000000003e-06,-0.04,-0.03
1391,1.5640000000000006e-06,-0.04,-0.03
1392,1.568000000000001e-06,-0.04,-0.03
1393,1.5720000000000004e-06,-0.04,-0.03
1394,1.5760000000000007e-06,-0.04,-0.03
1395,1.5800000000000001e-06,-0.04,-0.03
1396,1.5840000000000004e-06,-0.04,-0.03
1397,1.5880000000000007e-06,-0.04,-0.03
1398,1.5920000000000002e-06,-0.04,-0.03
1399,1.5960000000000005e-06,-0.04,-0.01
1400,1.6000000000000008e-06,-0.04,-0.03
1401,1.6040000000000002e-06,-0.12,-0.03
1402,1.6080000000000005e-06,-0.04,-0.03
1403,1.6120000000000008e-06,-0.04,-0.03
1404,1.6160000000000003e-06,-0.04,-0.03
1405,1.6200000000000006e-06,-0.04,-0.03
1406,1.6240000000000009e-06,-0.04,-0.03
1407,1.6280000000000003e-06,-0.04,-0.03
1408,1.6320000000000006e-06,-0.04,-0.03
1409,1.636000000000001e-06,-0.04,-0.03
1410,1.6400000000000004e-06,0.04,-0.03
1411,1.6440000000000007e-06,-0.04,-0.03
1412,1.6480000000000001e-06,-0.04,-0.03
1413,1.6520000000000004e-06,-0.04,-0.03
1414,1.6560000000000007e-06,0.04,-0.03
1415,1.6600000000000002e-06,-0.04,-0.03
1416,1.6640000000000005e-06,-0.04,-0.03
1417,1.6680000000000008e-06,-0.04,-0.03
1418,1.6720000000000003e-06,-0.04,-0.03
1419,1.6760000000000006e-06,-0.04,-0.03
1420,1.6800000000000009e-06,-0.04,-0.03
1421,1.6840000000000003e-06,-0.04,-0.03
1422,1.6880000000000006e-06,-0.12,-0.03
1423,1.692000000000001e-06,-0.04,-0.03
1424,1.6960000000000004e-06,-0.04,-0.03
1425,1.7000000000000007e-06,-0.04,-0.03
1426,1.7040000000000001e-06,-0.04,-0.03
1427,1.7080000000000004e-06,-0.04,-0.03
1428,1.7120000000000007e-06,-0.04,-0.03
1429,1.7160000000000002e-06,-0.04,-0.03
1430,1.7200000000000005e-06,-0.04,-0.03
1431,1.7240000000000008e-06,-0.04,-0.03
1432,1.7280000000000002e-06,-0.04,-0.03
1433,1.7320000000000005e-06,-0.04,-0.03
1434,1.7360000000000008e-06,-0.04,-0.03
1435,1.7400000000000003e-06,-0.04,-0.03
1436,1.7440000000000006e-06,-0.04,-0.03
1437,1.7480000000000009e-06,-0.04,-0.03
1438,1.7520000000000003e-06,-0.04,-0.03
1439,1.7560000000000006e-06,-0.04,-0.03
1440,1.760000000000001e-06,-0.04,-0.03
1441,1.7640000000000004e-06,-0.04,-0.03
1442,1.7680000000000007e-06,-0.04,-0.03
1443,1.7720000000000001e-06,-0.04,-0.05
1444,1.7760000000000004e-06,-0.04,-0.03
1445,1.7800000000000007e-06,-0.04,-0.03
1446,1.7840000000000002e-06,-0.04,-0.03
1447,1.7880000000000005e-06,-0.04,-0.03
1448,1.7920000000000008e-06,-0.04,-0.03
1449,1.7960000000000003e-06,-0.04,-0.03
1450,1.8000000000000006e-06,-0.04,-0.03
1451,1.8040000000000009e-06,-0.04,-0.03
1452,1.8080000000000003e-06,-0.04,-0.03
1453,1.8120000000000006e-06,-0.04,-0.03
1454,1.816000000000001e-06,-0.04,-0.03
1455,1.8200000000000004e-06,-0.04,-0.03
1456,1.8240000000000007e-06,-0.04,-0.03
1457,1.828000000000001e-06,-0.04,-0.03
1458,1.8320000000000004e-06,-0.04,-0.03
1459,1.8360000000000007e-06,-0.04,-0.03
1460,1.8400000000000002e-06,-0.04,-0.03
1461,1.8440000000000005e-06,-0.04,-0.03
1462,1.8480000000000008e-06,-0.04,-0.03
1463,1.8520000000000002e-06,-0.04,-0.03
1464,1.8560000000000005e-06,-0.04,-0.03
1465,1.8600000000000008e-06,-0.04,-0.03
1466,1.8640000000000003e-06,-0.04,-0.03
1467,1.8680000000000006e-06,-0.04,-0.03
1468,1.8720000000000009e-06,-0.04,-0.03
1469,1.8760000000000003e-06,-0.04,-0.03
1470,1.8800000000000006e-06,-0.04,-0.03
1471,1.884000000000001e-06,-0.04,-0.03
1472,1.8880000000000004e-06,-0.04,-0.01
1473,1.8920000000000007e-06,-0.04,-0.01
1474,1.8960000000000001e-06,-0.04,-0.01
1475,1.9000000000000004e-06,-0.04,-0.03
1476,1.9040000000000007e-06,-0.04,-0.03
1477,1.908e-06,-0.04,-0.03
1478,1.9120000000000005e-06,-0.04,-0.03
1479,1.916000000000001e-06,-0.04,-0.03
1480,1.9200000000000003e-06,-0.04,-0.03
1481,1.9240000000000006e-06,-0.04,-0.03
1482,1.928000000000001e-06,-0.04,-0.03
1483,1.9320000000000003e-06,-0.04,-0.03
1484,1.9360000000000006e-06,-0.04,-0.03
1485,1.940000000000001e-06,-0.04,-0.03
1486,1.9440000000000004e-06,-0.04,-0.03
1487,1.9480000000000007e-06,-0.04,-0.03
1488,1.952000000000001e-06,-0.04,-0.03
1489,1.9560000000000004e-06,-0.04,-0.03
1490,1.9600000000000007e-06,-0.04,-0.03
1491,1.964e-06,-0.04,-0.03
1492,1.9680000000000005e-06,-0.12,-0.03
1493,1.9720000000000008e-06,-0.12,-0.03
1494,1.9760000000000002e-06,-0.04,-0.03
1495,1.9800000000000005e-06,-0.04,-0.03
1496,1.984000000000001e-06,-0.04,-0.03
1497,1.9880000000000003e-06,-0.04,-0.03
1498,1.9920000000000006e-06,-0.04,-0.03
1499,1.996000000000001e-06,-0.04,-0.03
1500,2.0000000000000003e-06,-0.04,-0.01
1501,2.0040000000000006e-06,-0.04,-0.03
1502,2.008000000000001e-06,-0.04,-0.03
1503,2.0120000000000004e-06,-0.04,-0.03
1504,2.0160000000000007e-06,-0.04,-0.03
1505,2.02e-06,-0.04,-0.03
1506,2.0240000000000004e-06,-0.04,-0.03
1507,2.0280000000000007e-06,-0.04,-0.03
1508,2.032e-06,-0.04,-0.03
1509,2.0360000000000005e-06,-0.04,-0.03
1510,2.040000000000001e-06,-0.04,-0.03
1511,2.0440000000000003e-06,-0.04,-0.03
1512,2.0480000000000006e-06,-0.04,-0.03
1513,2.052000000000001e-06,-0.04,-0.03
1514,2.0560000000000003e-06,-0.04,-0.03
1515,2.0600000000000006e-06,-0.04,-0.03
1516,2.064000000000001e-06,-0.04,-0.03
1517,2.0680000000000004e-06,-0.04,-0.03
1518,2.0720000000000007e-06,-0.04,-0.03
1519,2.076000000000001e-06,-0.04,-0.03
1520,2.0800000000000004e-06,-0.04,-0.03
1521,2.0840000000000007e-06,-0.04,-0.03
1522,2.088e-06,-0.04,-0.03
1523,2.0920000000000005e-06,-0.04,-0.03
1524,2.0960000000000008e-06,0.04,-0.03
1525,2.1000000000000002e-06,-0.04,-0.03
1526,2.1040000000000005e-06,-0.04,-0.03
1527,2.108000000000001e-06,-0.04,-0.03
1528,2.1120000000000003e-06,-0.04,-0.03
1529,2.1160000000000006e-06,-0.04,-0.03
1530,2.120000000000001e-06,-0.04,-0.03
1531,2.1240000000000003e-06,-0.04,-0.03
1532,2.1280000000000006e-06,-0.04,-0.03
1533,2.132000000000001e-06,-0.04,-0.03
1534,2.1360000000000004e-06,-0.04,-0.03
1535,2.1400000000000007e-06,-0.04,-0.05
1536,2.144000000000001e-06,-0.04,-0.03
1537,2.1480000000000004e-06,-0.04,-0.03
1538,2.1520000000000007e-06,-0.04,-0.03
1539,2.156e-06,-0.12,-0.03
1540,2.1600000000000005e-06,-0.04,-0.03
1541,2.164000000000001e-06,-0.04,-0.03
1542,2.1680000000000002e-06,-0.04,-0.03
1543,2.1720000000000005e-06,-0.04,-0.03
1544,2.176000000000001e-06,-0.04,-0.03
1545,2.1800000000000003e-06,-0.04,-0.03
1546,2.1840000000000006e-06,-0.04,-0.03
1547,2.188000000000001e-06,-0.04,-0.03
1548,2.1920000000000004e-06,-0.04,-0.03
1549,2.1960000000000007e-06,-0.04,-0.03
1550,2.200000000000001e-06,-0.04,-0.03
1551,2.2040000000000004e-06,-0.04,-0.03
1552,2.2080000000000007e-06,-0.04,-0.03
1553,2.212e-06,-0.04,-0.03
1554,2.2160000000000005e-06,-0.04,-0.03
1555,2.2200000000000008e-06,-0.04,-0.03
1556,2.2240000000000002e-06,-0.04,-0.03
1557,2.2280000000000005e-06,-0.04,-0.03
1558,2.232000000000001e-06,-0.04,-0.03
1559,2.2360000000000003e-06,-0.04,-0.03
1560,2.2400000000000006e-06,-0.04,-0.01
1561,2.244000000000001e-06,-0.04,-0.03
1562,2.2480000000000003e-06,-0.04,-0.03
1563,2.2520000000000006e-06,0.04,-0.03
1564,2.256000000000001e-06,-0.04,-0.03
1565,2.2600000000000004e-06,-0.04,-0.03
1566,2.2640000000000007e-06,-0.04,-0.03
1567,2.268000000000001e-06,-0.04,-0.03
1568,2.2720000000000004e-06,-0.04,-0.03
1569,2.2760000000000007e-06,-0.04,-0.03
1570,2.28e-06,-0.04,-0.03
1571,2.2840000000000005e-06,-0.04,-0.03
1572,2.288000000000001e-06,-0.04,-0.03
1573,2.2920000000000002e-06,-0.04,-0.03
1574,2.2960000000000005e-06,-0.04,-0.03
1575,2.300000000000001e-06,-0.04,-0.03
1576,2.3040000000000003e-06,-0.04,-0.03
1577,2.3080000000000006e-06,-0.04,-0.03
1578,2.312000000000001e-06,-0.04,-0.03
1579,2.3160000000000004e-06,-0.04,-0.03
1580,2.3200000000000007e-06,-0.04,-0.03
1581,2.324000000000001e-06,-0.04,-0.03
1582,2.3280000000000004e-06,-0.04,-0.03
1583,2.3320000000000007e-06,-0.04,-0.03
1584,2.336e-06,-0.04,-0.03
1585,2.3400000000000005e-06,-0.04,-0.03
1586,2.3440000000000008e-06,-0.04,-0.03
1587,2.3480000000000002e-06,-0.04,-0.03
1588,2.3520000000000005e-06,-0.04,-0.03
1589,2.356000000000001e-06,-0.04,-0.03
1590,2.3600000000000003e-06,0.04,-0.03
1591,2.3640000000000006e-06,0.04,-0.03
1592,2.368000000000001e-06,-0.04,-0.03
1593,2.3720000000000003e-06,-0.04,-0.03
1594,2.3760000000000006e-06,-0.04,-0.03
1595,2.380000000000001e-06,-0.04,-0.03
1596,2.3840000000000004e-06,-0.04,-0.03
1597,2.3880000000000007e-06,-0.04,-0.03
1598,2.392000000000001e-06,-0.04,-0.03
1599,2.3960000000000004e-06,-0.04,-0.03
1600,2.4000000000000007e-06,-0.04,-0.01
1601,2.404e-06,-0.04,-0.03
1602,2.4080000000000005e-06,-0.04,-0.03
1603,2.412000000000001e-06,-0.04,-0.03
1604,2.4160000000000002e-06,-0.04,-0.03
1605,2.4200000000000005e-06,-0.04,-0.03
1606,2.424000000000001e-06,-0.04,-0.03
1607,2.4280000000000003e-06,-0.04,-0.03
1608,2.4320000000000006e-06,-0.04,-0.03
1609,2.436000000000001e-06,-0.04,-0.03
1610,2.4400000000000004e-06,-0.04,-0.03
1611,2.4440000000000007e-06,-0.04,-0.03
1612,2.448000000000001e-06,-0.04,-0.03
1613,2.4520000000000004e-06,-0.04,-0.01
1614,2.4560000000000007e-06,-0.04,-0.03
1615,2.46e-06,-0.04,-0.03
1616,2.4640000000000005e-06,-0.04,-0.03
1617,2.4680000000000008e-06,-0.04,-0.03
1618,2.4720000000000002e-06,-0.04,-0.03
1619,2.4760000000000005e-06,-0.04,-0.03
1620,2.480000000000001e-06,-0.04,-0.03
1621,2.4840000000000003e-06,-0.04,-0.03
1622,2.4880000000000006e-06,-0.04,-0.03
1623,2.492000000000001e-06,-0.04,-0.03
1624,2.4960000000000003e-06,-0.04,-0.03
1625,2.5000000000000006e-06,-0.04,-0.03
1626,2.504000000000001e-06,-0.04,-0.03
1627,2.5080000000000004e-06,-0.04,-0.03
1628,2.5120000000000007e-06,-0.04,-0.03
1629,2.516000000000001e-06,-0.04,-0.03
1630,2.5200000000000004e-06,-0.04,-0.03
1631,2.5240000000000007e-06,0.04,-0.03
1632,2.528e-06,-0.04,-0.03
1633,2.5320000000000005e-06,-0.04,-0.03
1634,2.536000000000001e-06,-0.04,-0.03
1635,2.5400000000000002e-06,-0.04,-0.03
1636,2.5440000000000005e-06,-0.04,-0.03
1637,2.548000000000001e-06,0.04,-0.03
1638,2.5520000000000003e-06,-0.04,-0.03
1639,2.5560000000000006e-06,-0.04,-0.03
1640,2.560000000000001e-06,-0.04,-0.03
1641,2.5640000000000004e-06,-0.04,-0.03
1642,2.5680000000000007e-06,-0.04,-0.03
1643,2.572000000000001e-06,0.04,-0.03
1644,2.5760000000000004e-06,-0.04,-0.03
1645,2.5800000000000007e-06,-0.04,-0.03
1646,2.584000000000001e-06,-0.04,-0.03
1647,2.5880000000000005e-06,-0.04,-0.03
1648,2.5920000000000008e-06,-0.04,-0.03
1649,2.5960000000000002e-06,0.04,-0.03
1650,2.6000000000000005e-06,-0.04,-0.03
1651,2.604000000000001e-06,-0.04,-0.03
1652,2.6080000000000003e-06,-0.04,-0.03
1653,2.6120000000000006e-06,-0.04,-0.03
1654,2.616000000000001e-06,-0.04,-0.03
1655,2.6200000000000003e-06,-0.04,-0.01
1656,2.6240000000000006e-06,-0.04,-0.03
1657,2.628000000000001e-06,-0.04,-0.03
1658,2.6320000000000004e-06,-0.04,-0.01
1659,2.6360000000000007e-06,-0.04,-0.03
1660,2.640000000000001e-06,-0.04,-0.03
1661,2.6440000000000004e-06,0.04,-0.03
1662,2.6480000000000007e-06,-0.04,-0.03
1663,2.652e-06,-0.04,-0.03
1664,2.6560000000000005e-06,-0.04,-0.03
1665,2.660000000000001e-06,-0.04,-0.03
1666,2.6640000000000002e-06,-0.04,-0.03
1667,2.6680000000000005e-06,-0.04,-0.03
1668,2.672000000000001e-06,-0.04,-0.03
1669,2.6760000000000003e-06,-0.04,-0.01
1670,2.6800000000000006e-06,-0.04,-0.03
1671,2.684000000000001e-06,-0.04,-0.03
1672,2.6880000000000004e-06,-0.04,-0.03
1673,2.6920000000000007e-06,-0.04,-0.03
1674,2.696000000000001e-06,-0.04,-0.03
1675,2.7000000000000004e-06,-0.04,-0.03
1676,2.7040000000000007e-06,-0.04,-0.03
1677,2.708000000000001e-06,-0.04,-0.03
1678,2.7120000000000005e-06,-0.04,-0.03
1679,2.7160000000000008e-06,-0.04,-0.03
1680,2.7200000000000002e-06,-0.04,-0.03
1681,2.7240000000000005e-06,-0.04,-0.03
1682,2.728000000000001e-06,-0.04,-0.03
1683,2.7320000000000003e-06,-0.04,-0.03
1684,2.7360000000000006e-06,-0.04,-0.03
1685,2.740000000000001e-06,-0.04,-0.03
1686,2.7440000000000003e-06,-0.04,-0.03
1687,2.7480000000000006e-06,-0.04,-0.03
1688,2.752000000000001e-06,-0.04,-0.03
1689,2.7560000000000004e-06,-0.04,-0.03
1690,2.7600000000000007e-06,-0.04,-0.03
1691,2.764000000000001e-06,-0.04,-0.03
1692,2.7680000000000004e-06,-0.04,-0.03
1693,2.7720000000000007e-06,-0.04,-0.03
1694,2.776e-06,-0.04,-0.03
1695,2.7800000000000005e-06,0.04,-0.01
1696,2.784000000000001e-06,-0.04,-0.03
1697,2.7880000000000002e-06,-0.04,-0.03
1698,2.7920000000000005e-06,-0.04,-0.03
1699,2.796000000000001e-06,-0.04,-0.03
1700,2.8000000000000003e-06,-0.04,-0.01
1701,2.8040000000000006e-06,-0.04,-0.03
1702,2.808000000000001e-06,-0.04,-0.03
1703,2.8120000000000004e-06,-0.04,-0.03
1704,2.8160000000000007e-06,-0.04,-0.03
1705,2.820000000000001e-06,-0.04,-0.03
1706,2.8240000000000004e-06,-0.04,-0.03
1707,2.8280000000000007e-06,-0.04,-0.03
1708,2.832000000000001e-06,-0.04,-0.03
1709,2.8360000000000005e-06,-0.04,-0.03
1710,2.8400000000000008e-06,-0.04,-0.03
1711,2.8440000000000002e-06,-0.12,-0.03
1712,2.8480000000000005e-06,-0.04,-0.03
1713,2.852000000000001e-06,-0.04,-0.03
1714,2.8560000000000003e-06,0.04,-0.03
1715,2.8600000000000006e-06,-0.04,-0.03
1716,2.864000000000001e-06,-0.04,-0.03
1717,2.8680000000000003e-06,-0.04,-0.03
1718,2.8720000000000006e-06,-0.04,-0.03
1719,2.876000000000001e-06,-0.04,-0.03
1720,2.8800000000000004e-06,-0.04,-0.03
1721,2.8840000000000007e-06,-0.04,-0.03
1722,2.888000000000001e-06,-0.04,-0.03
1723,2.8920000000000004e-06,-0.04,-0.03
1724,2.8960000000000007e-06,-0.04,-0.03
1725,2.900000000000001e-06,-0.04,-0.03
1726,2.9040000000000005e-06,-0.04,-0.03
1727,2.9080000000000008e-06,-0.04,-0.03
1728,2.9120000000000002e-06,0.04,-0.03
1729,2.9160000000000005e-06,0.04,-0.01
1730,2.920000000000001e-06,-0.04,-0.01
1731,2.9240000000000003e-06,-0.04,-0.03
1732,2.9280000000000006e-06,-0.04,-0.03
1733,2.932000000000001e-06,-0.04,-0.01
1734,2.9360000000000003e-06,-0.04,-0.03
1735,2.9400000000000007e-06,-0.04,-0.03
1736,2.944000000000001e-06,-0.04,-0.03
1737,2.9480000000000004e-06,-0.04,-0.01
1738,2.9520000000000007e-06,-0.04,-0.03
1739,2.956000000000001e-06,-0.04,-0.03
1740,2.9600000000000005e-06,-0.04,-0.03
1741,2.9640000000000008e-06,-0.04,-0.03
1742,2.9680000000000002e-06,-0.04,-0.03
1743,2.9720000000000005e-06,-0.04,-0.03
1744,2.976000000000001e-06,-0.04,-0.03
1745,2.9800000000000003e-06,-0.04,-0.03
1746,2.9840000000000006e-06,-0.04,-0.03
1747,2.988000000000001e-06,-0.04,-0.03
1748,2.9920000000000003e-06,-0.04,-0.03
1749,2.9960000000000006e-06,-0.04,-0.03
1750,3.000000000000001e-06,-0.04,-0.03
1751,3.0040000000000004e-06,-0.04,-0.03
1752,3.0080000000000007e-06,-0.04,-0.03
1753,3.012000000000001e-06,-0.04,-0.03
1754,3.0160000000000004e-06,-0.04,-0.03
1755,3.0200000000000007e-06,-0.04,-0.03
1756,3.024000000000001e-06,-0.04,-0.03
1757,3.0280000000000005e-06,-0.04,-0.03
1758,3.0320000000000008e-06,-0.04,-0.03
1759,3.0360000000000002e-06,-0.04,-0.01
1760,3.0400000000000005e-06,-0.04,-0.01
1761,3.044000000000001e-06,-0.04,-0.03
1762,3.0480000000000003e-06,-0.04,-0.03
1763,3.0520000000000006e-06,-0.04,-0.03
1764,3.056000000000001e-06,-0.04,-0.03
1765,3.0600000000000003e-06,-0.04,-0.03
1766,3.0640000000000006e-06,-0.04,-0.03
1767,3.068000000000001e-06,-0.04,-0.03
1768,3.0720000000000004e-06,-0.04,-0.03
1769,3.0760000000000007e-06,-0.04,-0.03
1770,3.080000000000001e-06,-0.04,-0.03
1771,3.0840000000000005e-06,-0.04,-0.01
1772,3.0880000000000008e-06,-0.04,-0.01
1773,3.092e-06,-0.04,-0.03
1774,3.0960000000000005e-06,-0.04,-0.03
1775,3.100000000000001e-06,-0.04,-0.03
1776,3.1040000000000003e-06,-0.04,-0.03
1777,3.1080000000000006e-06,-0.04,-0.03
1778,3.112000000000001e-06,-0.04,-0.03
1779,3.1160000000000003e-06,-0.04,-0.03
1780,3.1200000000000006e-06,-0.04,-0.03
1781,3.124000000000001e-06,-0.04,-0.03
1782,3.1280000000000004e-06,-0.04,-0.03
1783,3.1320000000000007e-06,-0.04,-0.03
1784,3.136000000000001e-06,-0.04,-0.03
1785,3.1400000000000004e-06,-0.04,-0.03
1786,3.1440000000000007e-06,-0.04,-0.01
1787,3.148000000000001e-06,-0.04,-0.01
1788,3.1520000000000005e-06,-0.04,-0.01
1789,3.1560000000000008e-06,-0.04,-0.01
1790,3.1600000000000002e-06,-0.04,-0.03
1791,3.1640000000000005e-06,-0.04,-0.03
1792,3.168000000000001e-06,-0.04,-0.03
1793,3.1720000000000003e-06,-0.04,-0.03
1794,3.1760000000000006e-06,-0.04,-0.03
1795,3.180000000000001e-06,-0.04,-0.01
1796,3.1840000000000003e-06,-0.04,-0.03
1797,3.1880000000000006e-06,-0.04,-0.03
1798,3.192000000000001e-06,-0.04,-0.03
1799,3.1960000000000004e-06,-0.04,-0.03
1800,3.2000000000000007e-06,-0.04,-0.03
1801,3.204000000000001e-06,-0.04,-0.03
1802,3.2080000000000005e-06,-0.04,-0.03
1803,3.2120000000000008e-06,-0.04,-0.03
1804,3.216e-06,-0.04,-0.01
1805,3.2200000000000005e-06,-0.04,-0.03
1806,3.224000000000001e-06,-0.04,-0.03
1807,3.2280000000000003e-06,0.04,-0.01
1808,3.2320000000000006e-06,-0.04,-0.03
1809,3.236000000000001e-06,-0.04,-0.03
1810,3.2400000000000003e-06,-0.04,-0.03
1811,3.2440000000000006e-06,-0.04,-0.03
1812,3.248000000000001e-06,-0.04,-0.03
1813,3.2520000000000004e-06,-0.04,-0.03
1814,3.2560000000000007e-06,-0.04,-0.01
1815,3.260000000000001e-06,-0.04,-0.03
1816,3.2640000000000004e-06,-0.04,-0.03
1817,3.2680000000000007e-06,-0.04,-0.03
1818,3.272000000000001e-06,-0.04,-0.03
1819,3.2760000000000005e-06,-0.04,-0.03
1820,3.2800000000000008e-06,-0.04,-0.03
1821,3.2840000000000002e-06,-0.04,-0.01
1822,3.2880000000000005e-06,-0.04,-0.03
1823,3.292000000000001e-06,-0.04,-0.03
1824,3.2960000000000003e-06,-0.04,-0.03
1825,3.3000000000000006e-06,-0.04,-0.03
1826,3.304000000000001e-06,-0.04,-0.01
1827,3.3080000000000003e-06,-0.04,-0.01
1828,3.3120000000000006e-06,-0.04,-0.01
1829,3.316000000000001e-06,-0.04,-0.03
1830,3.3200000000000004e-06,-0.04,-0.03
1831,3.3240000000000007e-06,-0.04,-0.03
1832,3.328000000000001e-06,-0.04,-0.03
1833,3.3320000000000005e-06,-0.04,-0.03
1834,3.3360000000000008e-06,-0.04,-0.03
1835,3.340000000000001e-06,-0.04,-0.03
1836,3.3440000000000005e-06,-0.04,-0.03
1837,3.348000000000001e-06,-0.04,-0.03
1838,3.3520000000000003e-06,-0.04,-0.03
1839,3.3560000000000006e-06,-0.04,-0.03
1840,3.360000000000001e-06,-0.04,-0.03
1841,3.3640000000000003e-06,-0.04,-0.03
1842,3.3680000000000006e-06,-0.04,-0.03
1843,3.372000000000001e-06,-0.04,-0.03
1844,3.3760000000000004e-06,-0.04,-0.03
1845,3.3800000000000007e-06,-0.04,-0.03
1846,3.384000000000001e-06,-0.04,-0.03
1847,3.3880000000000004e-06,-0.04,-0.03
1848,3.3920000000000007e-06,-0.04,-0.03
1849,3.396000000000001e-06,-0.04,-0.03
1850,3.4000000000000005e-06,-0.04,-0.03
1851,3.4040000000000008e-06,-0.04,-0.01
1852,3.4080000000000002e-06,-0.04,-0.03
1853,3.4120000000000005e-06,-0.04,-0.03
1854,3.416000000000001e-06,-0.04,-0.03
1855,3.4200000000000003e-06,-0.04,-0.03
1856,3.4240000000000006e-06,-0.04,-0.01
1857,3.428000000000001e-06,-0.04,-0.01
1858,3.4320000000000003e-06,-0.04,-0.03
1859,3.4360000000000006e-06,-0.04,-0.03
1860,3.440000000000001e-06,-0.04,-0.01
1861,3.4440000000000004e-06,-0.04,-0.03
1862,3.4480000000000007e-06,-0.04,-0.03
1863,3.452000000000001e-06,-0.04,-0.03
1864,3.4560000000000005e-06,-0.04,-0.03
1865,3.4600000000000008e-06,-0.04,-0.01
1866,3.464000000000001e-06,-0.04,-0.03
1867,3.4680000000000005e-06,-0.04,-0.03
1868,3.472000000000001e-06,-0.04,-0.03
1869,3.4760000000000003e-06,-0.04,-0.03
1870,3.4800000000000006e-06,-0.04,-0.01
1871,3.484000000000001e-06,-0.04,-0.03
1872,3.4880000000000003e-06,-0.04,-0.03
1873,3.4920000000000006e-06,-0.04,-0.03
1874,3.496000000000001e-06,-0.04,-0.03
1875,3.5000000000000004e-06,-0.04,-0.01
1876,3.5040000000000007e-06,-0.04,-0.03
1877,3.508000000000001e-06,-0.04,-0.03
1878,3.5120000000000004e-06,-0.04,-0.03
1879,3.5160000000000007e-06,-0.04,-0.03
1880,3.520000000000001e-06,-0.04,-0.01
1881,3.5240000000000005e-06,-0.04,-0.03
1882,3.5280000000000008e-06,-0.04,-0.03
1883,3.5320000000000002e-06,-0.04,-0.03
1884,3.5360000000000005e-06,-0.04,-0.03
1885,3.540000000000001e-06,0.04,-0.03
1886,3.5440000000000003e-06,-0.04,-0.03
1887,3.5480000000000006e-06,-0.04,-0.01
1888,3.552000000000001e-06,-0.04,-0.01
1889,3.5560000000000003e-06,-0.04,-0.03
1890,3.5600000000000006e-06,-0.04,-0.03
1891,3.564000000000001e-06,-0.04,-0.01
1892,3.5680000000000004e-06,-0.04,-0.03
1893,3.5720000000000007e-06,-0.04,-0.03
1894,3.576000000000001e-06,-0.04,-0.03
1895,3.5800000000000005e-06,0.04,-0.03
1896,3.5840000000000008e-06,-0.04,-0.03
1897,3.588000000000001e-06,-0.04,-0.03
1898,3.5920000000000005e-06,-0.04,-0.03
1899,3.596000000000001e-06,-0.04,-0.03
1900,3.6000000000000003e-06,-0.04,-0.03
1901,3.6040000000000006e-06,-0.04,-0.03
1902,3.608000000000001e-06,-0.04,-0.03
1903,3.6120000000000003e-06,-0.04,-0.03
1904,3.6160000000000006e-06,-0.04,-0.03
1905,3.620000000000001e-06,-0.04,-0.01
1906,3.6240000000000004e-06,-0.04,-0.03
1907,3.6280000000000007e-06,-0.04,-0.03
1908,3.632000000000001e-06,-0.04,-0.03
1909,3.6360000000000013e-06,-0.04,-0.05
1910,3.64e-06,-0.04,-0.03
1911,3.644e-06,-0.04,-0.03
1912,3.6480000000000005e-06,-0.04,-0.03
1913,3.6520000000000008e-06,-0.04,-0.03
1914,3.656000000000001e-06,-0.04,-0.03
1915,3.6600000000000014e-06,-0.04,-0.03
1916,3.664e-06,-0.04,-0.03
1917,3.6680000000000003e-06,0.04,-0.03
1918,3.6720000000000006e-06,-0.04,-0.03
1919,3.676000000000001e-06,-0.04,-0.03
1920,3.680000000000001e-06,-0.04,-0.03
1921,3.6840000000000015e-06,-0.04,-0.03
1922,3.688e-06,-0.04,-0.03
1923,3.6920000000000004e-06,-0.04,-0.03
1924,3.6960000000000007e-06,-0.04,-0.03
1925,3.700000000000001e-06,-0.04,-0.03
1926,3.7040000000000013e-06,-0.04,-0.03
1927,3.708e-06,-0.04,-0.03
1928,3.712e-06,-0.04,-0.03
1929,3.7160000000000005e-06,-0.04,-0.03
1930,3.720000000000001e-06,-0.04,-0.03
1931,3.724000000000001e-06,-0.04,-0.03
1932,3.7280000000000014e-06,-0.04,-0.03
1933,3.732e-06,-0.04,-0.03
1934,3.7360000000000003e-06,0.04,-0.03
1935,3.7400000000000006e-06,-0.04,-0.03
1936,3.744000000000001e-06,-0.04,-0.03
1937,3.7480000000000012e-06,-0.04,-0.03
1938,3.752e-06,-0.04,-0.03
1939,3.756e-06,-0.04,-0.03
1940,3.7600000000000004e-06,-0.04,-0.03
1941,3.7640000000000007e-06,-0.04,-0.03
1942,3.768000000000001e-06,-0.04,-0.03
1943,3.7720000000000013e-06,-0.04,-0.03
1944,3.776e-06,-0.04,-0.03
1945,3.7800000000000002e-06,-0.04,-0.03
1946,3.7840000000000005e-06,-0.04,-0.01
1947,3.788000000000001e-06,-0.04,-0.03
1948,3.792000000000001e-06,-0.04,-0.03
1949,3.7960000000000014e-06,-0.04,-0.03
1950,3.8e-06,-0.04,-0.03
1951,3.8040000000000003e-06,-0.04,-0.01
1952,3.8080000000000006e-06,-0.04,-0.03
1953,3.812000000000001e-06,-0.04,-0.03
1954,3.816000000000001e-06,-0.04,-0.03
1955,3.82e-06,-0.04,-0.03
1956,3.824e-06,-0.04,-0.03
1957,3.8280000000000004e-06,-0.04,-0.03
1958,3.832000000000001e-06,-0.04,-0.01
1959,3.836000000000001e-06,-0.04,-0.03
1960,3.840000000000001e-06,-0.04,-0.03
1961,3.844e-06,-0.04,-0.03
1962,3.848e-06,-0.04,-0.03
1963,3.8520000000000006e-06,-0.04,-0.01
1964,3.856000000000001e-06,0.04,-0.03
1965,3.860000000000001e-06,-0.04,-0.03
1966,3.8640000000000015e-06,-0.04,-0.03
1967,3.868e-06,-0.04,-0.03
1968,3.872e-06,-0.04,-0.01
1969,3.876000000000001e-06,-0.04,-0.03
1970,3.880000000000001e-06,0.04,-0.03
1971,3.884000000000001e-06,-0.04,-0.03
1972,3.888e-06,-0.04,-0.03
1973,3.892e-06,-0.04,-0.03
1974,3.8960000000000005e-06,-0.04,-0.03
1975,3.900000000000001e-06,-0.04,-0.03
1976,3.904000000000001e-06,-0.12,-0.03
1977,3.908000000000001e-06,-0.04,-0.03
1978,3.912e-06,-0.04,-0.01
1979,3.916e-06,-0.04,-0.03
1980,3.920000000000001e-06,-0.04,-0.03
1981,3.924000000000001e-06,-0.04,-0.03
1982,3.928000000000001e-06,-0.04,-0.01
1983,3.9320000000000015e-06,-0.04,-0.01
1984,3.936e-06,-0.04,-0.03
1985,3.94e-06,-0.04,-0.03
1986,3.944000000000001e-06,-0.04,-0.03
1987,3.948000000000001e-06,-0.04,-0.03
1988,3.952000000000001e-06,-0.04,-0.03
1989,3.956e-06,-0.04,-0.03
1990,3.96e-06,-0.04,-0.03
1991,3.9640000000000005e-06,-0.04,-0.03
1992,3.968000000000001e-06,-0.04,-0.03
1993,3.972000000000001e-06,0.04,-0.03
1994,3.976000000000001e-06,-0.04,-0.03
1995,3.98e-06,0.04,-0.03
1996,3.984e-06,-0.04,-0.03
1997,3.988000000000001e-06,-0.04,-0.03
1998,3.992000000000001e-06,-0.04,-0.03
1999,3.996000000000001e-06,-0.04,-0.03
