,time,v1,v2
0,-0.0016,-0.04,-0.09
1,-0.0015984,-0.04,-0.07
2,-0.0015968,0.04,-0.05
3,-0.0015952000000000002,0.12,-0.05
4,-0.0015936000000000001,0.04,-0.01
5,-0.001592,0.2,0.01
6,-0.0015904,0.2,0.03
7,-0.0015888,0.2,0.03
8,-0.0015872,0.28,0.07
9,-0.0015856000000000002,0.28,0.07
10,-0.0015840000000000001,0.44,0.11
11,-0.0015824,0.36,0.13
12,-0.0015808,0.44,0.13
13,-0.0015792,0.44,0.15
14,-0.0015776000000000002,0.52,0.17
15,-0.0015760000000000001,0.52,0.19
16,-0.0015744,0.6,0.21
17,-0.0015728,0.6,0.23
18,-0.0015712,0.68,0.25
19,-0.0015696,0.76,0.27
20,-0.0015680000000000002,0.76,0.29
21,-0.0015664000000000001,0.76,0.31
22,-0.0015648,0.84,0.33
23,-0.0015632,0.92,0.33
24,-0.0015616,0.92,0.37
25,-0.0015600000000000002,0.92,0.39
26,-0.0015584000000000001,1.0,0.41000000000000003
27,-0.0015568000000000001,1.0,0.41000000000000003
28,-0.0015552,1.16,0.45
29,-0.0015536,1.08,0.47000000000000003
30,-0.001552,1.16,0.47000000000000003
31,-0.0015504000000000002,1.16,0.49
32,-0.0015488000000000001,1.24,0.51
33,-0.0015472,1.24,0.53
34,-0.0015456,1.32,0.55
35,-0.001544,1.4000000000000001,0.5700000000000001
36,-0.0015424,1.4000000000000001,0.59
37,-0.0015408000000000002,1.4000000000000001,0.61
38,-0.0015392000000000001,1.48,0.63
39,-0.0015376,1.56,0.65
40,-0.001536,1.56,0.67
41,-0.0015344,1.56,0.6900000000000001
42,-0.0015328000000000002,1.6400000000000001,0.71
43,-0.0015312000000000001,1.6400000000000001,0.71
44,-0.0015296,1.72,0.75
45,-0.001528,1.72,0.77
46,-0.0015264,1.8,0.79
47,-0.0015248,1.8,0.81
48,-0.0015232000000000002,1.8800000000000001,0.8300000000000001
49,-0.0015216000000000001,1.8800000000000001,0.85
50,-0.00152,1.96,0.87
51,-0.0015184,1.96,0.87
52,-0.0015168,2.04,0.91
53,-0.0015152,2.04,0.93
54,-0.0015136000000000001,2.04,0.9500000000000001
55,-0.001512,2.12,0.9500000000000001
56,-0.0015104,2.2,0.97
57,-0.0015088,2.2,0.99
58,-0.0015072,2.2800000000000002,1.01
59,-0.0015056000000000002,2.2800000000000002,1.03
60,-0.0015040000000000001,2.36,1.05
61,-0.0015024,2.44,1.05
62,-0.0015008,2.44,1.09
63,-0.0014992,2.44,1.09
64,-0.0014976,2.52,1.11
65,-0.0014960000000000002,-2.44,0.75
66,-0.0014944000000000001,-2.36,0.33
67,-0.0014928,-2.36,0.01
68,-0.0014912,-2.2800000000000002,-0.23
69,-0.0014896,-2.2800000000000002,-0.41000000000000003
70,-0.0014880000000000002,-2.2,-0.5700000000000001
71,-0.0014864000000000001,-2.2,-0.67
72,-0.0014848,-2.12,-0.75
73,-0.0014832,-2.12,-0.81
74,-0.0014816,-2.04,-0.8300000000000001
75,-0.00148,-2.04,-0.87
76,-0.0014784000000000002,-1.96,-0.89
77,-0.0014768000000000001,-1.8800000000000001,-0.89
78,-0.0014752,-1.8800000000000001,-0.89
79,-0.0014736,-1.8800000000000001,-0.89
80,-0.001472,-1.8,-0.89
81,-0.0014704000000000002,-1.8,-0.87
82,-0.0014688000000000001,-1.8,-0.87
83,-0.0014672,-1.6400000000000001,-0.87
84,-0.0014656,-1.6400000000000001,-0.8300000000000001
85,-0.001464,-1.6400000000000001,-0.8300000000000001
86,-0.0014624,-1.56,-0.81
87,-0.0014608000000000002,-1.48,-0.79
88,-0.0014592000000000001,-1.56,-0.77
89,-0.0014576,-1.48,-0.75
90,-0.001456,-1.48,-0.75
91,-0.0014544,-1.4000000000000001,-0.73
92,-0.0014528000000000002,-1.4000000000000001,-0.71
93,-0.0014512000000000001,-1.24,-0.6900000000000001
94,-0.0014496,-1.32,-0.67
95,-0.001448,-1.24,-0.65
96,-0.0014464,-1.24,-0.65
97,-0.0014448,-1.16,-0.61
98,-0.0014432000000000002,-1.16,-0.59
99,-0.0014416000000000001,-1.08,-0.5700000000000001
100,-0.00144,-1.08,-0.5700000000000001
101,-0.0014384,-1.0,-0.55
102,-0.0014368,-1.0,-0.53
103,-0.0014352000000000002,-0.92,-0.51
104,-0.0014336000000000002,-0.92,-0.49
105,-0.0014320000000000001,-0.92,-0.47000000000000003
106,-0.0014304,-0.84,-0.45
107,-0.0014288,-0.76,-0.43
108,-0.0014272,-0.76,-0.41000000000000003
109,-0.0014256000000000002,-0.76,-0.39
110,-0.0014240000000000001,-0.6,-0.37
111,-0.0014224,-0.68,-0.35000000000000003
112,-0.0014208,-0.6,-0.33
113,-0.0014192,-0.6,-0.31
114,-0.0014176000000000002,-0.44,-0.29
115,-0.0014160000000000002,-0.44,-0.27
116,-0.0014144000000000001,-0.44,-0.25
117,-0.0014128,-0.28,-0.23
118,-0.0014112,-0.36,-0.23
119,-0.0014096,-0.28,-0.19
120,-0.001408,-0.28,-0.19
121,-0.0014064000000000001,-0.2,-0.17
122,-0.0014048,-0.2,-0.15
123,-0.0014032,-0.12,-0.13
124,-0.0014016,-0.04,-0.11
125,-0.0014000000000000002,-0.04,-0.09
126,-0.0013984000000000002,0.04,-0.07
127,-0.0013968000000000001,0.04,-0.05
128,-0.0013952,0.04,-0.03
129,-0.0013936,0.12,-0.01
130,-0.001392,0.2,0.01
131,-0.0013904,0.2,0.03
132,-0.0013888000000000001,0.2,0.05
133,-0.0013872,0.28,0.07
134,-0.0013856,0.36,0.09
135,-0.001384,0.36,0.11
136,-0.0013824000000000002,0.36,0.11
137,-0.0013808000000000002,0.44,0.13
138,-0.0013792000000000001,0.52,0.15
139,-0.0013776,0.52,0.17
140,-0.001376,0.52,0.19
141,-0.0013744,0.6,0.21
142,-0.0013728,0.6,0.23
143,-0.0013712000000000002,0.68,0.25
144,-0.0013696000000000001,0.76,0.27
145,-0.001368,0.76,0.29
146,-0.0013664,0.76,0.31
147,-0.0013648,0.84,0.33
148,-0.0013632000000000002,0.84,0.35000000000000003
149,-0.0013616000000000001,0.92,0.37
150,-0.00136,1.0,0.39
151,-0.0013584,1.0,0.41000000000000003
152,-0.0013568,1.08,0.41000000000000003
153,-0.0013552,1.08,0.43
154,-0.0013536000000000002,1.08,0.45
155,-0.0013520000000000001,1.16,0.49
156,-0.0013504,1.16,0.51
157,-0.0013488,1.24,0.51
158,-0.0013472000000000002,1.24,0.53
159,-0.0013456000000000002,1.32,0.5700000000000001
160,-0.0013440000000000001,1.32,0.5700000000000001
161,-0.0013424,1.4000000000000001,0.59
162,-0.0013408,1.4000000000000001,0.61
163,-0.0013392,1.48,0.63
164,-0.0013376,1.48,0.65
165,-0.0013360000000000002,1.56,0.67
166,-0.0013344000000000001,1.56,0.6900000000000001
167,-0.0013328,1.56,0.71
168,-0.0013312,1.6400000000000001,0.73
169,-0.0013296,1.72,0.75
170,-0.0013280000000000002,1.8,0.77
171,-0.0013264000000000001,1.8,0.79
172,-0.0013248000000000001,1.8,0.81
173,-0.0013232,1.8800000000000001,0.8300000000000001
174,-0.0013216,1.96,0.8300000000000001
175,-0.00132,1.96,0.85
176,-0.0013184,1.96,0.89
177,-0.0013168000000000001,2.04,0.89
178,-0.0013152,2.12,0.93
179,-0.0013136,2.12,0.93
180,-0.001312,2.12,0.9500000000000001
181,-0.0013104000000000002,2.2,0.97
182,-0.0013088000000000002,2.2,1.01
183,-0.0013072000000000001,2.2800000000000002,1.01
184,-0.0013056,2.2800000000000002,1.03
185,-0.001304,2.36,1.05
186,-0.0013024,2.36,1.07
187,-0.0013008,2.44,1.07
188,-0.0012992000000000001,2.44,1.11
189,-0.0012976,2.52,1.1300000000000001
190,-0.001296,-2.36,0.73
191,-0.0012944,-2.2800000000000002,0.33
192,-0.0012928000000000002,-2.2800000000000002,0.01
193,-0.0012912000000000002,-2.2800000000000002,-0.23
194,-0.0012896000000000001,-2.2800000000000002,-0.43
195,-0.001288,-2.2,-0.5700000000000001
196,-0.0012864,-2.2,-0.67
197,-0.0012848,-2.04,-0.75
198,-0.0012832,-2.12,-0.79
199,-0.0012816000000000001,-2.04,-0.8300000000000001
200,-0.00128,-2.04,-0.85
201,-0.0012784,-1.96,-0.89
202,-0.0012768,-1.96,-0.89
203,-0.0012752000000000002,-1.96,-0.91
204,-0.0012736000000000002,-1.8800000000000001,-0.89
205,-0.0012720000000000001,-1.8800000000000001,-0.89
206,-0.0012704,-1.8,-0.87
207,-0.0012688,-1.72,-0.87
208,-0.0012672,-1.72,-0.85
209,-0.0012656,-1.72,-0.85
210,-0.0012640000000000001,-1.6400000000000001,-0.8300000000000001
211,-0.0012624000000000001,-1.6400000000000001,-0.81
212,-0.0012608,-1.56,-0.79
213,-0.0012592,-1.56,-0.79
214,-0.0012576000000000002,-1.48,-0.77
215,-0.0012560000000000002,-1.48,-0.75
216,-0.0012544000000000001,-1.4000000000000001,-0.73
217,-0.0012528,-1.4000000000000001,-0.71
218,-0.0012512,-1.32,-0.6900000000000001
219,-0.0012496,-1.32,-0.67
220,-0.001248,-1.24,-0.65
221,-0.0012464000000000002,-1.24,-0.63
222,-0.0012448000000000001,-1.16,-0.63
223,-0.0012432,-1.16,-0.61
224,-0.0012416,-1.08,-0.59
225,-0.0012400000000000002,-1.08,-0.5700000000000001
226,-0.0012384000000000002,-1.0,-0.53
227,-0.0012368000000000001,-0.92,-0.53
228,-0.0012352,-0.92,-0.51
229,-0.0012336,-0.92,-0.49
230,-0.001232,-0.84,-0.45
231,-0.0012304,-0.76,-0.45
232,-0.0012288000000000002,-0.76,-0.43
233,-0.0012272000000000001,-0.76,-0.41000000000000003
234,-0.0012256,-0.68,-0.39
235,-0.001224,-0.68,-0.37
236,-0.0012224000000000002,-0.6,-0.35000000000000003
237,-0.0012208000000000002,-0.6,-0.33
238,-0.0012192000000000001,-0.52,-0.31
239,-0.0012176,-0.52,-0.29
240,-0.001216,-0.44,-0.29
241,-0.0012144,-0.44,-0.25
242,-0.0012128,-0.44,-0.23
243,-0.0012112000000000002,-0.36,-0.21
244,-0.0012096000000000001,-0.28,-0.21
245,-0.001208,-0.2,-0.19
246,-0.0012064,-0.28,-0.17
247,-0.0012048000000000002,-0.2,-0.15
248,-0.0012032000000000002,-0.12,-0.13
249,-0.0012016000000000002,-0.12,-0.11
250,-0.0012000000000000001,-0.04,-0.09
251,-0.0011984,-0.04,-0.07
252,-0.0011968,0.04,-0.05
253,-0.0011952,0.04,-0.03
254,-0.0011936000000000002,0.12,-0.01
255,-0.0011920000000000001,0.12,0.01
256,-0.0011904,0.2,0.03
257,-0.0011888,0.28,0.05
258,-0.0011872,0.28,0.07
259,-0.0011856000000000002,0.28,0.09
260,-0.0011840000000000002,0.36,0.11
261,-0.0011824000000000001,0.36,0.13
262,-0.0011808,0.44,0.13
263,-0.0011792,0.44,0.15
264,-0.0011776,0.52,0.17
265,-0.001176,0.6,0.19
266,-0.0011744000000000001,0.6,0.21
267,-0.0011728,0.6,0.23
268,-0.0011712,0.68,0.25
269,-0.0011696,0.68,0.27
270,-0.0011680000000000002,0.76,0.29
271,-0.0011664000000000002,0.84,0.31
272,-0.0011648000000000001,0.84,0.33
273,-0.0011632,0.84,0.35000000000000003
274,-0.0011616,0.92,0.37
275,-0.00116,0.92,0.37
276,-0.0011584,1.0,0.39
277,-0.0011568000000000001,1.0,0.43
278,-0.0011552,1.08,0.43
279,-0.0011536,1.08,0.47000000000000003
280,-0.001152,1.16,0.47000000000000003
281,-0.0011504000000000002,1.24,0.49
282,-0.0011488000000000002,1.24,0.51
283,-0.0011472000000000001,1.24,0.53
284,-0.0011456,1.32,0.55
285,-0.001144,1.32,0.5700000000000001
286,-0.0011424,1.4000000000000001,0.59
287,-0.0011408,1.4000000000000001,0.61
288,-0.0011392000000000002,1.48,0.63
289,-0.0011376000000000001,1.56,0.65
290,-0.001136,1.56,0.67
291,-0.0011344,1.56,0.67
292,-0.0011328000000000002,1.56,0.6900000000000001
293,-0.0011312000000000002,1.6400000000000001,0.71
294,-0.0011296000000000001,1.6400000000000001,0.75
295,-0.001128,1.72,0.77
296,-0.0011264,1.8,0.77
297,-0.0011248,1.8,0.81
298,-0.0011232,1.8800000000000001,0.8300000000000001
299,-0.0011216000000000002,1.8800000000000001,0.8300000000000001
300,-0.0011200000000000001,1.96,0.87
301,-0.0011184,1.96,0.87
302,-0.0011168,2.04,0.89
303,-0.0011152000000000002,2.04,0.91
304,-0.0011136000000000002,2.12,0.93
305,-0.0011120000000000001,2.2,0.9500000000000001
306,-0.0011104,2.2,0.97
307,-0.0011088,2.2,0.99
308,-0.0011072,2.2800000000000002,1.01
309,-0.0011056,2.2800000000000002,1.03
310,-0.001104,2.36,1.05
311,-0.0011024000000000001,2.36,1.05
312,-0.0011008,2.44,1.09
313,-0.0010992,2.44,1.11
314,-0.0010976000000000002,2.52,1.1300000000000001
315,-0.0010960000000000002,-2.36,0.75
316,-0.0010944000000000001,-2.2800000000000002,0.33
317,-0.0010928,-2.2800000000000002,0.01
318,-0.0010912,-2.2800000000000002,-0.23
319,-0.0010896,-2.2,-0.43
320,-0.001088,-2.2,-0.5700000000000001
321,-0.0010864,-2.12,-0.67
322,-0.0010848000000000001,-2.12,-0.75
323,-0.0010832,-2.12,-0.81
324,-0.0010816,-2.04,-0.85
325,-0.0010800000000000002,-2.04,-0.85
326,-0.0010784000000000002,-1.96,-0.89
327,-0.0010768000000000002,-1.96,-0.89
328,-0.0010752000000000001,-1.96,-0.89
329,-0.0010736,-1.8800000000000001,-0.91
330,-0.001072,-1.8,-0.89
331,-0.0010704,-1.8,-0.89
332,-0.0010688,-1.8,-0.87
333,-0.0010672000000000001,-1.72,-0.85
334,-0.0010656,-1.6400000000000001,-0.85
335,-0.001064,-1.6400000000000001,-0.8300000000000001
336,-0.0010624000000000002,-1.6400000000000001,-0.8300000000000001
337,-0.0010608000000000002,-1.56,-0.79
338,-0.0010592000000000002,-1.56,-0.77
339,-0.0010576000000000001,-1.48,-0.75
340,-0.001056,-1.48,-0.75
341,-0.0010544,-1.4000000000000001,-0.73
342,-0.0010528,-1.4000000000000001,-0.71
343,-0.0010512,-1.32,-0.6900000000000001
344,-0.0010496000000000001,-1.32,-0.67
345,-0.001048,-1.24,-0.65
346,-0.0010464,-1.24,-0.65
347,-0.0010448000000000002,-1.24,-0.61
348,-0.0010432000000000002,-1.16,-0.59
349,-0.0010416000000000002,-1.08,-0.59
350,-0.0010400000000000001,-1.08,-0.5700000000000001
351,-0.0010384,-1.0,-0.53
352,-0.0010368,-1.0,-0.53
353,-0.0010352,-0.92,-0.51
354,-0.0010336,-0.92,-0.49
355,-0.0010320000000000001,-0.84,-0.47000000000000003
356,-0.0010304000000000001,-0.84,-0.45
357,-0.0010288,-0.76,-0.43
358,-0.0010272000000000002,-0.76,-0.41000000000000003
359,-0.0010256000000000002,-0.76,-0.39
360,-0.0010240000000000002,-0.68,-0.37
361,-0.0010224000000000001,-0.6,-0.35000000000000003
362,-0.0010208,-0.6,-0.33
363,-0.0010192,-0.6,-0.31
364,-0.0010176,-0.52,-0.29
365,-0.001016,-0.44,-0.27
366,-0.0010144000000000002,-0.44,-0.25
367,-0.0010128000000000001,-0.44,-0.23
368,-0.0010112,-0.28,-0.23
369,-0.0010096000000000003,-0.28,-0.21
370,-0.0010080000000000002,-0.28,-0.17
371,-0.0010064000000000002,-0.2,-0.17
372,-0.0010048000000000001,-0.2,-0.15
373,-0.0010032,-0.12,-0.13
374,-0.0010016,-0.12,-0.11
375,-0.001,-0.04,-0.09
376,-0.0009984,-0.04,-0.07
377,-0.0009968,0.04,-0.05
378,-0.0009952000000000001,0.12,-0.03
379,-0.0009936,0.12,-0.01
380,-0.0009920000000000003,0.2,0.01
381,-0.0009904000000000002,0.2,0.03
382,-0.0009888000000000002,0.28,0.05
383,-0.0009872000000000001,0.28,0.07
384,-0.0009856,0.28,0.09
385,-0.000984,0.36,0.11
386,-0.0009824,0.36,0.11
387,-0.0009808,0.44,0.13
388,-0.0009792,0.52,0.15
389,-0.0009776000000000001,0.52,0.17
390,-0.0009760000000000001,0.6,0.19
391,-0.0009744000000000002,0.6,0.21
392,-0.0009728000000000001,0.6,0.23
393,-0.0009712000000000001,0.68,0.25
394,-0.0009696000000000001,0.68,0.27
395,-0.0009680000000000001,0.76,0.29
396,-0.0009664000000000001,0.76,0.31
397,-0.0009648000000000001,0.84,0.33
398,-0.0009632000000000001,0.92,0.35000000000000003
399,-0.0009616000000000001,0.92,0.35000000000000003
400,-0.0009600000000000001,0.92,0.39
401,-0.0009584000000000001,1.0,0.39
402,-0.0009568000000000001,1.08,0.41000000000000003
403,-0.0009552000000000001,1.08,0.43
404,-0.0009536000000000001,1.08,0.45
405,-0.0009520000000000002,1.16,0.49
406,-0.0009504000000000001,1.16,0.49
407,-0.0009488000000000001,1.24,0.51
408,-0.0009472000000000001,1.24,0.53
409,-0.0009456000000000001,1.32,0.55
410,-0.0009440000000000001,1.32,0.5700000000000001
411,-0.0009424000000000001,1.4000000000000001,0.59
412,-0.0009408000000000001,1.4000000000000001,0.61
413,-0.0009392000000000001,1.48,0.63
414,-0.0009376000000000001,1.48,0.65
415,-0.0009360000000000001,1.56,0.67
416,-0.0009344000000000002,1.56,0.6900000000000001
417,-0.0009328000000000001,1.6400000000000001,0.71
418,-0.0009312000000000001,1.6400000000000001,0.73
419,-0.0009296000000000002,1.72,0.75
420,-0.0009280000000000001,1.72,0.77
421,-0.0009264000000000001,1.8,0.79
422,-0.0009248000000000001,1.8,0.81
423,-0.0009232000000000001,1.8800000000000001,0.8300000000000001
424,-0.0009216000000000001,1.8800000000000001,0.8300000000000001
425,-0.0009200000000000001,1.96,0.87
426,-0.0009184000000000001,1.96,0.87
427,-0.0009168000000000001,1.96,0.91
428,-0.0009152000000000001,2.04,0.91
429,-0.0009136000000000001,2.12,0.9500000000000001
430,-0.0009120000000000002,2.12,0.9500000000000001
431,-0.0009104000000000001,2.2,0.97
432,-0.0009088000000000001,2.2,0.99
433,-0.0009072000000000002,2.2800000000000002,1.01
434,-0.0009056000000000001,2.2800000000000002,1.03
435,-0.0009040000000000001,2.36,1.05
436,-0.0009024000000000001,2.36,1.07
437,-0.0009008000000000001,2.44,1.07
438,-0.0008992000000000001,2.52,1.11
439,-0.0008976000000000001,2.52,1.1300000000000001
440,-0.0008960000000000001,-2.36,0.75
441,-0.0008944000000000001,-2.36,0.33
442,-0.0008928000000000001,-2.36,-0.01
443,-0.0008912000000000001,-2.2800000000000002,-0.23
444,-0.0008896000000000002,-2.2800000000000002,-0.43
445,-0.0008880000000000001,-2.2,-0.55
446,-0.0008864000000000001,-2.12,-0.67
447,-0.0008848000000000001,-2.12,-0.75
448,-0.0008832000000000001,-2.12,-0.79
449,-0.0008816000000000001,-2.04,-0.8300000000000001
450,-0.0008800000000000001,-2.04,-0.87
451,-0.0008784000000000001,-1.96,-0.89
452,-0.0008768000000000001,-1.96,-0.89
453,-0.0008752000000000001,-1.96,-0.89
454,-0.0008736000000000001,-1.8800000000000001,-0.91
455,-0.0008720000000000002,-1.8800000000000001,-0.89
456,-0.0008704000000000001,-1.8,-0.89
457,-0.0008688000000000001,-1.72,-0.87
458,-0.0008672000000000002,-1.72,-0.85
459,-0.0008656000000000001,-1.72,-0.85
460,-0.0008640000000000001,-1.6400000000000001,-0.8300000000000001
461,-0.0008624000000000001,-1.6400000000000001,-0.81
462,-0.0008608000000000001,-1.56,-0.79
463,-0.0008592000000000001,-1.56,-0.79
464,-0.0008576000000000001,-1.48,-0.77
465,-0.0008560000000000001,-1.48,-0.75
466,-0.0008544000000000001,-1.4000000000000001,-0.73
467,-0.0008528000000000001,-1.32,-0.71
468,-0.0008512000000000001,-1.32,-0.6900000000000001
469,-0.0008496000000000002,-1.32,-0.67
470,-0.0008480000000000001,-1.24,-0.67
471,-0.0008464000000000001,-1.24,-0.63
472,-0.0008448000000000002,-1.16,-0.63
473,-0.0008432000000000001,-1.16,-0.59
474,-0.0008416000000000001,-1.08,-0.5700000000000001
475,-0.0008400000000000001,-1.08,-0.5700000000000001
476,-0.0008384000000000001,-1.0,-0.55
477,-0.0008368000000000001,-1.0,-0.51
478,-0.0008352000000000001,-0.92,-0.51
479,-0.0008336000000000001,-0.92,-0.49
480,-0.0008320000000000001,-0.84,-0.47000000000000003
481,-0.0008304000000000001,-0.84,-0.45
482,-0.0008288000000000001,-0.76,-0.43
483,-0.0008272000000000002,-0.76,-0.41000000000000003
484,-0.0008256000000000001,-0.68,-0.39
485,-0.0008240000000000001,-0.68,-0.37
486,-0.0008224000000000001,-0.6,-0.35000000000000003
487,-0.0008208000000000001,-0.6,-0.33
488,-0.0008192000000000001,-0.6,-0.33
489,-0.0008176000000000001,-0.52,-0.29
490,-0.0008160000000000001,-0.44,-0.27
491,-0.0008144000000000001,-0.44,-0.25
492,-0.0008128000000000001,-0.44,-0.23
493,-0.0008112000000000001,-0.36,-0.21
494,-0.0008096000000000002,-0.36,-0.19
495,-0.0008080000000000001,-0.28,-0.17
496,-0.0008064000000000001,-0.28,-0.17
497,-0.0008048000000000002,-0.2,-0.15
498,-0.0008032000000000001,-0.12,-0.13
499,-0.0008016000000000001,-0.04,-0.09
500,-0.0008000000000000001,-0.04,-0.09
501,-0.0007984000000000001,-0.04,-0.07
502,-0.0007968000000000001,0.04,-0.05
503,-0.0007952000000000001,0.04,-0.03
504,-0.0007936000000000001,0.2,-0.01
505,-0.0007920000000000001,0.2,0.01
506,-0.0007904000000000001,0.2,0.03
507,-0.0007888000000000001,0.2,0.05
508,-0.0007872000000000002,0.28,0.05
509,-0.0007856000000000001,0.28,0.09
510,-0.0007840000000000001,0.36,0.11
511,-0.0007824000000000002,0.36,0.13
512,-0.0007808000000000001,0.44,0.13
513,-0.0007792000000000001,0.44,0.17
514,-0.0007776000000000001,0.52,0.17
515,-0.0007760000000000001,0.6,0.21
516,-0.0007744000000000001,0.6,0.21
517,-0.0007728000000000001,0.6,0.23
518,-0.0007712000000000001,0.68,0.25
519,-0.0007696000000000002,0.76,0.27
520,-0.0007680000000000001,0.76,0.29
521,-0.0007664000000000001,0.84,0.31
522,-0.0007648000000000002,0.84,0.33
523,-0.0007632000000000001,0.84,0.35000000000000003
524,-0.0007616000000000001,0.92,0.37
525,-0.0007600000000000002,0.92,0.39
526,-0.0007584000000000001,1.0,0.39
527,-0.0007568000000000001,1.08,0.43
528,-0.0007552000000000001,1.08,0.43
529,-0.0007536000000000001,1.08,0.47000000000000003
530,-0.0007520000000000001,1.16,0.47000000000000003
531,-0.0007504000000000001,1.16,0.49
532,-0.0007488000000000001,1.24,0.51
533,-0.0007472000000000002,1.24,0.53
534,-0.0007456000000000001,1.32,0.55
535,-0.0007440000000000001,1.32,0.5700000000000001
536,-0.0007424000000000002,1.4000000000000001,0.59
537,-0.0007408000000000001,1.4000000000000001,0.61
538,-0.0007392000000000001,1.48,0.63
539,-0.0007376000000000001,1.48,0.65
540,-0.0007360000000000001,1.56,0.67
541,-0.0007344000000000001,1.56,0.6900000000000001
542,-0.0007328000000000001,1.6400000000000001,0.71
543,-0.0007312000000000001,1.6400000000000001,0.73
544,-0.0007296000000000002,1.72,0.75
545,-0.0007280000000000001,1.72,0.77
546,-0.0007264000000000001,1.8,0.79
547,-0.0007248000000000002,1.8,0.79
548,-0.0007232000000000001,1.8800000000000001,0.8300000000000001
549,-0.0007216000000000001,1.96,0.8300000000000001
550,-0.0007200000000000002,1.96,0.87
551,-0.0007184000000000001,1.96,0.89
552,-0.0007168000000000001,2.04,0.91
553,-0.0007152000000000001,2.04,0.91
554,-0.0007136000000000001,2.12,0.93
555,-0.0007120000000000001,2.12,0.9500000000000001
556,-0.0007104000000000001,2.2,0.97
557,-0.0007088000000000001,2.2,0.99
558,-0.0007072000000000002,2.2800000000000002,1.01
559,-0.0007056000000000001,2.2800000000000002,1.03
560,-0.0007040000000000001,2.2800000000000002,1.05
561,-0.0007024000000000002,2.36,1.07
562,-0.0007008000000000001,2.44,1.09
563,-0.0006992000000000001,2.44,1.11
564,-0.0006976000000000002,2.52,1.11
565,-0.0006960000000000001,-2.44,0.75
566,-0.0006944000000000001,-2.36,0.33
567,-0.0006928000000000001,-2.36,0.01
568,-0.0006912000000000001,-2.2800000000000002,-0.23
569,-0.0006896000000000001,-2.2800000000000002,-0.43
570,-0.0006880000000000001,-2.2,-0.5700000000000001
571,-0.0006864000000000001,-2.2,-0.67
572,-0.0006848000000000002,-2.12,-0.75
573,-0.0006832000000000001,-2.12,-0.81
574,-0.0006816000000000001,-2.04,-0.85
575,-0.0006800000000000002,-2.04,-0.87
576,-0.0006784000000000001,-1.96,-0.89
577,-0.0006768000000000001,-1.96,-0.89
578,-0.0006752000000000001,-1.96,-0.89
579,-0.0006736000000000001,-1.8800000000000001,-0.89
580,-0.0006720000000000001,-1.8800000000000001,-0.89
581,-0.0006704000000000001,-1.8,-0.87
582,-0.0006688000000000001,-1.72,-0.87
583,-0.0006672000000000002,-1.72,-0.85
584,-0.0006656000000000001,-1.6400000000000001,-0.85
585,-0.0006640000000000001,-1.56,-0.8300000000000001
586,-0.0006624000000000002,-1.6400000000000001,-0.81
587,-0.0006608000000000001,-1.56,-0.79
588,-0.0006592000000000001,-1.56,-0.77
589,-0.0006576000000000002,-1.48,-0.77
590,-0.0006560000000000001,-1.48,-0.75
591,-0.0006544000000000001,-1.4000000000000001,-0.71
592,-0.0006528000000000001,-1.4000000000000001,-0.71
593,-0.0006512000000000001,-1.32,-0.6900000000000001
594,-0.0006496000000000001,-1.32,-0.67
595,-0.0006480000000000001,-1.24,-0.65
596,-0.0006464000000000001,-1.24,-0.63
597,-0.0006448000000000002,-1.16,-0.61
598,-0.0006432000000000001,-1.16,-0.61
599,-0.0006416000000000001,-1.16,-0.59
600,-0.0006400000000000002,-1.08,-0.5700000000000001
601,-0.0006384000000000001,-1.0,-0.55
602,-0.0006368000000000001,-1.0,-0.53
603,-0.0006352000000000002,-0.92,-0.51
604,-0.0006336000000000001,-0.92,-0.49
605,-0.0006320000000000001,-0.84,-0.47000000000000003
606,-0.0006304000000000001,-0.84,-0.45
607,-0.0006288000000000001,-0.76,-0.43
608,-0.0006272000000000001,-0.76,-0.41000000000000003
609,-0.0006256000000000001,-0.68,-0.39
610,-0.0006240000000000001,-0.68,-0.37
611,-0.0006224000000000002,-0.68,-0.35000000000000003
612,-0.0006208000000000001,-0.6,-0.33
613,-0.0006192000000000001,-0.52,-0.31
614,-0.0006176,-0.44,-0.29
615,-0.0006160000000000002,-0.44,-0.27
616,-0.0006144000000000002,-0.44,-0.27
617,-0.0006128000000000002,-0.36,-0.23
618,-0.0006112000000000001,-0.36,-0.21
619,-0.0006096000000000001,-0.28,-0.19
620,-0.000608,-0.28,-0.17
621,-0.0006064000000000002,-0.2,-0.17
622,-0.0006048000000000002,-0.2,-0.15
623,-0.0006032000000000001,-0.12,-0.13
624,-0.0006016000000000001,-0.12,-0.11
625,-0.0006000000000000001,-0.12,-0.09
626,-0.0005984,-0.04,-0.07
627,-0.0005968000000000002,0.04,-0.05
628,-0.0005952000000000002,0.04,-0.03
629,-0.0005936000000000001,0.12,-0.01
630,-0.0005920000000000001,0.2,0.01
631,-0.0005904,0.2,0.03
632,-0.0005888000000000002,0.2,0.05
633,-0.0005872000000000002,0.28,0.07
634,-0.0005856000000000001,0.28,0.09
635,-0.0005840000000000001,0.36,0.11
636,-0.0005824000000000001,0.44,0.13
637,-0.0005808,0.44,0.15
638,-0.0005792000000000002,0.44,0.17
639,-0.0005776000000000002,0.52,0.19
640,-0.0005760000000000001,0.6,0.21
641,-0.0005744000000000001,0.6,0.21
642,-0.0005728,0.68,0.23
643,-0.0005712000000000002,0.68,0.25
644,-0.0005696000000000002,0.68,0.27
645,-0.0005680000000000001,0.76,0.29
646,-0.0005664000000000001,0.84,0.31
647,-0.0005648000000000001,0.84,0.33
648,-0.0005632,0.84,0.35000000000000003
649,-0.0005616000000000002,0.92,0.37
650,-0.0005600000000000002,0.92,0.39
651,-0.0005584000000000001,1.0,0.41000000000000003
652,-0.0005568000000000001,1.0,0.41000000000000003
653,-0.0005552,1.08,0.45
654,-0.0005536000000000002,1.08,0.47000000000000003
655,-0.0005520000000000002,1.16,0.49
656,-0.0005504000000000002,1.16,0.49
657,-0.0005488000000000001,1.24,0.53
658,-0.0005472000000000001,1.24,0.53
659,-0.0005456,1.32,0.55
660,-0.0005440000000000002,1.32,0.5700000000000001
661,-0.0005424000000000002,1.4000000000000001,0.59
662,-0.0005408000000000001,1.4000000000000001,0.61
663,-0.0005392000000000001,1.48,0.63
664,-0.0005376000000000001,1.56,0.65
665,-0.000536,1.56,0.67
666,-0.0005344000000000002,1.56,0.6900000000000001
667,-0.0005328000000000002,1.6400000000000001,0.71
668,-0.0005312000000000001,1.6400000000000001,0.73
669,-0.0005296000000000001,1.72,0.75
670,-0.000528,1.72,0.77
671,-0.0005264000000000002,1.8,0.79
672,-0.0005248000000000002,1.8,0.81
673,-0.0005232000000000001,1.8800000000000001,0.81
674,-0.0005216000000000001,1.8800000000000001,0.8300000000000001
675,-0.0005200000000000001,1.96,0.85
676,-0.0005184,1.96,0.87
677,-0.0005168000000000002,2.04,0.89
678,-0.0005152000000000002,2.04,0.91
679,-0.0005136000000000001,2.12,0.93
680,-0.0005120000000000001,2.12,0.9500000000000001
681,-0.0005104,2.2,0.97
682,-0.0005088000000000002,2.2800000000000002,0.99
683,-0.0005072000000000002,2.2,1.01
684,-0.0005056000000000001,2.2800000000000002,1.03
685,-0.0005040000000000001,2.36,1.05
686,-0.0005024000000000001,2.36,1.07
687,-0.0005008,2.44,1.09
688,-0.0004992000000000002,2.52,1.11
689,-0.0004976000000000002,2.44,1.1300000000000001
690,-0.0004960000000000001,-2.44,0.73
691,-0.0004944000000000001,-2.36,0.31
692,-0.0004928,-2.36,0.01
693,-0.0004912000000000002,-2.2800000000000002,-0.23
694,-0.0004896000000000002,-2.2,-0.41000000000000003
695,-0.00048800000000000015,-2.2,-0.5700000000000001
696,-0.0004864000000000001,-2.2,-0.67
697,-0.0004848000000000001,-2.12,-0.73
698,-0.00048320000000000004,-2.12,-0.79
699,-0.0004816000000000002,-2.04,-0.8300000000000001
700,-0.0004800000000000002,-2.04,-0.87
701,-0.00047840000000000014,-1.96,-0.89
702,-0.0004768000000000001,-1.96,-0.89
703,-0.00047520000000000006,-1.8800000000000001,-0.89
704,-0.0004736,-1.8,-0.89
705,-0.0004720000000000002,-1.8,-0.87
706,-0.00047040000000000016,-1.8,-0.87
707,-0.0004688000000000001,-1.72,-0.87
708,-0.0004672000000000001,-1.72,-0.85
709,-0.00046560000000000004,-1.72,-0.85
710,-0.0004640000000000002,-1.6400000000000001,-0.8300000000000001
711,-0.0004624000000000002,-1.56,-0.81
712,-0.00046080000000000014,-1.56,-0.81
713,-0.0004592000000000001,-1.56,-0.77
714,-0.00045760000000000006,-1.48,-0.75
715,-0.000456,-1.48,-0.73
716,-0.0004544000000000002,-1.32,-0.73
717,-0.00045280000000000016,-1.32,-0.71
718,-0.0004512000000000001,-1.32,-0.6900000000000001
719,-0.0004496000000000001,-1.32,-0.67
720,-0.00044800000000000005,-1.24,-0.65
721,-0.0004464000000000002,-1.24,-0.63
722,-0.0004448000000000002,-1.16,-0.61
723,-0.00044320000000000015,-1.16,-0.61
724,-0.0004416000000000001,-1.08,-0.59
725,-0.00044000000000000007,-1.08,-0.5700000000000001
726,-0.00043840000000000003,-1.0,-0.55
727,-0.0004368000000000002,-1.0,-0.53
728,-0.00043520000000000017,-0.92,-0.51
729,-0.00043360000000000013,-0.92,-0.49
730,-0.0004320000000000001,-0.84,-0.47000000000000003
731,-0.00043040000000000005,-0.84,-0.45
732,-0.00042880000000000023,-0.76,-0.43
733,-0.0004272000000000002,-0.76,-0.41000000000000003
734,-0.00042560000000000015,-0.76,-0.39
735,-0.0004240000000000001,-0.68,-0.37
736,-0.0004224000000000001,-0.68,-0.35000000000000003
737,-0.00042080000000000004,-0.6,-0.33
738,-0.0004192000000000002,-0.52,-0.31
739,-0.0004176000000000002,-0.52,-0.29
740,-0.00041600000000000014,-0.44,-0.27
741,-0.0004144000000000001,-0.44,-0.25
742,-0.00041280000000000006,-0.36,-0.23
743,-0.00041120000000000024,-0.36,-0.21
744,-0.0004096000000000002,-0.28,-0.21
745,-0.00040800000000000016,-0.28,-0.17
746,-0.0004064000000000001,-0.2,-0.15
747,-0.0004048000000000001,-0.12,-0.15
748,-0.00040320000000000004,-0.12,-0.13
749,-0.0004016000000000002,-0.12,-0.11
750,-0.0004000000000000002,-0.04,-0.09
751,-0.00039840000000000014,-0.04,-0.07
752,-0.0003968000000000001,0.04,-0.05
753,-0.00039520000000000007,0.04,-0.03
754,-0.0003936,0.12,-0.01
755,-0.0003920000000000002,0.2,0.01
756,-0.00039040000000000017,0.2,0.01
757,-0.0003888000000000001,0.28,0.05
758,-0.0003872000000000001,0.28,0.07
759,-0.00038560000000000005,0.28,0.07
760,-0.0003840000000000002,0.36,0.09
761,-0.0003824000000000002,0.36,0.11
762,-0.00038080000000000015,0.44,0.15
763,-0.0003792000000000001,0.44,0.17
764,-0.00037760000000000007,0.52,0.17
765,-0.00037600000000000003,0.6,0.19
766,-0.0003744000000000002,0.6,0.21
767,-0.00037280000000000017,0.68,0.23
768,-0.00037120000000000013,0.68,0.25
769,-0.0003696000000000001,0.68,0.27
770,-0.00036800000000000005,0.76,0.29
771,-0.00036640000000000023,0.84,0.31
772,-0.0003648000000000002,0.84,0.33
773,-0.00036320000000000015,0.84,0.33
774,-0.0003616000000000001,0.92,0.37
775,-0.0003600000000000001,0.92,0.39
776,-0.00035840000000000004,1.0,0.39
777,-0.0003568000000000002,1.08,0.43
778,-0.0003552000000000002,1.08,0.45
779,-0.00035360000000000014,1.08,0.47000000000000003
780,-0.0003520000000000001,1.16,0.49
781,-0.00035040000000000006,1.16,0.49
782,-0.00034880000000000024,1.24,0.53
783,-0.0003472000000000002,1.24,0.53
784,-0.00034560000000000016,1.32,0.55
785,-0.0003440000000000001,1.32,0.5700000000000001
786,-0.0003424000000000001,1.4000000000000001,0.59
787,-0.00034080000000000004,1.48,0.61
788,-0.0003392000000000002,1.48,0.63
789,-0.0003376000000000002,1.56,0.65
790,-0.00033600000000000014,1.56,0.67
791,-0.0003344000000000001,1.56,0.67
792,-0.00033280000000000007,1.6400000000000001,0.71
793,-0.00033120000000000003,1.6400000000000001,0.73
794,-0.0003296000000000002,1.72,0.75
795,-0.00032800000000000017,1.72,0.77
796,-0.00032640000000000013,1.8,0.79
797,-0.0003248000000000001,1.8,0.81
798,-0.00032320000000000005,1.8800000000000001,0.81
799,-0.00032160000000000023,1.8800000000000001,0.85
800,-0.0003200000000000002,1.96,0.87
801,-0.00031840000000000015,1.96,0.89
802,-0.0003168000000000001,2.04,0.89
803,-0.00031520000000000007,2.04,0.93
804,-0.00031360000000000003,2.12,0.93
805,-0.0003120000000000002,2.12,0.9500000000000001
806,-0.00031040000000000017,2.2,0.97
807,-0.00030880000000000013,2.2,0.99
808,-0.0003072000000000001,2.2800000000000002,1.01
809,-0.00030560000000000006,2.2800000000000002,1.03
810,-0.00030400000000000023,2.36,1.03
811,-0.0003024000000000002,2.36,1.05
812,-0.00030080000000000016,2.44,1.07
813,-0.0002992000000000001,2.44,1.11
814,-0.0002976000000000001,2.52,1.1300000000000001
815,-0.00029600000000000004,-2.36,0.73
816,-0.0002944000000000002,-2.2800000000000002,0.31
817,-0.0002928000000000002,-2.2800000000000002,0.01
818,-0.00029120000000000014,-2.2800000000000002,-0.23
819,-0.0002896000000000001,-2.2,-0.43
820,-0.00028800000000000006,-2.12,-0.5700000000000001
821,-0.00028640000000000024,-2.12,-0.67
822,-0.0002848000000000002,-2.12,-0.75
823,-0.00028320000000000016,-2.12,-0.81
824,-0.0002816000000000001,-2.04,-0.85
825,-0.0002800000000000001,-2.04,-0.87
826,-0.00027840000000000005,-1.8800000000000001,-0.89
827,-0.0002768000000000002,-1.96,-0.89
828,-0.0002752000000000002,-1.96,-0.89
829,-0.00027360000000000015,-1.8800000000000001,-0.89
830,-0.0002720000000000001,-1.8800000000000001,-0.89
831,-0.00027040000000000007,-1.8,-0.89
832,-0.00026880000000000025,-1.72,-0.87
833,-0.0002672000000000002,-1.72,-0.85
834,-0.00026560000000000017,-1.72,-0.85
835,-0.00026400000000000013,-1.6400000000000001,-0.8300000000000001
836,-0.0002624000000000001,-1.6400000000000001,-0.81
837,-0.00026080000000000005,-1.56,-0.79
838,-0.00025920000000000023,-1.56,-0.79
839,-0.0002576000000000002,-1.48,-0.75
840,-0.00025600000000000015,-1.4000000000000001,-0.75
841,-0.0002544000000000001,-1.4000000000000001,-0.73
842,-0.0002528000000000001,-1.4000000000000001,-0.71
843,-0.00025120000000000003,-1.32,-0.6900000000000001
844,-0.0002496000000000002,-1.32,-0.67
845,-0.0002480000000000002,-1.24,-0.65
846,-0.00024640000000000013,-1.24,-0.63
847,-0.0002448000000000001,-1.16,-0.61
848,-0.00024320000000000006,-1.16,-0.61
849,-0.00024160000000000023,-1.08,-0.59
850,-0.0002400000000000002,-1.08,-0.5700000000000001
851,-0.00023840000000000016,-1.0,-0.55
852,-0.00023680000000000012,-0.92,-0.51
853,-0.00023520000000000008,-0.92,-0.51
854,-0.00023360000000000004,-0.92,-0.49
855,-0.00023200000000000022,-0.84,-0.47000000000000003
856,-0.00023040000000000018,-0.84,-0.45
857,-0.00022880000000000014,-0.76,-0.43
858,-0.0002272000000000001,-0.76,-0.41000000000000003
859,-0.00022560000000000006,-0.76,-0.39
860,-0.00022400000000000024,-0.6,-0.37
861,-0.0002224000000000002,-0.6,-0.35000000000000003
862,-0.00022080000000000016,-0.6,-0.33
863,-0.00021920000000000012,-0.52,-0.31
864,-0.00021760000000000009,-0.44,-0.29
865,-0.00021600000000000005,-0.44,-0.27
866,-0.00021440000000000022,-0.44,-0.27
867,-0.00021280000000000019,-0.36,-0.23
868,-0.00021120000000000015,-0.36,-0.23
869,-0.0002096000000000001,-0.28,-0.19
870,-0.00020800000000000007,-0.28,-0.17
871,-0.00020640000000000025,-0.2,-0.17
872,-0.0002048000000000002,-0.2,-0.15
873,-0.00020320000000000017,-0.12,-0.13
874,-0.00020160000000000013,-0.12,-0.11
875,-0.0002000000000000001,-0.04,-0.09
876,-0.00019840000000000005,-0.04,-0.07
877,-0.00019680000000000023,0.04,-0.05
878,-0.0001952000000000002,0.04,-0.03
879,-0.00019360000000000015,0.12,-0.01
880,-0.0001920000000000001,0.12,0.01
881,-0.00019040000000000007,0.2,0.03
882,-0.00018880000000000004,0.2,0.05
883,-0.0001872000000000002,0.28,0.07
884,-0.00018560000000000017,0.28,0.09
885,-0.00018400000000000014,0.36,0.11
886,-0.0001824000000000001,0.36,0.13
887,-0.00018080000000000006,0.44,0.15
888,-0.00017920000000000024,0.44,0.15
889,-0.0001776000000000002,0.52,0.17
890,-0.00017600000000000016,0.52,0.19
891,-0.00017440000000000012,0.6,0.21
892,-0.00017280000000000008,0.6,0.23
893,-0.00017120000000000004,0.68,0.25
894,-0.00016960000000000022,0.68,0.27
895,-0.00016800000000000018,0.76,0.29
896,-0.00016640000000000014,0.84,0.31
897,-0.0001648000000000001,0.84,0.33
898,-0.00016320000000000006,0.92,0.35000000000000003
899,-0.00016160000000000024,0.92,0.35000000000000003
900,-0.0001600000000000002,0.92,0.37
901,-0.00015840000000000016,1.0,0.39
902,-0.00015680000000000013,1.0,0.43
903,-0.00015520000000000009,1.08,0.45
904,-0.00015360000000000005,1.08,0.45
905,-0.00015200000000000023,1.16,0.47000000000000003
906,-0.00015040000000000019,1.16,0.49
907,-0.00014880000000000015,1.24,0.53
908,-0.0001472000000000001,1.24,0.53
909,-0.00014560000000000007,1.4000000000000001,0.55
910,-0.00014400000000000025,1.32,0.5700000000000001
911,-0.0001424000000000002,1.4000000000000001,0.59
912,-0.00014080000000000017,1.4000000000000001,0.61
913,-0.00013920000000000013,1.48,0.63
914,-0.0001376000000000001,1.56,0.65
915,-0.00013600000000000005,1.56,0.67
916,-0.00013440000000000023,1.56,0.6900000000000001
917,-0.0001328000000000002,1.6400000000000001,0.71
918,-0.00013120000000000015,1.6400000000000001,0.73
919,-0.00012960000000000011,1.72,0.75
920,-0.00012800000000000008,1.72,0.77
921,-0.00012640000000000004,1.8,0.79
922,-0.00012480000000000021,1.8,0.81
923,-0.00012320000000000018,1.8800000000000001,0.81
924,-0.00012160000000000014,1.8800000000000001,0.8300000000000001
925,-0.0001200000000000001,1.96,0.87
926,-0.00011840000000000006,1.96,0.87
927,-0.00011680000000000024,2.04,0.89
928,-0.0001152000000000002,2.04,0.93
929,-0.00011360000000000016,2.12,0.93
930,-0.00011200000000000012,2.12,0.9500000000000001
931,-0.00011040000000000008,2.12,0.97
932,-0.00010880000000000004,2.2,0.99
933,-0.00010720000000000022,2.2800000000000002,1.01
934,-0.00010560000000000018,2.2800000000000002,1.03
935,-0.00010400000000000014,2.36,1.05
936,-0.0001024000000000001,2.36,1.05
937,-0.00010080000000000006,2.44,1.09
938,-9.920000000000024e-05,2.44,1.09
939,-9.76000000000002e-05,2.52,1.1300000000000001
940,-9.600000000000017e-05,-2.44,0.75
941,-9.440000000000013e-05,-2.36,0.31
942,-9.280000000000009e-05,-2.2800000000000002,0.01
943,-9.120000000000005e-05,-2.2800000000000002,-0.25
944,-8.960000000000023e-05,-2.2800000000000002,-0.41000000000000003
945,-8.800000000000019e-05,-2.2,-0.5700000000000001
946,-8.640000000000015e-05,-2.2,-0.67
947,-8.480000000000011e-05,-2.12,-0.73
948,-8.320000000000007e-05,-2.12,-0.81
949,-8.160000000000025e-05,-2.12,-0.85
950,-8.000000000000021e-05,-2.04,-0.87
951,-7.840000000000017e-05,-2.04,-0.89
952,-7.680000000000013e-05,-1.96,-0.89
953,-7.520000000000009e-05,-1.96,-0.89
954,-7.360000000000005e-05,-1.8800000000000001,-0.89
955,-7.200000000000023e-05,-1.8,-0.89
956,-7.04000000000002e-05,-1.8,-0.89
957,-6.880000000000015e-05,-1.72,-0.87
958,-6.720000000000012e-05,-1.72,-0.85
959,-6.560000000000008e-05,-1.72,-0.8300000000000001
960,-6.400000000000004e-05,-1.6400000000000001,-0.8300000000000001
961,-6.240000000000022e-05,-1.6400000000000001,-0.81
962,-6.080000000000018e-05,-1.56,-0.81
963,-5.920000000000014e-05,-1.56,-0.79
964,-5.76000000000001e-05,-1.48,-0.77
965,-5.600000000000006e-05,-1.48,-0.75
966,-5.440000000000024e-05,-1.32,-0.73
967,-5.28000000000002e-05,-1.4000000000000001,-0.71
968,-5.120000000000016e-05,-1.32,-0.6900000000000001
969,-4.960000000000012e-05,-1.24,-0.67
970,-4.800000000000008e-05,-1.24,-0.65
971,-4.6400000000000044e-05,-1.24,-0.63
972,-4.480000000000022e-05,-1.16,-0.61
973,-4.320000000000018e-05,-1.16,-0.61
974,-4.1600000000000144e-05,-1.08,-0.59
975,-4.0000000000000105e-05,-1.08,-0.5700000000000001
976,-3.8400000000000066e-05,-1.0,-0.55
977,-3.6800000000000244e-05,-1.0,-0.53
978,-3.5200000000000205e-05,-1.0,-0.51
979,-3.3600000000000166e-05,-0.92,-0.49
980,-3.200000000000013e-05,-0.84,-0.47000000000000003
981,-3.040000000000009e-05,-0.84,-0.43
982,-2.880000000000005e-05,-0.76,-0.43
983,-2.7200000000000227e-05,-0.68,-0.41000000000000003
984,-2.560000000000019e-05,-0.68,-0.39
985,-2.400000000000015e-05,-0.6,-0.37
986,-2.240000000000011e-05,-0.68,-0.35000000000000003
987,-2.0800000000000072e-05,-0.6,-0.33
988,-1.920000000000025e-05,-0.52,-0.31
989,-1.760000000000021e-05,-0.44,-0.29
990,-1.6000000000000172e-05,-0.52,-0.27
991,-1.4400000000000133e-05,-0.44,-0.25
992,-1.2800000000000094e-05,-0.36,-0.25
993,-1.1200000000000055e-05,-0.36,-0.21
994,-9.600000000000233e-06,-0.28,-0.21
995,-8.000000000000194e-06,-0.28,-0.19
996,-6.4000000000001556e-06,-0.2,-0.17
997,-4.800000000000117e-06,-0.2,-0.15
998,-3.2000000000000778e-06,-0.12,-0.13
999,-1.6000000000002557e-06,-0.12,-0.11
1000,-2.168404344971009e-19,-0.04,-0.09
1001,1.599999999999822e-06,-0.04,-0.07
1002,3.199999999999861e-06,0.04,-0.05
1003,4.7999999999999e-06,0.04,-0.03
1004,6.399999999999939e-06,0.12,-0.01
1005,7.99999999999976e-06,0.2,0.01
1006,9.5999999999998e-06,0.2,0.03
1007,1.1199999999999839e-05,0.2,0.05
1008,1.2799999999999877e-05,0.28,0.07
1009,1.4399999999999916e-05,0.28,0.09
1010,1.5999999999999955e-05,0.36,0.11
1011,1.7599999999999777e-05,0.36,0.11
1012,1.9199999999999816e-05,0.44,0.15
1013,2.0799999999999855e-05,0.52,0.15
1014,2.2399999999999894e-05,0.52,0.19
1015,2.3999999999999933e-05,0.52,0.19
1016,2.5599999999999755e-05,0.6,0.21
1017,2.7199999999999794e-05,0.68,0.25
1018,2.8799999999999833e-05,0.68,0.25
1019,3.039999999999987e-05,0.68,0.27
1020,3.199999999999991e-05,0.76,0.27
1021,3.359999999999995e-05,0.76,0.31
1022,3.519999999999977e-05,0.84,0.31
1023,3.679999999999981e-05,0.92,0.33
1024,3.839999999999985e-05,0.92,0.37
1025,3.999999999999989e-05,1.0,0.37
1026,4.159999999999993e-05,1.0,0.41000000000000003
1027,4.319999999999975e-05,1.08,0.43
1028,4.479999999999979e-05,1.08,0.45
1029,4.639999999999983e-05,1.08,0.47000000000000003
1030,4.7999999999999866e-05,1.16,0.47000000000000003
1031,4.9599999999999905e-05,1.16,0.51
1032,5.1199999999999943e-05,1.24,0.53
1033,5.2799999999999766e-05,1.24,0.53
1034,5.4399999999999804e-05,1.32,0.55
1035,5.599999999999984e-05,1.4000000000000001,0.5700000000000001
1036,5.759999999999988e-05,1.4000000000000001,0.59
1037,5.919999999999992e-05,1.4000000000000001,0.61
1038,6.079999999999974e-05,1.48,0.63
1039,6.239999999999978e-05,1.56,0.65
1040,6.399999999999982e-05,1.56,0.67
1041,6.559999999999986e-05,1.56,0.67
1042,6.71999999999999e-05,1.6400000000000001,0.6900000000000001
1043,6.879999999999994e-05,1.6400000000000001,0.73
1044,7.039999999999976e-05,1.72,0.75
1045,7.19999999999998e-05,1.72,0.77
1046,7.359999999999984e-05,1.8,0.79
1047,7.519999999999988e-05,1.8,0.81
1048,7.679999999999992e-05,1.8800000000000001,0.81
1049,7.839999999999995e-05,1.8800000000000001,0.8300000000000001
1050,7.999999999999978e-05,1.96,0.85
1051,8.159999999999982e-05,1.96,0.87
1052,8.319999999999985e-05,1.96,0.89
1053,8.479999999999989e-05,2.04,0.93
1054,8.639999999999993e-05,2.12,0.93
1055,8.799999999999975e-05,2.12,0.9500000000000001
1056,8.959999999999979e-05,2.2,0.97
1057,9.119999999999983e-05,2.2,0.99
1058,9.279999999999987e-05,2.2800000000000002,1.01
1059,9.439999999999991e-05,2.2800000000000002,1.03
1060,9.599999999999995e-05,2.36,1.03
1061,9.759999999999977e-05,2.36,1.07
1062,9.919999999999981e-05,2.44,1.09
1063,0.00010079999999999985,2.44,1.09
1064,0.00010239999999999989,2.52,1.11
1065,0.00010399999999999993,-2.44,0.75
1066,0.00010559999999999975,-2.36,0.31
1067,0.00010719999999999979,-2.2800000000000002,0.01
1068,0.00010879999999999983,-2.2,-0.23
1069,0.00011039999999999986,-2.2800000000000002,-0.43
1070,0.0001119999999999999,-2.2,-0.5700000000000001
1071,0.00011359999999999994,-2.2,-0.67
1072,0.00011519999999999976,-2.12,-0.73
1073,0.0001167999999999998,-2.12,-0.79
1074,0.00011839999999999984,-2.04,-0.85
1075,0.00011999999999999988,-2.04,-0.87
1076,0.00012159999999999992,-1.96,-0.89
1077,0.00012319999999999974,-1.96,-0.89
1078,0.00012479999999999978,-1.8800000000000001,-0.89
1079,0.00012639999999999982,-1.8800000000000001,-0.89
1080,0.00012799999999999986,-1.8,-0.89
1081,0.0001295999999999999,-1.8,-0.87
1082,0.00013119999999999994,-1.8,-0.87
1083,0.00013279999999999976,-1.72,-0.85
1084,0.0001343999999999998,-1.72,-0.85
1085,0.00013599999999999984,-1.56,-0.8300000000000001
1086,0.00013759999999999988,-1.56,-0.81
1087,0.00013919999999999991,-1.56,-0.79
1088,0.00014079999999999974,-1.56,-0.77
1089,0.00014239999999999978,-1.48,-0.77
1090,0.00014399999999999981,-1.48,-0.75
1091,0.00014559999999999985,-1.4000000000000001,-0.73
1092,0.0001471999999999999,-1.4000000000000001,-0.71
1093,0.00014879999999999993,-1.32,-0.6900000000000001
1094,0.00015039999999999975,-1.24,-0.67
1095,0.0001519999999999998,-1.32,-0.65
1096,0.00015359999999999983,-1.24,-0.63
1097,0.00015519999999999987,-1.16,-0.61
1098,0.0001567999999999999,-1.16,-0.59
1099,0.00015839999999999995,-1.08,-0.59
1100,0.00015999999999999977,-1.0,-0.5700000000000001
1101,0.0001615999999999998,-1.0,-0.55
1102,0.00016319999999999985,-1.0,-0.51
1103,0.00016479999999999989,-0.92,-0.51
1104,0.00016639999999999992,-0.92,-0.49
1105,0.00016799999999999975,-0.84,-0.47000000000000003
1106,0.00016959999999999979,-0.84,-0.45
1107,0.00017119999999999982,-0.76,-0.43
1108,0.00017279999999999986,-0.76,-0.41000000000000003
1109,0.0001743999999999999,-0.68,-0.39
1110,0.00017599999999999994,-0.68,-0.37
1111,0.00017759999999999976,-0.6,-0.35000000000000003
1112,0.0001791999999999998,-0.52,-0.33
1113,0.00018079999999999984,-0.52,-0.31
1114,0.00018239999999999988,-0.52,-0.29
1115,0.00018399999999999992,-0.52,-0.27
1116,0.00018559999999999974,-0.44,-0.25
1117,0.00018719999999999978,-0.36,-0.23
1118,0.00018879999999999982,-0.36,-0.23
1119,0.00019039999999999986,-0.28,-0.21
1120,0.0001919999999999999,-0.28,-0.19
1121,0.00019359999999999994,-0.12,-0.17
1122,0.00019519999999999976,-0.2,-0.15
1123,0.0001967999999999998,-0.12,-0.13
1124,0.00019839999999999984,-0.12,-0.11
1125,0.00019999999999999987,-0.04,-0.09
1126,0.0002015999999999999,-0.04,-0.07
1127,0.00020319999999999974,0.04,-0.05
1128,0.00020479999999999977,0.04,-0.03
1129,0.0002063999999999998,0.12,-0.01
1130,0.00020799999999999985,0.2,0.01
1131,0.0002095999999999999,0.2,0.03
1132,0.00021119999999999993,0.2,0.05
1133,0.00021279999999999975,0.28,0.07
1134,0.0002143999999999998,0.28,0.09
1135,0.00021599999999999983,0.36,0.11
1136,0.00021759999999999987,0.36,0.11
1137,0.0002191999999999999,0.44,0.13
1138,0.00022079999999999995,0.44,0.17
1139,0.00022239999999999977,0.52,0.19
1140,0.0002239999999999998,0.52,0.19
1141,0.00022559999999999985,0.6,0.21
1142,0.00022719999999999988,0.6,0.23
1143,0.00022879999999999992,0.68,0.25
1144,0.00023039999999999975,0.68,0.27
1145,0.00023199999999999978,0.76,0.29
1146,0.00023359999999999982,0.76,0.29
1147,0.00023519999999999986,0.84,0.33
1148,0.0002367999999999999,0.84,0.35000000000000003
1149,0.00023839999999999994,0.92,0.37
1150,0.00023999999999999976,0.92,0.37
1151,0.0002415999999999998,1.0,0.39
1152,0.00024319999999999984,1.0,0.43
1153,0.0002447999999999999,1.16,0.45
1154,0.0002463999999999999,1.08,0.47000000000000003
1155,0.00024799999999999974,1.16,0.47000000000000003
1156,0.0002495999999999998,1.16,0.49
1157,0.0002511999999999998,1.24,0.51
1158,0.00025279999999999986,1.24,0.55
1159,0.0002543999999999999,1.32,0.55
1160,0.00025599999999999993,1.4000000000000001,0.5700000000000001
1161,0.00025759999999999976,1.48,0.59
1162,0.0002591999999999998,1.4000000000000001,0.61
1163,0.00026079999999999983,1.48,0.63
1164,0.0002623999999999999,1.48,0.65
1165,0.0002639999999999999,1.56,0.67
1166,0.00026559999999999973,1.56,0.6900000000000001
1167,0.00026719999999999977,1.6400000000000001,0.71
1168,0.0002687999999999998,1.6400000000000001,0.71
1169,0.00027039999999999985,1.72,0.75
1170,0.0002719999999999999,1.8,0.77
1171,0.00027359999999999993,1.8,0.79
1172,0.00027519999999999975,1.8,0.81
1173,0.0002767999999999998,1.8800000000000001,0.8300000000000001
1174,0.00027839999999999983,1.96,0.85
1175,0.00027999999999999987,1.96,0.87
1176,0.0002815999999999999,1.96,0.87
1177,0.00028319999999999994,2.12,0.89
1178,0.00028479999999999977,2.04,0.91
1179,0.0002863999999999998,2.12,0.9500000000000001
1180,0.00028799999999999984,2.2,0.9500000000000001
1181,0.0002895999999999999,2.2,0.97
1182,0.0002911999999999999,2.2,0.99
1183,0.00029279999999999974,2.2800000000000002,1.01
1184,0.0002943999999999998,2.2800000000000002,1.03
1185,0.0002959999999999998,2.36,1.05
1186,0.00029759999999999986,2.36,1.05
1187,0.0002991999999999999,2.44,1.09
1188,0.00030079999999999994,2.44,1.09
1189,0.00030239999999999976,2.52,1.1300000000000001
1190,0.0003039999999999998,-2.44,0.75
1191,0.00030559999999999984,-2.2800000000000002,0.31
1192,0.0003071999999999999,-2.2800000000000002,0.01
1193,0.0003087999999999999,-2.2800000000000002,-0.23
1194,0.00031039999999999974,-2.2,-0.43
1195,0.0003119999999999998,-2.2,-0.5700000000000001
1196,0.0003135999999999998,-2.12,-0.67
1197,0.00031519999999999986,-2.12,-0.75
1198,0.0003167999999999999,-2.12,-0.81
1199,0.00031839999999999993,-2.04,-0.85
1200,0.00031999999999999976,-2.04,-0.87
1201,0.0003215999999999998,-1.96,-0.87
1202,0.00032319999999999983,-1.96,-0.89
1203,0.00032479999999999987,-1.96,-0.89
1204,0.0003263999999999999,-1.8800000000000001,-0.89
1205,0.00032799999999999973,-1.8,-0.89
1206,0.00032959999999999977,-1.8,-0.89
1207,0.0003311999999999998,-1.72,-0.87
1208,0.00033279999999999985,-1.72,-0.87
1209,0.0003343999999999999,-1.6400000000000001,-0.8300000000000001
1210,0.00033599999999999993,-1.6400000000000001,-0.8300000000000001
1211,0.00033759999999999975,-1.6400000000000001,-0.81
1212,0.0003391999999999998,-1.56,-0.79
1213,0.0003407999999999998,-1.56,-0.79
1214,0.00034239999999999987,-1.48,-0.77
1215,0.0003439999999999999,-1.48,-0.75
1216,0.00034559999999999994,-1.4000000000000001,-0.73
1217,0.00034719999999999977,-1.4000000000000001,-0.71
1218,0.0003487999999999998,-1.32,-0.6900000000000001
1219,0.00035039999999999984,-1.32,-0.67
1220,0.0003519999999999999,-1.24,-0.65
1221,0.0003535999999999997,-1.24,-0.63
1222,0.00035519999999999974,-1.16,-0.61
1223,0.0003567999999999998,-1.16,-0.61
1224,0.0003583999999999998,-1.08,-0.59
1225,0.00035999999999999986,-1.08,-0.55
1226,0.0003615999999999999,-1.0,-0.55
1227,0.00036319999999999994,-1.0,-0.53
1228,0.0003648,-1.0,-0.51
1229,0.0003664,-0.92,-0.49
1230,0.0003679999999999996,-0.84,-0.47000000000000003
1231,0.00036959999999999966,-0.76,-0.45
1232,0.0003711999999999997,-0.76,-0.43
1233,0.00037279999999999974,-0.76,-0.41000000000000003
1234,0.0003743999999999998,-0.76,-0.39
1235,0.0003759999999999998,-0.68,-0.37
1236,0.00037759999999999985,-0.68,-0.35000000000000003
1237,0.0003791999999999999,-0.52,-0.33
1238,0.00038079999999999993,-0.52,-0.31
1239,0.00038239999999999997,-0.44,-0.29
1240,0.000384,-0.52,-0.27
1241,0.00038560000000000005,-0.36,-0.27
1242,0.00038719999999999965,-0.36,-0.23
1243,0.0003887999999999997,-0.36,-0.23
1244,0.00039039999999999973,-0.28,-0.19
1245,0.00039199999999999977,-0.2,-0.19
1246,0.0003935999999999998,-0.2,-0.15
1247,0.00039519999999999985,-0.2,-0.13
1248,0.0003967999999999999,-0.12,-0.13
1249,0.0003983999999999999,-0.12,-0.11
1250,0.00039999999999999996,-0.04,-0.09
1251,0.0004016,0.04,-0.07
1252,0.00040320000000000004,0.12,-0.05
1253,0.00040479999999999965,0.12,-0.03
1254,0.0004063999999999997,0.12,-0.01
1255,0.0004079999999999997,0.2,0.01
1256,0.00040959999999999976,0.2,0.03
1257,0.0004111999999999998,0.2,0.03
1258,0.00041279999999999984,0.28,0.07
1259,0.0004143999999999999,0.36,0.09
1260,0.0004159999999999999,0.36,0.11
1261,0.00041759999999999996,0.36,0.13
1262,0.0004192,0.44,0.15
1263,0.00042080000000000004,0.52,0.17
1264,0.00042239999999999964,0.52,0.17
1265,0.0004239999999999997,0.6,0.19
1266,0.0004255999999999997,0.6,0.21
1267,0.00042719999999999976,0.6,0.23
1268,0.0004287999999999998,0.68,0.25
1269,0.00043039999999999984,0.68,0.27
1270,0.0004319999999999999,0.76,0.29
1271,0.0004335999999999999,0.76,0.31
1272,0.00043519999999999995,0.84,0.33
1273,0.0004368,0.84,0.35000000000000003
1274,0.00043840000000000003,0.92,0.37
1275,0.00043999999999999964,0.92,0.39
1276,0.0004415999999999997,1.0,0.39
1277,0.0004431999999999997,1.08,0.43
1278,0.00044479999999999975,1.08,0.45
1279,0.0004463999999999998,1.08,0.45
1280,0.00044799999999999983,1.16,0.49
1281,0.00044959999999999987,1.16,0.49
1282,0.0004511999999999999,1.24,0.51
1283,0.00045279999999999995,1.24,0.53
1284,0.0004544,1.32,0.55
1285,0.000456,1.32,0.59
1286,0.00045759999999999963,1.4000000000000001,0.59
1287,0.00045919999999999967,1.4000000000000001,0.61
1288,0.0004607999999999997,1.48,0.63
1289,0.00046239999999999975,1.48,0.65
1290,0.0004639999999999998,1.56,0.6900000000000001
1291,0.0004655999999999998,1.56,0.6900000000000001
1292,0.00046719999999999986,1.6400000000000001,0.71
1293,0.0004687999999999999,1.6400000000000001,0.73
1294,0.00047039999999999994,1.72,0.75
1295,0.000472,1.72,0.75
1296,0.0004736,1.8,0.79
1297,0.0004751999999999996,1.8,0.81
1298,0.00047679999999999966,1.8,0.8300000000000001
1299,0.0004783999999999997,1.96,0.85
1300,0.00047999999999999974,1.96,0.87
1301,0.0004815999999999998,1.96,0.87
1302,0.0004831999999999998,2.04,0.91
1303,0.00048479999999999986,2.04,0.93
1304,0.0004863999999999999,2.12,0.93
1305,0.00048799999999999994,2.12,0.9500000000000001
1306,0.0004896,2.2,0.97
1307,0.0004912,2.2800000000000002,0.99
1308,0.0004927999999999996,2.2800000000000002,1.01
1309,0.0004943999999999997,2.2800000000000002,1.03
1310,0.0004959999999999997,2.36,1.05
1311,0.0004975999999999997,2.36,1.07
1312,0.0004991999999999998,2.44,1.09
1313,0.0005007999999999998,2.52,1.11
1314,0.0005023999999999999,2.52,1.1300000000000001
1315,0.0005039999999999999,-2.44,0.73
1316,0.0005055999999999999,-2.36,0.31
1317,0.0005072,-2.2800000000000002,0.01
1318,0.0005088,-2.2800000000000002,-0.25
1319,0.0005103999999999996,-2.2800000000000002,-0.41000000000000003
1320,0.0005119999999999997,-2.2,-0.55
1321,0.0005135999999999997,-2.2,-0.67
1322,0.0005151999999999997,-2.12,-0.75
1323,0.0005167999999999998,-2.12,-0.81
1324,0.0005183999999999998,-2.04,-0.8300000000000001
1325,0.0005199999999999998,-2.04,-0.87
1326,0.0005215999999999999,-1.96,-0.89
1327,0.0005231999999999999,-1.96,-0.89
1328,0.0005248,-1.96,-0.89
1329,0.0005264,-1.8,-0.89
1330,0.000528,-1.8800000000000001,-0.89
1331,0.0005295999999999996,-1.8,-0.87
1332,0.0005311999999999997,-1.6400000000000001,-0.87
1333,0.0005327999999999997,-1.72,-0.85
1334,0.0005343999999999998,-1.6400000000000001,-0.85
1335,0.0005359999999999998,-1.6400000000000001,-0.8300000000000001
1336,0.0005375999999999998,-1.56,-0.81
1337,0.0005391999999999999,-1.48,-0.81
1338,0.0005407999999999999,-1.56,-0.77
1339,0.0005424,-1.48,-0.75
1340,0.000544,-1.4000000000000001,-0.75
1341,0.0005456,-1.4000000000000001,-0.73
1342,0.0005471999999999996,-1.4000000000000001,-0.71
1343,0.0005487999999999997,-1.32,-0.6900000000000001
1344,0.0005503999999999997,-1.32,-0.67
1345,0.0005519999999999998,-1.24,-0.65
1346,0.0005535999999999998,-1.24,-0.65
1347,0.0005551999999999998,-1.16,-0.61
1348,0.0005567999999999999,-1.16,-0.59
1349,0.0005583999999999999,-1.08,-0.5700000000000001
1350,0.00056,-1.08,-0.5700000000000001
1351,0.0005616,-1.0,-0.53
1352,0.0005632,-1.0,-0.53
1353,0.0005647999999999996,-0.92,-0.49
1354,0.0005663999999999997,-0.92,-0.47000000000000003
1355,0.0005679999999999997,-0.84,-0.45
1356,0.0005695999999999998,-0.84,-0.43
1357,0.0005711999999999998,-0.76,-0.43
1358,0.0005727999999999998,-0.76,-0.41000000000000003
1359,0.0005743999999999999,-0.68,-0.39
1360,0.0005759999999999999,-0.68,-0.37
1361,0.0005775999999999999,-0.68,-0.35000000000000003
1362,0.0005792,-0.6,-0.33
1363,0.0005808,-0.6,-0.31
1364,0.0005823999999999996,-0.52,-0.29
1365,0.0005839999999999997,-0.44,-0.27
1366,0.0005855999999999997,-0.44,-0.25
1367,0.0005871999999999997,-0.36,-0.23
1368,0.0005887999999999998,-0.36,-0.21
1369,0.0005903999999999998,-0.28,-0.19
1370,0.0005919999999999999,-0.28,-0.17
1371,0.0005935999999999999,-0.2,-0.15
1372,0.0005951999999999999,-0.2,-0.13
1373,0.0005968,-0.12,-0.13
1374,0.0005984,-0.12,-0.11
1375,0.0005999999999999996,-0.04,-0.09
1376,0.0006015999999999997,-0.04,-0.07
1377,0.0006031999999999997,0.04,-0.05
1378,0.0006047999999999997,0.12,-0.03
1379,0.0006063999999999998,0.12,-0.01
1380,0.0006079999999999998,0.12,0.01
1381,0.0006095999999999999,0.2,0.03
1382,0.0006111999999999999,0.28,0.05
1383,0.0006127999999999999,0.28,0.07
1384,0.0006144,0.28,0.09
1385,0.000616,0.36,0.11
1386,0.0006175999999999996,0.36,0.13
1387,0.0006191999999999997,0.44,0.15
1388,0.0006207999999999997,0.52,0.17
1389,0.0006223999999999997,0.6,0.17
1390,0.0006239999999999998,0.6,0.19
1391,0.0006255999999999998,0.6,0.21
1392,0.0006271999999999998,0.68,0.23
1393,0.0006287999999999999,0.68,0.25
1394,0.0006303999999999999,0.76,0.27
1395,0.000632,0.76,0.27
1396,0.0006336,0.84,0.31
1397,0.0006351999999999996,0.84,0.33
1398,0.0006367999999999996,0.84,0.33
1399,0.0006383999999999997,0.92,0.37
1400,0.0006399999999999997,0.92,0.39
1401,0.0006415999999999998,1.0,0.41000000000000003
1402,0.0006431999999999998,1.0,0.43
1403,0.0006447999999999998,1.08,0.43
1404,0.0006463999999999999,1.08,0.45
1405,0.0006479999999999999,1.16,0.49
1406,0.0006496,1.24,0.49
1407,0.0006512,1.24,0.51
1408,0.0006528,1.24,0.53
1409,0.0006543999999999996,1.32,0.5700000000000001
1410,0.0006559999999999997,1.32,0.5700000000000001
1411,0.0006575999999999997,1.4000000000000001,0.59
1412,0.0006591999999999998,1.4000000000000001,0.61
1413,0.0006607999999999998,1.48,0.63
1414,0.0006623999999999998,1.48,0.65
1415,0.0006639999999999999,1.56,0.67
1416,0.0006655999999999999,1.56,0.6900000000000001
1417,0.0006672,1.56,0.71
1418,0.0006688,1.6400000000000001,0.71
1419,0.0006704,1.72,0.75
1420,0.0006719999999999996,1.72,0.77
1421,0.0006735999999999997,1.8,0.79
1422,0.0006751999999999997,1.8800000000000001,0.79
1423,0.0006767999999999998,1.8800000000000001,0.81
1424,0.0006783999999999998,1.8800000000000001,0.8300000000000001
1425,0.0006799999999999998,1.96,0.87
1426,0.0006815999999999999,1.96,0.87
1427,0.0006831999999999999,2.04,0.89
1428,0.0006848,2.04,0.93
1429,0.0006864,2.04,0.93
1430,0.000688,2.12,0.9500000000000001
1431,0.0006895999999999996,2.2,0.97
1432,0.0006911999999999997,2.2800000000000002,0.99
1433,0.0006927999999999997,2.2800000000000002,1.01
1434,0.0006943999999999997,2.36,1.03
1435,0.0006959999999999998,2.36,1.05
1436,0.0006975999999999998,2.36,1.07
1437,0.0006991999999999999,2.44,1.09
1438,0.0007007999999999999,2.44,1.11
1439,0.0007023999999999999,2.52,1.11
1440,0.000704,-2.44,0.73
1441,0.0007056,-2.36,0.33
1442,0.0007071999999999996,-2.2800000000000002,0.01
1443,0.0007087999999999997,-2.2800000000000002,-0.23
1444,0.0007103999999999997,-2.2800000000000002,-0.43
1445,0.0007119999999999997,-2.2,-0.5700000000000001
1446,0.0007135999999999998,-2.12,-0.67
1447,0.0007151999999999998,-2.12,-0.75
1448,0.0007167999999999999,-2.12,-0.79
1449,0.0007183999999999999,-2.04,-0.8300000000000001
1450,0.0007199999999999999,-2.04,-0.87
1451,0.0007216,-2.04,-0.89
1452,0.0007232,-1.96,-0.89
1453,0.0007247999999999996,-1.8800000000000001,-0.89
1454,0.0007263999999999997,-1.8800000000000001,-0.89
1455,0.0007279999999999997,-1.8800000000000001,-0.89
1456,0.0007295999999999997,-1.8,-0.87
1457,0.0007311999999999998,-1.72,-0.87
1458,0.0007327999999999998,-1.6400000000000001,-0.85
1459,0.0007343999999999999,-1.72,-0.8300000000000001
1460,0.0007359999999999999,-1.6400000000000001,-0.8300000000000001
1461,0.0007375999999999999,-1.6400000000000001,-0.81
1462,0.0007392,-1.48,-0.79
1463,0.0007408,-1.56,-0.79
1464,0.0007423999999999996,-1.4000000000000001,-0.77
1465,0.0007439999999999997,-1.48,-0.75
1466,0.0007455999999999997,-1.32,-0.73
1467,0.0007471999999999997,-1.4000000000000001,-0.71
1468,0.0007487999999999998,-1.32,-0.6900000000000001
1469,0.0007503999999999998,-1.32,-0.67
1470,0.0007519999999999998,-1.24,-0.67
1471,0.0007535999999999999,-1.24,-0.65
1472,0.0007551999999999999,-1.16,-0.61
1473,0.0007568,-1.16,-0.59
1474,0.0007584,-1.16,-0.59
1475,0.0007599999999999996,-1.08,-0.5700000000000001
1476,0.0007615999999999996,-1.0,-0.55
1477,0.0007631999999999997,-0.92,-0.51
1478,0.0007647999999999997,-0.92,-0.51
1479,0.0007663999999999998,-0.92,-0.49
1480,0.0007679999999999998,-0.84,-0.47000000000000003
1481,0.0007695999999999998,-0.84,-0.43
1482,0.0007711999999999999,-0.76,-0.43
1483,0.0007727999999999999,-0.68,-0.41000000000000003
1484,0.0007744,-0.68,-0.39
1485,0.000776,-0.68,-0.37
1486,0.0007775999999999996,-0.6,-0.35000000000000003
1487,0.0007791999999999996,-0.6,-0.33
1488,0.0007807999999999997,-0.52,-0.31
1489,0.0007823999999999997,-0.52,-0.29
1490,0.0007839999999999998,-0.44,-0.29
1491,0.0007855999999999998,-0.44,-0.25
1492,0.0007871999999999998,-0.36,-0.23
1493,0.0007887999999999999,-0.36,-0.21
1494,0.0007903999999999999,-0.28,-0.21
1495,0.000792,-0.28,-0.17
1496,0.0007936,-0.2,-0.17
1497,0.0007952,-0.12,-0.15
1498,0.0007967999999999996,-0.12,-0.13
1499,0.0007983999999999997,-0.12,-0.11
1500,0.0007999999999999997,-0.04,-0.09
1501,0.0008015999999999998,-0.04,-0.07
1502,0.0008031999999999998,0.04,-0.05
1503,0.0008047999999999998,0.04,-0.01
1504,0.0008063999999999999,0.12,-0.01
1505,0.0008079999999999999,0.2,0.01
1506,0.0008096,0.2,0.03
1507,0.0008112,0.2,0.05
1508,0.0008128,0.28,0.07
1509,0.0008143999999999996,0.28,0.09
1510,0.0008159999999999997,0.36,0.11
1511,0.0008175999999999997,0.36,0.13
1512,0.0008191999999999997,0.44,0.13
1513,0.0008207999999999998,0.44,0.17
1514,0.0008223999999999998,0.52,0.17
1515,0.0008239999999999999,0.6,0.19
1516,0.0008255999999999999,0.6,0.21
1517,0.0008271999999999999,0.6,0.23
1518,0.0008288,0.68,0.25
1519,0.0008304,0.76,0.27
1520,0.0008319999999999996,0.68,0.29
1521,0.0008335999999999997,0.76,0.31
1522,0.0008351999999999997,0.84,0.33
1523,0.0008367999999999997,0.84,0.35000000000000003
1524,0.0008383999999999998,0.92,0.37
1525,0.0008399999999999998,0.92,0.39
1526,0.0008415999999999999,1.0,0.41000000000000003
1527,0.0008431999999999999,1.0,0.43
1528,0.0008447999999999999,1.16,0.43
1529,0.0008464,1.08,0.47000000000000003
1530,0.000848,1.16,0.49
1531,0.0008495999999999996,1.16,0.49
1532,0.0008511999999999997,1.24,0.51
1533,0.0008527999999999997,1.32,0.53
1534,0.0008543999999999997,1.32,0.55
1535,0.0008559999999999998,1.32,0.5700000000000001
1536,0.0008575999999999998,1.4000000000000001,0.59
1537,0.0008591999999999999,1.4000000000000001,0.61
1538,0.0008607999999999999,1.56,0.63
1539,0.0008623999999999999,1.48,0.65
1540,0.000864,1.56,0.67
1541,0.0008656,1.56,0.6900000000000001
1542,0.0008671999999999996,1.6400000000000001,0.71
1543,0.0008687999999999997,1.6400000000000001,0.71
1544,0.0008703999999999997,1.72,0.75
1545,0.0008719999999999997,1.72,0.77
1546,0.0008735999999999998,1.8,0.79
1547,0.0008751999999999998,1.8,0.81
1548,0.0008767999999999998,1.8800000000000001,0.81
1549,0.0008783999999999999,1.8800000000000001,0.85
1550,0.0008799999999999999,1.96,0.87
1551,0.0008816,1.96,0.89
1552,0.0008832,2.04,0.89
1553,0.0008847999999999996,2.04,0.91
1554,0.0008863999999999996,2.12,0.9500000000000001
1555,0.0008879999999999997,2.12,0.9500000000000001
1556,0.0008895999999999997,2.2,0.97
1557,0.0008911999999999998,2.2,0.99
1558,0.0008927999999999998,2.2800000000000002,1.01
1559,0.0008943999999999998,2.2800000000000002,1.03
1560,0.0008959999999999999,2.36,1.05
1561,0.0008975999999999999,2.36,1.05
1562,0.0008992,2.44,1.09
1563,0.0009008,2.44,1.11
1564,0.0009023999999999996,2.44,1.1300000000000001
1565,0.0009039999999999996,-2.36,0.75
1566,0.0009055999999999997,-2.36,0.33
1567,0.0009071999999999997,-2.36,-0.01
1568,0.0009087999999999998,-2.2800000000000002,-0.23
1569,0.0009103999999999998,-2.2800000000000002,-0.43
1570,0.0009119999999999998,-2.2800000000000002,-0.5700000000000001
1571,0.0009135999999999999,-2.2,-0.67
1572,0.0009151999999999999,-2.12,-0.75
1573,0.0009168,-2.04,-0.81
1574,0.0009184,-2.04,-0.85
1575,0.0009199999999999996,-2.04,-0.87
1576,0.0009215999999999996,-1.96,-0.89
1577,0.0009231999999999997,-1.8800000000000001,-0.89
1578,0.0009247999999999997,-1.96,-0.89
1579,0.0009263999999999997,-1.8800000000000001,-0.89
1580,0.0009279999999999998,-1.8800000000000001,-0.89
1581,0.0009295999999999998,-1.8,-0.87
1582,0.0009311999999999999,-1.8,-0.87
1583,0.0009327999999999999,-1.72,-0.85
1584,0.0009343999999999999,-1.6400000000000001,-0.85
1585,0.000936,-1.6400000000000001,-0.8300000000000001
1586,0.0009376,-1.6400000000000001,-0.81
1587,0.0009391999999999996,-1.56,-0.79
1588,0.0009407999999999997,-1.56,-0.79
1589,0.0009423999999999997,-1.48,-0.77
1590,0.0009439999999999997,-1.48,-0.73
1591,0.0009455999999999998,-1.4000000000000001,-0.73
1592,0.0009471999999999998,-1.4000000000000001,-0.71
1593,0.0009487999999999999,-1.32,-0.6900000000000001
1594,0.0009503999999999999,-1.32,-0.67
1595,0.0009519999999999999,-1.24,-0.65
1596,0.0009536,-1.24,-0.65
1597,0.0009552,-1.16,-0.61
1598,0.0009567999999999996,-1.16,-0.59
1599,0.0009583999999999997,-1.08,-0.5700000000000001
1600,0.0009599999999999997,-1.08,-0.5700000000000001
1601,0.0009615999999999997,-1.08,-0.55
1602,0.0009631999999999998,-1.0,-0.53
1603,0.0009647999999999998,-0.92,-0.51
1604,0.0009663999999999999,-0.92,-0.49
1605,0.0009679999999999999,-0.84,-0.47000000000000003
1606,0.0009695999999999999,-0.84,-0.43
1607,0.0009712,-0.76,-0.43
1608,0.0009728,-0.76,-0.41000000000000003
1609,0.0009743999999999996,-0.68,-0.39
1610,0.0009759999999999997,-0.68,-0.37
1611,0.0009775999999999997,-0.6,-0.35000000000000003
1612,0.0009791999999999997,-0.52,-0.33
1613,0.0009807999999999998,-0.52,-0.31
1614,0.0009823999999999998,-0.44,-0.29
1615,0.0009839999999999998,-0.52,-0.27
1616,0.0009855999999999999,-0.44,-0.25
1617,0.0009872,-0.44,-0.25
1618,0.0009888,-0.28,-0.23
1619,0.0009904,-0.28,-0.19
1620,0.0009919999999999996,-0.28,-0.19
1621,0.0009935999999999996,-0.2,-0.15
1622,0.0009951999999999997,-0.2,-0.15
1623,0.0009967999999999997,-0.04,-0.13
1624,0.0009983999999999998,-0.12,-0.11
1625,0.0009999999999999998,-0.04,-0.09
1626,0.0010015999999999998,0.04,-0.07
1627,0.0010031999999999999,0.04,-0.05
1628,0.0010048,0.04,-0.03
1629,0.0010064,0.12,-0.01
1630,0.001008,0.12,0.01
1631,0.0010095999999999996,0.2,0.03
1632,0.0010111999999999996,0.2,0.05
1633,0.0010127999999999997,0.28,0.07
1634,0.0010143999999999997,0.28,0.09
1635,0.0010159999999999998,0.36,0.11
1636,0.0010175999999999998,0.36,0.11
1637,0.0010191999999999998,0.44,0.13
1638,0.0010207999999999999,0.44,0.15
1639,0.0010224,0.52,0.17
1640,0.001024,0.52,0.19
1641,0.0010256,0.6,0.21
1642,0.0010271999999999996,0.68,0.23
1643,0.0010287999999999996,0.6,0.25
1644,0.0010303999999999997,0.68,0.27
1645,0.0010319999999999997,0.76,0.29
1646,0.0010335999999999998,0.76,0.31
1647,0.0010351999999999998,0.84,0.33
1648,0.0010367999999999998,0.84,0.35000000000000003
1649,0.0010383999999999999,0.92,0.37
1650,0.00104,0.92,0.37
1651,0.0010416,1.0,0.41000000000000003
1652,0.0010432,1.0,0.41000000000000003
1653,0.0010447999999999996,1.08,0.45
1654,0.0010463999999999996,1.08,0.47000000000000003
1655,0.0010479999999999997,1.16,0.49
1656,0.0010495999999999997,1.16,0.51
1657,0.0010511999999999997,1.24,0.53
1658,0.0010527999999999998,1.32,0.53
1659,0.0010543999999999998,1.32,0.5700000000000001
1660,0.0010559999999999999,1.32,0.5700000000000001
1661,0.0010576,1.4000000000000001,0.59
1662,0.0010592,1.4000000000000001,0.61
1663,0.0010608,1.48,0.63
1664,0.0010623999999999996,1.48,0.65
1665,0.0010639999999999996,1.56,0.67
1666,0.0010655999999999997,1.56,0.6900000000000001
1667,0.0010671999999999997,1.6400000000000001,0.71
1668,0.0010687999999999997,1.6400000000000001,0.73
1669,0.0010703999999999998,1.72,0.73
1670,0.0010719999999999998,1.72,0.77
1671,0.0010735999999999999,1.8,0.79
1672,0.0010752,1.8,0.79
1673,0.0010768,1.8,0.81
1674,0.0010784,1.96,0.85
1675,0.00108,1.96,0.85
1676,0.0010815999999999996,1.96,0.87
1677,0.0010831999999999997,2.04,0.89
1678,0.0010847999999999997,2.04,0.93
1679,0.0010863999999999997,2.12,0.9500000000000001
1680,0.0010879999999999998,2.12,0.9500000000000001
1681,0.0010895999999999998,2.2,0.97
1682,0.0010911999999999999,2.2,0.99
1683,0.0010927999999999999,2.2800000000000002,1.01
1684,0.0010944,2.2800000000000002,1.03
1685,0.001096,2.36,1.05
1686,0.0010976,2.36,1.07
1687,0.0010991999999999996,2.44,1.09
1688,0.0011007999999999997,2.44,1.09
1689,0.0011023999999999997,2.44,1.1300000000000001
1690,0.0011039999999999997,-2.36,0.75
1691,0.0011055999999999998,-2.36,0.31
1692,0.0011071999999999998,-2.2800000000000002,0.01
1693,0.0011087999999999998,-2.2800000000000002,-0.25
1694,0.0011103999999999999,-2.2,-0.43
1695,0.001112,-2.2,-0.5700000000000001
1696,0.0011136,-2.2,-0.67
1697,0.0011152,-2.12,-0.75
1698,0.0011167999999999996,-2.12,-0.81
1699,0.0011183999999999996,-2.12,-0.8300000000000001
1700,0.0011199999999999997,-2.04,-0.87
1701,0.0011215999999999997,-1.96,-0.89
1702,0.0011231999999999998,-1.8800000000000001,-0.89
1703,0.0011247999999999998,-1.8800000000000001,-0.89
1704,0.0011263999999999998,-1.8800000000000001,-0.89
1705,0.0011279999999999999,-1.8,-0.89
1706,0.0011296,-1.72,-0.89
1707,0.0011312,-1.72,-0.87
1708,0.0011328,-1.72,-0.85
1709,0.0011343999999999996,-1.72,-0.85
1710,0.0011359999999999996,-1.6400000000000001,-0.8300000000000001
1711,0.0011375999999999997,-1.6400000000000001,-0.81
1712,0.0011391999999999997,-1.56,-0.79
1713,0.0011407999999999998,-1.56,-0.77
1714,0.0011423999999999998,-1.48,-0.77
1715,0.0011439999999999998,-1.48,-0.73
1716,0.0011455999999999999,-1.4000000000000001,-0.73
1717,0.0011472,-1.4000000000000001,-0.71
1718,0.0011488,-1.32,-0.6900000000000001
1719,0.0011504,-1.32,-0.67
1720,0.0011519999999999996,-1.24,-0.65
1721,0.0011535999999999996,-1.24,-0.63
1722,0.0011551999999999997,-1.24,-0.61
1723,0.0011567999999999997,-1.16,-0.61
1724,0.0011583999999999998,-1.08,-0.59
1725,0.0011599999999999998,-1.08,-0.5700000000000001
1726,0.0011615999999999998,-1.0,-0.55
1727,0.0011631999999999999,-1.0,-0.53
1728,0.0011648,-0.92,-0.51
1729,0.0011664,-0.92,-0.49
1730,0.001168,-0.84,-0.47000000000000003
1731,0.0011695999999999996,-0.84,-0.45
1732,0.0011711999999999996,-0.76,-0.43
1733,0.0011727999999999997,-0.76,-0.41000000000000003
1734,0.0011743999999999997,-0.68,-0.39
1735,0.0011759999999999997,-0.68,-0.37
1736,0.0011775999999999998,-0.6,-0.35000000000000003
1737,0.0011791999999999998,-0.6,-0.33
1738,0.0011807999999999999,-0.52,-0.31
1739,0.0011824,-0.52,-0.29
1740,0.001184,-0.44,-0.27
1741,0.0011856,-0.44,-0.25
1742,0.0011871999999999996,-0.36,-0.25
1743,0.0011887999999999996,-0.36,-0.21
1744,0.0011903999999999997,-0.28,-0.21
1745,0.0011919999999999997,-0.28,-0.17
1746,0.0011935999999999997,-0.2,-0.15
1747,0.0011951999999999998,-0.2,-0.15
1748,0.0011967999999999998,-0.12,-0.11
1749,0.0011983999999999999,-0.12,-0.11
1750,0.0012,-0.04,-0.09
1751,0.0012016,-0.04,-0.07
1752,0.0012032,0.04,-0.05
1753,0.0012048,0.12,-0.03
1754,0.0012063999999999996,0.12,-0.01
1755,0.0012079999999999997,0.2,0.01
1756,0.0012095999999999997,0.2,0.03
1757,0.0012111999999999997,0.28,0.05
1758,0.0012127999999999998,0.28,0.07
1759,0.0012143999999999998,0.28,0.09
1760,0.0012159999999999999,0.36,0.11
1761,0.0012175999999999999,0.36,0.13
1762,0.0012192,0.44,0.15
1763,0.0012208,0.44,0.17
1764,0.0012224,0.52,0.19
1765,0.0012239999999999996,0.52,0.19
1766,0.0012255999999999996,0.6,0.21
1767,0.0012271999999999997,0.68,0.23
1768,0.0012287999999999997,0.68,0.25
1769,0.0012303999999999998,0.68,0.27
1770,0.0012319999999999998,0.76,0.29
1771,0.0012335999999999998,0.76,0.31
1772,0.0012351999999999999,0.84,0.33
1773,0.0012368,0.92,0.35000000000000003
1774,0.0012384,0.92,0.37
1775,0.00124,0.92,0.39
1776,0.0012415999999999996,1.0,0.41000000000000003
1777,0.0012431999999999996,1.0,0.41000000000000003
1778,0.0012447999999999997,1.08,0.43
1779,0.0012463999999999997,1.08,0.45
1780,0.0012479999999999998,1.16,0.49
1781,0.0012495999999999998,1.16,0.49
1782,0.0012511999999999998,1.32,0.51
1783,0.0012527999999999999,1.24,0.53
1784,0.0012544,1.32,0.55
1785,0.001256,1.32,0.5700000000000001
1786,0.0012576,1.4000000000000001,0.59
1787,0.0012591999999999996,1.4000000000000001,0.61
1788,0.0012607999999999996,1.48,0.63
1789,0.0012623999999999997,1.48,0.65
1790,0.0012639999999999997,1.56,0.67
1791,0.0012655999999999998,1.56,0.6900000000000001
1792,0.0012671999999999998,1.56,0.71
1793,0.0012687999999999998,1.6400000000000001,0.73
1794,0.0012703999999999999,1.72,0.75
1795,0.001272,1.72,0.77
1796,0.0012736,1.8,0.79
1797,0.0012752,1.8,0.79
1798,0.0012767999999999996,1.8800000000000001,0.8300000000000001
1799,0.0012783999999999996,1.8800000000000001,0.85
1800,0.0012799999999999997,1.96,0.87
1801,0.0012815999999999997,2.04,0.87
1802,0.0012831999999999997,1.96,0.89
1803,0.0012847999999999998,2.04,0.91
1804,0.0012863999999999998,2.12,0.9500000000000001
1805,0.0012879999999999999,2.12,0.97
1806,0.0012896,2.2,0.97
1807,0.0012912,2.2800000000000002,0.99
1808,0.0012928,2.2800000000000002,1.01
1809,0.0012943999999999996,2.2800000000000002,1.03
1810,0.0012959999999999996,2.36,1.05
1811,0.0012975999999999997,2.36,1.07
1812,0.0012991999999999997,2.44,1.07
1813,0.0013007999999999997,2.44,1.09
1814,0.0013023999999999998,2.52,1.11
1815,0.0013039999999999998,-2.36,0.73
1816,0.0013055999999999999,-2.36,0.31
1817,0.0013072,-2.2800000000000002,0.01
1818,0.0013088,-2.2800000000000002,-0.25
1819,0.0013104,-2.2,-0.43
1820,0.0013119999999999996,-2.2,-0.5700000000000001
1821,0.0013135999999999996,-2.12,-0.67
1822,0.0013151999999999997,-2.12,-0.75
1823,0.0013167999999999997,-2.12,-0.79
1824,0.0013183999999999997,-2.04,-0.8300000000000001
1825,0.0013199999999999998,-2.04,-0.87
1826,0.0013215999999999998,-1.96,-0.89
1827,0.0013231999999999999,-1.96,-0.89
1828,0.0013248,-1.8800000000000001,-0.89
1829,0.0013264,-1.8,-0.89
1830,0.001328,-1.8,-0.89
1831,0.0013295999999999996,-1.8,-0.89
1832,0.0013311999999999996,-1.72,-0.87
1833,0.0013327999999999997,-1.6400000000000001,-0.87
1834,0.0013343999999999997,-1.72,-0.85
1835,0.0013359999999999997,-1.6400000000000001,-0.8300000000000001
1836,0.0013375999999999998,-1.56,-0.81
1837,0.0013391999999999998,-1.56,-0.79
1838,0.0013407999999999998,-1.56,-0.79
1839,0.0013423999999999999,-1.48,-0.75
1840,0.001344,-1.48,-0.75
1841,0.0013456,-1.4000000000000001,-0.73
1842,0.0013472,-1.4000000000000001,-0.71
1843,0.0013487999999999996,-1.32,-0.6900000000000001
1844,0.0013503999999999996,-1.32,-0.67
1845,0.0013519999999999997,-1.24,-0.65
1846,0.0013535999999999997,-1.24,-0.63
1847,0.0013551999999999998,-1.16,-0.61
1848,0.0013567999999999998,-1.16,-0.61
1849,0.0013583999999999998,-1.08,-0.59
1850,0.0013599999999999999,-1.08,-0.5700000000000001
1851,0.0013616,-1.0,-0.55
1852,0.0013632,-1.0,-0.53
1853,0.0013648,-0.92,-0.51
1854,0.0013663999999999996,-0.92,-0.49
1855,0.0013679999999999996,-0.84,-0.47000000000000003
1856,0.0013695999999999997,-0.84,-0.45
1857,0.0013711999999999997,-0.84,-0.43
1858,0.0013727999999999998,-0.76,-0.41000000000000003
1859,0.0013743999999999998,-0.76,-0.39
1860,0.0013759999999999998,-0.68,-0.37
1861,0.0013775999999999999,-0.6,-0.35000000000000003
1862,0.0013792,-0.6,-0.33
1863,0.0013808,-0.6,-0.31
1864,0.0013824,-0.52,-0.29
1865,0.0013839999999999996,-0.44,-0.29
1866,0.0013855999999999996,-0.44,-0.27
1867,0.0013871999999999997,-0.36,-0.23
1868,0.0013887999999999997,-0.36,-0.21
1869,0.0013903999999999998,-0.28,-0.21
1870,0.0013919999999999998,-0.28,-0.19
1871,0.0013935999999999998,-0.2,-0.15
1872,0.0013951999999999999,-0.2,-0.15
1873,0.0013968,-0.12,-0.11
1874,0.0013984,-0.04,-0.11
1875,0.0014,-0.04,-0.09
1876,0.0014015999999999996,0.04,-0.07
1877,0.0014031999999999996,0.04,-0.05
1878,0.0014047999999999997,0.12,-0.03
1879,0.0014063999999999997,0.12,-0.01
1880,0.0014079999999999997,0.2,0.01
1881,0.0014095999999999998,0.2,0.03
1882,0.0014111999999999998,0.28,0.05
1883,0.0014127999999999999,0.28,0.07
1884,0.0014144,0.28,0.09
1885,0.001416,0.36,0.09
1886,0.0014176,0.36,0.11
1887,0.0014191999999999996,0.44,0.13
1888,0.0014207999999999996,0.44,0.17
1889,0.0014223999999999997,0.52,0.19
1890,0.0014239999999999997,0.6,0.19
1891,0.0014255999999999997,0.6,0.21
1892,0.0014271999999999998,0.68,0.23
1893,0.0014287999999999998,0.68,0.25
1894,0.0014303999999999999,0.68,0.27
1895,0.001432,0.76,0.29
1896,0.0014336,0.84,0.31
1897,0.0014352,0.84,0.33
1898,0.0014367999999999996,0.84,0.33
1899,0.0014383999999999996,0.92,0.37
1900,0.0014399999999999997,0.92,0.39
1901,0.0014415999999999997,1.0,0.41000000000000003
1902,0.0014431999999999997,1.0,0.43
1903,0.0014447999999999998,1.08,0.45
1904,0.0014463999999999998,1.08,0.45
1905,0.0014479999999999999,1.16,0.49
1906,0.0014495999999999999,1.16,0.49
1907,0.0014512,1.24,0.53
1908,0.0014528,1.24,0.53
1909,0.0014543999999999996,1.32,0.55
1910,0.0014559999999999996,1.32,0.5700000000000001
1911,0.0014575999999999997,1.4000000000000001,0.59
1912,0.0014591999999999997,1.4000000000000001,0.59
1913,0.0014607999999999997,1.48,0.63
1914,0.0014623999999999998,1.48,0.65
1915,0.0014639999999999998,1.56,0.67
1916,0.0014655999999999998,1.56,0.6900000000000001
1917,0.0014671999999999999,1.6400000000000001,0.71
1918,0.0014688,1.6400000000000001,0.71
1919,0.0014704,1.72,0.75
1920,0.001472,1.72,0.77
1921,0.0014735999999999996,1.8,0.79
1922,0.0014751999999999996,1.8800000000000001,0.79
1923,0.0014767999999999997,1.8800000000000001,0.8300000000000001
1924,0.0014783999999999997,1.96,0.8300000000000001
1925,0.0014799999999999998,1.96,0.85
1926,0.0014815999999999998,1.96,0.89
1927,0.0014831999999999998,2.04,0.89
1928,0.0014847999999999999,2.04,0.91
1929,0.0014864,2.12,0.93
1930,0.001488,2.12,0.97
1931,0.0014896,2.2,0.97
1932,0.0014911999999999996,2.2,0.99
1933,0.0014927999999999996,2.2800000000000002,1.01
1934,0.0014943999999999997,2.2800000000000002,1.03
1935,0.0014959999999999997,2.36,1.05
1936,0.0014975999999999998,2.44,1.07
1937,0.0014991999999999998,2.44,1.07
1938,0.0015007999999999998,2.52,1.11
1939,0.0015023999999999999,2.52,1.1300000000000001
1940,0.001504,-2.44,0.73
1941,0.0015056,-2.2800000000000002,0.31
1942,0.0015072,-2.2800000000000002,0.01
1943,0.0015087999999999996,-2.2,-0.25
1944,0.0015103999999999996,-2.2800000000000002,-0.43
1945,0.0015119999999999997,-2.2,-0.5700000000000001
1946,0.0015135999999999997,-2.2,-0.67
1947,0.0015151999999999998,-2.12,-0.75
1948,0.0015167999999999998,-2.12,-0.81
1949,0.0015183999999999998,-2.12,-0.8300000000000001
1950,0.0015199999999999999,-2.04,-0.87
1951,0.0015216,-1.96,-0.89
1952,0.0015232,-1.96,-0.89
1953,0.0015248,-1.8800000000000001,-0.91
1954,0.0015263999999999996,-1.8800000000000001,-0.89
1955,0.0015279999999999996,-1.8,-0.89
1956,0.0015295999999999997,-1.8,-0.89
1957,0.0015311999999999997,-1.72,-0.87
1958,0.0015327999999999997,-1.72,-0.85
1959,0.0015343999999999998,-1.6400000000000001,-0.85
1960,0.0015359999999999998,-1.6400000000000001,-0.8300000000000001
1961,0.0015375999999999999,-1.56,-0.81
1962,0.0015392,-1.56,-0.79
1963,0.0015408,-1.48,-0.79
1964,0.0015424,-1.48,-0.77
1965,0.0015439999999999996,-1.48,-0.75
1966,0.0015455999999999996,-1.4000000000000001,-0.71
1967,0.0015471999999999997,-1.4000000000000001,-0.71
1968,0.0015487999999999997,-1.32,-0.6900000000000001
1969,0.0015503999999999997,-1.24,-0.67
1970,0.0015519999999999998,-1.24,-0.65
1971,0.0015535999999999998,-1.24,-0.63
1972,0.0015551999999999999,-1.16,-0.61
1973,0.0015568,-1.16,-0.59
1974,0.0015584,-1.08,-0.5700000000000001
1975,0.00156,-1.0,-0.55
1976,0.0015615999999999996,-1.0,-0.55
1977,0.0015631999999999996,-0.92,-0.53
1978,0.0015647999999999997,-0.92,-0.51
1979,0.0015663999999999997,-0.92,-0.49
1980,0.0015679999999999997,-0.84,-0.47000000000000003
1981,0.0015695999999999998,-0.84,-0.45
1982,0.0015711999999999998,-0.76,-0.43
1983,0.0015727999999999998,-0.76,-0.41000000000000003
1984,0.0015743999999999999,-0.76,-0.39
1985,0.001576,-0.68,-0.37
1986,0.0015776,-0.6,-0.35000000000000003
1987,0.0015791999999999996,-0.6,-0.33
1988,0.0015807999999999996,-0.52,-0.31
1989,0.0015823999999999996,-0.52,-0.29
1990,0.0015839999999999997,-0.44,-0.29
1991,0.0015855999999999997,-0.44,-0.25
1992,0.0015871999999999998,-0.36,-0.25
1993,0.0015887999999999998,-0.36,-0.21
1994,0.0015903999999999998,-0.28,-0.19
1995,0.0015919999999999999,-0.28,-0.17
1996,0.0015936,-0.28,-0.17
1997,0.0015952,-0.2,-0.15
1998,0.0015967999999999996,-0.12,-0.11
1999,0.0015983999999999996,-0.12,-0.11
