,time,v1,v2
0,-1.6e-05,-1.0,-0.05
1,-1.5983999999999998e-05,-1.0,-0.03
2,-1.5968e-05,-1.0,-0.03
3,-1.5952e-05,-1.0,-0.05
4,-1.5935999999999998e-05,-1.0,-0.05
5,-1.592e-05,-1.0,-0.05
6,-1.5904e-05,-0.92,-0.03
7,-1.5887999999999998e-05,-0.92,-0.03
8,-1.5872e-05,-0.92,-0.05
9,-1.5856e-05,-0.84,-0.05
10,-1.584e-05,-0.84,-0.03
11,-1.5824e-05,-0.84,-0.05
12,-1.5808e-05,-0.84,-0.05
13,-1.5792e-05,-0.84,-0.05
14,-1.5776e-05,-0.76,-0.03
15,-1.5759999999999998e-05,-0.76,-0.05
16,-1.5744e-05,-0.76,-0.05
17,-1.5728e-05,-0.76,-0.05
18,-1.5711999999999998e-05,-0.68,-0.05
19,-1.5696e-05,-0.76,-0.05
20,-1.568e-05,-0.76,-0.05
21,-1.5663999999999998e-05,-0.68,-0.05
22,-1.5648e-05,-0.68,-0.05
23,-1.5632e-05,-0.6,-0.05
24,-1.5616e-05,-0.68,-0.05
25,-1.56e-05,-0.68,-0.05
26,-1.5584e-05,-0.6,-0.05
27,-1.5568e-05,-0.6,-0.05
28,-1.5552e-05,-0.6,-0.05
29,-1.5535999999999998e-05,-0.6,-0.05
30,-1.552e-05,-0.52,-0.05
31,-1.5504e-05,-0.52,-0.05
32,-1.5487999999999998e-05,-0.44,-0.05
33,-1.5472e-05,-0.44,-0.05
34,-1.5456e-05,-0.52,-0.05
35,-1.5439999999999998e-05,-0.44,-0.05
36,-1.5424e-05,-0.44,-0.05
37,-1.5408e-05,-0.44,-0.05
38,-1.5391999999999998e-05,-0.44,-0.07
39,-1.5376e-05,-0.44,-0.05
40,-1.536e-05,-0.36,-0.05
41,-1.5344e-05,-0.36,-0.07
42,-1.5328e-05,-0.36,-0.05
43,-1.5312e-05,-0.28,-0.05
44,-1.5296e-05,-0.36,-0.05
45,-1.528e-05,-0.36,-0.07
46,-1.5263999999999998e-05,-0.28,-0.05
47,-1.5247999999999999e-05,-0.28,-0.05
48,-1.5232e-05,-0.28,-0.05
49,-1.5216e-05,-0.2,-0.05
50,-1.5199999999999998e-05,-0.28,-0.07
51,-1.5183999999999999e-05,-0.28,-0.05
52,-1.5168e-05,-0.2,-0.05
53,-1.5152e-05,-0.2,-0.05
54,-1.5135999999999999e-05,-0.12,-0.07
55,-1.512e-05,-0.12,-0.05
56,-1.5104e-05,-0.12,-0.07
57,-1.5087999999999999e-05,-0.12,-0.07
58,-1.5071999999999999e-05,-0.12,-0.05
59,-1.5056e-05,-0.12,-0.07
60,-1.5039999999999998e-05,-0.12,-0.07
61,-1.5023999999999999e-05,-0.04,-0.07
62,-1.5008e-05,-0.04,-0.05
63,-1.4992e-05,-0.04,-0.07
64,-1.4975999999999999e-05,-0.04,-0.05
65,-1.4959999999999999e-05,0.04,-0.05
66,-1.4944e-05,0.04,-0.05
67,-1.4928e-05,0.04,-0.05
68,-1.4911999999999999e-05,0.04,-0.05
69,-1.4896e-05,0.04,-0.05
70,-1.488e-05,0.04,-0.07
71,-1.4863999999999999e-05,0.12,-0.05
72,-1.4847999999999999e-05,0.12,-0.05
73,-1.4832e-05,0.12,-0.05
74,-1.4815999999999998e-05,0.2,-0.05
75,-1.4799999999999999e-05,0.2,-0.05
76,-1.4784e-05,0.2,-0.05
77,-1.4768e-05,0.2,-0.05
78,-1.4751999999999999e-05,0.2,-0.05
79,-1.4736e-05,0.28,-0.05
80,-1.472e-05,0.28,-0.05
81,-1.4703999999999998e-05,0.28,-0.05
82,-1.4687999999999999e-05,0.36,-0.05
83,-1.4672e-05,0.28,-0.05
84,-1.4656e-05,0.28,-0.05
85,-1.4639999999999999e-05,0.36,-0.05
86,-1.4624e-05,0.36,-0.05
87,-1.4608e-05,0.36,-0.05
88,-1.4591999999999999e-05,0.36,-0.05
89,-1.4575999999999999e-05,0.44,-0.05
90,-1.456e-05,0.36,-0.05
91,-1.4543999999999998e-05,0.44,-0.03
92,-1.4527999999999999e-05,0.44,-0.05
93,-1.4512e-05,0.44,-0.03
94,-1.4496e-05,0.44,-0.03
95,-1.4479999999999999e-05,0.52,-0.05
96,-1.4463999999999999e-05,0.52,-0.03
97,-1.4448e-05,0.6,-0.05
98,-1.4432e-05,0.6,-0.05
99,-1.4415999999999999e-05,0.52,-0.03
100,-1.44e-05,0.6,-0.03
101,-1.4384e-05,0.6,-0.03
102,-1.4367999999999999e-05,0.6,-0.03
103,-1.4351999999999999e-05,0.6,-0.03
104,-1.4336e-05,0.6,-0.03
105,-1.4319999999999998e-05,0.6,-0.03
106,-1.4303999999999999e-05,0.68,-0.03
107,-1.4288e-05,0.68,-0.03
108,-1.4272e-05,0.68,-0.03
109,-1.4255999999999999e-05,0.68,-0.03
110,-1.424e-05,0.76,-0.03
111,-1.4224e-05,0.76,-0.03
112,-1.4207999999999998e-05,0.76,-0.03
113,-1.4191999999999999e-05,0.76,-0.03
114,-1.4176e-05,0.76,-0.01
115,-1.416e-05,0.76,-0.03
116,-1.4143999999999999e-05,0.76,-0.01
117,-1.4128e-05,0.84,-0.03
118,-1.4112e-05,0.84,-0.03
119,-1.4095999999999999e-05,0.84,-0.01
120,-1.4079999999999999e-05,0.92,-0.01
121,-1.4064e-05,0.92,-0.03
122,-1.4047999999999998e-05,0.92,-0.01
123,-1.4031999999999999e-05,0.92,-0.01
124,-1.4016e-05,0.92,-0.01
125,-1.3999999999999998e-05,0.92,-0.01
126,-1.3983999999999999e-05,1.0,-0.01
127,-1.3967999999999999e-05,1.0,-0.01
128,-1.3952e-05,1.0,0.01
129,-1.3936e-05,1.0,-0.01
130,-1.3919999999999999e-05,1.08,-0.01
131,-1.3904e-05,1.0,-0.01
132,-1.3888e-05,1.08,0.01
133,-1.3871999999999999e-05,1.16,-0.01
134,-1.3855999999999999e-05,1.08,0.01
135,-1.384e-05,1.16,0.01
136,-1.3823999999999998e-05,1.16,0.03
137,-1.3807999999999999e-05,1.16,0.01
138,-1.3792e-05,1.16,0.01
139,-1.3775999999999998e-05,1.16,0.01
140,-1.3759999999999999e-05,1.16,0.01
141,-1.3744e-05,1.24,0.01
142,-1.3728e-05,1.24,0.03
143,-1.3712e-05,1.24,0.03
144,-1.3695999999999999e-05,1.24,0.01
145,-1.368e-05,1.24,0.03
146,-1.3664e-05,1.24,0.03
147,-1.3647999999999999e-05,1.32,0.03
148,-1.3632e-05,1.32,0.03
149,-1.3616e-05,1.32,0.03
150,-1.3599999999999999e-05,1.32,0.03
151,-1.3583999999999999e-05,1.4000000000000001,0.03
152,-1.3568e-05,1.4000000000000001,0.03
153,-1.3551999999999998e-05,1.4000000000000001,0.03
154,-1.3535999999999999e-05,1.4000000000000001,0.05
155,-1.352e-05,1.4000000000000001,0.05
156,-1.3503999999999998e-05,1.4000000000000001,0.03
157,-1.3487999999999999e-05,1.48,0.03
158,-1.3471999999999999e-05,1.48,0.05
159,-1.3456e-05,1.48,0.05
160,-1.344e-05,1.48,0.05
161,-1.3423999999999999e-05,1.56,0.05
162,-1.3408e-05,1.56,0.05
163,-1.3392e-05,1.56,0.05
164,-1.3375999999999999e-05,1.56,0.05
165,-1.3359999999999999e-05,1.56,0.07
166,-1.3344e-05,1.56,0.07
167,-1.3327999999999998e-05,1.6400000000000001,0.07
168,-1.3311999999999999e-05,1.6400000000000001,0.07
169,-1.3296e-05,1.6400000000000001,0.07
170,-1.3279999999999998e-05,1.72,0.07
171,-1.3263999999999999e-05,1.6400000000000001,0.07
172,-1.3248e-05,1.6400000000000001,0.07
173,-1.3232e-05,1.8,0.07
174,-1.3215999999999998e-05,1.72,0.09
175,-1.3199999999999999e-05,1.72,0.07
176,-1.3184e-05,1.72,0.07
177,-1.3168e-05,1.72,0.09
178,-1.3151999999999999e-05,1.8,0.09
179,-1.3136e-05,1.8,0.09
180,-1.312e-05,1.8,0.09
181,-1.3103999999999999e-05,1.8,0.09
182,-1.3087999999999999e-05,1.8800000000000001,0.09
183,-1.3072e-05,1.8800000000000001,0.09
184,-1.3055999999999998e-05,1.8800000000000001,0.11
185,-1.3039999999999999e-05,1.8800000000000001,0.09
186,-1.3024e-05,1.96,0.11
187,-1.3007999999999998e-05,1.96,0.11
188,-1.2991999999999999e-05,1.96,0.11
189,-1.2975999999999999e-05,1.96,0.11
190,-1.296e-05,1.96,0.11
191,-1.2944e-05,1.96,0.11
192,-1.2927999999999999e-05,1.96,0.11
193,-1.2912e-05,1.96,0.11
194,-1.2896e-05,2.12,0.11
195,-1.2879999999999999e-05,2.04,0.13
196,-1.2863999999999999e-05,2.12,0.13
197,-1.2848e-05,2.12,0.13
198,-1.2831999999999998e-05,2.12,0.13
199,-1.2815999999999999e-05,2.12,0.13
200,-1.28e-05,2.12,0.13
201,-1.2783999999999998e-05,2.12,0.13
202,-1.2767999999999999e-05,2.12,0.13
203,-1.2752e-05,2.2,0.13
204,-1.2736e-05,2.2,0.15
205,-1.2719999999999998e-05,2.2,0.15
206,-1.2703999999999999e-05,2.2,0.15
207,-1.2688e-05,2.2,0.15
208,-1.2672e-05,2.2800000000000002,0.15
209,-1.2655999999999999e-05,2.2800000000000002,0.15
210,-1.264e-05,2.2800000000000002,0.15
211,-1.2624e-05,2.2800000000000002,0.17
212,-1.2607999999999999e-05,2.36,0.17
213,-1.2591999999999999e-05,2.36,0.17
214,-1.2576e-05,2.44,0.17
215,-1.2559999999999998e-05,2.36,0.17
216,-1.2543999999999999e-05,2.44,0.17
217,-1.2528e-05,2.36,0.17
218,-1.2511999999999998e-05,2.44,0.17
219,-1.2495999999999999e-05,2.52,0.19
220,-1.2479999999999999e-05,2.44,0.17
221,-1.2464e-05,2.44,0.19
222,-1.2448e-05,0.84,0.19
223,-1.2431999999999999e-05,-1.6400000000000001,0.19
224,-1.2416e-05,-2.12,0.23
225,-1.24e-05,-2.52,0.15
226,-1.2383999999999999e-05,-2.36,0.11
227,-1.2367999999999999e-05,-2.44,0.11
228,-1.2352e-05,-2.44,0.17
229,-1.2335999999999998e-05,-2.2800000000000002,0.15
230,-1.2319999999999999e-05,-2.36,0.13
231,-1.2304e-05,-2.36,0.11
232,-1.2287999999999998e-05,-2.2800000000000002,0.13
233,-1.2271999999999999e-05,-2.2800000000000002,0.13
234,-1.2256e-05,-2.2800000000000002,0.11
235,-1.2239999999999998e-05,-2.2800000000000002,0.11
236,-1.2223999999999998e-05,-2.2800000000000002,0.11
237,-1.2207999999999999e-05,-2.2,0.11
238,-1.2192e-05,-2.12,0.11
239,-1.2176e-05,-2.2,0.11
240,-1.2159999999999999e-05,-2.12,0.11
241,-1.2144e-05,-2.12,0.11
242,-1.2128e-05,-2.12,0.11
243,-1.2111999999999999e-05,-2.12,0.09
244,-1.2095999999999999e-05,-2.12,0.09
245,-1.208e-05,-2.04,0.09
246,-1.2063999999999998e-05,-2.04,0.09
247,-1.2047999999999999e-05,-2.12,0.09
248,-1.2032e-05,-2.04,0.09
249,-1.2015999999999998e-05,-1.96,0.07
250,-1.1999999999999999e-05,-2.04,0.09
251,-1.1983999999999999e-05,-2.04,0.07
252,-1.1967999999999998e-05,-1.96,0.07
253,-1.1952e-05,-1.96,0.07
254,-1.1935999999999999e-05,-1.96,0.07
255,-1.192e-05,-1.96,0.07
256,-1.1904e-05,-1.96,0.05
257,-1.1887999999999999e-05,-1.8800000000000001,0.07
258,-1.1872e-05,-1.8800000000000001,0.05
259,-1.1856e-05,-1.8800000000000001,0.05
260,-1.1839999999999998e-05,-1.8800000000000001,0.05
261,-1.1823999999999999e-05,-1.8800000000000001,0.05
262,-1.1808e-05,-1.8,0.05
263,-1.1791999999999998e-05,-1.8,0.05
264,-1.1775999999999999e-05,-1.8,0.05
265,-1.176e-05,-1.8,0.05
266,-1.1743999999999998e-05,-1.8,0.03
267,-1.1728e-05,-1.72,0.03
268,-1.1711999999999999e-05,-1.72,0.03
269,-1.1695999999999998e-05,-1.72,0.03
270,-1.168e-05,-1.72,0.03
271,-1.1663999999999999e-05,-1.72,0.03
272,-1.1648e-05,-1.6400000000000001,0.03
273,-1.1632e-05,-1.6400000000000001,0.03
274,-1.1615999999999999e-05,-1.6400000000000001,0.03
275,-1.1599999999999999e-05,-1.6400000000000001,0.03
276,-1.1584e-05,-1.6400000000000001,0.03
277,-1.1567999999999998e-05,-1.56,0.03
278,-1.1551999999999999e-05,-1.48,0.01
279,-1.1536e-05,-1.48,0.01
280,-1.1519999999999998e-05,-1.56,0.01
281,-1.1503999999999999e-05,-1.48,0.01
282,-1.1487999999999999e-05,-1.48,-0.01
283,-1.1471999999999998e-05,-1.48,0.01
284,-1.1456e-05,-1.48,0.01
285,-1.1439999999999999e-05,-1.4000000000000001,-0.01
286,-1.1424e-05,-1.48,0.01
287,-1.1408e-05,-1.4000000000000001,-0.01
288,-1.1391999999999999e-05,-1.4000000000000001,-0.01
289,-1.1376e-05,-1.4000000000000001,0.01
290,-1.136e-05,-1.4000000000000001,-0.01
291,-1.1343999999999998e-05,-1.32,-0.01
292,-1.1327999999999999e-05,-1.32,-0.01
293,-1.1312e-05,-1.32,-0.01
294,-1.1295999999999998e-05,-1.32,-0.01
295,-1.1279999999999999e-05,-1.32,-0.01
296,-1.1264e-05,-1.32,-0.01
297,-1.1247999999999998e-05,-1.24,-0.01
298,-1.1232e-05,-1.24,-0.01
299,-1.1215999999999999e-05,-1.24,-0.03
300,-1.1199999999999998e-05,-1.24,-0.01
301,-1.1184e-05,-1.24,-0.03
302,-1.1167999999999999e-05,-1.16,-0.03
303,-1.1152e-05,-1.16,-0.03
304,-1.1136e-05,-1.16,-0.03
305,-1.1119999999999999e-05,-1.16,-0.03
306,-1.1103999999999999e-05,-1.08,-0.03
307,-1.1088e-05,-1.16,-0.03
308,-1.1071999999999998e-05,-1.08,-0.03
309,-1.1055999999999999e-05,-1.08,-0.03
310,-1.104e-05,-1.08,-0.03
311,-1.1023999999999998e-05,-1.08,-0.03
312,-1.1007999999999999e-05,-1.0,-0.03
313,-1.0991999999999999e-05,-1.0,-0.03
314,-1.0975999999999998e-05,-1.0,-0.03
315,-1.096e-05,-1.0,-0.05
316,-1.0943999999999999e-05,-1.0,-0.05
317,-1.0927999999999998e-05,-0.92,-0.05
318,-1.0912e-05,-0.92,-0.03
319,-1.0895999999999999e-05,-0.92,-0.03
320,-1.088e-05,-0.92,-0.03
321,-1.0864e-05,-0.92,-0.05
322,-1.0847999999999998e-05,-0.84,-0.05
323,-1.0831999999999999e-05,-0.84,-0.05
324,-1.0816e-05,-0.84,-0.05
325,-1.0799999999999998e-05,-0.84,-0.03
326,-1.0783999999999999e-05,-0.76,-0.05
327,-1.0768e-05,-0.84,-0.03
328,-1.0751999999999998e-05,-0.84,-0.05
329,-1.0736e-05,-0.76,-0.05
330,-1.0719999999999999e-05,-0.76,-0.05
331,-1.0703999999999998e-05,-0.76,-0.05
332,-1.0688e-05,-0.76,-0.05
333,-1.0671999999999999e-05,-0.68,-0.05
334,-1.0656e-05,-0.76,-0.05
335,-1.064e-05,-0.68,-0.05
336,-1.0623999999999999e-05,-0.68,-0.05
337,-1.0607999999999999e-05,-0.68,-0.05
338,-1.0592e-05,-0.6,-0.05
339,-1.0575999999999998e-05,-0.6,-0.05
340,-1.0559999999999999e-05,-0.6,-0.05
341,-1.0544e-05,-0.6,-0.05
342,-1.0527999999999998e-05,-0.6,-0.05
343,-1.0511999999999999e-05,-0.6,-0.07
344,-1.0495999999999999e-05,-0.52,-0.05
345,-1.0479999999999998e-05,-0.44,-0.05
346,-1.0464e-05,-0.52,-0.05
347,-1.0447999999999999e-05,-0.52,-0.07
348,-1.0431999999999998e-05,-0.44,-0.05
349,-1.0416e-05,-0.44,-0.05
350,-1.0399999999999999e-05,-0.44,-0.05
351,-1.0384e-05,-0.36,-0.05
352,-1.0368e-05,-0.44,-0.05
353,-1.0351999999999998e-05,-0.36,-0.05
354,-1.0335999999999999e-05,-0.36,-0.05
355,-1.032e-05,-0.28,-0.07
356,-1.0303999999999998e-05,-0.36,-0.07
357,-1.0287999999999999e-05,-0.36,-0.05
358,-1.0272e-05,-0.28,-0.07
359,-1.0255999999999998e-05,-0.28,-0.05
360,-1.0239999999999999e-05,-0.28,-0.07
361,-1.0223999999999999e-05,-0.28,-0.05
362,-1.0207999999999998e-05,-0.2,-0.07
363,-1.0192e-05,-0.2,-0.05
364,-1.0175999999999999e-05,-0.2,-0.07
365,-1.016e-05,-0.2,-0.05
366,-1.0144e-05,-0.2,-0.07
367,-1.0127999999999999e-05,-0.12,-0.05
368,-1.0111999999999999e-05,-0.2,-0.07
369,-1.0096e-05,-0.12,-0.07
370,-1.0079999999999998e-05,-0.04,-0.05
371,-1.0063999999999999e-05,-0.12,-0.05
372,-1.0048e-05,-0.04,-0.05
373,-1.0031999999999998e-05,-0.12,-0.05
374,-1.0015999999999999e-05,-0.04,-0.07
375,-9.999999999999999e-06,-0.04,-0.05
376,-9.983999999999998e-06,-0.04,-0.05
377,-9.968e-06,-0.04,-0.05
378,-9.951999999999999e-06,0.04,-0.05
379,-9.935999999999998e-06,0.04,-0.05
380,-9.92e-06,0.04,-0.05
381,-9.903999999999999e-06,0.04,-0.07
382,-9.888e-06,0.04,-0.05
383,-9.872e-06,0.04,-0.05
384,-9.855999999999998e-06,0.12,-0.05
385,-9.839999999999999e-06,0.12,-0.05
386,-9.824e-06,0.12,-0.05
387,-9.807999999999998e-06,0.2,-0.05
388,-9.791999999999999e-06,0.2,-0.05
389,-9.776e-06,0.2,-0.05
390,-9.759999999999998e-06,0.2,-0.05
391,-9.743999999999999e-06,0.2,-0.05
392,-9.727999999999999e-06,0.2,-0.03
393,-9.711999999999998e-06,0.28,-0.05
394,-9.696e-06,0.28,-0.05
395,-9.679999999999999e-06,0.28,-0.05
396,-9.664e-06,0.28,-0.05
397,-9.648e-06,0.36,-0.05
398,-9.631999999999999e-06,0.36,-0.05
399,-9.615999999999999e-06,0.44,-0.05
400,-9.6e-06,0.36,-0.03
401,-9.583999999999998e-06,0.36,-0.03
402,-9.567999999999999e-06,0.36,-0.05
403,-9.552e-06,0.44,-0.05
404,-9.535999999999998e-06,0.44,-0.03
405,-9.519999999999999e-06,0.44,-0.05
406,-9.503999999999999e-06,0.44,-0.05
407,-9.487999999999998e-06,0.44,-0.03
408,-9.472e-06,0.44,-0.03
409,-9.455999999999999e-06,0.6,-0.03
410,-9.439999999999998e-06,0.52,-0.03
411,-9.424e-06,0.52,-0.03
412,-9.407999999999999e-06,0.52,-0.03
413,-9.392e-06,0.6,-0.03
414,-9.376e-06,0.6,-0.03
415,-9.359999999999998e-06,0.6,-0.03
416,-9.343999999999999e-06,0.68,-0.03
417,-9.328e-06,0.6,-0.03
418,-9.311999999999998e-06,0.6,-0.03
419,-9.295999999999999e-06,0.68,-0.03
420,-9.28e-06,0.68,-0.03
421,-9.263999999999998e-06,0.68,-0.03
422,-9.247999999999999e-06,0.68,-0.01
423,-9.231999999999999e-06,0.76,-0.03
424,-9.215999999999998e-06,0.76,-0.01
425,-9.2e-06,0.76,-0.03
426,-9.183999999999999e-06,0.84,-0.03
427,-9.167999999999998e-06,0.76,-0.01
428,-9.152e-06,0.84,-0.03
429,-9.135999999999999e-06,0.84,-0.03
430,-9.119999999999999e-06,0.84,-0.01
431,-9.104e-06,0.84,-0.03
432,-9.087999999999998e-06,0.84,-0.01
433,-9.071999999999999e-06,0.84,-0.01
434,-9.056e-06,0.92,-0.01
435,-9.039999999999998e-06,0.92,-0.01
436,-9.023999999999999e-06,1.0,-0.01
437,-9.007999999999999e-06,1.0,-0.01
438,-8.991999999999998e-06,0.92,-0.01
439,-8.975999999999998e-06,1.0,-0.01
440,-8.959999999999999e-06,1.0,0.01
441,-8.943999999999998e-06,1.0,-0.01
442,-8.928e-06,1.0,0.01
443,-8.911999999999999e-06,1.08,0.01
444,-8.896e-06,1.0,0.01
445,-8.88e-06,1.08,0.01
446,-8.863999999999998e-06,1.16,0.01
447,-8.847999999999999e-06,1.08,0.01
448,-8.832e-06,1.16,0.01
449,-8.815999999999998e-06,1.16,0.01
450,-8.799999999999999e-06,1.16,0.03
451,-8.784e-06,1.16,0.01
452,-8.767999999999998e-06,1.16,0.03
453,-8.751999999999999e-06,1.16,0.01
454,-8.735999999999999e-06,1.24,0.03
455,-8.719999999999998e-06,1.24,0.03
456,-8.704e-06,1.24,0.01
457,-8.687999999999999e-06,1.32,0.03
458,-8.671999999999998e-06,1.32,0.03
459,-8.656e-06,1.32,0.03
460,-8.639999999999999e-06,1.32,0.01
461,-8.623999999999999e-06,1.32,0.03
462,-8.608e-06,1.4000000000000001,0.03
463,-8.591999999999998e-06,1.32,0.03
464,-8.575999999999999e-06,1.4000000000000001,0.03
465,-8.56e-06,1.4000000000000001,0.05
466,-8.543999999999998e-06,1.4000000000000001,0.03
467,-8.527999999999999e-06,1.4000000000000001,0.03
468,-8.511999999999999e-06,1.4000000000000001,0.03
469,-8.495999999999998e-06,1.4000000000000001,0.03
470,-8.479999999999998e-06,1.48,0.03
471,-8.463999999999999e-06,1.48,0.05
472,-8.447999999999998e-06,1.48,0.05
473,-8.432e-06,1.56,0.05
474,-8.415999999999999e-06,1.56,0.05
475,-8.4e-06,1.56,0.05
476,-8.384e-06,1.56,0.07
477,-8.367999999999998e-06,1.56,0.05
478,-8.351999999999999e-06,1.56,0.05
479,-8.336e-06,1.6400000000000001,0.07
480,-8.319999999999998e-06,1.72,0.07
481,-8.303999999999999e-06,1.6400000000000001,0.07
482,-8.288e-06,1.6400000000000001,0.07
483,-8.271999999999998e-06,1.6400000000000001,0.05
484,-8.255999999999999e-06,1.72,0.07
485,-8.239999999999999e-06,1.72,0.07
486,-8.224e-06,1.72,0.07
487,-8.207999999999998e-06,1.72,0.09
488,-8.191999999999999e-06,1.72,0.09
489,-8.176e-06,1.8,0.09
490,-8.159999999999998e-06,1.8,0.09
491,-8.143999999999999e-06,1.8,0.09
492,-8.127999999999999e-06,1.8,0.09
493,-8.112e-06,1.8,0.09
494,-8.095999999999998e-06,1.8800000000000001,0.09
495,-8.079999999999999e-06,1.8800000000000001,0.09
496,-8.064e-06,1.8800000000000001,0.09
497,-8.047999999999998e-06,1.8800000000000001,0.09
498,-8.031999999999999e-06,1.8800000000000001,0.11
499,-8.015999999999999e-06,1.96,0.11
500,-7.999999999999998e-06,1.96,0.11
501,-7.983999999999998e-06,1.96,0.09
502,-7.967999999999999e-06,1.96,0.11
503,-7.952e-06,2.04,0.11
504,-7.935999999999998e-06,1.96,0.13
505,-7.919999999999999e-06,2.04,0.13
506,-7.904e-06,2.04,0.13
507,-7.887999999999998e-06,2.04,0.13
508,-7.871999999999998e-06,2.04,0.13
509,-7.855999999999999e-06,2.12,0.13
510,-7.84e-06,2.12,0.13
511,-7.823999999999998e-06,2.12,0.13
512,-7.807999999999999e-06,2.2,0.13
513,-7.792e-06,2.12,0.13
514,-7.775999999999998e-06,2.12,0.15
515,-7.759999999999999e-06,2.2,0.15
516,-7.743999999999999e-06,2.2,0.15
517,-7.728e-06,2.2,0.15
518,-7.711999999999998e-06,2.2,0.15
519,-7.695999999999999e-06,2.2,0.15
520,-7.68e-06,2.2800000000000002,0.15
521,-7.663999999999998e-06,2.2800000000000002,0.15
522,-7.647999999999999e-06,2.2800000000000002,0.15
523,-7.631999999999999e-06,2.2800000000000002,0.17
524,-7.616e-06,2.36,0.17
525,-7.599999999999998e-06,2.36,0.17
526,-7.583999999999999e-06,2.44,0.17
527,-7.567999999999999e-06,2.36,0.17
528,-7.551999999999998e-06,2.36,0.17
529,-7.535999999999999e-06,2.36,0.17
530,-7.519999999999999e-06,2.44,0.17
531,-7.503999999999998e-06,2.44,0.17
532,-7.4879999999999984e-06,2.44,0.17
533,-7.471999999999999e-06,2.52,0.17
534,-7.4559999999999994e-06,2.52,0.19
535,-7.439999999999998e-06,-1.08,0.15
536,-7.423999999999999e-06,-2.44,0.09
537,-7.407999999999999e-06,-2.2800000000000002,0.11
538,-7.391999999999998e-06,-2.36,0.17
539,-7.3759999999999985e-06,-2.44,0.19
540,-7.359999999999999e-06,-2.2800000000000002,0.15
541,-7.3439999999999995e-06,-2.36,0.11
542,-7.327999999999998e-06,-2.36,0.13
543,-7.311999999999999e-06,-2.2800000000000002,0.15
544,-7.295999999999999e-06,-2.2800000000000002,0.13
545,-7.279999999999998e-06,-2.2800000000000002,0.11
546,-7.2639999999999986e-06,-2.2,0.13
547,-7.247999999999999e-06,-2.2800000000000002,0.11
548,-7.2319999999999995e-06,-2.2800000000000002,0.13
549,-7.215999999999998e-06,-2.2,0.11
550,-7.199999999999999e-06,-2.2,0.11
551,-7.183999999999999e-06,-2.2,0.11
552,-7.167999999999998e-06,-2.2,0.11
553,-7.151999999999999e-06,-2.2,0.09
554,-7.135999999999999e-06,-2.12,0.09
555,-7.119999999999998e-06,-2.12,0.09
556,-7.103999999999998e-06,-2.12,0.09
557,-7.087999999999999e-06,-2.12,0.09
558,-7.071999999999999e-06,-2.04,0.09
559,-7.055999999999998e-06,-2.04,0.09
560,-7.039999999999999e-06,-2.04,0.07
561,-7.023999999999999e-06,-2.04,0.07
562,-7.007999999999998e-06,-2.04,0.09
563,-6.9919999999999984e-06,-1.96,0.07
564,-6.975999999999999e-06,-2.04,0.07
565,-6.9599999999999994e-06,-1.96,0.07
566,-6.943999999999998e-06,-1.96,0.07
567,-6.927999999999999e-06,-1.8800000000000001,0.07
568,-6.911999999999999e-06,-1.8800000000000001,0.07
569,-6.895999999999998e-06,-1.8800000000000001,0.05
570,-6.8799999999999985e-06,-1.8800000000000001,0.05
571,-6.863999999999999e-06,-1.8800000000000001,0.07
572,-6.8479999999999995e-06,-1.8800000000000001,0.07
573,-6.831999999999998e-06,-1.8800000000000001,0.05
574,-6.815999999999999e-06,-1.8,0.05
575,-6.799999999999999e-06,-1.8,0.05
576,-6.783999999999998e-06,-1.8,0.05
577,-6.7679999999999986e-06,-1.8,0.05
578,-6.751999999999999e-06,-1.72,0.05
579,-6.7359999999999995e-06,-1.72,0.05
580,-6.719999999999998e-06,-1.72,0.03
581,-6.703999999999999e-06,-1.72,0.03
582,-6.687999999999999e-06,-1.72,0.03
583,-6.671999999999998e-06,-1.72,0.03
584,-6.655999999999999e-06,-1.6400000000000001,0.03
585,-6.639999999999999e-06,-1.6400000000000001,0.03
586,-6.623999999999998e-06,-1.6400000000000001,0.01
587,-6.607999999999998e-06,-1.6400000000000001,0.03
588,-6.591999999999999e-06,-1.56,0.03
589,-6.575999999999999e-06,-1.56,0.01
590,-6.559999999999998e-06,-1.56,0.01
591,-6.543999999999999e-06,-1.56,0.01
592,-6.527999999999999e-06,-1.48,0.01
593,-6.511999999999998e-06,-1.56,0.01
594,-6.4959999999999985e-06,-1.48,0.01
595,-6.479999999999999e-06,-1.48,0.01
596,-6.4639999999999994e-06,-1.48,-0.01
597,-6.447999999999998e-06,-1.48,0.01
598,-6.431999999999999e-06,-1.4000000000000001,0.01
599,-6.415999999999999e-06,-1.4000000000000001,-0.01
600,-6.399999999999998e-06,-1.4000000000000001,0.01
601,-6.3839999999999985e-06,-1.32,-0.01
602,-6.367999999999999e-06,-1.4000000000000001,-0.01
603,-6.3519999999999995e-06,-1.32,-0.01
604,-6.335999999999998e-06,-1.32,-0.01
605,-6.319999999999999e-06,-1.32,-0.01
606,-6.303999999999999e-06,-1.32,-0.01
607,-6.287999999999998e-06,-1.32,-0.01
608,-6.2719999999999986e-06,-1.32,-0.01
609,-6.255999999999999e-06,-1.32,-0.01
610,-6.239999999999998e-06,-1.24,-0.01
611,-6.223999999999998e-06,-1.24,-0.03
612,-6.207999999999999e-06,-1.24,-0.01
613,-6.191999999999999e-06,-1.24,-0.01
614,-6.175999999999998e-06,-1.16,-0.03
615,-6.159999999999999e-06,-1.16,-0.03
616,-6.143999999999999e-06,-1.16,-0.01
617,-6.127999999999998e-06,-1.16,-0.03
618,-6.111999999999998e-06,-1.16,-0.03
619,-6.095999999999999e-06,-1.16,-0.01
620,-6.079999999999999e-06,-1.08,-0.03
621,-6.063999999999998e-06,-1.0,-0.03
622,-6.047999999999999e-06,-1.08,-0.03
623,-6.031999999999999e-06,-1.0,-0.03
624,-6.015999999999998e-06,-1.08,-0.03
625,-5.9999999999999985e-06,-1.0,-0.03
626,-5.983999999999999e-06,-1.0,-0.03
627,-5.9679999999999994e-06,-1.0,-0.03
628,-5.951999999999998e-06,-1.0,-0.05
629,-5.935999999999999e-06,-0.92,-0.03
630,-5.919999999999999e-06,-0.92,-0.05
631,-5.903999999999998e-06,-0.92,-0.03
632,-5.8879999999999985e-06,-0.92,-0.05
633,-5.871999999999999e-06,-0.84,-0.03
634,-5.855999999999998e-06,-0.84,-0.05
635,-5.839999999999998e-06,-0.84,-0.05
636,-5.823999999999999e-06,-0.84,-0.05
637,-5.807999999999999e-06,-0.76,-0.03
638,-5.791999999999998e-06,-0.84,-0.05
639,-5.7759999999999986e-06,-0.84,-0.03
640,-5.759999999999999e-06,-0.76,-0.05
641,-5.743999999999998e-06,-0.76,-0.05
642,-5.727999999999998e-06,-0.76,-0.05
643,-5.711999999999999e-06,-0.76,-0.05
644,-5.695999999999999e-06,-0.76,-0.05
645,-5.679999999999998e-06,-0.68,-0.05
646,-5.663999999999999e-06,-0.68,-0.05
647,-5.647999999999999e-06,-0.68,-0.05
648,-5.631999999999998e-06,-0.68,-0.05
649,-5.615999999999998e-06,-0.68,-0.05
650,-5.599999999999999e-06,-0.6,-0.05
651,-5.583999999999999e-06,-0.6,-0.05
652,-5.567999999999998e-06,-0.52,-0.05
653,-5.551999999999999e-06,-0.6,-0.05
654,-5.535999999999999e-06,-0.6,-0.05
655,-5.519999999999998e-06,-0.52,-0.05
656,-5.5039999999999985e-06,-0.52,-0.05
657,-5.487999999999999e-06,-0.52,-0.05
658,-5.4719999999999994e-06,-0.52,-0.05
659,-5.455999999999998e-06,-0.44,-0.07
660,-5.439999999999999e-06,-0.52,-0.05
661,-5.423999999999999e-06,-0.44,-0.05
662,-5.407999999999998e-06,-0.44,-0.05
663,-5.3919999999999985e-06,-0.44,-0.07
664,-5.375999999999999e-06,-0.44,-0.05
665,-5.359999999999998e-06,-0.36,-0.05
666,-5.343999999999998e-06,-0.36,-0.05
667,-5.327999999999999e-06,-0.36,-0.05
668,-5.311999999999999e-06,-0.36,-0.05
669,-5.295999999999998e-06,-0.36,-0.05
670,-5.2799999999999986e-06,-0.28,-0.05
671,-5.263999999999999e-06,-0.28,-0.05
672,-5.247999999999998e-06,-0.28,-0.05
673,-5.231999999999998e-06,-0.28,-0.05
674,-5.215999999999999e-06,-0.2,-0.05
675,-5.199999999999999e-06,-0.2,-0.05
676,-5.183999999999998e-06,-0.2,-0.05
677,-5.167999999999999e-06,-0.2,-0.07
678,-5.151999999999999e-06,-0.2,-0.07
679,-5.135999999999998e-06,-0.12,-0.05
680,-5.119999999999998e-06,-0.12,-0.07
681,-5.103999999999999e-06,-0.12,-0.05
682,-5.087999999999999e-06,-0.12,-0.05
683,-5.071999999999998e-06,-0.12,-0.07
684,-5.055999999999999e-06,-0.04,-0.05
685,-5.039999999999999e-06,-0.04,-0.05
686,-5.023999999999998e-06,-0.04,-0.05
687,-5.0079999999999985e-06,-0.04,-0.07
688,-4.991999999999999e-06,-0.04,-0.05
689,-4.975999999999998e-06,-0.04,-0.05
690,-4.959999999999998e-06,0.04,-0.05
691,-4.943999999999999e-06,0.04,-0.05
692,-4.927999999999999e-06,0.12,-0.05
693,-4.911999999999998e-06,0.12,-0.07
694,-4.8959999999999985e-06,0.12,-0.05
695,-4.879999999999999e-06,0.04,-0.05
696,-4.863999999999998e-06,0.12,-0.05
697,-4.847999999999998e-06,0.12,-0.05
698,-4.831999999999999e-06,0.12,-0.05
699,-4.815999999999999e-06,0.2,-0.05
700,-4.799999999999998e-06,0.2,-0.05
701,-4.783999999999999e-06,0.2,-0.05
702,-4.767999999999999e-06,0.2,-0.05
703,-4.751999999999998e-06,0.2,-0.05
704,-4.735999999999998e-06,0.2,-0.05
705,-4.719999999999999e-06,0.28,-0.05
706,-4.703999999999999e-06,0.28,-0.05
707,-4.687999999999998e-06,0.28,-0.05
708,-4.671999999999999e-06,0.28,-0.05
709,-4.655999999999999e-06,0.28,-0.05
710,-4.639999999999998e-06,0.28,-0.05
711,-4.623999999999998e-06,0.36,-0.05
712,-4.607999999999999e-06,0.36,-0.05
713,-4.591999999999999e-06,0.36,-0.05
714,-4.575999999999998e-06,0.44,-0.05
715,-4.559999999999999e-06,0.36,-0.05
716,-4.543999999999999e-06,0.44,-0.05
717,-4.527999999999998e-06,0.44,-0.05
718,-4.5119999999999985e-06,0.44,-0.03
719,-4.495999999999999e-06,0.44,-0.03
720,-4.479999999999998e-06,0.52,-0.05
721,-4.463999999999998e-06,0.52,-0.03
722,-4.447999999999999e-06,0.52,-0.03
723,-4.431999999999999e-06,0.6,-0.03
724,-4.415999999999998e-06,0.52,-0.03
725,-4.3999999999999985e-06,0.52,-0.05
726,-4.383999999999999e-06,0.6,-0.03
727,-4.367999999999998e-06,0.6,-0.03
728,-4.351999999999998e-06,0.6,-0.03
729,-4.335999999999999e-06,0.68,-0.03
730,-4.319999999999999e-06,0.6,-0.03
731,-4.303999999999998e-06,0.68,-0.03
732,-4.287999999999999e-06,0.68,-0.03
733,-4.271999999999999e-06,0.68,-0.03
734,-4.255999999999998e-06,0.68,-0.03
735,-4.239999999999998e-06,0.68,-0.03
736,-4.223999999999999e-06,0.76,-0.03
737,-4.207999999999999e-06,0.76,-0.03
738,-4.191999999999998e-06,0.76,-0.03
739,-4.175999999999999e-06,0.76,-0.01
740,-4.159999999999999e-06,0.76,-0.01
741,-4.143999999999998e-06,0.84,-0.01
742,-4.1279999999999984e-06,0.84,-0.01
743,-4.111999999999999e-06,0.92,-0.01
744,-4.095999999999998e-06,0.84,-0.01
745,-4.079999999999998e-06,0.92,-0.03
746,-4.063999999999999e-06,0.92,-0.01
747,-4.047999999999999e-06,1.0,-0.01
748,-4.031999999999998e-06,0.92,-0.01
749,-4.0159999999999985e-06,0.92,-0.01
750,-3.999999999999999e-06,0.92,0.01
751,-3.983999999999998e-06,1.0,-0.01
752,-3.967999999999998e-06,1.0,-0.01
753,-3.951999999999999e-06,1.0,-0.01
754,-3.935999999999999e-06,1.0,0.01
755,-3.919999999999998e-06,1.08,0.01
756,-3.9039999999999985e-06,1.08,0.01
757,-3.887999999999999e-06,1.08,0.01
758,-3.871999999999998e-06,1.08,0.01
759,-3.855999999999998e-06,1.08,0.01
760,-3.839999999999999e-06,1.08,0.01
761,-3.823999999999999e-06,1.16,0.01
762,-3.807999999999998e-06,1.16,0.01
763,-3.7919999999999986e-06,1.16,0.01
764,-3.775999999999999e-06,1.16,0.03
765,-3.759999999999998e-06,1.16,0.01
766,-3.7439999999999984e-06,1.24,0.03
767,-3.727999999999999e-06,1.32,0.03
768,-3.7119999999999977e-06,1.24,0.03
769,-3.695999999999998e-06,1.24,0.03
770,-3.6799999999999986e-06,1.24,0.03
771,-3.663999999999999e-06,1.32,0.03
772,-3.647999999999998e-06,1.32,0.03
773,-3.6319999999999984e-06,1.32,0.03
774,-3.615999999999999e-06,1.32,0.03
775,-3.5999999999999977e-06,1.4000000000000001,0.03
776,-3.583999999999998e-06,1.4000000000000001,0.03
777,-3.5679999999999987e-06,1.48,0.03
778,-3.551999999999999e-06,1.4000000000000001,0.03
779,-3.535999999999998e-06,1.4000000000000001,0.03
780,-3.5199999999999985e-06,1.4000000000000001,0.03
781,-3.503999999999999e-06,1.48,0.05
782,-3.4879999999999978e-06,1.48,0.05
783,-3.4719999999999983e-06,1.48,0.03
784,-3.4559999999999988e-06,1.48,0.05
785,-3.4399999999999993e-06,1.48,0.05
786,-3.423999999999998e-06,1.48,0.05
787,-3.4079999999999985e-06,1.56,0.05
788,-3.391999999999999e-06,1.56,0.07
789,-3.375999999999998e-06,1.56,0.05
790,-3.3599999999999983e-06,1.56,0.07
791,-3.343999999999999e-06,1.6400000000000001,0.07
792,-3.3279999999999993e-06,1.6400000000000001,0.07
793,-3.311999999999998e-06,1.6400000000000001,0.07
794,-3.2959999999999986e-06,1.6400000000000001,0.07
795,-3.279999999999999e-06,1.6400000000000001,0.07
796,-3.263999999999998e-06,1.6400000000000001,0.07
797,-3.2479999999999984e-06,1.72,0.07
798,-3.231999999999999e-06,1.72,0.09
799,-3.2159999999999977e-06,1.72,0.07
800,-3.199999999999998e-06,1.72,0.09
801,-3.1839999999999987e-06,1.72,0.09
802,-3.167999999999999e-06,1.8,0.09
803,-3.151999999999998e-06,1.8,0.09
804,-3.1359999999999984e-06,1.8,0.09
805,-3.119999999999999e-06,1.8,0.09
806,-3.1039999999999977e-06,1.8800000000000001,0.09
807,-3.0879999999999982e-06,1.8800000000000001,0.09
808,-3.0719999999999987e-06,1.8800000000000001,0.09
809,-3.055999999999999e-06,1.8800000000000001,0.11
810,-3.039999999999998e-06,1.8800000000000001,0.09
811,-3.0239999999999985e-06,1.96,0.11
812,-3.007999999999999e-06,1.96,0.11
813,-2.9919999999999978e-06,1.96,0.11
814,-2.9759999999999983e-06,1.96,0.11
815,-2.9599999999999988e-06,1.96,0.09
816,-2.9439999999999993e-06,1.96,0.11
817,-2.927999999999998e-06,1.96,0.13
818,-2.9119999999999985e-06,2.04,0.13
819,-2.895999999999999e-06,2.04,0.13
820,-2.879999999999998e-06,2.04,0.11
821,-2.8639999999999983e-06,2.12,0.13
822,-2.847999999999999e-06,2.04,0.13
823,-2.8319999999999976e-06,2.12,0.13
824,-2.815999999999998e-06,2.12,0.13
825,-2.7999999999999986e-06,2.12,0.13
826,-2.783999999999999e-06,2.12,0.13
827,-2.767999999999998e-06,2.2,0.15
828,-2.7519999999999984e-06,2.2,0.15
829,-2.735999999999999e-06,2.2,0.15
830,-2.7199999999999977e-06,2.2,0.15
831,-2.703999999999998e-06,2.2800000000000002,0.15
832,-2.6879999999999987e-06,2.2800000000000002,0.15
833,-2.671999999999999e-06,2.2800000000000002,0.15
834,-2.655999999999998e-06,2.2800000000000002,0.15
835,-2.6399999999999984e-06,2.2800000000000002,0.15
836,-2.623999999999999e-06,2.36,0.15
837,-2.6079999999999977e-06,2.2800000000000002,0.17
838,-2.5919999999999982e-06,2.2800000000000002,0.17
839,-2.5759999999999987e-06,2.36,0.17
840,-2.559999999999999e-06,2.36,0.17
841,-2.543999999999998e-06,2.36,0.17
842,-2.5279999999999985e-06,2.44,0.17
843,-2.511999999999999e-06,2.44,0.17
844,-2.4959999999999978e-06,2.44,0.19
845,-2.4799999999999983e-06,2.44,0.19
846,-2.4639999999999988e-06,2.44,0.17
847,-2.4479999999999993e-06,0.84,0.19
848,-2.431999999999998e-06,-1.6400000000000001,0.19
849,-2.4159999999999986e-06,-2.2,0.23
850,-2.399999999999999e-06,-2.6,0.15
851,-2.383999999999998e-06,-2.36,0.09
852,-2.3679999999999983e-06,-2.36,0.11
853,-2.351999999999999e-06,-2.44,0.15
854,-2.3359999999999976e-06,-2.2800000000000002,0.15
855,-2.319999999999998e-06,-2.36,0.13
856,-2.3039999999999986e-06,-2.36,0.11
857,-2.287999999999999e-06,-2.2800000000000002,0.13
858,-2.271999999999998e-06,-2.36,0.13
859,-2.2559999999999984e-06,-2.2800000000000002,0.13
860,-2.239999999999999e-06,-2.2800000000000002,0.11
861,-2.2239999999999977e-06,-2.2800000000000002,0.11
862,-2.207999999999998e-06,-2.2,0.11
863,-2.1919999999999987e-06,-2.2,0.11
864,-2.175999999999999e-06,-2.2,0.11
865,-2.159999999999998e-06,-2.12,0.11
866,-2.1439999999999984e-06,-2.12,0.11
867,-2.127999999999999e-06,-2.12,0.09
868,-2.1119999999999977e-06,-2.12,0.09
869,-2.0959999999999982e-06,-2.12,0.09
870,-2.0799999999999987e-06,-2.12,0.09
871,-2.0639999999999992e-06,-2.04,0.09
872,-2.047999999999998e-06,-2.04,0.09
873,-2.0319999999999985e-06,-1.96,0.07
874,-2.015999999999999e-06,-2.04,0.09
875,-1.999999999999998e-06,-2.04,0.09
876,-1.9839999999999983e-06,-2.04,0.07
877,-1.9679999999999988e-06,-1.8800000000000001,0.07
878,-1.9519999999999976e-06,-1.96,0.07
879,-1.935999999999998e-06,-1.96,0.07
880,-1.9199999999999986e-06,-1.8800000000000001,0.07
881,-1.903999999999999e-06,-1.8800000000000001,0.07
882,-1.8879999999999978e-06,-1.8,0.05
883,-1.8719999999999983e-06,-1.8800000000000001,0.07
884,-1.8559999999999988e-06,-1.8800000000000001,0.05
885,-1.8399999999999976e-06,-1.8,0.05
886,-1.8239999999999981e-06,-1.8,0.05
887,-1.8079999999999986e-06,-1.8,0.05
888,-1.791999999999999e-06,-1.8,0.05
889,-1.775999999999998e-06,-1.8,0.03
890,-1.7599999999999984e-06,-1.8,0.05
891,-1.7439999999999989e-06,-1.72,0.03
892,-1.7279999999999977e-06,-1.72,0.03
893,-1.7119999999999982e-06,-1.72,0.03
894,-1.6959999999999987e-06,-1.72,0.03
895,-1.6799999999999992e-06,-1.6400000000000001,0.03
896,-1.663999999999998e-06,-1.6400000000000001,0.03
897,-1.6479999999999985e-06,-1.6400000000000001,0.03
898,-1.631999999999999e-06,-1.6400000000000001,0.03
899,-1.6159999999999977e-06,-1.6400000000000001,0.03
900,-1.5999999999999982e-06,-1.6400000000000001,0.03
901,-1.5839999999999987e-06,-1.56,0.01
902,-1.5679999999999992e-06,-1.56,0.03
903,-1.551999999999998e-06,-1.56,0.01
904,-1.5359999999999985e-06,-1.48,0.01
905,-1.519999999999999e-06,-1.56,0.01
906,-1.5039999999999978e-06,-1.56,0.01
907,-1.4879999999999983e-06,-1.48,0.01
908,-1.4719999999999988e-06,-1.48,0.01
909,-1.4559999999999976e-06,-1.48,0.01
910,-1.439999999999998e-06,-1.48,-0.01
911,-1.4239999999999986e-06,-1.48,0.01
912,-1.407999999999999e-06,-1.4000000000000001,-0.01
913,-1.3919999999999979e-06,-1.4000000000000001,-0.01
914,-1.3759999999999983e-06,-1.4000000000000001,0.01
915,-1.3599999999999988e-06,-1.4000000000000001,-0.01
916,-1.3439999999999976e-06,-1.32,-0.01
917,-1.3279999999999981e-06,-1.32,-0.01
918,-1.3119999999999986e-06,-1.32,-0.01
919,-1.2959999999999991e-06,-1.32,-0.01
920,-1.279999999999998e-06,-1.32,-0.01
921,-1.2639999999999984e-06,-1.32,-0.01
922,-1.2479999999999989e-06,-1.24,-0.03
923,-1.2319999999999977e-06,-1.16,-0.01
924,-1.2159999999999982e-06,-1.24,-0.01
925,-1.1999999999999987e-06,-1.24,-0.03
926,-1.1839999999999992e-06,-1.24,-0.01
927,-1.167999999999998e-06,-1.16,-0.01
928,-1.1519999999999985e-06,-1.24,-0.03
929,-1.135999999999999e-06,-1.16,-0.03
930,-1.1199999999999977e-06,-1.16,-0.03
931,-1.1039999999999982e-06,-1.08,-0.03
932,-1.0879999999999987e-06,-1.08,-0.03
933,-1.0719999999999975e-06,-1.08,-0.03
934,-1.055999999999998e-06,-1.0,-0.03
935,-1.0399999999999985e-06,-1.08,-0.03
936,-1.023999999999999e-06,-1.0,-0.03
937,-1.0079999999999978e-06,-1.0,-0.03
938,-9.919999999999983e-07,-1.0,-0.03
939,-9.759999999999988e-07,-1.0,-0.03
940,-9.599999999999976e-07,-1.0,-0.03
941,-9.439999999999981e-07,-0.92,-0.05
942,-9.279999999999986e-07,-0.92,-0.05
943,-9.119999999999991e-07,-0.92,-0.03
944,-8.959999999999979e-07,-0.92,-0.05
945,-8.799999999999984e-07,-0.92,-0.05
946,-8.639999999999988e-07,-0.84,-0.05
947,-8.479999999999976e-07,-0.84,-0.03
948,-8.319999999999981e-07,-0.84,-0.05
949,-8.159999999999986e-07,-0.84,-0.05
950,-7.999999999999991e-07,-0.84,-0.05
951,-7.839999999999979e-07,-0.84,-0.05
952,-7.679999999999984e-07,-0.84,-0.05
953,-7.519999999999989e-07,-0.76,-0.05
954,-7.359999999999977e-07,-0.76,-0.05
955,-7.199999999999999e-07,-0.76,-0.05
956,-7.039999999999987e-07,-0.76,-0.05
957,-6.879999999999975e-07,-0.68,-0.05
958,-6.719999999999997e-07,-0.68,-0.05
959,-6.559999999999985e-07,-0.68,-0.05
960,-6.399999999999973e-07,-0.68,-0.05
961,-6.239999999999994e-07,-0.68,-0.05
962,-6.079999999999982e-07,-0.68,-0.05
963,-5.91999999999997e-07,-0.68,-0.05
964,-5.759999999999992e-07,-0.6,-0.05
965,-5.59999999999998e-07,-0.6,-0.05
966,-5.439999999999968e-07,-0.6,-0.05
967,-5.27999999999999e-07,-0.6,-0.07
968,-5.119999999999978e-07,-0.52,-0.05
969,-4.96e-07,-0.52,-0.05
970,-4.799999999999988e-07,-0.52,-0.07
971,-4.639999999999976e-07,-0.44,-0.05
972,-4.479999999999998e-07,-0.52,-0.07
973,-4.319999999999986e-07,-0.44,-0.05
974,-4.1599999999999737e-07,-0.44,-0.07
975,-3.9999999999999956e-07,-0.44,-0.05
976,-3.8399999999999836e-07,-0.44,-0.05
977,-3.6799999999999715e-07,-0.44,-0.05
978,-3.5199999999999934e-07,-0.36,-0.05
979,-3.3599999999999814e-07,-0.36,-0.07
980,-3.1999999999999694e-07,-0.36,-0.05
981,-3.039999999999991e-07,-0.36,-0.05
982,-2.879999999999979e-07,-0.28,-0.05
983,-2.719999999999967e-07,-0.28,-0.07
984,-2.559999999999989e-07,-0.28,-0.07
985,-2.399999999999977e-07,-0.2,-0.05
986,-2.239999999999999e-07,-0.2,-0.07
987,-2.0799999999999869e-07,-0.28,-0.07
988,-1.9199999999999748e-07,-0.2,-0.05
989,-1.7599999999999967e-07,-0.2,-0.07
990,-1.5999999999999847e-07,-0.2,-0.05
991,-1.4399999999999727e-07,-0.12,-0.05
992,-1.2799999999999945e-07,-0.12,-0.05
993,-1.1199999999999825e-07,-0.12,-0.07
994,-9.599999999999705e-08,-0.12,-0.05
995,-7.999999999999923e-08,-0.12,-0.05
996,-6.399999999999803e-08,-0.04,-0.05
997,-4.799999999999683e-08,-0.12,-0.07
998,-3.1999999999999016e-08,-0.04,-0.05
999,-1.5999999999997814e-08,-0.04,-0.07
1000,3.3881317890172014e-21,-0.04,-0.05
1001,1.6000000000001202e-08,-0.04,-0.05
1002,3.2000000000002404e-08,0.04,-0.07
1003,4.800000000000022e-08,0.04,-0.05
1004,6.400000000000142e-08,0.04,-0.05
1005,8.000000000000262e-08,0.04,-0.05
1006,9.600000000000044e-08,0.04,-0.07
1007,1.1200000000000164e-07,0.04,-0.05
1008,1.2800000000000284e-07,0.12,-0.05
1009,1.4400000000000065e-07,0.12,-0.05
1010,1.6000000000000186e-07,0.12,-0.07
1011,1.7600000000000306e-07,0.12,-0.05
1012,1.9200000000000087e-07,0.2,-0.05
1013,2.0800000000000207e-07,0.2,-0.05
1014,2.2400000000000328e-07,0.2,-0.05
1015,2.400000000000011e-07,0.2,-0.05
1016,2.560000000000023e-07,0.2,-0.05
1017,2.720000000000001e-07,0.28,-0.05
1018,2.880000000000013e-07,0.28,-0.05
1019,3.040000000000025e-07,0.36,-0.05
1020,3.200000000000003e-07,0.28,-0.05
1021,3.360000000000015e-07,0.28,-0.05
1022,3.5200000000000273e-07,0.36,-0.05
1023,3.6800000000000054e-07,0.36,-0.05
1024,3.8400000000000174e-07,0.44,-0.05
1025,4.0000000000000295e-07,0.36,-0.05
1026,4.1600000000000076e-07,0.36,-0.05
1027,4.3200000000000196e-07,0.44,-0.05
1028,4.4800000000000316e-07,0.36,-0.05
1029,4.64000000000001e-07,0.44,-0.03
1030,4.800000000000022e-07,0.44,-0.05
1031,4.960000000000034e-07,0.44,-0.05
1032,5.120000000000012e-07,0.44,-0.03
1033,5.280000000000024e-07,0.44,-0.05
1034,5.440000000000002e-07,0.52,-0.05
1035,5.600000000000014e-07,0.52,-0.03
1036,5.760000000000026e-07,0.52,-0.03
1037,5.920000000000004e-07,0.6,-0.03
1038,6.080000000000016e-07,0.6,-0.03
1039,6.240000000000028e-07,0.6,-0.03
1040,6.400000000000006e-07,0.6,-0.03
1041,6.560000000000019e-07,0.6,-0.03
1042,6.72000000000003e-07,0.6,-0.03
1043,6.880000000000009e-07,0.68,-0.03
1044,7.040000000000021e-07,0.68,-0.03
1045,7.200000000000033e-07,0.68,-0.03
1046,7.360000000000011e-07,0.68,-0.03
1047,7.520000000000023e-07,0.68,-0.03
1048,7.680000000000001e-07,0.76,-0.03
1049,7.840000000000013e-07,0.76,-0.03
1050,8.000000000000025e-07,0.84,-0.01
1051,8.160000000000003e-07,0.84,-0.01
1052,8.320000000000015e-07,0.76,-0.03
1053,8.480000000000027e-07,0.84,-0.01
1054,8.640000000000005e-07,0.84,-0.03
1055,8.800000000000017e-07,0.84,-0.03
1056,8.960000000000029e-07,0.84,-0.01
1057,9.120000000000008e-07,0.84,-0.01
1058,9.28000000000002e-07,0.92,-0.01
1059,9.440000000000032e-07,0.92,0.01
1060,9.60000000000001e-07,0.92,-0.01
1061,9.760000000000022e-07,1.0,-0.01
1062,9.920000000000034e-07,0.92,-0.01
1063,1.0080000000000012e-06,0.92,-0.01
1064,1.0240000000000024e-06,1.0,-0.01
1065,1.0400000000000002e-06,1.0,0.01
1066,1.0560000000000014e-06,1.08,-0.01
1067,1.0720000000000026e-06,1.0,-0.01
1068,1.0880000000000004e-06,1.08,0.01
1069,1.1040000000000016e-06,1.08,0.01
1070,1.1200000000000028e-06,1.08,0.01
1071,1.1360000000000006e-06,1.08,-0.01
1072,1.1520000000000018e-06,1.08,0.01
1073,1.168000000000003e-06,1.08,0.01
1074,1.1840000000000009e-06,1.16,0.01
1075,1.200000000000002e-06,1.24,0.01
1076,1.2160000000000033e-06,1.16,0.01
1077,1.232000000000001e-06,1.16,0.01
1078,1.2480000000000023e-06,1.16,0.01
1079,1.2640000000000035e-06,1.24,0.01
1080,1.2800000000000013e-06,1.24,0.01
1081,1.2960000000000025e-06,1.32,0.01
1082,1.3120000000000003e-06,1.24,0.03
1083,1.3280000000000015e-06,1.24,0.03
1084,1.3440000000000027e-06,1.32,0.03
1085,1.3600000000000005e-06,1.32,0.03
1086,1.3760000000000017e-06,1.32,0.03
1087,1.392000000000003e-06,1.4000000000000001,0.03
1088,1.4080000000000007e-06,1.4000000000000001,0.03
1089,1.424000000000002e-06,1.4000000000000001,0.03
1090,1.4400000000000032e-06,1.4000000000000001,0.03
1091,1.456000000000001e-06,1.4000000000000001,0.05
1092,1.4720000000000022e-06,1.4000000000000001,0.03
1093,1.4880000000000034e-06,1.48,0.03
1094,1.5040000000000012e-06,1.48,0.05
1095,1.5200000000000024e-06,1.48,0.03
1096,1.5360000000000002e-06,1.48,0.05
1097,1.5520000000000014e-06,1.56,0.05
1098,1.5680000000000026e-06,1.48,0.05
1099,1.5840000000000004e-06,1.56,0.05
1100,1.6000000000000016e-06,1.56,0.05
1101,1.6160000000000028e-06,1.56,0.05
1102,1.6320000000000006e-06,1.56,0.07
1103,1.6480000000000018e-06,1.56,0.05
1104,1.664000000000003e-06,1.6400000000000001,0.07
1105,1.6800000000000009e-06,1.6400000000000001,0.07
1106,1.696000000000002e-06,1.72,0.05
1107,1.7120000000000033e-06,1.6400000000000001,0.07
1108,1.728000000000001e-06,1.6400000000000001,0.07
1109,1.7440000000000023e-06,1.6400000000000001,0.07
1110,1.7600000000000035e-06,1.72,0.09
1111,1.7760000000000013e-06,1.72,0.07
1112,1.7920000000000025e-06,1.72,0.07
1113,1.8080000000000003e-06,1.8,0.09
1114,1.8240000000000015e-06,1.8,0.09
1115,1.8400000000000027e-06,1.8,0.07
1116,1.8560000000000005e-06,1.8,0.07
1117,1.8720000000000017e-06,1.8,0.09
1118,1.888000000000003e-06,1.8,0.09
1119,1.9040000000000007e-06,1.8800000000000001,0.09
1120,1.920000000000002e-06,1.8800000000000001,0.09
1121,1.936000000000003e-06,1.8800000000000001,0.09
1122,1.952000000000001e-06,1.8800000000000001,0.11
1123,1.968000000000002e-06,1.8800000000000001,0.11
1124,1.9840000000000034e-06,1.96,0.11
1125,2.000000000000001e-06,1.96,0.11
1126,2.0160000000000024e-06,1.96,0.11
1127,2.032e-06,1.96,0.11
1128,2.0480000000000014e-06,1.96,0.11
1129,2.0640000000000026e-06,1.96,0.11
1130,2.0800000000000004e-06,1.96,0.11
1131,2.0960000000000016e-06,2.04,0.11
1132,2.112000000000003e-06,2.04,0.13
1133,2.1280000000000006e-06,2.04,0.13
1134,2.144000000000002e-06,2.04,0.11
1135,2.160000000000003e-06,2.12,0.13
1136,2.176000000000001e-06,2.12,0.11
1137,2.192000000000002e-06,2.12,0.13
1138,2.2080000000000033e-06,2.12,0.13
1139,2.224000000000001e-06,2.2,0.13
1140,2.2400000000000023e-06,2.2,0.13
1141,2.2560000000000035e-06,2.2,0.13
1142,2.2720000000000013e-06,2.2,0.15
1143,2.2880000000000025e-06,2.2,0.15
1144,2.3040000000000003e-06,2.2800000000000002,0.15
1145,2.3200000000000015e-06,2.2800000000000002,0.15
1146,2.3360000000000027e-06,2.2800000000000002,0.15
1147,2.3520000000000005e-06,2.2800000000000002,0.15
1148,2.3680000000000017e-06,2.2800000000000002,0.15
1149,2.384000000000003e-06,2.36,0.17
1150,2.4000000000000007e-06,2.36,0.15
1151,2.416000000000002e-06,2.36,0.15
1152,2.432000000000003e-06,2.44,0.17
1153,2.448000000000001e-06,2.36,0.17
1154,2.464000000000002e-06,2.44,0.19
1155,2.4800000000000034e-06,2.44,0.17
1156,2.496000000000001e-06,2.44,0.17
1157,2.5120000000000024e-06,2.44,0.19
1158,2.528e-06,2.44,0.19
1159,2.5440000000000014e-06,2.52,0.19
1160,2.5600000000000026e-06,-1.08,0.15
1161,2.5760000000000004e-06,-2.52,0.09
1162,2.5920000000000016e-06,-2.2800000000000002,0.09
1163,2.608000000000003e-06,-2.36,0.17
1164,2.6240000000000006e-06,-2.44,0.19
1165,2.640000000000002e-06,-2.2800000000000002,0.13
1166,2.656000000000003e-06,-2.36,0.13
1167,2.672000000000001e-06,-2.36,0.13
1168,2.688000000000002e-06,-2.2800000000000002,0.13
1169,2.7040000000000032e-06,-2.2800000000000002,0.13
1170,2.720000000000001e-06,-2.2800000000000002,0.13
1171,2.7360000000000023e-06,-2.2,0.13
1172,2.7520000000000035e-06,-2.2800000000000002,0.13
1173,2.7680000000000013e-06,-2.2,0.11
1174,2.7840000000000025e-06,-2.2,0.11
1175,2.8000000000000003e-06,-2.2,0.09
1176,2.8160000000000015e-06,-2.12,0.11
1177,2.8320000000000027e-06,-2.2,0.11
1178,2.8480000000000005e-06,-2.2,0.09
1179,2.8640000000000017e-06,-2.12,0.09
1180,2.880000000000003e-06,-2.12,0.09
1181,2.8960000000000007e-06,-2.12,0.09
1182,2.912000000000002e-06,-2.12,0.09
1183,2.928000000000003e-06,-2.12,0.09
1184,2.944000000000001e-06,-2.04,0.09
1185,2.960000000000002e-06,-2.04,0.09
1186,2.9760000000000034e-06,-2.04,0.09
1187,2.992000000000001e-06,-2.04,0.07
1188,3.0080000000000024e-06,-2.04,0.07
1189,3.0240000000000036e-06,-1.96,0.07
1190,3.0400000000000014e-06,-1.96,0.07
1191,3.0560000000000026e-06,-1.96,0.07
1192,3.0720000000000004e-06,-1.96,0.07
1193,3.0880000000000016e-06,-1.96,0.07
1194,3.104000000000003e-06,-1.96,0.07
1195,3.1200000000000006e-06,-1.8800000000000001,0.07
1196,3.136000000000002e-06,-1.8,0.05
1197,3.152000000000003e-06,-1.8,0.05
1198,3.168000000000001e-06,-1.8,0.05
1199,3.184000000000002e-06,-1.8,0.05
1200,3.2000000000000032e-06,-1.8,0.05
1201,3.216000000000001e-06,-1.8,0.03
1202,3.2320000000000023e-06,-1.72,0.05
1203,3.2480000000000035e-06,-1.8,0.05
1204,3.2640000000000013e-06,-1.72,0.05
1205,3.2800000000000025e-06,-1.72,0.03
1206,3.2960000000000003e-06,-1.72,0.03
1207,3.3120000000000015e-06,-1.72,0.03
1208,3.3280000000000027e-06,-1.6400000000000001,0.03
1209,3.3440000000000005e-06,-1.6400000000000001,0.03
1210,3.3600000000000017e-06,-1.6400000000000001,0.03
1211,3.376000000000003e-06,-1.6400000000000001,0.03
1212,3.3920000000000007e-06,-1.56,0.01
1213,3.408000000000002e-06,-1.56,0.03
1214,3.424000000000003e-06,-1.56,0.01
1215,3.440000000000001e-06,-1.56,0.01
1216,3.456000000000002e-06,-1.56,0.01
1217,3.4720000000000033e-06,-1.56,0.01
1218,3.488000000000001e-06,-1.56,0.01
1219,3.5040000000000024e-06,-1.48,0.01
1220,3.5200000000000036e-06,-1.48,0.01
1221,3.5360000000000014e-06,-1.48,-0.01
1222,3.5520000000000026e-06,-1.48,0.01
1223,3.5680000000000004e-06,-1.48,-0.01
1224,3.5840000000000016e-06,-1.4000000000000001,0.01
1225,3.600000000000003e-06,-1.32,0.01
1226,3.6160000000000006e-06,-1.4000000000000001,0.01
1227,3.632000000000002e-06,-1.4000000000000001,-0.01
1228,3.648000000000003e-06,-1.32,0.01
1229,3.664000000000001e-06,-1.32,-0.01
1230,3.680000000000002e-06,-1.32,-0.01
1231,3.6960000000000032e-06,-1.32,-0.03
1232,3.712000000000001e-06,-1.32,-0.01
1233,3.7280000000000023e-06,-1.32,-0.03
1234,3.7440000000000035e-06,-1.24,-0.01
1235,3.7600000000000013e-06,-1.24,-0.01
1236,3.7760000000000025e-06,-1.16,-0.01
1237,3.7920000000000003e-06,-1.16,-0.01
1238,3.8080000000000015e-06,-1.24,-0.03
1239,3.824000000000003e-06,-1.16,-0.03
1240,3.8400000000000005e-06,-1.16,-0.01
1241,3.856000000000002e-06,-1.08,-0.03
1242,3.872000000000003e-06,-1.16,-0.03
1243,3.888000000000001e-06,-1.08,-0.01
1244,3.904000000000002e-06,-1.16,-0.03
1245,3.920000000000003e-06,-1.08,-0.03
1246,3.936000000000001e-06,-1.08,-0.03
1247,3.952000000000002e-06,-1.08,-0.03
1248,3.968000000000003e-06,-1.08,-0.03
1249,3.984000000000001e-06,-1.0,-0.03
1250,4.000000000000002e-06,-1.0,-0.05
1251,4.0160000000000036e-06,-1.0,-0.03
1252,4.032000000000001e-06,-1.0,-0.03
1253,4.048000000000003e-06,-1.0,-0.03
1254,4.064e-06,-0.92,-0.03
1255,4.080000000000002e-06,-0.92,-0.03
1256,4.096000000000003e-06,-0.92,-0.05
1257,4.112000000000001e-06,-0.92,-0.05
1258,4.128000000000002e-06,-0.92,-0.03
1259,4.144000000000003e-06,-0.92,-0.05
1260,4.160000000000001e-06,-0.92,-0.05
1261,4.176000000000002e-06,-0.84,-0.05
1262,4.192000000000003e-06,-0.84,-0.05
1263,4.208000000000001e-06,-0.84,-0.05
1264,4.224000000000002e-06,-0.84,-0.05
1265,4.2400000000000035e-06,-0.76,-0.05
1266,4.256000000000001e-06,-0.76,-0.05
1267,4.2720000000000025e-06,-0.76,-0.05
1268,4.288000000000004e-06,-0.76,-0.05
1269,4.3040000000000015e-06,-0.76,-0.05
1270,4.320000000000003e-06,-0.76,-0.05
1271,4.3360000000000005e-06,-0.68,-0.05
1272,4.352000000000002e-06,-0.68,-0.05
1273,4.368000000000003e-06,-0.68,-0.05
1274,4.384000000000001e-06,-0.68,-0.05
1275,4.400000000000002e-06,-0.68,-0.05
1276,4.416000000000003e-06,-0.6,-0.07
1277,4.432000000000001e-06,-0.6,-0.05
1278,4.448000000000002e-06,-0.6,-0.07
1279,4.464000000000003e-06,-0.6,-0.05
1280,4.480000000000001e-06,-0.6,-0.05
1281,4.496000000000002e-06,-0.52,-0.07
1282,4.5120000000000036e-06,-0.52,-0.05
1283,4.528000000000001e-06,-0.52,-0.07
1284,4.5440000000000026e-06,-0.52,-0.05
1285,4.56e-06,-0.52,-0.05
1286,4.576000000000002e-06,-0.44,-0.07
1287,4.592000000000003e-06,-0.44,-0.05
1288,4.608000000000001e-06,-0.44,-0.05
1289,4.624000000000002e-06,-0.44,-0.05
1290,4.640000000000003e-06,-0.36,-0.05
1291,4.656000000000001e-06,-0.36,-0.05
1292,4.672000000000002e-06,-0.36,-0.05
1293,4.688000000000003e-06,-0.36,-0.05
1294,4.704000000000001e-06,-0.28,-0.05
1295,4.720000000000002e-06,-0.36,-0.05
1296,4.7360000000000034e-06,-0.28,-0.07
1297,4.752000000000001e-06,-0.28,-0.05
1298,4.7680000000000025e-06,-0.28,-0.05
1299,4.784000000000004e-06,-0.2,-0.05
1300,4.8000000000000015e-06,-0.2,-0.07
1301,4.816000000000003e-06,-0.2,-0.05
1302,4.8320000000000005e-06,-0.2,-0.05
1303,4.848000000000002e-06,-0.2,-0.05
1304,4.864000000000003e-06,-0.2,-0.05
1305,4.880000000000001e-06,-0.2,-0.07
1306,4.896000000000002e-06,-0.12,-0.05
1307,4.912000000000003e-06,-0.12,-0.07
1308,4.928000000000001e-06,-0.12,-0.07
1309,4.944000000000002e-06,-0.12,-0.05
1310,4.960000000000003e-06,-0.04,-0.07
1311,4.976000000000001e-06,-0.04,-0.07
1312,4.992000000000002e-06,-0.04,-0.05
1313,5.0080000000000036e-06,0.04,-0.07
1314,5.024000000000001e-06,-0.04,-0.07
1315,5.0400000000000026e-06,0.04,-0.05
1316,5.056e-06,0.04,-0.05
1317,5.072000000000002e-06,0.04,-0.07
1318,5.088000000000003e-06,0.04,-0.05
1319,5.104000000000001e-06,0.04,-0.05
1320,5.120000000000002e-06,0.12,-0.07
1321,5.136000000000003e-06,0.12,-0.07
1322,5.152000000000001e-06,0.12,-0.05
1323,5.168000000000002e-06,0.2,-0.05
1324,5.184000000000003e-06,0.2,-0.05
1325,5.200000000000001e-06,0.2,-0.05
1326,5.216000000000002e-06,0.2,-0.05
1327,5.2320000000000034e-06,0.2,-0.07
1328,5.248000000000001e-06,0.2,-0.05
1329,5.2640000000000025e-06,0.2,-0.05
1330,5.280000000000004e-06,0.28,-0.05
1331,5.2960000000000015e-06,0.28,-0.05
1332,5.312000000000003e-06,0.28,-0.05
1333,5.3280000000000005e-06,0.28,-0.05
1334,5.344000000000002e-06,0.28,-0.05
1335,5.360000000000003e-06,0.28,-0.05
1336,5.376000000000001e-06,0.36,-0.05
1337,5.392000000000002e-06,0.36,-0.05
1338,5.408000000000003e-06,0.36,-0.05
1339,5.424000000000001e-06,0.36,-0.05
1340,5.440000000000002e-06,0.44,-0.05
1341,5.456000000000003e-06,0.44,-0.03
1342,5.472000000000001e-06,0.44,-0.03
1343,5.488000000000002e-06,0.44,-0.03
1344,5.5040000000000035e-06,0.52,-0.03
1345,5.520000000000001e-06,0.44,-0.03
1346,5.5360000000000026e-06,0.52,-0.05
1347,5.552e-06,0.52,-0.03
1348,5.568000000000002e-06,0.52,-0.03
1349,5.584000000000003e-06,0.52,-0.03
1350,5.600000000000001e-06,0.52,-0.03
1351,5.616000000000002e-06,0.6,-0.03
1352,5.632000000000003e-06,0.6,-0.03
1353,5.648000000000001e-06,0.6,-0.03
1354,5.664000000000002e-06,0.6,-0.03
1355,5.680000000000003e-06,0.68,-0.03
1356,5.696000000000001e-06,0.68,-0.03
1357,5.712000000000002e-06,0.68,-0.03
1358,5.7280000000000034e-06,0.68,-0.03
1359,5.744000000000001e-06,0.68,-0.03
1360,5.7600000000000024e-06,0.68,-0.03
1361,5.776000000000004e-06,0.68,-0.03
1362,5.7920000000000015e-06,0.76,-0.03
1363,5.808000000000003e-06,0.76,-0.03
1364,5.8240000000000005e-06,0.76,-0.01
1365,5.840000000000002e-06,0.84,-0.01
1366,5.856000000000003e-06,0.84,-0.01
1367,5.872000000000001e-06,0.84,-0.01
1368,5.888000000000002e-06,0.84,-0.01
1369,5.904000000000003e-06,0.84,-0.01
1370,5.920000000000001e-06,0.92,-0.01
1371,5.936000000000002e-06,0.92,-0.03
1372,5.952000000000003e-06,1.0,-0.01
1373,5.968000000000001e-06,0.92,-0.01
1374,5.984000000000002e-06,0.92,-0.01
1375,6.0000000000000035e-06,1.0,-0.01
1376,6.016000000000001e-06,1.0,0.01
1377,6.0320000000000026e-06,1.0,-0.01
1378,6.048000000000004e-06,1.0,-0.01
1379,6.0640000000000016e-06,1.0,0.01
1380,6.080000000000003e-06,1.0,0.01
1381,6.096000000000001e-06,1.08,-0.01
1382,6.112000000000002e-06,1.08,0.01
1383,6.128000000000003e-06,1.08,0.01
1384,6.144000000000001e-06,1.08,0.01
1385,6.160000000000002e-06,1.08,0.01
1386,6.176000000000003e-06,1.24,0.01
1387,6.192000000000001e-06,1.16,0.01
1388,6.208000000000002e-06,1.16,0.01
1389,6.2240000000000034e-06,1.16,0.03
1390,6.240000000000001e-06,1.24,0.01
1391,6.2560000000000024e-06,1.24,0.03
1392,6.272000000000004e-06,1.32,0.03
1393,6.2880000000000015e-06,1.24,0.01
1394,6.304000000000003e-06,1.24,0.03
1395,6.3200000000000005e-06,1.32,0.01
1396,6.336000000000002e-06,1.32,0.03
1397,6.352000000000003e-06,1.32,0.03
1398,6.368000000000001e-06,1.32,0.03
1399,6.384000000000002e-06,1.32,0.03
1400,6.400000000000003e-06,1.32,0.03
1401,6.416000000000001e-06,1.4000000000000001,0.03
1402,6.432000000000002e-06,1.4000000000000001,0.03
1403,6.448000000000003e-06,1.4000000000000001,0.03
1404,6.464000000000001e-06,1.4000000000000001,0.03
1405,6.480000000000002e-06,1.4000000000000001,0.05
1406,6.4960000000000035e-06,1.4000000000000001,0.05
1407,6.512000000000001e-06,1.48,0.05
1408,6.5280000000000026e-06,1.48,0.03
1409,6.544000000000004e-06,1.48,0.05
1410,6.5600000000000016e-06,1.48,0.05
1411,6.576000000000003e-06,1.48,0.07
1412,6.592000000000001e-06,1.56,0.05
1413,6.608000000000002e-06,1.56,0.05
1414,6.624000000000003e-06,1.56,0.05
1415,6.640000000000001e-06,1.6400000000000001,0.05
1416,6.656000000000002e-06,1.6400000000000001,0.07
1417,6.672000000000003e-06,1.6400000000000001,0.05
1418,6.688000000000001e-06,1.6400000000000001,0.07
1419,6.704000000000002e-06,1.6400000000000001,0.07
1420,6.720000000000003e-06,1.6400000000000001,0.07
1421,6.736000000000001e-06,1.6400000000000001,0.07
1422,6.7520000000000024e-06,1.72,0.07
1423,6.768000000000004e-06,1.8,0.07
1424,6.7840000000000015e-06,1.72,0.09
1425,6.800000000000003e-06,1.72,0.09
1426,6.8160000000000005e-06,1.8,0.07
1427,6.832000000000002e-06,1.8,0.09
1428,6.848000000000003e-06,1.8,0.09
1429,6.864000000000001e-06,1.8,0.09
1430,6.880000000000002e-06,1.8,0.09
1431,6.896000000000003e-06,1.8,0.09
1432,6.912000000000001e-06,1.8800000000000001,0.09
1433,6.928000000000002e-06,1.8800000000000001,0.09
1434,6.944000000000003e-06,1.8800000000000001,0.09
1435,6.960000000000001e-06,1.8800000000000001,0.09
1436,6.976000000000002e-06,1.8800000000000001,0.11
1437,6.9920000000000035e-06,1.96,0.11
1438,7.008000000000001e-06,1.96,0.09
1439,7.0240000000000025e-06,1.96,0.11
1440,7.040000000000004e-06,1.96,0.11
1441,7.0560000000000016e-06,1.96,0.13
1442,7.072000000000003e-06,1.96,0.11
1443,7.088000000000001e-06,2.04,0.11
1444,7.104000000000002e-06,2.04,0.13
1445,7.120000000000003e-06,2.04,0.13
1446,7.136000000000001e-06,2.04,0.13
1447,7.152000000000002e-06,2.12,0.11
1448,7.168000000000003e-06,2.12,0.11
1449,7.184000000000001e-06,2.12,0.13
1450,7.200000000000002e-06,2.12,0.13
1451,7.216000000000003e-06,2.2,0.13
1452,7.232000000000001e-06,2.2,0.13
1453,7.2480000000000024e-06,2.2,0.15
1454,7.264000000000004e-06,2.2,0.15
1455,7.2800000000000014e-06,2.2,0.15
1456,7.296000000000003e-06,2.2,0.15
1457,7.312000000000004e-06,2.2800000000000002,0.15
1458,7.328000000000002e-06,2.2800000000000002,0.15
1459,7.344000000000003e-06,2.2800000000000002,0.15
1460,7.360000000000001e-06,2.2800000000000002,0.17
1461,7.376000000000002e-06,2.36,0.17
1462,7.392000000000003e-06,2.36,0.17
1463,7.408000000000001e-06,2.36,0.17
1464,7.424000000000002e-06,2.36,0.17
1465,7.440000000000003e-06,2.36,0.17
1466,7.456000000000001e-06,2.36,0.17
1467,7.472000000000002e-06,2.44,0.17
1468,7.4880000000000035e-06,2.44,0.17
1469,7.504000000000001e-06,2.44,0.19
1470,7.5200000000000025e-06,2.44,0.17
1471,7.536000000000004e-06,2.44,0.19
1472,7.5520000000000016e-06,0.84,0.19
1473,7.568000000000003e-06,-1.6400000000000001,0.19
1474,7.5840000000000006e-06,-2.12,0.23
1475,7.600000000000002e-06,-2.52,0.13
1476,7.616000000000003e-06,-2.2800000000000002,0.11
1477,7.632e-06,-2.36,0.11
1478,7.648000000000002e-06,-2.44,0.15
1479,7.664000000000003e-06,-2.2800000000000002,0.15
1480,7.680000000000001e-06,-2.36,0.11
1481,7.696000000000002e-06,-2.2800000000000002,0.11
1482,7.712000000000003e-06,-2.2,0.13
1483,7.728000000000001e-06,-2.2800000000000002,0.13
1484,7.744000000000002e-06,-2.2800000000000002,0.13
1485,7.760000000000004e-06,-2.2800000000000002,0.13
1486,7.776000000000001e-06,-2.2800000000000002,0.11
1487,7.792000000000003e-06,-2.2,0.11
1488,7.808000000000004e-06,-2.2,0.11
1489,7.824000000000002e-06,-2.2,0.11
1490,7.840000000000003e-06,-2.2,0.09
1491,7.856e-06,-2.2,0.11
1492,7.872000000000002e-06,-2.12,0.09
1493,7.888000000000003e-06,-2.12,0.11
1494,7.904000000000001e-06,-2.04,0.09
1495,7.920000000000002e-06,-2.12,0.09
1496,7.936000000000003e-06,-2.12,0.09
1497,7.952000000000001e-06,-2.04,0.09
1498,7.968000000000002e-06,-1.96,0.09
1499,7.984000000000004e-06,-1.96,0.07
1500,8.000000000000001e-06,-2.04,0.07
1501,8.016000000000003e-06,-1.96,0.09
1502,8.032000000000004e-06,-1.96,0.07
1503,8.048000000000002e-06,-1.96,0.07
1504,8.064000000000003e-06,-1.96,0.07
1505,8.08e-06,-1.96,0.05
1506,8.096000000000002e-06,-1.96,0.07
1507,8.112000000000003e-06,-1.8,0.05
1508,8.128e-06,-1.8800000000000001,0.07
1509,8.144000000000002e-06,-1.8800000000000001,0.05
1510,8.160000000000003e-06,-1.8800000000000001,0.05
1511,8.176000000000001e-06,-1.8800000000000001,0.05
1512,8.192000000000002e-06,-1.8,0.05
1513,8.208000000000003e-06,-1.72,0.05
1514,8.224000000000001e-06,-1.72,0.05
1515,8.240000000000002e-06,-1.72,0.05
1516,8.256000000000004e-06,-1.72,0.03
1517,8.272000000000001e-06,-1.72,0.05
1518,8.288000000000003e-06,-1.72,0.03
1519,8.304000000000004e-06,-1.72,0.03
1520,8.320000000000002e-06,-1.72,0.03
1521,8.336000000000003e-06,-1.72,0.03
1522,8.352e-06,-1.6400000000000001,0.03
1523,8.368000000000002e-06,-1.6400000000000001,0.03
1524,8.384000000000003e-06,-1.6400000000000001,0.03
1525,8.400000000000001e-06,-1.6400000000000001,0.01
1526,8.416000000000002e-06,-1.56,0.03
1527,8.432000000000003e-06,-1.56,0.03
1528,8.448000000000001e-06,-1.56,0.01
1529,8.464000000000002e-06,-1.56,0.01
1530,8.480000000000004e-06,-1.56,0.01
1531,8.496000000000001e-06,-1.48,0.01
1532,8.512000000000003e-06,-1.48,0.01
1533,8.528000000000004e-06,-1.48,0.01
1534,8.544000000000002e-06,-1.48,0.01
1535,8.560000000000003e-06,-1.48,-0.01
1536,8.576000000000004e-06,-1.4000000000000001,-0.01
1537,8.592000000000002e-06,-1.4000000000000001,-0.01
1538,8.608000000000003e-06,-1.4000000000000001,-0.01
1539,8.624e-06,-1.4000000000000001,-0.01
1540,8.640000000000002e-06,-1.4000000000000001,-0.01
1541,8.656000000000003e-06,-1.32,-0.01
1542,8.672000000000001e-06,-1.32,-0.01
1543,8.688000000000002e-06,-1.24,-0.01
1544,8.704000000000003e-06,-1.24,-0.01
1545,8.720000000000001e-06,-1.32,-0.01
1546,8.736000000000002e-06,-1.24,-0.01
1547,8.752000000000004e-06,-1.32,-0.03
1548,8.768000000000001e-06,-1.24,-0.01
1549,8.784000000000003e-06,-1.24,-0.03
1550,8.800000000000004e-06,-1.24,-0.03
1551,8.816000000000002e-06,-1.24,-0.01
1552,8.832000000000003e-06,-1.24,-0.01
1553,8.848e-06,-1.16,-0.03
1554,8.864000000000002e-06,-1.16,-0.03
1555,8.880000000000003e-06,-1.16,-0.03
1556,8.896000000000001e-06,-1.08,-0.03
1557,8.912000000000002e-06,-1.08,-0.03
1558,8.928000000000003e-06,-1.08,-0.03
1559,8.944000000000001e-06,-1.08,-0.03
1560,8.960000000000002e-06,-1.08,-0.03
1561,8.976000000000004e-06,-1.08,-0.03
1562,8.992000000000001e-06,-1.0,-0.03
1563,9.008000000000003e-06,-1.0,-0.03
1564,9.024000000000004e-06,-1.0,-0.03
1565,9.040000000000002e-06,-1.0,-0.03
1566,9.056000000000003e-06,-1.0,-0.03
1567,9.072000000000004e-06,-0.92,-0.03
1568,9.088000000000002e-06,-0.92,-0.05
1569,9.104000000000003e-06,-0.92,-0.03
1570,9.12e-06,-0.92,-0.05
1571,9.136000000000002e-06,-0.84,-0.05
1572,9.152000000000003e-06,-0.92,-0.03
1573,9.168000000000001e-06,-0.84,-0.05
1574,9.184000000000002e-06,-0.84,-0.05
1575,9.200000000000003e-06,-0.84,-0.05
1576,9.216000000000001e-06,-0.84,-0.03
1577,9.232000000000002e-06,-0.76,-0.05
1578,9.248000000000004e-06,-0.76,-0.05
1579,9.264000000000001e-06,-0.76,-0.05
1580,9.280000000000003e-06,-0.76,-0.05
1581,9.296000000000004e-06,-0.76,-0.05
1582,9.312000000000002e-06,-0.76,-0.05
1583,9.328000000000003e-06,-0.68,-0.05
1584,9.344e-06,-0.68,-0.05
1585,9.360000000000002e-06,-0.68,-0.05
1586,9.376000000000003e-06,-0.68,-0.05
1587,9.392000000000001e-06,-0.68,-0.05
1588,9.408000000000002e-06,-0.68,-0.05
1589,9.424000000000003e-06,-0.6,-0.05
1590,9.440000000000001e-06,-0.6,-0.07
1591,9.456000000000002e-06,-0.6,-0.05
1592,9.472000000000004e-06,-0.52,-0.05
1593,9.488000000000001e-06,-0.52,-0.07
1594,9.504000000000003e-06,-0.52,-0.05
1595,9.520000000000004e-06,-0.44,-0.07
1596,9.536000000000002e-06,-0.52,-0.07
1597,9.552000000000003e-06,-0.44,-0.05
1598,9.568000000000004e-06,-0.44,-0.05
1599,9.584000000000002e-06,-0.44,-0.07
1600,9.600000000000003e-06,-0.44,-0.05
1601,9.616e-06,-0.36,-0.05
1602,9.632000000000002e-06,-0.36,-0.07
1603,9.648000000000003e-06,-0.44,-0.05
1604,9.664000000000001e-06,-0.36,-0.07
1605,9.680000000000002e-06,-0.36,-0.05
1606,9.696000000000003e-06,-0.36,-0.07
1607,9.712000000000001e-06,-0.28,-0.07
1608,9.728000000000002e-06,-0.28,-0.07
1609,9.744000000000004e-06,-0.28,-0.05
1610,9.760000000000001e-06,-0.28,-0.07
1611,9.776000000000003e-06,-0.28,-0.07
1612,9.792000000000004e-06,-0.2,-0.07
1613,9.808000000000002e-06,-0.2,-0.07
1614,9.824000000000003e-06,-0.2,-0.05
1615,9.84e-06,-0.2,-0.07
1616,9.856000000000002e-06,-0.2,-0.07
1617,9.872000000000003e-06,-0.2,-0.05
1618,9.888000000000001e-06,-0.12,-0.05
1619,9.904000000000002e-06,-0.12,-0.05
1620,9.920000000000003e-06,-0.12,-0.05
1621,9.936000000000001e-06,-0.04,-0.05
1622,9.952000000000002e-06,-0.12,-0.07
1623,9.968000000000003e-06,-0.04,-0.05
1624,9.984000000000001e-06,-0.04,-0.07
1625,1.0000000000000003e-05,-0.04,-0.05
1626,1.0016000000000004e-05,0.04,-0.07
1627,1.0032000000000002e-05,0.04,-0.07
1628,1.0048000000000003e-05,0.04,-0.05
1629,1.0064000000000004e-05,0.04,-0.05
1630,1.0080000000000002e-05,0.04,-0.05
1631,1.0096000000000003e-05,0.04,-0.05
1632,1.0112e-05,0.12,-0.07
1633,1.0128000000000002e-05,0.12,-0.05
1634,1.0144000000000003e-05,0.12,-0.07
1635,1.0160000000000001e-05,0.12,-0.05
1636,1.0176000000000002e-05,0.2,-0.05
1637,1.0192000000000003e-05,0.2,-0.07
1638,1.0208000000000001e-05,0.2,-0.05
1639,1.0224000000000002e-05,0.2,-0.05
1640,1.0240000000000004e-05,0.2,-0.05
1641,1.0256000000000001e-05,0.2,-0.05
1642,1.0272000000000003e-05,0.28,-0.05
1643,1.0288000000000004e-05,0.28,-0.07
1644,1.0304000000000002e-05,0.28,-0.05
1645,1.0320000000000003e-05,0.28,-0.05
1646,1.0336000000000004e-05,0.36,-0.05
1647,1.0352000000000002e-05,0.28,-0.05
1648,1.0368000000000003e-05,0.36,-0.05
1649,1.0384000000000001e-05,0.44,-0.05
1650,1.0400000000000002e-05,0.36,-0.05
1651,1.0416000000000003e-05,0.36,-0.05
1652,1.0432000000000001e-05,0.36,-0.03
1653,1.0448000000000002e-05,0.44,-0.05
1654,1.0464000000000003e-05,0.44,-0.03
1655,1.0480000000000001e-05,0.44,-0.05
1656,1.0496000000000003e-05,0.52,-0.05
1657,1.0512000000000004e-05,0.44,-0.05
1658,1.0528000000000002e-05,0.52,-0.03
1659,1.0544000000000003e-05,0.52,-0.05
1660,1.0560000000000004e-05,0.6,-0.05
1661,1.0576000000000002e-05,0.52,-0.03
1662,1.0592000000000003e-05,0.52,-0.03
1663,1.0608e-05,0.6,-0.03
1664,1.0624000000000002e-05,0.6,-0.05
1665,1.0640000000000003e-05,0.6,-0.03
1666,1.0656000000000001e-05,0.6,-0.03
1667,1.0672000000000002e-05,0.6,-0.03
1668,1.0688000000000003e-05,0.68,-0.03
1669,1.0704000000000001e-05,0.68,-0.03
1670,1.0720000000000002e-05,0.76,-0.03
1671,1.0736000000000004e-05,0.76,-0.03
1672,1.0752000000000001e-05,0.76,-0.01
1673,1.0768000000000003e-05,0.76,-0.03
1674,1.0784000000000004e-05,0.76,-0.01
1675,1.0800000000000002e-05,0.84,-0.01
1676,1.0816000000000003e-05,0.76,-0.03
1677,1.0832000000000004e-05,0.76,-0.03
1678,1.0848000000000002e-05,0.76,-0.01
1679,1.0864000000000003e-05,0.84,-0.01
1680,1.0880000000000001e-05,0.84,-0.01
1681,1.0896000000000002e-05,0.84,-0.01
1682,1.0912000000000003e-05,0.84,-0.03
1683,1.0928000000000001e-05,0.92,-0.01
1684,1.0944000000000002e-05,0.92,-0.01
1685,1.0960000000000003e-05,0.92,-0.01
1686,1.0976000000000001e-05,0.92,-0.01
1687,1.0992000000000003e-05,1.0,-0.01
1688,1.1008000000000004e-05,0.92,-0.01
1689,1.1024000000000002e-05,1.0,-0.01
1690,1.1040000000000003e-05,1.0,0.01
1691,1.1056000000000004e-05,1.0,-0.01
1692,1.1072000000000002e-05,1.0,-0.01
1693,1.1088000000000003e-05,1.0,0.01
1694,1.1104e-05,1.08,-0.01
1695,1.1120000000000002e-05,1.08,0.01
1696,1.1136000000000003e-05,1.16,0.01
1697,1.1152000000000001e-05,1.16,0.01
1698,1.1168000000000002e-05,1.16,0.01
1699,1.1184000000000003e-05,1.16,0.01
1700,1.1200000000000001e-05,1.16,0.01
1701,1.1216000000000002e-05,1.16,0.01
1702,1.1232000000000004e-05,1.24,0.03
1703,1.1248000000000001e-05,1.24,0.03
1704,1.1264000000000003e-05,1.24,0.01
1705,1.1280000000000004e-05,1.24,0.01
1706,1.1296000000000002e-05,1.24,0.03
1707,1.1312000000000003e-05,1.24,0.03
1708,1.1328000000000004e-05,1.32,0.03
1709,1.1344000000000002e-05,1.32,0.03
1710,1.1360000000000003e-05,1.32,0.03
1711,1.1376000000000001e-05,1.32,0.03
1712,1.1392000000000002e-05,1.32,0.03
1713,1.1408000000000003e-05,1.4000000000000001,0.03
1714,1.1424000000000001e-05,1.4000000000000001,0.03
1715,1.1440000000000002e-05,1.4000000000000001,0.03
1716,1.1456000000000003e-05,1.48,0.03
1717,1.1472000000000001e-05,1.4000000000000001,0.05
1718,1.1488000000000002e-05,1.4000000000000001,0.05
1719,1.1504000000000004e-05,1.48,0.05
1720,1.1520000000000002e-05,1.48,0.05
1721,1.1536000000000003e-05,1.48,0.05
1722,1.1552000000000004e-05,1.48,0.05
1723,1.1568000000000002e-05,1.48,0.07
1724,1.1584000000000003e-05,1.48,0.05
1725,1.1600000000000004e-05,1.56,0.07
1726,1.1616000000000002e-05,1.56,0.07
1727,1.1632000000000003e-05,1.56,0.05
1728,1.1648000000000001e-05,1.6400000000000001,0.05
1729,1.1664000000000002e-05,1.6400000000000001,0.07
1730,1.1680000000000003e-05,1.6400000000000001,0.07
1731,1.1696000000000001e-05,1.6400000000000001,0.07
1732,1.1712000000000002e-05,1.6400000000000001,0.07
1733,1.1728000000000004e-05,1.6400000000000001,0.07
1734,1.1744000000000001e-05,1.72,0.09
1735,1.1760000000000003e-05,1.72,0.09
1736,1.1776000000000004e-05,1.72,0.09
1737,1.1792000000000002e-05,1.8,0.09
1738,1.1808000000000003e-05,1.72,0.09
1739,1.1824000000000004e-05,1.72,0.09
1740,1.1840000000000002e-05,1.8,0.09
1741,1.1856000000000003e-05,1.8,0.09
1742,1.1872000000000001e-05,1.8,0.09
1743,1.1888000000000002e-05,1.8,0.09
1744,1.1904000000000003e-05,1.8800000000000001,0.09
1745,1.1920000000000001e-05,1.8800000000000001,0.09
1746,1.1936000000000002e-05,1.8800000000000001,0.11
1747,1.1952000000000003e-05,1.8800000000000001,0.11
1748,1.1968000000000001e-05,1.96,0.11
1749,1.1984000000000002e-05,1.8800000000000001,0.09
1750,1.2000000000000004e-05,1.96,0.11
1751,1.2016000000000002e-05,1.96,0.09
1752,1.2032000000000003e-05,1.96,0.11
1753,1.2048000000000004e-05,1.96,0.11
1754,1.2064000000000002e-05,2.04,0.13
1755,1.2080000000000003e-05,2.04,0.11
1756,1.2096000000000004e-05,2.04,0.13
1757,1.2112000000000002e-05,2.04,0.13
1758,1.2128000000000003e-05,2.04,0.11
1759,1.2144000000000001e-05,2.12,0.13
1760,1.2160000000000002e-05,2.12,0.13
1761,1.2176000000000003e-05,2.12,0.13
1762,1.2192000000000001e-05,2.12,0.13
1763,1.2208000000000002e-05,2.12,0.13
1764,1.2224000000000004e-05,2.12,0.13
1765,1.2240000000000001e-05,2.2,0.15
1766,1.2256000000000003e-05,2.2,0.15
1767,1.2272000000000004e-05,2.2,0.15
1768,1.2288000000000002e-05,2.2,0.15
1769,1.2304000000000003e-05,2.2800000000000002,0.15
1770,1.2320000000000004e-05,2.2800000000000002,0.15
1771,1.2336000000000002e-05,2.2800000000000002,0.15
1772,1.2352000000000003e-05,2.2800000000000002,0.17
1773,1.2368e-05,2.2800000000000002,0.17
1774,1.2384000000000002e-05,2.36,0.17
1775,1.2400000000000003e-05,2.36,0.17
1776,1.2416000000000001e-05,2.36,0.17
1777,1.2432000000000002e-05,2.36,0.17
1778,1.2448000000000003e-05,2.36,0.17
1779,1.2464000000000001e-05,2.36,0.17
1780,1.2480000000000002e-05,2.44,0.19
1781,1.2496000000000004e-05,2.44,0.19
1782,1.2512000000000002e-05,2.52,0.19
1783,1.2528000000000003e-05,2.52,0.19
1784,1.2544000000000004e-05,2.52,0.19
1785,1.2560000000000002e-05,-1.08,0.13
1786,1.2576000000000003e-05,-2.44,0.09
1787,1.2592000000000004e-05,-2.2800000000000002,0.11
1788,1.2608000000000002e-05,-2.36,0.17
1789,1.2624000000000003e-05,-2.44,0.19
1790,1.2640000000000001e-05,-2.2800000000000002,0.13
1791,1.2656000000000002e-05,-2.36,0.13
1792,1.2672000000000003e-05,-2.36,0.13
1793,1.2688000000000001e-05,-2.2,0.13
1794,1.2704000000000002e-05,-2.2800000000000002,0.13
1795,1.2720000000000004e-05,-2.2800000000000002,0.11
1796,1.2736000000000001e-05,-2.2800000000000002,0.13
1797,1.2752000000000003e-05,-2.2800000000000002,0.13
1798,1.2768000000000004e-05,-2.2800000000000002,0.11
1799,1.2784000000000002e-05,-2.2800000000000002,0.11
1800,1.2800000000000003e-05,-2.2800000000000002,0.11
1801,1.2816000000000004e-05,-2.12,0.11
1802,1.2832000000000002e-05,-2.12,0.11
1803,1.2848000000000003e-05,-2.2,0.09
1804,1.2864e-05,-2.12,0.11
1805,1.2880000000000002e-05,-2.12,0.09
1806,1.2896000000000003e-05,-2.12,0.11
1807,1.2912000000000001e-05,-2.12,0.09
1808,1.2928000000000002e-05,-2.04,0.09
1809,1.2944000000000003e-05,-2.04,0.09
1810,1.2960000000000001e-05,-2.04,0.07
1811,1.2976000000000002e-05,-2.04,0.09
1812,1.2992000000000004e-05,-2.04,0.09
1813,1.3008000000000001e-05,-2.04,0.07
1814,1.3024000000000003e-05,-1.96,0.07
1815,1.3040000000000004e-05,-1.96,0.09
1816,1.3056000000000002e-05,-1.8800000000000001,0.07
1817,1.3072000000000003e-05,-1.96,0.07
1818,1.3088000000000004e-05,-1.96,0.05
1819,1.3104000000000002e-05,-1.8800000000000001,0.07
1820,1.3120000000000003e-05,-1.8,0.05
1821,1.3136000000000001e-05,-1.8800000000000001,0.05
1822,1.3152000000000002e-05,-1.8800000000000001,0.05
1823,1.3168000000000003e-05,-1.8800000000000001,0.05
1824,1.3184000000000001e-05,-1.8,0.05
1825,1.3200000000000002e-05,-1.8,0.05
1826,1.3216000000000004e-05,-1.8,0.03
1827,1.3232000000000001e-05,-1.72,0.05
1828,1.3248000000000003e-05,-1.8,0.05
1829,1.3264000000000004e-05,-1.72,0.03
1830,1.3280000000000002e-05,-1.72,0.03
1831,1.3296000000000003e-05,-1.72,0.03
1832,1.3312000000000004e-05,-1.72,0.03
1833,1.3328000000000002e-05,-1.6400000000000001,0.03
1834,1.3344000000000003e-05,-1.6400000000000001,0.03
1835,1.3360000000000004e-05,-1.6400000000000001,0.03
1836,1.3376000000000002e-05,-1.6400000000000001,0.01
1837,1.3392000000000003e-05,-1.6400000000000001,0.03
1838,1.3408000000000001e-05,-1.6400000000000001,0.03
1839,1.3424000000000002e-05,-1.56,0.01
1840,1.3440000000000003e-05,-1.56,0.01
1841,1.3456000000000001e-05,-1.56,0.01
1842,1.3472000000000002e-05,-1.56,0.01
1843,1.3488000000000004e-05,-1.48,0.01
1844,1.3504000000000001e-05,-1.56,0.01
1845,1.3520000000000003e-05,-1.4000000000000001,0.01
1846,1.3536000000000004e-05,-1.48,0.01
1847,1.3552000000000002e-05,-1.48,0.01
1848,1.3568000000000003e-05,-1.48,-0.01
1849,1.3584000000000004e-05,-1.4000000000000001,0.01
1850,1.3600000000000002e-05,-1.4000000000000001,-0.01
1851,1.3616000000000003e-05,-1.32,0.01
1852,1.3632000000000001e-05,-1.4000000000000001,-0.01
1853,1.3648000000000002e-05,-1.4000000000000001,0.01
1854,1.3664000000000003e-05,-1.32,-0.01
1855,1.3680000000000001e-05,-1.32,-0.01
1856,1.3696000000000002e-05,-1.24,-0.01
1857,1.3712000000000004e-05,-1.24,-0.01
1858,1.3728000000000001e-05,-1.24,-0.01
1859,1.3744000000000003e-05,-1.24,-0.01
1860,1.3760000000000004e-05,-1.24,-0.03
1861,1.3776000000000002e-05,-1.24,-0.01
1862,1.3792000000000003e-05,-1.24,-0.01
1863,1.3808000000000004e-05,-1.24,-0.03
1864,1.3824000000000002e-05,-1.24,-0.03
1865,1.3840000000000003e-05,-1.16,-0.01
1866,1.3856000000000004e-05,-1.16,-0.03
1867,1.3872000000000002e-05,-1.16,-0.03
1868,1.3888000000000003e-05,-1.08,-0.03
1869,1.3904000000000001e-05,-1.08,-0.03
1870,1.3920000000000002e-05,-1.08,-0.03
1871,1.3936000000000003e-05,-1.08,-0.03
1872,1.3952000000000001e-05,-1.08,-0.03
1873,1.3968000000000002e-05,-1.08,-0.05
1874,1.3984000000000004e-05,-1.08,-0.03
1875,1.4000000000000001e-05,-1.0,-0.03
1876,1.4016000000000003e-05,-1.0,-0.03
1877,1.4032000000000004e-05,-1.0,-0.03
1878,1.4048000000000002e-05,-1.0,-0.05
1879,1.4064000000000003e-05,-1.0,-0.03
1880,1.4080000000000004e-05,-0.92,-0.03
1881,1.4096000000000002e-05,-0.92,-0.05
1882,1.4112000000000003e-05,-0.92,-0.03
1883,1.4128000000000001e-05,-0.92,-0.05
1884,1.4144000000000002e-05,-0.92,-0.05
1885,1.4160000000000003e-05,-0.84,-0.03
1886,1.4176000000000001e-05,-0.84,-0.05
1887,1.4192000000000002e-05,-0.84,-0.05
1888,1.4208000000000004e-05,-0.84,-0.05
1889,1.4224000000000001e-05,-0.76,-0.05
1890,1.4240000000000003e-05,-0.84,-0.05
1891,1.4256000000000004e-05,-0.76,-0.05
1892,1.4272000000000002e-05,-0.76,-0.03
1893,1.4288000000000003e-05,-0.76,-0.05
1894,1.4304000000000004e-05,-0.76,-0.07
1895,1.4320000000000002e-05,-0.76,-0.05
1896,1.4336000000000003e-05,-0.6,-0.05
1897,1.4352000000000004e-05,-0.68,-0.05
1898,1.4368000000000002e-05,-0.68,-0.07
1899,1.4384000000000003e-05,-0.68,-0.05
1900,1.4400000000000001e-05,-0.6,-0.05
1901,1.4416000000000002e-05,-0.6,-0.05
1902,1.4432000000000003e-05,-0.6,-0.05
1903,1.4448000000000001e-05,-0.6,-0.05
1904,1.4464000000000002e-05,-0.6,-0.05
1905,1.4480000000000004e-05,-0.6,-0.05
1906,1.4496000000000001e-05,-0.52,-0.05
1907,1.4512000000000003e-05,-0.52,-0.05
1908,1.4528000000000004e-05,-0.52,-0.05
1909,1.4544000000000005e-05,-0.52,-0.05
1910,1.456e-05,-0.44,-0.07
1911,1.4576e-05,-0.44,-0.05
1912,1.4592000000000002e-05,-0.36,-0.07
1913,1.4608000000000003e-05,-0.44,-0.07
1914,1.4624000000000004e-05,-0.44,-0.05
1915,1.4640000000000006e-05,-0.44,-0.05
1916,1.4656e-05,-0.36,-0.05
1917,1.4672000000000001e-05,-0.36,-0.05
1918,1.4688000000000002e-05,-0.28,-0.07
1919,1.4704000000000004e-05,-0.36,-0.05
1920,1.4720000000000005e-05,-0.28,-0.07
1921,1.4736000000000006e-05,-0.28,-0.05
1922,1.4752e-05,-0.28,-0.05
1923,1.4768000000000002e-05,-0.28,-0.07
1924,1.4784000000000003e-05,-0.2,-0.05
1925,1.4800000000000004e-05,-0.2,-0.07
1926,1.4816000000000005e-05,-0.2,-0.05
1927,1.4832e-05,-0.2,-0.05
1928,1.4848e-05,-0.12,-0.05
1929,1.4864000000000002e-05,-0.12,-0.07
1930,1.4880000000000003e-05,-0.12,-0.05
1931,1.4896000000000004e-05,-0.12,-0.05
1932,1.4912000000000006e-05,-0.12,-0.07
1933,1.4928e-05,-0.12,-0.05
1934,1.4944000000000001e-05,-0.04,-0.05
1935,1.4960000000000002e-05,-0.04,-0.07
1936,1.4976000000000004e-05,-0.04,-0.05
1937,1.4992000000000005e-05,-0.04,-0.05
1938,1.5008e-05,-0.04,-0.05
1939,1.5024e-05,-0.04,-0.07
1940,1.5040000000000002e-05,0.04,-0.07
1941,1.5056000000000003e-05,0.04,-0.05
1942,1.5072000000000004e-05,0.12,-0.07
1943,1.5088000000000005e-05,0.04,-0.05
1944,1.5104e-05,0.04,-0.05
1945,1.5120000000000001e-05,0.04,-0.05
1946,1.5136000000000002e-05,0.12,-0.05
1947,1.5152000000000003e-05,0.12,-0.05
1948,1.5168000000000005e-05,0.2,-0.05
1949,1.5184000000000006e-05,0.2,-0.05
1950,1.52e-05,0.2,-0.05
1951,1.5216000000000001e-05,0.2,-0.05
1952,1.5232000000000003e-05,0.2,-0.05
1953,1.5248000000000004e-05,0.2,-0.05
1954,1.5264000000000005e-05,0.28,-0.05
1955,1.528e-05,0.28,-0.05
1956,1.5296e-05,0.28,-0.05
1957,1.5312000000000002e-05,0.28,-0.05
1958,1.5328000000000003e-05,0.36,-0.05
1959,1.5344000000000004e-05,0.28,-0.05
1960,1.5360000000000005e-05,0.36,-0.05
1961,1.5376e-05,0.36,-0.03
1962,1.5392e-05,0.36,-0.05
1963,1.5408000000000002e-05,0.36,-0.05
1964,1.5424000000000003e-05,0.44,-0.05
1965,1.5440000000000005e-05,0.36,-0.03
1966,1.5456000000000006e-05,0.44,-0.05
1967,1.5472e-05,0.44,-0.03
1968,1.5488e-05,0.52,-0.03
1969,1.5504000000000003e-05,0.52,-0.03
1970,1.5520000000000004e-05,0.52,-0.03
1971,1.5536000000000005e-05,0.52,-0.03
1972,1.5552e-05,0.52,-0.03
1973,1.5568e-05,0.52,-0.05
1974,1.5584000000000002e-05,0.6,-0.03
1975,1.5600000000000003e-05,0.52,-0.05
1976,1.5616000000000004e-05,0.6,-0.03
1977,1.5632000000000006e-05,0.68,-0.03
1978,1.5648e-05,0.6,-0.03
1979,1.5664e-05,0.6,-0.03
1980,1.5680000000000002e-05,0.68,-0.03
1981,1.5696000000000004e-05,0.68,-0.03
1982,1.5712000000000005e-05,0.76,-0.01
1983,1.5728000000000006e-05,0.68,-0.03
1984,1.5744e-05,0.76,-0.01
1985,1.576e-05,0.76,-0.01
1986,1.5776000000000003e-05,0.76,-0.01
1987,1.5792000000000004e-05,0.76,-0.03
1988,1.5808000000000005e-05,0.76,-0.01
1989,1.5824e-05,0.84,-0.03
1990,1.584e-05,0.84,-0.03
1991,1.5856000000000002e-05,0.84,-0.01
1992,1.5872000000000003e-05,0.84,-0.01
1993,1.5888000000000004e-05,0.84,-0.01
1994,1.5904000000000006e-05,0.84,-0.01
1995,1.592e-05,0.92,-0.03
1996,1.5936e-05,0.92,-0.01
1997,1.5952000000000002e-05,0.92,-0.03
1998,1.5968000000000004e-05,0.92,0.01
1999,1.5984000000000005e-05,0.92,-0.01
