,time,v1,v2
0,0.000154432,4.2,4.86
1,0.00015444,4.2,4.88
2,0.000154448,4.2,4.88
3,0.000154456,4.22,4.88
4,0.000154464,4.22,4.9
5,0.000154472,4.24,4.9
6,0.00015448,4.24,4.9
7,0.000154488,4.24,4.92
8,0.000154496,4.24,4.92
9,0.000154504,4.26,4.92
10,0.00015451200000000001,4.26,4.94
11,0.00015452,4.26,4.94
12,0.000154528,4.26,4.86
13,0.000154536,4.24,1.6
14,0.000154544,4.2,-0.04
15,0.000154552,4.1,0.9
16,0.00015456,4.0600000000000005,-0.04
17,0.000154568,3.98,0.08
18,0.000154576,3.92,0.38
19,0.000154584,3.86,-0.04
20,0.000154592,3.8000000000000003,0.32
21,0.0001546,3.74,0.08
22,0.000154608,3.68,0.1
23,0.000154616,3.62,0.24
24,0.000154624,3.58,0.08
25,0.000154632,3.52,0.22
26,0.00015464,3.46,0.16
27,0.00015464800000000001,3.42,0.16
28,0.000154656,3.36,0.22
29,0.000154664,3.3200000000000003,0.16
30,0.000154672,3.2600000000000002,0.2
31,0.00015468,3.22,0.2
32,0.000154688,3.16,0.2
33,0.000154696,3.12,0.22
34,0.000154704,3.08,0.22
35,0.000154712,3.04,0.22
36,0.00015472,3.0,0.22
37,0.000154728,2.94,0.24
38,0.000154736,2.9,0.24
39,0.000154744,2.88,0.24
40,0.000154752,2.82,0.24
41,0.00015476,2.7800000000000002,0.26
42,0.000154768,2.7600000000000002,0.26
43,0.000154776,2.7,0.28
44,0.00015478400000000001,2.68,0.28
45,0.000154792,2.64,0.28
46,0.0001548,2.6,0.28
47,0.000154808,2.56,0.28
48,0.000154816,2.54,0.28
49,0.000154824,2.5,0.3
50,0.000154832,2.48,0.32
51,0.00015484,2.44,0.3
52,0.000154848,2.4,0.32
53,0.000154856,2.38,0.32
54,0.000154864,2.34,0.34
55,0.000154872,2.32,0.34
56,0.00015488,2.3000000000000003,0.34
57,0.000154888,2.2600000000000002,0.36
58,0.000154896,2.24,0.36
59,0.000154904,2.2,0.38
60,0.000154912,2.16,0.38
61,0.00015492000000000001,2.16,0.36
62,0.000154928,2.12,0.38
63,0.000154936,2.1,0.38
64,0.000154944,2.08,0.4
65,0.000154952,2.06,0.4
66,0.00015496,2.02,0.4
67,0.000154968,2.0,0.4
68,0.000154976,1.98,0.42
69,0.000154984,1.94,0.42
70,0.000154992,1.94,0.44
71,0.000155,1.92,0.42
72,0.000155008,1.8800000000000001,0.44
73,0.000155016,1.8800000000000001,0.46
74,0.000155024,1.84,0.46
75,0.000155032,1.84,0.46
76,0.00015504,1.8,0.46
77,0.000155048,1.8,0.48
78,0.00015505600000000001,1.78,0.48
79,0.000155064,1.76,0.48
80,0.000155072,1.74,0.5
81,0.00015508,1.72,0.5
82,0.000155088,1.7,0.5
83,0.000155096,1.68,0.52
84,0.000155104,1.6600000000000001,0.52
85,0.000155112,1.6400000000000001,0.52
86,0.00015512,1.62,0.54
87,0.000155128,1.62,0.52
88,0.000155136,1.6,0.54
89,0.000155144,1.58,0.56
90,0.000155152,1.58,0.56
91,0.00015516,1.56,0.58
92,0.000155168,1.54,0.58
93,0.000155176,1.54,0.56
94,0.000155184,1.52,0.6
95,0.00015519200000000001,1.5,0.6
96,0.0001552,1.48,0.6
97,0.000155208,1.48,0.6
98,0.000155216,1.48,0.62
99,0.000155224,1.46,0.62
100,0.000155232,1.44,0.62
101,0.00015524,1.42,0.62
102,0.000155248,1.42,0.64
103,0.000155256,1.4000000000000001,0.64
104,0.000155264,1.4000000000000001,0.64
105,0.000155272,1.3800000000000001,0.66
106,0.00015528,1.3800000000000001,0.66
107,0.000155288,1.3800000000000001,0.68
108,0.000155296,1.36,0.68
109,0.000155304,1.36,0.68
110,0.000155312,1.34,0.68
111,0.00015532,1.34,0.68
112,0.00015532800000000001,1.34,0.7000000000000001
113,0.000155336,1.32,0.72
114,0.000155344,1.32,0.7000000000000001
115,0.000155352,1.3,0.72
116,0.00015536,1.3,0.72
117,0.000155368,1.28,0.74
118,0.000155376,1.28,0.72
119,0.000155384,1.26,0.74
120,0.000155392,1.26,0.74
121,0.0001554,1.26,0.76
122,0.000155408,1.26,0.76
123,0.000155416,1.24,0.78
124,0.000155424,1.24,0.78
125,0.000155432,1.24,0.8
126,0.00015544,1.22,0.78
127,0.000155448,1.22,0.8
128,0.000155456,1.2,0.8
129,0.00015546400000000001,1.2,0.8
130,0.000155472,1.2,0.8200000000000001
131,0.00015548,1.2,0.8200000000000001
132,0.000155488,1.2,0.84
133,0.000155496,1.18,0.84
134,0.000155504,1.18,0.86
135,0.000155512,1.2,0.86
136,0.00015552,1.18,0.86
137,0.000155528,1.18,0.86
138,0.000155536,1.18,0.88
139,0.000155544,1.16,0.88
140,0.000155552,1.16,0.9
141,0.00015556,1.16,0.9
142,0.000155568,1.16,0.9
143,0.000155576,1.16,0.92
144,0.000155584,1.16,0.92
145,0.000155592,1.16,0.92
146,0.00015560000000000001,1.1400000000000001,0.9400000000000001
147,0.000155608,1.1400000000000001,0.9400000000000001
148,0.000155616,1.1400000000000001,0.9400000000000001
149,0.000155624,1.1400000000000001,0.9400000000000001
150,0.000155632,1.1400000000000001,0.96
151,0.00015564,1.1400000000000001,0.96
152,0.000155648,1.1400000000000001,0.96
153,0.000155656,1.1400000000000001,0.98
154,0.000155664,1.12,0.98
155,0.000155672,1.12,1.0
156,0.00015568,1.12,1.0
157,0.000155688,1.12,1.0
158,0.000155696,1.12,1.0
159,0.000155704,1.12,1.02
160,0.000155712,1.12,1.02
161,0.00015572,1.12,1.04
162,0.000155728,1.12,1.02
163,0.00015573600000000001,1.12,1.06
164,0.000155744,1.1,1.06
165,0.000155752,1.12,1.06
166,0.00015576,1.1,1.06
167,0.000155768,1.12,1.08
168,0.000155776,1.1,1.08
169,0.000155784,1.1,1.08
170,0.000155792,1.12,1.1
171,0.0001558,1.12,1.1
172,0.000155808,1.12,1.1
173,0.000155816,1.12,1.12
174,0.000155824,1.12,1.12
175,0.000155832,1.12,1.12
176,0.00015584,1.12,1.1400000000000001
177,0.000155848,1.12,1.1400000000000001
178,0.000155856,1.12,1.1400000000000001
179,0.000155864,1.12,1.16
180,0.00015587200000000001,1.1,1.1400000000000001
181,0.00015588,1.1,1.16
182,0.000155888,1.12,1.16
183,0.000155896,1.12,1.18
184,0.000155904,1.12,1.18
185,0.000155912,1.12,1.2
186,0.00015592,1.12,1.2
187,0.000155928,1.12,1.2
188,0.000155936,1.12,1.22
189,0.000155944,1.12,1.22
190,0.000155952,1.12,1.22
191,0.00015596,1.1400000000000001,1.24
192,0.000155968,1.1400000000000001,1.22
193,0.000155976,1.12,1.26
194,0.000155984,1.1400000000000001,1.26
195,0.000155992,1.12,1.28
196,0.000156,1.1400000000000001,1.28
197,0.00015600800000000001,1.1400000000000001,1.28
198,0.000156016,1.1400000000000001,1.28
199,0.000156024,1.16,1.3
200,0.000156032,1.16,1.3
201,0.00015604,1.1400000000000001,1.3
202,0.000156048,1.16,1.32
203,0.000156056,1.1400000000000001,1.32
204,0.000156064,1.16,1.34
205,0.000156072,1.16,1.32
206,0.00015608,1.16,1.34
207,0.000156088,1.16,1.34
208,0.000156096,1.16,1.36
209,0.000156104,1.16,1.36
210,0.000156112,1.18,1.3800000000000001
211,0.00015612,1.18,1.3800000000000001
212,0.000156128,1.18,1.3800000000000001
213,0.000156136,1.16,1.4000000000000001
214,0.00015614400000000001,1.2,1.4000000000000001
215,0.000156152,1.18,1.4000000000000001
216,0.00015616,1.2,1.4000000000000001
217,0.000156168,1.2,1.42
218,0.000156176,1.2,1.42
219,0.000156184,1.2,1.44
220,0.000156192,1.2,1.44
221,0.0001562,1.22,1.44
222,0.000156208,1.22,1.44
223,0.000156216,1.22,1.46
224,0.000156224,1.22,1.46
225,0.000156232,1.2,1.46
226,0.00015624,1.22,1.48
227,0.000156248,1.22,1.48
228,0.000156256,1.22,1.48
229,0.000156264,1.24,1.5
230,0.000156272,1.24,1.5
231,0.00015628000000000001,1.24,1.5
232,0.000156288,1.24,1.5
233,0.000156296,1.26,1.52
234,0.000156304,1.26,1.54
235,0.000156312,1.26,1.54
236,0.00015632,1.26,1.54
237,0.000156328,1.26,1.56
238,0.000156336,1.28,1.56
239,0.000156344,1.26,1.56
240,0.000156352,1.26,1.58
241,0.00015636,1.28,1.58
242,0.000156368,1.28,1.58
243,0.000156376,1.3,1.6
244,0.000156384,1.28,1.58
245,0.000156392,1.28,1.6
246,0.0001564,1.3,1.6
247,0.000156408,1.3,1.62
248,0.000156416,1.32,1.62
249,0.000156424,1.3,1.62
250,0.000156432,1.32,1.6400000000000001
251,0.00015644,1.32,1.6400000000000001
252,0.000156448,1.32,1.6400000000000001
253,0.000156456,1.34,1.6400000000000001
254,0.000156464,1.34,1.6600000000000001
255,0.000156472,1.32,1.6600000000000001
256,0.00015648,1.34,1.68
257,0.000156488,1.36,1.68
258,0.000156496,1.36,1.68
259,0.000156504,1.36,1.7
260,0.000156512,1.36,1.7
261,0.00015652,1.36,1.72
262,0.000156528,1.36,1.7
263,0.000156536,1.3800000000000001,1.72
264,0.000156544,1.3800000000000001,1.74
265,0.00015655200000000001,1.4000000000000001,1.72
266,0.00015656,1.3800000000000001,1.74
267,0.000156568,1.3800000000000001,1.76
268,0.000156576,1.4000000000000001,1.76
269,0.000156584,1.4000000000000001,1.76
270,0.000156592,1.4000000000000001,1.76
271,0.0001566,1.42,1.76
272,0.000156608,1.42,1.78
273,0.000156616,1.42,1.78
274,0.000156624,1.42,1.8
275,0.000156632,1.44,1.8
276,0.00015664,1.44,1.82
277,0.000156648,1.44,1.82
278,0.000156656,1.44,1.82
279,0.000156664,1.46,1.84
280,0.000156672,1.46,1.84
281,0.00015668,1.46,1.84
282,0.000156688,1.48,1.86
283,0.000156696,1.48,1.86
284,0.000156704,1.48,1.86
285,0.000156712,1.48,1.86
286,0.00015672,1.48,1.8800000000000001
287,0.000156728,1.48,1.8800000000000001
288,0.000156736,1.5,1.8800000000000001
289,0.000156744,1.5,1.9000000000000001
290,0.000156752,1.5,1.9000000000000001
291,0.00015676,1.52,1.92
292,0.000156768,1.52,1.92
293,0.000156776,1.52,1.94
294,0.000156784,1.52,1.94
295,0.000156792,1.52,1.92
296,0.0001568,1.54,1.96
297,0.000156808,1.52,1.96
298,0.000156816,1.54,1.94
299,0.00015682400000000002,1.54,1.98
300,0.000156832,1.56,1.96
301,0.00015684,1.56,1.98
302,0.000156848,1.58,1.98
303,0.000156856,1.58,2.0
304,0.000156864,1.58,2.0
305,0.000156872,1.58,2.02
306,0.00015688,1.6,2.02
307,0.000156888,1.6,2.02
308,0.000156896,1.6,2.04
309,0.000156904,1.6,2.04
310,0.000156912,1.6,2.04
311,0.00015692,1.6,2.04
312,0.000156928,1.6400000000000001,2.06
313,0.000156936,1.6400000000000001,2.06
314,0.000156944,1.6400000000000001,2.08
315,0.000156952,1.6400000000000001,2.06
316,0.00015696,1.6400000000000001,2.08
317,0.000156968,1.6400000000000001,2.1
318,0.000156976,1.6600000000000001,2.1
319,0.000156984,1.6600000000000001,2.1
320,0.000156992,1.6600000000000001,2.1
321,0.000157,1.6600000000000001,2.12
322,0.000157008,1.68,2.12
323,0.000157016,1.68,2.14
324,0.000157024,1.7,2.14
325,0.000157032,1.68,2.14
326,0.00015704,1.7,2.14
327,0.000157048,1.7,2.18
328,0.000157056,1.7,2.18
329,0.000157064,1.72,2.18
330,0.000157072,1.72,2.16
331,0.00015708,1.72,2.18
332,0.000157088,1.74,2.2
333,0.00015709600000000002,1.74,2.2
334,0.000157104,1.74,2.2
335,0.000157112,1.74,2.22
336,0.00015712000000000001,1.74,2.22
337,0.000157128,1.76,2.24
338,0.000157136,1.76,2.24
339,0.000157144,1.78,2.24
340,0.000157152,1.78,2.24
341,0.00015716,1.78,2.2600000000000002
342,0.000157168,1.78,2.2600000000000002
343,0.000157176,1.78,2.2800000000000002
344,0.000157184,1.8,2.2800000000000002
345,0.000157192,1.8,2.2800000000000002
346,0.0001572,1.82,2.3000000000000003
347,0.000157208,1.82,2.3000000000000003
348,0.000157216,1.82,2.3000000000000003
349,0.000157224,1.82,2.3000000000000003
350,0.000157232,1.84,2.3000000000000003
351,0.00015724,1.84,2.32
352,0.000157248,1.84,2.32
353,0.00015725600000000001,1.84,2.34
354,0.000157264,1.86,2.34
355,0.000157272,1.86,2.34
356,0.00015728,1.8800000000000001,2.36
357,0.000157288,1.8800000000000001,2.36
358,0.000157296,1.8800000000000001,2.38
359,0.000157304,1.9000000000000001,2.38
360,0.000157312,1.9000000000000001,2.38
361,0.00015732,1.9000000000000001,2.4
362,0.000157328,1.92,2.4
363,0.000157336,1.9000000000000001,2.42
364,0.000157344,1.92,2.42
365,0.000157352,1.94,2.42
366,0.00015736,1.92,2.42
367,0.00015736800000000002,1.94,2.44
368,0.000157376,1.96,2.44
369,0.000157384,1.96,2.46
370,0.00015739200000000001,1.96,2.46
371,0.0001574,1.96,2.46
372,0.000157408,1.98,2.46
373,0.000157416,1.98,2.48
374,0.000157424,1.98,2.48
375,0.000157432,1.98,2.48
376,0.00015744,2.0,2.5
377,0.000157448,2.0,2.5
378,0.000157456,2.0,2.5
379,0.000157464,2.02,2.5
380,0.000157472,2.0,2.52
381,0.00015748,2.02,2.54
382,0.000157488,2.02,2.52
383,0.000157496,2.04,2.54
384,0.000157504,2.04,2.56
385,0.000157512,2.06,2.54
386,0.00015752,2.04,2.56
387,0.00015752800000000001,2.06,2.56
388,0.000157536,2.06,2.56
389,0.000157544,2.08,2.58
390,0.000157552,2.08,2.58
391,0.00015756,2.08,2.58
392,0.000157568,2.1,2.62
393,0.000157576,2.08,2.62
394,0.000157584,2.1,2.62
395,0.000157592,2.12,2.62
396,0.0001576,2.12,2.64
397,0.000157608,2.12,2.64
398,0.000157616,2.12,2.64
399,0.000157624,2.14,2.66
400,0.000157632,2.12,2.66
401,0.00015764,2.14,2.66
402,0.000157648,2.16,2.66
403,0.000157656,2.14,2.68
404,0.00015766400000000001,2.16,2.68
405,0.000157672,2.16,2.68
406,0.00015768,2.18,2.7
407,0.000157688,2.18,2.7
408,0.000157696,2.18,2.7
409,0.000157704,2.2,2.7
410,0.000157712,2.2,2.72
411,0.00015772,2.22,2.72
412,0.000157728,2.2,2.74
413,0.000157736,2.2,2.7600000000000002
414,0.000157744,2.24,2.74
415,0.000157752,2.24,2.7600000000000002
416,0.00015776,2.24,2.7600000000000002
417,0.000157768,2.24,2.7600000000000002
418,0.000157776,2.24,2.7800000000000002
419,0.000157784,2.2600000000000002,2.7800000000000002
420,0.000157792,2.2600000000000002,2.7800000000000002
421,0.00015780000000000001,2.2600000000000002,2.8000000000000003
422,0.000157808,2.2800000000000002,2.82
423,0.000157816,2.2800000000000002,2.8000000000000003
424,0.000157824,2.2800000000000002,2.82
425,0.000157832,2.3000000000000003,2.82
426,0.00015784,2.3000000000000003,2.82
427,0.000157848,2.3000000000000003,2.84
428,0.000157856,2.32,2.84
429,0.000157864,2.3000000000000003,2.86
430,0.000157872,2.32,2.86
431,0.00015788,2.34,2.88
432,0.000157888,2.34,2.88
433,0.000157896,2.32,2.88
434,0.000157904,2.36,2.9
435,0.000157912,2.36,2.88
436,0.00015792,2.36,2.9
437,0.000157928,2.36,2.9
438,0.00015793600000000001,2.38,2.9
439,0.000157944,2.38,2.92
440,0.000157952,2.38,2.92
441,0.00015796,2.38,2.94
442,0.000157968,2.4,2.94
443,0.000157976,2.4,2.96
444,0.000157984,2.42,2.96
445,0.000157992,2.42,2.96
446,0.000158,2.4,2.96
447,0.000158008,2.44,2.98
448,0.000158016,2.44,2.98
449,0.000158024,2.44,2.98
450,0.000158032,2.44,3.0
451,0.00015804,2.46,3.0
452,0.000158048,2.46,3.0
453,0.000158056,2.46,3.02
454,0.000158064,2.48,3.02
455,0.00015807200000000001,2.46,3.02
456,0.00015808,2.48,3.02
457,0.000158088,2.48,3.06
458,0.000158096,2.48,3.04
459,0.000158104,2.5,3.04
460,0.000158112,2.5,3.06
461,0.00015812,2.5,3.06
462,0.000158128,2.52,3.08
463,0.000158136,2.52,3.08
464,0.000158144,2.52,3.1
465,0.000158152,2.54,3.1
466,0.00015816,2.54,3.12
467,0.000158168,2.54,3.1
468,0.000158176,2.54,3.12
469,0.000158184,2.56,3.14
470,0.000158192,2.56,3.12
471,0.0001582,2.58,3.14
472,0.00015820800000000001,2.58,3.16
473,0.000158216,2.58,3.16
474,0.000158224,2.58,3.18
475,0.000158232,2.6,3.16
476,0.00015824,2.6,3.16
477,0.000158248,2.6,3.18
478,0.000158256,2.62,3.2
479,0.000158264,2.62,3.2
480,0.000158272,2.64,3.2
481,0.00015828,2.64,3.2
482,0.000158288,2.64,3.2
483,0.000158296,2.66,3.24
484,0.000158304,2.64,3.24
485,0.000158312,2.66,3.24
486,0.00015832,2.66,3.2600000000000002
487,0.000158328,2.66,3.24
488,0.000158336,2.68,3.2600000000000002
489,0.00015834400000000001,2.7,3.2600000000000002
490,0.000158352,2.7,3.2800000000000002
491,0.00015836,2.7,3.2800000000000002
492,0.000158368,2.7,3.3000000000000003
493,0.000158376,2.7,3.3000000000000003
494,0.000158384,2.72,3.3000000000000003
495,0.000158392,2.72,3.3000000000000003
496,0.0001584,2.72,3.3000000000000003
497,0.000158408,2.74,3.3200000000000003
498,0.000158416,2.74,3.34
499,0.000158424,2.74,3.34
500,0.000158432,2.7600000000000002,3.34
501,0.00015844,2.7600000000000002,3.36
502,0.000158448,2.7600000000000002,3.36
503,0.000158456,2.7800000000000002,3.36
504,0.000158464,2.7800000000000002,3.38
505,0.000158472,2.7800000000000002,3.38
506,0.00015848000000000001,2.7800000000000002,3.38
507,0.000158488,2.8000000000000003,3.38
508,0.000158496,2.8000000000000003,3.4
509,0.000158504,2.82,3.4
510,0.000158512,2.82,3.4
511,0.00015852,2.82,3.42
512,0.000158528,2.84,3.42
513,0.000158536,2.84,3.44
514,0.000158544,2.84,3.44
515,0.000158552,2.86,3.44
516,0.00015856,2.86,3.46
517,0.000158568,2.86,3.46
518,0.000158576,2.88,3.46
519,0.000158584,2.88,3.48
520,0.000158592,2.88,3.48
521,0.0001586,2.88,3.48
522,0.000158608,2.9,3.48
523,0.00015861600000000001,2.9,3.5
524,0.000158624,2.92,3.5
525,0.000158632,2.92,3.52
526,0.00015864,2.92,3.52
527,0.000158648,2.94,3.52
528,0.000158656,2.94,3.54
529,0.000158664,2.94,3.54
530,0.000158672,2.96,3.54
531,0.00015868,2.94,3.56
532,0.000158688,2.96,3.56
533,0.000158696,2.96,3.56
534,0.000158704,2.96,3.58
535,0.000158712,2.96,3.58
536,0.00015872,3.0,3.58
537,0.000158728,2.98,3.6
538,0.000158736,3.0,3.6
539,0.000158744,3.0,3.6
540,0.00015875200000000001,3.0,3.62
541,0.00015876,3.0,3.62
542,0.000158768,3.02,3.62
543,0.000158776,3.02,3.64
544,0.000158784,3.04,3.64
545,0.000158792,3.04,3.64
546,0.0001588,3.06,3.66
547,0.000158808,3.06,3.66
548,0.000158816,3.06,3.66
549,0.000158824,3.06,3.68
550,0.000158832,3.08,3.68
551,0.00015884,3.08,3.7
552,0.000158848,3.08,3.7
553,0.000158856,3.1,3.7
554,0.000158864,3.1,3.7
555,0.000158872,3.1,3.72
556,0.00015888,3.12,3.72
557,0.00015888800000000001,3.14,3.74
558,0.000158896,3.14,3.74
559,0.000158904,3.14,3.74
560,0.000158912,3.14,3.7600000000000002
561,0.00015892,3.14,3.7600000000000002
562,0.000158928,3.14,3.7800000000000002
563,0.000158936,3.18,3.7800000000000002
564,0.000158944,3.16,3.7800000000000002
565,0.000158952,3.18,3.7800000000000002
566,0.00015896,3.18,3.8000000000000003
567,0.000158968,3.18,3.8000000000000003
568,0.000158976,3.18,3.8000000000000003
569,0.000158984,3.2,3.8200000000000003
570,0.000158992,3.2,3.8200000000000003
571,0.000159,3.22,3.8200000000000003
572,0.000159008,3.22,3.84
573,0.000159016,3.22,3.84
574,0.00015902400000000001,3.24,3.84
575,0.000159032,3.24,3.86
576,0.00015904,3.24,3.86
577,0.000159048,3.24,3.86
578,0.000159056,3.2600000000000002,3.88
579,0.000159064,3.2600000000000002,3.88
580,0.000159072,3.2600000000000002,3.9
581,0.00015908,3.2800000000000002,3.9
582,0.000159088,3.2800000000000002,3.92
583,0.000159096,3.3000000000000003,3.9
584,0.000159104,3.3000000000000003,3.92
585,0.000159112,3.3000000000000003,3.92
586,0.00015912,3.3200000000000003,3.94
587,0.000159128,3.3200000000000003,3.94
588,0.000159136,3.3200000000000003,3.96
589,0.000159144,3.34,3.94
590,0.000159152,3.34,3.96
591,0.00015916000000000001,3.36,3.96
592,0.000159168,3.34,3.98
593,0.000159176,3.36,3.98
594,0.000159184,3.36,3.98
595,0.000159192,3.36,3.98
596,0.0001592,3.38,4.0200000000000005
597,0.000159208,3.38,4.0
598,0.000159216,3.38,4.0200000000000005
599,0.000159224,3.38,4.0200000000000005
600,0.000159232,3.4,4.0200000000000005
601,0.00015924,3.4,4.04
602,0.000159248,3.42,4.04
603,0.000159256,3.42,4.04
604,0.000159264,3.42,4.0600000000000005
605,0.000159272,3.42,4.0600000000000005
606,0.00015928,3.44,4.08
607,0.000159288,3.44,4.08
608,0.00015929600000000001,3.44,4.1
609,0.000159304,3.48,4.08
610,0.000159312,3.48,4.1
611,0.00015932,3.48,4.1
612,0.000159328,3.48,4.1
613,0.000159336,3.5,4.1
614,0.000159344,3.48,4.14
615,0.000159352,3.48,4.12
616,0.00015936,3.52,4.14
617,0.000159368,3.5,4.14
618,0.000159376,3.52,4.16
619,0.000159384,3.52,4.16
620,0.000159392,3.52,4.16
621,0.0001594,3.54,4.18
622,0.000159408,3.54,4.16
623,0.000159416,3.54,4.18
624,0.000159424,3.56,4.18
625,0.00015943200000000001,3.58,4.2
626,0.00015944,3.56,4.22
627,0.000159448,3.56,4.2
628,0.000159456,3.58,4.24
629,0.000159464,3.58,4.22
630,0.000159472,3.58,4.22
631,0.00015948,3.6,4.24
632,0.000159488,3.6,4.24
633,0.000159496,3.62,4.26
634,0.000159504,3.62,4.28
635,0.000159512,3.64,4.26
636,0.00015952,3.64,4.28
637,0.000159528,3.64,4.28
638,0.000159536,3.64,4.28
639,0.000159544,3.64,4.28
640,0.000159552,3.66,4.3
641,0.00015956,3.66,4.3
642,0.00015956800000000001,3.68,4.32
643,0.000159576,3.68,4.32
644,0.000159584,3.68,4.32
645,0.000159592,3.68,4.34
646,0.0001596,3.7,4.34
647,0.000159608,3.7,4.34
648,0.000159616,3.72,4.34
649,0.000159624,3.72,4.38
650,0.000159632,3.72,4.36
651,0.00015964,3.72,4.38
652,0.000159648,3.74,4.38
653,0.000159656,3.74,4.4
654,0.000159664,3.7600000000000002,4.38
655,0.000159672,3.7600000000000002,4.42
656,0.00015968,3.7800000000000002,4.42
657,0.000159688,3.7600000000000002,4.42
658,0.000159696,3.7800000000000002,4.42
659,0.00015970400000000001,3.8000000000000003,4.42
660,0.000159712,3.7800000000000002,4.44
661,0.00015972,3.8000000000000003,4.46
662,0.000159728,3.8000000000000003,4.46
663,0.000159736,3.8000000000000003,4.46
664,0.000159744,3.8200000000000003,4.46
665,0.000159752,3.84,4.48
666,0.00015976,3.8200000000000003,4.48
667,0.000159768,3.84,4.48
668,0.000159776,3.84,4.5
669,0.000159784,3.84,4.5
670,0.000159792,3.86,4.5
671,0.0001598,3.86,4.5200000000000005
672,0.000159808,3.86,4.5200000000000005
673,0.000159816,3.86,4.5200000000000005
674,0.000159824,3.9,4.54
675,0.000159832,3.88,4.54
676,0.00015984000000000001,3.88,4.54
677,0.000159848,3.9,4.5600000000000005
678,0.000159856,3.92,4.5600000000000005
679,0.000159864,3.92,4.5600000000000005
680,0.000159872,3.92,4.58
681,0.00015988,3.94,4.58
682,0.000159888,3.94,4.58
683,0.000159896,3.94,4.58
684,0.000159904,3.94,4.6000000000000005
685,0.000159912,3.96,4.6000000000000005
686,0.00015992,3.96,4.62
687,0.000159928,3.98,4.62
688,0.000159936,3.96,4.64
689,0.000159944,3.98,4.62
690,0.000159952,3.98,4.64
691,0.00015996,3.98,4.66
692,0.000159968,4.0,4.66
693,0.00015997600000000001,4.0,4.66
694,0.000159984,4.0,4.68
695,0.000159992,4.0200000000000005,4.68
696,0.00016,4.0200000000000005,4.7
697,0.000160008,4.04,4.7
698,0.000160016,4.0200000000000005,4.7
699,0.000160024,4.04,4.7
700,0.000160032,4.04,4.7
701,0.00016004,4.04,4.72
702,0.000160048,4.0600000000000005,4.72
703,0.000160056,4.0600000000000005,4.74
704,0.000160064,4.0600000000000005,4.74
705,0.000160072,4.08,4.74
706,0.00016008,4.08,4.74
707,0.000160088,4.1,4.76
708,0.000160096,4.1,4.76
709,0.000160104,4.1,4.78
710,0.00016011200000000001,4.12,4.78
711,0.00016012,4.12,4.78
712,0.000160128,4.14,4.8
713,0.000160136,4.12,4.8
714,0.000160144,4.14,4.8
715,0.000160152,4.14,4.82
716,0.00016016,4.14,4.84
717,0.000160168,4.16,4.82
718,0.000160176,4.18,4.84
719,0.000160184,4.18,4.86
720,0.000160192,4.18,4.86
721,0.0001602,4.18,4.86
722,0.000160208,4.18,4.88
723,0.000160216,4.2,4.88
724,0.000160224,4.2,4.88
725,0.000160232,4.2,4.88
726,0.00016024,4.22,4.9
727,0.00016024800000000001,4.24,4.9
728,0.000160256,4.22,4.9
729,0.000160264,4.24,4.9
730,0.000160272,4.24,4.92
731,0.00016028,4.24,4.92
732,0.000160288,4.24,4.94
733,0.000160296,4.26,4.92
734,0.000160304,4.28,4.86
735,0.000160312,4.24,1.62
736,0.00016032,4.18,-0.04
737,0.000160328,4.1,0.9
738,0.000160336,4.0600000000000005,-0.04
739,0.000160344,3.98,0.08
740,0.000160352,3.92,0.38
741,0.00016036,3.86,-0.04
742,0.000160368,3.8000000000000003,0.32
743,0.000160376,3.74,0.06
744,0.00016038400000000001,3.68,0.1
745,0.000160392,3.62,0.24
746,0.0001604,3.58,0.06
747,0.000160408,3.52,0.2
748,0.000160416,3.46,0.16
749,0.000160424,3.42,0.14
750,0.000160432,3.36,0.2
751,0.00016044,3.3200000000000003,0.16
752,0.000160448,3.2600000000000002,0.2
753,0.000160456,3.22,0.2
754,0.000160464,3.16,0.18
755,0.000160472,3.12,0.22
756,0.00016048,3.08,0.2
757,0.000160488,3.04,0.22
758,0.000160496,2.98,0.2
759,0.000160504,2.96,0.22
760,0.000160512,2.9,0.22
761,0.00016052,2.86,0.24
762,0.000160528,2.82,0.24
763,0.000160536,2.8000000000000003,0.24
764,0.000160544,2.74,0.24
765,0.000160552,2.7,0.26
766,0.00016056,2.66,0.28
767,0.000160568,2.64,0.26
768,0.000160576,2.6,0.28
769,0.000160584,2.56,0.28
770,0.000160592,2.52,0.3
771,0.0001606,2.5,0.3
772,0.000160608,2.48,0.3
773,0.000160616,2.44,0.32
774,0.000160624,2.42,0.32
775,0.000160632,2.38,0.32
776,0.00016064,2.34,0.34
777,0.000160648,2.32,0.34
778,0.00016065600000000001,2.2800000000000002,0.34
779,0.000160664,2.2600000000000002,0.34
780,0.000160672,2.24,0.36
781,0.00016068,2.2,0.36
782,0.000160688,2.18,0.36
783,0.000160696,2.14,0.38
784,0.000160704,2.12,0.36
785,0.000160712,2.1,0.38
786,0.00016072,2.08,0.4
787,0.000160728,2.04,0.4
788,0.000160736,2.04,0.4
789,0.000160744,2.0,0.4
790,0.000160752,1.98,0.42
791,0.00016076,1.96,0.42
792,0.000160768,1.94,0.42
793,0.000160776,1.92,0.44
794,0.000160784,1.9000000000000001,0.44
795,0.000160792,1.8800000000000001,0.44
796,0.0001608,1.84,0.46
797,0.000160808,1.84,0.46
798,0.000160816,1.8,0.48
799,0.000160824,1.8,0.48
800,0.000160832,1.78,0.48
801,0.00016084,1.76,0.48
802,0.000160848,1.74,0.48
803,0.000160856,1.72,0.5
804,0.000160864,1.72,0.5
805,0.000160872,1.68,0.5
806,0.00016088,1.6600000000000001,0.52
807,0.000160888,1.6600000000000001,0.52
808,0.000160896,1.6400000000000001,0.54
809,0.000160904,1.62,0.54
810,0.000160912,1.6,0.54
811,0.00016092,1.58,0.56
812,0.00016092800000000002,1.58,0.56
813,0.000160936,1.56,0.56
814,0.000160944,1.54,0.58
815,0.000160952,1.54,0.58
816,0.00016096,1.52,0.58
817,0.000160968,1.5,0.6
818,0.000160976,1.48,0.6
819,0.000160984,1.48,0.6
820,0.000160992,1.46,0.6
821,0.000161,1.46,0.62
822,0.000161008,1.44,0.62
823,0.000161016,1.44,0.64
824,0.000161024,1.42,0.64
825,0.000161032,1.4000000000000001,0.64
826,0.00016104,1.4000000000000001,0.66
827,0.000161048,1.4000000000000001,0.66
828,0.000161056,1.3800000000000001,0.66
829,0.000161064,1.3800000000000001,0.66
830,0.000161072,1.36,0.68
831,0.00016108,1.34,0.68
832,0.000161088,1.34,0.68
833,0.000161096,1.32,0.7000000000000001
834,0.000161104,1.32,0.7000000000000001
835,0.000161112,1.32,0.7000000000000001
836,0.00016112,1.32,0.72
837,0.000161128,1.28,0.72
838,0.000161136,1.28,0.72
839,0.000161144,1.28,0.74
840,0.000161152,1.26,0.74
841,0.00016116,1.28,0.74
842,0.000161168,1.28,0.74
843,0.000161176,1.26,0.76
844,0.000161184,1.24,0.76
845,0.000161192,1.24,0.78
846,0.00016120000000000002,1.24,0.78
847,0.000161208,1.22,0.78
848,0.000161216,1.22,0.8
849,0.00016122400000000001,1.22,0.8
850,0.000161232,1.2,0.8
851,0.00016124,1.22,0.8200000000000001
852,0.000161248,1.2,0.8200000000000001
853,0.000161256,1.2,0.8200000000000001
854,0.000161264,1.18,0.84
855,0.000161272,1.18,0.8200000000000001
856,0.00016128,1.18,0.86
857,0.000161288,1.18,0.86
858,0.000161296,1.18,0.86
859,0.000161304,1.18,0.88
860,0.000161312,1.16,0.88
861,0.00016132,1.16,0.88
862,0.000161328,1.1400000000000001,0.88
863,0.000161336,1.16,0.88
864,0.000161344,1.16,0.9
865,0.000161352,1.16,0.9
866,0.00016136000000000001,1.1400000000000001,0.92
867,0.000161368,1.1400000000000001,0.92
868,0.000161376,1.1400000000000001,0.92
869,0.000161384,1.1400000000000001,0.9400000000000001
870,0.000161392,1.1400000000000001,0.9400000000000001
871,0.0001614,1.1400000000000001,0.9400000000000001
872,0.000161408,1.12,0.96
873,0.000161416,1.1400000000000001,0.96
874,0.000161424,1.1400000000000001,0.96
875,0.000161432,1.12,0.96
876,0.00016144,1.12,0.98
877,0.000161448,1.12,0.98
878,0.000161456,1.12,1.0
879,0.000161464,1.12,1.0
880,0.00016147200000000002,1.12,1.02
881,0.00016148,1.1,1.02
882,0.000161488,1.12,1.02
883,0.00016149600000000001,1.12,1.02
884,0.000161504,1.12,1.04
885,0.000161512,1.12,1.04
886,0.00016152,1.1,1.06
887,0.000161528,1.1,1.04
888,0.000161536,1.1,1.06
889,0.000161544,1.12,1.08
890,0.000161552,1.12,1.08
891,0.00016156,1.12,1.08
892,0.000161568,1.12,1.1
893,0.000161576,1.12,1.08
894,0.000161584,1.1,1.1
895,0.000161592,1.1,1.1
896,0.0001616,1.12,1.12
897,0.000161608,1.12,1.12
898,0.000161616,1.1,1.12
899,0.000161624,1.12,1.1400000000000001
900,0.00016163200000000001,1.12,1.1400000000000001
901,0.00016164,1.12,1.1400000000000001
902,0.000161648,1.12,1.16
903,0.000161656,1.12,1.16
904,0.000161664,1.12,1.16
905,0.000161672,1.12,1.16
906,0.00016168,1.12,1.18
907,0.000161688,1.12,1.2
908,0.000161696,1.12,1.2
909,0.000161704,1.1400000000000001,1.2
910,0.000161712,1.12,1.22
911,0.00016172,1.12,1.22
912,0.000161728,1.12,1.22
913,0.000161736,1.12,1.24
914,0.00016174400000000002,1.12,1.24
915,0.000161752,1.1400000000000001,1.24
916,0.00016176,1.1400000000000001,1.24
917,0.00016176800000000001,1.1400000000000001,1.26
918,0.000161776,1.1400000000000001,1.26
919,0.000161784,1.1400000000000001,1.26
920,0.000161792,1.1400000000000001,1.28
921,0.0001618,1.1400000000000001,1.3
922,0.000161808,1.1400000000000001,1.3
923,0.000161816,1.1400000000000001,1.3
924,0.000161824,1.16,1.32
925,0.000161832,1.16,1.32
926,0.00016184,1.16,1.32
927,0.000161848,1.16,1.32
928,0.000161856,1.16,1.34
929,0.000161864,1.16,1.34
930,0.000161872,1.16,1.36
931,0.00016188,1.18,1.34
932,0.000161888,1.16,1.36
933,0.000161896,1.18,1.3800000000000001
934,0.00016190400000000001,1.18,1.36
935,0.000161912,1.18,1.3800000000000001
936,0.00016192,1.18,1.4000000000000001
937,0.000161928,1.18,1.4000000000000001
938,0.000161936,1.18,1.4000000000000001
939,0.000161944,1.2,1.4000000000000001
940,0.000161952,1.2,1.4000000000000001
941,0.00016196,1.18,1.42
942,0.000161968,1.2,1.44
943,0.000161976,1.2,1.44
944,0.000161984,1.2,1.44
945,0.000161992,1.2,1.44
946,0.000162,1.2,1.44
947,0.000162008,1.22,1.46
948,0.00016201600000000002,1.22,1.48
949,0.000162024,1.22,1.48
950,0.000162032,1.24,1.48
951,0.00016204000000000001,1.24,1.48
952,0.000162048,1.22,1.5
953,0.000162056,1.24,1.5
954,0.000162064,1.24,1.5
955,0.000162072,1.24,1.52
956,0.00016208,1.24,1.52
957,0.000162088,1.26,1.54
958,0.000162096,1.26,1.54
959,0.000162104,1.24,1.54
960,0.000162112,1.26,1.56
961,0.00016212,1.28,1.54
962,0.000162128,1.26,1.58
963,0.000162136,1.28,1.58
964,0.000162144,1.26,1.56
965,0.000162152,1.28,1.58
966,0.00016216,1.28,1.6
967,0.000162168,1.3,1.6
968,0.00016217600000000001,1.3,1.6
969,0.000162184,1.3,1.62
970,0.000162192,1.3,1.6
971,0.0001622,1.32,1.62
972,0.000162208,1.32,1.6400000000000001
973,0.000162216,1.32,1.6400000000000001
974,0.000162224,1.32,1.62
975,0.000162232,1.32,1.6400000000000001
976,0.00016224,1.32,1.6600000000000001
977,0.000162248,1.32,1.6400000000000001
978,0.000162256,1.34,1.68
979,0.000162264,1.34,1.68
980,0.000162272,1.34,1.68
981,0.00016228,1.34,1.68
982,0.00016228800000000002,1.36,1.68
983,0.000162296,1.34,1.7
984,0.000162304,1.36,1.7
985,0.00016231200000000001,1.36,1.72
986,0.00016232,1.36,1.72
987,0.000162328,1.36,1.74
988,0.000162336,1.3800000000000001,1.74
989,0.000162344,1.3800000000000001,1.74
990,0.000162352,1.4000000000000001,1.74
991,0.00016236,1.4000000000000001,1.76
992,0.000162368,1.4000000000000001,1.78
993,0.000162376,1.42,1.78
994,0.000162384,1.42,1.78
995,0.000162392,1.42,1.8
996,0.0001624,1.42,1.78
997,0.000162408,1.42,1.8
998,0.000162416,1.42,1.82
999,0.000162424,1.44,1.8
1000,0.000162432,1.42,1.82
1001,0.00016244,1.44,1.84
1002,0.00016244800000000001,1.46,1.84
1003,0.000162456,1.46,1.84
1004,0.000162464,1.46,1.86
1005,0.000162472,1.46,1.84
1006,0.00016248,1.48,1.86
1007,0.000162488,1.48,1.86
1008,0.000162496,1.48,1.8800000000000001
1009,0.000162504,1.48,1.8800000000000001
1010,0.000162512,1.5,1.9000000000000001
1011,0.00016252,1.48,1.8800000000000001
1012,0.000162528,1.5,1.92
1013,0.000162536,1.52,1.92
1014,0.000162544,1.52,1.9000000000000001
1015,0.000162552,1.5,1.92
1016,0.00016256000000000002,1.52,1.94
1017,0.000162568,1.52,1.94
1018,0.000162576,1.54,1.94
1019,0.00016258400000000001,1.54,1.96
1020,0.000162592,1.54,1.96
1021,0.0001626,1.56,1.96
1022,0.000162608,1.56,1.98
1023,0.000162616,1.54,1.98
1024,0.000162624,1.56,1.98
1025,0.000162632,1.56,1.98
1026,0.00016264,1.58,1.98
1027,0.000162648,1.58,2.0
1028,0.000162656,1.58,2.0
1029,0.000162664,1.6,2.02
1030,0.000162672,1.6,2.04
1031,0.00016268,1.6,2.04
1032,0.000162688,1.6,2.04
1033,0.000162696,1.62,2.04
1034,0.000162704,1.62,2.06
1035,0.000162712,1.62,2.06
1036,0.00016272000000000001,1.6400000000000001,2.08
1037,0.000162728,1.6400000000000001,2.08
1038,0.000162736,1.6400000000000001,2.08
1039,0.000162744,1.6400000000000001,2.1
1040,0.000162752,1.6600000000000001,2.1
1041,0.00016276,1.6600000000000001,2.1
1042,0.000162768,1.6600000000000001,2.12
1043,0.000162776,1.6600000000000001,2.1
1044,0.000162784,1.6600000000000001,2.14
1045,0.000162792,1.6600000000000001,2.12
1046,0.0001628,1.68,2.12
1047,0.000162808,1.7,2.14
1048,0.000162816,1.7,2.14
1049,0.000162824,1.7,2.16
1050,0.00016283200000000002,1.7,2.16
1051,0.00016284,1.72,2.16
1052,0.000162848,1.72,2.18
1053,0.00016285600000000001,1.72,2.18
1054,0.000162864,1.74,2.2
1055,0.000162872,1.74,2.2
1056,0.00016288,1.74,2.22
1057,0.000162888,1.74,2.22
1058,0.000162896,1.74,2.22
1059,0.000162904,1.76,2.22
1060,0.000162912,1.76,2.24
1061,0.00016292,1.76,2.24
1062,0.000162928,1.76,2.24
1063,0.000162936,1.78,2.2600000000000002
1064,0.000162944,1.78,2.2600000000000002
1065,0.000162952,1.8,2.2600000000000002
1066,0.00016296,1.8,2.2800000000000002
1067,0.000162968,1.8,2.2800000000000002
1068,0.000162976,1.82,2.2800000000000002
1069,0.000162984,1.82,2.3000000000000003
1070,0.00016299200000000001,1.82,2.3000000000000003
1071,0.000163,1.82,2.3000000000000003
1072,0.000163008,1.84,2.32
1073,0.000163016,1.84,2.32
1074,0.000163024,1.84,2.32
1075,0.000163032,1.86,2.34
1076,0.00016304,1.84,2.34
1077,0.000163048,1.86,2.36
1078,0.000163056,1.8800000000000001,2.36
1079,0.000163064,1.8800000000000001,2.36
1080,0.000163072,1.8800000000000001,2.38
1081,0.00016308,1.9000000000000001,2.36
1082,0.000163088,1.8800000000000001,2.38
1083,0.000163096,1.9000000000000001,2.38
1084,0.00016310400000000002,1.9000000000000001,2.38
1085,0.000163112,1.92,2.42
1086,0.00016312,1.92,2.42
1087,0.00016312800000000001,1.92,2.42
1088,0.000163136,1.94,2.42
1089,0.000163144,1.92,2.44
1090,0.000163152,1.94,2.42
1091,0.00016316,1.94,2.44
1092,0.000163168,1.94,2.46
1093,0.000163176,1.96,2.46
1094,0.000163184,1.98,2.46
1095,0.000163192,1.96,2.48
1096,0.0001632,1.96,2.46
1097,0.000163208,1.98,2.5
1098,0.000163216,1.98,2.48
1099,0.000163224,2.0,2.5
1100,0.000163232,2.0,2.52
1101,0.00016324,2.02,2.5
1102,0.000163248,2.0,2.52
1103,0.000163256,2.02,2.52
1104,0.00016326400000000001,2.02,2.52
1105,0.000163272,2.04,2.54
1106,0.00016328,2.04,2.56
1107,0.000163288,2.04,2.54
1108,0.000163296,2.06,2.54
1109,0.000163304,2.06,2.56
1110,0.000163312,2.06,2.56
1111,0.00016332,2.08,2.58
1112,0.000163328,2.08,2.58
1113,0.000163336,2.06,2.58
1114,0.000163344,2.08,2.6
1115,0.000163352,2.1,2.6
1116,0.00016336,2.08,2.6
1117,0.000163368,2.1,2.6
1118,0.00016337600000000002,2.12,2.62
1119,0.000163384,2.12,2.62
1120,0.000163392,2.12,2.64
1121,0.00016340000000000001,2.14,2.64
1122,0.000163408,2.14,2.66
1123,0.000163416,2.14,2.66
1124,0.000163424,2.16,2.66
1125,0.000163432,2.16,2.66
1126,0.00016344,2.14,2.7
1127,0.000163448,2.16,2.68
1128,0.000163456,2.18,2.7
1129,0.000163464,2.16,2.7
1130,0.000163472,2.2,2.7
1131,0.00016348,2.2,2.7
1132,0.000163488,2.2,2.72
1133,0.000163496,2.2,2.72
1134,0.000163504,2.22,2.74
1135,0.000163512,2.22,2.74
1136,0.00016352,2.22,2.74
1137,0.000163528,2.24,2.74
1138,0.00016353600000000001,2.24,2.7600000000000002
1139,0.000163544,2.24,2.7600000000000002
1140,0.000163552,2.24,2.7800000000000002
1141,0.00016356,2.2600000000000002,2.7800000000000002
1142,0.000163568,2.2600000000000002,2.8000000000000003
1143,0.000163576,2.2800000000000002,2.7800000000000002
1144,0.000163584,2.2800000000000002,2.82
1145,0.000163592,2.2600000000000002,2.8000000000000003
1146,0.0001636,2.2800000000000002,2.82
1147,0.000163608,2.2800000000000002,2.82
1148,0.000163616,2.3000000000000003,2.84
1149,0.000163624,2.3000000000000003,2.84
1150,0.000163632,2.3000000000000003,2.84
1151,0.00016364,2.32,2.84
1152,0.00016364800000000002,2.32,2.84
1153,0.000163656,2.32,2.86
1154,0.000163664,2.34,2.86
1155,0.00016367200000000001,2.34,2.86
1156,0.00016368,2.34,2.88
1157,0.000163688,2.34,2.88
1158,0.000163696,2.36,2.9
1159,0.000163704,2.36,2.9
1160,0.000163712,2.38,2.9
1161,0.00016372,2.36,2.92
1162,0.000163728,2.38,2.92
1163,0.000163736,2.4,2.94
1164,0.000163744,2.38,2.94
1165,0.000163752,2.4,2.94
1166,0.00016376,2.4,2.94
1167,0.000163768,2.42,2.96
1168,0.000163776,2.4,2.96
1169,0.000163784,2.42,2.96
1170,0.000163792,2.44,2.98
1171,0.0001638,2.44,3.0
1172,0.00016380800000000001,2.44,2.98
1173,0.000163816,2.44,3.0
1174,0.000163824,2.44,3.0
1175,0.000163832,2.46,3.0
1176,0.00016384,2.46,3.04
1177,0.000163848,2.46,3.02
1178,0.000163856,2.48,3.04
1179,0.000163864,2.5,3.04
1180,0.000163872,2.48,3.04
1181,0.00016388,2.5,3.06
1182,0.000163888,2.5,3.06
1183,0.000163896,2.52,3.06
1184,0.000163904,2.5,3.08
1185,0.000163912,2.52,3.08
1186,0.00016392000000000002,2.54,3.1
1187,0.000163928,2.52,3.08
1188,0.000163936,2.54,3.1
1189,0.00016394400000000001,2.54,3.12
1190,0.000163952,2.54,3.12
1191,0.00016396,2.56,3.12
1192,0.000163968,2.58,3.12
1193,0.000163976,2.56,3.14
1194,0.000163984,2.58,3.14
1195,0.000163992,2.58,3.16
1196,0.000164,2.6,3.16
1197,0.000164008,2.6,3.16
1198,0.000164016,2.6,3.18
1199,0.000164024,2.6,3.18
1200,0.000164032,2.62,3.18
1201,0.00016404,2.62,3.2
1202,0.000164048,2.64,3.2
1203,0.000164056,2.64,3.22
1204,0.000164064,2.64,3.2
1205,0.000164072,2.64,3.22
1206,0.00016408,2.66,3.24
1207,0.000164088,2.66,3.24
1208,0.000164096,2.66,3.2600000000000002
1209,0.000164104,2.68,3.2600000000000002
1210,0.000164112,2.68,3.2600000000000002
1211,0.00016412,2.68,3.2600000000000002
1212,0.000164128,2.68,3.2600000000000002
1213,0.000164136,2.7,3.2800000000000002
1214,0.000164144,2.68,3.2800000000000002
1215,0.000164152,2.7,3.2800000000000002
1216,0.00016416,2.72,3.3000000000000003
1217,0.000164168,2.72,3.3000000000000003
1218,0.000164176,2.72,3.3000000000000003
1219,0.000164184,2.74,3.3200000000000003
1220,0.00016419200000000002,2.74,3.3200000000000003
1221,0.0001642,2.74,3.3200000000000003
1222,0.000164208,2.7600000000000002,3.34
1223,0.00016421600000000001,2.7600000000000002,3.34
1224,0.000164224,2.7600000000000002,3.34
1225,0.000164232,2.7600000000000002,3.36
1226,0.00016424,2.7800000000000002,3.36
1227,0.000164248,2.7800000000000002,3.36
1228,0.000164256,2.7800000000000002,3.38
1229,0.000164264,2.8000000000000003,3.4
1230,0.000164272,2.82,3.4
1231,0.00016428,2.8000000000000003,3.4
1232,0.000164288,2.82,3.4
1233,0.000164296,2.82,3.4
1234,0.000164304,2.84,3.44
1235,0.000164312,2.84,3.42
1236,0.00016432,2.84,3.44
1237,0.000164328,2.84,3.44
1238,0.000164336,2.86,3.44
1239,0.000164344,2.86,3.46
1240,0.000164352,2.86,3.46
1241,0.00016436,2.86,3.48
1242,0.000164368,2.88,3.48
1243,0.000164376,2.88,3.48
1244,0.000164384,2.88,3.5
1245,0.000164392,2.92,3.48
1246,0.0001644,2.9,3.5
1247,0.000164408,2.92,3.5
1248,0.000164416,2.92,3.52
1249,0.000164424,2.92,3.52
1250,0.000164432,2.92,3.54
1251,0.00016444,2.94,3.54
1252,0.000164448,2.94,3.54
1253,0.000164456,2.94,3.54
1254,0.000164464,2.96,3.56
1255,0.000164472,2.96,3.56
1256,0.00016448,2.96,3.56
1257,0.00016448800000000001,2.98,3.58
1258,0.000164496,2.98,3.58
1259,0.000164504,2.98,3.6
1260,0.000164512,3.0,3.58
1261,0.00016452,3.0,3.6
1262,0.000164528,3.0,3.6
1263,0.000164536,3.02,3.62
1264,0.000164544,3.02,3.62
1265,0.000164552,3.02,3.64
1266,0.00016456,3.04,3.64
1267,0.000164568,3.04,3.66
1268,0.000164576,3.04,3.64
1269,0.000164584,3.06,3.66
1270,0.000164592,3.06,3.66
1271,0.0001646,3.08,3.68
1272,0.000164608,3.06,3.68
1273,0.000164616,3.1,3.68
1274,0.000164624,3.08,3.7
1275,0.000164632,3.1,3.7
1276,0.00016464,3.1,3.72
1277,0.000164648,3.1,3.7
1278,0.000164656,3.1,3.72
1279,0.000164664,3.12,3.74
1280,0.000164672,3.12,3.74
1281,0.00016468,3.14,3.74
1282,0.000164688,3.14,3.74
1283,0.000164696,3.14,3.7600000000000002
1284,0.000164704,3.16,3.7600000000000002
1285,0.000164712,3.16,3.7800000000000002
1286,0.00016472,3.18,3.7800000000000002
1287,0.000164728,3.16,3.7800000000000002
1288,0.000164736,3.18,3.7800000000000002
1289,0.000164744,3.18,3.8000000000000003
1290,0.000164752,3.2,3.8000000000000003
1291,0.00016476000000000001,3.2,3.8000000000000003
1292,0.000164768,3.2,3.8200000000000003
1293,0.000164776,3.22,3.8200000000000003
1294,0.000164784,3.22,3.84
1295,0.000164792,3.22,3.84
1296,0.0001648,3.22,3.84
1297,0.000164808,3.24,3.84
1298,0.000164816,3.24,3.86
1299,0.000164824,3.24,3.86
1300,0.000164832,3.2600000000000002,3.88
1301,0.00016484,3.2600000000000002,3.88
1302,0.000164848,3.2600000000000002,3.9
1303,0.000164856,3.3000000000000003,3.9
1304,0.000164864,3.2800000000000002,3.9
1305,0.000164872,3.2800000000000002,3.9
1306,0.00016488,3.3000000000000003,3.9
1307,0.000164888,3.3000000000000003,3.92
1308,0.000164896,3.3200000000000003,3.92
1309,0.000164904,3.3200000000000003,3.94
1310,0.000164912,3.3200000000000003,3.94
1311,0.00016492,3.3200000000000003,3.96
1312,0.000164928,3.34,3.96
1313,0.000164936,3.36,3.96
1314,0.000164944,3.34,3.96
1315,0.000164952,3.34,3.98
1316,0.00016496,3.38,3.98
1317,0.000164968,3.36,3.98
1318,0.000164976,3.38,4.0
1319,0.000164984,3.38,4.0
1320,0.000164992,3.38,4.0
1321,0.000165,3.38,4.0200000000000005
1322,0.000165008,3.4,4.0200000000000005
1323,0.000165016,3.4,4.04
1324,0.000165024,3.42,4.04
1325,0.00016503200000000002,3.42,4.0600000000000005
1326,0.00016504,3.42,4.04
1327,0.000165048,3.42,4.0600000000000005
1328,0.000165056,3.44,4.0600000000000005
1329,0.000165064,3.44,4.08
1330,0.000165072,3.44,4.1
1331,0.00016508,3.46,4.08
1332,0.000165088,3.46,4.08
1333,0.000165096,3.48,4.1
1334,0.000165104,3.48,4.1
1335,0.000165112,3.48,4.12
1336,0.00016512,3.48,4.12
1337,0.000165128,3.5,4.12
1338,0.000165136,3.5,4.14
1339,0.000165144,3.5,4.14
1340,0.000165152,3.52,4.16
1341,0.00016516,3.52,4.14
1342,0.000165168,3.52,4.16
1343,0.000165176,3.54,4.18
1344,0.000165184,3.54,4.18
1345,0.000165192,3.54,4.2
1346,0.0001652,3.54,4.18
1347,0.000165208,3.56,4.2
1348,0.000165216,3.56,4.2
1349,0.000165224,3.58,4.22
1350,0.000165232,3.56,4.22
1351,0.00016524,3.6,4.22
1352,0.000165248,3.58,4.22
1353,0.000165256,3.58,4.24
1354,0.000165264,3.6,4.24
1355,0.000165272,3.6,4.26
1356,0.00016528,3.62,4.24
1357,0.000165288,3.62,4.26
1358,0.000165296,3.62,4.28
1359,0.00016530400000000002,3.64,4.28
1360,0.000165312,3.64,4.28
1361,0.00016532,3.66,4.28
1362,0.00016532800000000001,3.66,4.32
1363,0.000165336,3.66,4.32
1364,0.000165344,3.66,4.32
1365,0.000165352,3.66,4.32
1366,0.00016536,3.68,4.32
1367,0.000165368,3.68,4.32
1368,0.000165376,3.7,4.34
1369,0.000165384,3.7,4.36
1370,0.000165392,3.7,4.36
1371,0.0001654,3.7,4.36
1372,0.000165408,3.72,4.36
1373,0.000165416,3.72,4.38
1374,0.000165424,3.74,4.38
1375,0.000165432,3.74,4.38
1376,0.00016544,3.74,4.4
1377,0.000165448,3.74,4.4
1378,0.000165456,3.7600000000000002,4.42
1379,0.00016546400000000001,3.7600000000000002,4.42
1380,0.000165472,3.7600000000000002,4.42
1381,0.00016548,3.7800000000000002,4.44
1382,0.000165488,3.8000000000000003,4.44
1383,0.000165496,3.8000000000000003,4.44
1384,0.000165504,3.8000000000000003,4.46
1385,0.000165512,3.8000000000000003,4.46
1386,0.00016552,3.8000000000000003,4.46
1387,0.000165528,3.8200000000000003,4.46
1388,0.000165536,3.84,4.48
1389,0.000165544,3.8200000000000003,4.48
1390,0.000165552,3.84,4.5
1391,0.00016556,3.84,4.5
1392,0.000165568,3.84,4.5
1393,0.00016557600000000002,3.86,4.5200000000000005
1394,0.000165584,3.88,4.5200000000000005
1395,0.000165592,3.86,4.54
1396,0.00016560000000000001,3.88,4.5200000000000005
1397,0.000165608,3.88,4.54
1398,0.000165616,3.88,4.54
1399,0.000165624,3.88,4.5600000000000005
1400,0.000165632,3.92,4.5600000000000005
1401,0.00016564,3.9,4.58
1402,0.000165648,3.9,4.58
1403,0.000165656,3.92,4.58
1404,0.000165664,3.92,4.58
1405,0.000165672,3.94,4.6000000000000005
1406,0.00016568,3.94,4.6000000000000005
1407,0.000165688,3.96,4.62
1408,0.000165696,3.96,4.62
1409,0.000165704,3.96,4.62
1410,0.000165712,3.96,4.62
1411,0.00016572,3.96,4.64
1412,0.000165728,3.98,4.64
1413,0.00016573600000000001,3.98,4.64
1414,0.000165744,4.0,4.66
1415,0.000165752,4.0,4.66
1416,0.00016576,4.0200000000000005,4.66
1417,0.000165768,4.0,4.68
1418,0.000165776,4.0200000000000005,4.68
1419,0.000165784,4.04,4.68
1420,0.000165792,4.0200000000000005,4.7
1421,0.0001658,4.04,4.7
1422,0.000165808,4.04,4.7
1423,0.000165816,4.04,4.72
1424,0.000165824,4.0600000000000005,4.74
1425,0.000165832,4.0600000000000005,4.74
1426,0.00016584,4.0600000000000005,4.74
1427,0.00016584800000000002,4.08,4.74
1428,0.000165856,4.08,4.74
1429,0.000165864,4.1,4.76
1430,0.00016587200000000001,4.1,4.76
1431,0.00016588,4.1,4.76
1432,0.000165888,4.1,4.78
1433,0.000165896,4.12,4.78
1434,0.000165904,4.14,4.78
1435,0.000165912,4.12,4.8
1436,0.00016592,4.14,4.8
1437,0.000165928,4.14,4.82
1438,0.000165936,4.14,4.82
1439,0.000165944,4.16,4.82
1440,0.000165952,4.16,4.84
1441,0.00016596,4.18,4.86
1442,0.000165968,4.16,4.84
1443,0.000165976,4.18,4.86
1444,0.000165984,4.18,4.86
1445,0.000165992,4.2,4.86
1446,0.000166,4.2,4.88
1447,0.00016600800000000001,4.2,4.88
1448,0.000166016,4.22,4.88
1449,0.000166024,4.22,4.88
1450,0.000166032,4.22,4.9
1451,0.00016604,4.22,4.9
1452,0.000166048,4.24,4.9
1453,0.000166056,4.24,4.92
1454,0.000166064,4.24,4.92
1455,0.000166072,4.26,4.94
1456,0.00016608,4.26,4.94
1457,0.000166088,4.26,4.86
1458,0.000166096,4.24,1.6
1459,0.000166104,4.2,-0.04
1460,0.000166112,4.1,0.9
1461,0.00016612000000000002,4.08,-0.04
1462,0.000166128,3.98,0.08
1463,0.000166136,3.92,0.38
1464,0.00016614400000000001,3.86,-0.04
1465,0.000166152,3.8000000000000003,0.32
1466,0.00016616,3.74,0.06
1467,0.000166168,3.68,0.1
1468,0.000166176,3.64,0.24
1469,0.000166184,3.56,0.08
1470,0.000166192,3.52,0.22
1471,0.0001662,3.46,0.16
1472,0.000166208,3.42,0.14
1473,0.000166216,3.36,0.2
1474,0.000166224,3.3200000000000003,0.16
1475,0.000166232,3.2800000000000002,0.2
1476,0.00016624,3.22,0.2
1477,0.000166248,3.16,0.2
1478,0.000166256,3.12,0.22
1479,0.000166264,3.08,0.22
1480,0.000166272,3.04,0.22
1481,0.00016628000000000001,2.98,0.24
1482,0.000166288,2.94,0.24
1483,0.000166296,2.92,0.24
1484,0.000166304,2.86,0.24
1485,0.000166312,2.82,0.26
1486,0.00016632,2.7800000000000002,0.24
1487,0.000166328,2.74,0.26
1488,0.000166336,2.72,0.28
1489,0.000166344,2.66,0.28
1490,0.000166352,2.64,0.26
1491,0.00016636,2.6,0.3
1492,0.000166368,2.56,0.28
1493,0.000166376,2.54,0.3
1494,0.000166384,2.5,0.32
1495,0.00016639200000000002,2.46,0.3
1496,0.0001664,2.44,0.32
1497,0.000166408,2.4,0.32
1498,0.00016641600000000001,2.38,0.34
1499,0.000166424,2.34,0.34
1500,0.000166432,2.32,0.34
1501,0.00016644,2.3000000000000003,0.34
1502,0.000166448,2.2600000000000002,0.34
1503,0.000166456,2.24,0.36
1504,0.000166464,2.2,0.36
1505,0.000166472,2.18,0.38
1506,0.00016648,2.16,0.38
1507,0.000166488,2.12,0.38
1508,0.000166496,2.1,0.4
1509,0.000166504,2.08,0.4
1510,0.000166512,2.06,0.4
1511,0.00016652,2.02,0.4
1512,0.000166528,2.0,0.4
1513,0.000166536,1.98,0.42
1514,0.000166544,1.96,0.42
1515,0.00016655200000000001,1.92,0.44
1516,0.00016656,1.92,0.44
1517,0.000166568,1.8800000000000001,0.44
1518,0.000166576,1.8800000000000001,0.46
1519,0.000166584,1.84,0.46
1520,0.000166592,1.84,0.46
1521,0.0001666,1.82,0.46
1522,0.000166608,1.8,0.48
1523,0.000166616,1.78,0.48
1524,0.000166624,1.76,0.48
1525,0.000166632,1.74,0.5
1526,0.00016664,1.72,0.5
1527,0.000166648,1.7,0.52
1528,0.000166656,1.68,0.52
1529,0.00016666400000000002,1.6600000000000001,0.52
1530,0.000166672,1.6600000000000001,0.52
1531,0.00016668,1.62,0.54
1532,0.00016668800000000001,1.62,0.54
1533,0.000166696,1.6,0.56
1534,0.000166704,1.6,0.56
1535,0.000166712,1.58,0.56
1536,0.00016672,1.56,0.56
1537,0.000166728,1.56,0.58
1538,0.000166736,1.52,0.58
1539,0.000166744,1.52,0.58
1540,0.000166752,1.5,0.58
1541,0.00016676,1.5,0.58
1542,0.000166768,1.48,0.6
1543,0.000166776,1.48,0.6
1544,0.000166784,1.46,0.62
1545,0.000166792,1.44,0.62
1546,0.0001668,1.44,0.62
1547,0.000166808,1.42,0.64
1548,0.000166816,1.42,0.64
1549,0.00016682400000000001,1.4000000000000001,0.66
1550,0.000166832,1.4000000000000001,0.66
1551,0.00016684,1.3800000000000001,0.64
1552,0.000166848,1.3800000000000001,0.66
1553,0.000166856,1.36,0.68
1554,0.000166864,1.34,0.68
1555,0.000166872,1.34,0.7000000000000001
1556,0.00016688,1.34,0.7000000000000001
1557,0.000166888,1.34,0.7000000000000001
1558,0.000166896,1.32,0.72
1559,0.000166904,1.3,0.72
1560,0.000166912,1.3,0.72
1561,0.00016692,1.3,0.74
1562,0.000166928,1.28,0.74
1563,0.00016693600000000002,1.28,0.74
1564,0.000166944,1.28,0.76
1565,0.000166952,1.26,0.76
1566,0.00016696000000000001,1.26,0.76
1567,0.000166968,1.24,0.78
1568,0.000166976,1.26,0.78
1569,0.000166984,1.24,0.78
1570,0.000166992,1.24,0.8
1571,0.000167,1.22,0.8
1572,0.000167008,1.22,0.8
1573,0.000167016,1.22,0.8200000000000001
1574,0.000167024,1.22,0.8200000000000001
1575,0.000167032,1.2,0.8200000000000001
1576,0.00016704,1.2,0.8200000000000001
1577,0.000167048,1.2,0.84
1578,0.000167056,1.2,0.84
1579,0.000167064,1.18,0.86
1580,0.000167072,1.18,0.84
1581,0.00016708,1.18,0.86
1582,0.000167088,1.18,0.86
1583,0.00016709600000000001,1.18,0.88
1584,0.000167104,1.18,0.88
1585,0.000167112,1.16,0.9
1586,0.00016712,1.16,0.9
1587,0.000167128,1.16,0.9
1588,0.000167136,1.16,0.92
1589,0.000167144,1.16,0.92
1590,0.000167152,1.16,0.92
1591,0.00016716,1.1400000000000001,0.9400000000000001
1592,0.000167168,1.1400000000000001,0.9400000000000001
1593,0.000167176,1.1400000000000001,0.9400000000000001
1594,0.000167184,1.1400000000000001,0.96
1595,0.000167192,1.1400000000000001,0.96
1596,0.0001672,1.1400000000000001,0.96
1597,0.00016720800000000002,1.1400000000000001,0.96
1598,0.000167216,1.12,0.98
1599,0.000167224,1.12,0.98
1600,0.00016723200000000001,1.1400000000000001,1.0
1601,0.00016724,1.12,1.0
1602,0.000167248,1.12,1.0
1603,0.000167256,1.12,1.02
1604,0.000167264,1.12,1.02
1605,0.000167272,1.12,1.02
1606,0.00016728,1.12,1.02
1607,0.000167288,1.12,1.02
1608,0.000167296,1.1,1.04
1609,0.000167304,1.12,1.04
1610,0.000167312,1.1,1.06
1611,0.00016732,1.12,1.08
1612,0.000167328,1.12,1.06
1613,0.000167336,1.12,1.08
1614,0.000167344,1.12,1.08
1615,0.000167352,1.12,1.1
1616,0.00016736,1.12,1.1
1617,0.00016736800000000001,1.12,1.1
1618,0.000167376,1.12,1.12
1619,0.000167384,1.12,1.1
1620,0.000167392,1.12,1.1400000000000001
1621,0.0001674,1.12,1.1400000000000001
1622,0.000167408,1.12,1.1400000000000001
1623,0.000167416,1.1,1.1400000000000001
1624,0.000167424,1.12,1.16
1625,0.000167432,1.12,1.16
1626,0.00016744,1.12,1.18
1627,0.000167448,1.12,1.18
1628,0.000167456,1.12,1.18
1629,0.000167464,1.12,1.2
1630,0.000167472,1.12,1.2
1631,0.00016748000000000002,1.12,1.18
1632,0.000167488,1.12,1.2
1633,0.000167496,1.12,1.2
1634,0.00016750400000000001,1.1400000000000001,1.22
1635,0.000167512,1.1400000000000001,1.24
1636,0.00016752,1.1400000000000001,1.22
1637,0.000167528,1.1400000000000001,1.24
1638,0.000167536,1.1400000000000001,1.26
1639,0.000167544,1.12,1.26
1640,0.000167552,1.1400000000000001,1.28
1641,0.00016756,1.1400000000000001,1.26
1642,0.000167568,1.1400000000000001,1.3
1643,0.000167576,1.1400000000000001,1.28
1644,0.000167584,1.1400000000000001,1.3
1645,0.000167592,1.16,1.3
1646,0.0001676,1.16,1.3
1647,0.000167608,1.16,1.32
1648,0.000167616,1.16,1.34
1649,0.000167624,1.16,1.34
1650,0.000167632,1.16,1.32
1651,0.00016764000000000001,1.1400000000000001,1.34
1652,0.000167648,1.16,1.34
1653,0.000167656,1.16,1.36
1654,0.000167664,1.16,1.34
1655,0.000167672,1.18,1.3800000000000001
1656,0.00016768,1.16,1.3800000000000001
1657,0.000167688,1.18,1.3800000000000001
1658,0.000167696,1.18,1.4000000000000001
1659,0.000167704,1.18,1.4000000000000001
1660,0.000167712,1.2,1.4000000000000001
1661,0.00016772,1.2,1.42
1662,0.000167728,1.2,1.42
1663,0.000167736,1.2,1.42
1664,0.000167744,1.2,1.42
1665,0.00016775200000000002,1.2,1.44
1666,0.00016776,1.22,1.44
1667,0.000167768,1.2,1.44
1668,0.00016777600000000001,1.22,1.44
1669,0.000167784,1.22,1.46
1670,0.000167792,1.22,1.48
1671,0.0001678,1.22,1.46
1672,0.000167808,1.24,1.48
1673,0.000167816,1.22,1.48
1674,0.000167824,1.24,1.5
1675,0.000167832,1.24,1.5
1676,0.00016784,1.24,1.52
1677,0.000167848,1.24,1.5
1678,0.000167856,1.24,1.52
1679,0.000167864,1.26,1.54
1680,0.000167872,1.26,1.54
1681,0.00016788,1.26,1.54
1682,0.000167888,1.26,1.54
1683,0.000167896,1.26,1.56
1684,0.000167904,1.26,1.56
1685,0.00016791200000000001,1.28,1.56
1686,0.00016792,1.26,1.56
1687,0.000167928,1.28,1.6
1688,0.000167936,1.28,1.6
1689,0.000167944,1.3,1.6
1690,0.000167952,1.3,1.6
1691,0.00016796,1.28,1.62
1692,0.000167968,1.32,1.62
1693,0.000167976,1.3,1.6
1694,0.000167984,1.32,1.6400000000000001
1695,0.000167992,1.32,1.6400000000000001
1696,0.000168,1.32,1.6400000000000001
1697,0.000168008,1.32,1.6600000000000001
1698,0.000168016,1.32,1.6600000000000001
1699,0.00016802400000000002,1.34,1.6600000000000001
1700,0.000168032,1.34,1.6600000000000001
1701,0.00016804,1.34,1.68
1702,0.00016804800000000001,1.34,1.6600000000000001
1703,0.000168056,1.34,1.7
1704,0.000168064,1.36,1.68
1705,0.000168072,1.36,1.7
1706,0.00016808,1.36,1.72
1707,0.000168088,1.36,1.72
1708,0.000168096,1.3800000000000001,1.72
1709,0.000168104,1.3800000000000001,1.74
1710,0.000168112,1.3800000000000001,1.74
1711,0.00016812,1.3800000000000001,1.74
1712,0.000168128,1.3800000000000001,1.76
1713,0.000168136,1.4000000000000001,1.74
1714,0.000168144,1.4000000000000001,1.76
1715,0.000168152,1.4000000000000001,1.78
1716,0.00016816,1.42,1.78
1717,0.000168168,1.4000000000000001,1.76
1718,0.000168176,1.42,1.78
1719,0.00016818400000000001,1.42,1.78
1720,0.000168192,1.42,1.8
1721,0.0001682,1.44,1.8
1722,0.000168208,1.44,1.82
1723,0.000168216,1.44,1.82
1724,0.000168224,1.44,1.84
1725,0.000168232,1.44,1.84
1726,0.00016824,1.46,1.84
1727,0.000168248,1.48,1.86
1728,0.000168256,1.48,1.86
1729,0.000168264,1.48,1.86
1730,0.000168272,1.48,1.8800000000000001
1731,0.00016828,1.48,1.8800000000000001
1732,0.000168288,1.48,1.8800000000000001
1733,0.00016829600000000002,1.5,1.9000000000000001
1734,0.000168304,1.5,1.9000000000000001
1735,0.000168312,1.52,1.9000000000000001
1736,0.00016832000000000001,1.52,1.92
1737,0.000168328,1.52,1.9000000000000001
1738,0.000168336,1.52,1.94
1739,0.000168344,1.52,1.94
1740,0.000168352,1.54,1.94
1741,0.00016836,1.54,1.94
1742,0.000168368,1.54,1.96
1743,0.000168376,1.56,1.96
1744,0.000168384,1.54,1.96
1745,0.000168392,1.56,1.98
1746,0.0001684,1.56,1.98
1747,0.000168408,1.56,1.98
1748,0.000168416,1.56,2.0
1749,0.000168424,1.58,2.0
1750,0.000168432,1.58,2.0
1751,0.00016844,1.6,2.0
1752,0.000168448,1.6,2.02
1753,0.00016845600000000001,1.6,2.02
1754,0.000168464,1.6,2.02
1755,0.000168472,1.6,2.04
1756,0.00016848,1.62,2.04
1757,0.000168488,1.62,2.06
1758,0.000168496,1.62,2.06
1759,0.000168504,1.62,2.06
1760,0.000168512,1.6400000000000001,2.08
1761,0.00016852,1.6400000000000001,2.08
1762,0.000168528,1.6400000000000001,2.1
1763,0.000168536,1.6400000000000001,2.1
1764,0.000168544,1.6600000000000001,2.12
1765,0.000168552,1.6600000000000001,2.1
1766,0.00016856,1.68,2.12
1767,0.00016856800000000002,1.68,2.12
1768,0.000168576,1.68,2.14
1769,0.000168584,1.68,2.14
1770,0.00016859200000000001,1.7,2.14
1771,0.0001686,1.7,2.16
1772,0.000168608,1.72,2.18
1773,0.000168616,1.72,2.16
1774,0.000168624,1.72,2.18
1775,0.000168632,1.72,2.18
1776,0.00016864,1.72,2.2
1777,0.000168648,1.74,2.2
1778,0.000168656,1.74,2.2
1779,0.000168664,1.74,2.22
1780,0.000168672,1.76,2.2
1781,0.00016868,1.76,2.22
1782,0.000168688,1.76,2.22
1783,0.000168696,1.76,2.22
1784,0.000168704,1.78,2.24
1785,0.000168712,1.78,2.2600000000000002
1786,0.00016872,1.78,2.2600000000000002
1787,0.00016872800000000001,1.8,2.2800000000000002
1788,0.000168736,1.8,2.2600000000000002
1789,0.000168744,1.8,2.2800000000000002
1790,0.000168752,1.82,2.2800000000000002
1791,0.00016876,1.8,2.3000000000000003
1792,0.000168768,1.82,2.3000000000000003
1793,0.000168776,1.82,2.3000000000000003
1794,0.000168784,1.84,2.3000000000000003
1795,0.000168792,1.84,2.32
1796,0.0001688,1.84,2.32
1797,0.000168808,1.86,2.34
1798,0.000168816,1.86,2.34
1799,0.000168824,1.86,2.34
1800,0.000168832,1.86,2.36
1801,0.00016884000000000002,1.8800000000000001,2.34
1802,0.000168848,1.8800000000000001,2.36
1803,0.000168856,1.9000000000000001,2.38
1804,0.00016886400000000001,1.9000000000000001,2.38
1805,0.000168872,1.8800000000000001,2.38
1806,0.00016888,1.9000000000000001,2.4
1807,0.000168888,1.92,2.4
1808,0.000168896,1.92,2.42
1809,0.000168904,1.92,2.42
1810,0.000168912,1.92,2.42
1811,0.00016892,1.94,2.44
1812,0.000168928,1.92,2.42
1813,0.000168936,1.94,2.44
1814,0.000168944,1.96,2.46
1815,0.000168952,1.94,2.44
1816,0.00016896,1.98,2.46
1817,0.000168968,1.98,2.48
1818,0.000168976,1.96,2.48
1819,0.000168984,1.98,2.48
1820,0.000168992,1.98,2.5
1821,0.000169,2.0,2.48
1822,0.000169008,2.0,2.52
1823,0.000169016,2.02,2.5
1824,0.000169024,2.02,2.52
1825,0.000169032,2.02,2.52
1826,0.00016904,2.02,2.52
1827,0.000169048,2.04,2.52
1828,0.000169056,2.04,2.54
1829,0.000169064,2.04,2.54
1830,0.000169072,2.04,2.56
1831,0.00016908,2.06,2.56
1832,0.000169088,2.04,2.56
1833,0.000169096,2.08,2.58
1834,0.000169104,2.08,2.58
1835,0.00016911200000000002,2.08,2.58
1836,0.00016912,2.08,2.6
1837,0.000169128,2.1,2.62
1838,0.00016913600000000002,2.1,2.62
1839,0.000169144,2.08,2.62
1840,0.000169152,2.12,2.62
1841,0.00016916,2.12,2.64
1842,0.000169168,2.1,2.64
1843,0.000169176,2.12,2.66
1844,0.000169184,2.14,2.66
1845,0.000169192,2.14,2.66
1846,0.0001692,2.14,2.66
1847,0.000169208,2.16,2.66
1848,0.000169216,2.16,2.68
1849,0.000169224,2.14,2.7
1850,0.000169232,2.18,2.7
1851,0.00016924,2.18,2.7
1852,0.000169248,2.18,2.72
1853,0.000169256,2.18,2.7
1854,0.000169264,2.2,2.72
1855,0.000169272,2.2,2.72
1856,0.00016928,2.2,2.72
1857,0.000169288,2.22,2.74
1858,0.000169296,2.2,2.7600000000000002
1859,0.000169304,2.22,2.74
1860,0.000169312,2.24,2.7600000000000002
1861,0.00016932,2.24,2.7800000000000002
1862,0.000169328,2.24,2.7800000000000002
1863,0.000169336,2.24,2.7800000000000002
1864,0.000169344,2.2600000000000002,2.7800000000000002
1865,0.000169352,2.2600000000000002,2.7800000000000002
1866,0.00016936,2.2600000000000002,2.7800000000000002
1867,0.000169368,2.2800000000000002,2.82
1868,0.000169376,2.2800000000000002,2.8000000000000003
1869,0.000169384,2.2800000000000002,2.82
1870,0.000169392,2.3000000000000003,2.84
1871,0.0001694,2.3000000000000003,2.82
1872,0.00016940800000000002,2.32,2.84
1873,0.000169416,2.32,2.84
1874,0.000169424,2.32,2.86
1875,0.00016943200000000001,2.3000000000000003,2.86
1876,0.00016944,2.32,2.86
1877,0.000169448,2.34,2.86
1878,0.000169456,2.34,2.86
1879,0.000169464,2.36,2.9
1880,0.000169472,2.34,2.9
1881,0.00016948,2.36,2.92
1882,0.000169488,2.38,2.92
1883,0.000169496,2.38,2.92
1884,0.000169504,2.36,2.92
1885,0.000169512,2.38,2.92
1886,0.00016952,2.38,2.92
1887,0.000169528,2.38,2.94
1888,0.000169536,2.4,2.94
1889,0.000169544,2.42,2.96
1890,0.000169552,2.4,2.96
1891,0.00016956,2.42,2.96
1892,0.00016956800000000001,2.42,2.98
1893,0.000169576,2.44,2.98
1894,0.000169584,2.44,2.98
1895,0.000169592,2.46,3.0
1896,0.0001696,2.44,3.0
1897,0.000169608,2.44,3.02
1898,0.000169616,2.46,3.02
1899,0.000169624,2.48,3.02
1900,0.000169632,2.46,3.04
1901,0.00016964,2.48,3.04
1902,0.000169648,2.48,3.06
1903,0.000169656,2.5,3.06
1904,0.000169664,2.5,3.06
1905,0.000169672,2.5,3.06
1906,0.00016968000000000002,2.5,3.06
1907,0.000169688,2.5,3.08
1908,0.000169696,2.52,3.08
1909,0.00016970400000000001,2.52,3.1
1910,0.000169712,2.54,3.1
1911,0.00016972,2.54,3.1
1912,0.000169728,2.54,3.1
1913,0.000169736,2.56,3.12
1914,0.000169744,2.56,3.12
1915,0.000169752,2.56,3.14
1916,0.00016976,2.58,3.14
1917,0.000169768,2.56,3.16
1918,0.000169776,2.58,3.16
1919,0.000169784,2.58,3.16
1920,0.000169792,2.6,3.18
1921,0.0001698,2.6,3.18
1922,0.000169808,2.62,3.18
1923,0.000169816,2.62,3.18
1924,0.000169824,2.64,3.2
1925,0.000169832,2.62,3.2
1926,0.00016984000000000001,2.64,3.22
1927,0.000169848,2.64,3.22
1928,0.000169856,2.64,3.24
1929,0.000169864,2.64,3.24
1930,0.000169872,2.66,3.24
1931,0.00016988,2.66,3.24
1932,0.000169888,2.66,3.24
1933,0.000169896,2.68,3.2600000000000002
1934,0.000169904,2.68,3.2600000000000002
1935,0.000169912,2.7,3.2800000000000002
1936,0.00016992,2.7,3.3000000000000003
1937,0.00016992800000000002,2.7,3.3000000000000003
1938,0.000169936,2.7,3.3000000000000003
1939,0.000169944,2.72,3.3000000000000003
1940,0.00016995200000000002,2.72,3.3000000000000003
1941,0.00016996,2.74,3.3200000000000003
1942,0.000169968,2.74,3.3200000000000003
1943,0.00016997600000000001,2.74,3.34
1944,0.000169984,2.74,3.3200000000000003
1945,0.000169992,2.7600000000000002,3.36
1946,0.00017,2.7600000000000002,3.36
1947,0.000170008,2.7600000000000002,3.36
1948,0.000170016,2.7800000000000002,3.36
1949,0.000170024,2.7800000000000002,3.36
1950,0.000170032,2.7800000000000002,3.38
1951,0.00017004,2.8000000000000003,3.38
1952,0.000170048,2.8000000000000003,3.38
1953,0.000170056,2.8000000000000003,3.4
1954,0.000170064,2.8000000000000003,3.4
1955,0.000170072,2.82,3.42
1956,0.00017008,2.84,3.42
1957,0.000170088,2.82,3.44
1958,0.000170096,2.84,3.42
1959,0.000170104,2.84,3.44
1960,0.00017011200000000001,2.86,3.44
1961,0.00017012,2.86,3.44
1962,0.000170128,2.86,3.46
1963,0.000170136,2.88,3.46
1964,0.000170144,2.88,3.46
1965,0.000170152,2.9,3.48
1966,0.00017016,2.88,3.5
1967,0.000170168,2.9,3.48
1968,0.000170176,2.9,3.5
1969,0.000170184,2.9,3.5
1970,0.000170192,2.92,3.5
1971,0.00017020000000000002,2.92,3.52
1972,0.000170208,2.92,3.52
1973,0.000170216,2.94,3.52
1974,0.00017022400000000002,2.94,3.54
1975,0.000170232,2.94,3.54
1976,0.00017024,2.94,3.56
1977,0.00017024800000000001,2.96,3.56
1978,0.000170256,2.96,3.56
1979,0.000170264,2.98,3.56
1980,0.000170272,2.98,3.58
1981,0.00017028,2.98,3.6
1982,0.000170288,2.98,3.6
1983,0.000170296,3.0,3.6
1984,0.000170304,3.0,3.62
1985,0.000170312,3.0,3.62
1986,0.00017032,3.02,3.62
1987,0.000170328,3.04,3.62
1988,0.000170336,3.02,3.64
1989,0.000170344,3.02,3.64
1990,0.000170352,3.04,3.64
1991,0.00017036,3.06,3.66
1992,0.000170368,3.06,3.66
1993,0.000170376,3.06,3.68
1994,0.00017038400000000001,3.08,3.68
1995,0.000170392,3.08,3.68
1996,0.0001704,3.08,3.7
1997,0.000170408,3.08,3.7
1998,0.000170416,3.1,3.7
1999,0.000170424,3.1,3.7
