,time,v1,v2
0,0.000146432,2.42,2.82
1,0.000146448,2.44,2.84
2,0.00014646399999999999,2.44,2.84
3,0.00014648,2.46,2.84
4,0.000146496,2.46,2.86
5,0.000146512,2.46,2.88
6,0.000146528,2.46,2.88
7,0.000146544,2.48,2.88
8,0.00014656,2.5,2.9
9,0.000146576,2.5,2.92
10,0.000146592,2.52,2.92
11,0.000146608,2.5,2.92
12,0.00014662399999999998,2.52,2.94
13,0.00014664,2.52,2.94
14,0.000146656,2.52,2.94
15,0.000146672,2.56,2.96
16,0.000146688,2.56,2.98
17,0.000146704,2.56,2.98
18,0.00014672,2.56,2.98
19,0.00014673599999999999,2.58,3.0
20,0.000146752,2.58,3.0
21,0.000146768,2.6,3.0
22,0.000146784,2.6,3.02
23,0.0001468,2.6,3.02
24,0.000146816,2.6,3.04
25,0.000146832,2.64,3.06
26,0.000146848,2.64,3.06
27,0.000146864,2.64,3.06
28,0.00014688,2.64,3.08
29,0.00014689599999999998,2.66,3.1
30,0.000146912,2.66,3.1
31,0.000146928,2.68,3.1
32,0.000146944,2.7,3.1
33,0.00014696,2.68,3.12
34,0.000146976,2.7,3.12
35,0.000146992,2.7,3.14
36,0.00014700799999999999,2.72,3.14
37,0.000147024,2.72,3.16
38,0.00014704,2.74,3.16
39,0.000147056,2.74,3.18
40,0.000147072,2.74,3.18
41,0.000147088,2.7600000000000002,3.18
42,0.000147104,2.7600000000000002,3.2
43,0.00014712,2.7800000000000002,3.2
44,0.000147136,2.7800000000000002,3.22
45,0.000147152,2.8000000000000003,3.22
46,0.00014716799999999998,2.8000000000000003,3.24
47,0.000147184,2.82,3.24
48,0.0001472,2.82,3.2600000000000002
49,0.000147216,2.82,3.2600000000000002
50,0.000147232,2.82,3.2600000000000002
51,0.000147248,2.84,3.2800000000000002
52,0.000147264,2.86,3.2800000000000002
53,0.00014727999999999999,2.88,3.3000000000000003
54,0.000147296,2.86,3.3200000000000003
55,0.000147312,2.86,3.3200000000000003
56,0.000147328,2.88,3.34
57,0.000147344,2.88,3.34
58,0.00014736,2.92,3.36
59,0.000147376,2.92,3.34
60,0.000147392,2.92,3.36
61,0.000147408,2.92,3.38
62,0.000147424,2.94,3.38
63,0.00014743999999999998,2.94,3.38
64,0.000147456,2.94,3.38
65,0.000147472,2.96,3.4
66,0.000147488,2.96,3.42
67,0.000147504,2.98,3.42
68,0.00014752,2.98,3.42
69,0.000147536,2.98,3.44
70,0.00014755199999999999,3.0,3.46
71,0.000147568,3.0,3.46
72,0.000147584,3.02,3.46
73,0.0001476,3.02,3.48
74,0.000147616,3.04,3.48
75,0.000147632,3.04,3.5
76,0.000147648,3.04,3.5
77,0.000147664,3.06,3.52
78,0.00014768,3.06,3.52
79,0.000147696,3.08,3.52
80,0.00014771199999999998,3.08,3.54
81,0.000147728,3.08,3.54
82,0.000147744,3.1,3.56
83,0.00014776,3.1,3.56
84,0.000147776,3.12,3.56
85,0.000147792,3.12,3.58
86,0.000147808,3.14,3.58
87,0.00014782399999999999,3.14,3.6
88,0.00014784,3.14,3.6
89,0.000147856,3.16,3.62
90,0.000147872,3.16,3.64
91,0.000147888,3.16,3.62
92,0.000147904,3.18,3.64
93,0.00014792,3.2,3.66
94,0.000147936,3.2,3.66
95,0.000147952,3.2,3.68
96,0.000147968,3.24,3.68
97,0.00014798399999999998,3.22,3.7
98,0.000148,3.2600000000000002,3.7
99,0.000148016,3.24,3.7
100,0.000148032,3.2600000000000002,3.72
101,0.000148048,3.2600000000000002,3.72
102,0.000148064,3.2600000000000002,3.74
103,0.00014808,3.2800000000000002,3.74
104,0.00014809599999999999,3.2800000000000002,3.7600000000000002
105,0.000148112,3.3000000000000003,3.7600000000000002
106,0.000148128,3.3000000000000003,3.7800000000000002
107,0.000148144,3.3200000000000003,3.7800000000000002
108,0.00014816,3.3200000000000003,3.8000000000000003
109,0.000148176,3.34,3.8000000000000003
110,0.000148192,3.34,3.8000000000000003
111,0.000148208,3.36,3.8200000000000003
112,0.000148224,3.36,3.8200000000000003
113,0.00014824,3.36,3.84
114,0.00014825599999999998,3.38,3.84
115,0.000148272,3.38,3.86
116,0.000148288,3.38,3.86
117,0.000148304,3.4,3.86
118,0.00014832,3.42,3.88
119,0.000148336,3.42,3.88
120,0.000148352,3.42,3.9
121,0.00014836799999999999,3.42,3.9
122,0.000148384,3.44,3.92
123,0.0001484,3.44,3.92
124,0.000148416,3.44,3.92
125,0.000148432,3.48,3.94
126,0.000148448,3.48,3.94
127,0.000148464,3.48,3.94
128,0.00014848,3.5,3.96
129,0.000148496,3.5,3.98
130,0.000148512,3.52,3.98
131,0.00014852799999999998,3.5,4.0
132,0.000148544,3.52,4.0
133,0.00014856,3.52,4.0
134,0.000148576,3.54,4.0200000000000005
135,0.000148592,3.54,4.0200000000000005
136,0.000148608,3.56,4.0200000000000005
137,0.000148624,3.56,4.04
138,0.00014863999999999999,3.56,4.0600000000000005
139,0.000148656,3.58,4.0600000000000005
140,0.000148672,3.58,4.0600000000000005
141,0.000148688,3.6,4.0600000000000005
142,0.000148704,3.6,4.08
143,0.00014872,3.62,4.1
144,0.000148736,3.64,4.1
145,0.000148752,3.62,4.1
146,0.000148768,3.64,4.12
147,0.000148784,3.64,4.12
148,0.00014879999999999998,3.66,4.16
149,0.000148816,3.66,4.14
150,0.000148832,3.68,4.16
151,0.000148848,3.68,4.16
152,0.000148864,3.68,4.16
153,0.00014888,3.7,4.18
154,0.000148896,3.7,4.2
155,0.00014891199999999999,3.7,4.22
156,0.000148928,3.72,4.22
157,0.000148944,3.72,4.22
158,0.00014896,3.7600000000000002,4.22
159,0.000148976,3.74,4.22
160,0.000148992,3.7800000000000002,4.24
161,0.000149008,3.7600000000000002,4.26
162,0.000149024,3.7800000000000002,4.26
163,0.00014904,3.7800000000000002,4.28
164,0.000149056,3.8000000000000003,4.28
165,0.00014907199999999998,3.8000000000000003,4.3
166,0.000149088,3.8000000000000003,4.3
167,0.000149104,3.8200000000000003,4.3
168,0.00014912,3.8200000000000003,4.32
169,0.000149136,3.84,4.32
170,0.000149152,3.84,4.32
171,0.000149168,3.84,4.34
172,0.000149184,3.86,4.34
173,0.0001492,3.86,4.36
174,0.000149216,3.88,4.38
175,0.000149232,3.88,4.38
176,0.000149248,3.88,4.38
177,0.000149264,3.9,4.38
178,0.00014928,3.9,4.4
179,0.000149296,3.92,4.42
180,0.000149312,3.92,4.42
181,0.000149328,3.94,4.44
182,0.00014934399999999999,3.96,4.46
183,0.00014936,3.96,4.44
184,0.000149376,3.98,4.46
185,0.000149392,3.98,4.46
186,0.000149408,3.98,4.48
187,0.000149424,3.98,4.48
188,0.00014944,4.0,4.5
189,0.000149456,4.0,4.5
190,0.000149472,4.0,4.5200000000000005
191,0.000149488,4.0200000000000005,4.5200000000000005
192,0.000149504,4.0200000000000005,4.5200000000000005
193,0.00014952,4.04,4.54
194,0.000149536,4.04,4.54
195,0.000149552,4.0600000000000005,4.5600000000000005
196,0.000149568,4.0600000000000005,4.5600000000000005
197,0.000149584,4.0600000000000005,4.58
198,0.0001496,4.08,4.58
199,0.00014961599999999999,4.08,4.6000000000000005
200,0.000149632,4.1,4.6000000000000005
201,0.000149648,4.1,4.6000000000000005
202,0.000149664,4.1,4.62
203,0.00014968,4.12,4.62
204,0.000149696,4.12,4.64
205,0.000149712,4.14,4.64
206,0.000149728,4.14,4.64
207,0.000149744,4.14,4.66
208,0.00014976,4.16,4.66
209,0.00014977599999999998,4.16,4.68
210,0.000149792,4.18,4.68
211,0.000149808,4.18,4.7
212,0.000149824,4.18,4.7
213,0.00014984,4.2,4.7
214,0.000149856,4.2,4.74
215,0.000149872,4.22,4.74
216,0.00014988799999999999,4.22,4.74
217,0.000149904,4.24,4.76
218,0.00014992,4.26,4.76
219,0.000149936,4.24,4.78
220,0.000149952,4.26,4.76
221,0.000149968,4.26,4.78
222,0.000149984,4.28,4.78
223,0.00015,4.28,4.8
224,0.000150016,4.3,4.82
225,0.000150032,4.3,4.82
226,0.00015004799999999998,4.3,4.84
227,0.000150064,4.32,4.84
228,0.00015008,4.32,4.84
229,0.000150096,4.34,4.86
230,0.000150112,4.34,4.86
231,0.000150128,4.36,4.86
232,0.000150144,4.36,4.88
233,0.00015015999999999999,4.38,4.9
234,0.000150176,4.38,4.92
235,0.000150192,4.38,4.9
236,0.000150208,4.38,4.92
237,0.000150224,4.4,4.92
238,0.00015024,4.42,4.94
239,0.000150256,4.42,4.94
240,0.000150272,4.42,4.7
241,0.000150288,4.36,-0.04
242,0.000150304,4.2,-0.04
243,0.00015031999999999998,4.04,0.26
244,0.000150336,3.92,0.34
245,0.000150352,3.8200000000000003,0.12
246,0.000150368,3.7,0.04
247,0.000150384,3.58,0.12
248,0.0001504,3.48,0.16
249,0.000150416,3.38,0.16
250,0.00015043199999999999,3.2800000000000002,0.16
251,0.000150448,3.18,0.16
252,0.000150464,3.08,0.16
253,0.00015048,3.0,0.18
254,0.000150496,2.92,0.18
255,0.000150512,2.84,0.18
256,0.000150528,2.7600000000000002,0.2
257,0.000150544,2.68,0.2
258,0.00015056,2.6,0.22
259,0.000150576,2.54,0.22
260,0.00015059199999999998,2.46,0.22
261,0.000150608,2.4,0.24
262,0.000150624,2.34,0.24
263,0.00015064,2.2800000000000002,0.24
264,0.000150656,2.22,0.26
265,0.000150672,2.16,0.26
266,0.000150688,2.1,0.28
267,0.00015070399999999999,2.06,0.28
268,0.00015072,2.0,0.28
269,0.000150736,1.96,0.3
270,0.000150752,1.9000000000000001,0.3
271,0.000150768,1.86,0.32
272,0.000150784,1.82,0.3
273,0.0001508,1.78,0.34
274,0.000150816,1.74,0.34
275,0.000150832,1.7,0.34
276,0.000150848,1.6600000000000001,0.36
277,0.00015086399999999998,1.62,0.34
278,0.00015088,1.58,0.36
279,0.000150896,1.56,0.38
280,0.000150912,1.52,0.38
281,0.000150928,1.5,0.38
282,0.000150944,1.46,0.4
283,0.00015096,1.44,0.4
284,0.00015097599999999999,1.4000000000000001,0.42
285,0.000150992,1.36,0.42
286,0.000151008,1.34,0.42
287,0.000151024,1.32,0.44
288,0.00015104,1.32,0.44
289,0.000151056,1.26,0.46
290,0.000151072,1.26,0.46
291,0.000151088,1.22,0.48
292,0.000151104,1.22,0.48
293,0.00015112,1.18,0.48
294,0.00015113599999999998,1.18,0.5
295,0.000151152,1.16,0.52
296,0.000151168,1.1400000000000001,0.52
297,0.000151184,1.12,0.52
298,0.0001512,1.12,0.54
299,0.000151216,1.1,0.54
300,0.000151232,1.08,0.56
301,0.00015124799999999999,1.06,0.56
302,0.000151264,1.04,0.56
303,0.00015128,1.04,0.58
304,0.000151296,1.02,0.58
305,0.000151312,1.02,0.58
306,0.000151328,1.02,0.6
307,0.000151344,1.0,0.62
308,0.00015136,0.98,0.62
309,0.000151376,0.96,0.62
310,0.000151392,0.96,0.64
311,0.00015140799999999998,0.96,0.64
312,0.000151424,0.96,0.66
313,0.00015144,0.9400000000000001,0.66
314,0.000151456,0.9400000000000001,0.66
315,0.000151472,0.9400000000000001,0.68
316,0.000151488,0.9400000000000001,0.68
317,0.000151504,0.92,0.7000000000000001
318,0.00015151999999999999,0.92,0.7000000000000001
319,0.000151536,0.9,0.7000000000000001
320,0.000151552,0.92,0.72
321,0.000151568,0.9,0.74
322,0.000151584,0.9,0.74
323,0.0001516,0.9,0.74
324,0.000151616,0.9,0.74
325,0.000151632,0.9,0.76
326,0.000151648,0.88,0.78
327,0.000151664,0.88,0.76
328,0.00015167999999999998,0.88,0.8
329,0.000151696,0.88,0.8
330,0.000151712,0.88,0.8200000000000001
331,0.000151728,0.88,0.8200000000000001
332,0.000151744,0.88,0.8200000000000001
333,0.00015176,0.88,0.8200000000000001
334,0.000151776,0.88,0.84
335,0.00015179199999999999,0.88,0.84
336,0.000151808,0.88,0.86
337,0.000151824,0.88,0.86
338,0.00015184,0.88,0.88
339,0.000151856,0.88,0.88
340,0.000151872,0.88,0.9
341,0.000151888,0.88,0.9
342,0.000151904,0.88,0.92
343,0.00015192,0.88,0.92
344,0.000151936,0.88,0.92
345,0.00015195199999999998,0.9,0.9400000000000001
346,0.000151968,0.9,0.9400000000000001
347,0.000151984,0.9,0.9400000000000001
348,0.000152,0.9,0.96
349,0.000152016,0.9,0.98
350,0.000152032,0.9,0.98
351,0.000152048,0.9,0.98
352,0.00015206399999999999,0.9,0.98
353,0.00015208,0.9,1.0
354,0.000152096,0.9,1.02
355,0.000152112,0.9,1.02
356,0.000152128,0.92,1.04
357,0.000152144,0.92,1.04
358,0.00015216,0.9400000000000001,1.04
359,0.000152176,0.9400000000000001,1.06
360,0.000152192,0.9400000000000001,1.06
361,0.000152208,0.9400000000000001,1.08
362,0.00015222399999999998,0.9400000000000001,1.1
363,0.00015224,0.96,1.08
364,0.000152256,0.96,1.1
365,0.000152272,0.96,1.12
366,0.000152288,0.96,1.12
367,0.000152304,0.96,1.12
368,0.00015232,0.96,1.1400000000000001
369,0.00015233599999999999,0.96,1.16
370,0.000152352,0.98,1.16
371,0.000152368,0.98,1.16
372,0.000152384,0.98,1.18
373,0.0001524,1.0,1.18
374,0.000152416,1.0,1.2
375,0.000152432,1.0,1.2
376,0.000152448,1.02,1.22
377,0.000152464,1.02,1.22
378,0.00015248,1.02,1.24
379,0.00015249599999999998,1.04,1.24
380,0.000152512,1.04,1.24
381,0.000152528,1.04,1.26
382,0.000152544,1.04,1.28
383,0.00015256,1.04,1.28
384,0.000152576,1.04,1.28
385,0.000152592,1.06,1.3
386,0.00015260799999999999,1.08,1.3
387,0.000152624,1.08,1.32
388,0.00015264,1.08,1.32
389,0.00015265599999999998,1.08,1.34
390,0.000152672,1.1,1.34
391,0.000152688,1.12,1.34
392,0.000152704,1.12,1.36
393,0.00015272,1.12,1.36
394,0.000152736,1.12,1.36
395,0.000152752,1.12,1.3800000000000001
396,0.00015276799999999998,1.12,1.4000000000000001
397,0.000152784,1.1400000000000001,1.4000000000000001
398,0.0001528,1.16,1.4000000000000001
399,0.000152816,1.16,1.42
400,0.000152832,1.16,1.42
401,0.000152848,1.18,1.44
402,0.000152864,1.18,1.44
403,0.00015287999999999999,1.18,1.46
404,0.000152896,1.2,1.46
405,0.000152912,1.18,1.46
406,0.00015292799999999998,1.2,1.48
407,0.000152944,1.2,1.48
408,0.00015296,1.22,1.5
409,0.000152976,1.24,1.5
410,0.000152992,1.22,1.52
411,0.000153008,1.24,1.52
412,0.000153024,1.24,1.52
413,0.00015303999999999998,1.26,1.54
414,0.000153056,1.26,1.56
415,0.000153072,1.26,1.56
416,0.000153088,1.28,1.56
417,0.000153104,1.28,1.58
418,0.00015312,1.28,1.58
419,0.000153136,1.3,1.6
420,0.000153152,1.3,1.6
421,0.000153168,1.32,1.6
422,0.000153184,1.32,1.6
423,0.00015319999999999998,1.32,1.62
424,0.000153216,1.32,1.6400000000000001
425,0.000153232,1.34,1.6400000000000001
426,0.000153248,1.36,1.6400000000000001
427,0.000153264,1.36,1.6400000000000001
428,0.00015328,1.36,1.68
429,0.000153296,1.36,1.68
430,0.00015331199999999998,1.36,1.68
431,0.000153328,1.3800000000000001,1.7
432,0.000153344,1.3800000000000001,1.7
433,0.00015336,1.4000000000000001,1.72
434,0.000153376,1.4000000000000001,1.72
435,0.000153392,1.4000000000000001,1.72
436,0.000153408,1.42,1.74
437,0.000153424,1.44,1.74
438,0.00015344,1.44,1.76
439,0.000153456,1.44,1.78
440,0.00015347199999999998,1.46,1.78
441,0.000153488,1.46,1.78
442,0.000153504,1.46,1.8
443,0.00015352,1.48,1.8
444,0.000153536,1.48,1.8
445,0.000153552,1.5,1.8
446,0.000153568,1.5,1.84
447,0.00015358399999999999,1.5,1.84
448,0.0001536,1.52,1.84
449,0.000153616,1.52,1.86
450,0.000153632,1.54,1.86
451,0.000153648,1.54,1.8800000000000001
452,0.000153664,1.54,1.8800000000000001
453,0.00015368,1.56,1.8800000000000001
454,0.000153696,1.54,1.9000000000000001
455,0.000153712,1.58,1.8800000000000001
456,0.000153728,1.58,1.92
457,0.00015374399999999998,1.58,1.92
458,0.00015376,1.58,1.92
459,0.000153776,1.6,1.94
460,0.000153792,1.6,1.96
461,0.000153808,1.62,1.96
462,0.000153824,1.62,1.98
463,0.00015384,1.6400000000000001,1.98
464,0.00015385599999999999,1.62,1.98
465,0.000153872,1.6400000000000001,1.98
466,0.000153888,1.6400000000000001,2.0
467,0.000153904,1.6600000000000001,2.02
468,0.00015392,1.6600000000000001,2.02
469,0.000153936,1.68,2.02
470,0.000153952,1.7,2.04
471,0.000153968,1.7,2.04
472,0.000153984,1.7,2.06
473,0.000154,1.72,2.06
474,0.00015401599999999998,1.72,2.08
475,0.000154032,1.74,2.08
476,0.000154048,1.74,2.1
477,0.000154064,1.74,2.1
478,0.00015408,1.76,2.1
479,0.000154096,1.76,2.1
480,0.000154112,1.76,2.14
481,0.00015412799999999999,1.78,2.14
482,0.000154144,1.78,2.12
483,0.00015416,1.78,2.16
484,0.000154176,1.8,2.16
485,0.000154192,1.8,2.18
486,0.000154208,1.82,2.18
487,0.000154224,1.82,2.2
488,0.00015424,1.84,2.2
489,0.000154256,1.84,2.2
490,0.000154272,1.86,2.22
491,0.00015428799999999998,1.86,2.22
492,0.000154304,1.86,2.24
493,0.00015432,1.8800000000000001,2.24
494,0.000154336,1.8800000000000001,2.24
495,0.000154352,1.9000000000000001,2.2600000000000002
496,0.000154368,1.9000000000000001,2.2800000000000002
497,0.000154384,1.9000000000000001,2.2800000000000002
498,0.00015439999999999999,1.92,2.2800000000000002
499,0.000154416,1.92,2.3000000000000003
500,0.000154432,1.94,2.3000000000000003
501,0.000154448,1.92,2.32
502,0.000154464,1.96,2.32
503,0.00015448,1.96,2.34
504,0.000154496,1.96,2.34
505,0.000154512,1.98,2.36
506,0.000154528,1.98,2.34
507,0.000154544,2.0,2.38
508,0.00015455999999999998,2.0,2.38
509,0.000154576,2.02,2.38
510,0.000154592,2.02,2.4
511,0.000154608,2.02,2.4
512,0.000154624,2.04,2.42
513,0.00015464,2.04,2.4
514,0.000154656,2.06,2.42
515,0.00015467199999999999,2.04,2.44
516,0.000154688,2.06,2.44
517,0.000154704,2.08,2.44
518,0.00015472,2.08,2.46
519,0.000154736,2.1,2.48
520,0.000154752,2.08,2.48
521,0.000154768,2.12,2.48
522,0.000154784,2.12,2.5
523,0.0001548,2.14,2.5
524,0.000154816,2.14,2.52
525,0.00015483199999999998,2.14,2.52
526,0.000154848,2.16,2.52
527,0.000154864,2.16,2.54
528,0.00015488,2.16,2.54
529,0.000154896,2.18,2.56
530,0.000154912,2.18,2.56
531,0.000154928,2.2,2.58
532,0.00015494399999999999,2.2,2.58
533,0.00015496,2.2,2.6
534,0.000154976,2.2,2.62
535,0.000154992,2.22,2.6
536,0.000155008,2.22,2.6
537,0.000155024,2.24,2.62
538,0.00015504,2.24,2.64
539,0.000155056,2.2600000000000002,2.64
540,0.000155072,2.2600000000000002,2.64
541,0.000155088,2.2600000000000002,2.68
542,0.00015510399999999998,2.2800000000000002,2.66
543,0.00015512,2.2800000000000002,2.68
544,0.000155136,2.2800000000000002,2.68
545,0.000155152,2.3000000000000003,2.7
546,0.000155168,2.3000000000000003,2.72
547,0.000155184,2.3000000000000003,2.7
548,0.0001552,2.34,2.72
549,0.00015521599999999999,2.34,2.72
550,0.000155232,2.32,2.7600000000000002
551,0.000155248,2.34,2.74
552,0.000155264,2.36,2.7600000000000002
553,0.00015528,2.38,2.7600000000000002
554,0.000155296,2.38,2.7800000000000002
555,0.000155312,2.4,2.7800000000000002
556,0.000155328,2.4,2.7800000000000002
557,0.000155344,2.38,2.82
558,0.00015536,2.4,2.8000000000000003
559,0.00015537599999999998,2.4,2.82
560,0.000155392,2.42,2.82
561,0.000155408,2.44,2.86
562,0.000155424,2.44,2.84
563,0.00015544,2.46,2.86
564,0.000155456,2.44,2.86
565,0.000155472,2.46,2.86
566,0.00015548799999999999,2.48,2.86
567,0.000155504,2.48,2.88
568,0.00015552,2.5,2.9
569,0.000155536,2.5,2.9
570,0.000155552,2.5,2.9
571,0.000155568,2.5,2.92
572,0.000155584,2.5,2.92
573,0.0001556,2.52,2.94
574,0.000155616,2.52,2.94
575,0.000155632,2.54,2.96
576,0.00015564799999999998,2.54,2.98
577,0.000155664,2.56,2.98
578,0.00015568,2.56,2.98
579,0.000155696,2.56,2.98
580,0.000155712,2.58,3.0
581,0.000155728,2.58,3.02
582,0.000155744,2.6,3.02
583,0.00015575999999999999,2.6,3.04
584,0.000155776,2.6,3.04
585,0.000155792,2.64,3.04
586,0.000155808,2.62,3.06
587,0.000155824,2.64,3.06
588,0.00015584,2.64,3.06
589,0.000155856,2.66,3.08
590,0.000155872,2.66,3.08
591,0.000155888,2.66,3.1
592,0.000155904,2.68,3.1
593,0.00015591999999999998,2.7,3.12
594,0.000155936,2.7,3.14
595,0.000155952,2.7,3.12
596,0.000155968,2.72,3.16
597,0.000155984,2.72,3.16
598,0.000156,2.72,3.16
599,0.000156016,2.74,3.18
600,0.00015603199999999999,2.74,3.2
601,0.000156048,2.7600000000000002,3.18
602,0.000156064,2.7600000000000002,3.2
603,0.00015608,2.7800000000000002,3.2
604,0.000156096,2.7800000000000002,3.22
605,0.000156112,2.7800000000000002,3.22
606,0.000156128,2.8000000000000003,3.24
607,0.000156144,2.8000000000000003,3.2600000000000002
608,0.00015616,2.8000000000000003,3.2600000000000002
609,0.000156176,2.82,3.2600000000000002
610,0.00015619199999999998,2.82,3.2600000000000002
611,0.000156208,2.84,3.2800000000000002
612,0.000156224,2.84,3.2800000000000002
613,0.00015624,2.86,3.2800000000000002
614,0.000156256,2.86,3.3000000000000003
615,0.000156272,2.88,3.3200000000000003
616,0.000156288,2.88,3.3200000000000003
617,0.00015630399999999999,2.88,3.3200000000000003
618,0.00015632,2.9,3.36
619,0.000156336,2.9,3.36
620,0.000156352,2.9,3.36
621,0.000156368,2.92,3.38
622,0.000156384,2.94,3.38
623,0.0001564,2.94,3.38
624,0.000156416,2.96,3.4
625,0.000156432,2.96,3.4
626,0.000156448,2.96,3.42
627,0.00015646399999999998,2.96,3.42
628,0.00015648,3.0,3.44
629,0.000156496,2.98,3.44
630,0.000156512,3.0,3.44
631,0.000156528,3.02,3.46
632,0.000156544,3.02,3.46
633,0.00015656,3.04,3.48
634,0.00015657599999999999,3.04,3.48
635,0.000156592,3.04,3.48
636,0.000156608,3.04,3.5
637,0.000156624,3.06,3.5
638,0.00015664,3.06,3.52
639,0.000156656,3.08,3.52
640,0.000156672,3.08,3.54
641,0.000156688,3.1,3.54
642,0.000156704,3.1,3.54
643,0.00015672,3.1,3.56
644,0.00015673599999999998,3.12,3.58
645,0.000156752,3.12,3.58
646,0.000156768,3.12,3.58
647,0.000156784,3.16,3.6
648,0.0001568,3.14,3.6
649,0.000156816,3.16,3.62
650,0.000156832,3.16,3.62
651,0.00015684799999999999,3.18,3.62
652,0.000156864,3.18,3.64
653,0.00015688,3.18,3.64
654,0.000156896,3.22,3.66
655,0.000156912,3.22,3.66
656,0.000156928,3.22,3.68
657,0.000156944,3.22,3.68
658,0.00015696,3.22,3.7
659,0.000156976,3.2600000000000002,3.7
660,0.000156992,3.24,3.72
661,0.00015700799999999998,3.2600000000000002,3.72
662,0.000157024,3.2600000000000002,3.74
663,0.00015704,3.2800000000000002,3.74
664,0.000157056,3.2800000000000002,3.74
665,0.000157072,3.3000000000000003,3.7600000000000002
666,0.000157088,3.3000000000000003,3.7600000000000002
667,0.000157104,3.3200000000000003,3.7800000000000002
668,0.00015712,3.3200000000000003,3.7800000000000002
669,0.000157136,3.3200000000000003,3.7800000000000002
670,0.000157152,3.34,3.8000000000000003
671,0.000157168,3.34,3.8200000000000003
672,0.000157184,3.36,3.8200000000000003
673,0.0001572,3.36,3.84
674,0.000157216,3.38,3.84
675,0.000157232,3.38,3.86
676,0.000157248,3.38,3.86
677,0.000157264,3.4,3.86
678,0.00015727999999999998,3.4,3.88
679,0.000157296,3.42,3.88
680,0.000157312,3.42,3.9
681,0.000157328,3.42,3.9
682,0.000157344,3.44,3.9
683,0.00015736,3.44,3.92
684,0.000157376,3.46,3.92
685,0.000157392,3.48,3.94
686,0.000157408,3.48,3.94
687,0.000157424,3.48,3.96
688,0.00015744,3.5,3.96
689,0.000157456,3.5,3.98
690,0.000157472,3.5,3.98
691,0.000157488,3.52,4.0
692,0.000157504,3.52,3.98
693,0.00015752,3.52,4.0
694,0.000157536,3.54,4.0200000000000005
695,0.00015755199999999999,3.54,4.0200000000000005
696,0.000157568,3.56,4.0200000000000005
697,0.000157584,3.56,4.04
698,0.0001576,3.56,4.04
699,0.000157616,3.58,4.0600000000000005
700,0.000157632,3.58,4.0600000000000005
701,0.000157648,3.6,4.0600000000000005
702,0.000157664,3.62,4.08
703,0.00015768,3.6,4.08
704,0.000157696,3.62,4.1
705,0.000157712,3.64,4.1
706,0.000157728,3.64,4.1
707,0.000157744,3.64,4.14
708,0.00015776,3.64,4.14
709,0.000157776,3.68,4.14
710,0.000157792,3.68,4.16
711,0.000157808,3.68,4.16
712,0.00015782399999999999,3.68,4.16
713,0.00015784,3.7,4.18
714,0.000157856,3.72,4.18
715,0.000157872,3.7,4.2
716,0.000157888,3.72,4.2
717,0.000157904,3.74,4.22
718,0.00015792,3.74,4.24
719,0.000157936,3.74,4.22
720,0.000157952,3.7600000000000002,4.24
721,0.000157968,3.7600000000000002,4.26
722,0.000157984,3.7600000000000002,4.26
723,0.000158,3.7800000000000002,4.26
724,0.000158016,3.8000000000000003,4.28
725,0.000158032,3.8000000000000003,4.28
726,0.000158048,3.8200000000000003,4.3
727,0.000158064,3.8200000000000003,4.3
728,0.00015808,3.8200000000000003,4.32
729,0.00015809599999999999,3.84,4.34
730,0.000158112,3.84,4.34
731,0.000158128,3.84,4.34
732,0.000158144,3.86,4.34
733,0.00015816,3.86,4.36
734,0.000158176,3.88,4.36
735,0.000158192,3.88,4.38
736,0.000158208,3.88,4.38
737,0.000158224,3.9,4.38
738,0.00015824,3.9,4.4
739,0.000158256,3.9,4.42
740,0.000158272,3.92,4.42
741,0.000158288,3.94,4.42
742,0.000158304,3.94,4.44
743,0.00015832,3.96,4.46
744,0.000158336,3.96,4.46
745,0.000158352,3.96,4.46
746,0.00015836799999999999,3.98,4.46
747,0.000158384,3.98,4.48
748,0.0001584,4.0,4.48
749,0.000158416,4.0,4.5
750,0.000158432,4.0,4.5
751,0.000158448,4.0200000000000005,4.5200000000000005
752,0.000158464,4.0200000000000005,4.5200000000000005
753,0.00015848,4.0200000000000005,4.5200000000000005
754,0.000158496,4.04,4.54
755,0.000158512,4.04,4.5600000000000005
756,0.000158528,4.0600000000000005,4.5600000000000005
757,0.000158544,4.0600000000000005,4.5600000000000005
758,0.00015856,4.0600000000000005,4.58
759,0.000158576,4.08,4.58
760,0.000158592,4.1,4.62
761,0.000158608,4.1,4.62
762,0.000158624,4.1,4.62
763,0.00015863999999999999,4.12,4.62
764,0.000158656,4.12,4.64
765,0.000158672,4.12,4.64
766,0.000158688,4.16,4.64
767,0.000158704,4.16,4.66
768,0.00015872,4.16,4.66
769,0.000158736,4.16,4.68
770,0.000158752,4.18,4.68
771,0.000158768,4.18,4.7
772,0.000158784,4.18,4.7
773,0.0001588,4.2,4.7
774,0.000158816,4.2,4.72
775,0.000158832,4.22,4.74
776,0.000158848,4.24,4.74
777,0.000158864,4.24,4.74
778,0.00015888,4.24,4.76
779,0.000158896,4.26,4.76
780,0.00015891199999999999,4.26,4.78
781,0.000158928,4.26,4.78
782,0.000158944,4.28,4.8
783,0.00015896,4.28,4.8
784,0.000158976,4.3,4.8
785,0.000158992,4.3,4.82
786,0.000159008,4.3,4.82
787,0.000159024,4.32,4.82
788,0.00015904,4.32,4.86
789,0.000159056,4.34,4.86
790,0.000159072,4.36,4.86
791,0.000159088,4.36,4.86
792,0.000159104,4.36,4.88
793,0.00015912,4.38,4.88
794,0.000159136,4.38,4.9
795,0.000159152,4.38,4.9
796,0.000159168,4.4,4.9
797,0.00015918399999999999,4.4,4.92
798,0.0001592,4.4,4.92
799,0.000159216,4.42,4.94
800,0.000159232,4.42,4.68
801,0.000159248,4.34,-0.04
802,0.000159264,4.2,-0.04
803,0.00015928,4.0600000000000005,0.24
804,0.000159296,3.92,0.34
805,0.000159312,3.8200000000000003,0.12
806,0.000159328,3.7,0.04
807,0.000159344,3.58,0.1
808,0.00015936,3.48,0.16
809,0.000159376,3.38,0.16
810,0.000159392,3.2800000000000002,0.16
811,0.000159408,3.18,0.14
812,0.000159424,3.08,0.18
813,0.00015944,3.0,0.18
814,0.00015945599999999999,2.92,0.2
815,0.000159472,2.82,0.2
816,0.000159488,2.7600000000000002,0.2
817,0.000159504,2.68,0.2
818,0.00015952,2.6,0.22
819,0.000159536,2.54,0.22
820,0.000159552,2.46,0.24
821,0.000159568,2.4,0.24
822,0.000159584,2.34,0.24
823,0.0001596,2.2800000000000002,0.26
824,0.000159616,2.22,0.26
825,0.000159632,2.18,0.26
826,0.000159648,2.12,0.28
827,0.000159664,2.06,0.28
828,0.00015968,2.0,0.3
829,0.000159696,1.96,0.3
830,0.000159712,1.92,0.3
831,0.00015972799999999999,1.86,0.32
832,0.000159744,1.82,0.32
833,0.00015976,1.78,0.32
834,0.000159776,1.74,0.34
835,0.000159792,1.7,0.34
836,0.000159808,1.6400000000000001,0.36
837,0.000159824,1.62,0.36
838,0.00015984,1.58,0.36
839,0.000159856,1.54,0.38
840,0.000159872,1.52,0.38
841,0.000159888,1.48,0.38
842,0.000159904,1.46,0.4
843,0.00015992,1.44,0.4
844,0.000159936,1.4000000000000001,0.4
845,0.000159952,1.36,0.42
846,0.000159968,1.34,0.44
847,0.000159984,1.3,0.42
848,0.00015999999999999999,1.3,0.44
849,0.000160016,1.26,0.46
850,0.000160032,1.26,0.46
851,0.000160048,1.24,0.48
852,0.000160064,1.22,0.46
853,0.00016008,1.2,0.48
854,0.000160096,1.16,0.5
855,0.000160112,1.16,0.5
856,0.000160128,1.12,0.52
857,0.000160144,1.12,0.52
858,0.00016016,1.1,0.54
859,0.000160176,1.1,0.54
860,0.000160192,1.08,0.54
861,0.000160208,1.06,0.56
862,0.000160224,1.06,0.56
863,0.00016024,1.02,0.58
864,0.000160256,1.02,0.58
865,0.00016027199999999999,1.0,0.6
866,0.000160288,1.0,0.6
867,0.000160304,0.98,0.6
868,0.00016032,0.98,0.62
869,0.000160336,0.98,0.62
870,0.000160352,0.96,0.64
871,0.000160368,0.96,0.62
872,0.000160384,0.96,0.64
873,0.0001604,0.9400000000000001,0.64
874,0.000160416,0.92,0.68
875,0.000160432,0.9400000000000001,0.68
876,0.000160448,0.92,0.68
877,0.000160464,0.9,0.7000000000000001
878,0.00016048,0.92,0.7000000000000001
879,0.000160496,0.92,0.72
880,0.000160512,0.9,0.72
881,0.000160528,0.9,0.72
882,0.00016054399999999999,0.9,0.74
883,0.00016056,0.9,0.74
884,0.000160576,0.9,0.76
885,0.000160592,0.9,0.76
886,0.000160608,0.9,0.76
887,0.000160624,0.88,0.78
888,0.00016064,0.88,0.8
889,0.000160656,0.88,0.8
890,0.000160672,0.88,0.8200000000000001
891,0.000160688,0.88,0.8200000000000001
892,0.000160704,0.88,0.8200000000000001
893,0.00016072,0.88,0.84
894,0.000160736,0.88,0.84
895,0.000160752,0.88,0.86
896,0.000160768,0.88,0.86
897,0.000160784,0.86,0.86
898,0.0001608,0.88,0.86
899,0.00016081599999999999,0.86,0.88
900,0.000160832,0.88,0.9
901,0.000160848,0.88,0.9
902,0.00016086399999999998,0.88,0.92
903,0.00016088,0.88,0.92
904,0.000160896,0.88,0.92
905,0.000160912,0.88,0.9400000000000001
906,0.000160928,0.9,0.96
907,0.000160944,0.9,0.96
908,0.00016096,0.9,0.96
909,0.000160976,0.9,0.98
910,0.000160992,0.9,0.98
911,0.000161008,0.9,1.0
912,0.000161024,0.92,1.0
913,0.00016104,0.92,1.0
914,0.000161056,0.92,1.0
915,0.000161072,0.92,1.02
916,0.00016108799999999999,0.92,1.04
917,0.000161104,0.92,1.04
918,0.00016112,0.92,1.04
919,0.00016113599999999998,0.9400000000000001,1.06
920,0.000161152,0.9400000000000001,1.08
921,0.000161168,0.9400000000000001,1.08
922,0.000161184,0.92,1.08
923,0.0001612,0.96,1.08
924,0.000161216,0.9400000000000001,1.1
925,0.000161232,0.96,1.12
926,0.00016124799999999998,0.96,1.12
927,0.000161264,0.96,1.12
928,0.00016128,0.96,1.1400000000000001
929,0.000161296,0.98,1.16
930,0.000161312,0.98,1.16
931,0.000161328,0.98,1.16
932,0.000161344,1.0,1.18
933,0.00016136,1.0,1.18
934,0.000161376,1.0,1.18
935,0.000161392,1.02,1.2
936,0.00016140799999999998,1.02,1.22
937,0.000161424,1.0,1.22
938,0.00016144,1.02,1.24
939,0.000161456,1.04,1.24
940,0.000161472,1.04,1.26
941,0.000161488,1.04,1.26
942,0.000161504,1.04,1.26
943,0.00016151999999999998,1.04,1.28
944,0.000161536,1.06,1.28
945,0.000161552,1.06,1.28
946,0.000161568,1.08,1.3
947,0.000161584,1.08,1.32
948,0.0001616,1.08,1.32
949,0.000161616,1.1,1.32
950,0.000161632,1.1,1.34
951,0.000161648,1.1,1.34
952,0.000161664,1.12,1.36
953,0.00016167999999999998,1.12,1.36
954,0.000161696,1.12,1.3800000000000001
955,0.000161712,1.12,1.3800000000000001
956,0.000161728,1.1400000000000001,1.3800000000000001
957,0.000161744,1.1400000000000001,1.4000000000000001
958,0.00016176,1.1400000000000001,1.42
959,0.000161776,1.16,1.42
960,0.000161792,1.1400000000000001,1.44
961,0.000161808,1.16,1.44
962,0.000161824,1.18,1.44
963,0.00016184,1.18,1.46
964,0.000161856,1.18,1.46
965,0.000161872,1.2,1.48
966,0.000161888,1.18,1.46
967,0.000161904,1.22,1.48
968,0.00016192,1.2,1.48
969,0.000161936,1.22,1.5
970,0.00016195199999999998,1.22,1.52
971,0.000161968,1.24,1.52
972,0.000161984,1.24,1.52
973,0.000162,1.26,1.52
974,0.000162016,1.26,1.54
975,0.000162032,1.26,1.54
976,0.000162048,1.28,1.56
977,0.000162064,1.28,1.58
978,0.00016208,1.28,1.58
979,0.000162096,1.3,1.6
980,0.000162112,1.3,1.6
981,0.000162128,1.32,1.6
982,0.000162144,1.32,1.62
983,0.00016216,1.32,1.62
984,0.000162176,1.32,1.6400000000000001
985,0.000162192,1.34,1.6400000000000001
986,0.000162208,1.34,1.6600000000000001
987,0.00016222399999999998,1.36,1.6600000000000001
988,0.00016224,1.36,1.6600000000000001
989,0.000162256,1.36,1.68
990,0.000162272,1.36,1.68
991,0.000162288,1.3800000000000001,1.7
992,0.000162304,1.3800000000000001,1.7
993,0.00016232,1.3800000000000001,1.72
994,0.000162336,1.4000000000000001,1.72
995,0.000162352,1.42,1.74
996,0.000162368,1.42,1.74
997,0.000162384,1.42,1.74
998,0.0001624,1.44,1.76
999,0.000162416,1.44,1.76
1000,0.000162432,1.46,1.78
1001,0.000162448,1.46,1.78
1002,0.000162464,1.46,1.8
1003,0.00016248,1.46,1.8
1004,0.00016249599999999998,1.48,1.8
1005,0.000162512,1.5,1.82
1006,0.000162528,1.5,1.84
1007,0.000162544,1.52,1.84
1008,0.00016256,1.52,1.84
1009,0.000162576,1.52,1.84
1010,0.000162592,1.54,1.86
1011,0.000162608,1.54,1.8800000000000001
1012,0.000162624,1.56,1.8800000000000001
1013,0.00016264,1.56,1.8800000000000001
1014,0.000162656,1.56,1.9000000000000001
1015,0.000162672,1.56,1.92
1016,0.000162688,1.58,1.92
1017,0.000162704,1.58,1.92
1018,0.00016272,1.58,1.94
1019,0.000162736,1.58,1.94
1020,0.000162752,1.6,1.96
1021,0.00016276799999999998,1.62,1.96
1022,0.000162784,1.62,1.98
1023,0.0001628,1.6400000000000001,1.98
1024,0.000162816,1.6400000000000001,2.0
1025,0.000162832,1.6600000000000001,1.98
1026,0.000162848,1.6600000000000001,2.0
1027,0.000162864,1.6600000000000001,2.02
1028,0.00016288,1.6600000000000001,2.02
1029,0.000162896,1.68,2.02
1030,0.000162912,1.68,2.02
1031,0.000162928,1.68,2.04
1032,0.000162944,1.7,2.06
1033,0.00016296,1.7,2.08
1034,0.000162976,1.72,2.08
1035,0.000162992,1.74,2.08
1036,0.000163008,1.74,2.1
1037,0.000163024,1.74,2.1
1038,0.00016303999999999998,1.76,2.12
1039,0.000163056,1.76,2.1
1040,0.000163072,1.78,2.12
1041,0.000163088,1.78,2.14
1042,0.000163104,1.8,2.16
1043,0.00016312,1.78,2.16
1044,0.000163136,1.8,2.18
1045,0.000163152,1.8,2.18
1046,0.000163168,1.82,2.18
1047,0.000163184,1.82,2.2
1048,0.0001632,1.84,2.2
1049,0.000163216,1.84,2.22
1050,0.000163232,1.84,2.22
1051,0.000163248,1.86,2.22
1052,0.000163264,1.86,2.24
1053,0.00016328,1.8800000000000001,2.24
1054,0.000163296,1.8800000000000001,2.24
1055,0.00016331199999999998,1.9000000000000001,2.2600000000000002
1056,0.000163328,1.8800000000000001,2.2600000000000002
1057,0.000163344,1.9000000000000001,2.2800000000000002
1058,0.00016336,1.92,2.2800000000000002
1059,0.000163376,1.92,2.3000000000000003
1060,0.000163392,1.94,2.3000000000000003
1061,0.000163408,1.94,2.3000000000000003
1062,0.000163424,1.94,2.32
1063,0.00016344,1.96,2.34
1064,0.000163456,1.96,2.34
1065,0.000163472,1.96,2.36
1066,0.000163488,1.98,2.36
1067,0.000163504,2.0,2.36
1068,0.00016352,2.0,2.38
1069,0.000163536,2.02,2.38
1070,0.000163552,2.02,2.4
1071,0.000163568,2.04,2.4
1072,0.00016358399999999998,2.04,2.42
1073,0.0001636,2.04,2.42
1074,0.000163616,2.04,2.44
1075,0.000163632,2.06,2.42
1076,0.000163648,2.06,2.44
1077,0.000163664,2.08,2.46
1078,0.00016368,2.08,2.46
1079,0.000163696,2.08,2.48
1080,0.000163712,2.08,2.48
1081,0.000163728,2.12,2.48
1082,0.000163744,2.12,2.5
1083,0.00016376,2.12,2.5
1084,0.000163776,2.12,2.52
1085,0.000163792,2.14,2.52
1086,0.000163808,2.14,2.52
1087,0.000163824,2.16,2.56
1088,0.00016384,2.16,2.54
1089,0.00016385599999999998,2.18,2.56
1090,0.000163872,2.18,2.56
1091,0.000163888,2.18,2.58
1092,0.000163904,2.2,2.6
1093,0.00016392,2.2,2.6
1094,0.000163936,2.2,2.6
1095,0.000163952,2.22,2.6
1096,0.00016396799999999999,2.24,2.62
1097,0.000163984,2.24,2.62
1098,0.000164,2.24,2.64
1099,0.000164016,2.24,2.64
1100,0.000164032,2.2600000000000002,2.66
1101,0.000164048,2.2800000000000002,2.66
1102,0.000164064,2.2800000000000002,2.68
1103,0.00016408,2.2800000000000002,2.68
1104,0.000164096,2.3000000000000003,2.68
1105,0.000164112,2.3000000000000003,2.7
1106,0.00016412799999999998,2.3000000000000003,2.72
1107,0.000164144,2.3000000000000003,2.72
1108,0.00016416,2.32,2.72
1109,0.000164176,2.34,2.74
1110,0.000164192,2.34,2.74
1111,0.000164208,2.34,2.74
1112,0.000164224,2.36,2.7600000000000002
1113,0.00016423999999999999,2.36,2.7600000000000002
1114,0.000164256,2.36,2.7600000000000002
1115,0.000164272,2.38,2.7800000000000002
1116,0.000164288,2.38,2.7800000000000002
1117,0.000164304,2.4,2.8000000000000003
1118,0.00016432,2.4,2.8000000000000003
1119,0.000164336,2.42,2.8000000000000003
1120,0.000164352,2.42,2.82
1121,0.000164368,2.44,2.84
1122,0.000164384,2.44,2.84
1123,0.00016439999999999998,2.44,2.86
1124,0.000164416,2.46,2.86
1125,0.000164432,2.46,2.86
1126,0.000164448,2.48,2.88
1127,0.000164464,2.48,2.88
1128,0.00016448,2.48,2.88
1129,0.000164496,2.5,2.9
1130,0.00016451199999999999,2.5,2.9
1131,0.000164528,2.5,2.92
1132,0.000164544,2.5,2.92
1133,0.00016456,2.52,2.94
1134,0.000164576,2.52,2.94
1135,0.000164592,2.54,2.96
1136,0.000164608,2.56,2.98
1137,0.000164624,2.56,2.98
1138,0.00016464,2.56,2.98
1139,0.000164656,2.58,3.0
1140,0.00016467199999999998,2.58,3.0
1141,0.000164688,2.58,3.02
1142,0.000164704,2.6,3.02
1143,0.00016472,2.6,3.04
1144,0.000164736,2.62,3.04
1145,0.000164752,2.62,3.04
1146,0.000164768,2.64,3.06
1147,0.00016478399999999999,2.64,3.08
1148,0.0001648,2.64,3.06
1149,0.000164816,2.66,3.08
1150,0.000164832,2.66,3.1
1151,0.000164848,2.66,3.1
1152,0.000164864,2.7,3.1
1153,0.00016488,2.68,3.12
1154,0.000164896,2.7,3.12
1155,0.000164912,2.72,3.14
1156,0.000164928,2.7,3.14
1157,0.00016494399999999998,2.72,3.16
1158,0.00016496,2.72,3.16
1159,0.000164976,2.74,3.18
1160,0.000164992,2.74,3.18
1161,0.000165008,2.7600000000000002,3.2
1162,0.000165024,2.7600000000000002,3.2
1163,0.00016504,2.7600000000000002,3.2
1164,0.00016505599999999999,2.7800000000000002,3.22
1165,0.000165072,2.7800000000000002,3.22
1166,0.000165088,2.8000000000000003,3.24
1167,0.000165104,2.8000000000000003,3.24
1168,0.00016512,2.82,3.24
1169,0.000165136,2.82,3.2600000000000002
1170,0.000165152,2.84,3.2800000000000002
1171,0.000165168,2.84,3.2800000000000002
1172,0.000165184,2.86,3.3000000000000003
1173,0.0001652,2.86,3.3000000000000003
1174,0.00016521599999999998,2.86,3.3000000000000003
1175,0.000165232,2.88,3.3200000000000003
1176,0.000165248,2.9,3.3200000000000003
1177,0.000165264,2.9,3.34
1178,0.00016528,2.9,3.34
1179,0.000165296,2.9,3.34
1180,0.000165312,2.9,3.36
1181,0.000165328,2.92,3.36
1182,0.000165344,2.92,3.36
1183,0.00016536,2.94,3.38
1184,0.000165376,2.96,3.4
1185,0.000165392,2.96,3.4
1186,0.000165408,2.96,3.4
1187,0.000165424,2.98,3.42
1188,0.00016544,3.0,3.44
1189,0.000165456,2.98,3.44
1190,0.000165472,3.0,3.46
1191,0.00016548799999999998,3.0,3.46
1192,0.000165504,3.02,3.48
1193,0.00016552,3.02,3.48
1194,0.000165536,3.04,3.48
1195,0.000165552,3.04,3.5
1196,0.000165568,3.04,3.5
1197,0.000165584,3.06,3.5
1198,0.0001656,3.06,3.52
1199,0.000165616,3.08,3.54
1200,0.000165632,3.08,3.54
1201,0.000165648,3.08,3.54
1202,0.000165664,3.1,3.56
1203,0.00016568,3.12,3.56
1204,0.000165696,3.12,3.56
1205,0.000165712,3.12,3.58
1206,0.000165728,3.14,3.6
1207,0.000165744,3.14,3.6
1208,0.00016575999999999999,3.14,3.62
1209,0.000165776,3.16,3.62
1210,0.000165792,3.16,3.62
1211,0.000165808,3.16,3.62
1212,0.000165824,3.18,3.64
1213,0.00016584,3.18,3.64
1214,0.000165856,3.22,3.66
1215,0.000165872,3.22,3.66
1216,0.000165888,3.22,3.68
1217,0.000165904,3.22,3.68
1218,0.00016592,3.24,3.7
1219,0.000165936,3.24,3.7
1220,0.000165952,3.2600000000000002,3.7
1221,0.000165968,3.2600000000000002,3.72
1222,0.000165984,3.2800000000000002,3.74
1223,0.000166,3.2800000000000002,3.74
1224,0.000166016,3.2800000000000002,3.74
1225,0.00016603199999999999,3.3000000000000003,3.7600000000000002
1226,0.000166048,3.3000000000000003,3.7800000000000002
1227,0.000166064,3.3200000000000003,3.7800000000000002
1228,0.00016608,3.34,3.7800000000000002
1229,0.000166096,3.34,3.8000000000000003
1230,0.000166112,3.34,3.8000000000000003
1231,0.000166128,3.34,3.8200000000000003
1232,0.000166144,3.36,3.8200000000000003
1233,0.00016616,3.36,3.8200000000000003
1234,0.000166176,3.36,3.84
1235,0.000166192,3.4,3.84
1236,0.000166208,3.38,3.86
1237,0.000166224,3.4,3.86
1238,0.00016624,3.4,3.88
1239,0.000166256,3.4,3.88
1240,0.000166272,3.42,3.88
1241,0.000166288,3.44,3.9
1242,0.00016630399999999999,3.44,3.92
1243,0.00016632,3.44,3.9
1244,0.000166336,3.46,3.92
1245,0.000166352,3.48,3.94
1246,0.000166368,3.46,3.94
1247,0.000166384,3.48,3.96
1248,0.0001664,3.48,3.96
1249,0.000166416,3.5,3.96
1250,0.000166432,3.5,3.98
1251,0.000166448,3.52,3.98
1252,0.000166464,3.52,4.0
1253,0.00016648,3.52,4.0
1254,0.000166496,3.54,4.0200000000000005
1255,0.000166512,3.56,4.0200000000000005
1256,0.000166528,3.54,4.0200000000000005
1257,0.000166544,3.56,4.04
1258,0.00016656,3.56,4.04
1259,0.00016657599999999999,3.58,4.0600000000000005
1260,0.000166592,3.6,4.0600000000000005
1261,0.000166608,3.6,4.08
1262,0.000166624,3.6,4.08
1263,0.00016664,3.6,4.1
1264,0.000166656,3.62,4.1
1265,0.000166672,3.62,4.1
1266,0.000166688,3.64,4.12
1267,0.000166704,3.64,4.14
1268,0.00016672,3.66,4.12
1269,0.000166736,3.66,4.14
1270,0.000166752,3.68,4.16
1271,0.000166768,3.68,4.18
1272,0.000166784,3.7,4.18
1273,0.0001668,3.7,4.18
1274,0.000166816,3.7,4.18
1275,0.000166832,3.72,4.2
1276,0.00016684799999999999,3.72,4.22
1277,0.000166864,3.74,4.22
1278,0.00016688,3.74,4.22
1279,0.000166896,3.74,4.24
1280,0.000166912,3.7800000000000002,4.26
1281,0.000166928,3.7600000000000002,4.26
1282,0.000166944,3.7800000000000002,4.26
1283,0.00016696,3.7800000000000002,4.28
1284,0.000166976,3.7800000000000002,4.28
1285,0.000166992,3.8000000000000003,4.28
1286,0.000167008,3.8000000000000003,4.3
1287,0.000167024,3.8200000000000003,4.3
1288,0.00016704,3.8200000000000003,4.32
1289,0.000167056,3.84,4.32
1290,0.000167072,3.84,4.32
1291,0.000167088,3.86,4.34
1292,0.000167104,3.86,4.36
1293,0.00016711999999999999,3.88,4.38
1294,0.000167136,3.88,4.36
1295,0.000167152,3.88,4.38
1296,0.000167168,3.88,4.38
1297,0.000167184,3.9,4.38
1298,0.0001672,3.9,4.4
1299,0.000167216,3.92,4.42
1300,0.000167232,3.94,4.42
1301,0.000167248,3.92,4.42
1302,0.000167264,3.94,4.44
1303,0.00016728,3.94,4.44
1304,0.000167296,3.96,4.46
1305,0.000167312,3.96,4.46
1306,0.000167328,3.98,4.48
1307,0.000167344,3.98,4.48
1308,0.00016736,4.0,4.5
1309,0.000167376,4.0,4.5
1310,0.00016739199999999999,4.0200000000000005,4.5200000000000005
1311,0.000167408,4.0200000000000005,4.5200000000000005
1312,0.000167424,4.0200000000000005,4.5200000000000005
1313,0.00016744,4.04,4.54
1314,0.000167456,4.04,4.54
1315,0.000167472,4.0600000000000005,4.5600000000000005
1316,0.000167488,4.0600000000000005,4.5600000000000005
1317,0.000167504,4.08,4.5600000000000005
1318,0.00016752,4.08,4.58
1319,0.000167536,4.08,4.58
1320,0.000167552,4.1,4.6000000000000005
1321,0.000167568,4.1,4.6000000000000005
1322,0.000167584,4.1,4.6000000000000005
1323,0.0001676,4.12,4.62
1324,0.000167616,4.14,4.64
1325,0.000167632,4.14,4.64
1326,0.000167648,4.14,4.64
1327,0.00016766399999999999,4.16,4.66
1328,0.00016768,4.16,4.66
1329,0.000167696,4.16,4.68
1330,0.000167712,4.18,4.68
1331,0.000167728,4.18,4.7
1332,0.000167744,4.2,4.7
1333,0.00016776,4.2,4.72
1334,0.000167776,4.22,4.72
1335,0.000167792,4.22,4.72
1336,0.000167808,4.22,4.74
1337,0.000167824,4.24,4.74
1338,0.00016784,4.24,4.74
1339,0.000167856,4.24,4.78
1340,0.000167872,4.26,4.8
1341,0.000167888,4.26,4.78
1342,0.000167904,4.28,4.8
1343,0.00016792,4.28,4.8
1344,0.00016793599999999999,4.3,4.8
1345,0.000167952,4.3,4.82
1346,0.000167968,4.32,4.82
1347,0.00016798399999999998,4.32,4.84
1348,0.000168,4.34,4.84
1349,0.000168016,4.34,4.86
1350,0.000168032,4.34,4.86
1351,0.000168048,4.36,4.88
1352,0.000168064,4.36,4.9
1353,0.00016808,4.38,4.88
1354,0.000168096,4.38,4.9
1355,0.000168112,4.4,4.9
1356,0.000168128,4.4,4.92
1357,0.000168144,4.4,4.92
1358,0.00016816,4.4,4.92
1359,0.000168176,4.42,4.94
1360,0.000168192,4.42,4.66
1361,0.00016820799999999999,4.36,-0.04
1362,0.000168224,4.2,-0.04
1363,0.00016824,4.0600000000000005,0.24
1364,0.00016825599999999998,3.92,0.34
1365,0.000168272,3.8200000000000003,0.12
1366,0.000168288,3.7,0.04
1367,0.000168304,3.58,0.1
1368,0.00016832,3.48,0.16
1369,0.000168336,3.38,0.16
1370,0.000168352,3.2800000000000002,0.14
1371,0.000168368,3.18,0.14
1372,0.000168384,3.08,0.16
1373,0.0001684,3.0,0.18
1374,0.000168416,2.92,0.18
1375,0.000168432,2.84,0.2
1376,0.000168448,2.74,0.2
1377,0.000168464,2.68,0.2
1378,0.00016847999999999999,2.6,0.22
1379,0.000168496,2.54,0.2
1380,0.000168512,2.46,0.24
1381,0.00016852799999999998,2.4,0.22
1382,0.000168544,2.34,0.24
1383,0.00016856,2.2800000000000002,0.24
1384,0.000168576,2.22,0.26
1385,0.000168592,2.16,0.26
1386,0.000168608,2.1,0.26
1387,0.000168624,2.06,0.28
1388,0.00016864,2.0,0.28
1389,0.000168656,1.96,0.3
1390,0.000168672,1.92,0.28
1391,0.000168688,1.86,0.3
1392,0.000168704,1.82,0.32
1393,0.00016872,1.78,0.32
1394,0.000168736,1.74,0.34
1395,0.00016875199999999999,1.7,0.34
1396,0.000168768,1.6600000000000001,0.36
1397,0.000168784,1.62,0.36
1398,0.00016879999999999998,1.6,0.36
1399,0.000168816,1.56,0.36
1400,0.000168832,1.52,0.38
1401,0.000168848,1.48,0.4
1402,0.000168864,1.46,0.4
1403,0.00016888,1.42,0.4
1404,0.000168896,1.4000000000000001,0.42
1405,0.000168912,1.3800000000000001,0.42
1406,0.000168928,1.36,0.42
1407,0.000168944,1.32,0.42
1408,0.00016896,1.3,0.44
1409,0.000168976,1.28,0.46
1410,0.000168992,1.26,0.46
1411,0.000169008,1.24,0.48
1412,0.00016902399999999999,1.2,0.48
1413,0.00016904,1.2,0.5
1414,0.000169056,1.18,0.5
1415,0.00016907199999999998,1.16,0.5
1416,0.000169088,1.12,0.52
1417,0.000169104,1.12,0.52
1418,0.00016912,1.12,0.54
1419,0.000169136,1.1,0.54
1420,0.000169152,1.08,0.54
1421,0.000169168,1.06,0.54
1422,0.000169184,1.06,0.56
1423,0.0001692,1.04,0.58
1424,0.000169216,1.04,0.58
1425,0.000169232,1.02,0.58
1426,0.000169248,1.02,0.6
1427,0.000169264,1.0,0.6
1428,0.00016928,0.98,0.62
1429,0.00016929599999999999,0.96,0.62
1430,0.000169312,0.98,0.62
1431,0.000169328,0.96,0.64
1432,0.00016934399999999998,0.96,0.64
1433,0.00016936,0.9400000000000001,0.66
1434,0.000169376,0.9400000000000001,0.66
1435,0.000169392,0.9400000000000001,0.68
1436,0.000169408,0.92,0.68
1437,0.000169424,0.92,0.68
1438,0.00016944,0.92,0.7000000000000001
1439,0.000169456,0.92,0.7000000000000001
1440,0.000169472,0.9,0.72
1441,0.000169488,0.9,0.72
1442,0.000169504,0.9,0.74
1443,0.00016952,0.9,0.74
1444,0.000169536,0.9,0.74
1445,0.000169552,0.88,0.78
1446,0.000169568,0.9,0.78
1447,0.000169584,0.88,0.78
1448,0.0001696,0.86,0.78
1449,0.00016961599999999998,0.86,0.8
1450,0.000169632,0.88,0.8
1451,0.000169648,0.88,0.8200000000000001
1452,0.000169664,0.88,0.8200000000000001
1453,0.00016968,0.88,0.8200000000000001
1454,0.000169696,0.88,0.84
1455,0.000169712,0.88,0.84
1456,0.000169728,0.88,0.86
1457,0.000169744,0.88,0.86
1458,0.00016976,0.88,0.88
1459,0.000169776,0.88,0.88
1460,0.000169792,0.88,0.88
1461,0.000169808,0.88,0.9
1462,0.000169824,0.86,0.92
1463,0.00016984,0.86,0.92
1464,0.000169856,0.88,0.92
1465,0.000169872,0.9,0.92
1466,0.00016988799999999998,0.88,0.9400000000000001
1467,0.000169904,0.88,0.96
1468,0.00016992,0.9,0.96
1469,0.000169936,0.9,0.96
1470,0.000169952,0.9,0.98
1471,0.000169968,0.9,0.98
1472,0.000169984,0.9,1.0
1473,0.00017,0.9,1.0
1474,0.000170016,0.92,1.0
1475,0.000170032,0.9,1.02
1476,0.000170048,0.92,1.04
1477,0.000170064,0.92,1.04
1478,0.00017008,0.92,1.04
1479,0.000170096,0.9400000000000001,1.06
1480,0.000170112,0.9400000000000001,1.06
1481,0.000170128,0.9400000000000001,1.08
1482,0.000170144,0.9400000000000001,1.1
1483,0.00017015999999999998,0.9400000000000001,1.1
1484,0.000170176,0.96,1.1
1485,0.000170192,0.96,1.1
1486,0.000170208,0.96,1.12
1487,0.000170224,0.96,1.12
1488,0.00017024,0.96,1.12
1489,0.000170256,0.98,1.1400000000000001
1490,0.000170272,0.98,1.16
1491,0.000170288,0.98,1.16
1492,0.000170304,1.0,1.18
1493,0.00017032,1.0,1.18
1494,0.000170336,0.98,1.2
1495,0.000170352,1.02,1.2
1496,0.000170368,1.02,1.2
1497,0.000170384,1.0,1.2
1498,0.0001704,1.02,1.22
1499,0.000170416,1.02,1.22
1500,0.00017043199999999998,1.04,1.24
1501,0.000170448,1.02,1.24
1502,0.000170464,1.04,1.26
1503,0.00017048,1.06,1.28
1504,0.000170496,1.06,1.26
1505,0.000170512,1.06,1.3
1506,0.000170528,1.08,1.3
1507,0.000170544,1.08,1.3
1508,0.00017056,1.08,1.3
1509,0.000170576,1.1,1.32
1510,0.000170592,1.1,1.34
1511,0.000170608,1.08,1.34
1512,0.000170624,1.12,1.36
1513,0.00017064,1.12,1.36
1514,0.000170656,1.12,1.3800000000000001
1515,0.000170672,1.12,1.3800000000000001
1516,0.000170688,1.1400000000000001,1.3800000000000001
1517,0.00017070399999999998,1.1400000000000001,1.4000000000000001
1518,0.00017072,1.16,1.4000000000000001
1519,0.000170736,1.16,1.42
1520,0.000170752,1.16,1.42
1521,0.000170768,1.16,1.44
1522,0.000170784,1.18,1.44
1523,0.0001708,1.18,1.46
1524,0.000170816,1.2,1.46
1525,0.000170832,1.18,1.46
1526,0.000170848,1.2,1.48
1527,0.000170864,1.2,1.48
1528,0.00017088,1.22,1.48
1529,0.000170896,1.22,1.5
1530,0.000170912,1.22,1.5
1531,0.000170928,1.24,1.5
1532,0.000170944,1.24,1.54
1533,0.00017096,1.26,1.52
1534,0.00017097599999999998,1.24,1.54
1535,0.000170992,1.26,1.56
1536,0.000171008,1.28,1.56
1537,0.000171024,1.26,1.56
1538,0.00017104,1.3,1.58
1539,0.000171056,1.3,1.58
1540,0.000171072,1.3,1.6
1541,0.000171088,1.32,1.6
1542,0.000171104,1.32,1.6
1543,0.00017112,1.32,1.62
1544,0.000171136,1.32,1.6400000000000001
1545,0.000171152,1.34,1.6400000000000001
1546,0.000171168,1.34,1.6400000000000001
1547,0.000171184,1.36,1.6600000000000001
1548,0.0001712,1.36,1.6600000000000001
1549,0.000171216,1.36,1.68
1550,0.000171232,1.36,1.68
1551,0.00017124799999999998,1.3800000000000001,1.7
1552,0.000171264,1.4000000000000001,1.68
1553,0.00017128,1.4000000000000001,1.7
1554,0.000171296,1.42,1.72
1555,0.000171312,1.42,1.74
1556,0.000171328,1.42,1.72
1557,0.000171344,1.44,1.74
1558,0.00017136,1.42,1.76
1559,0.000171376,1.44,1.74
1560,0.000171392,1.46,1.78
1561,0.000171408,1.44,1.78
1562,0.000171424,1.48,1.78
1563,0.00017144,1.48,1.8
1564,0.000171456,1.48,1.8
1565,0.000171472,1.5,1.82
1566,0.000171488,1.48,1.82
1567,0.000171504,1.5,1.84
1568,0.00017151999999999998,1.52,1.84
1569,0.000171536,1.52,1.84
1570,0.000171552,1.52,1.86
1571,0.000171568,1.54,1.8800000000000001
1572,0.000171584,1.54,1.8800000000000001
1573,0.0001716,1.56,1.8800000000000001
1574,0.000171616,1.56,1.9000000000000001
1575,0.000171632,1.56,1.9000000000000001
1576,0.000171648,1.58,1.9000000000000001
1577,0.000171664,1.58,1.92
1578,0.00017168,1.6,1.94
1579,0.000171696,1.6,1.92
1580,0.000171712,1.62,1.94
1581,0.000171728,1.62,1.96
1582,0.000171744,1.62,1.98
1583,0.00017176,1.6400000000000001,1.98
1584,0.000171776,1.62,1.98
1585,0.00017179199999999998,1.6400000000000001,2.0
1586,0.000171808,1.6600000000000001,2.0
1587,0.000171824,1.6600000000000001,2.02
1588,0.00017184,1.68,2.02
1589,0.000171856,1.68,2.02
1590,0.000171872,1.68,2.04
1591,0.000171888,1.7,2.04
1592,0.000171904,1.7,2.06
1593,0.00017192,1.72,2.06
1594,0.000171936,1.72,2.08
1595,0.000171952,1.74,2.06
1596,0.000171968,1.72,2.1
1597,0.000171984,1.74,2.1
1598,0.000172,1.76,2.12
1599,0.000172016,1.76,2.12
1600,0.000172032,1.78,2.12
1601,0.000172048,1.78,2.14
1602,0.00017206399999999998,1.78,2.14
1603,0.00017208,1.8,2.14
1604,0.000172096,1.8,2.16
1605,0.000172112,1.82,2.18
1606,0.000172128,1.82,2.18
1607,0.000172144,1.84,2.18
1608,0.00017216,1.84,2.2
1609,0.000172176,1.84,2.2
1610,0.000172192,1.84,2.22
1611,0.000172208,1.86,2.22
1612,0.000172224,1.8800000000000001,2.24
1613,0.00017224,1.8800000000000001,2.24
1614,0.000172256,1.8800000000000001,2.24
1615,0.000172272,1.9000000000000001,2.2600000000000002
1616,0.000172288,1.9000000000000001,2.2600000000000002
1617,0.000172304,1.9000000000000001,2.2800000000000002
1618,0.00017232,1.92,2.2800000000000002
1619,0.00017233599999999998,1.94,2.3000000000000003
1620,0.000172352,1.94,2.3000000000000003
1621,0.000172368,1.94,2.3000000000000003
1622,0.000172384,1.96,2.32
1623,0.0001724,1.96,2.32
1624,0.000172416,1.96,2.34
1625,0.000172432,1.98,2.34
1626,0.000172448,1.98,2.34
1627,0.000172464,1.98,2.36
1628,0.00017248,1.98,2.38
1629,0.000172496,2.02,2.38
1630,0.000172512,2.02,2.38
1631,0.000172528,2.02,2.4
1632,0.000172544,2.04,2.42
1633,0.00017256,2.04,2.42
1634,0.000172576,2.06,2.42
1635,0.000172592,2.06,2.44
1636,0.00017260799999999998,2.06,2.44
1637,0.000172624,2.06,2.46
1638,0.00017264,2.08,2.46
1639,0.000172656,2.08,2.48
1640,0.000172672,2.1,2.48
1641,0.000172688,2.1,2.5
1642,0.000172704,2.12,2.5
1643,0.00017272,2.12,2.5
1644,0.000172736,2.14,2.52
1645,0.000172752,2.14,2.52
1646,0.000172768,2.14,2.52
1647,0.000172784,2.16,2.54
1648,0.0001728,2.16,2.56
1649,0.000172816,2.18,2.56
1650,0.000172832,2.18,2.56
1651,0.000172848,2.18,2.56
1652,0.000172864,2.18,2.58
1653,0.00017287999999999998,2.2,2.58
1654,0.000172896,2.22,2.6
1655,0.000172912,2.22,2.6
1656,0.000172928,2.22,2.62
1657,0.000172944,2.24,2.62
1658,0.00017296,2.24,2.62
1659,0.000172976,2.2600000000000002,2.64
1660,0.000172992,2.2600000000000002,2.66
1661,0.000173008,2.2800000000000002,2.66
1662,0.000173024,2.2800000000000002,2.68
1663,0.00017304,2.2800000000000002,2.68
1664,0.000173056,2.3000000000000003,2.68
1665,0.000173072,2.3000000000000003,2.7
1666,0.000173088,2.32,2.7
1667,0.000173104,2.32,2.7
1668,0.00017312,2.32,2.72
1669,0.000173136,2.34,2.74
1670,0.00017315199999999998,2.34,2.74
1671,0.000173168,2.36,2.74
1672,0.000173184,2.36,2.7600000000000002
1673,0.0001732,2.36,2.7800000000000002
1674,0.000173216,2.36,2.7800000000000002
1675,0.000173232,2.38,2.7800000000000002
1676,0.000173248,2.4,2.7800000000000002
1677,0.000173264,2.4,2.8000000000000003
1678,0.00017328,2.42,2.8000000000000003
1679,0.000173296,2.42,2.82
1680,0.000173312,2.42,2.82
1681,0.000173328,2.42,2.84
1682,0.000173344,2.44,2.84
1683,0.00017336,2.44,2.84
1684,0.000173376,2.46,2.86
1685,0.000173392,2.46,2.88
1686,0.000173408,2.48,2.88
1687,0.00017342399999999998,2.48,2.9
1688,0.00017344,2.5,2.9
1689,0.000173456,2.5,2.9
1690,0.000173472,2.5,2.9
1691,0.000173488,2.52,2.94
1692,0.000173504,2.52,2.92
1693,0.00017352,2.52,2.94
1694,0.000173536,2.54,2.94
1695,0.000173552,2.56,2.96
1696,0.000173568,2.54,2.96
1697,0.000173584,2.54,2.98
1698,0.0001736,2.56,2.98
1699,0.000173616,2.58,3.0
1700,0.000173632,2.58,3.0
1701,0.000173648,2.58,3.02
1702,0.000173664,2.6,3.02
1703,0.00017368,2.6,3.02
1704,0.00017369599999999998,2.62,3.04
1705,0.000173712,2.62,3.04
1706,0.000173728,2.64,3.06
1707,0.000173744,2.64,3.06
1708,0.00017376,2.64,3.08
1709,0.000173776,2.66,3.08
1710,0.000173792,2.66,3.08
1711,0.000173808,2.66,3.1
1712,0.000173824,2.68,3.1
1713,0.00017384,2.68,3.12
1714,0.000173856,2.7,3.12
1715,0.000173872,2.7,3.14
1716,0.000173888,2.72,3.16
1717,0.000173904,2.72,3.16
1718,0.00017392,2.72,3.16
1719,0.000173936,2.74,3.16
1720,0.000173952,2.74,3.18
1721,0.00017396799999999999,2.7600000000000002,3.18
1722,0.000173984,2.7800000000000002,3.2
1723,0.000174,2.7800000000000002,3.2
1724,0.000174016,2.7800000000000002,3.22
1725,0.000174032,2.8000000000000003,3.22
1726,0.000174048,2.8000000000000003,3.24
1727,0.000174064,2.8000000000000003,3.24
1728,0.00017408,2.82,3.24
1729,0.000174096,2.82,3.2600000000000002
1730,0.000174112,2.82,3.2600000000000002
1731,0.000174128,2.84,3.2600000000000002
1732,0.000174144,2.84,3.2800000000000002
1733,0.00017416,2.86,3.2800000000000002
1734,0.000174176,2.86,3.3000000000000003
1735,0.000174192,2.88,3.3000000000000003
1736,0.000174208,2.9,3.34
1737,0.000174224,2.9,3.3200000000000003
1738,0.00017423999999999999,2.9,3.34
1739,0.000174256,2.9,3.36
1740,0.000174272,2.92,3.36
1741,0.000174288,2.92,3.36
1742,0.000174304,2.94,3.38
1743,0.00017432,2.96,3.38
1744,0.000174336,2.94,3.4
1745,0.000174352,2.96,3.42
1746,0.000174368,2.96,3.42
1747,0.000174384,2.98,3.42
1748,0.0001744,2.98,3.42
1749,0.000174416,3.0,3.44
1750,0.000174432,3.0,3.46
1751,0.000174448,3.02,3.46
1752,0.000174464,3.0,3.46
1753,0.00017448,3.02,3.46
1754,0.000174496,3.02,3.48
1755,0.00017451199999999999,3.04,3.5
1756,0.000174528,3.04,3.5
1757,0.000174544,3.06,3.5
1758,0.00017456,3.06,3.52
1759,0.000174576,3.08,3.52
1760,0.000174592,3.08,3.54
1761,0.000174608,3.1,3.54
1762,0.000174624,3.1,3.56
1763,0.00017464,3.12,3.56
1764,0.000174656,3.12,3.56
1765,0.000174672,3.14,3.58
1766,0.000174688,3.14,3.58
1767,0.000174704,3.16,3.6
1768,0.00017472,3.14,3.6
1769,0.000174736,3.16,3.62
1770,0.000174752,3.18,3.62
1771,0.000174768,3.18,3.62
1772,0.00017478399999999999,3.2,3.64
1773,0.0001748,3.18,3.64
1774,0.000174816,3.2,3.66
1775,0.000174832,3.22,3.66
1776,0.000174848,3.24,3.68
1777,0.000174864,3.24,3.68
1778,0.00017488,3.24,3.7
1779,0.000174896,3.24,3.7
1780,0.000174912,3.2600000000000002,3.72
1781,0.000174928,3.2600000000000002,3.72
1782,0.000174944,3.2600000000000002,3.74
1783,0.00017496,3.2800000000000002,3.74
1784,0.000174976,3.2800000000000002,3.7600000000000002
1785,0.000174992,3.3000000000000003,3.74
1786,0.000175008,3.3000000000000003,3.7600000000000002
1787,0.000175024,3.3200000000000003,3.7800000000000002
1788,0.00017504,3.34,3.7800000000000002
1789,0.00017505599999999999,3.3200000000000003,3.7800000000000002
1790,0.000175072,3.34,3.8000000000000003
1791,0.000175088,3.34,3.8000000000000003
1792,0.000175104,3.36,3.8200000000000003
1793,0.00017512,3.38,3.8200000000000003
1794,0.000175136,3.36,3.84
1795,0.000175152,3.38,3.84
1796,0.000175168,3.38,3.84
1797,0.000175184,3.4,3.86
1798,0.0001752,3.4,3.88
1799,0.000175216,3.42,3.88
1800,0.000175232,3.42,3.88
1801,0.000175248,3.42,3.9
1802,0.000175264,3.44,3.9
1803,0.00017528,3.44,3.92
1804,0.000175296,3.46,3.92
1805,0.000175312,3.46,3.92
1806,0.00017532799999999999,3.46,3.94
1807,0.000175344,3.48,3.96
1808,0.00017536,3.48,3.96
1809,0.000175376,3.5,3.96
1810,0.000175392,3.5,3.98
1811,0.000175408,3.52,3.98
1812,0.000175424,3.54,3.98
1813,0.00017544,3.52,4.0
1814,0.000175456,3.54,4.0
1815,0.000175472,3.56,4.0200000000000005
1816,0.000175488,3.56,4.04
1817,0.000175504,3.56,4.04
1818,0.00017552,3.56,4.04
1819,0.000175536,3.58,4.04
1820,0.000175552,3.58,4.08
1821,0.000175568,3.6,4.08
1822,0.000175584,3.6,4.08
1823,0.00017559999999999999,3.6,4.1
1824,0.000175616,3.62,4.1
1825,0.000175632,3.62,4.1
1826,0.000175648,3.64,4.12
1827,0.000175664,3.64,4.12
1828,0.00017568,3.66,4.12
1829,0.000175696,3.66,4.14
1830,0.000175712,3.66,4.14
1831,0.000175728,3.68,4.16
1832,0.000175744,3.68,4.18
1833,0.00017576,3.7,4.18
1834,0.000175776,3.7,4.18
1835,0.000175792,3.72,4.2
1836,0.000175808,3.72,4.2
1837,0.000175824,3.74,4.22
1838,0.00017584,3.74,4.22
1839,0.000175856,3.7600000000000002,4.22
1840,0.00017587199999999999,3.7600000000000002,4.24
1841,0.000175888,3.7600000000000002,4.26
1842,0.000175904,3.7600000000000002,4.26
1843,0.00017592,3.7800000000000002,4.28
1844,0.000175936,3.7800000000000002,4.28
1845,0.000175952,3.8000000000000003,4.28
1846,0.000175968,3.8200000000000003,4.28
1847,0.000175984,3.8200000000000003,4.3
1848,0.000176,3.8200000000000003,4.3
1849,0.000176016,3.84,4.32
1850,0.000176032,3.84,4.34
1851,0.000176048,3.86,4.34
1852,0.000176064,3.86,4.34
1853,0.00017608,3.88,4.36
1854,0.000176096,3.88,4.36
1855,0.000176112,3.88,4.38
1856,0.000176128,3.9,4.38
1857,0.00017614399999999999,3.9,4.38
1858,0.00017616,3.9,4.4
1859,0.000176176,3.92,4.42
1860,0.000176192,3.94,4.42
1861,0.000176208,3.94,4.42
1862,0.000176224,3.94,4.44
1863,0.00017624,3.96,4.44
1864,0.000176256,3.96,4.46
1865,0.000176272,3.96,4.46
1866,0.000176288,3.98,4.48
1867,0.000176304,4.0,4.48
1868,0.00017632,3.98,4.5
1869,0.000176336,4.0,4.5
1870,0.000176352,4.0,4.5
1871,0.000176368,4.0200000000000005,4.5200000000000005
1872,0.000176384,4.0200000000000005,4.5200000000000005
1873,0.0001764,4.0200000000000005,4.54
1874,0.00017641599999999999,4.0600000000000005,4.54
1875,0.000176432,4.04,4.54
1876,0.000176448,4.0600000000000005,4.5600000000000005
1877,0.000176464,4.08,4.5600000000000005
1878,0.00017648,4.1,4.6000000000000005
1879,0.000176496,4.08,4.58
1880,0.000176512,4.1,4.6000000000000005
1881,0.000176528,4.1,4.6000000000000005
1882,0.000176544,4.1,4.62
1883,0.00017656,4.12,4.62
1884,0.000176576,4.12,4.62
1885,0.000176592,4.14,4.64
1886,0.000176608,4.14,4.64
1887,0.000176624,4.14,4.66
1888,0.00017664,4.16,4.66
1889,0.000176656,4.16,4.68
1890,0.000176672,4.18,4.68
1891,0.00017668799999999999,4.18,4.68
1892,0.000176704,4.18,4.7
1893,0.00017672,4.2,4.72
1894,0.000176736,4.22,4.72
1895,0.000176752,4.22,4.72
1896,0.000176768,4.22,4.74
1897,0.000176784,4.24,4.74
1898,0.0001768,4.24,4.76
1899,0.000176816,4.26,4.76
1900,0.000176832,4.26,4.78
1901,0.000176848,4.26,4.78
1902,0.000176864,4.28,4.8
1903,0.00017688,4.28,4.8
1904,0.000176896,4.3,4.8
1905,0.000176912,4.3,4.82
1906,0.000176928,4.32,4.82
1907,0.000176944,4.32,4.84
1908,0.00017695999999999999,4.32,4.84
1909,0.000176976,4.34,4.84
1910,0.000176992,4.36,4.84
1911,0.00017700799999999998,4.36,4.86
1912,0.000177024,4.36,4.88
1913,0.00017704,4.38,4.88
1914,0.000177056,4.38,4.88
1915,0.00017707200000000001,4.38,4.9
1916,0.000177088,4.4,4.9
1917,0.000177104,4.4,4.92
1918,0.00017712,4.42,4.94
1919,0.000177136,4.42,4.94
1920,0.000177152,4.42,4.66
1921,0.000177168,4.36,-0.04
1922,0.000177184,4.2,-0.04
1923,0.0001772,4.0600000000000005,0.22
1924,0.000177216,3.92,0.34
1925,0.00017723199999999999,3.8000000000000003,0.14
1926,0.000177248,3.7,0.04
1927,0.000177264,3.58,0.12
1928,0.00017727999999999998,3.48,0.16
1929,0.000177296,3.38,0.16
1930,0.000177312,3.2800000000000002,0.14
1931,0.000177328,3.18,0.16
1932,0.00017734400000000002,3.08,0.18
1933,0.00017736,3.0,0.18
1934,0.000177376,2.92,0.18
1935,0.000177392,2.84,0.18
1936,0.000177408,2.7600000000000002,0.2
1937,0.000177424,2.68,0.2
1938,0.00017744,2.6,0.22
1939,0.000177456,2.52,0.22
1940,0.000177472,2.46,0.22
1941,0.000177488,2.42,0.24
1942,0.00017750399999999999,2.34,0.24
1943,0.00017752,2.2800000000000002,0.24
1944,0.000177536,2.22,0.24
1945,0.00017755199999999998,2.16,0.24
1946,0.000177568,2.12,0.28
1947,0.000177584,2.06,0.26
1948,0.0001776,2.0,0.28
1949,0.00017761600000000002,1.96,0.3
1950,0.000177632,1.9000000000000001,0.3
1951,0.000177648,1.86,0.32
1952,0.000177664,1.82,0.32
1953,0.00017768,1.78,0.34
1954,0.000177696,1.74,0.32
1955,0.000177712,1.7,0.34
1956,0.000177728,1.6600000000000001,0.34
1957,0.000177744,1.62,0.36
1958,0.00017776,1.58,0.36
1959,0.000177776,1.56,0.36
1960,0.000177792,1.52,0.36
1961,0.000177808,1.48,0.38
1962,0.00017782399999999998,1.46,0.4
1963,0.00017784,1.44,0.4
1964,0.000177856,1.4000000000000001,0.4
1965,0.000177872,1.3800000000000001,0.42
1966,0.00017788800000000002,1.34,0.42
1967,0.000177904,1.32,0.44
1968,0.00017792,1.3,0.44
1969,0.000177936,1.28,0.46
1970,0.000177952,1.26,0.46
1971,0.000177968,1.24,0.48
1972,0.000177984,1.2,0.48
1973,0.000178,1.2,0.48
1974,0.000178016,1.18,0.48
1975,0.000178032,1.1400000000000001,0.48
1976,0.000178048,1.1400000000000001,0.52
1977,0.000178064,1.12,0.52
1978,0.00017808,1.1,0.52
1979,0.00017809599999999998,1.1,0.54
1980,0.000178112,1.08,0.54
1981,0.000178128,1.08,0.56
1982,0.000178144,1.04,0.56
1983,0.00017816000000000002,1.04,0.58
1984,0.000178176,1.02,0.56
1985,0.000178192,1.02,0.6
1986,0.000178208,1.02,0.6
1987,0.000178224,1.0,0.6
1988,0.00017824,1.0,0.62
1989,0.000178256,0.98,0.62
1990,0.000178272,0.98,0.62
1991,0.000178288,0.96,0.64
1992,0.000178304,0.96,0.64
1993,0.00017832,0.9400000000000001,0.66
1994,0.000178336,0.9400000000000001,0.66
1995,0.000178352,0.9400000000000001,0.68
1996,0.00017836799999999998,0.92,0.68
1997,0.000178384,0.92,0.68
1998,0.0001784,0.92,0.7000000000000001
1999,0.000178416,0.92,0.7000000000000001
