,time,v1,v2
0,-0.0014368,0.52,0.54
1,-0.0014352,0.56,0.56
2,-0.0014336,0.56,0.58
3,-0.0014320000000000001,0.58,0.6
4,-0.0014304,0.6,0.6
5,-0.0014288,0.62,0.62
6,-0.0014272,0.62,0.64
7,-0.0014256,0.64,0.66
8,-0.001424,0.66,0.68
9,-0.0014224,0.68,0.7000000000000001
10,-0.0014208,0.7000000000000001,0.72
11,-0.0014192,0.7000000000000001,0.74
12,-0.0014176,0.72,0.74
13,-0.001416,0.74,0.76
14,-0.0014144000000000001,0.76,0.78
15,-0.0014128,0.78,0.78
16,-0.0014112,0.8,0.8200000000000001
17,-0.0014096,0.8200000000000001,0.8200000000000001
18,-0.001408,0.8200000000000001,0.84
19,-0.0014064,0.8200000000000001,0.86
20,-0.0014048,0.86,0.88
21,-0.0014032,0.88,0.9
22,-0.0014016,0.9,0.92
23,-0.0014,0.9,0.92
24,-0.0013984,0.9,0.9400000000000001
25,-0.0013968000000000001,0.92,0.98
26,-0.0013952,0.96,0.98
27,-0.0013936,0.98,1.0
28,-0.001392,0.98,1.02
29,-0.0013904,1.0,1.04
30,-0.0013888,1.02,1.04
31,-0.0013872,1.04,1.08
32,-0.0013856,1.06,1.08
33,-0.001384,1.06,1.1
34,-0.0013824,1.08,1.12
35,-0.0013808,1.1,1.1400000000000001
36,-0.0013792,1.12,1.16
37,-0.0013776,1.1400000000000001,1.18
38,-0.001376,1.16,1.2
39,-0.0013744,1.16,1.2
40,-0.0013728,1.18,1.22
41,-0.0013712,1.2,1.26
42,-0.0013696000000000001,1.2,1.26
43,-0.001368,1.24,1.28
44,-0.0013664,1.24,1.3
45,-0.0013648,1.26,1.3
46,-0.0013632,1.26,1.34
47,-0.0013616,1.3,1.34
48,-0.00136,1.32,1.3800000000000001
49,-0.0013584,1.34,1.3800000000000001
50,-0.0013568,1.34,1.4000000000000001
51,-0.0013552,1.36,1.42
52,-0.0013536,1.3800000000000001,1.42
53,-0.001352,1.3800000000000001,1.44
54,-0.0013504,1.42,1.48
55,-0.0013488,1.42,1.48
56,-0.0013472,1.46,1.5
57,-0.0013456,1.46,1.52
58,-0.001344,1.48,1.54
59,-0.0013424,1.5,1.54
60,-0.0013408,1.52,1.56
61,-0.0013392,1.54,1.58
62,-0.0013376,1.54,1.6
63,-0.001336,1.56,1.62
64,-0.0013344,1.58,1.6400000000000001
65,-0.0013328,1.6,1.6600000000000001
66,-0.0013312,1.62,1.68
67,-0.0013296,1.62,1.68
68,-0.001328,1.6400000000000001,1.7
69,-0.0013264,1.6600000000000001,1.72
70,-0.0013248000000000001,1.6600000000000001,1.74
71,-0.0013232,1.68,1.74
72,-0.0013216,1.72,1.78
73,-0.00132,1.72,1.78
74,-0.0013184,1.74,1.8
75,-0.0013168,1.76,1.84
76,-0.0013152,1.78,1.84
77,-0.0013136,1.8,1.86
78,-0.001312,1.8,1.8800000000000001
79,-0.0013104,1.82,1.8800000000000001
80,-0.0013088,1.84,1.92
81,-0.0013072000000000001,1.86,1.94
82,-0.0013056,1.8800000000000001,1.94
83,-0.001304,1.8800000000000001,1.96
84,-0.0013024,1.9000000000000001,1.98
85,-0.0013008,1.92,2.0
86,-0.0012992,1.94,2.02
87,-0.0012976,1.94,2.04
88,-0.001296,1.98,2.04
89,-0.0012944,1.98,2.06
90,-0.0012928,2.0,2.08
91,-0.0012912,2.0,2.1
92,-0.0012896000000000001,2.04,2.12
93,-0.001288,2.06,2.14
94,-0.0012864,2.06,2.16
95,-0.0012848,2.08,2.18
96,-0.0012832,2.1,2.18
97,-0.0012816,2.12,2.2
98,-0.00128,2.14,2.22
99,-0.0012784,2.14,2.24
100,-0.0012768,2.16,2.24
101,-0.0012752,2.18,2.2600000000000002
102,-0.0012736,2.2,2.2800000000000002
103,-0.0012720000000000001,2.22,2.3000000000000003
104,-0.0012704,2.24,2.32
105,-0.0012688,2.2600000000000002,2.32
106,-0.0012672,2.2600000000000002,2.36
107,-0.0012656,2.2800000000000002,2.38
108,-0.001264,2.3000000000000003,2.38
109,-0.0012624000000000001,2.32,2.4
110,-0.0012608,2.34,2.44
111,-0.0012592,2.36,2.44
112,-0.0012576,2.36,2.44
113,-0.001256,2.38,2.48
114,-0.0012544000000000001,2.4,2.5
115,-0.0012528,2.42,2.5
116,-0.0012512,2.42,2.52
117,-0.0012496,2.44,2.56
118,-0.001248,2.46,2.56
119,-0.0012464,2.48,2.58
120,-0.0012448,2.48,2.58
121,-0.0012432,2.5,2.6
122,-0.0012416,2.52,2.64
123,-0.00124,2.52,2.64
124,-0.0012384,2.56,2.66
125,-0.0012368000000000001,2.56,2.68
126,-0.0012352,2.6,2.7
127,-0.0012336,2.6,2.7
128,-0.001232,2.62,2.72
129,-0.0012304,2.64,2.74
130,-0.0012288,2.66,2.7600000000000002
131,-0.0012272,2.66,2.7800000000000002
132,-0.0012256,2.68,2.7800000000000002
133,-0.001224,2.7,2.82
134,-0.0012224,2.7,2.82
135,-0.0012208,2.72,2.84
136,-0.0012192000000000001,2.74,2.86
137,-0.0012176,2.7600000000000002,2.86
138,-0.001216,2.7800000000000002,2.9
139,-0.0012144,2.7800000000000002,2.92
140,-0.0012128,2.8000000000000003,2.94
141,-0.0012112,2.84,2.94
142,-0.0012096,2.84,2.98
143,-0.001208,2.86,2.98
144,-0.0012064,2.86,3.0
145,-0.0012048,2.88,3.02
146,-0.0012032,2.9,3.04
147,-0.0012016,2.92,3.04
148,-0.0012000000000000001,2.94,3.06
149,-0.0011984,2.96,3.08
150,-0.0011968,2.96,3.1
151,-0.0011952,2.98,3.12
152,-0.0011936,3.0,3.14
153,-0.001192,3.02,3.16
154,-0.0011904,3.04,3.16
155,-0.0011888,3.06,3.2
156,-0.0011872,3.08,3.2
157,-0.0011856,3.08,3.22
158,-0.0011840000000000002,3.12,3.24
159,-0.0011824000000000001,3.14,3.2600000000000002
160,-0.0011808,3.14,3.2800000000000002
161,-0.0011792,3.14,3.3000000000000003
162,-0.0011776,3.18,3.3000000000000003
163,-0.001176,3.2,3.3200000000000003
164,-0.0011744,3.2,3.34
165,-0.0011728,3.22,3.36
166,-0.0011712,3.24,3.38
167,-0.0011696,3.2600000000000002,3.42
168,-0.001168,3.2800000000000002,3.4
169,-0.0011664,3.2800000000000002,3.44
170,-0.0011648000000000001,3.3000000000000003,3.44
171,-0.0011632,3.3200000000000003,3.46
172,-0.0011616,3.34,3.48
173,-0.00116,3.36,3.5
174,-0.0011584,3.38,3.52
175,-0.0011568,3.4,3.54
176,-0.0011551999999999999,3.4,3.54
177,-0.0011536,3.42,3.56
178,-0.001152,3.44,3.58
179,-0.0011504,3.46,3.6
180,-0.0011488,3.46,3.62
181,-0.0011472000000000001,3.48,3.64
182,-0.0011456,3.5,3.66
183,-0.001144,3.52,3.66
184,-0.0011424,3.54,3.68
185,-0.0011408,3.56,3.7
186,-0.0011392,3.58,3.72
187,-0.0011376,3.58,3.74
188,-0.001136,3.6,3.7600000000000002
189,-0.0011344,3.62,3.7800000000000002
190,-0.0011328,3.64,3.8000000000000003
191,-0.0011312,3.64,3.8000000000000003
192,-0.0011296000000000001,3.66,3.8200000000000003
193,-0.001128,3.68,3.84
194,-0.0011264,3.7,3.86
195,-0.0011248,3.72,3.88
196,-0.0011232,3.74,3.9
197,-0.0011216,3.74,3.92
198,-0.00112,3.7600000000000002,3.92
199,-0.0011184,3.7800000000000002,3.94
200,-0.0011168,3.8000000000000003,3.96
201,-0.0011152,3.8200000000000003,3.98
202,-0.0011136,3.8200000000000003,3.98
203,-0.0011120000000000001,3.84,4.0200000000000005
204,-0.0011104,3.86,4.0200000000000005
205,-0.0011088,3.88,4.04
206,-0.0011072,3.9,4.0600000000000005
207,-0.0011056,3.92,4.08
208,-0.001104,3.92,4.1
209,-0.0011024,3.94,4.12
210,-0.0011008,3.96,4.14
211,-0.0010992,4.0,4.14
212,-0.0010976,4.0,4.16
213,-0.001096,4.0200000000000005,4.18
214,-0.0010944000000000001,4.04,4.22
215,-0.0010928,4.0600000000000005,4.22
216,-0.0010912,4.0600000000000005,4.24
217,-0.0010896,4.08,4.26
218,-0.001088,4.1,4.26
219,-0.0010864,4.12,4.28
220,-0.0010848,4.12,4.3
221,-0.0010832,4.14,4.32
222,-0.0010816,4.16,4.34
223,-0.00108,4.18,4.36
224,-0.0010784,4.2,4.38
225,-0.0010768000000000002,4.2,4.38
226,-0.0010752000000000001,4.22,4.42
227,-0.0010736,4.24,4.42
228,-0.001072,4.26,4.44
229,-0.0010704,4.28,4.48
230,-0.0010688,4.28,4.48
231,-0.0010672,4.3,4.5
232,-0.0010656,4.32,4.5200000000000005
233,-0.001064,4.34,4.5200000000000005
234,-0.0010624,4.36,4.54
235,-0.0010608,4.38,4.5600000000000005
236,-0.0010592000000000002,4.4,4.58
237,-0.0010576000000000001,4.4,4.6000000000000005
238,-0.001056,4.42,4.6000000000000005
239,-0.0010544,4.44,4.62
240,-0.0010528,4.46,4.64
241,-0.0010512,4.48,4.68
242,-0.0010496,4.48,4.68
243,-0.001048,4.5,4.7
244,-0.0010464,4.5200000000000005,4.72
245,-0.0010448,4.54,4.72
246,-0.0010432,4.5600000000000005,4.74
247,-0.0010416000000000002,4.58,4.78
248,-0.0010400000000000001,4.58,4.78
249,-0.0010384,4.6000000000000005,4.8
250,-0.0010368,4.62,4.82
251,-0.0010352,4.64,4.84
252,-0.0010336,4.66,4.86
253,-0.001032,4.68,4.86
254,-0.0010304000000000001,4.7,4.88
255,-0.0010288,4.7,4.9
256,-0.0010272,4.72,4.92
257,-0.0010256,4.74,4.94
258,-0.001024,4.5200000000000005,4.96
259,-0.0010224000000000001,0.36,0.08
260,-0.0010208,0.12,0.04
261,-0.0010192,0.1,0.06
262,-0.0010176,0.1,0.08
263,-0.001016,0.12,0.12
264,-0.0010144,0.14,0.12
265,-0.0010128,0.14,0.14
266,-0.0010112,0.16,0.16
267,-0.0010096,0.16,0.16
268,-0.001008,0.18,0.18
269,-0.0010064,0.2,0.2
270,-0.0010048000000000001,0.2,0.22
271,-0.0010032,0.22,0.24
272,-0.0010016,0.24,0.26
273,-0.001,0.24,0.26
274,-0.0009984,0.26,0.28
275,-0.0009968,0.28,0.3
276,-0.0009952,0.3,0.32
277,-0.0009936,0.32,0.32
278,-0.000992,0.32,0.34
279,-0.0009904,0.34,0.36
280,-0.0009888,0.36,0.36
281,-0.0009872000000000001,0.38,0.4
282,-0.0009856,0.4,0.4
283,-0.000984,0.4,0.42
284,-0.0009824,0.42,0.44
285,-0.0009808,0.44,0.46
286,-0.0009792,0.46,0.48
287,-0.0009776,0.46,0.48
288,-0.0009760000000000001,0.48,0.5
289,-0.0009744,0.5,0.52
290,-0.0009728,0.52,0.54
291,-0.0009712,0.54,0.56
292,-0.0009696,0.56,0.58
293,-0.0009680000000000001,0.58,0.6
294,-0.0009664000000000001,0.58,0.6
295,-0.0009648,0.6,0.62
296,-0.0009632,0.62,0.64
297,-0.0009616,0.64,0.66
298,-0.00096,0.66,0.68
299,-0.0009584000000000001,0.68,0.7000000000000001
300,-0.0009568000000000001,0.7000000000000001,0.7000000000000001
301,-0.0009552,0.7000000000000001,0.72
302,-0.0009536,0.72,0.74
303,-0.000952,0.74,0.76
304,-0.0009504,0.76,0.78
305,-0.0009488000000000001,0.78,0.8
306,-0.0009472,0.78,0.8200000000000001
307,-0.0009456,0.8,0.84
308,-0.0009440000000000001,0.8200000000000001,0.84
309,-0.0009424,0.84,0.86
310,-0.0009408,0.84,0.88
311,-0.0009392000000000001,0.88,0.9
312,-0.0009376,0.88,0.92
313,-0.000936,0.9,0.92
314,-0.0009344,0.92,0.96
315,-0.0009328,0.9400000000000001,0.96
316,-0.0009312000000000001,0.96,0.98
317,-0.0009296,0.96,1.0
318,-0.000928,0.98,1.02
319,-0.0009264000000000001,1.0,1.04
320,-0.0009248,1.02,1.06
321,-0.0009232,1.04,1.06
322,-0.0009216000000000001,1.04,1.08
323,-0.00092,1.06,1.1
324,-0.0009184,1.08,1.12
325,-0.0009168000000000001,1.1,1.1400000000000001
326,-0.0009152,1.12,1.16
327,-0.0009136000000000001,1.1400000000000001,1.18
328,-0.000912,1.1400000000000001,1.18
329,-0.0009104,1.16,1.22
330,-0.0009088000000000001,1.18,1.22
331,-0.0009072,1.2,1.24
332,-0.0009056,1.2,1.24
333,-0.0009040000000000001,1.24,1.28
334,-0.0009024,1.26,1.3
335,-0.0009008,1.26,1.32
336,-0.0008992000000000001,1.28,1.34
337,-0.0008976,1.3,1.36
338,-0.000896,1.32,1.36
339,-0.0008944000000000001,1.32,1.3800000000000001
340,-0.0008928,1.34,1.4000000000000001
341,-0.0008912000000000001,1.36,1.42
342,-0.0008896,1.36,1.44
343,-0.000888,1.4000000000000001,1.46
344,-0.0008864000000000001,1.4000000000000001,1.48
345,-0.0008848,1.44,1.48
346,-0.0008832,1.44,1.5
347,-0.0008816000000000001,1.46,1.52
348,-0.00088,1.48,1.54
349,-0.0008784,1.5,1.56
350,-0.0008768000000000001,1.5,1.58
351,-0.0008752,1.52,1.58
352,-0.0008736,1.54,1.6
353,-0.000872,1.56,1.62
354,-0.0008704,1.58,1.6400000000000001
355,-0.0008688000000000001,1.58,1.6600000000000001
356,-0.0008672,1.6,1.6600000000000001
357,-0.0008656,1.62,1.7
358,-0.0008640000000000001,1.6400000000000001,1.7
359,-0.0008624,1.6400000000000001,1.72
360,-0.0008608,1.6600000000000001,1.74
361,-0.0008592000000000001,1.68,1.76
362,-0.0008576,1.7,1.78
363,-0.000856,1.72,1.8
364,-0.0008544000000000001,1.74,1.8
365,-0.0008528,1.76,1.8
366,-0.0008512000000000001,1.78,1.84
367,-0.0008496,1.8,1.86
368,-0.000848,1.8,1.8800000000000001
369,-0.0008464000000000001,1.82,1.9000000000000001
370,-0.0008448,1.82,1.92
371,-0.0008432,1.86,1.92
372,-0.0008416000000000001,1.8800000000000001,1.94
373,-0.00084,1.9000000000000001,1.96
374,-0.0008384,1.9000000000000001,1.98
375,-0.0008368000000000001,1.92,2.0
376,-0.0008352,1.94,2.02
377,-0.0008336,1.96,2.02
378,-0.0008320000000000001,1.98,2.04
379,-0.0008304,1.98,2.06
380,-0.0008288000000000001,2.0,2.08
381,-0.0008272,2.0,2.1
382,-0.0008256,2.02,2.12
383,-0.0008240000000000001,2.06,2.14
384,-0.0008224,2.06,2.16
385,-0.0008208,2.08,2.16
386,-0.0008192000000000001,2.1,2.18
387,-0.0008176,2.12,2.2
388,-0.000816,2.14,2.22
389,-0.0008144000000000001,2.16,2.24
390,-0.0008128,2.16,2.2600000000000002
391,-0.0008112000000000001,2.18,2.2800000000000002
392,-0.0008096000000000001,2.2,2.2800000000000002
393,-0.000808,2.22,2.3000000000000003
394,-0.0008064000000000001,2.24,2.32
395,-0.0008048,2.2600000000000002,2.34
396,-0.0008032,2.2600000000000002,2.36
397,-0.0008016000000000001,2.2800000000000002,2.38
398,-0.0008,2.3000000000000003,2.4
399,-0.0007984,2.32,2.42
400,-0.0007968000000000001,2.32,2.42
401,-0.0007952,2.36,2.46
402,-0.0007936,2.36,2.46
403,-0.0007920000000000001,2.36,2.48
404,-0.0007904,2.4,2.5
405,-0.0007888000000000001,2.42,2.5
406,-0.0007872,2.42,2.54
407,-0.0007856,2.44,2.54
408,-0.0007840000000000001,2.46,2.56
409,-0.0007824,2.48,2.58
410,-0.0007808,2.5,2.58
411,-0.0007792000000000001,2.52,2.6
412,-0.0007776,2.5,2.62
413,-0.000776,2.52,2.64
414,-0.0007744000000000001,2.54,2.66
415,-0.0007728,2.56,2.66
416,-0.0007712000000000001,2.58,2.68
417,-0.0007696000000000001,2.6,2.7
418,-0.000768,2.6,2.72
419,-0.0007664000000000001,2.62,2.74
420,-0.0007648,2.64,2.7600000000000002
421,-0.0007632,2.66,2.7800000000000002
422,-0.0007616000000000001,2.68,2.7800000000000002
423,-0.00076,2.68,2.8000000000000003
424,-0.0007584,2.7,2.84
425,-0.0007568000000000001,2.72,2.84
426,-0.0007552,2.74,2.86
427,-0.0007536,2.7600000000000002,2.88
428,-0.0007520000000000001,2.7800000000000002,2.88
429,-0.0007504,2.7800000000000002,2.92
430,-0.0007488000000000001,2.8000000000000003,2.92
431,-0.0007472000000000001,2.84,2.94
432,-0.0007456,2.84,2.96
433,-0.0007440000000000001,2.86,2.98
434,-0.0007424,2.88,3.0
435,-0.0007408,2.9,3.02
436,-0.0007392000000000001,2.9,3.02
437,-0.0007376,2.92,3.06
438,-0.000736,2.94,3.08
439,-0.0007344000000000001,2.96,3.08
440,-0.0007328,2.98,3.1
441,-0.0007312,2.98,3.12
442,-0.0007296000000000001,3.0,3.14
443,-0.000728,3.02,3.14
444,-0.0007264000000000001,3.04,3.16
445,-0.0007248,3.06,3.2
446,-0.0007232,3.06,3.2
447,-0.0007216000000000001,3.08,3.22
448,-0.00072,3.12,3.24
449,-0.0007184,3.12,3.2600000000000002
450,-0.0007168000000000001,3.14,3.2800000000000002
451,-0.0007152,3.16,3.3000000000000003
452,-0.0007136,3.18,3.3000000000000003
453,-0.0007120000000000001,3.18,3.3200000000000003
454,-0.0007104,3.2,3.34
455,-0.0007088000000000001,3.22,3.36
456,-0.0007072000000000001,3.24,3.38
457,-0.0007056,3.2600000000000002,3.4
458,-0.0007040000000000001,3.2600000000000002,3.42
459,-0.0007024,3.2800000000000002,3.42
460,-0.0007008,3.3200000000000003,3.44
461,-0.0006992000000000001,3.3200000000000003,3.46
462,-0.0006976,3.34,3.48
463,-0.000696,3.34,3.5
464,-0.0006944000000000001,3.36,3.52
465,-0.0006928,3.38,3.54
466,-0.0006912,3.4,3.56
467,-0.0006896000000000001,3.42,3.56
468,-0.000688,3.44,3.58
469,-0.0006864000000000001,3.44,3.6
470,-0.0006848000000000001,3.48,3.62
471,-0.0006832,3.48,3.62
472,-0.0006816000000000001,3.52,3.66
473,-0.00068,3.52,3.68
474,-0.0006784,3.54,3.7
475,-0.0006768000000000001,3.56,3.7
476,-0.0006752,3.56,3.72
477,-0.0006736,3.58,3.74
478,-0.0006720000000000001,3.6,3.7600000000000002
479,-0.0006704,3.6,3.7800000000000002
480,-0.0006688,3.64,3.8000000000000003
481,-0.0006672000000000001,3.66,3.8000000000000003
482,-0.0006656,3.66,3.84
483,-0.0006640000000000001,3.68,3.84
484,-0.0006624000000000001,3.7,3.86
485,-0.0006608,3.72,3.88
486,-0.0006592000000000001,3.74,3.9
487,-0.0006576,3.74,3.9
488,-0.000656,3.7600000000000002,3.94
489,-0.0006544000000000001,3.8000000000000003,3.94
490,-0.0006528,3.8000000000000003,3.96
491,-0.0006512,3.8200000000000003,3.98
492,-0.0006496000000000001,3.8200000000000003,4.0
493,-0.000648,3.84,4.0
494,-0.0006464000000000001,3.86,4.0200000000000005
495,-0.0006448000000000001,3.88,4.04
496,-0.0006432,3.9,4.0600000000000005
497,-0.0006416000000000001,3.92,4.08
498,-0.00064,3.92,4.1
499,-0.0006384,3.96,4.12
500,-0.0006368000000000001,3.96,4.14
501,-0.0006352,3.98,4.14
502,-0.0006336,4.0,4.16
503,-0.0006320000000000001,4.0,4.18
504,-0.0006304,4.0200000000000005,4.2
505,-0.0006288,4.04,4.22
506,-0.0006272000000000001,4.0600000000000005,4.24
507,-0.0006256,4.08,4.24
508,-0.0006240000000000001,4.1,4.26
509,-0.0006224000000000001,4.12,4.28
510,-0.0006208,4.14,4.3
511,-0.0006192000000000001,4.14,4.32
512,-0.0006176,4.18,4.34
513,-0.000616,4.18,4.36
514,-0.0006144000000000001,4.2,4.36
515,-0.0006128,4.2,4.38
516,-0.0006112,4.22,4.4
517,-0.0006096000000000001,4.24,4.44
518,-0.000608,4.26,4.46
519,-0.0006064000000000001,4.28,4.46
520,-0.0006048000000000001,4.3,4.48
521,-0.0006032,4.3,4.5
522,-0.0006016000000000001,4.32,4.5200000000000005
523,-0.0006000000000000001,4.34,4.5200000000000005
524,-0.0005984,4.36,4.5600000000000005
525,-0.0005968000000000001,4.36,4.58
526,-0.0005952,4.4,4.58
527,-0.0005936,4.4,4.6000000000000005
528,-0.0005920000000000001,4.42,4.62
529,-0.0005904,4.44,4.62
530,-0.0005888,4.46,4.64
531,-0.0005872000000000001,4.48,4.66
532,-0.0005856,4.48,4.68
533,-0.0005840000000000001,4.5,4.7
534,-0.0005824000000000001,4.5200000000000005,4.72
535,-0.0005808,4.54,4.74
536,-0.0005792000000000001,4.54,4.76
537,-0.0005776,4.5600000000000005,4.76
538,-0.000576,4.6000000000000005,4.78
539,-0.0005744000000000001,4.6000000000000005,4.82
540,-0.0005728,4.62,4.82
541,-0.0005712,4.64,4.84
542,-0.0005696000000000001,4.66,4.86
543,-0.000568,4.66,4.86
544,-0.0005664000000000001,4.68,4.88
545,-0.0005648000000000001,4.7,4.9
546,-0.0005632,4.72,4.92
547,-0.0005616000000000001,4.74,4.94
548,-0.0005600000000000001,4.76,4.94
549,-0.0005584,0.5,0.04
550,-0.0005568000000000001,0.12,0.06
551,-0.0005552,0.1,0.06
552,-0.0005536,0.1,0.08
553,-0.0005520000000000001,0.12,0.1
554,-0.0005504,0.12,0.12
555,-0.0005488,0.14,0.14
556,-0.0005472000000000001,0.14,0.16
557,-0.0005456,0.16,0.16
558,-0.0005440000000000001,0.18,0.18
559,-0.0005424000000000001,0.2,0.2
560,-0.0005408,0.2,0.22
561,-0.0005392000000000001,0.22,0.22
562,-0.0005376000000000001,0.24,0.24
563,-0.000536,0.24,0.26
564,-0.0005344000000000001,0.26,0.28
565,-0.0005328,0.28,0.28
566,-0.0005312,0.3,0.3
567,-0.0005296000000000001,0.32,0.32
568,-0.000528,0.32,0.34
569,-0.0005264,0.34,0.36
570,-0.0005248000000000001,0.36,0.36
571,-0.0005232,0.38,0.38
572,-0.0005216000000000001,0.38,0.4
573,-0.0005200000000000001,0.4,0.42
574,-0.0005184,0.42,0.42
575,-0.0005168000000000001,0.44,0.46
576,-0.0005152000000000001,0.46,0.46
577,-0.0005136,0.46,0.5
578,-0.0005120000000000001,0.48,0.5
579,-0.0005104,0.5,0.52
580,-0.0005088,0.52,0.54
581,-0.0005072000000000001,0.54,0.56
582,-0.0005056,0.56,0.56
583,-0.0005040000000000001,0.58,0.58
584,-0.0005024000000000001,0.58,0.58
585,-0.0005008,0.6,0.62
586,-0.0004992000000000001,0.62,0.64
587,-0.0004976000000000001,0.64,0.66
588,-0.000496,0.66,0.66
589,-0.0004944000000000001,0.68,0.7000000000000001
590,-0.0004928,0.68,0.7000000000000001
591,-0.0004912,0.7000000000000001,0.74
592,-0.0004896000000000001,0.72,0.74
593,-0.00048800000000000004,0.74,0.76
594,-0.0004864,0.76,0.78
595,-0.0004848000000000001,0.78,0.8
596,-0.00048320000000000004,0.8,0.8
597,-0.0004816000000000001,0.8,0.8200000000000001
598,-0.00048000000000000007,0.8200000000000001,0.84
599,-0.00047840000000000003,0.84,0.86
600,-0.0004768000000000001,0.86,0.88
601,-0.00047520000000000006,0.86,0.9
602,-0.0004736,0.88,0.92
603,-0.0004720000000000001,0.9,0.9400000000000001
604,-0.00047040000000000005,0.92,0.9400000000000001
605,-0.0004688,0.9400000000000001,0.96
606,-0.0004672000000000001,0.9400000000000001,0.98
607,-0.00046560000000000004,0.96,1.0
608,-0.000464,0.98,1.02
609,-0.00046240000000000007,0.98,1.04
610,-0.00046080000000000003,1.02,1.04
611,-0.0004592000000000001,1.04,1.08
612,-0.00045760000000000006,1.06,1.08
613,-0.000456,1.06,1.1
614,-0.0004544,1.06,1.1
615,-0.00045280000000000016,1.08,1.1400000000000001
616,-0.0004512000000000001,1.1,1.16
617,-0.0004496000000000001,1.12,1.18
618,-0.00044800000000000005,1.1400000000000001,1.18
619,-0.0004464,1.16,1.2
620,-0.00044479999999999997,1.18,1.22
621,-0.00044320000000000015,1.2,1.24
622,-0.0004416000000000001,1.22,1.26
623,-0.00044000000000000007,1.24,1.28
624,-0.00043840000000000003,1.24,1.28
625,-0.0004368,1.26,1.32
626,-0.00043519999999999995,1.28,1.34
627,-0.00043360000000000013,1.28,1.34
628,-0.0004320000000000001,1.32,1.36
629,-0.00043040000000000005,1.32,1.3800000000000001
630,-0.0004288,1.34,1.4000000000000001
631,-0.0004272,1.34,1.42
632,-0.00042560000000000015,1.3800000000000001,1.42
633,-0.0004240000000000001,1.4000000000000001,1.44
634,-0.0004224000000000001,1.4000000000000001,1.46
635,-0.00042080000000000004,1.42,1.48
636,-0.0004192,1.44,1.5
637,-0.00041759999999999996,1.46,1.52
638,-0.00041600000000000014,1.48,1.52
639,-0.0004144000000000001,1.48,1.54
640,-0.00041280000000000006,1.5,1.56
641,-0.0004112,1.52,1.58
642,-0.0004096,1.54,1.6
643,-0.00040800000000000016,1.56,1.62
644,-0.0004064000000000001,1.58,1.62
645,-0.0004048000000000001,1.58,1.6600000000000001
646,-0.00040320000000000004,1.6,1.6600000000000001
647,-0.0004016,1.6,1.68
648,-0.00039999999999999996,1.6400000000000001,1.68
649,-0.00039840000000000014,1.6600000000000001,1.72
650,-0.0003968000000000001,1.6600000000000001,1.74
651,-0.00039520000000000007,1.7,1.76
652,-0.0003936,1.7,1.78
653,-0.000392,1.72,1.8
654,-0.00039040000000000017,1.72,1.78
655,-0.0003888000000000001,1.76,1.82
656,-0.0003872000000000001,1.76,1.82
657,-0.00038560000000000005,1.8,1.86
658,-0.000384,1.8,1.86
659,-0.00038239999999999997,1.82,1.8800000000000001
660,-0.00038080000000000015,1.84,1.9000000000000001
661,-0.0003792000000000001,1.84,1.92
662,-0.00037760000000000007,1.86,1.94
663,-0.00037600000000000003,1.8800000000000001,1.96
664,-0.0003744,1.9000000000000001,1.98
665,-0.00037279999999999995,1.92,2.0
666,-0.00037120000000000013,1.94,2.02
667,-0.0003696000000000001,1.96,2.04
668,-0.00036800000000000005,1.96,2.04
669,-0.0003664,1.98,2.06
670,-0.0003648,2.0,2.08
671,-0.00036320000000000015,2.0,2.1
672,-0.0003616000000000001,2.04,2.12
673,-0.0003600000000000001,2.04,2.14
674,-0.00035840000000000004,2.06,2.14
675,-0.0003568,2.06,2.16
676,-0.00035519999999999996,2.1,2.18
677,-0.00035360000000000014,2.12,2.18
678,-0.0003520000000000001,2.14,2.2
679,-0.00035040000000000006,2.14,2.24
680,-0.0003488,2.16,2.2600000000000002
681,-0.0003472,2.16,2.2600000000000002
682,-0.00034560000000000016,2.2,2.2800000000000002
683,-0.0003440000000000001,2.22,2.3000000000000003
684,-0.0003424000000000001,2.22,2.32
685,-0.00034080000000000004,2.24,2.34
686,-0.0003392,2.2600000000000002,2.36
687,-0.00033759999999999997,2.2800000000000002,2.38
688,-0.00033600000000000014,2.3000000000000003,2.4
689,-0.0003344000000000001,2.32,2.4
690,-0.00033280000000000007,2.3000000000000003,2.42
691,-0.00033120000000000003,2.34,2.44
692,-0.0003296,2.36,2.46
693,-0.00032800000000000017,2.38,2.48
694,-0.00032640000000000013,2.38,2.48
695,-0.0003248000000000001,2.42,2.5
696,-0.00032320000000000005,2.42,2.52
697,-0.0003216,2.44,2.54
698,-0.00031999999999999997,2.46,2.54
699,-0.00031840000000000015,2.48,2.58
700,-0.0003168000000000001,2.5,2.58
701,-0.00031520000000000007,2.5,2.6
702,-0.00031360000000000003,2.5,2.64
703,-0.000312,2.52,2.62
704,-0.00031039999999999996,2.54,2.64
705,-0.00030880000000000013,2.56,2.66
706,-0.0003072000000000001,2.58,2.68
707,-0.00030560000000000006,2.6,2.7
708,-0.000304,2.6,2.72
709,-0.0003024,2.62,2.72
710,-0.00030080000000000016,2.64,2.7600000000000002
711,-0.0002992000000000001,2.66,2.7600000000000002
712,-0.0002976000000000001,2.66,2.7800000000000002
713,-0.00029600000000000004,2.68,2.8000000000000003
714,-0.0002944,2.7,2.82
715,-0.00029279999999999996,2.72,2.84
716,-0.00029120000000000014,2.74,2.86
717,-0.0002896000000000001,2.7600000000000002,2.86
718,-0.00028800000000000006,2.7800000000000002,2.88
719,-0.0002864,2.7800000000000002,2.92
720,-0.0002848,2.8000000000000003,2.92
721,-0.00028320000000000016,2.82,2.96
722,-0.0002816000000000001,2.84,2.96
723,-0.0002800000000000001,2.86,2.98
724,-0.00027840000000000005,2.88,2.98
725,-0.0002768,2.9,3.02
726,-0.00027519999999999997,2.92,3.04
727,-0.00027360000000000015,2.9,3.04
728,-0.0002720000000000001,2.94,3.06
729,-0.00027040000000000007,2.94,3.08
730,-0.00026880000000000003,2.96,3.1
731,-0.0002672,2.98,3.12
732,-0.00026560000000000017,3.0,3.14
733,-0.00026400000000000013,3.02,3.14
734,-0.0002624000000000001,3.02,3.16
735,-0.00026080000000000005,3.04,3.18
736,-0.0002592,3.06,3.2
737,-0.0002576,3.08,3.22
738,-0.00025600000000000015,3.1,3.24
739,-0.0002544000000000001,3.12,3.2600000000000002
740,-0.0002528000000000001,3.14,3.2800000000000002
741,-0.00025120000000000003,3.14,3.2800000000000002
742,-0.0002496,3.16,3.3000000000000003
743,-0.0002480000000000002,3.18,3.3200000000000003
744,-0.00024640000000000013,3.2,3.34
745,-0.0002448000000000001,3.22,3.36
746,-0.00024320000000000006,3.24,3.38
747,-0.00024160000000000002,3.24,3.4
748,-0.00023999999999999998,3.2800000000000002,3.42
749,-0.00023840000000000016,3.2800000000000002,3.42
750,-0.00023680000000000012,3.3000000000000003,3.44
751,-0.00023520000000000008,3.34,3.46
752,-0.00023360000000000004,3.34,3.48
753,-0.000232,3.36,3.48
754,-0.00023039999999999996,3.36,3.52
755,-0.00022880000000000014,3.38,3.52
756,-0.0002272000000000001,3.4,3.54
757,-0.00022560000000000006,3.42,3.56
758,-0.00022400000000000002,3.42,3.56
759,-0.00022239999999999998,3.44,3.6
760,-0.00022080000000000016,3.46,3.62
761,-0.00021920000000000012,3.48,3.62
762,-0.00021760000000000009,3.5,3.66
763,-0.00021600000000000005,3.52,3.66
764,-0.0002144,3.54,3.68
765,-0.00021279999999999997,3.54,3.7
766,-0.00021120000000000015,3.58,3.72
767,-0.0002096000000000001,3.58,3.74
768,-0.00020800000000000007,3.6,3.7600000000000002
769,-0.00020640000000000003,3.62,3.7800000000000002
770,-0.0002048,3.62,3.7800000000000002
771,-0.00020320000000000017,3.64,3.8000000000000003
772,-0.00020160000000000013,3.68,3.84
773,-0.0002000000000000001,3.68,3.86
774,-0.00019840000000000005,3.72,3.84
775,-0.0001968,3.7,3.88
776,-0.00019519999999999997,3.72,3.9
777,-0.00019360000000000015,3.74,3.9
778,-0.0001920000000000001,3.7600000000000002,3.92
779,-0.00019040000000000007,3.8000000000000003,3.96
780,-0.00018880000000000004,3.8000000000000003,3.96
781,-0.0001872,3.8000000000000003,3.98
782,-0.00018560000000000017,3.84,4.0
783,-0.00018400000000000014,3.84,4.0
784,-0.0001824000000000001,3.86,4.04
785,-0.00018080000000000006,3.88,4.04
786,-0.00017920000000000002,3.9,4.0600000000000005
787,-0.00017759999999999998,3.9,4.08
788,-0.00017600000000000016,3.92,4.1
789,-0.00017440000000000012,3.94,4.1
790,-0.00017280000000000008,3.96,4.12
791,-0.00017120000000000004,3.96,4.14
792,-0.0001696,4.0,4.16
793,-0.00016799999999999996,4.0200000000000005,4.18
794,-0.00016640000000000014,4.0200000000000005,4.2
795,-0.0001648000000000001,4.04,4.22
796,-0.00016320000000000006,4.08,4.24
797,-0.00016160000000000002,4.08,4.26
798,-0.00015999999999999999,4.1,4.26
799,-0.00015840000000000016,4.1,4.28
800,-0.00015680000000000013,4.12,4.3
801,-0.00015520000000000009,4.14,4.3
802,-0.00015360000000000005,4.16,4.34
803,-0.000152,4.18,4.36
804,-0.00015039999999999997,4.2,4.38
805,-0.00014880000000000015,4.2,4.4
806,-0.0001472000000000001,4.22,4.4
807,-0.00014560000000000007,4.24,4.42
808,-0.00014400000000000003,4.24,4.44
809,-0.0001424,4.28,4.46
810,-0.00014080000000000017,4.3,4.48
811,-0.00013920000000000013,4.3,4.5
812,-0.0001376000000000001,4.32,4.5
813,-0.00013600000000000005,4.34,4.5200000000000005
814,-0.00013440000000000001,4.36,4.54
815,-0.00013279999999999998,4.36,4.5600000000000005
816,-0.00013120000000000015,4.38,4.58
817,-0.00012960000000000011,4.4,4.6000000000000005
818,-0.00012800000000000008,4.42,4.62
819,-0.00012640000000000004,4.44,4.64
820,-0.0001248,4.46,4.64
821,-0.00012320000000000018,4.46,4.66
822,-0.00012160000000000014,4.48,4.68
823,-0.0001200000000000001,4.5,4.7
824,-0.00011840000000000006,4.5200000000000005,4.72
825,-0.00011680000000000002,4.54,4.72
826,-0.00011519999999999998,4.5600000000000005,4.76
827,-0.00011360000000000016,4.5600000000000005,4.78
828,-0.00011200000000000012,4.58,4.78
829,-0.00011040000000000008,4.6000000000000005,4.8
830,-0.00010880000000000004,4.62,4.82
831,-0.0001072,4.62,4.84
832,-0.00010560000000000018,4.64,4.86
833,-0.00010400000000000014,4.66,4.88
834,-0.0001024000000000001,4.68,4.88
835,-0.00010080000000000006,4.7,4.9
836,-9.920000000000003e-05,4.72,4.92
837,-9.759999999999999e-05,4.74,4.94
838,-9.600000000000017e-05,4.76,4.94
839,-9.440000000000013e-05,0.7000000000000001,4.96
840,-9.280000000000009e-05,0.14,0.04
841,-9.120000000000005e-05,0.1,0.06
842,-8.960000000000001e-05,0.1,0.08
843,-8.799999999999997e-05,0.12,0.1
844,-8.640000000000015e-05,0.12,0.12
845,-8.480000000000011e-05,0.14,0.14
846,-8.320000000000007e-05,0.16,0.16
847,-8.160000000000003e-05,0.18,0.16
848,-7.999999999999999e-05,0.18,0.18
849,-7.840000000000017e-05,0.2,0.2
850,-7.680000000000013e-05,0.2,0.2
851,-7.520000000000009e-05,0.22,0.22
852,-7.360000000000005e-05,0.24,0.24
853,-7.200000000000002e-05,0.26,0.26
854,-7.039999999999998e-05,0.26,0.28
855,-6.880000000000015e-05,0.28,0.3
856,-6.720000000000012e-05,0.3,0.3
857,-6.560000000000008e-05,0.32,0.32
858,-6.400000000000004e-05,0.32,0.34
859,-6.24e-05,0.34,0.36
860,-6.080000000000018e-05,0.36,0.36
861,-5.920000000000014e-05,0.38,0.38
862,-5.76000000000001e-05,0.38,0.4
863,-5.600000000000006e-05,0.4,0.42
864,-5.440000000000002e-05,0.42,0.44
865,-5.279999999999998e-05,0.42,0.44
866,-5.120000000000016e-05,0.44,0.46
867,-4.960000000000012e-05,0.46,0.48
868,-4.800000000000008e-05,0.48,0.5
869,-4.6400000000000044e-05,0.5,0.52
870,-4.4800000000000005e-05,0.52,0.54
871,-4.320000000000018e-05,0.54,0.56
872,-4.1600000000000144e-05,0.56,0.58
873,-4.0000000000000105e-05,0.56,0.58
874,-3.8400000000000066e-05,0.58,0.6
875,-3.680000000000003e-05,0.6,0.62
876,-3.519999999999999e-05,0.62,0.64
877,-3.3600000000000166e-05,0.64,0.66
878,-3.200000000000013e-05,0.64,0.68
879,-3.040000000000009e-05,0.66,0.68
880,-2.880000000000005e-05,0.68,0.7000000000000001
881,-2.720000000000001e-05,0.7000000000000001,0.72
882,-2.5599999999999972e-05,0.72,0.74
883,-2.400000000000015e-05,0.74,0.74
884,-2.240000000000011e-05,0.74,0.76
885,-2.0800000000000072e-05,0.76,0.78
886,-1.9200000000000033e-05,0.78,0.8
887,-1.7599999999999994e-05,0.78,0.8200000000000001
888,-1.6000000000000172e-05,0.8200000000000001,0.84
889,-1.4400000000000133e-05,0.8200000000000001,0.86
890,-1.2800000000000094e-05,0.86,0.88
891,-1.1200000000000055e-05,0.86,0.9
892,-9.600000000000017e-06,0.88,0.9
893,-7.999999999999978e-06,0.9,0.92
894,-6.4000000000001556e-06,0.92,0.9400000000000001
895,-4.800000000000117e-06,0.9400000000000001,0.96
896,-3.2000000000000778e-06,0.9400000000000001,0.98
897,-1.6000000000000389e-06,0.96,1.0
898,0.0,0.98,1.02
899,1.599999999999822e-06,1.0,1.02
900,3.199999999999861e-06,1.02,1.04
901,4.7999999999999e-06,1.04,1.06
902,6.399999999999939e-06,1.04,1.08
903,7.999999999999978e-06,1.06,1.1
904,9.600000000000017e-06,1.08,1.1
905,1.1199999999999839e-05,1.1,1.12
906,1.2799999999999877e-05,1.12,1.1400000000000001
907,1.4399999999999916e-05,1.1400000000000001,1.16
908,1.5999999999999955e-05,1.1400000000000001,1.18
909,1.7599999999999994e-05,1.1400000000000001,1.18
910,1.9199999999999816e-05,1.18,1.2
911,2.0799999999999855e-05,1.2,1.24
912,2.2399999999999894e-05,1.2,1.26
913,2.3999999999999933e-05,1.22,1.28
914,2.5599999999999972e-05,1.24,1.3
915,2.720000000000001e-05,1.26,1.32
916,2.8799999999999833e-05,1.28,1.32
917,3.039999999999987e-05,1.3,1.34
918,3.199999999999991e-05,1.3,1.36
919,3.359999999999995e-05,1.32,1.36
920,3.519999999999999e-05,1.34,1.4000000000000001
921,3.680000000000003e-05,1.34,1.42
922,3.839999999999985e-05,1.3800000000000001,1.44
923,3.999999999999989e-05,1.3800000000000001,1.44
924,4.159999999999993e-05,1.4000000000000001,1.46
925,4.3199999999999966e-05,1.42,1.48
926,4.4800000000000005e-05,1.44,1.5
927,4.639999999999983e-05,1.46,1.52
928,4.7999999999999866e-05,1.46,1.52
929,4.9599999999999905e-05,1.48,1.52
930,5.1199999999999943e-05,1.5,1.56
931,5.279999999999998e-05,1.52,1.58
932,5.440000000000002e-05,1.54,1.6
933,5.599999999999984e-05,1.54,1.62
934,5.759999999999988e-05,1.56,1.6400000000000001
935,5.919999999999992e-05,1.58,1.6400000000000001
936,6.079999999999996e-05,1.6,1.6600000000000001
937,6.24e-05,1.62,1.68
938,6.399999999999982e-05,1.6400000000000001,1.7
939,6.559999999999986e-05,1.6600000000000001,1.7
940,6.71999999999999e-05,1.6600000000000001,1.74
941,6.879999999999994e-05,1.68,1.76
942,7.039999999999998e-05,1.68,1.76
943,7.200000000000002e-05,1.72,1.76
944,7.359999999999984e-05,1.72,1.8
945,7.519999999999988e-05,1.76,1.82
946,7.679999999999992e-05,1.78,1.84
947,7.839999999999995e-05,1.78,1.86
948,7.999999999999999e-05,1.8,1.86
949,8.159999999999982e-05,1.82,1.8800000000000001
950,8.319999999999985e-05,1.84,1.9000000000000001
951,8.479999999999989e-05,1.84,1.92
952,8.639999999999993e-05,1.86,1.94
953,8.799999999999997e-05,1.8800000000000001,1.96
954,8.960000000000001e-05,1.9000000000000001,1.96
955,9.119999999999983e-05,1.92,1.98
956,9.279999999999987e-05,1.94,2.02
957,9.439999999999991e-05,1.94,2.02
958,9.599999999999995e-05,1.96,2.02
959,9.759999999999999e-05,1.98,2.06
960,9.920000000000003e-05,2.0,2.08
961,0.00010079999999999985,2.02,2.08
962,0.00010239999999999989,2.02,2.12
963,0.00010399999999999993,2.04,2.12
964,0.00010559999999999996,2.06,2.14
965,0.0001072,2.08,2.16
966,0.00010879999999999983,2.1,2.18
967,0.00011039999999999986,2.12,2.2
968,0.0001119999999999999,2.14,2.2
969,0.00011359999999999994,2.14,2.24
970,0.00011519999999999998,2.16,2.24
971,0.00011680000000000002,2.18,2.2600000000000002
972,0.00011839999999999984,2.18,2.2800000000000002
973,0.00011999999999999988,2.2,2.3000000000000003
974,0.00012159999999999992,2.22,2.32
975,0.00012319999999999996,2.24,2.34
976,0.0001248,2.2600000000000002,2.36
977,0.00012639999999999982,2.2800000000000002,2.36
978,0.00012799999999999986,2.3000000000000003,2.38
979,0.0001295999999999999,2.3000000000000003,2.38
980,0.00013119999999999994,2.32,2.42
981,0.00013279999999999998,2.34,2.44
982,0.00013440000000000001,2.36,2.44
983,0.00013599999999999984,2.38,2.46
984,0.00013759999999999988,2.4,2.48
985,0.00013919999999999991,2.4,2.5
986,0.00014079999999999995,2.42,2.52
987,0.0001424,2.44,2.54
988,0.00014399999999999981,2.46,2.54
989,0.00014559999999999985,2.48,2.56
990,0.0001471999999999999,2.48,2.58
991,0.00014879999999999993,2.5,2.6
992,0.00015039999999999997,2.5,2.62
993,0.000152,2.52,2.64
994,0.00015359999999999983,2.54,2.64
995,0.00015519999999999987,2.56,2.66
996,0.0001567999999999999,2.58,2.68
997,0.00015839999999999995,2.58,2.72
998,0.00015999999999999999,2.6,2.72
999,0.0001615999999999998,2.62,2.74
1000,0.00016319999999999985,2.64,2.7600000000000002
1001,0.00016479999999999989,2.66,2.7600000000000002
1002,0.00016639999999999992,2.66,2.7800000000000002
1003,0.00016799999999999996,2.68,2.8000000000000003
1004,0.0001696,2.7,2.82
1005,0.00017119999999999982,2.72,2.84
1006,0.00017279999999999986,2.74,2.84
1007,0.0001743999999999999,2.7600000000000002,2.86
1008,0.00017599999999999994,2.7800000000000002,2.9
1009,0.00017759999999999998,2.7800000000000002,2.9
1010,0.00017920000000000002,2.82,2.94
1011,0.00018079999999999984,2.82,2.94
1012,0.00018239999999999988,2.84,2.94
1013,0.00018399999999999992,2.86,2.98
1014,0.00018559999999999996,2.86,2.98
1015,0.0001872,2.9,3.0
1016,0.00018879999999999982,2.9,3.04
1017,0.00019039999999999986,2.92,3.04
1018,0.0001919999999999999,2.94,3.06
1019,0.00019359999999999994,2.96,3.08
1020,0.00019519999999999997,2.96,3.1
1021,0.0001968,2.98,3.12
1022,0.00019839999999999984,3.02,3.12
1023,0.00019999999999999987,3.02,3.16
1024,0.0002015999999999999,3.04,3.16
1025,0.00020319999999999995,3.06,3.18
1026,0.0002048,3.08,3.2
1027,0.0002063999999999998,3.08,3.2
1028,0.00020799999999999985,3.1,3.24
1029,0.0002095999999999999,3.12,3.2600000000000002
1030,0.00021119999999999993,3.14,3.2600000000000002
1031,0.00021279999999999997,3.14,3.2800000000000002
1032,0.0002144,3.16,3.3200000000000003
1033,0.00021599999999999983,3.18,3.3200000000000003
1034,0.00021759999999999987,3.2,3.34
1035,0.0002191999999999999,3.22,3.36
1036,0.00022079999999999995,3.22,3.38
1037,0.00022239999999999998,3.2600000000000002,3.38
1038,0.0002239999999999998,3.2600000000000002,3.4
1039,0.00022559999999999985,3.2800000000000002,3.42
1040,0.00022719999999999988,3.3200000000000003,3.44
1041,0.00022879999999999992,3.3200000000000003,3.46
1042,0.00023039999999999996,3.34,3.46
1043,0.000232,3.34,3.5
1044,0.00023359999999999982,3.36,3.5
1045,0.00023519999999999986,3.38,3.52
1046,0.0002367999999999999,3.4,3.56
1047,0.00023839999999999994,3.42,3.56
1048,0.00023999999999999998,3.44,3.56
1049,0.00024160000000000002,3.44,3.6
1050,0.00024319999999999984,3.46,3.6
1051,0.0002447999999999999,3.48,3.64
1052,0.0002463999999999999,3.5,3.64
1053,0.00024799999999999996,3.52,3.68
1054,0.0002496,3.54,3.68
1055,0.0002511999999999998,3.56,3.7
1056,0.00025279999999999986,3.56,3.72
1057,0.0002543999999999999,3.58,3.74
1058,0.00025599999999999993,3.58,3.7600000000000002
1059,0.0002576,3.6,3.7600000000000002
1060,0.0002592,3.62,3.7800000000000002
1061,0.00026079999999999983,3.64,3.8000000000000003
1062,0.0002623999999999999,3.66,3.8200000000000003
1063,0.0002639999999999999,3.68,3.84
1064,0.00026559999999999995,3.68,3.84
1065,0.0002672,3.7,3.86
1066,0.0002687999999999998,3.72,3.9
1067,0.00027039999999999985,3.74,3.9
1068,0.0002719999999999999,3.7600000000000002,3.92
1069,0.00027359999999999993,3.7800000000000002,3.94
1070,0.00027519999999999997,3.8000000000000003,3.96
1071,0.0002768,3.8000000000000003,3.96
1072,0.00027839999999999983,3.8200000000000003,4.0
1073,0.00027999999999999987,3.84,4.0
1074,0.0002815999999999999,3.86,4.0200000000000005
1075,0.00028319999999999994,3.88,4.04
1076,0.0002848,3.88,4.0600000000000005
1077,0.0002863999999999998,3.9,4.08
1078,0.00028799999999999984,3.92,4.1
1079,0.0002895999999999999,3.94,4.1
1080,0.0002911999999999999,3.96,4.12
1081,0.00029279999999999996,3.98,4.14
1082,0.0002944,3.98,4.16
1083,0.0002959999999999998,4.0200000000000005,4.18
1084,0.00029759999999999986,4.0200000000000005,4.2
1085,0.0002991999999999999,4.04,4.22
1086,0.00030079999999999994,4.0600000000000005,4.24
1087,0.0003024,4.0600000000000005,4.24
1088,0.0003039999999999998,4.1,4.28
1089,0.00030559999999999984,4.1,4.28
1090,0.0003071999999999999,4.12,4.3
1091,0.0003087999999999999,4.14,4.32
1092,0.00031039999999999996,4.16,4.34
1093,0.000312,4.16,4.34
1094,0.0003135999999999998,4.18,4.36
1095,0.00031519999999999986,4.2,4.38
1096,0.0003167999999999999,4.22,4.4
1097,0.00031839999999999993,4.24,4.42
1098,0.00031999999999999997,4.26,4.44
1099,0.0003216,4.26,4.44
1100,0.00032319999999999983,4.28,4.48
1101,0.00032479999999999987,4.3,4.5
1102,0.0003263999999999999,4.34,4.5
1103,0.00032799999999999995,4.34,4.5200000000000005
1104,0.0003296,4.34,4.54
1105,0.0003311999999999998,4.36,4.5600000000000005
1106,0.00033279999999999985,4.38,4.58
1107,0.0003343999999999999,4.4,4.58
1108,0.00033599999999999993,4.42,4.62
1109,0.00033759999999999997,4.42,4.64
1110,0.0003392,4.44,4.64
1111,0.0003407999999999998,4.46,4.66
1112,0.00034239999999999987,4.48,4.66
1113,0.0003439999999999999,4.5,4.7
1114,0.00034559999999999994,4.5200000000000005,4.7
1115,0.0003472,4.54,4.72
1116,0.0003487999999999998,4.54,4.74
1117,0.00035039999999999984,4.5600000000000005,4.76
1118,0.0003519999999999999,4.58,4.78
1119,0.0003535999999999999,4.6000000000000005,4.8
1120,0.00035519999999999996,4.62,4.82
1121,0.0003568,4.62,4.82
1122,0.0003583999999999998,4.64,4.86
1123,0.00035999999999999986,4.66,4.88
1124,0.0003615999999999999,4.68,4.88
1125,0.00036319999999999994,4.7,4.9
1126,0.0003648,4.72,4.9
1127,0.0003663999999999998,4.72,4.92
1128,0.00036799999999999984,4.74,4.94
1129,0.0003695999999999999,1.04,4.96
1130,0.0003711999999999999,0.16,0.04
1131,0.00037279999999999995,0.1,0.06
1132,0.0003744,0.1,0.08
1133,0.0003759999999999998,0.12,0.08
1134,0.00037759999999999985,0.14,0.12
1135,0.0003791999999999999,0.14,0.14
1136,0.00038079999999999993,0.14,0.14
1137,0.00038239999999999997,0.16,0.16
1138,0.000384,0.18,0.18
1139,0.00038559999999999983,0.2,0.2
1140,0.00038719999999999987,0.2,0.2
1141,0.0003887999999999999,0.22,0.22
1142,0.00039039999999999995,0.22,0.24
1143,0.000392,0.26,0.26
1144,0.0003935999999999998,0.26,0.26
1145,0.00039519999999999985,0.28,0.28
1146,0.0003967999999999999,0.3,0.3
1147,0.0003983999999999999,0.3,0.3
1148,0.00039999999999999996,0.32,0.32
1149,0.0004016,0.34,0.34
1150,0.0004031999999999998,0.36,0.36
1151,0.00040479999999999986,0.36,0.38
1152,0.0004063999999999999,0.38,0.4
1153,0.00040799999999999994,0.4,0.42
1154,0.0004096,0.4,0.42
1155,0.0004111999999999998,0.44,0.44
1156,0.00041279999999999984,0.46,0.46
1157,0.0004143999999999999,0.46,0.48
1158,0.0004159999999999999,0.48,0.48
1159,0.00041759999999999996,0.5,0.52
1160,0.0004192,0.52,0.54
1161,0.0004207999999999998,0.52,0.56
1162,0.00042239999999999986,0.56,0.56
1163,0.0004239999999999999,0.56,0.58
1164,0.00042559999999999994,0.58,0.6
1165,0.0004272,0.58,0.62
1166,0.0004287999999999998,0.62,0.64
1167,0.00043039999999999984,0.64,0.64
1168,0.0004319999999999999,0.62,0.66
1169,0.0004335999999999999,0.66,0.68
1170,0.00043519999999999995,0.68,0.7000000000000001
1171,0.0004368,0.7000000000000001,0.72
1172,0.0004383999999999998,0.72,0.74
1173,0.00043999999999999985,0.74,0.76
1174,0.0004415999999999999,0.74,0.76
1175,0.00044319999999999993,0.76,0.78
1176,0.00044479999999999997,0.78,0.8
1177,0.0004464,0.8,0.8200000000000001
1178,0.00044799999999999983,0.8,0.84
1179,0.00044959999999999987,0.84,0.86
1180,0.0004511999999999999,0.84,0.88
1181,0.00045279999999999995,0.88,0.9
1182,0.0004544,0.88,0.9
1183,0.0004559999999999998,0.9,0.92
1184,0.00045759999999999985,0.9,0.9400000000000001
1185,0.0004591999999999999,0.9400000000000001,0.96
1186,0.0004607999999999999,0.9400000000000001,0.98
1187,0.00046239999999999996,0.96,1.0
1188,0.000464,0.98,1.02
1189,0.0004655999999999998,0.98,1.04
1190,0.00046719999999999986,1.02,1.04
1191,0.0004687999999999999,1.02,1.06
1192,0.00047039999999999994,1.04,1.08
1193,0.000472,1.06,1.1
1194,0.0004735999999999998,1.08,1.12
1195,0.00047519999999999984,1.1,1.1400000000000001
1196,0.0004767999999999999,1.1,1.1400000000000001
1197,0.0004783999999999999,1.12,1.16
1198,0.00047999999999999996,1.1400000000000001,1.18
1199,0.0004816,1.16,1.2
1200,0.0004831999999999998,1.18,1.22
1201,0.00048479999999999986,1.2,1.22
1202,0.0004863999999999999,1.22,1.26
1203,0.00048799999999999994,1.22,1.28
1204,0.0004896,1.24,1.28
1205,0.0004911999999999998,1.24,1.3
1206,0.0004927999999999998,1.28,1.32
1207,0.0004943999999999999,1.3,1.34
1208,0.0004959999999999999,1.32,1.36
1209,0.0004976,1.32,1.3800000000000001
1210,0.0004992,1.34,1.4000000000000001
1211,0.0005007999999999998,1.36,1.42
1212,0.0005023999999999999,1.3800000000000001,1.44
1213,0.0005039999999999999,1.3800000000000001,1.44
1214,0.0005055999999999999,1.4000000000000001,1.46
1215,0.0005072,1.42,1.46
1216,0.0005088,1.44,1.5
1217,0.0005103999999999998,1.44,1.5
1218,0.0005119999999999999,1.48,1.52
1219,0.0005135999999999999,1.48,1.54
1220,0.0005152,1.5,1.56
1221,0.0005167999999999998,1.52,1.58
1222,0.0005183999999999998,1.54,1.6
1223,0.0005199999999999998,1.56,1.62
1224,0.0005215999999999999,1.56,1.62
1225,0.0005231999999999999,1.58,1.6400000000000001
1226,0.0005248,1.58,1.6600000000000001
1227,0.0005264,1.62,1.68
1228,0.000528,1.6400000000000001,1.7
1229,0.0005296000000000001,1.6400000000000001,1.72
1230,0.0005311999999999997,1.6600000000000001,1.74
1231,0.0005327999999999997,1.68,1.74
1232,0.0005343999999999998,1.68,1.76
1233,0.0005359999999999998,1.72,1.78
1234,0.0005375999999999998,1.74,1.8
1235,0.0005391999999999999,1.76,1.82
1236,0.0005407999999999999,1.76,1.82
1237,0.0005424,1.78,1.86
1238,0.000544,1.8,1.86
1239,0.0005456,1.8,1.8800000000000001
1240,0.0005472000000000001,1.84,1.9000000000000001
1241,0.0005488000000000001,1.84,1.92
1242,0.0005503999999999997,1.86,1.94
1243,0.0005519999999999998,1.8800000000000001,1.96
1244,0.0005535999999999998,1.9000000000000001,1.98
1245,0.0005551999999999998,1.92,2.0
1246,0.0005567999999999999,1.92,2.0
1247,0.0005583999999999999,1.94,2.02
1248,0.00056,1.96,2.04
1249,0.0005616,1.98,2.06
1250,0.0005632,2.0,2.08
1251,0.0005648000000000001,2.02,2.1
1252,0.0005664000000000001,2.04,2.12
1253,0.0005679999999999997,2.02,2.12
1254,0.0005695999999999998,2.04,2.14
1255,0.0005711999999999998,2.08,2.16
1256,0.0005727999999999998,2.08,2.18
1257,0.0005743999999999999,2.1,2.2
1258,0.0005759999999999999,2.14,2.2
1259,0.0005775999999999999,2.14,2.22
1260,0.0005792,2.14,2.24
1261,0.0005808,2.18,2.2600000000000002
1262,0.0005824000000000001,2.2,2.2800000000000002
1263,0.0005840000000000001,2.22,2.3000000000000003
1264,0.0005855999999999997,2.24,2.32
1265,0.0005871999999999997,2.24,2.34
1266,0.0005887999999999998,2.24,2.36
1267,0.0005903999999999998,2.2800000000000002,2.36
1268,0.0005919999999999999,2.3000000000000003,2.38
1269,0.0005935999999999999,2.3000000000000003,2.4
1270,0.0005951999999999999,2.32,2.42
1271,0.0005968,2.34,2.44
1272,0.0005984,2.34,2.44
1273,0.0006000000000000001,2.36,2.46
1274,0.0006016000000000001,2.4,2.48
1275,0.0006031999999999997,2.4,2.5
1276,0.0006047999999999997,2.42,2.5
1277,0.0006063999999999998,2.44,2.52
1278,0.0006079999999999998,2.46,2.54
1279,0.0006095999999999999,2.46,2.56
1280,0.0006111999999999999,2.48,2.58
1281,0.0006127999999999999,2.5,2.6
1282,0.0006144,2.5,2.62
1283,0.000616,2.52,2.62
1284,0.0006176,2.54,2.64
1285,0.0006192000000000001,2.56,2.66
1286,0.0006207999999999997,2.56,2.68
1287,0.0006223999999999997,2.58,2.7
1288,0.0006239999999999998,2.6,2.72
1289,0.0006255999999999998,2.62,2.74
1290,0.0006271999999999998,2.64,2.7600000000000002
1291,0.0006287999999999999,2.64,2.7600000000000002
1292,0.0006303999999999999,2.68,2.7800000000000002
1293,0.000632,2.68,2.82
1294,0.0006336,2.72,2.82
1295,0.0006352,2.72,2.82
1296,0.0006368000000000001,2.74,2.86
1297,0.0006383999999999997,2.74,2.86
1298,0.0006399999999999997,2.7800000000000002,2.9
1299,0.0006415999999999998,2.8000000000000003,2.92
1300,0.0006431999999999998,2.8000000000000003,2.92
1301,0.0006447999999999998,2.82,2.94
1302,0.0006463999999999999,2.84,2.94
1303,0.0006479999999999999,2.86,2.98
1304,0.0006496,2.86,2.98
1305,0.0006512,2.88,3.0
1306,0.0006528,2.9,3.02
1307,0.0006544000000000001,2.92,3.04
1308,0.0006559999999999997,2.92,3.06
1309,0.0006575999999999997,2.96,3.08
1310,0.0006591999999999998,2.96,3.08
1311,0.0006607999999999998,3.0,3.12
1312,0.0006623999999999998,3.0,3.12
1313,0.0006639999999999999,3.0,3.14
1314,0.0006655999999999999,3.02,3.16
1315,0.0006672,3.04,3.18
1316,0.0006688,3.06,3.2
1317,0.0006704,3.08,3.2
1318,0.0006720000000000001,3.1,3.24
1319,0.0006735999999999997,3.12,3.24
1320,0.0006751999999999997,3.12,3.2600000000000002
1321,0.0006767999999999998,3.16,3.2800000000000002
1322,0.0006783999999999998,3.16,3.3000000000000003
1323,0.0006799999999999998,3.18,3.3200000000000003
1324,0.0006815999999999999,3.2,3.34
1325,0.0006831999999999999,3.22,3.36
1326,0.0006848,3.22,3.36
1327,0.0006864,3.24,3.38
1328,0.000688,3.2800000000000002,3.4
1329,0.0006896000000000001,3.2800000000000002,3.42
1330,0.0006912000000000001,3.3000000000000003,3.44
1331,0.0006927999999999997,3.3200000000000003,3.46
1332,0.0006943999999999997,3.3200000000000003,3.46
1333,0.0006959999999999998,3.36,3.48
1334,0.0006975999999999998,3.36,3.5
1335,0.0006991999999999999,3.38,3.52
1336,0.0007007999999999999,3.4,3.54
1337,0.0007023999999999999,3.4,3.56
1338,0.000704,3.42,3.58
1339,0.0007056,3.44,3.6
1340,0.0007072000000000001,3.46,3.6
1341,0.0007088000000000001,3.48,3.62
1342,0.0007103999999999997,3.5,3.64
1343,0.0007119999999999997,3.52,3.66
1344,0.0007135999999999998,3.52,3.68
1345,0.0007151999999999998,3.54,3.7
1346,0.0007167999999999999,3.56,3.7
1347,0.0007183999999999999,3.58,3.74
1348,0.0007199999999999999,3.58,3.74
1349,0.0007216,3.6,3.7600000000000002
1350,0.0007232,3.62,3.7800000000000002
1351,0.0007248,3.64,3.8000000000000003
1352,0.0007264000000000001,3.66,3.8200000000000003
1353,0.0007279999999999997,3.68,3.84
1354,0.0007295999999999997,3.7,3.84
1355,0.0007311999999999998,3.72,3.86
1356,0.0007327999999999998,3.74,3.88
1357,0.0007343999999999999,3.74,3.9
1358,0.0007359999999999999,3.7600000000000002,3.92
1359,0.0007375999999999999,3.7600000000000002,3.94
1360,0.0007392,3.7800000000000002,3.96
1361,0.0007408,3.8000000000000003,3.98
1362,0.0007424,3.8200000000000003,3.98
1363,0.0007440000000000001,3.84,4.0200000000000005
1364,0.0007455999999999997,3.88,4.0200000000000005
1365,0.0007471999999999997,3.88,4.04
1366,0.0007487999999999998,3.88,4.0600000000000005
1367,0.0007503999999999998,3.9,4.08
1368,0.0007519999999999998,3.92,4.08
1369,0.0007535999999999999,3.96,4.1
1370,0.0007551999999999999,3.96,4.14
1371,0.0007568,3.96,4.14
1372,0.0007584,3.98,4.16
1373,0.00076,4.0,4.18
1374,0.0007616000000000001,4.0200000000000005,4.18
1375,0.0007631999999999997,4.04,4.2
1376,0.0007647999999999997,4.0600000000000005,4.22
1377,0.0007663999999999998,4.08,4.24
1378,0.0007679999999999998,4.08,4.28
1379,0.0007695999999999998,4.1,4.28
1380,0.0007711999999999999,4.12,4.32
1381,0.0007727999999999999,4.14,4.3
1382,0.0007744,4.16,4.34
1383,0.000776,4.16,4.36
1384,0.0007776,4.2,4.36
1385,0.0007792000000000001,4.22,4.38
1386,0.0007807999999999997,4.22,4.4
1387,0.0007823999999999997,4.24,4.42
1388,0.0007839999999999998,4.26,4.44
1389,0.0007855999999999998,4.26,4.46
1390,0.0007871999999999998,4.28,4.48
1391,0.0007887999999999999,4.3,4.48
1392,0.0007903999999999999,4.32,4.5
1393,0.000792,4.32,4.5200000000000005
1394,0.0007936,4.34,4.54
1395,0.0007952,4.36,4.5600000000000005
1396,0.0007968000000000001,4.4,4.58
1397,0.0007983999999999997,4.4,4.6000000000000005
1398,0.0007999999999999997,4.42,4.6000000000000005
1399,0.0008015999999999998,4.42,4.62
1400,0.0008031999999999998,4.44,4.64
1401,0.0008047999999999998,4.46,4.66
1402,0.0008063999999999999,4.48,4.66
1403,0.0008079999999999999,4.5,4.7
1404,0.0008096,4.5200000000000005,4.72
1405,0.0008112,4.5200000000000005,4.74
1406,0.0008128,4.5600000000000005,4.74
1407,0.0008144000000000001,4.5600000000000005,4.76
1408,0.0008160000000000001,4.58,4.78
1409,0.0008175999999999997,4.58,4.8
1410,0.0008191999999999997,4.62,4.82
1411,0.0008207999999999998,4.62,4.82
1412,0.0008223999999999998,4.64,4.84
1413,0.0008239999999999999,4.66,4.86
1414,0.0008255999999999999,4.68,4.88
1415,0.0008271999999999999,4.7,4.9
1416,0.0008288,4.72,4.92
1417,0.0008304,4.72,4.94
1418,0.0008320000000000001,4.74,4.96
1419,0.0008336000000000001,1.54,4.96
1420,0.0008351999999999997,0.18,0.06
1421,0.0008367999999999997,0.1,0.06
1422,0.0008383999999999998,0.1,0.08
1423,0.0008399999999999998,0.12,0.1
1424,0.0008415999999999999,0.12,0.12
1425,0.0008431999999999999,0.12,0.14
1426,0.0008447999999999999,0.16,0.14
1427,0.0008464,0.16,0.16
1428,0.000848,0.18,0.16
1429,0.0008496,0.18,0.2
1430,0.0008512000000000001,0.2,0.2
1431,0.0008527999999999997,0.22,0.22
1432,0.0008543999999999997,0.22,0.24
1433,0.0008559999999999998,0.24,0.26
1434,0.0008575999999999998,0.26,0.26
1435,0.0008591999999999999,0.28,0.28
1436,0.0008607999999999999,0.28,0.3
1437,0.0008623999999999999,0.3,0.32
1438,0.000864,0.32,0.32
1439,0.0008656,0.32,0.34
1440,0.0008672,0.34,0.36
1441,0.0008688000000000001,0.38,0.38
1442,0.0008703999999999997,0.38,0.4
1443,0.0008719999999999997,0.4,0.42
1444,0.0008735999999999998,0.42,0.42
1445,0.0008751999999999998,0.44,0.44
1446,0.0008767999999999998,0.44,0.46
1447,0.0008783999999999999,0.46,0.48
1448,0.0008799999999999999,0.48,0.5
1449,0.0008816,0.48,0.5
1450,0.0008832,0.5,0.52
1451,0.0008848,0.52,0.54
1452,0.0008864000000000001,0.54,0.54
1453,0.0008879999999999997,0.56,0.58
1454,0.0008895999999999997,0.56,0.6
1455,0.0008911999999999998,0.6,0.62
1456,0.0008927999999999998,0.6,0.62
1457,0.0008943999999999998,0.64,0.64
1458,0.0008959999999999999,0.66,0.64
1459,0.0008975999999999999,0.66,0.68
1460,0.0008992,0.7000000000000001,0.7000000000000001
1461,0.0009008,0.7000000000000001,0.72
1462,0.0009024,0.72,0.74
1463,0.0009040000000000001,0.72,0.74
1464,0.0009055999999999997,0.74,0.78
1465,0.0009071999999999997,0.76,0.78
1466,0.0009087999999999998,0.78,0.8
1467,0.0009103999999999998,0.8,0.8200000000000001
1468,0.0009119999999999998,0.8,0.84
1469,0.0009135999999999999,0.84,0.86
1470,0.0009151999999999999,0.84,0.86
1471,0.0009168,0.86,0.88
1472,0.0009184,0.88,0.9
1473,0.00092,0.9,0.92
1474,0.0009216000000000001,0.92,0.9400000000000001
1475,0.0009231999999999997,0.92,0.96
1476,0.0009247999999999997,0.9400000000000001,0.98
1477,0.0009263999999999997,0.96,1.0
1478,0.0009279999999999998,0.96,1.0
1479,0.0009295999999999998,1.0,1.02
1480,0.0009311999999999999,1.0,1.06
1481,0.0009327999999999999,1.02,1.06
1482,0.0009343999999999999,1.04,1.08
1483,0.000936,1.06,1.1
1484,0.0009376,1.06,1.12
1485,0.0009392000000000001,1.1,1.12
1486,0.0009407999999999997,1.08,1.1400000000000001
1487,0.0009423999999999997,1.12,1.16
1488,0.0009439999999999997,1.1400000000000001,1.18
1489,0.0009455999999999998,1.16,1.2
1490,0.0009471999999999998,1.18,1.22
1491,0.0009487999999999999,1.2,1.22
1492,0.0009503999999999999,1.2,1.24
1493,0.0009519999999999999,1.22,1.28
1494,0.0009536,1.24,1.28
1495,0.0009552,1.26,1.3
1496,0.0009568000000000001,1.26,1.32
1497,0.0009584000000000001,1.28,1.34
1498,0.0009599999999999997,1.3,1.36
1499,0.0009615999999999997,1.32,1.3800000000000001
1500,0.0009631999999999998,1.34,1.3800000000000001
1501,0.0009647999999999998,1.34,1.42
1502,0.0009663999999999999,1.36,1.42
1503,0.0009679999999999999,1.3800000000000001,1.42
1504,0.0009695999999999999,1.3800000000000001,1.44
1505,0.0009712,1.42,1.46
1506,0.0009728,1.44,1.5
1507,0.0009744,1.46,1.52
1508,0.0009760000000000001,1.46,1.52
1509,0.0009775999999999997,1.48,1.54
1510,0.0009791999999999997,1.5,1.56
1511,0.0009807999999999998,1.52,1.58
1512,0.0009823999999999998,1.54,1.58
1513,0.0009839999999999998,1.54,1.62
1514,0.0009855999999999999,1.56,1.62
1515,0.0009872,1.58,1.6400000000000001
1516,0.0009888,1.6,1.6600000000000001
1517,0.0009904,1.62,1.68
1518,0.000992,1.6400000000000001,1.7
1519,0.0009936,1.6400000000000001,1.72
1520,0.0009951999999999997,1.6600000000000001,1.72
1521,0.0009967999999999997,1.68,1.74
1522,0.0009983999999999998,1.7,1.76
1523,0.0009999999999999998,1.72,1.78
1524,0.0010015999999999998,1.72,1.8
1525,0.0010031999999999999,1.74,1.82
1526,0.0010048,1.76,1.84
1527,0.0010064,1.78,1.84
1528,0.001008,1.78,1.86
1529,0.0010096,1.82,1.86
1530,0.0010112,1.82,1.9000000000000001
1531,0.0010127999999999997,1.84,1.9000000000000001
1532,0.0010143999999999997,1.86,1.94
1533,0.0010159999999999998,1.86,1.94
1534,0.0010175999999999998,1.9000000000000001,1.96
1535,0.0010191999999999998,1.9000000000000001,1.98
1536,0.0010207999999999999,1.92,2.0
1537,0.0010224,1.94,2.0
1538,0.001024,1.96,2.02
1539,0.0010256,1.98,2.04
1540,0.0010272,1.98,2.08
1541,0.0010288,2.02,2.08
1542,0.0010303999999999997,2.02,2.1
1543,0.0010319999999999997,2.04,2.12
1544,0.0010335999999999998,2.06,2.14
1545,0.0010351999999999998,2.08,2.16
1546,0.0010367999999999998,2.08,2.18
1547,0.0010383999999999999,2.12,2.2
1548,0.00104,2.1,2.2
1549,0.0010416,2.14,2.22
1550,0.0010432,2.16,2.24
1551,0.0010448,2.16,2.2600000000000002
1552,0.0010464,2.2,2.2800000000000002
1553,0.0010479999999999997,2.2,2.2800000000000002
1554,0.0010495999999999997,2.22,2.3000000000000003
1555,0.0010511999999999997,2.24,2.34
1556,0.0010527999999999998,2.2600000000000002,2.34
1557,0.0010543999999999998,2.2800000000000002,2.36
1558,0.0010559999999999999,2.2800000000000002,2.38
1559,0.0010576,2.3000000000000003,2.4
1560,0.0010592,2.32,2.42
1561,0.0010608,2.34,2.44
1562,0.0010624,2.36,2.46
1563,0.001064,2.38,2.46
1564,0.0010655999999999997,2.38,2.48
1565,0.0010671999999999997,2.4,2.5
1566,0.0010687999999999997,2.42,2.52
1567,0.0010703999999999998,2.44,2.52
1568,0.0010719999999999998,2.44,2.54
1569,0.0010735999999999999,2.46,2.56
1570,0.0010752,2.48,2.6
1571,0.0010768,2.5,2.6
1572,0.0010784,2.5,2.62
1573,0.00108,2.52,2.64
1574,0.0010816,2.52,2.64
1575,0.0010831999999999997,2.56,2.66
1576,0.0010847999999999997,2.56,2.68
1577,0.0010863999999999997,2.6,2.7
1578,0.0010879999999999998,2.6,2.72
1579,0.0010895999999999998,2.62,2.74
1580,0.0010911999999999999,2.62,2.7600000000000002
1581,0.0010927999999999999,2.66,2.7800000000000002
1582,0.0010944,2.66,2.7800000000000002
1583,0.001096,2.68,2.8000000000000003
1584,0.0010976,2.7,2.82
1585,0.0010992,2.72,2.84
1586,0.0011008,2.72,2.84
1587,0.0011023999999999997,2.74,2.86
1588,0.0011039999999999997,2.7800000000000002,2.88
1589,0.0011055999999999998,2.7800000000000002,2.92
1590,0.0011071999999999998,2.8000000000000003,2.92
1591,0.0011087999999999998,2.82,2.94
1592,0.0011103999999999999,2.84,2.96
1593,0.001112,2.84,2.98
1594,0.0011136,2.86,2.98
1595,0.0011152,2.88,3.0
1596,0.0011168,2.9,3.02
1597,0.0011184,2.92,3.04
1598,0.0011199999999999997,2.92,3.04
1599,0.0011215999999999997,2.94,3.08
1600,0.0011231999999999998,2.96,3.1
1601,0.0011247999999999998,2.98,3.1
1602,0.0011263999999999998,3.0,3.12
1603,0.0011279999999999999,3.0,3.16
1604,0.0011296,3.02,3.16
1605,0.0011312,3.04,3.18
1606,0.0011328,3.06,3.2
1607,0.0011344,3.08,3.2
1608,0.001136,3.1,3.24
1609,0.0011375999999999997,3.12,3.24
1610,0.0011391999999999997,3.12,3.2600000000000002
1611,0.0011407999999999998,3.14,3.2800000000000002
1612,0.0011423999999999998,3.16,3.3000000000000003
1613,0.0011439999999999998,3.18,3.3200000000000003
1614,0.0011455999999999999,3.2,3.34
1615,0.0011472,3.2,3.34
1616,0.0011488,3.22,3.36
1617,0.0011504,3.24,3.38
1618,0.001152,3.2600000000000002,3.4
1619,0.0011536,3.2800000000000002,3.42
1620,0.0011551999999999997,3.3000000000000003,3.42
1621,0.0011567999999999997,3.3200000000000003,3.46
1622,0.0011583999999999998,3.34,3.48
1623,0.0011599999999999998,3.36,3.48
1624,0.0011615999999999998,3.36,3.5
1625,0.0011631999999999999,3.38,3.52
1626,0.0011648,3.4,3.54
1627,0.0011664,3.4,3.56
1628,0.001168,3.42,3.58
1629,0.0011696,3.44,3.6
1630,0.0011712,3.46,3.6
1631,0.0011727999999999997,3.48,3.62
1632,0.0011743999999999997,3.5,3.64
1633,0.0011759999999999997,3.5,3.66
1634,0.0011775999999999998,3.54,3.68
1635,0.0011791999999999998,3.54,3.7
1636,0.0011807999999999999,3.56,3.7
1637,0.0011824,3.56,3.74
1638,0.001184,3.58,3.74
1639,0.0011856,3.6,3.7600000000000002
1640,0.0011872,3.64,3.7800000000000002
1641,0.0011888,3.64,3.8000000000000003
1642,0.0011903999999999997,3.66,3.8200000000000003
1643,0.0011919999999999997,3.68,3.84
1644,0.0011935999999999997,3.68,3.84
1645,0.0011951999999999998,3.7,3.86
1646,0.0011967999999999998,3.72,3.88
1647,0.0011983999999999999,3.74,3.9
1648,0.0012,3.7600000000000002,3.92
1649,0.0012016,3.7600000000000002,3.94
1650,0.0012032,3.7800000000000002,3.96
1651,0.0012048,3.8000000000000003,3.96
1652,0.0012064,3.8200000000000003,3.98
1653,0.0012079999999999997,3.84,4.0200000000000005
1654,0.0012095999999999997,3.86,4.0200000000000005
1655,0.0012111999999999997,3.88,4.04
1656,0.0012127999999999998,3.88,4.04
1657,0.0012143999999999998,3.9,4.0600000000000005
1658,0.0012159999999999999,3.92,4.08
1659,0.0012175999999999999,3.94,4.1
1660,0.0012192,3.96,4.12
1661,0.0012208,3.96,4.14
1662,0.0012224,3.98,4.16
1663,0.001224,4.0,4.16
1664,0.0012255999999999996,4.04,4.2
1665,0.0012271999999999997,4.04,4.2
1666,0.0012287999999999997,4.04,4.22
1667,0.0012303999999999998,4.0600000000000005,4.26
1668,0.0012319999999999998,4.08,4.26
1669,0.0012335999999999998,4.1,4.26
1670,0.0012351999999999999,4.12,4.3
1671,0.0012368,4.12,4.3
1672,0.0012384,4.14,4.32
1673,0.00124,4.16,4.34
1674,0.0012416,4.18,4.36
1675,0.0012432,4.2,4.4
1676,0.0012447999999999997,4.22,4.4
1677,0.0012463999999999997,4.24,4.42
1678,0.0012479999999999998,4.24,4.44
1679,0.0012495999999999998,4.26,4.46
1680,0.0012511999999999998,4.28,4.48
1681,0.0012527999999999999,4.3,4.48
1682,0.0012544,4.32,4.5
1683,0.001256,4.32,4.5200000000000005
1684,0.0012576,4.34,4.54
1685,0.0012592,4.36,4.5600000000000005
1686,0.0012608,4.38,4.5600000000000005
1687,0.0012623999999999997,4.4,4.58
1688,0.0012639999999999997,4.42,4.62
1689,0.0012655999999999998,4.44,4.62
1690,0.0012671999999999998,4.44,4.64
1691,0.0012687999999999998,4.46,4.66
1692,0.0012703999999999999,4.48,4.66
1693,0.001272,4.48,4.68
1694,0.0012736,4.5200000000000005,4.7
1695,0.0012752,4.5200000000000005,4.72
1696,0.0012768,4.54,4.74
1697,0.0012784,4.5600000000000005,4.76
1698,0.0012799999999999997,4.58,4.78
1699,0.0012815999999999997,4.6000000000000005,4.78
1700,0.0012831999999999997,4.62,4.82
1701,0.0012847999999999998,4.62,4.82
1702,0.0012863999999999998,4.64,4.86
1703,0.0012879999999999999,4.66,4.86
1704,0.0012896,4.68,4.88
1705,0.0012912,4.7,4.9
1706,0.0012928,4.7,4.9
1707,0.0012944,4.72,4.92
1708,0.001296,4.74,4.94
1709,0.0012975999999999997,2.38,4.96
1710,0.0012991999999999997,0.24,0.06
1711,0.0013007999999999997,0.1,0.06
1712,0.0013023999999999998,0.1,0.08
1713,0.0013039999999999998,0.12,0.1
1714,0.0013055999999999999,0.12,0.12
1715,0.0013072,0.14,0.12
1716,0.0013088,0.14,0.14
1717,0.0013104,0.16,0.16
1718,0.001312,0.18,0.18
1719,0.0013136,0.18,0.18
1720,0.0013151999999999997,0.2,0.2
1721,0.0013167999999999997,0.2,0.22
1722,0.0013183999999999997,0.22,0.24
1723,0.0013199999999999998,0.24,0.26
1724,0.0013215999999999998,0.26,0.26
1725,0.0013231999999999999,0.28,0.28
1726,0.0013248,0.28,0.3
1727,0.0013264,0.3,0.32
1728,0.001328,0.32,0.34
1729,0.0013296,0.34,0.34
1730,0.0013312,0.36,0.36
1731,0.0013327999999999997,0.36,0.38
1732,0.0013343999999999997,0.38,0.38
1733,0.0013359999999999997,0.4,0.4
1734,0.0013375999999999998,0.4,0.42
1735,0.0013391999999999998,0.42,0.44
1736,0.0013407999999999998,0.44,0.46
1737,0.0013423999999999999,0.46,0.48
1738,0.001344,0.48,0.5
1739,0.0013456,0.48,0.52
1740,0.0013472,0.5,0.52
1741,0.0013488,0.52,0.54
1742,0.0013503999999999996,0.54,0.56
1743,0.0013519999999999997,0.56,0.58
1744,0.0013535999999999997,0.58,0.6
1745,0.0013551999999999998,0.58,0.6
1746,0.0013567999999999998,0.62,0.62
1747,0.0013583999999999998,0.62,0.64
1748,0.0013599999999999999,0.64,0.66
1749,0.0013616,0.66,0.68
1750,0.0013632,0.68,0.7000000000000001
1751,0.0013648,0.68,0.72
1752,0.0013664,0.72,0.74
1753,0.001368,0.72,0.76
1754,0.0013695999999999997,0.74,0.74
1755,0.0013711999999999997,0.76,0.78
1756,0.0013727999999999998,0.78,0.78
1757,0.0013743999999999998,0.78,0.8
1758,0.0013759999999999998,0.8200000000000001,0.8200000000000001
1759,0.0013775999999999999,0.8200000000000001,0.86
1760,0.0013792,0.84,0.86
1761,0.0013808,0.86,0.88
1762,0.0013824,0.88,0.9
1763,0.001384,0.9,0.92
1764,0.0013856,0.92,0.9400000000000001
1765,0.0013871999999999997,0.92,0.96
1766,0.0013887999999999997,0.92,0.98
1767,0.0013903999999999998,0.96,0.98
1768,0.0013919999999999998,0.96,1.0
1769,0.0013935999999999998,0.98,1.02
1770,0.0013951999999999999,1.0,1.04
1771,0.0013968,1.02,1.06
1772,0.0013984,1.04,1.08
1773,0.0014,1.06,1.1
1774,0.0014016,1.08,1.1
1775,0.0014032,1.1,1.12
1776,0.0014047999999999997,1.1,1.1400000000000001
1777,0.0014063999999999997,1.1,1.16
1778,0.0014079999999999997,1.1400000000000001,1.16
1779,0.0014095999999999998,1.16,1.2
1780,0.0014111999999999998,1.16,1.2
1781,0.0014127999999999999,1.18,1.22
1782,0.0014144,1.2,1.24
1783,0.001416,1.2,1.26
1784,0.0014176,1.24,1.28
1785,0.0014192,1.24,1.3
1786,0.0014208,1.26,1.32
1787,0.0014223999999999997,1.28,1.32
1788,0.0014239999999999997,1.28,1.36
1789,0.0014255999999999997,1.32,1.3800000000000001
1790,0.0014271999999999998,1.32,1.3800000000000001
1791,0.0014287999999999998,1.34,1.42
1792,0.0014303999999999999,1.36,1.42
1793,0.001432,1.3800000000000001,1.44
1794,0.0014336,1.4000000000000001,1.46
1795,0.0014352,1.42,1.48
1796,0.0014368,1.44,1.5
1797,0.0014384,1.44,1.5
1798,0.0014399999999999997,1.46,1.52
1799,0.0014415999999999997,1.48,1.54
1800,0.0014431999999999997,1.5,1.56
1801,0.0014447999999999998,1.5,1.56
1802,0.0014463999999999998,1.54,1.58
1803,0.0014479999999999999,1.54,1.6
1804,0.0014495999999999999,1.56,1.62
1805,0.0014512,1.58,1.62
1806,0.0014528,1.6,1.6600000000000001
1807,0.0014544,1.6,1.68
1808,0.001456,1.62,1.7
1809,0.0014575999999999997,1.6400000000000001,1.7
1810,0.0014591999999999997,1.6600000000000001,1.72
1811,0.0014607999999999997,1.6600000000000001,1.74
1812,0.0014623999999999998,1.68,1.76
1813,0.0014639999999999998,1.72,1.78
1814,0.0014655999999999998,1.72,1.78
1815,0.0014671999999999999,1.72,1.8
1816,0.0014688,1.74,1.82
1817,0.0014704,1.78,1.84
1818,0.001472,1.8,1.86
1819,0.0014736,1.8,1.86
1820,0.0014751999999999996,1.82,1.9000000000000001
1821,0.0014767999999999997,1.84,1.92
1822,0.0014783999999999997,1.86,1.94
1823,0.0014799999999999998,1.8800000000000001,1.96
1824,0.0014815999999999998,1.9000000000000001,1.96
1825,0.0014831999999999998,1.9000000000000001,1.98
1826,0.0014847999999999999,1.92,2.0
1827,0.0014864,1.94,2.02
1828,0.001488,1.96,2.04
1829,0.0014896,1.98,2.04
1830,0.0014912,1.98,2.08
1831,0.0014927999999999996,2.02,2.1
1832,0.0014943999999999997,2.02,2.08
1833,0.0014959999999999997,2.04,2.12
1834,0.0014975999999999998,2.06,2.14
1835,0.0014991999999999998,2.06,2.16
1836,0.0015007999999999998,2.08,2.18
1837,0.0015023999999999999,2.1,2.18
1838,0.001504,2.1,2.2
1839,0.0015056,2.14,2.22
1840,0.0015072,2.16,2.24
1841,0.0015088,2.16,2.2600000000000002
1842,0.0015104,2.2,2.2800000000000002
1843,0.0015119999999999997,2.2,2.3000000000000003
1844,0.0015135999999999997,2.22,2.3000000000000003
1845,0.0015151999999999998,2.24,2.32
1846,0.0015167999999999998,2.24,2.34
1847,0.0015183999999999998,2.2600000000000002,2.36
1848,0.0015199999999999999,2.2800000000000002,2.38
1849,0.0015216,2.3000000000000003,2.4
1850,0.0015232,2.32,2.42
1851,0.0015248,2.34,2.44
1852,0.0015264,2.34,2.44
1853,0.001528,2.36,2.46
1854,0.0015295999999999997,2.38,2.46
1855,0.0015311999999999997,2.38,2.5
1856,0.0015327999999999997,2.4,2.5
1857,0.0015343999999999998,2.42,2.52
1858,0.0015359999999999998,2.44,2.56
1859,0.0015375999999999999,2.46,2.56
1860,0.0015392,2.48,2.58
1861,0.0015408,2.5,2.6
1862,0.0015424,2.5,2.6
1863,0.001544,2.52,2.62
1864,0.0015456,2.54,2.66
1865,0.0015471999999999997,2.54,2.66
1866,0.0015487999999999997,2.56,2.68
1867,0.0015503999999999997,2.58,2.7
1868,0.0015519999999999998,2.6,2.7
1869,0.0015535999999999998,2.62,2.74
1870,0.0015551999999999999,2.64,2.7600000000000002
1871,0.0015568,2.64,2.7600000000000002
1872,0.0015584,2.66,2.7800000000000002
1873,0.00156,2.68,2.8000000000000003
1874,0.0015616,2.7,2.82
1875,0.0015632,2.7,2.82
1876,0.0015647999999999997,2.74,2.84
1877,0.0015663999999999997,2.7600000000000002,2.86
1878,0.0015679999999999997,2.7600000000000002,2.88
1879,0.0015695999999999998,2.7800000000000002,2.9
1880,0.0015711999999999998,2.7800000000000002,2.92
1881,0.0015727999999999998,2.82,2.92
1882,0.0015743999999999999,2.82,2.94
1883,0.001576,2.84,2.98
1884,0.0015776,2.86,2.98
1885,0.0015792,2.88,3.0
1886,0.0015808,2.9,3.02
1887,0.0015823999999999996,2.9,3.04
1888,0.0015839999999999997,2.92,3.06
1889,0.0015855999999999997,2.94,3.06
1890,0.0015871999999999998,2.96,3.1
1891,0.0015887999999999998,2.96,3.1
1892,0.0015903999999999998,3.0,3.12
1893,0.0015919999999999999,3.0,3.14
1894,0.0015936,3.02,3.16
1895,0.0015952,3.04,3.18
1896,0.0015968,3.06,3.18
1897,0.0015984,3.08,3.2
1898,0.0015999999999999996,3.1,3.22
1899,0.0016015999999999997,3.12,3.24
1900,0.0016031999999999997,3.12,3.2600000000000002
1901,0.0016047999999999998,3.14,3.2800000000000002
1902,0.0016063999999999998,3.16,3.3000000000000003
1903,0.0016079999999999998,3.18,3.3000000000000003
1904,0.0016095999999999999,3.18,3.34
1905,0.0016112,3.2,3.34
1906,0.0016128,3.22,3.36
1907,0.0016144,3.24,3.38
1908,0.001616,3.2600000000000002,3.4
1909,0.0016175999999999996,3.2800000000000002,3.42
1910,0.0016191999999999997,3.2800000000000002,3.42
1911,0.0016207999999999997,3.3200000000000003,3.46
1912,0.0016223999999999998,3.3200000000000003,3.46
1913,0.0016239999999999998,3.36,3.48
1914,0.0016255999999999998,3.36,3.5
1915,0.0016271999999999999,3.38,3.52
1916,0.0016288,3.38,3.54
1917,0.0016304,3.4,3.56
1918,0.001632,3.42,3.56
1919,0.0016336,3.44,3.58
1920,0.0016352,3.46,3.6
1921,0.0016367999999999997,3.48,3.62
1922,0.0016383999999999997,3.48,3.64
1923,0.0016399999999999997,3.5,3.66
1924,0.0016415999999999998,3.52,3.66
1925,0.0016431999999999998,3.54,3.7
1926,0.0016447999999999999,3.54,3.72
1927,0.0016464,3.56,3.72
1928,0.001648,3.58,3.74
1929,0.0016496,3.6,3.7600000000000002
1930,0.0016512,3.62,3.7800000000000002
1931,0.0016528,3.64,3.8000000000000003
1932,0.0016543999999999997,3.64,3.8200000000000003
1933,0.0016559999999999997,3.66,3.84
1934,0.0016575999999999997,3.68,3.84
1935,0.0016591999999999998,3.7,3.88
1936,0.0016607999999999998,3.72,3.88
1937,0.0016623999999999999,3.72,3.9
1938,0.001664,3.74,3.92
1939,0.0016656,3.7600000000000002,3.94
1940,0.0016672,3.7800000000000002,3.94
1941,0.0016688,3.8000000000000003,3.96
1942,0.0016704,3.8200000000000003,3.98
1943,0.0016719999999999997,3.8200000000000003,4.0
1944,0.0016735999999999997,3.86,4.04
1945,0.0016751999999999997,3.86,4.04
1946,0.0016767999999999998,3.9,4.04
1947,0.0016783999999999998,3.9,4.0600000000000005
1948,0.0016799999999999999,3.92,4.08
1949,0.0016816,3.92,4.12
1950,0.0016832,3.96,4.12
1951,0.0016848,3.96,4.14
1952,0.0016864,3.98,4.14
1953,0.001688,4.0,4.16
1954,0.0016895999999999997,4.0200000000000005,4.18
1955,0.0016911999999999997,4.04,4.2
1956,0.0016927999999999997,4.04,4.22
1957,0.0016943999999999998,4.0600000000000005,4.24
1958,0.0016959999999999998,4.08,4.26
1959,0.0016975999999999998,4.1,4.26
1960,0.0016991999999999999,4.12,4.3
1961,0.0017008,4.12,4.3
1962,0.0017024,4.14,4.34
1963,0.001704,4.16,4.34
1964,0.0017056,4.18,4.36
1965,0.0017071999999999996,4.2,4.38
1966,0.0017087999999999997,4.22,4.4
1967,0.0017103999999999997,4.24,4.42
1968,0.0017119999999999998,4.24,4.42
1969,0.0017135999999999998,4.26,4.44
1970,0.0017151999999999998,4.26,4.48
1971,0.0017167999999999999,4.28,4.48
1972,0.0017184,4.32,4.5
1973,0.00172,4.32,4.5200000000000005
1974,0.0017216,4.34,4.54
1975,0.0017232,4.38,4.5600000000000005
1976,0.0017247999999999996,4.38,4.58
1977,0.0017263999999999997,4.38,4.58
1978,0.0017279999999999997,4.4,4.6000000000000005
1979,0.0017295999999999998,4.42,4.62
1980,0.0017311999999999998,4.44,4.66
1981,0.0017327999999999998,4.46,4.66
1982,0.0017343999999999999,4.48,4.66
1983,0.001736,4.5,4.68
1984,0.0017376,4.5,4.7
1985,0.0017392,4.5200000000000005,4.72
1986,0.0017408,4.54,4.74
1987,0.0017423999999999996,4.5600000000000005,4.76
1988,0.0017439999999999997,4.58,4.78
1989,0.0017455999999999997,4.58,4.78
1990,0.0017471999999999998,4.62,4.8
1991,0.0017487999999999998,4.62,4.82
1992,0.0017503999999999998,4.64,4.84
1993,0.0017519999999999999,4.66,4.86
1994,0.0017536,4.68,4.88
1995,0.0017552,4.7,4.9
1996,0.0017568,4.7,4.92
1997,0.0017584,4.72,4.92
1998,0.0017599999999999996,4.74,4.94
1999,0.0017615999999999997,3.7,4.96
