,time,v1,v2
0,0.000146432,1.06,1.1
1,0.000146448,1.06,1.1
2,0.00014646399999999999,1.06,1.1
3,0.00014648,1.06,1.1
4,0.000146496,1.06,1.1
5,0.000146512,1.06,1.1
6,0.000146528,1.06,1.1
7,0.000146544,1.06,1.1
8,0.00014656,1.06,1.1
9,0.000146576,1.06,1.1
10,0.000146592,1.04,1.1
11,0.000146608,1.06,1.1
12,0.00014662399999999998,1.06,1.1
13,0.00014664,1.06,1.1
14,0.000146656,1.04,1.1
15,0.000146672,1.06,1.1
16,0.000146688,1.06,1.1
17,0.000146704,1.06,1.1
18,0.00014672,1.06,1.08
19,0.00014673599999999999,1.06,1.1
20,0.000146752,1.06,1.1
21,0.000146768,1.06,1.1
22,0.000146784,1.06,1.1
23,0.0001468,1.06,1.1
24,0.000146816,1.06,1.1
25,0.000146832,1.04,1.1
26,0.000146848,1.06,1.1
27,0.000146864,1.06,1.1
28,0.00014688,1.06,1.1
29,0.00014689599999999998,1.06,1.1
30,0.000146912,1.06,1.1
31,0.000146928,1.06,1.1
32,0.000146944,1.04,1.1
33,0.00014696,1.04,1.1
34,0.000146976,1.06,1.1
35,0.000146992,1.04,1.1
36,0.00014700799999999999,1.04,1.1
37,0.000147024,1.06,1.1
38,0.00014704,1.04,1.1
39,0.000147056,1.04,1.1
40,0.000147072,1.04,1.08
41,0.000147088,1.06,1.1
42,0.000147104,1.06,1.1
43,0.00014712,1.06,1.1
44,0.000147136,1.06,1.08
45,0.000147152,1.06,1.1
46,0.00014716799999999998,1.06,1.1
47,0.000147184,1.06,1.1
48,0.0001472,1.06,1.1
49,0.000147216,1.04,1.1
50,0.000147232,1.06,1.08
51,0.000147248,1.04,1.1
52,0.000147264,1.04,1.1
53,0.00014727999999999999,1.06,1.1
54,0.000147296,1.06,1.1
55,0.000147312,1.04,1.1
56,0.000147328,1.06,1.1
57,0.000147344,1.06,1.1
58,0.00014736,1.06,1.1
59,0.000147376,1.06,1.1
60,0.000147392,1.06,1.1
61,0.000147408,1.06,1.1
62,0.000147424,1.06,1.1
63,0.00014743999999999998,1.06,1.1
64,0.000147456,1.06,1.1
65,0.000147472,1.06,1.08
66,0.000147488,1.06,1.1
67,0.000147504,1.06,1.1
68,0.00014752,1.06,1.1
69,0.000147536,1.06,1.08
70,0.00014755199999999999,1.06,1.08
71,0.000147568,1.06,1.1
72,0.000147584,1.06,1.1
73,0.0001476,1.04,1.1
74,0.000147616,1.06,1.1
75,0.000147632,1.06,1.08
76,0.000147648,1.04,1.1
77,0.000147664,1.06,1.1
78,0.00014768,1.06,1.1
79,0.000147696,1.06,1.1
80,0.00014771199999999998,1.06,1.1
81,0.000147728,1.06,1.1
82,0.000147744,1.06,1.1
83,0.00014776,1.06,1.1
84,0.000147776,1.06,1.1
85,0.000147792,1.06,1.1
86,0.000147808,1.06,1.1
87,0.00014782399999999999,1.06,1.08
88,0.00014784,1.06,1.1
89,0.000147856,1.06,1.1
90,0.000147872,1.06,1.1
91,0.000147888,1.04,1.1
92,0.000147904,1.06,1.1
93,0.00014792,1.06,1.08
94,0.000147936,1.06,1.1
95,0.000147952,1.04,1.08
96,0.000147968,1.04,1.1
97,0.00014798399999999998,1.06,1.1
98,0.000148,1.06,1.1
99,0.000148016,1.04,1.1
100,0.000148032,1.06,1.1
101,0.000148048,1.06,1.08
102,0.000148064,1.06,1.08
103,0.00014808,1.06,1.1
104,0.00014809599999999999,1.06,1.1
105,0.000148112,1.06,1.1
106,0.000148128,1.06,1.1
107,0.000148144,1.06,1.08
108,0.00014816,1.06,1.1
109,0.000148176,1.04,1.1
110,0.000148192,1.06,1.1
111,0.000148208,1.06,1.1
112,0.000148224,1.04,1.1
113,0.00014824,1.06,1.1
114,0.00014825599999999998,1.06,1.1
115,0.000148272,1.06,1.1
116,0.000148288,1.06,1.1
117,0.000148304,1.06,1.1
118,0.00014832,1.06,1.1
119,0.000148336,1.06,1.1
120,0.000148352,1.06,1.1
121,0.00014836799999999999,1.06,1.1
122,0.000148384,1.06,1.1
123,0.0001484,1.06,1.08
124,0.000148416,1.06,1.1
125,0.000148432,1.06,1.1
126,0.000148448,1.06,1.1
127,0.000148464,1.04,1.1
128,0.00014848,1.06,1.1
129,0.000148496,1.06,1.08
130,0.000148512,1.06,1.1
131,0.00014852799999999998,1.06,1.1
132,0.000148544,1.04,1.1
133,0.00014856,1.06,1.1
134,0.000148576,1.04,1.1
135,0.000148592,1.06,1.1
136,0.000148608,1.06,1.1
137,0.000148624,1.06,1.08
138,0.00014863999999999999,1.06,1.08
139,0.000148656,1.06,1.1
140,0.000148672,1.06,1.1
141,0.000148688,1.06,1.1
142,0.000148704,1.06,1.1
143,0.00014872,1.06,1.1
144,0.000148736,1.06,1.1
145,0.000148752,1.06,1.1
146,0.000148768,1.06,1.1
147,0.000148784,1.06,1.1
148,0.00014879999999999998,1.06,1.1
149,0.000148816,1.06,1.1
150,0.000148832,1.06,1.08
151,0.000148848,1.06,1.1
152,0.000148864,1.06,1.1
153,0.00014888,1.06,1.1
154,0.000148896,1.04,1.08
155,0.00014891199999999999,1.06,1.1
156,0.000148928,1.06,1.1
157,0.000148944,1.06,1.1
158,0.00014896,1.06,1.1
159,0.000148976,1.06,1.1
160,0.000148992,1.06,1.08
161,0.000149008,1.04,1.08
162,0.000149024,1.06,1.1
163,0.00014904,1.06,1.1
164,0.000149056,1.06,1.1
165,0.00014907199999999998,1.06,1.1
166,0.000149088,1.04,1.1
167,0.000149104,1.06,1.08
168,0.00014912,1.04,1.1
169,0.000149136,1.06,1.1
170,0.000149152,1.06,1.1
171,0.000149168,1.06,1.08
172,0.000149184,1.04,1.1
173,0.0001492,1.06,1.1
174,0.000149216,1.04,1.1
175,0.000149232,1.06,1.1
176,0.000149248,1.06,1.08
177,0.000149264,1.06,1.1
178,0.00014928,1.06,1.1
179,0.000149296,1.06,1.08
180,0.000149312,1.06,1.1
181,0.000149328,1.06,1.1
182,0.00014934399999999999,1.06,1.1
183,0.00014936,1.06,1.08
184,0.000149376,1.04,1.1
185,0.000149392,1.04,1.1
186,0.000149408,1.04,1.1
187,0.000149424,1.06,1.1
188,0.00014944,1.06,1.1
189,0.000149456,1.04,1.1
190,0.000149472,1.06,1.1
191,0.000149488,1.06,1.1
192,0.000149504,1.06,1.08
193,0.00014952,1.06,1.1
194,0.000149536,1.04,1.08
195,0.000149552,1.06,1.1
196,0.000149568,1.04,1.1
197,0.000149584,1.04,1.08
198,0.0001496,1.04,1.08
199,0.00014961599999999999,1.04,1.1
200,0.000149632,1.06,1.1
201,0.000149648,1.04,1.1
202,0.000149664,1.04,1.1
203,0.00014968,1.06,1.1
204,0.000149696,1.04,1.1
205,0.000149712,1.06,1.1
206,0.000149728,1.04,1.1
207,0.000149744,1.06,1.1
208,0.00014976,1.06,1.1
209,0.00014977599999999998,1.06,1.1
210,0.000149792,1.06,1.1
211,0.000149808,1.06,1.1
212,0.000149824,1.04,1.1
213,0.00014984,1.04,1.1
214,0.000149856,1.06,1.08
215,0.000149872,1.06,1.1
216,0.00014988799999999999,1.06,1.1
217,0.000149904,1.06,1.1
218,0.00014992,1.06,1.1
219,0.000149936,1.06,1.1
220,0.000149952,1.06,1.1
221,0.000149968,1.04,1.1
222,0.000149984,1.06,1.1
223,0.00015,1.06,1.1
224,0.000150016,1.06,1.08
225,0.000150032,1.06,1.1
226,0.00015004799999999998,1.06,1.1
227,0.000150064,1.06,1.1
228,0.00015008,1.06,1.08
229,0.000150096,1.06,1.1
230,0.000150112,1.06,1.1
231,0.000150128,1.06,1.1
232,0.000150144,1.06,1.1
233,0.00015015999999999999,1.06,1.1
234,0.000150176,1.06,1.1
235,0.000150192,1.06,1.08
236,0.000150208,1.04,1.1
237,0.000150224,1.06,1.1
238,0.00015024,1.06,1.1
239,0.000150256,1.06,1.1
240,0.000150272,1.06,1.08
241,0.000150288,1.06,1.1
242,0.000150304,1.06,1.1
243,0.00015031999999999998,1.06,1.1
244,0.000150336,1.06,1.1
245,0.000150352,1.06,1.1
246,0.000150368,1.06,1.08
247,0.000150384,1.06,1.1
248,0.0001504,1.04,1.1
249,0.000150416,1.06,1.1
250,0.00015043199999999999,1.04,1.1
251,0.000150448,1.04,1.1
252,0.000150464,1.06,1.08
253,0.00015048,1.06,1.1
254,0.000150496,1.06,1.08
255,0.000150512,1.04,1.1
256,0.000150528,1.04,1.1
257,0.000150544,1.06,1.1
258,0.00015056,1.06,1.1
259,0.000150576,1.06,1.1
260,0.00015059199999999998,1.06,1.1
261,0.000150608,1.04,1.1
262,0.000150624,1.06,1.1
263,0.00015064,1.06,1.1
264,0.000150656,1.06,1.1
265,0.000150672,1.04,1.08
266,0.000150688,1.06,1.1
267,0.00015070399999999999,1.04,1.1
268,0.00015072,1.06,1.1
269,0.000150736,1.06,1.1
270,0.000150752,1.06,1.1
271,0.000150768,1.06,1.1
272,0.000150784,1.04,1.1
273,0.0001508,1.04,1.1
274,0.000150816,1.04,1.1
275,0.000150832,1.06,1.08
276,0.000150848,1.06,1.1
277,0.00015086399999999998,1.06,1.1
278,0.00015088,1.06,1.08
279,0.000150896,1.06,1.1
280,0.000150912,1.06,1.08
281,0.000150928,1.06,1.1
282,0.000150944,1.06,1.1
283,0.00015096,1.06,1.1
284,0.00015097599999999999,1.04,1.1
285,0.000150992,1.06,1.08
286,0.000151008,1.06,1.1
287,0.000151024,1.06,1.08
288,0.00015104,1.06,1.1
289,0.000151056,1.06,1.08
290,0.000151072,1.04,1.1
291,0.000151088,1.06,1.1
292,0.000151104,1.06,1.1
293,0.00015112,1.06,1.08
294,0.00015113599999999998,1.06,1.1
295,0.000151152,1.06,1.1
296,0.000151168,1.06,1.1
297,0.000151184,1.06,1.08
298,0.0001512,1.06,1.1
299,0.000151216,1.06,1.1
300,0.000151232,1.04,1.1
301,0.00015124799999999999,1.06,1.1
302,0.000151264,1.06,1.1
303,0.00015128,1.04,1.1
304,0.000151296,1.06,1.1
305,0.000151312,1.06,1.1
306,0.000151328,1.06,1.1
307,0.000151344,1.06,1.1
308,0.00015136,1.06,1.1
309,0.000151376,1.04,1.1
310,0.000151392,1.06,1.1
311,0.00015140799999999998,1.06,1.1
312,0.000151424,1.06,1.1
313,0.00015144,1.06,1.1
314,0.000151456,1.06,1.08
315,0.000151472,1.06,1.08
316,0.000151488,1.06,1.1
317,0.000151504,1.06,1.1
318,0.00015151999999999999,1.06,1.1
319,0.000151536,1.06,1.1
320,0.000151552,1.04,1.1
321,0.000151568,1.06,1.1
322,0.000151584,1.06,1.1
323,0.0001516,1.06,1.1
324,0.000151616,1.06,1.1
325,0.000151632,1.06,1.1
326,0.000151648,1.06,1.1
327,0.000151664,1.06,1.1
328,0.00015167999999999998,1.06,1.1
329,0.000151696,1.06,1.1
330,0.000151712,1.06,1.1
331,0.000151728,1.06,1.1
332,0.000151744,1.06,1.1
333,0.00015176,1.06,1.1
334,0.000151776,1.06,1.08
335,0.00015179199999999999,1.06,1.1
336,0.000151808,1.06,1.08
337,0.000151824,1.06,1.1
338,0.00015184,1.06,1.1
339,0.000151856,1.04,1.1
340,0.000151872,1.04,1.1
341,0.000151888,1.06,1.08
342,0.000151904,1.06,1.1
343,0.00015192,1.06,1.1
344,0.000151936,1.06,1.1
345,0.00015195199999999998,1.06,1.1
346,0.000151968,1.06,1.1
347,0.000151984,1.06,1.1
348,0.000152,1.04,1.1
349,0.000152016,1.04,1.1
350,0.000152032,1.06,1.1
351,0.000152048,1.06,1.08
352,0.00015206399999999999,1.06,1.1
353,0.00015208,1.06,1.1
354,0.000152096,1.06,1.1
355,0.000152112,1.04,1.1
356,0.000152128,1.06,1.1
357,0.000152144,1.06,1.1
358,0.00015216,1.06,1.1
359,0.000152176,1.06,1.1
360,0.000152192,1.06,1.1
361,0.000152208,1.06,1.1
362,0.00015222399999999998,1.06,1.1
363,0.00015224,1.06,1.1
364,0.000152256,1.04,1.1
365,0.000152272,1.06,1.1
366,0.000152288,1.04,1.08
367,0.000152304,1.06,1.1
368,0.00015232,1.06,1.1
369,0.00015233599999999999,1.04,1.1
370,0.000152352,1.06,1.08
371,0.000152368,1.06,1.08
372,0.000152384,1.06,1.1
373,0.0001524,1.06,1.1
374,0.000152416,1.06,1.1
375,0.000152432,1.06,1.1
376,0.000152448,1.06,1.1
377,0.000152464,1.06,1.1
378,0.00015248,1.06,1.1
379,0.00015249599999999998,1.06,1.1
380,0.000152512,1.04,1.1
381,0.000152528,1.06,1.1
382,0.000152544,1.04,1.08
383,0.00015256,1.06,1.1
384,0.000152576,1.04,1.1
385,0.000152592,1.06,1.1
386,0.00015260799999999999,1.06,1.1
387,0.000152624,1.06,1.1
388,0.00015264,1.06,1.08
389,0.00015265599999999998,1.06,1.1
390,0.000152672,1.06,1.08
391,0.000152688,1.06,1.1
392,0.000152704,1.06,1.1
393,0.00015272,1.04,1.1
394,0.000152736,1.06,1.1
395,0.000152752,1.06,1.1
396,0.00015276799999999998,1.06,1.1
397,0.000152784,1.06,1.1
398,0.0001528,1.04,1.1
399,0.000152816,1.06,1.1
400,0.000152832,1.06,1.1
401,0.000152848,1.06,1.08
402,0.000152864,1.04,1.1
403,0.00015287999999999999,1.04,1.1
404,0.000152896,1.06,1.1
405,0.000152912,1.06,1.1
406,0.00015292799999999998,1.06,1.1
407,0.000152944,1.06,1.1
408,0.00015296,1.06,1.1
409,0.000152976,1.06,1.1
410,0.000152992,1.06,1.08
411,0.000153008,1.06,1.1
412,0.000153024,1.06,1.1
413,0.00015303999999999998,1.06,1.1
414,0.000153056,1.06,1.1
415,0.000153072,1.06,1.1
416,0.000153088,1.06,1.1
417,0.000153104,1.06,1.1
418,0.00015312,1.06,1.1
419,0.000153136,1.06,1.1
420,0.000153152,1.06,1.1
421,0.000153168,1.06,1.1
422,0.000153184,1.06,1.1
423,0.00015319999999999998,1.06,1.1
424,0.000153216,1.06,1.1
425,0.000153232,1.06,1.1
426,0.000153248,1.06,1.1
427,0.000153264,1.06,1.1
428,0.00015328,1.06,1.1
429,0.000153296,1.06,1.1
430,0.00015331199999999998,1.06,1.1
431,0.000153328,1.06,1.1
432,0.000153344,1.06,1.1
433,0.00015336,1.06,1.1
434,0.000153376,1.06,1.1
435,0.000153392,1.04,1.1
436,0.000153408,1.06,1.1
437,0.000153424,1.06,1.1
438,0.00015344,1.06,1.1
439,0.000153456,1.06,1.1
440,0.00015347199999999998,1.06,1.1
441,0.000153488,1.06,1.1
442,0.000153504,1.06,1.1
443,0.00015352,1.04,1.1
444,0.000153536,1.06,1.1
445,0.000153552,1.06,1.1
446,0.000153568,1.06,1.1
447,0.00015358399999999999,1.06,1.1
448,0.0001536,1.06,1.1
449,0.000153616,1.06,1.1
450,0.000153632,1.06,1.1
451,0.000153648,1.06,1.1
452,0.000153664,1.04,1.1
453,0.00015368,1.04,1.1
454,0.000153696,1.06,1.1
455,0.000153712,1.06,1.1
456,0.000153728,1.06,1.1
457,0.00015374399999999998,1.06,1.1
458,0.00015376,1.06,1.1
459,0.000153776,1.04,1.1
460,0.000153792,1.06,1.1
461,0.000153808,1.06,1.1
462,0.000153824,1.06,1.1
463,0.00015384,1.06,1.1
464,0.00015385599999999999,1.06,1.1
465,0.000153872,1.04,1.1
466,0.000153888,1.06,1.1
467,0.000153904,1.06,1.1
468,0.00015392,1.06,1.08
469,0.000153936,1.04,1.1
470,0.000153952,1.06,1.1
471,0.000153968,1.04,1.1
472,0.000153984,1.04,1.1
473,0.000154,1.06,1.1
474,0.00015401599999999998,1.06,1.1
475,0.000154032,1.06,1.1
476,0.000154048,1.06,1.1
477,0.000154064,1.06,1.1
478,0.00015408,1.06,1.1
479,0.000154096,1.06,1.1
480,0.000154112,1.06,1.08
481,0.00015412799999999999,1.06,1.1
482,0.000154144,1.06,1.1
483,0.00015416,1.06,1.1
484,0.000154176,1.06,1.1
485,0.000154192,1.06,1.1
486,0.000154208,1.06,1.1
487,0.000154224,1.06,1.1
488,0.00015424,1.06,1.1
489,0.000154256,1.04,1.1
490,0.000154272,1.06,1.08
491,0.00015428799999999998,1.06,1.1
492,0.000154304,1.06,1.1
493,0.00015432,1.06,1.1
494,0.000154336,1.06,1.1
495,0.000154352,1.06,1.1
496,0.000154368,1.06,1.1
497,0.000154384,1.06,1.08
498,0.00015439999999999999,1.06,1.1
499,0.000154416,1.06,1.1
500,0.000154432,1.06,1.1
501,0.000154448,1.06,1.1
502,0.000154464,1.06,1.08
503,0.00015448,1.06,1.1
504,0.000154496,1.06,1.1
505,0.000154512,1.06,1.08
506,0.000154528,1.06,1.1
507,0.000154544,1.06,1.1
508,0.00015455999999999998,1.06,1.1
509,0.000154576,1.06,1.08
510,0.000154592,1.06,1.1
511,0.000154608,1.06,1.1
512,0.000154624,1.06,1.1
513,0.00015464,1.06,1.1
514,0.000154656,1.04,1.1
515,0.00015467199999999999,1.06,1.1
516,0.000154688,1.06,1.1
517,0.000154704,1.06,1.08
518,0.00015472,1.06,1.1
519,0.000154736,1.06,1.1
520,0.000154752,1.06,1.1
521,0.000154768,1.06,1.1
522,0.000154784,1.06,1.1
523,0.0001548,1.06,1.1
524,0.000154816,1.06,1.1
525,0.00015483199999999998,1.06,1.1
526,0.000154848,1.04,1.1
527,0.000154864,1.04,1.1
528,0.00015488,1.06,1.1
529,0.000154896,1.06,1.1
530,0.000154912,1.06,1.1
531,0.000154928,1.06,1.1
532,0.00015494399999999999,1.06,1.1
533,0.00015496,1.06,1.1
534,0.000154976,1.06,1.1
535,0.000154992,1.04,1.1
536,0.000155008,1.04,1.1
537,0.000155024,1.06,1.1
538,0.00015504,1.06,1.1
539,0.000155056,1.06,1.1
540,0.000155072,1.04,1.1
541,0.000155088,1.04,1.1
542,0.00015510399999999998,1.06,1.1
543,0.00015512,1.06,1.1
544,0.000155136,1.06,1.1
545,0.000155152,1.06,1.1
546,0.000155168,1.06,1.1
547,0.000155184,1.06,1.1
548,0.0001552,1.06,1.1
549,0.00015521599999999999,1.04,1.1
550,0.000155232,1.06,1.1
551,0.000155248,1.06,1.1
552,0.000155264,1.06,1.1
553,0.00015528,1.06,1.08
554,0.000155296,1.06,1.1
555,0.000155312,1.04,1.1
556,0.000155328,1.06,1.1
557,0.000155344,1.06,1.1
558,0.00015536,1.06,1.1
559,0.00015537599999999998,1.06,1.1
560,0.000155392,1.06,1.1
561,0.000155408,1.06,1.1
562,0.000155424,1.06,1.1
563,0.00015544,1.06,1.1
564,0.000155456,1.06,1.1
565,0.000155472,1.06,1.1
566,0.00015548799999999999,1.04,1.1
567,0.000155504,1.04,1.1
568,0.00015552,1.06,1.1
569,0.000155536,1.06,1.1
570,0.000155552,1.04,1.1
571,0.000155568,1.06,1.1
572,0.000155584,1.04,1.1
573,0.0001556,1.06,1.1
574,0.000155616,1.06,1.08
575,0.000155632,1.06,1.1
576,0.00015564799999999998,1.04,1.1
577,0.000155664,1.06,1.1
578,0.00015568,1.06,1.1
579,0.000155696,1.04,1.1
580,0.000155712,1.04,1.1
581,0.000155728,1.04,1.1
582,0.000155744,1.06,1.1
583,0.00015575999999999999,1.06,1.1
584,0.000155776,1.06,1.1
585,0.000155792,1.04,1.1
586,0.000155808,1.06,1.1
587,0.000155824,1.06,1.1
588,0.00015584,1.06,1.1
589,0.000155856,1.06,1.1
590,0.000155872,1.06,1.1
591,0.000155888,1.06,1.1
592,0.000155904,1.06,1.1
593,0.00015591999999999998,1.06,1.1
594,0.000155936,1.04,1.1
595,0.000155952,1.06,1.1
596,0.000155968,1.04,1.1
597,0.000155984,1.06,1.1
598,0.000156,1.04,1.1
599,0.000156016,1.06,1.1
600,0.00015603199999999999,1.06,1.1
601,0.000156048,1.06,1.1
602,0.000156064,1.06,1.1
603,0.00015608,1.06,1.1
604,0.000156096,1.06,1.1
605,0.000156112,1.06,1.1
606,0.000156128,1.06,1.1
607,0.000156144,1.04,1.1
608,0.00015616,1.06,1.1
609,0.000156176,1.06,1.1
610,0.00015619199999999998,1.06,1.1
611,0.000156208,1.04,1.1
612,0.000156224,1.04,1.1
613,0.00015624,1.06,1.1
614,0.000156256,1.06,1.1
615,0.000156272,1.06,1.1
616,0.000156288,1.06,1.1
617,0.00015630399999999999,1.06,1.1
618,0.00015632,1.06,1.1
619,0.000156336,1.06,1.1
620,0.000156352,1.04,1.1
621,0.000156368,1.06,1.1
622,0.000156384,1.06,1.1
623,0.0001564,1.06,1.1
624,0.000156416,1.06,1.1
625,0.000156432,1.04,1.1
626,0.000156448,1.04,1.1
627,0.00015646399999999998,1.06,1.1
628,0.00015648,1.06,1.08
629,0.000156496,1.06,1.1
630,0.000156512,1.06,1.1
631,0.000156528,1.06,1.1
632,0.000156544,1.04,1.1
633,0.00015656,1.06,1.1
634,0.00015657599999999999,1.06,1.1
635,0.000156592,1.04,1.1
636,0.000156608,1.06,1.08
637,0.000156624,1.06,1.08
638,0.00015664,1.06,1.1
639,0.000156656,1.06,1.1
640,0.000156672,1.06,1.1
641,0.000156688,1.06,1.1
642,0.000156704,1.06,1.1
643,0.00015672,1.06,1.1
644,0.00015673599999999998,1.06,1.1
645,0.000156752,1.06,1.08
646,0.000156768,1.06,1.1
647,0.000156784,1.06,1.08
648,0.0001568,1.06,1.1
649,0.000156816,1.06,1.1
650,0.000156832,1.06,1.1
651,0.00015684799999999999,1.06,1.1
652,0.000156864,1.06,1.08
653,0.00015688,1.06,1.08
654,0.000156896,1.06,1.1
655,0.000156912,1.06,1.1
656,0.000156928,1.04,1.1
657,0.000156944,1.06,1.1
658,0.00015696,1.06,1.08
659,0.000156976,1.06,1.1
660,0.000156992,1.06,1.1
661,0.00015700799999999998,1.06,1.1
662,0.000157024,1.06,1.1
663,0.00015704,1.06,1.1
664,0.000157056,1.06,1.1
665,0.000157072,1.06,1.1
666,0.000157088,1.06,1.1
667,0.000157104,1.06,1.1
668,0.00015712,1.06,1.1
669,0.000157136,1.06,1.1
670,0.000157152,1.06,1.1
671,0.000157168,1.06,1.1
672,0.000157184,1.06,1.1
673,0.0001572,1.06,1.1
674,0.000157216,1.06,1.08
675,0.000157232,1.06,1.1
676,0.000157248,1.06,1.1
677,0.000157264,1.06,1.1
678,0.00015727999999999998,1.04,1.1
679,0.000157296,1.06,1.1
680,0.000157312,1.06,1.1
681,0.000157328,1.06,1.1
682,0.000157344,1.04,1.1
683,0.00015736,1.06,1.1
684,0.000157376,1.06,1.1
685,0.000157392,1.06,1.08
686,0.000157408,1.06,1.1
687,0.000157424,1.06,1.08
688,0.00015744,1.06,1.1
689,0.000157456,1.06,1.1
690,0.000157472,1.06,1.1
691,0.000157488,1.06,1.08
692,0.000157504,1.06,1.1
693,0.00015752,1.04,1.1
694,0.000157536,1.06,1.1
695,0.00015755199999999999,1.06,1.1
696,0.000157568,1.06,1.1
697,0.000157584,1.06,1.1
698,0.0001576,1.06,1.1
699,0.000157616,1.06,1.1
700,0.000157632,1.06,1.1
701,0.000157648,1.06,1.1
702,0.000157664,1.06,1.1
703,0.00015768,1.06,1.1
704,0.000157696,1.06,1.1
705,0.000157712,1.06,1.1
706,0.000157728,1.06,1.1
707,0.000157744,1.06,1.1
708,0.00015776,1.06,1.1
709,0.000157776,1.06,1.1
710,0.000157792,1.04,1.1
711,0.000157808,1.06,1.1
712,0.00015782399999999999,1.06,1.1
713,0.00015784,1.06,1.1
714,0.000157856,1.06,1.1
715,0.000157872,1.06,1.1
716,0.000157888,1.06,1.1
717,0.000157904,1.06,1.1
718,0.00015792,1.06,1.1
719,0.000157936,1.06,1.1
720,0.000157952,1.06,1.1
721,0.000157968,1.06,1.1
722,0.000157984,1.06,1.1
723,0.000158,1.06,1.1
724,0.000158016,1.04,1.1
725,0.000158032,1.04,1.1
726,0.000158048,1.06,1.1
727,0.000158064,1.06,1.1
728,0.00015808,1.06,1.1
729,0.00015809599999999999,1.06,1.1
730,0.000158112,1.06,1.1
731,0.000158128,1.06,1.1
732,0.000158144,1.06,1.1
733,0.00015816,1.06,1.1
734,0.000158176,1.06,1.1
735,0.000158192,1.06,1.1
736,0.000158208,1.06,1.1
737,0.000158224,1.04,1.1
738,0.00015824,1.06,1.1
739,0.000158256,1.06,1.1
740,0.000158272,1.06,1.1
741,0.000158288,1.06,1.1
742,0.000158304,1.06,1.1
743,0.00015832,1.06,1.1
744,0.000158336,1.06,1.1
745,0.000158352,1.04,1.1
746,0.00015836799999999999,1.06,1.1
747,0.000158384,1.06,1.1
748,0.0001584,1.06,1.1
749,0.000158416,1.06,1.1
750,0.000158432,1.06,1.1
751,0.000158448,1.04,1.08
752,0.000158464,1.06,1.1
753,0.00015848,1.06,1.1
754,0.000158496,1.06,1.1
755,0.000158512,1.06,1.1
756,0.000158528,1.06,1.1
757,0.000158544,1.06,1.1
758,0.00015856,1.06,1.1
759,0.000158576,1.06,1.1
760,0.000158592,1.06,1.1
761,0.000158608,1.06,1.12
762,0.000158624,1.06,1.1
763,0.00015863999999999999,1.06,1.1
764,0.000158656,1.06,1.1
765,0.000158672,1.06,1.1
766,0.000158688,1.04,1.1
767,0.000158704,1.06,1.1
768,0.00015872,1.06,1.1
769,0.000158736,1.06,1.1
770,0.000158752,1.06,1.08
771,0.000158768,1.06,1.1
772,0.000158784,1.06,1.1
773,0.0001588,1.06,1.1
774,0.000158816,1.06,1.1
775,0.000158832,1.06,1.1
776,0.000158848,1.06,1.08
777,0.000158864,1.06,1.1
778,0.00015888,1.06,1.1
779,0.000158896,1.06,1.1
780,0.00015891199999999999,1.06,1.1
781,0.000158928,1.06,1.1
782,0.000158944,1.06,1.08
783,0.00015896,1.06,1.1
784,0.000158976,1.06,1.1
785,0.000158992,1.06,1.1
786,0.000159008,1.06,1.1
787,0.000159024,1.06,1.1
788,0.00015904,1.06,1.1
789,0.000159056,1.04,1.08
790,0.000159072,1.06,1.1
791,0.000159088,1.06,1.1
792,0.000159104,1.06,1.1
793,0.00015912,1.06,1.1
794,0.000159136,1.06,1.1
795,0.000159152,1.06,1.1
796,0.000159168,1.06,1.1
797,0.00015918399999999999,1.06,1.1
798,0.0001592,1.06,1.1
799,0.000159216,1.04,1.1
800,0.000159232,1.06,1.08
801,0.000159248,1.06,1.1
802,0.000159264,1.06,1.1
803,0.00015928,1.06,1.1
804,0.000159296,1.06,1.1
805,0.000159312,1.04,1.1
806,0.000159328,1.06,1.1
807,0.000159344,1.04,1.1
808,0.00015936,1.06,1.1
809,0.000159376,1.06,1.08
810,0.000159392,1.04,1.1
811,0.000159408,1.06,1.1
812,0.000159424,1.06,1.1
813,0.00015944,1.06,1.1
814,0.00015945599999999999,1.04,1.1
815,0.000159472,1.06,1.1
816,0.000159488,1.04,1.1
817,0.000159504,1.06,1.1
818,0.00015952,1.06,1.1
819,0.000159536,1.06,1.1
820,0.000159552,1.06,1.1
821,0.000159568,1.06,1.1
822,0.000159584,1.06,1.08
823,0.0001596,1.06,1.1
824,0.000159616,1.06,1.1
825,0.000159632,1.06,1.1
826,0.000159648,1.06,1.1
827,0.000159664,1.06,1.1
828,0.00015968,1.06,1.1
829,0.000159696,1.06,1.1
830,0.000159712,1.04,1.1
831,0.00015972799999999999,1.06,1.1
832,0.000159744,1.06,1.1
833,0.00015976,1.06,1.1
834,0.000159776,1.06,1.1
835,0.000159792,1.06,1.1
836,0.000159808,1.06,1.1
837,0.000159824,1.06,1.1
838,0.00015984,1.04,1.1
839,0.000159856,1.06,1.12
840,0.000159872,1.04,1.1
841,0.000159888,1.06,1.1
842,0.000159904,1.04,1.1
843,0.00015992,1.06,1.1
844,0.000159936,1.06,1.1
845,0.000159952,1.06,1.1
846,0.000159968,1.06,1.1
847,0.000159984,1.06,1.1
848,0.00015999999999999999,1.04,1.1
849,0.000160016,1.04,1.1
850,0.000160032,1.06,1.1
851,0.000160048,1.06,1.1
852,0.000160064,1.06,1.1
853,0.00016008,1.06,1.1
854,0.000160096,1.06,1.1
855,0.000160112,1.06,1.1
856,0.000160128,1.06,1.1
857,0.000160144,1.06,1.1
858,0.00016016,1.06,1.1
859,0.000160176,1.06,1.1
860,0.000160192,1.06,1.1
861,0.000160208,1.06,1.1
862,0.000160224,1.06,1.1
863,0.00016024,1.04,1.1
864,0.000160256,1.06,1.1
865,0.00016027199999999999,1.06,1.1
866,0.000160288,1.06,1.1
867,0.000160304,1.06,1.1
868,0.00016032,1.06,1.1
869,0.000160336,1.04,1.1
870,0.000160352,1.06,1.1
871,0.000160368,1.06,1.1
872,0.000160384,1.04,1.08
873,0.0001604,1.06,1.1
874,0.000160416,1.06,1.1
875,0.000160432,1.04,1.1
876,0.000160448,1.04,1.1
877,0.000160464,1.04,1.1
878,0.00016048,1.04,1.1
879,0.000160496,1.06,1.1
880,0.000160512,1.06,1.1
881,0.000160528,1.06,1.1
882,0.00016054399999999999,1.06,1.12
883,0.00016056,1.06,1.1
884,0.000160576,1.06,1.1
885,0.000160592,1.06,1.1
886,0.000160608,1.04,1.1
887,0.000160624,1.06,1.1
888,0.00016064,1.06,1.1
889,0.000160656,1.06,1.1
890,0.000160672,1.06,1.1
891,0.000160688,1.06,1.1
892,0.000160704,1.06,1.1
893,0.00016072,1.06,1.1
894,0.000160736,1.06,1.1
895,0.000160752,1.06,1.1
896,0.000160768,1.06,1.1
897,0.000160784,1.06,1.1
898,0.0001608,1.06,1.1
899,0.00016081599999999999,1.06,1.1
900,0.000160832,1.06,1.1
901,0.000160848,1.06,1.1
902,0.00016086399999999998,1.06,1.1
903,0.00016088,1.06,1.1
904,0.000160896,1.06,1.1
905,0.000160912,1.04,1.1
906,0.000160928,1.06,1.1
907,0.000160944,1.06,1.1
908,0.00016096,1.06,1.1
909,0.000160976,1.06,1.1
910,0.000160992,1.06,1.1
911,0.000161008,1.06,1.1
912,0.000161024,1.06,1.12
913,0.00016104,1.06,1.1
914,0.000161056,1.06,1.1
915,0.000161072,1.06,1.1
916,0.00016108799999999999,1.06,1.1
917,0.000161104,1.06,1.1
918,0.00016112,1.06,1.1
919,0.00016113599999999998,1.06,1.1
920,0.000161152,1.04,1.1
921,0.000161168,1.06,1.1
922,0.000161184,1.06,1.1
923,0.0001612,1.06,1.1
924,0.000161216,1.06,1.1
925,0.000161232,1.04,1.1
926,0.00016124799999999998,1.06,1.1
927,0.000161264,1.06,1.1
928,0.00016128,1.04,1.1
929,0.000161296,1.06,1.1
930,0.000161312,1.06,1.1
931,0.000161328,1.06,1.1
932,0.000161344,1.06,1.1
933,0.00016136,1.06,1.1
934,0.000161376,1.06,1.1
935,0.000161392,1.06,1.1
936,0.00016140799999999998,1.06,1.1
937,0.000161424,1.04,1.1
938,0.00016144,1.06,1.1
939,0.000161456,1.06,1.1
940,0.000161472,1.06,1.1
941,0.000161488,1.06,1.1
942,0.000161504,1.06,1.1
943,0.00016151999999999998,1.06,1.1
944,0.000161536,1.06,1.1
945,0.000161552,1.06,1.1
946,0.000161568,1.06,1.1
947,0.000161584,1.06,1.1
948,0.0001616,1.06,1.1
949,0.000161616,1.06,1.1
950,0.000161632,1.06,1.08
951,0.000161648,1.06,1.1
952,0.000161664,1.04,1.1
953,0.00016167999999999998,1.06,1.1
954,0.000161696,1.06,1.1
955,0.000161712,1.06,1.1
956,0.000161728,1.06,1.1
957,0.000161744,1.06,1.1
958,0.00016176,1.04,1.1
959,0.000161776,1.06,1.1
960,0.000161792,1.06,1.1
961,0.000161808,1.06,1.1
962,0.000161824,1.06,1.1
963,0.00016184,1.04,1.1
964,0.000161856,1.06,1.1
965,0.000161872,1.06,1.1
966,0.000161888,1.06,1.1
967,0.000161904,1.06,1.1
968,0.00016192,1.06,1.1
969,0.000161936,1.06,1.1
970,0.00016195199999999998,1.06,1.1
971,0.000161968,1.06,1.1
972,0.000161984,1.06,1.1
973,0.000162,1.06,1.1
974,0.000162016,1.04,1.1
975,0.000162032,1.06,1.1
976,0.000162048,1.06,1.1
977,0.000162064,1.06,1.1
978,0.00016208,1.06,1.1
979,0.000162096,1.06,1.1
980,0.000162112,1.06,1.1
981,0.000162128,1.06,1.1
982,0.000162144,1.06,1.1
983,0.00016216,1.06,1.1
984,0.000162176,1.06,1.1
985,0.000162192,1.04,1.12
986,0.000162208,1.04,1.1
987,0.00016222399999999998,1.06,1.1
988,0.00016224,1.06,1.1
989,0.000162256,1.06,1.1
990,0.000162272,1.04,1.1
991,0.000162288,1.06,1.1
992,0.000162304,1.06,1.1
993,0.00016232,1.04,1.12
994,0.000162336,1.04,1.1
995,0.000162352,1.06,1.1
996,0.000162368,1.06,1.1
997,0.000162384,1.06,1.1
998,0.0001624,1.06,1.1
999,0.000162416,1.06,1.1
1000,0.000162432,1.06,1.1
1001,0.000162448,1.06,1.1
1002,0.000162464,1.06,1.1
1003,0.00016248,1.06,1.1
1004,0.00016249599999999998,1.06,1.1
1005,0.000162512,1.06,1.1
1006,0.000162528,1.06,1.1
1007,0.000162544,1.06,1.1
1008,0.00016256,1.06,1.1
1009,0.000162576,1.04,1.1
1010,0.000162592,1.06,1.1
1011,0.000162608,1.04,1.1
1012,0.000162624,1.06,1.1
1013,0.00016264,1.06,1.1
1014,0.000162656,1.04,1.1
1015,0.000162672,1.06,1.1
1016,0.000162688,1.06,1.1
1017,0.000162704,1.06,1.1
1018,0.00016272,1.06,1.1
1019,0.000162736,1.06,1.1
1020,0.000162752,1.04,1.1
1021,0.00016276799999999998,1.06,1.1
1022,0.000162784,1.04,1.1
1023,0.0001628,1.06,1.1
1024,0.000162816,1.06,1.1
1025,0.000162832,1.06,1.1
1026,0.000162848,1.06,1.1
1027,0.000162864,1.06,1.1
1028,0.00016288,1.06,1.1
1029,0.000162896,1.06,1.1
1030,0.000162912,1.06,1.1
1031,0.000162928,1.06,1.1
1032,0.000162944,1.06,1.1
1033,0.00016296,1.06,1.1
1034,0.000162976,1.04,1.1
1035,0.000162992,1.06,1.12
1036,0.000163008,1.06,1.1
1037,0.000163024,1.06,1.1
1038,0.00016303999999999998,1.06,1.1
1039,0.000163056,1.06,1.1
1040,0.000163072,1.06,1.1
1041,0.000163088,1.06,1.1
1042,0.000163104,1.06,1.1
1043,0.00016312,1.06,1.1
1044,0.000163136,1.06,1.1
1045,0.000163152,1.04,1.1
1046,0.000163168,1.06,1.1
1047,0.000163184,1.04,1.1
1048,0.0001632,1.06,1.1
1049,0.000163216,1.06,1.1
1050,0.000163232,1.06,1.1
1051,0.000163248,1.06,1.1
1052,0.000163264,1.06,1.1
1053,0.00016328,1.06,1.1
1054,0.000163296,1.04,1.1
1055,0.00016331199999999998,1.06,1.1
1056,0.000163328,1.06,1.1
1057,0.000163344,1.06,1.1
1058,0.00016336,1.04,1.1
1059,0.000163376,1.06,1.1
1060,0.000163392,1.04,1.1
1061,0.000163408,1.04,1.1
1062,0.000163424,1.06,1.1
1063,0.00016344,1.06,1.1
1064,0.000163456,1.06,1.1
1065,0.000163472,1.04,1.1
1066,0.000163488,1.04,1.1
1067,0.000163504,1.06,1.1
1068,0.00016352,1.06,1.1
1069,0.000163536,1.06,1.08
1070,0.000163552,1.06,1.1
1071,0.000163568,1.04,1.1
1072,0.00016358399999999998,1.04,1.1
1073,0.0001636,1.06,1.1
1074,0.000163616,1.06,1.1
1075,0.000163632,1.04,1.1
1076,0.000163648,1.06,1.1
1077,0.000163664,1.06,1.1
1078,0.00016368,1.06,1.12
1079,0.000163696,1.06,1.1
1080,0.000163712,1.06,1.1
1081,0.000163728,1.06,1.1
1082,0.000163744,1.06,1.1
1083,0.00016376,1.06,1.1
1084,0.000163776,1.06,1.1
1085,0.000163792,1.06,1.1
1086,0.000163808,1.04,1.1
1087,0.000163824,1.06,1.1
1088,0.00016384,1.06,1.1
1089,0.00016385599999999998,1.06,1.08
1090,0.000163872,1.06,1.1
1091,0.000163888,1.06,1.1
1092,0.000163904,1.06,1.1
1093,0.00016392,1.06,1.1
1094,0.000163936,1.06,1.1
1095,0.000163952,1.06,1.08
1096,0.00016396799999999999,1.06,1.1
1097,0.000163984,1.06,1.1
1098,0.000164,1.06,1.1
1099,0.000164016,1.06,1.1
1100,0.000164032,1.06,1.1
1101,0.000164048,1.06,1.1
1102,0.000164064,1.04,1.1
1103,0.00016408,1.06,1.1
1104,0.000164096,1.06,1.1
1105,0.000164112,1.06,1.1
1106,0.00016412799999999998,1.04,1.1
1107,0.000164144,1.06,1.1
1108,0.00016416,1.06,1.1
1109,0.000164176,1.06,1.1
1110,0.000164192,1.06,1.1
1111,0.000164208,1.06,1.08
1112,0.000164224,1.06,1.1
1113,0.00016423999999999999,1.06,1.1
1114,0.000164256,1.06,1.12
1115,0.000164272,1.06,1.1
1116,0.000164288,1.06,1.1
1117,0.000164304,1.06,1.1
1118,0.00016432,1.06,1.1
1119,0.000164336,1.06,1.1
1120,0.000164352,1.06,1.1
1121,0.000164368,1.06,1.1
1122,0.000164384,1.06,1.1
1123,0.00016439999999999998,1.06,1.1
1124,0.000164416,1.06,1.1
1125,0.000164432,1.06,1.1
1126,0.000164448,1.04,1.1
1127,0.000164464,1.06,1.1
1128,0.00016448,1.06,1.1
1129,0.000164496,1.06,1.1
1130,0.00016451199999999999,1.06,1.1
1131,0.000164528,1.06,1.1
1132,0.000164544,1.06,1.1
1133,0.00016456,1.06,1.1
1134,0.000164576,1.06,1.1
1135,0.000164592,1.06,1.1
1136,0.000164608,1.06,1.1
1137,0.000164624,1.06,1.1
1138,0.00016464,1.06,1.1
1139,0.000164656,1.04,1.1
1140,0.00016467199999999998,1.06,1.1
1141,0.000164688,1.06,1.1
1142,0.000164704,1.06,1.1
1143,0.00016472,1.06,1.1
1144,0.000164736,1.06,1.1
1145,0.000164752,1.04,1.1
1146,0.000164768,1.06,1.1
1147,0.00016478399999999999,1.06,1.1
1148,0.0001648,1.06,1.1
1149,0.000164816,1.06,1.1
1150,0.000164832,1.06,1.1
1151,0.000164848,1.06,1.1
1152,0.000164864,1.04,1.1
1153,0.00016488,1.06,1.1
1154,0.000164896,1.06,1.1
1155,0.000164912,1.04,1.1
1156,0.000164928,1.06,1.1
1157,0.00016494399999999998,1.06,1.12
1158,0.00016496,1.06,1.1
1159,0.000164976,1.04,1.1
1160,0.000164992,1.06,1.1
1161,0.000165008,1.06,1.1
1162,0.000165024,1.06,1.1
1163,0.00016504,1.06,1.08
1164,0.00016505599999999999,1.06,1.1
1165,0.000165072,1.06,1.1
1166,0.000165088,1.04,1.1
1167,0.000165104,1.06,1.1
1168,0.00016512,1.06,1.1
1169,0.000165136,1.06,1.1
1170,0.000165152,1.06,1.08
1171,0.000165168,1.06,1.1
1172,0.000165184,1.06,1.1
1173,0.0001652,1.06,1.1
1174,0.00016521599999999998,1.04,1.1
1175,0.000165232,1.06,1.1
1176,0.000165248,1.06,1.1
1177,0.000165264,1.04,1.1
1178,0.00016528,1.06,1.1
1179,0.000165296,1.06,1.1
1180,0.000165312,1.06,1.1
1181,0.000165328,1.04,1.1
1182,0.000165344,1.06,1.1
1183,0.00016536,1.06,1.1
1184,0.000165376,1.06,1.1
1185,0.000165392,1.06,1.1
1186,0.000165408,1.06,1.1
1187,0.000165424,1.06,1.1
1188,0.00016544,1.04,1.1
1189,0.000165456,1.06,1.1
1190,0.000165472,1.06,1.1
1191,0.00016548799999999998,1.06,1.1
1192,0.000165504,1.08,1.1
1193,0.00016552,1.06,1.1
1194,0.000165536,1.06,1.1
1195,0.000165552,1.04,1.1
1196,0.000165568,1.06,1.1
1197,0.000165584,1.04,1.1
1198,0.0001656,1.06,1.1
1199,0.000165616,1.06,1.1
1200,0.000165632,1.06,1.1
1201,0.000165648,1.06,1.1
1202,0.000165664,1.06,1.1
1203,0.00016568,1.06,1.1
1204,0.000165696,1.06,1.1
1205,0.000165712,1.06,1.1
1206,0.000165728,1.06,1.1
1207,0.000165744,1.06,1.1
1208,0.00016575999999999999,1.06,1.12
1209,0.000165776,1.06,1.12
1210,0.000165792,1.06,1.1
1211,0.000165808,1.06,1.1
1212,0.000165824,1.06,1.12
1213,0.00016584,1.06,1.1
1214,0.000165856,1.06,1.1
1215,0.000165872,1.06,1.1
1216,0.000165888,1.06,1.1
1217,0.000165904,1.04,1.1
1218,0.00016592,1.06,1.1
1219,0.000165936,1.06,1.1
1220,0.000165952,1.06,1.1
1221,0.000165968,1.06,1.1
1222,0.000165984,1.06,1.1
1223,0.000166,1.06,1.1
1224,0.000166016,1.06,1.1
1225,0.00016603199999999999,1.06,1.1
1226,0.000166048,1.06,1.1
1227,0.000166064,1.06,1.12
1228,0.00016608,1.06,1.1
1229,0.000166096,1.06,1.1
1230,0.000166112,1.06,1.1
1231,0.000166128,1.06,1.1
1232,0.000166144,1.06,1.1
1233,0.00016616,1.08,1.1
1234,0.000166176,1.06,1.1
1235,0.000166192,1.06,1.1
1236,0.000166208,1.06,1.1
1237,0.000166224,1.04,1.1
1238,0.00016624,1.06,1.1
1239,0.000166256,1.06,1.1
1240,0.000166272,1.06,1.1
1241,0.000166288,1.04,1.1
1242,0.00016630399999999999,1.06,1.1
1243,0.00016632,1.06,1.1
1244,0.000166336,1.06,1.1
1245,0.000166352,1.06,1.1
1246,0.000166368,1.06,1.1
1247,0.000166384,1.06,1.1
1248,0.0001664,1.04,1.1
1249,0.000166416,1.06,1.1
1250,0.000166432,1.06,1.1
1251,0.000166448,1.06,1.1
1252,0.000166464,1.06,1.1
1253,0.00016648,1.06,1.1
1254,0.000166496,1.06,1.1
1255,0.000166512,1.06,1.1
1256,0.000166528,1.06,1.1
1257,0.000166544,1.06,1.1
1258,0.00016656,1.06,1.1
1259,0.00016657599999999999,1.06,1.12
1260,0.000166592,1.04,1.12
1261,0.000166608,1.06,1.1
1262,0.000166624,1.06,1.1
1263,0.00016664,1.04,1.1
1264,0.000166656,1.06,1.1
1265,0.000166672,1.06,1.1
1266,0.000166688,1.06,1.1
1267,0.000166704,1.06,1.1
1268,0.00016672,1.04,1.1
1269,0.000166736,1.06,1.1
1270,0.000166752,1.06,1.1
1271,0.000166768,1.06,1.1
1272,0.000166784,1.06,1.1
1273,0.0001668,1.06,1.1
1274,0.000166816,1.06,1.1
1275,0.000166832,1.06,1.1
1276,0.00016684799999999999,1.06,1.1
1277,0.000166864,1.06,1.1
1278,0.00016688,1.06,1.1
1279,0.000166896,1.04,1.1
1280,0.000166912,1.06,1.1
1281,0.000166928,1.06,1.1
1282,0.000166944,1.04,1.1
1283,0.00016696,1.06,1.1
1284,0.000166976,1.04,1.1
1285,0.000166992,1.04,1.1
1286,0.000167008,1.06,1.1
1287,0.000167024,1.04,1.1
1288,0.00016704,1.06,1.1
1289,0.000167056,1.06,1.12
1290,0.000167072,1.06,1.1
1291,0.000167088,1.06,1.1
1292,0.000167104,1.06,1.1
1293,0.00016711999999999999,1.06,1.1
1294,0.000167136,1.04,1.1
1295,0.000167152,1.06,1.1
1296,0.000167168,1.06,1.1
1297,0.000167184,1.06,1.1
1298,0.0001672,1.06,1.1
1299,0.000167216,1.06,1.1
1300,0.000167232,1.04,1.1
1301,0.000167248,1.06,1.1
1302,0.000167264,1.06,1.1
1303,0.00016728,1.06,1.1
1304,0.000167296,1.04,1.1
1305,0.000167312,1.04,1.1
1306,0.000167328,1.06,1.1
1307,0.000167344,1.06,1.1
1308,0.00016736,1.06,1.1
1309,0.000167376,1.04,1.1
1310,0.00016739199999999999,1.06,1.1
1311,0.000167408,1.06,1.1
1312,0.000167424,1.06,1.1
1313,0.00016744,1.06,1.1
1314,0.000167456,1.04,1.1
1315,0.000167472,1.04,1.1
1316,0.000167488,1.06,1.1
1317,0.000167504,1.06,1.1
1318,0.00016752,1.06,1.1
1319,0.000167536,1.04,1.1
1320,0.000167552,1.06,1.1
1321,0.000167568,1.06,1.1
1322,0.000167584,1.06,1.1
1323,0.0001676,1.06,1.1
1324,0.000167616,1.04,1.12
1325,0.000167632,1.06,1.1
1326,0.000167648,1.04,1.1
1327,0.00016766399999999999,1.06,1.1
1328,0.00016768,1.04,1.1
1329,0.000167696,1.06,1.1
1330,0.000167712,1.06,1.1
1331,0.000167728,1.06,1.1
1332,0.000167744,1.06,1.1
1333,0.00016776,1.06,1.1
1334,0.000167776,1.06,1.1
1335,0.000167792,1.06,1.1
1336,0.000167808,1.04,1.1
1337,0.000167824,1.06,1.1
1338,0.00016784,1.06,1.1
1339,0.000167856,1.04,1.1
1340,0.000167872,1.04,1.1
1341,0.000167888,1.06,1.12
1342,0.000167904,1.06,1.1
1343,0.00016792,1.06,1.1
1344,0.00016793599999999999,1.06,1.1
1345,0.000167952,1.06,1.1
1346,0.000167968,1.06,1.1
1347,0.00016798399999999998,1.06,1.1
1348,0.000168,1.04,1.1
1349,0.000168016,1.04,1.1
1350,0.000168032,1.06,1.1
1351,0.000168048,1.06,1.1
1352,0.000168064,1.06,1.1
1353,0.00016808,1.06,1.1
1354,0.000168096,1.06,1.1
1355,0.000168112,1.04,1.1
1356,0.000168128,1.06,1.1
1357,0.000168144,1.06,1.1
1358,0.00016816,1.06,1.1
1359,0.000168176,1.06,1.1
1360,0.000168192,1.06,1.1
1361,0.00016820799999999999,1.06,1.12
1362,0.000168224,1.04,1.1
1363,0.00016824,1.04,1.1
1364,0.00016825599999999998,1.06,1.12
1365,0.000168272,1.04,1.1
1366,0.000168288,1.06,1.1
1367,0.000168304,1.06,1.1
1368,0.00016832,1.06,1.1
1369,0.000168336,1.06,1.1
1370,0.000168352,1.06,1.1
1371,0.000168368,1.06,1.1
1372,0.000168384,1.06,1.1
1373,0.0001684,1.04,1.1
1374,0.000168416,1.06,1.1
1375,0.000168432,1.06,1.1
1376,0.000168448,1.06,1.1
1377,0.000168464,1.06,1.1
1378,0.00016847999999999999,1.06,1.1
1379,0.000168496,1.06,1.1
1380,0.000168512,1.06,1.1
1381,0.00016852799999999998,1.06,1.1
1382,0.000168544,1.04,1.1
1383,0.00016856,1.04,1.1
1384,0.000168576,1.04,1.1
1385,0.000168592,1.04,1.1
1386,0.000168608,1.06,1.1
1387,0.000168624,1.06,1.1
1388,0.00016864,1.06,1.1
1389,0.000168656,1.06,1.1
1390,0.000168672,1.06,1.1
1391,0.000168688,1.06,1.1
1392,0.000168704,1.06,1.1
1393,0.00016872,1.06,1.1
1394,0.000168736,1.06,1.1
1395,0.00016875199999999999,1.04,1.1
1396,0.000168768,1.08,1.1
1397,0.000168784,1.06,1.1
1398,0.00016879999999999998,1.06,1.1
1399,0.000168816,1.06,1.1
1400,0.000168832,1.06,1.1
1401,0.000168848,1.06,1.1
1402,0.000168864,1.06,1.1
1403,0.00016888,1.06,1.1
1404,0.000168896,1.06,1.1
1405,0.000168912,1.04,1.1
1406,0.000168928,1.06,1.1
1407,0.000168944,1.06,1.12
1408,0.00016896,1.06,1.1
1409,0.000168976,1.06,1.1
1410,0.000168992,1.06,1.1
1411,0.000169008,1.06,1.1
1412,0.00016902399999999999,1.06,1.1
1413,0.00016904,1.06,1.1
1414,0.000169056,1.06,1.1
1415,0.00016907199999999998,1.06,1.1
1416,0.000169088,1.06,1.1
1417,0.000169104,1.06,1.1
1418,0.00016912,1.04,1.1
1419,0.000169136,1.06,1.1
1420,0.000169152,1.06,1.1
1421,0.000169168,1.04,1.1
1422,0.000169184,1.06,1.1
1423,0.0001692,1.04,1.1
1424,0.000169216,1.06,1.1
1425,0.000169232,1.06,1.1
1426,0.000169248,1.06,1.1
1427,0.000169264,1.06,1.1
1428,0.00016928,1.06,1.1
1429,0.00016929599999999999,1.06,1.1
1430,0.000169312,1.06,1.1
1431,0.000169328,1.06,1.1
1432,0.00016934399999999998,1.06,1.1
1433,0.00016936,1.06,1.1
1434,0.000169376,1.06,1.12
1435,0.000169392,1.06,1.1
1436,0.000169408,1.06,1.1
1437,0.000169424,1.06,1.1
1438,0.00016944,1.06,1.1
1439,0.000169456,1.06,1.1
1440,0.000169472,1.06,1.1
1441,0.000169488,1.04,1.1
1442,0.000169504,1.04,1.1
1443,0.00016952,1.06,1.1
1444,0.000169536,1.06,1.1
1445,0.000169552,1.06,1.1
1446,0.000169568,1.06,1.1
1447,0.000169584,1.06,1.1
1448,0.0001696,1.06,1.1
1449,0.00016961599999999998,1.06,1.1
1450,0.000169632,1.06,1.1
1451,0.000169648,1.06,1.1
1452,0.000169664,1.06,1.1
1453,0.00016968,1.06,1.1
1454,0.000169696,1.06,1.1
1455,0.000169712,1.06,1.1
1456,0.000169728,1.06,1.1
1457,0.000169744,1.04,1.1
1458,0.00016976,1.06,1.1
1459,0.000169776,1.04,1.1
1460,0.000169792,1.06,1.1
1461,0.000169808,1.04,1.1
1462,0.000169824,1.06,1.1
1463,0.00016984,1.06,1.1
1464,0.000169856,1.04,1.1
1465,0.000169872,1.06,1.12
1466,0.00016988799999999998,1.06,1.1
1467,0.000169904,1.06,1.1
1468,0.00016992,1.06,1.1
1469,0.000169936,1.06,1.1
1470,0.000169952,1.06,1.1
1471,0.000169968,1.06,1.1
1472,0.000169984,1.06,1.1
1473,0.00017,1.06,1.1
1474,0.000170016,1.06,1.1
1475,0.000170032,1.06,1.1
1476,0.000170048,1.06,1.1
1477,0.000170064,1.06,1.1
1478,0.00017008,1.06,1.1
1479,0.000170096,1.06,1.1
1480,0.000170112,1.06,1.1
1481,0.000170128,1.06,1.1
1482,0.000170144,1.06,1.1
1483,0.00017015999999999998,1.06,1.1
1484,0.000170176,1.06,1.1
1485,0.000170192,1.06,1.1
1486,0.000170208,1.04,1.1
1487,0.000170224,1.06,1.1
1488,0.00017024,1.06,1.1
1489,0.000170256,1.06,1.1
1490,0.000170272,1.06,1.1
1491,0.000170288,1.04,1.1
1492,0.000170304,1.04,1.1
1493,0.00017032,1.06,1.1
1494,0.000170336,1.04,1.1
1495,0.000170352,1.04,1.1
1496,0.000170368,1.06,1.12
1497,0.000170384,1.06,1.1
1498,0.0001704,1.06,1.1
1499,0.000170416,1.06,1.1
1500,0.00017043199999999998,1.06,1.12
1501,0.000170448,1.04,1.1
1502,0.000170464,1.06,1.1
1503,0.00017048,1.06,1.1
1504,0.000170496,1.06,1.1
1505,0.000170512,1.04,1.1
1506,0.000170528,1.06,1.1
1507,0.000170544,1.06,1.1
1508,0.00017056,1.06,1.1
1509,0.000170576,1.06,1.1
1510,0.000170592,1.06,1.1
1511,0.000170608,1.06,1.1
1512,0.000170624,1.06,1.1
1513,0.00017064,1.04,1.12
1514,0.000170656,1.06,1.1
1515,0.000170672,1.06,1.1
1516,0.000170688,1.06,1.12
1517,0.00017070399999999998,1.06,1.1
1518,0.00017072,1.06,1.1
1519,0.000170736,1.06,1.1
1520,0.000170752,1.06,1.1
1521,0.000170768,1.06,1.1
1522,0.000170784,1.04,1.1
1523,0.0001708,1.06,1.1
1524,0.000170816,1.06,1.1
1525,0.000170832,1.06,1.1
1526,0.000170848,1.04,1.1
1527,0.000170864,1.04,1.1
1528,0.00017088,1.06,1.1
1529,0.000170896,1.06,1.12
1530,0.000170912,1.06,1.1
1531,0.000170928,1.06,1.1
1532,0.000170944,1.04,1.1
1533,0.00017096,1.04,1.1
1534,0.00017097599999999998,1.06,1.1
1535,0.000170992,1.06,1.1
1536,0.000171008,1.04,1.1
1537,0.000171024,1.06,1.1
1538,0.00017104,1.06,1.1
1539,0.000171056,1.04,1.08
1540,0.000171072,1.06,1.1
1541,0.000171088,1.06,1.1
1542,0.000171104,1.06,1.1
1543,0.00017112,1.04,1.1
1544,0.000171136,1.06,1.1
1545,0.000171152,1.06,1.1
1546,0.000171168,1.06,1.1
1547,0.000171184,1.06,1.1
1548,0.0001712,1.06,1.1
1549,0.000171216,1.06,1.1
1550,0.000171232,1.06,1.1
1551,0.00017124799999999998,1.06,1.1
1552,0.000171264,1.06,1.12
1553,0.00017128,1.06,1.1
1554,0.000171296,1.06,1.1
1555,0.000171312,1.06,1.1
1556,0.000171328,1.06,1.12
1557,0.000171344,1.06,1.1
1558,0.00017136,1.06,1.1
1559,0.000171376,1.06,1.1
1560,0.000171392,1.06,1.12
1561,0.000171408,1.06,1.12
1562,0.000171424,1.06,1.1
1563,0.00017144,1.06,1.12
1564,0.000171456,1.06,1.12
1565,0.000171472,1.04,1.1
1566,0.000171488,1.06,1.12
1567,0.000171504,1.06,1.1
1568,0.00017151999999999998,1.04,1.1
1569,0.000171536,1.06,1.1
1570,0.000171552,1.06,1.1
1571,0.000171568,1.06,1.12
1572,0.000171584,1.06,1.1
1573,0.0001716,1.06,1.1
1574,0.000171616,1.04,1.12
1575,0.000171632,1.04,1.1
1576,0.000171648,1.06,1.1
1577,0.000171664,1.06,1.1
1578,0.00017168,1.06,1.1
1579,0.000171696,1.06,1.1
1580,0.000171712,1.06,1.1
1581,0.000171728,1.04,1.1
1582,0.000171744,1.06,1.1
1583,0.00017176,1.06,1.1
1584,0.000171776,1.04,1.1
1585,0.00017179199999999998,1.06,1.1
1586,0.000171808,1.06,1.12
1587,0.000171824,1.06,1.1
1588,0.00017184,1.06,1.1
1589,0.000171856,1.06,1.12
1590,0.000171872,1.06,1.1
1591,0.000171888,1.06,1.12
1592,0.000171904,1.06,1.1
1593,0.00017192,1.06,1.12
1594,0.000171936,1.06,1.12
1595,0.000171952,1.06,1.1
1596,0.000171968,1.06,1.1
1597,0.000171984,1.06,1.1
1598,0.000172,1.06,1.1
1599,0.000172016,1.06,1.12
1600,0.000172032,1.04,1.1
1601,0.000172048,1.06,1.1
1602,0.00017206399999999998,1.04,1.12
1603,0.00017208,1.06,1.1
1604,0.000172096,1.04,1.12
1605,0.000172112,1.06,1.1
1606,0.000172128,1.06,1.1
1607,0.000172144,1.06,1.1
1608,0.00017216,1.06,1.1
1609,0.000172176,1.06,1.1
1610,0.000172192,1.06,1.1
1611,0.000172208,1.06,1.1
1612,0.000172224,1.06,1.1
1613,0.00017224,1.06,1.1
1614,0.000172256,1.06,1.1
1615,0.000172272,1.06,1.1
1616,0.000172288,1.06,1.1
1617,0.000172304,1.06,1.1
1618,0.00017232,1.06,1.1
1619,0.00017233599999999998,1.06,1.12
1620,0.000172352,1.06,1.1
1621,0.000172368,1.06,1.12
1622,0.000172384,1.06,1.1
1623,0.0001724,1.06,1.1
1624,0.000172416,1.06,1.1
1625,0.000172432,1.06,1.1
1626,0.000172448,1.06,1.1
1627,0.000172464,1.06,1.1
1628,0.00017248,1.06,1.1
1629,0.000172496,1.06,1.1
1630,0.000172512,1.06,1.1
1631,0.000172528,1.06,1.12
1632,0.000172544,1.06,1.1
1633,0.00017256,1.06,1.1
1634,0.000172576,1.06,1.1
1635,0.000172592,1.08,1.1
1636,0.00017260799999999998,1.06,1.1
1637,0.000172624,1.06,1.1
1638,0.00017264,1.06,1.1
1639,0.000172656,1.06,1.1
1640,0.000172672,1.04,1.12
1641,0.000172688,1.06,1.12
1642,0.000172704,1.06,1.1
1643,0.00017272,1.06,1.1
1644,0.000172736,1.06,1.1
1645,0.000172752,1.06,1.1
1646,0.000172768,1.04,1.12
1647,0.000172784,1.06,1.12
1648,0.0001728,1.06,1.1
1649,0.000172816,1.06,1.1
1650,0.000172832,1.04,1.1
1651,0.000172848,1.06,1.1
1652,0.000172864,1.06,1.1
1653,0.00017287999999999998,1.06,1.1
1654,0.000172896,1.06,1.1
1655,0.000172912,1.06,1.1
1656,0.000172928,1.06,1.1
1657,0.000172944,1.06,1.1
1658,0.00017296,1.06,1.12
1659,0.000172976,1.06,1.12
1660,0.000172992,1.06,1.12
1661,0.000173008,1.06,1.1
1662,0.000173024,1.06,1.1
1663,0.00017304,1.06,1.1
1664,0.000173056,1.06,1.12
1665,0.000173072,1.06,1.1
1666,0.000173088,1.06,1.1
1667,0.000173104,1.06,1.1
1668,0.00017312,1.06,1.12
1669,0.000173136,1.06,1.12
1670,0.00017315199999999998,1.06,1.1
1671,0.000173168,1.06,1.12
1672,0.000173184,1.06,1.12
1673,0.0001732,1.06,1.1
1674,0.000173216,1.06,1.12
1675,0.000173232,1.06,1.1
1676,0.000173248,1.06,1.1
1677,0.000173264,1.06,1.12
1678,0.00017328,1.06,1.12
1679,0.000173296,1.06,1.12
1680,0.000173312,1.06,1.12
1681,0.000173328,1.06,1.1
1682,0.000173344,1.06,1.1
1683,0.00017336,1.06,1.1
1684,0.000173376,1.06,1.1
1685,0.000173392,1.06,1.1
1686,0.000173408,1.06,1.12
1687,0.00017342399999999998,1.04,1.1
1688,0.00017344,1.06,1.1
1689,0.000173456,1.06,1.1
1690,0.000173472,1.06,1.1
1691,0.000173488,1.06,1.1
1692,0.000173504,1.06,1.1
1693,0.00017352,1.06,1.1
1694,0.000173536,1.06,1.12
1695,0.000173552,1.06,1.1
1696,0.000173568,1.06,1.1
1697,0.000173584,1.06,1.1
1698,0.0001736,1.04,1.1
1699,0.000173616,1.04,1.1
1700,0.000173632,1.06,1.1
1701,0.000173648,1.06,1.1
1702,0.000173664,1.06,1.1
1703,0.00017368,1.06,1.1
1704,0.00017369599999999998,1.06,1.1
1705,0.000173712,1.06,1.12
1706,0.000173728,1.04,1.1
1707,0.000173744,1.06,1.1
1708,0.00017376,1.06,1.1
1709,0.000173776,1.06,1.1
1710,0.000173792,1.06,1.1
1711,0.000173808,1.06,1.1
1712,0.000173824,1.06,1.1
1713,0.00017384,1.06,1.12
1714,0.000173856,1.04,1.1
1715,0.000173872,1.06,1.1
1716,0.000173888,1.06,1.1
1717,0.000173904,1.06,1.1
1718,0.00017392,1.06,1.1
1719,0.000173936,1.06,1.12
1720,0.000173952,1.06,1.1
1721,0.00017396799999999999,1.06,1.1
1722,0.000173984,1.06,1.1
1723,0.000174,1.06,1.12
1724,0.000174016,1.06,1.1
1725,0.000174032,1.06,1.1
1726,0.000174048,1.04,1.1
1727,0.000174064,1.06,1.1
1728,0.00017408,1.06,1.12
1729,0.000174096,1.06,1.1
1730,0.000174112,1.06,1.1
1731,0.000174128,1.04,1.1
1732,0.000174144,1.06,1.1
1733,0.00017416,1.06,1.1
1734,0.000174176,1.06,1.12
1735,0.000174192,1.06,1.1
1736,0.000174208,1.06,1.1
1737,0.000174224,1.06,1.1
1738,0.00017423999999999999,1.06,1.1
1739,0.000174256,1.06,1.1
1740,0.000174272,1.06,1.1
1741,0.000174288,1.06,1.1
1742,0.000174304,1.04,1.1
1743,0.00017432,1.06,1.1
1744,0.000174336,1.06,1.12
1745,0.000174352,1.06,1.1
1746,0.000174368,1.06,1.1
1747,0.000174384,1.06,1.1
1748,0.0001744,1.04,1.12
1749,0.000174416,1.06,1.1
1750,0.000174432,1.06,1.12
1751,0.000174448,1.06,1.1
1752,0.000174464,1.06,1.1
1753,0.00017448,1.08,1.1
1754,0.000174496,1.06,1.1
1755,0.00017451199999999999,1.06,1.1
1756,0.000174528,1.06,1.1
1757,0.000174544,1.06,1.1
1758,0.00017456,1.06,1.1
1759,0.000174576,1.06,1.1
1760,0.000174592,1.04,1.1
1761,0.000174608,1.06,1.1
1762,0.000174624,1.06,1.1
1763,0.00017464,1.06,1.1
1764,0.000174656,1.06,1.1
1765,0.000174672,1.06,1.1
1766,0.000174688,1.06,1.1
1767,0.000174704,1.06,1.12
1768,0.00017472,1.06,1.12
1769,0.000174736,1.06,1.1
1770,0.000174752,1.06,1.1
1771,0.000174768,1.04,1.1
1772,0.00017478399999999999,1.06,1.1
1773,0.0001748,1.06,1.1
1774,0.000174816,1.06,1.12
1775,0.000174832,1.06,1.12
1776,0.000174848,1.06,1.1
1777,0.000174864,1.06,1.1
1778,0.00017488,1.06,1.1
1779,0.000174896,1.06,1.1
1780,0.000174912,1.06,1.1
1781,0.000174928,1.06,1.1
1782,0.000174944,1.06,1.1
1783,0.00017496,1.06,1.1
1784,0.000174976,1.06,1.1
1785,0.000174992,1.06,1.1
1786,0.000175008,1.06,1.1
1787,0.000175024,1.06,1.1
1788,0.00017504,1.06,1.1
1789,0.00017505599999999999,1.06,1.1
1790,0.000175072,1.06,1.1
1791,0.000175088,1.06,1.12
1792,0.000175104,1.06,1.12
1793,0.00017512,1.06,1.1
1794,0.000175136,1.06,1.12
1795,0.000175152,1.06,1.1
1796,0.000175168,1.06,1.1
1797,0.000175184,1.06,1.1
1798,0.0001752,1.06,1.12
1799,0.000175216,1.06,1.1
1800,0.000175232,1.06,1.1
1801,0.000175248,1.06,1.1
1802,0.000175264,1.06,1.1
1803,0.00017528,1.04,1.1
1804,0.000175296,1.06,1.1
1805,0.000175312,1.04,1.1
1806,0.00017532799999999999,1.06,1.1
1807,0.000175344,1.06,1.12
1808,0.00017536,1.06,1.1
1809,0.000175376,1.06,1.1
1810,0.000175392,1.06,1.1
1811,0.000175408,1.06,1.1
1812,0.000175424,1.06,1.1
1813,0.00017544,1.06,1.1
1814,0.000175456,1.06,1.1
1815,0.000175472,1.06,1.1
1816,0.000175488,1.08,1.1
1817,0.000175504,1.06,1.12
1818,0.00017552,1.06,1.1
1819,0.000175536,1.06,1.1
1820,0.000175552,1.06,1.1
1821,0.000175568,1.06,1.1
1822,0.000175584,1.06,1.1
1823,0.00017559999999999999,1.06,1.1
1824,0.000175616,1.04,1.1
1825,0.000175632,1.06,1.1
1826,0.000175648,1.04,1.1
1827,0.000175664,1.06,1.1
1828,0.00017568,1.06,1.1
1829,0.000175696,1.06,1.1
1830,0.000175712,1.06,1.1
1831,0.000175728,1.06,1.12
1832,0.000175744,1.06,1.1
1833,0.00017576,1.06,1.12
1834,0.000175776,1.04,1.1
1835,0.000175792,1.06,1.1
1836,0.000175808,1.06,1.1
1837,0.000175824,1.06,1.1
1838,0.00017584,1.06,1.1
1839,0.000175856,1.06,1.1
1840,0.00017587199999999999,1.06,1.1
1841,0.000175888,1.06,1.1
1842,0.000175904,1.06,1.12
1843,0.00017592,1.06,1.12
1844,0.000175936,1.06,1.1
1845,0.000175952,1.06,1.1
1846,0.000175968,1.06,1.1
1847,0.000175984,1.04,1.1
1848,0.000176,1.06,1.1
1849,0.000176016,1.06,1.1
1850,0.000176032,1.04,1.12
1851,0.000176048,1.06,1.1
1852,0.000176064,1.04,1.1
1853,0.00017608,1.06,1.1
1854,0.000176096,1.06,1.1
1855,0.000176112,1.06,1.12
1856,0.000176128,1.06,1.1
1857,0.00017614399999999999,1.06,1.1
1858,0.00017616,1.06,1.1
1859,0.000176176,1.06,1.1
1860,0.000176192,1.06,1.12
1861,0.000176208,1.06,1.1
1862,0.000176224,1.06,1.1
1863,0.00017624,1.08,1.1
1864,0.000176256,1.06,1.12
1865,0.000176272,1.06,1.1
1866,0.000176288,1.06,1.12
1867,0.000176304,1.06,1.1
1868,0.00017632,1.06,1.12
1869,0.000176336,1.06,1.1
1870,0.000176352,1.06,1.1
1871,0.000176368,1.06,1.12
1872,0.000176384,1.04,1.1
1873,0.0001764,1.06,1.12
1874,0.00017641599999999999,1.08,1.12
1875,0.000176432,1.06,1.1
1876,0.000176448,1.06,1.1
1877,0.000176464,1.06,1.12
1878,0.00017648,1.06,1.1
1879,0.000176496,1.06,1.1
1880,0.000176512,1.06,1.12
1881,0.000176528,1.06,1.12
1882,0.000176544,1.06,1.12
1883,0.00017656,1.04,1.1
1884,0.000176576,1.06,1.1
1885,0.000176592,1.06,1.12
1886,0.000176608,1.06,1.1
1887,0.000176624,1.06,1.12
1888,0.00017664,1.06,1.1
1889,0.000176656,1.06,1.12
1890,0.000176672,1.06,1.1
1891,0.00017668799999999999,1.04,1.1
1892,0.000176704,1.06,1.1
1893,0.00017672,1.06,1.12
1894,0.000176736,1.06,1.1
1895,0.000176752,1.06,1.1
1896,0.000176768,1.06,1.1
1897,0.000176784,1.08,1.12
1898,0.0001768,1.08,1.12
1899,0.000176816,1.06,1.1
1900,0.000176832,1.06,1.1
1901,0.000176848,1.06,1.12
1902,0.000176864,1.06,1.1
1903,0.00017688,1.08,1.12
1904,0.000176896,1.06,1.1
1905,0.000176912,1.06,1.1
1906,0.000176928,1.06,1.1
1907,0.000176944,1.06,1.12
1908,0.00017695999999999999,1.06,1.1
1909,0.000176976,1.06,1.1
1910,0.000176992,1.08,1.1
1911,0.00017700799999999998,1.06,1.12
1912,0.000177024,1.06,1.12
1913,0.00017704,1.06,1.1
1914,0.000177056,1.06,1.1
1915,0.00017707200000000001,1.06,1.1
1916,0.000177088,1.06,1.1
1917,0.000177104,1.06,1.1
1918,0.00017712,1.06,1.12
1919,0.000177136,1.06,1.1
1920,0.000177152,1.06,1.1
1921,0.000177168,1.06,1.12
1922,0.000177184,1.06,1.12
1923,0.0001772,1.06,1.12
1924,0.000177216,1.06,1.12
1925,0.00017723199999999999,1.06,1.12
1926,0.000177248,1.06,1.1
1927,0.000177264,1.06,1.1
1928,0.00017727999999999998,1.06,1.12
1929,0.000177296,1.08,1.12
1930,0.000177312,1.06,1.12
1931,0.000177328,1.06,1.12
1932,0.00017734400000000002,1.06,1.1
1933,0.00017736,1.06,1.1
1934,0.000177376,1.06,1.12
1935,0.000177392,1.06,1.12
1936,0.000177408,1.06,1.12
1937,0.000177424,1.06,1.1
1938,0.00017744,1.06,1.1
1939,0.000177456,1.06,1.12
1940,0.000177472,1.06,1.12
1941,0.000177488,1.06,1.1
1942,0.00017750399999999999,1.06,1.12
1943,0.00017752,1.06,1.12
1944,0.000177536,1.06,1.12
1945,0.00017755199999999998,1.06,1.1
1946,0.000177568,1.06,1.12
1947,0.000177584,1.06,1.12
1948,0.0001776,1.06,1.1
1949,0.00017761600000000002,1.06,1.1
1950,0.000177632,1.06,1.12
1951,0.000177648,1.06,1.1
1952,0.000177664,1.06,1.1
1953,0.00017768,1.06,1.1
1954,0.000177696,1.04,1.1
1955,0.000177712,1.08,1.12
1956,0.000177728,1.06,1.12
1957,0.000177744,1.06,1.12
1958,0.00017776,1.06,1.12
1959,0.000177776,1.06,1.1
1960,0.000177792,1.06,1.1
1961,0.000177808,1.06,1.1
1962,0.00017782399999999998,1.06,1.1
1963,0.00017784,1.06,1.1
1964,0.000177856,1.06,1.12
1965,0.000177872,1.04,1.1
1966,0.00017788800000000002,1.06,1.12
1967,0.000177904,1.06,1.12
1968,0.00017792,1.08,1.12
1969,0.000177936,1.06,1.1
1970,0.000177952,1.06,1.12
1971,0.000177968,1.06,1.12
1972,0.000177984,1.06,1.12
1973,0.000178,1.06,1.1
1974,0.000178016,1.06,1.12
1975,0.000178032,1.06,1.1
1976,0.000178048,1.06,1.1
1977,0.000178064,1.06,1.1
1978,0.00017808,1.06,1.1
1979,0.00017809599999999998,1.06,1.1
1980,0.000178112,1.06,1.1
1981,0.000178128,1.06,1.12
1982,0.000178144,1.04,1.12
1983,0.00017816000000000002,1.06,1.1
1984,0.000178176,1.06,1.1
1985,0.000178192,1.08,1.1
1986,0.000178208,1.06,1.1
1987,0.000178224,1.06,1.12
1988,0.00017824,1.06,1.1
1989,0.000178256,1.06,1.1
1990,0.000178272,1.06,1.1
1991,0.000178288,1.06,1.1
1992,0.000178304,1.06,1.1
1993,0.00017832,1.06,1.12
1994,0.000178336,1.06,1.12
1995,0.000178352,1.06,1.12
1996,0.00017836799999999998,1.04,1.12
1997,0.000178384,1.08,1.1
1998,0.0001784,1.06,1.12
1999,0.000178416,1.06,1.12
