,time,v1,v2
0,0.000158432,1.9000000000000001,2.3000000000000003
1,0.000158436,1.8800000000000001,2.32
2,0.00015843999999999998,1.9000000000000001,2.34
3,0.000158444,1.9000000000000001,2.34
4,0.000158448,1.9000000000000001,2.36
5,0.00015845199999999998,1.9000000000000001,2.38
6,0.000158456,1.9000000000000001,2.38
7,0.00015846,1.9000000000000001,2.4
8,0.00015846399999999998,1.9000000000000001,2.42
9,0.000158468,1.92,2.42
10,0.000158472,1.92,2.42
11,0.00015847599999999998,1.92,2.44
12,0.00015848,1.94,2.46
13,0.000158484,1.94,2.48
14,0.00015848799999999998,1.92,2.48
15,0.00015849199999999999,1.94,2.5
16,0.000158496,1.94,2.52
17,0.00015849999999999998,1.96,2.52
18,0.00015850399999999999,1.94,2.52
19,0.000158508,1.94,2.54
20,0.000158512,1.96,2.56
21,0.00015851599999999998,1.96,2.58
22,0.00015852,1.96,2.58
23,0.000158524,1.98,2.6
24,0.00015852799999999998,1.98,2.6
25,0.000158532,1.98,2.62
26,0.000158536,1.98,2.64
27,0.00015853999999999998,1.98,2.64
28,0.000158544,1.98,2.66
29,0.000158548,2.0,2.68
30,0.00015855199999999998,2.0,2.7
31,0.000158556,2.02,2.7
32,0.00015856,2.0,2.7
33,0.00015856399999999998,2.02,2.72
34,0.000158568,2.02,2.72
35,0.000158572,2.02,2.74
36,0.00015857599999999998,2.04,2.7600000000000002
37,0.00015858,2.04,2.7600000000000002
38,0.000158584,2.04,2.7800000000000002
39,0.00015858799999999998,2.04,2.8000000000000003
40,0.000158592,2.06,2.82
41,0.000158596,2.06,2.82
42,0.00015859999999999998,2.06,2.84
43,0.000158604,2.06,2.86
44,0.000158608,2.08,2.86
45,0.00015861199999999998,2.06,2.86
46,0.000158616,2.08,2.88
47,0.00015862,2.08,2.9
48,0.00015862399999999998,2.1,2.9
49,0.00015862799999999999,2.1,2.92
50,0.000158632,2.1,2.92
51,0.00015863599999999998,2.12,2.94
52,0.00015863999999999999,2.12,2.96
53,0.000158644,2.12,2.98
54,0.000158648,2.14,2.98
55,0.00015865199999999998,2.12,3.0
56,0.000158656,2.14,3.02
57,0.00015866,2.14,3.02
58,0.00015866399999999998,2.16,3.04
59,0.000158668,2.16,3.06
60,0.000158672,2.16,3.06
61,0.00015867599999999998,2.18,3.08
62,0.00015868,2.18,3.08
63,0.000158684,2.18,3.1
64,0.00015868799999999998,2.18,3.1
65,0.000158692,2.18,3.12
66,0.000158696,2.2,3.14
67,0.00015869999999999998,2.22,3.16
68,0.000158704,2.2,3.16
69,0.000158708,2.22,3.18
70,0.00015871199999999998,2.24,3.18
71,0.000158716,2.24,3.2
72,0.00015872,2.24,3.22
73,0.00015872399999999998,2.24,3.24
74,0.000158728,2.24,3.24
75,0.000158732,2.2600000000000002,3.2600000000000002
76,0.00015873599999999998,2.2800000000000002,3.2600000000000002
77,0.00015874,2.2600000000000002,3.2800000000000002
78,0.000158744,2.2800000000000002,3.3000000000000003
79,0.00015874799999999998,2.3000000000000003,3.3000000000000003
80,0.000158752,2.3000000000000003,3.3200000000000003
81,0.000158756,2.3000000000000003,3.3200000000000003
82,0.00015875999999999998,2.3000000000000003,3.34
83,0.00015876399999999999,2.32,3.36
84,0.000158768,2.32,3.36
85,0.00015877199999999998,2.34,3.38
86,0.00015877599999999999,2.34,3.4
87,0.00015878,2.34,3.4
88,0.000158784,2.36,3.42
89,0.00015878799999999998,2.36,3.44
90,0.000158792,2.36,3.46
91,0.000158796,2.38,3.46
92,0.00015879999999999998,2.38,3.46
93,0.000158804,2.38,3.48
94,0.000158808,2.38,3.5
95,0.00015881199999999998,2.4,3.52
96,0.000158816,2.4,3.52
97,0.00015882,2.4,3.54
98,0.00015882399999999998,2.42,3.54
99,0.000158828,2.42,3.56
100,0.000158832,2.44,3.58
101,0.00015883599999999998,2.44,3.6
102,0.00015884,2.44,3.6
103,0.000158844,2.46,3.6
104,0.00015884799999999998,2.46,3.62
105,0.000158852,2.48,3.64
106,0.000158856,2.48,3.64
107,0.00015885999999999998,2.5,3.66
108,0.000158864,2.48,3.68
109,0.000158868,2.5,3.68
110,0.00015887199999999998,2.52,3.7
111,0.000158876,2.52,3.7
112,0.00015888,2.52,3.72
113,0.00015888399999999998,2.52,3.74
114,0.000158888,2.54,3.74
115,0.000158892,2.56,3.7600000000000002
116,0.00015889599999999998,2.56,3.7800000000000002
117,0.00015889999999999999,2.56,3.7800000000000002
118,0.000158904,2.56,3.8000000000000003
119,0.00015890799999999998,2.58,3.8200000000000003
120,0.00015891199999999999,2.6,3.84
121,0.000158916,2.6,3.84
122,0.00015892,2.6,3.84
123,0.00015892399999999998,2.6,3.86
124,0.000158928,2.62,3.88
125,0.000158932,2.62,3.88
126,0.00015893599999999998,2.64,3.9
127,0.00015894,2.64,3.92
128,0.000158944,2.66,3.92
129,0.00015894799999999998,2.66,3.94
130,0.000158952,2.66,3.96
131,0.000158956,2.68,3.98
132,0.00015895999999999998,2.68,3.98
133,0.000158964,2.7,3.98
134,0.000158968,2.7,4.0
135,0.00015897199999999998,2.72,4.0200000000000005
136,0.000158976,2.72,4.0200000000000005
137,0.00015898,2.72,4.04
138,0.00015898399999999998,2.74,4.0600000000000005
139,0.000158988,2.7600000000000002,4.0600000000000005
140,0.000158992,2.7600000000000002,4.08
141,0.00015899599999999998,2.7600000000000002,4.1
142,0.000159,2.7800000000000002,4.1
143,0.000159004,2.7800000000000002,4.12
144,0.00015900799999999998,2.8000000000000003,4.12
145,0.000159012,2.8000000000000003,4.14
146,0.000159016,2.8000000000000003,4.16
147,0.00015901999999999998,2.82,4.16
148,0.000159024,2.82,4.18
149,0.000159028,2.84,4.2
150,0.00015903199999999998,2.86,4.2
151,0.00015903599999999999,2.86,4.22
152,0.00015904,2.86,4.22
153,0.00015904399999999998,2.86,4.24
154,0.00015904799999999999,2.88,4.26
155,0.000159052,2.9,4.28
156,0.000159056,2.92,4.3
157,0.00015905999999999998,2.9,4.3
158,0.000159064,2.92,4.3
159,0.000159068,2.92,4.32
160,0.00015907199999999998,2.94,4.34
161,0.000159076,2.94,4.34
162,0.00015908,2.94,4.36
163,0.00015908399999999998,2.96,4.38
164,0.000159088,2.98,4.38
165,0.000159092,2.98,4.4
166,0.00015909599999999998,2.98,4.42
167,0.0001591,3.0,4.42
168,0.000159104,3.0,4.44
169,0.00015910799999999998,3.02,4.46
170,0.000159112,3.02,4.46
171,0.000159116,3.04,4.48
172,0.00015911999999999998,3.06,4.48
173,0.000159124,3.06,4.5
174,0.000159128,3.06,4.5
175,0.00015913199999999998,3.08,4.5200000000000005
176,0.000159136,3.1,4.54
177,0.00015914,3.1,4.54
178,0.00015914399999999998,3.1,4.5600000000000005
179,0.000159148,3.12,4.58
180,0.000159152,3.14,4.6000000000000005
181,0.00015915599999999998,3.14,4.6000000000000005
182,0.00015916,3.14,4.62
183,0.000159164,3.16,4.62
184,0.00015916799999999998,3.16,4.64
185,0.000159172,3.16,4.66
186,0.000159176,3.18,4.66
187,0.00015917999999999998,3.18,4.68
188,0.00015918399999999999,3.2,4.68
189,0.000159188,3.22,4.7
190,0.000159192,3.22,4.72
191,0.00015919599999999998,3.24,4.74
192,0.0001592,3.24,4.74
193,0.000159204,3.2600000000000002,4.76
194,0.00015920799999999998,3.2600000000000002,4.78
195,0.000159212,3.2600000000000002,4.8
196,0.000159216,3.2800000000000002,4.8
197,0.00015921999999999998,3.3000000000000003,4.8
198,0.000159224,3.3000000000000003,4.82
199,0.000159228,3.3200000000000003,4.84
200,0.00015923199999999998,3.3200000000000003,4.84
201,0.000159236,3.34,4.86
202,0.00015924,3.34,4.86
203,0.00015924399999999998,3.36,4.88
204,0.000159248,3.36,4.9
205,0.000159252,3.38,4.84
206,0.00015925599999999998,3.4,3.8000000000000003
207,0.00015926,3.38,1.7
208,0.000159264,3.3000000000000003,0.1
209,0.00015926799999999998,3.3200000000000003,-0.04
210,0.000159272,3.3200000000000003,0.2
211,0.000159276,3.24,0.9
212,0.00015927999999999998,3.2,0.58
213,0.000159284,3.22,-0.04
214,0.000159288,3.18,-0.04
215,0.00015929199999999998,3.14,0.1
216,0.000159296,3.14,0.56
217,0.0001593,3.1,0.48
218,0.00015930399999999998,3.06,0.06
219,0.000159308,3.04,-0.04
220,0.000159312,3.04,0.16
221,0.00015931599999999998,3.0,0.42
222,0.00015931999999999999,2.98,0.42
223,0.000159324,2.96,0.22
224,0.000159328,2.94,0.12
225,0.00015933199999999998,2.92,0.24
226,0.000159336,2.9,0.4
227,0.00015934,2.88,0.4
228,0.00015934399999999998,2.86,0.3
229,0.000159348,2.84,0.24
230,0.000159352,2.82,0.32
231,0.00015935599999999998,2.8000000000000003,0.4
232,0.00015936,2.7600000000000002,0.44
233,0.000159364,2.74,0.38
234,0.00015936799999999998,2.74,0.34
235,0.000159372,2.72,0.38
236,0.000159376,2.7,0.44
237,0.00015937999999999998,2.68,0.48
238,0.000159384,2.66,0.44
239,0.000159388,2.64,0.42
240,0.00015939199999999998,2.62,0.46
241,0.000159396,2.6,0.48
242,0.0001594,2.6,0.5
243,0.00015940399999999998,2.58,0.52
244,0.000159408,2.56,0.5
245,0.000159412,2.54,0.52
246,0.00015941599999999998,2.52,0.54
247,0.00015942,2.5,0.56
248,0.000159424,2.5,0.58
249,0.00015942799999999998,2.5,0.56
250,0.000159432,2.48,0.58
251,0.000159436,2.46,0.6
252,0.00015943999999999998,2.44,0.62
253,0.000159444,2.44,0.62
254,0.000159448,2.42,0.64
255,0.00015945199999999998,2.4,0.64
256,0.00015945599999999999,2.4,0.66
257,0.00015946,2.38,0.66
258,0.000159464,2.36,0.68
259,0.00015946799999999998,2.34,0.7000000000000001
260,0.000159472,2.34,0.7000000000000001
261,0.000159476,2.32,0.72
262,0.00015947999999999998,2.32,0.74
263,0.000159484,2.3000000000000003,0.76
264,0.000159488,2.2800000000000002,0.76
265,0.00015949199999999998,2.2800000000000002,0.78
266,0.000159496,2.2600000000000002,0.78
267,0.0001595,2.2600000000000002,0.8
268,0.00015950399999999998,2.24,0.8200000000000001
269,0.000159508,2.22,0.8200000000000001
270,0.000159512,2.22,0.84
271,0.00015951599999999998,2.22,0.84
272,0.00015952,2.2,0.86
273,0.000159524,2.18,0.88
274,0.00015952799999999998,2.18,0.88
275,0.000159532,2.18,0.9
276,0.000159536,2.16,0.9
277,0.00015953999999999998,2.16,0.92
278,0.000159544,2.14,0.9400000000000001
279,0.000159548,2.12,0.96
280,0.00015955199999999998,2.14,0.96
281,0.000159556,2.12,0.96
282,0.00015956,2.12,0.98
283,0.00015956399999999998,2.1,1.0
284,0.000159568,2.08,1.0
285,0.000159572,2.08,1.02
286,0.00015957599999999998,2.08,1.04
287,0.00015958,2.08,1.06
288,0.000159584,2.06,1.06
289,0.00015958799999999998,2.06,1.08
290,0.00015959199999999999,2.04,1.08
291,0.000159596,2.02,1.08
292,0.0001596,2.04,1.1
293,0.00015960399999999999,2.02,1.12
294,0.000159608,2.0,1.1400000000000001
295,0.000159612,2.02,1.1400000000000001
296,0.00015961599999999998,2.0,1.16
297,0.00015962,2.0,1.16
298,0.000159624,1.98,1.18
299,0.00015962799999999998,1.98,1.18
300,0.000159632,1.96,1.2
301,0.000159636,1.98,1.22
302,0.00015963999999999998,1.98,1.24
303,0.000159644,1.96,1.24
304,0.000159648,1.96,1.26
305,0.00015965199999999998,1.94,1.28
306,0.000159656,1.96,1.28
307,0.00015966,1.94,1.3
308,0.00015966399999999998,1.94,1.32
309,0.000159668,1.92,1.34
310,0.000159672,1.92,1.34
311,0.00015967599999999998,1.92,1.36
312,0.00015968,1.92,1.36
313,0.000159684,1.9000000000000001,1.3800000000000001
314,0.00015968799999999998,1.92,1.3800000000000001
315,0.000159692,1.9000000000000001,1.4000000000000001
316,0.000159696,1.9000000000000001,1.42
317,0.00015969999999999998,1.8800000000000001,1.42
318,0.000159704,1.9000000000000001,1.44
319,0.000159708,1.9000000000000001,1.46
320,0.00015971199999999998,1.9000000000000001,1.46
321,0.000159716,1.9000000000000001,1.46
322,0.00015972,1.8800000000000001,1.48
323,0.00015972399999999998,1.8800000000000001,1.5
324,0.00015972799999999999,1.86,1.52
325,0.000159732,1.8800000000000001,1.52
326,0.000159736,1.8800000000000001,1.52
327,0.00015973999999999999,1.86,1.54
328,0.000159744,1.86,1.56
329,0.000159748,1.86,1.58
330,0.00015975199999999998,1.86,1.58
331,0.000159756,1.86,1.6
332,0.00015976,1.86,1.62
333,0.00015976399999999998,1.86,1.62
334,0.000159768,1.84,1.6400000000000001
335,0.000159772,1.84,1.6400000000000001
336,0.00015977599999999998,1.86,1.6600000000000001
337,0.00015978,1.84,1.6600000000000001
338,0.000159784,1.84,1.68
339,0.00015978799999999998,1.84,1.7
340,0.000159792,1.84,1.7
341,0.000159796,1.84,1.72
342,0.00015979999999999998,1.84,1.74
343,0.000159804,1.84,1.74
344,0.000159808,1.84,1.76
345,0.00015981199999999998,1.84,1.78
346,0.000159816,1.84,1.78
347,0.00015982,1.84,1.8
348,0.00015982399999999998,1.84,1.8
349,0.000159828,1.84,1.82
350,0.000159832,1.84,1.82
351,0.00015983599999999998,1.84,1.84
352,0.00015984,1.84,1.86
353,0.000159844,1.84,1.8800000000000001
354,0.00015984799999999998,1.84,1.8800000000000001
355,0.000159852,1.84,1.8800000000000001
356,0.000159856,1.84,1.9000000000000001
357,0.00015985999999999998,1.84,1.92
358,0.00015986399999999999,1.84,1.94
359,0.000159868,1.84,1.94
360,0.000159872,1.84,1.96
361,0.00015987599999999999,1.84,1.98
362,0.00015988,1.84,1.98
363,0.000159884,1.84,2.0
364,0.00015988799999999998,1.84,2.0
365,0.000159892,1.84,2.02
366,0.000159896,1.84,2.04
367,0.00015989999999999998,1.86,2.06
368,0.000159904,1.86,2.06
369,0.000159908,1.86,2.08
370,0.00015991199999999998,1.86,2.08
371,0.000159916,1.86,2.1
372,0.00015992,1.86,2.12
373,0.00015992399999999998,1.86,2.14
374,0.000159928,1.86,2.14
375,0.000159932,1.86,2.14
376,0.00015993599999999998,1.86,2.16
377,0.00015994,1.86,2.18
378,0.000159944,1.8800000000000001,2.18
379,0.00015994799999999998,1.8800000000000001,2.2
380,0.000159952,1.8800000000000001,2.2
381,0.000159956,1.86,2.22
382,0.00015995999999999998,1.8800000000000001,2.24
383,0.000159964,1.8800000000000001,2.2600000000000002
384,0.000159968,1.8800000000000001,2.2600000000000002
385,0.00015997199999999998,1.9000000000000001,2.2600000000000002
386,0.000159976,1.9000000000000001,2.2800000000000002
387,0.00015998,1.9000000000000001,2.3000000000000003
388,0.00015998399999999998,1.9000000000000001,2.32
389,0.000159988,1.9000000000000001,2.32
390,0.000159992,1.9000000000000001,2.34
391,0.00015999599999999998,1.9000000000000001,2.36
392,0.00015999999999999999,1.9000000000000001,2.36
393,0.000160004,1.92,2.38
394,0.000160008,1.92,2.38
395,0.00016001199999999999,1.9000000000000001,2.4
396,0.000160016,1.92,2.4
397,0.00016002,1.92,2.42
398,0.00016002399999999998,1.92,2.44
399,0.000160028,1.92,2.46
400,0.000160032,1.92,2.48
401,0.00016003599999999998,1.94,2.46
402,0.00016004,1.94,2.48
403,0.000160044,1.94,2.5
404,0.00016004799999999998,1.96,2.52
405,0.000160052,1.96,2.52
406,0.000160056,1.96,2.54
407,0.00016005999999999998,1.96,2.56
408,0.000160064,1.96,2.56
409,0.000160068,1.96,2.58
410,0.00016007199999999998,1.98,2.58
411,0.000160076,1.98,2.6
412,0.00016008,1.96,2.62
413,0.00016008399999999998,1.98,2.62
414,0.000160088,1.98,2.64
415,0.000160092,1.98,2.66
416,0.00016009599999999998,2.0,2.66
417,0.0001601,2.0,2.68
418,0.000160104,2.02,2.7
419,0.00016010799999999998,2.02,2.7
420,0.000160112,2.02,2.72
421,0.000160116,2.02,2.74
422,0.00016011999999999998,2.02,2.74
423,0.000160124,2.02,2.74
424,0.000160128,2.04,2.7600000000000002
425,0.00016013199999999998,2.02,2.7800000000000002
426,0.00016013599999999999,2.04,2.8000000000000003
427,0.00016014,2.04,2.8000000000000003
428,0.000160144,2.06,2.82
429,0.00016014799999999999,2.06,2.82
430,0.000160152,2.06,2.84
431,0.000160156,2.08,2.86
432,0.00016015999999999998,2.06,2.86
433,0.000160164,2.08,2.86
434,0.000160168,2.1,2.88
435,0.00016017199999999998,2.1,2.9
436,0.000160176,2.1,2.9
437,0.00016018,2.1,2.92
438,0.00016018399999999998,2.12,2.94
439,0.000160188,2.12,2.94
440,0.000160192,2.12,2.96
441,0.00016019599999999998,2.12,2.98
442,0.0001602,2.12,2.98
443,0.000160204,2.14,3.0
444,0.00016020799999999998,2.14,3.02
445,0.000160212,2.14,3.02
446,0.000160216,2.16,3.04
447,0.00016021999999999998,2.16,3.06
448,0.000160224,2.18,3.06
449,0.000160228,2.18,3.08
450,0.00016023199999999998,2.18,3.1
451,0.000160236,2.18,3.1
452,0.00016024,2.2,3.12
453,0.00016024399999999998,2.2,3.14
454,0.000160248,2.2,3.14
455,0.000160252,2.22,3.16
456,0.00016025599999999998,2.22,3.18
457,0.00016026,2.22,3.18
458,0.000160264,2.22,3.18
459,0.00016026799999999998,2.24,3.2
460,0.00016027199999999999,2.24,3.22
461,0.000160276,2.2600000000000002,3.24
462,0.00016028,2.24,3.24
463,0.00016028399999999999,2.2600000000000002,3.2600000000000002
464,0.000160288,2.2800000000000002,3.2800000000000002
465,0.000160292,2.2600000000000002,3.2800000000000002
466,0.00016029599999999998,2.2800000000000002,3.3000000000000003
467,0.0001603,2.3000000000000003,3.3000000000000003
468,0.000160304,2.2800000000000002,3.3200000000000003
469,0.00016030799999999998,2.3000000000000003,3.34
470,0.000160312,2.32,3.34
471,0.000160316,2.32,3.36
472,0.00016031999999999998,2.34,3.38
473,0.000160324,2.34,3.4
474,0.000160328,2.34,3.4
475,0.00016033199999999998,2.34,3.42
476,0.000160336,2.36,3.42
477,0.00016034,2.36,3.44
478,0.00016034399999999998,2.36,3.44
479,0.000160348,2.36,3.46
480,0.000160352,2.38,3.48
481,0.00016035599999999998,2.4,3.48
482,0.00016036,2.4,3.5
483,0.000160364,2.4,3.52
484,0.00016036799999999998,2.42,3.52
485,0.000160372,2.42,3.54
486,0.000160376,2.42,3.56
487,0.00016037999999999998,2.44,3.56
488,0.000160384,2.44,3.58
489,0.000160388,2.44,3.58
490,0.00016039199999999998,2.46,3.6
491,0.000160396,2.46,3.62
492,0.0001604,2.46,3.62
493,0.00016040399999999998,2.48,3.64
494,0.00016040799999999999,2.48,3.66
495,0.000160412,2.5,3.66
496,0.00016041599999999998,2.5,3.68
497,0.00016041999999999999,2.5,3.68
498,0.000160424,2.52,3.7
499,0.000160428,2.52,3.72
500,0.00016043199999999998,2.52,3.72
501,0.000160436,2.52,3.74
502,0.00016044,2.54,3.7600000000000002
503,0.00016044399999999998,2.54,3.7600000000000002
504,0.000160448,2.56,3.7800000000000002
505,0.000160452,2.56,3.7800000000000002
506,0.00016045599999999998,2.58,3.8000000000000003
507,0.00016046,2.58,3.8200000000000003
508,0.000160464,2.6,3.8200000000000003
509,0.00016046799999999998,2.6,3.84
510,0.000160472,2.6,3.86
511,0.000160476,2.62,3.86
512,0.00016047999999999998,2.62,3.88
513,0.000160484,2.64,3.9
514,0.000160488,2.64,3.9
515,0.00016049199999999998,2.64,3.92
516,0.000160496,2.66,3.92
517,0.0001605,2.66,3.94
518,0.00016050399999999998,2.68,3.96
519,0.000160508,2.68,3.96
520,0.000160512,2.68,3.98
521,0.00016051599999999998,2.7,3.98
522,0.00016052,2.72,4.0
523,0.000160524,2.72,4.0200000000000005
524,0.00016052799999999998,2.72,4.0200000000000005
525,0.000160532,2.74,4.04
526,0.000160536,2.74,4.0600000000000005
527,0.00016053999999999998,2.7600000000000002,4.08
528,0.00016054399999999999,2.7600000000000002,4.08
529,0.000160548,2.7800000000000002,4.1
530,0.000160552,2.7800000000000002,4.1
531,0.00016055599999999999,2.7800000000000002,4.1
532,0.00016056,2.8000000000000003,4.14
533,0.000160564,2.82,4.16
534,0.00016056799999999998,2.82,4.16
535,0.000160572,2.82,4.16
536,0.000160576,2.84,4.18
537,0.00016057999999999998,2.86,4.2
538,0.000160584,2.86,4.22
539,0.000160588,2.86,4.22
540,0.00016059199999999998,2.88,4.24
541,0.000160596,2.88,4.24
542,0.0001606,2.88,4.26
543,0.00016060399999999998,2.9,4.26
544,0.000160608,2.92,4.28
545,0.000160612,2.92,4.3
546,0.00016061599999999998,2.92,4.32
547,0.00016062,2.94,4.32
548,0.000160624,2.94,4.34
549,0.00016062799999999998,2.94,4.34
550,0.000160632,2.96,4.36
551,0.000160636,2.96,4.38
552,0.00016063999999999998,2.98,4.38
553,0.000160644,2.98,4.4
554,0.000160648,3.0,4.42
555,0.00016065199999999998,3.02,4.42
556,0.000160656,3.0,4.44
557,0.00016066,3.02,4.46
558,0.00016066399999999998,3.04,4.46
559,0.000160668,3.04,4.48
560,0.000160672,3.04,4.48
561,0.00016067599999999998,3.06,4.5
562,0.00016067999999999999,3.08,4.5200000000000005
563,0.000160684,3.08,4.54
564,0.00016068799999999998,3.08,4.54
565,0.00016069199999999999,3.1,4.54
566,0.000160696,3.12,4.5600000000000005
567,0.0001607,3.12,4.58
568,0.00016070399999999998,3.12,4.6000000000000005
569,0.000160708,3.14,4.6000000000000005
570,0.000160712,3.14,4.62
571,0.00016071599999999998,3.16,4.64
572,0.00016072,3.18,4.66
573,0.000160724,3.18,4.66
574,0.00016072799999999998,3.18,4.68
575,0.000160732,3.2,4.68
576,0.000160736,3.22,4.7
577,0.00016073999999999998,3.22,4.7
578,0.000160744,3.24,4.72
579,0.000160748,3.24,4.74
580,0.00016075199999999998,3.2600000000000002,4.74
581,0.000160756,3.2600000000000002,4.76
582,0.00016076,3.2800000000000002,4.78
583,0.00016076399999999998,3.2800000000000002,4.78
584,0.000160768,3.2800000000000002,4.8
585,0.000160772,3.3000000000000003,4.82
586,0.00016077599999999998,3.3000000000000003,4.82
587,0.00016078,3.3200000000000003,4.84
588,0.000160784,3.34,4.86
589,0.00016078799999999998,3.34,4.86
590,0.000160792,3.34,4.86
591,0.000160796,3.36,4.88
592,0.00016079999999999998,3.38,4.9
593,0.000160804,3.38,4.86
594,0.000160808,3.38,3.84
595,0.00016081199999999998,3.36,1.74
596,0.00016081599999999999,3.3200000000000003,0.12
597,0.00016082,3.3200000000000003,-0.04
598,0.000160824,3.3200000000000003,0.2
599,0.00016082799999999999,3.24,0.9
600,0.000160832,3.2,0.6
601,0.000160836,3.22,-0.04
602,0.00016083999999999998,3.2,-0.04
603,0.000160844,3.16,0.08
604,0.000160848,3.12,0.54
605,0.00016085199999999998,3.1,0.48
606,0.000160856,3.08,0.08
607,0.00016086,3.06,-0.04
608,0.00016086399999999998,3.04,0.14
609,0.000160868,3.0,0.42
610,0.000160872,2.98,0.42
611,0.00016087599999999998,2.96,0.22
612,0.00016088,2.94,0.12
613,0.000160884,2.92,0.24
614,0.00016088799999999998,2.9,0.4
615,0.000160892,2.88,0.42
616,0.000160896,2.86,0.32
617,0.00016089999999999998,2.84,0.26
618,0.000160904,2.82,0.32
619,0.000160908,2.8000000000000003,0.4
620,0.00016091199999999998,2.7800000000000002,0.44
621,0.000160916,2.7600000000000002,0.38
622,0.00016092,2.74,0.36
623,0.00016092399999999998,2.72,0.38
624,0.000160928,2.7,0.44
625,0.000160932,2.68,0.46
626,0.00016093599999999998,2.66,0.46
627,0.00016094,2.64,0.46
628,0.000160944,2.62,0.46
629,0.00016094799999999998,2.62,0.48
630,0.00016095199999999999,2.6,0.5
631,0.000160956,2.58,0.52
632,0.00016095999999999998,2.56,0.5
633,0.00016096399999999999,2.54,0.52
634,0.000160968,2.54,0.54
635,0.000160972,2.52,0.56
636,0.00016097599999999998,2.5,0.56
637,0.00016098,2.48,0.58
638,0.000160984,2.48,0.6
639,0.00016098799999999998,2.46,0.62
640,0.000160992,2.44,0.62
641,0.000160996,2.44,0.62
642,0.00016099999999999998,2.42,0.64
643,0.000161004,2.4,0.64
644,0.000161008,2.4,0.66
645,0.00016101199999999998,2.38,0.68
646,0.000161016,2.36,0.68
647,0.00016102,2.36,0.7000000000000001
648,0.00016102399999999998,2.34,0.72
649,0.000161028,2.32,0.74
650,0.000161032,2.32,0.74
651,0.00016103599999999998,2.3000000000000003,0.76
652,0.00016104,2.3000000000000003,0.78
653,0.000161044,2.2800000000000002,0.78
654,0.00016104799999999998,2.2800000000000002,0.8
655,0.000161052,2.2600000000000002,0.8
656,0.000161056,2.24,0.8200000000000001
657,0.00016105999999999998,2.24,0.84
658,0.000161064,2.24,0.84
659,0.000161068,2.22,0.86
660,0.00016107199999999998,2.2,0.86
661,0.000161076,2.18,0.88
662,0.00016108,2.2,0.9
663,0.00016108399999999998,2.18,0.9
664,0.00016108799999999999,2.16,0.92
665,0.000161092,2.16,0.92
666,0.000161096,2.16,0.9400000000000001
667,0.00016109999999999999,2.14,0.96
668,0.000161104,2.12,0.96
669,0.000161108,2.12,0.98
670,0.00016111199999999998,2.1,0.98
671,0.000161116,2.1,1.0
672,0.00016112,2.1,1.02
673,0.00016112399999999998,2.1,1.04
674,0.000161128,2.08,1.04
675,0.000161132,2.06,1.06
676,0.00016113599999999998,2.06,1.06
677,0.00016114,2.06,1.06
678,0.000161144,2.04,1.08
679,0.00016114799999999998,2.04,1.1
680,0.000161152,2.04,1.12
681,0.000161156,2.04,1.12
682,0.00016115999999999998,2.02,1.1400000000000001
683,0.000161164,2.0,1.16
684,0.000161168,2.0,1.16
685,0.00016117199999999998,2.0,1.18
686,0.000161176,1.98,1.18
687,0.00016118,1.98,1.2
688,0.00016118399999999998,1.98,1.2
689,0.000161188,1.96,1.22
690,0.000161192,1.96,1.24
691,0.00016119599999999998,1.96,1.26
692,0.0001612,1.96,1.26
693,0.000161204,1.96,1.28
694,0.00016120799999999998,1.94,1.28
695,0.000161212,1.94,1.3
696,0.000161216,1.94,1.32
697,0.00016121999999999998,1.92,1.32
698,0.000161224,1.94,1.34
699,0.000161228,1.94,1.36
700,0.00016123199999999998,1.92,1.36
701,0.00016123599999999999,1.92,1.3800000000000001
702,0.00016124,1.92,1.3800000000000001
703,0.000161244,1.9000000000000001,1.4000000000000001
704,0.00016124799999999998,1.92,1.42
705,0.000161252,1.9000000000000001,1.42
706,0.000161256,1.9000000000000001,1.44
707,0.00016125999999999998,1.9000000000000001,1.46
708,0.000161264,1.8800000000000001,1.46
709,0.000161268,1.8800000000000001,1.48
710,0.00016127199999999998,1.8800000000000001,1.48
711,0.000161276,1.8800000000000001,1.5
712,0.00016128,1.8800000000000001,1.52
713,0.00016128399999999998,1.8800000000000001,1.52
714,0.000161288,1.8800000000000001,1.54
715,0.000161292,1.86,1.56
716,0.00016129599999999998,1.86,1.58
717,0.0001613,1.8800000000000001,1.58
718,0.000161304,1.86,1.58
719,0.00016130799999999998,1.86,1.6
720,0.000161312,1.86,1.62
721,0.000161316,1.86,1.6400000000000001
722,0.00016131999999999998,1.86,1.6400000000000001
723,0.000161324,1.84,1.6400000000000001
724,0.000161328,1.84,1.6600000000000001
725,0.00016133199999999998,1.86,1.68
726,0.000161336,1.86,1.68
727,0.00016134,1.86,1.7
728,0.00016134399999999998,1.84,1.72
729,0.000161348,1.84,1.72
730,0.000161352,1.84,1.74
731,0.00016135599999999998,1.84,1.74
732,0.00016136,1.84,1.76
733,0.000161364,1.84,1.78
734,0.000161368,1.84,1.78
735,0.00016137199999999999,1.84,1.8
736,0.000161376,1.84,1.82
737,0.00016138,1.84,1.84
738,0.00016138399999999998,1.84,1.84
739,0.000161388,1.84,1.86
740,0.000161392,1.84,1.86
741,0.00016139599999999998,1.84,1.8800000000000001
742,0.0001614,1.84,1.8800000000000001
743,0.000161404,1.82,1.9000000000000001
744,0.00016140799999999998,1.84,1.9000000000000001
745,0.000161412,1.84,1.92
746,0.000161416,1.84,1.94
747,0.00016141999999999998,1.84,1.96
748,0.000161424,1.84,1.96
749,0.000161428,1.84,1.98
750,0.00016143199999999998,1.86,1.98
751,0.000161436,1.84,2.0
752,0.00016144,1.84,2.02
753,0.00016144399999999998,1.84,2.02
754,0.000161448,1.84,2.04
755,0.000161452,1.84,2.04
756,0.00016145599999999998,1.86,2.06
757,0.00016146,1.84,2.08
758,0.000161464,1.86,2.1
759,0.00016146799999999998,1.86,2.1
760,0.000161472,1.86,2.12
761,0.000161476,1.86,2.14
762,0.00016147999999999998,1.86,2.14
763,0.000161484,1.86,2.16
764,0.000161488,1.86,2.16
765,0.00016149199999999998,1.8800000000000001,2.18
766,0.000161496,1.8800000000000001,2.2
767,0.0001615,1.8800000000000001,2.2
768,0.00016150399999999998,1.8800000000000001,2.22
769,0.00016150799999999999,1.8800000000000001,2.24
770,0.000161512,1.8800000000000001,2.24
771,0.000161516,1.8800000000000001,2.2600000000000002
772,0.00016151999999999998,1.8800000000000001,2.2600000000000002
773,0.000161524,1.9000000000000001,2.2800000000000002
774,0.000161528,1.9000000000000001,2.3000000000000003
775,0.00016153199999999998,1.9000000000000001,2.3000000000000003
776,0.000161536,1.9000000000000001,2.32
777,0.00016154,1.9000000000000001,2.34
778,0.00016154399999999998,1.9000000000000001,2.34
779,0.000161548,1.9000000000000001,2.36
780,0.000161552,1.9000000000000001,2.38
781,0.00016155599999999998,1.9000000000000001,2.38
782,0.00016156,1.92,2.38
783,0.000161564,1.92,2.4
784,0.00016156799999999998,1.92,2.42
785,0.000161572,1.92,2.44
786,0.000161576,1.94,2.44
787,0.00016157999999999998,1.94,2.46
788,0.000161584,1.94,2.46
789,0.000161588,1.94,2.48
790,0.00016159199999999998,1.94,2.5
791,0.000161596,1.94,2.5
792,0.0001616,1.94,2.52
793,0.00016160399999999998,1.96,2.52
794,0.000161608,1.96,2.54
795,0.000161612,1.96,2.56
796,0.00016161599999999998,1.96,2.58
797,0.00016162,1.98,2.58
798,0.000161624,1.96,2.58
799,0.00016162799999999998,1.98,2.6
800,0.000161632,2.0,2.62
801,0.000161636,2.0,2.64
802,0.00016163999999999998,1.98,2.64
803,0.00016164399999999999,2.0,2.66
804,0.000161648,2.0,2.66
805,0.000161652,2.0,2.68
806,0.00016165599999999999,2.02,2.7
807,0.00016166,2.02,2.7
808,0.000161664,2.02,2.72
809,0.00016166799999999998,2.02,2.74
810,0.000161672,2.02,2.74
811,0.000161676,2.04,2.7600000000000002
812,0.00016167999999999998,2.04,2.7600000000000002
813,0.000161684,2.04,2.7800000000000002
814,0.000161688,2.06,2.8000000000000003
815,0.00016169199999999998,2.06,2.82
816,0.000161696,2.04,2.82
817,0.0001617,2.06,2.82
818,0.00016170399999999998,2.08,2.84
819,0.000161708,2.08,2.86
820,0.000161712,2.08,2.86
821,0.00016171599999999998,2.08,2.88
822,0.00016172,2.1,2.9
823,0.000161724,2.1,2.9
824,0.00016172799999999998,2.1,2.92
825,0.000161732,2.1,2.92
826,0.000161736,2.12,2.94
827,0.00016173999999999998,2.1,2.96
828,0.000161744,2.12,2.98
829,0.000161748,2.14,2.98
830,0.00016175199999999998,2.14,2.98
831,0.000161756,2.14,3.0
832,0.00016176,2.14,3.02
833,0.00016176399999999998,2.16,3.04
834,0.000161768,2.14,3.04
835,0.000161772,2.16,3.06
836,0.00016177599999999998,2.18,3.06
837,0.00016177999999999999,2.18,3.08
838,0.000161784,2.18,3.1
839,0.000161788,2.18,3.1
840,0.00016179199999999999,2.2,3.12
841,0.000161796,2.2,3.12
842,0.0001618,2.22,3.14
843,0.00016180399999999998,2.2,3.16
844,0.000161808,2.22,3.18
845,0.000161812,2.24,3.18
846,0.00016181599999999998,2.22,3.2
847,0.00016182,2.24,3.22
848,0.000161824,2.24,3.22
849,0.00016182799999999998,2.2600000000000002,3.24
850,0.000161832,2.24,3.2600000000000002
851,0.000161836,2.2600000000000002,3.2600000000000002
852,0.00016183999999999998,2.2600000000000002,3.2800000000000002
853,0.000161844,2.2800000000000002,3.2800000000000002
854,0.000161848,2.3000000000000003,3.3000000000000003
855,0.00016185199999999998,2.2800000000000002,3.3200000000000003
856,0.000161856,2.3000000000000003,3.34
857,0.00016186,2.32,3.36
858,0.00016186399999999998,2.32,3.36
859,0.000161868,2.32,3.36
860,0.000161872,2.34,3.38
861,0.00016187599999999998,2.32,3.38
862,0.00016188,2.34,3.42
863,0.000161884,2.36,3.42
864,0.00016188799999999998,2.36,3.42
865,0.000161892,2.36,3.44
866,0.000161896,2.38,3.46
867,0.00016189999999999998,2.38,3.46
868,0.000161904,2.38,3.48
869,0.000161908,2.4,3.5
870,0.00016191199999999998,2.42,3.5
871,0.00016191599999999999,2.42,3.52
872,0.00016192,2.4,3.52
873,0.000161924,2.42,3.54
874,0.00016192799999999999,2.42,3.54
875,0.000161932,2.42,3.56
876,0.000161936,2.44,3.58
877,0.00016193999999999998,2.46,3.58
878,0.000161944,2.46,3.6
879,0.000161948,2.48,3.62
880,0.00016195199999999998,2.48,3.62
881,0.000161956,2.48,3.64
882,0.00016196,2.48,3.66
883,0.00016196399999999998,2.5,3.68
884,0.000161968,2.5,3.68
885,0.000161972,2.5,3.7
886,0.00016197599999999998,2.52,3.7
887,0.00016198,2.54,3.72
888,0.000161984,2.52,3.74
889,0.00016198799999999998,2.54,3.74
890,0.000161992,2.56,3.7600000000000002
891,0.000161996,2.54,3.7800000000000002
892,0.00016199999999999998,2.56,3.7800000000000002
893,0.000162004,2.58,3.8000000000000003
894,0.000162008,2.58,3.8000000000000003
895,0.00016201199999999998,2.58,3.8200000000000003
896,0.000162016,2.6,3.84
897,0.00016202,2.6,3.84
898,0.00016202399999999998,2.62,3.86
899,0.000162028,2.62,3.88
900,0.000162032,2.62,3.88
901,0.00016203599999999998,2.64,3.9
902,0.00016204,2.64,3.92
903,0.000162044,2.66,3.92
904,0.00016204799999999998,2.66,3.94
905,0.00016205199999999999,2.68,3.96
906,0.000162056,2.68,3.96
907,0.00016206,2.68,3.98
908,0.00016206399999999999,2.7,3.98
909,0.000162068,2.72,4.0
910,0.000162072,2.72,4.0200000000000005
911,0.00016207599999999998,2.72,4.0200000000000005
912,0.00016208,2.74,4.04
913,0.000162084,2.74,4.0600000000000005
914,0.00016208799999999998,2.7600000000000002,4.0600000000000005
915,0.000162092,2.7600000000000002,4.08
916,0.000162096,2.7600000000000002,4.1
917,0.00016209999999999998,2.7800000000000002,4.1
918,0.000162104,2.7800000000000002,4.12
919,0.000162108,2.8000000000000003,4.14
920,0.00016211199999999998,2.8000000000000003,4.14
921,0.000162116,2.82,4.14
922,0.00016212,2.82,4.16
923,0.00016212399999999998,2.82,4.18
924,0.000162128,2.84,4.2
925,0.000162132,2.86,4.2
926,0.00016213599999999998,2.86,4.22
927,0.00016214,2.86,4.22
928,0.000162144,2.88,4.24
929,0.00016214799999999998,2.88,4.26
930,0.000162152,2.9,4.28
931,0.000162156,2.9,4.28
932,0.00016215999999999998,2.92,4.3
933,0.000162164,2.92,4.3
934,0.000162168,2.92,4.32
935,0.00016217199999999998,2.94,4.32
936,0.000162176,2.94,4.34
937,0.00016218,2.96,4.36
938,0.00016218399999999998,2.96,4.36
939,0.00016218799999999999,2.96,4.38
940,0.000162192,2.98,4.4
941,0.000162196,3.0,4.4
942,0.00016219999999999999,3.0,4.42
943,0.000162204,3.02,4.44
944,0.000162208,3.02,4.44
945,0.00016221199999999998,3.04,4.46
946,0.000162216,3.04,4.46
947,0.00016222,3.04,4.48
948,0.00016222399999999998,3.06,4.5
949,0.000162228,3.08,4.5
950,0.000162232,3.08,4.5200000000000005
951,0.00016223599999999998,3.08,4.54
952,0.00016224,3.1,4.5600000000000005
953,0.000162244,3.1,4.5600000000000005
954,0.00016224799999999998,3.12,4.58
955,0.000162252,3.12,4.6000000000000005
956,0.000162256,3.14,4.6000000000000005
957,0.00016225999999999998,3.14,4.6000000000000005
958,0.000162264,3.16,4.62
959,0.000162268,3.16,4.64
960,0.00016227199999999998,3.16,4.64
961,0.000162276,3.18,4.66
962,0.00016228,3.2,4.68
963,0.00016228399999999998,3.2,4.7
964,0.000162288,3.22,4.7
965,0.000162292,3.24,4.72
966,0.00016229599999999998,3.22,4.72
967,0.0001623,3.24,4.74
968,0.000162304,3.24,4.74
969,0.00016230799999999998,3.2600000000000002,4.76
970,0.000162312,3.2800000000000002,4.78
971,0.000162316,3.2800000000000002,4.78
972,0.00016231999999999998,3.2800000000000002,4.8
973,0.00016232399999999999,3.3000000000000003,4.82
974,0.000162328,3.3200000000000003,4.84
975,0.000162332,3.3200000000000003,4.84
976,0.00016233599999999999,3.34,4.86
977,0.00016234,3.36,4.86
978,0.000162344,3.36,4.88
979,0.00016234799999999998,3.36,4.9
980,0.000162352,3.38,4.92
981,0.000162356,3.38,4.86
982,0.00016235999999999998,3.4,3.86
983,0.000162364,3.38,1.76
984,0.000162368,3.3200000000000003,0.12
985,0.00016237199999999998,3.3200000000000003,-0.04
986,0.000162376,3.34,0.2
987,0.00016238,3.2600000000000002,0.9
988,0.00016238399999999998,3.22,0.6
989,0.000162388,3.22,-0.04
990,0.000162392,3.2,-0.04
991,0.00016239599999999998,3.16,0.1
992,0.0001624,3.14,0.56
993,0.000162404,3.12,0.48
994,0.00016240799999999998,3.08,0.08
995,0.000162412,3.06,-0.04
996,0.000162416,3.04,0.14
997,0.00016241999999999998,3.02,0.42
998,0.000162424,2.98,0.42
999,0.000162428,2.96,0.22
1000,0.00016243199999999998,2.96,0.12
1001,0.000162436,2.92,0.24
1002,0.00016244,2.9,0.4
1003,0.00016244399999999998,2.88,0.42
1004,0.000162448,2.86,0.32
1005,0.000162452,2.84,0.26
1006,0.00016245599999999998,2.84,0.32
1007,0.00016245999999999999,2.8000000000000003,0.42
1008,0.000162464,2.7800000000000002,0.44
1009,0.00016246799999999998,2.7600000000000002,0.4
1010,0.00016247199999999999,2.74,0.36
1011,0.000162476,2.74,0.38
1012,0.00016248,2.7,0.44
1013,0.00016248399999999998,2.68,0.48
1014,0.000162488,2.68,0.46
1015,0.000162492,2.66,0.44
1016,0.00016249599999999998,2.64,0.46
1017,0.0001625,2.62,0.5
1018,0.000162504,2.6,0.54
1019,0.00016250799999999998,2.6,0.52
1020,0.000162512,2.58,0.52
1021,0.000162516,2.56,0.54
1022,0.00016251999999999998,2.54,0.56
1023,0.000162524,2.52,0.58
1024,0.000162528,2.5,0.58
1025,0.00016253199999999998,2.5,0.58
1026,0.000162536,2.48,0.6
1027,0.00016254,2.46,0.62
1028,0.00016254399999999998,2.46,0.64
1029,0.000162548,2.44,0.64
1030,0.000162552,2.42,0.64
1031,0.00016255599999999998,2.42,0.66
1032,0.00016256,2.4,0.68
1033,0.000162564,2.38,0.68
1034,0.00016256799999999998,2.38,0.7000000000000001
1035,0.000162572,2.36,0.7000000000000001
1036,0.000162576,2.34,0.72
1037,0.00016257999999999998,2.34,0.74
1038,0.000162584,2.32,0.74
1039,0.000162588,2.3000000000000003,0.76
1040,0.00016259199999999998,2.3000000000000003,0.78
1041,0.00016259599999999999,2.2800000000000002,0.78
1042,0.0001626,2.2800000000000002,0.8
1043,0.000162604,2.2600000000000002,0.8200000000000001
1044,0.00016260799999999999,2.24,0.8200000000000001
1045,0.000162612,2.2600000000000002,0.8200000000000001
1046,0.000162616,2.24,0.84
1047,0.00016261999999999998,2.22,0.86
1048,0.000162624,2.22,0.88
1049,0.000162628,2.2,0.88
1050,0.00016263199999999998,2.18,0.9
1051,0.000162636,2.18,0.9
1052,0.00016264,2.18,0.92
1053,0.00016264399999999998,2.16,0.9400000000000001
1054,0.000162648,2.14,0.9400000000000001
1055,0.000162652,2.14,0.96
1056,0.00016265599999999998,2.14,0.98
1057,0.00016266,2.14,0.98
1058,0.000162664,2.12,1.0
1059,0.00016266799999999998,2.12,1.0
1060,0.000162672,2.1,1.02
1061,0.000162676,2.1,1.04
1062,0.00016267999999999998,2.1,1.04
1063,0.000162684,2.08,1.06
1064,0.000162688,2.06,1.08
1065,0.00016269199999999998,2.06,1.08
1066,0.000162696,2.04,1.1
1067,0.0001627,2.04,1.12
1068,0.00016270399999999998,2.04,1.12
1069,0.000162708,2.02,1.12
1070,0.000162712,2.02,1.1400000000000001
1071,0.00016271599999999998,2.0,1.16
1072,0.00016272,2.02,1.18
1073,0.000162724,2.02,1.18
1074,0.00016272799999999998,2.0,1.2
1075,0.00016273199999999999,1.98,1.2
1076,0.000162736,2.0,1.22
1077,0.00016273999999999998,1.98,1.24
1078,0.00016274399999999999,1.98,1.24
1079,0.000162748,1.98,1.26
1080,0.000162752,1.96,1.28
1081,0.00016275599999999998,1.96,1.28
1082,0.00016276,1.94,1.3
1083,0.000162764,1.96,1.32
1084,0.00016276799999999998,1.94,1.32
1085,0.000162772,1.94,1.32
1086,0.000162776,1.92,1.34
1087,0.00016277999999999998,1.94,1.36
1088,0.000162784,1.92,1.3800000000000001
1089,0.000162788,1.92,1.3800000000000001
1090,0.00016279199999999998,1.92,1.4000000000000001
1091,0.000162796,1.92,1.42
1092,0.0001628,1.92,1.42
1093,0.00016280399999999998,1.9000000000000001,1.44
1094,0.000162808,1.9000000000000001,1.44
1095,0.000162812,1.9000000000000001,1.46
1096,0.00016281599999999998,1.9000000000000001,1.48
1097,0.00016282,1.8800000000000001,1.5
1098,0.000162824,1.9000000000000001,1.5
1099,0.00016282799999999998,1.9000000000000001,1.5
1100,0.000162832,1.8800000000000001,1.52
1101,0.000162836,1.8800000000000001,1.54
1102,0.00016283999999999998,1.8800000000000001,1.54
1103,0.000162844,1.8800000000000001,1.56
1104,0.000162848,1.8800000000000001,1.56
1105,0.00016285199999999998,1.86,1.58
1106,0.000162856,1.8800000000000001,1.6
1107,0.00016286,1.8800000000000001,1.6
1108,0.00016286399999999998,1.86,1.62
1109,0.00016286799999999999,1.86,1.6400000000000001
1110,0.000162872,1.86,1.6400000000000001
1111,0.000162876,1.86,1.6600000000000001
1112,0.00016287999999999999,1.86,1.6600000000000001
1113,0.000162884,1.84,1.68
1114,0.000162888,1.86,1.7
1115,0.00016289199999999998,1.86,1.7
1116,0.000162896,1.86,1.72
1117,0.0001629,1.86,1.74
1118,0.00016290399999999998,1.86,1.74
1119,0.000162908,1.86,1.74
1120,0.000162912,1.84,1.76
1121,0.00016291599999999998,1.84,1.78
1122,0.00016292,1.86,1.8
1123,0.000162924,1.86,1.8
1124,0.00016292799999999998,1.86,1.82
1125,0.000162932,1.84,1.82
1126,0.000162936,1.84,1.84
1127,0.00016293999999999998,1.84,1.86
1128,0.000162944,1.84,1.86
1129,0.000162948,1.84,1.8800000000000001
1130,0.00016295199999999998,1.84,1.9000000000000001
1131,0.000162956,1.84,1.9000000000000001
1132,0.00016296,1.84,1.92
1133,0.00016296399999999998,1.84,1.92
1134,0.000162968,1.84,1.94
1135,0.000162972,1.84,1.96
1136,0.00016297599999999998,1.84,1.98
1137,0.00016298,1.84,1.98
1138,0.000162984,1.86,2.0
1139,0.00016298799999999998,1.86,2.02
1140,0.000162992,1.86,2.02
1141,0.000162996,1.84,2.04
1142,0.00016299999999999998,1.86,2.04
1143,0.00016300399999999999,1.86,2.06
1144,0.000163008,1.86,2.08
1145,0.00016301199999999998,1.86,2.08
1146,0.00016301599999999999,1.86,2.1
1147,0.00016302,1.86,2.12
1148,0.000163024,1.86,2.1
1149,0.00016302799999999998,1.86,2.12
1150,0.000163032,1.8800000000000001,2.14
1151,0.000163036,1.86,2.16
1152,0.00016303999999999998,1.8800000000000001,2.18
1153,0.000163044,1.8800000000000001,2.18
1154,0.000163048,1.8800000000000001,2.2
1155,0.00016305199999999998,1.8800000000000001,2.2
1156,0.000163056,1.9000000000000001,2.22
1157,0.00016306,1.9000000000000001,2.24
1158,0.00016306399999999998,1.9000000000000001,2.24
1159,0.000163068,1.9000000000000001,2.2600000000000002
1160,0.000163072,1.9000000000000001,2.2600000000000002
1161,0.00016307599999999998,1.9000000000000001,2.2800000000000002
1162,0.00016308,1.9000000000000001,2.3000000000000003
1163,0.000163084,1.8800000000000001,2.3000000000000003
1164,0.00016308799999999998,1.9000000000000001,2.32
1165,0.000163092,1.92,2.34
1166,0.000163096,1.9000000000000001,2.36
1167,0.00016309999999999998,1.9000000000000001,2.36
1168,0.000163104,1.92,2.38
1169,0.000163108,1.92,2.38
1170,0.00016311199999999998,1.92,2.4
1171,0.000163116,1.92,2.42
1172,0.00016312,1.92,2.42
1173,0.00016312399999999998,1.92,2.44
1174,0.000163128,1.94,2.46
1175,0.000163132,1.92,2.46
1176,0.00016313599999999998,1.94,2.46
1177,0.00016313999999999999,1.96,2.48
1178,0.000163144,1.94,2.5
1179,0.000163148,1.96,2.52
1180,0.00016315199999999999,1.96,2.54
1181,0.000163156,1.96,2.54
1182,0.00016316,1.96,2.56
1183,0.00016316399999999998,1.96,2.56
1184,0.000163168,1.96,2.58
1185,0.000163172,1.98,2.58
1186,0.00016317599999999998,1.98,2.6
1187,0.00016318,1.98,2.6
1188,0.000163184,1.98,2.62
1189,0.00016318799999999998,2.0,2.64
1190,0.000163192,1.98,2.64
1191,0.000163196,2.0,2.66
1192,0.00016319999999999998,2.0,2.68
1193,0.000163204,2.0,2.7
1194,0.000163208,2.0,2.7
1195,0.00016321199999999998,2.0,2.72
1196,0.000163216,2.02,2.72
1197,0.00016322,2.04,2.74
1198,0.00016322399999999998,2.04,2.74
1199,0.000163228,2.02,2.7600000000000002
1200,0.000163232,2.04,2.7800000000000002
1201,0.00016323599999999998,2.04,2.7800000000000002
1202,0.00016324,2.04,2.8000000000000003
1203,0.000163244,2.04,2.8000000000000003
1204,0.00016324799999999998,2.06,2.82
1205,0.000163252,2.08,2.84
1206,0.000163256,2.06,2.84
1207,0.00016325999999999998,2.08,2.86
1208,0.000163264,2.08,2.88
1209,0.000163268,2.1,2.88
1210,0.00016327199999999998,2.08,2.9
1211,0.000163276,2.1,2.92
1212,0.00016328,2.12,2.92
1213,0.00016328399999999998,2.12,2.94
1214,0.00016328799999999999,2.12,2.96
1215,0.000163292,2.12,2.96
1216,0.000163296,2.14,2.98
1217,0.00016329999999999998,2.14,2.98
1218,0.000163304,2.12,3.0
1219,0.000163308,2.14,3.02
1220,0.00016331199999999998,2.16,3.04
1221,0.000163316,2.16,3.02
1222,0.00016332,2.16,3.04
1223,0.00016332399999999998,2.16,3.06
1224,0.000163328,2.18,3.08
1225,0.000163332,2.18,3.08
1226,0.00016333599999999998,2.18,3.1
1227,0.00016334,2.18,3.12
1228,0.000163344,2.2,3.12
1229,0.00016334799999999998,2.22,3.14
1230,0.000163352,2.2,3.16
1231,0.000163356,2.22,3.18
1232,0.00016335999999999998,2.22,3.18
1233,0.000163364,2.22,3.18
1234,0.000163368,2.24,3.2
1235,0.00016337199999999998,2.24,3.22
1236,0.000163376,2.24,3.22
1237,0.00016338,2.2600000000000002,3.24
1238,0.00016338399999999998,2.2800000000000002,3.2600000000000002
1239,0.000163388,2.2600000000000002,3.2600000000000002
1240,0.000163392,2.2800000000000002,3.2800000000000002
1241,0.00016339599999999998,2.2800000000000002,3.3000000000000003
1242,0.0001634,2.2800000000000002,3.3000000000000003
1243,0.000163404,2.3000000000000003,3.3200000000000003
1244,0.00016340799999999998,2.3000000000000003,3.34
1245,0.000163412,2.32,3.34
1246,0.000163416,2.32,3.36
1247,0.00016342,2.32,3.36
1248,0.00016342399999999999,2.34,3.38
1249,0.000163428,2.34,3.4
1250,0.000163432,2.34,3.42
1251,0.00016343599999999998,2.34,3.42
1252,0.00016344,2.36,3.44
1253,0.000163444,2.38,3.46
1254,0.00016344799999999998,2.38,3.46
1255,0.000163452,2.38,3.46
1256,0.000163456,2.4,3.48
1257,0.00016345999999999998,2.4,3.5
1258,0.000163464,2.4,3.52
1259,0.000163468,2.4,3.52
1260,0.00016347199999999998,2.42,3.54
1261,0.000163476,2.44,3.54
1262,0.00016348,2.42,3.56
1263,0.00016348399999999998,2.44,3.56
1264,0.000163488,2.44,3.58
1265,0.000163492,2.46,3.6
1266,0.00016349599999999998,2.48,3.6
1267,0.0001635,2.48,3.62
1268,0.000163504,2.46,3.64
1269,0.00016350799999999998,2.48,3.66
1270,0.000163512,2.48,3.66
1271,0.000163516,2.5,3.66
1272,0.00016351999999999998,2.52,3.7
1273,0.000163524,2.52,3.7
1274,0.000163528,2.52,3.7
1275,0.00016353199999999998,2.54,3.72
1276,0.000163536,2.54,3.74
1277,0.00016354,2.54,3.74
1278,0.00016354399999999998,2.56,3.7800000000000002
1279,0.000163548,2.56,3.7800000000000002
1280,0.000163552,2.58,3.8000000000000003
1281,0.00016355599999999998,2.58,3.8000000000000003
1282,0.00016355999999999999,2.58,3.8200000000000003
1283,0.000163564,2.6,3.84
1284,0.000163568,2.6,3.84
1285,0.00016357199999999998,2.6,3.86
1286,0.000163576,2.62,3.86
1287,0.00016358,2.64,3.88
1288,0.00016358399999999998,2.64,3.9
1289,0.000163588,2.64,3.9
1290,0.000163592,2.66,3.9
1291,0.00016359599999999998,2.68,3.92
1292,0.0001636,2.68,3.94
1293,0.000163604,2.68,3.96
1294,0.00016360799999999998,2.68,3.96
1295,0.000163612,2.7,3.98
1296,0.000163616,2.7,3.98
1297,0.00016361999999999998,2.7,4.0
1298,0.000163624,2.72,4.0200000000000005
1299,0.000163628,2.72,4.0200000000000005
1300,0.00016363199999999998,2.74,4.04
1301,0.000163636,2.7600000000000002,4.0600000000000005
1302,0.00016364,2.7600000000000002,4.08
1303,0.00016364399999999998,2.7600000000000002,4.08
1304,0.000163648,2.7600000000000002,4.1
1305,0.000163652,2.7800000000000002,4.1
1306,0.00016365599999999998,2.7800000000000002,4.12
1307,0.00016366,2.8000000000000003,4.12
1308,0.000163664,2.8000000000000003,4.14
1309,0.00016366799999999998,2.82,4.16
1310,0.000163672,2.82,4.18
1311,0.000163676,2.84,4.18
1312,0.00016367999999999998,2.84,4.2
1313,0.000163684,2.86,4.2
1314,0.000163688,2.86,4.22
1315,0.000163692,2.86,4.24
1316,0.00016369599999999999,2.88,4.24
1317,0.0001637,2.9,4.26
1318,0.000163704,2.9,4.26
1319,0.00016370799999999999,2.9,4.28
1320,0.000163712,2.9,4.3
1321,0.000163716,2.92,4.32
1322,0.00016371999999999998,2.94,4.32
1323,0.000163724,2.94,4.34
1324,0.000163728,2.94,4.34
1325,0.00016373199999999998,2.96,4.36
1326,0.000163736,2.98,4.38
1327,0.00016374,2.98,4.38
1328,0.00016374399999999998,2.98,4.4
1329,0.000163748,3.0,4.4
1330,0.000163752,3.0,4.42
1331,0.00016375599999999998,3.0,4.44
1332,0.00016376,3.02,4.46
1333,0.000163764,3.02,4.46
1334,0.00016376799999999998,3.04,4.46
1335,0.000163772,3.06,4.48
1336,0.000163776,3.06,4.5
1337,0.00016377999999999998,3.08,4.5200000000000005
1338,0.000163784,3.08,4.5200000000000005
1339,0.000163788,3.1,4.54
1340,0.00016379199999999998,3.1,4.5600000000000005
1341,0.000163796,3.12,4.5600000000000005
1342,0.0001638,3.12,4.58
1343,0.00016380399999999998,3.12,4.6000000000000005
1344,0.000163808,3.14,4.6000000000000005
1345,0.000163812,3.16,4.62
1346,0.00016381599999999998,3.16,4.62
1347,0.00016382,3.18,4.64
1348,0.000163824,3.18,4.66
1349,0.00016382799999999998,3.18,4.66
1350,0.00016383199999999999,3.2,4.68
1351,0.000163836,3.22,4.7
1352,0.00016384,3.22,4.7
1353,0.00016384399999999999,3.24,4.72
1354,0.000163848,3.24,4.74
1355,0.000163852,3.24,4.74
1356,0.00016385599999999998,3.2600000000000002,4.76
1357,0.00016386,3.2600000000000002,4.76
1358,0.000163864,3.2800000000000002,4.78
1359,0.00016386799999999998,3.3000000000000003,4.8
1360,0.000163872,3.3000000000000003,4.8
1361,0.000163876,3.3200000000000003,4.82
1362,0.00016387999999999998,3.3200000000000003,4.84
1363,0.000163884,3.3200000000000003,4.84
1364,0.000163888,3.34,4.86
1365,0.00016389199999999998,3.34,4.88
1366,0.000163896,3.36,4.88
1367,0.0001639,3.38,4.9
1368,0.00016390399999999998,3.38,4.92
1369,0.000163908,3.38,4.86
1370,0.000163912,3.4,3.84
1371,0.00016391599999999998,3.38,1.74
1372,0.00016392,3.3200000000000003,0.12
1373,0.000163924,3.34,-0.04
1374,0.00016392799999999998,3.34,0.2
1375,0.000163932,3.2600000000000002,0.92
1376,0.000163936,3.22,0.62
1377,0.00016393999999999998,3.24,-0.04
1378,0.000163944,3.2,-0.04
1379,0.000163948,3.16,0.1
1380,0.00016395199999999998,3.16,0.56
1381,0.000163956,3.12,0.5
1382,0.00016396,3.08,0.1
1383,0.000163964,3.06,-0.04
1384,0.00016396799999999999,3.06,0.16
1385,0.000163972,3.02,0.44
1386,0.000163976,3.0,0.44
1387,0.00016397999999999999,2.98,0.24
1388,0.000163984,2.96,0.14
1389,0.000163988,2.92,0.24
1390,0.00016399199999999998,2.9,0.4
1391,0.000163996,2.88,0.42
1392,0.000164,2.86,0.32
1393,0.00016400399999999998,2.84,0.26
1394,0.000164008,2.82,0.32
1395,0.000164012,2.82,0.42
1396,0.00016401599999999998,2.7800000000000002,0.44
1397,0.00016402,2.7600000000000002,0.4
1398,0.000164024,2.7600000000000002,0.36
1399,0.00016402799999999998,2.74,0.4
1400,0.000164032,2.7,0.46
1401,0.000164036,2.7,0.48
1402,0.00016403999999999998,2.68,0.46
1403,0.000164044,2.66,0.44
1404,0.000164048,2.62,0.46
1405,0.00016405199999999998,2.62,0.5
1406,0.000164056,2.6,0.52
1407,0.00016406,2.58,0.52
1408,0.00016406399999999998,2.58,0.52
1409,0.000164068,2.56,0.52
1410,0.000164072,2.54,0.56
1411,0.00016407599999999998,2.54,0.58
1412,0.00016408,2.52,0.58
1413,0.000164084,2.5,0.58
1414,0.00016408799999999998,2.48,0.6
1415,0.000164092,2.46,0.62
1416,0.000164096,2.46,0.64
1417,0.00016409999999999998,2.44,0.64
1418,0.00016410399999999999,2.42,0.64
1419,0.000164108,2.4,0.66
1420,0.000164112,2.4,0.68
1421,0.00016411599999999999,2.38,0.68
1422,0.00016412,2.38,0.7000000000000001
1423,0.000164124,2.36,0.72
1424,0.00016412799999999998,2.36,0.72
1425,0.000164132,2.34,0.74
1426,0.000164136,2.34,0.76
1427,0.00016413999999999998,2.32,0.76
1428,0.000164144,2.3000000000000003,0.78
1429,0.000164148,2.3000000000000003,0.78
1430,0.00016415199999999998,2.2800000000000002,0.8
1431,0.000164156,2.2600000000000002,0.8200000000000001
1432,0.00016416,2.2600000000000002,0.8200000000000001
1433,0.00016416399999999998,2.2600000000000002,0.84
1434,0.000164168,2.24,0.84
1435,0.000164172,2.22,0.86
1436,0.00016417599999999998,2.22,0.86
1437,0.00016418,2.22,0.9
1438,0.000164184,2.2,0.9
1439,0.00016418799999999998,2.18,0.9
1440,0.000164192,2.18,0.92
1441,0.000164196,2.16,0.9400000000000001
1442,0.00016419999999999998,2.16,0.96
1443,0.000164204,2.14,0.96
1444,0.000164208,2.14,0.98
1445,0.00016421199999999998,2.14,0.98
1446,0.000164216,2.12,1.0
1447,0.00016422,2.1,1.0
1448,0.00016422399999999998,2.1,1.02
1449,0.000164228,2.1,1.04
1450,0.000164232,2.1,1.04
1451,0.000164236,2.08,1.06
1452,0.00016423999999999999,2.06,1.08
1453,0.000164244,2.08,1.08
1454,0.000164248,2.06,1.1
1455,0.00016425199999999999,2.04,1.1
1456,0.000164256,2.04,1.12
1457,0.00016426,2.02,1.1400000000000001
1458,0.00016426399999999998,2.04,1.1400000000000001
1459,0.000164268,2.02,1.16
1460,0.000164272,2.0,1.18
1461,0.00016427599999999998,2.02,1.18
1462,0.00016428,2.02,1.2
1463,0.000164284,2.0,1.22
1464,0.00016428799999999998,2.0,1.22
1465,0.000164292,2.0,1.22
1466,0.000164296,1.98,1.24
1467,0.00016429999999999998,1.96,1.26
1468,0.000164304,1.98,1.28
1469,0.000164308,1.96,1.28
1470,0.00016431199999999998,1.94,1.3
1471,0.000164316,1.96,1.32
1472,0.00016432,1.96,1.34
1473,0.00016432399999999998,1.96,1.34
1474,0.000164328,1.94,1.34
1475,0.000164332,1.94,1.36
1476,0.00016433599999999998,1.94,1.3800000000000001
1477,0.00016434,1.92,1.4000000000000001
1478,0.000164344,1.92,1.4000000000000001
1479,0.00016434799999999998,1.92,1.42
1480,0.000164352,1.92,1.42
1481,0.000164356,1.92,1.44
1482,0.00016435999999999998,1.9000000000000001,1.44
1483,0.000164364,1.92,1.46
1484,0.000164368,1.9000000000000001,1.48
1485,0.00016437199999999998,1.9000000000000001,1.48
1486,0.00016437599999999999,1.9000000000000001,1.5
1487,0.00016438,1.9000000000000001,1.52
1488,0.000164384,1.9000000000000001,1.52
1489,0.00016438799999999999,1.9000000000000001,1.54
1490,0.000164392,1.9000000000000001,1.54
1491,0.000164396,1.8800000000000001,1.56
1492,0.00016439999999999998,1.8800000000000001,1.58
1493,0.000164404,1.86,1.58
1494,0.000164408,1.8800000000000001,1.6
1495,0.00016441199999999998,1.86,1.6
1496,0.000164416,1.8800000000000001,1.62
1497,0.00016442,1.86,1.62
1498,0.00016442399999999998,1.86,1.6400000000000001
1499,0.000164428,1.86,1.6600000000000001
1500,0.000164432,1.86,1.68
1501,0.00016443599999999998,1.86,1.68
1502,0.00016444,1.84,1.7
1503,0.000164444,1.86,1.7
1504,0.00016444799999999998,1.84,1.72
1505,0.000164452,1.86,1.72
1506,0.000164456,1.86,1.74
1507,0.00016445999999999998,1.86,1.76
1508,0.000164464,1.84,1.78
1509,0.000164468,1.86,1.78
1510,0.00016447199999999998,1.86,1.8
1511,0.000164476,1.86,1.82
1512,0.00016448,1.84,1.82
1513,0.00016448399999999998,1.86,1.84
1514,0.000164488,1.86,1.84
1515,0.000164492,1.84,1.86
1516,0.00016449599999999998,1.86,1.86
1517,0.0001645,1.86,1.8800000000000001
1518,0.000164504,1.86,1.9000000000000001
1519,0.000164508,1.86,1.92
1520,0.00016451199999999999,1.86,1.92
1521,0.000164516,1.86,1.94
1522,0.00016451999999999998,1.86,1.96
1523,0.00016452399999999999,1.86,1.96
1524,0.000164528,1.86,1.96
1525,0.000164532,1.86,1.98
1526,0.00016453599999999998,1.86,2.0
1527,0.00016454,1.86,2.02
1528,0.000164544,1.86,2.02
1529,0.00016454799999999998,1.86,2.02
1530,0.000164552,1.86,2.04
1531,0.000164556,1.84,2.06
1532,0.00016455999999999998,1.86,2.08
1533,0.000164564,1.86,2.08
1534,0.000164568,1.86,2.1
1535,0.00016457199999999998,1.86,2.12
1536,0.000164576,1.8800000000000001,2.12
1537,0.00016458,1.8800000000000001,2.12
1538,0.00016458399999999998,1.8800000000000001,2.14
1539,0.000164588,1.86,2.16
1540,0.000164592,1.8800000000000001,2.18
1541,0.00016459599999999998,1.8800000000000001,2.18
1542,0.0001646,1.8800000000000001,2.2
1543,0.000164604,1.8800000000000001,2.2
1544,0.00016460799999999998,1.9000000000000001,2.22
1545,0.000164612,1.9000000000000001,2.24
1546,0.000164616,1.9000000000000001,2.24
1547,0.00016461999999999998,1.8800000000000001,2.2600000000000002
1548,0.000164624,1.9000000000000001,2.2800000000000002
1549,0.000164628,1.9000000000000001,2.2800000000000002
1550,0.00016463199999999998,1.9000000000000001,2.3000000000000003
1551,0.000164636,1.9000000000000001,2.32
1552,0.00016464,1.92,2.32
1553,0.00016464399999999998,1.92,2.34
1554,0.00016464799999999999,1.9000000000000001,2.36
1555,0.000164652,1.92,2.36
1556,0.000164656,1.92,2.38
1557,0.00016465999999999999,1.92,2.38
1558,0.000164664,1.94,2.4
1559,0.000164668,1.94,2.42
1560,0.00016467199999999998,1.94,2.42
1561,0.000164676,1.94,2.44
1562,0.00016468,1.92,2.46
1563,0.00016468399999999998,1.94,2.46
1564,0.000164688,1.96,2.48
1565,0.000164692,1.94,2.48
1566,0.00016469599999999998,1.96,2.5
1567,0.0001647,1.96,2.52
1568,0.000164704,1.96,2.52
1569,0.00016470799999999998,1.96,2.54
1570,0.000164712,1.96,2.56
1571,0.000164716,1.98,2.56
1572,0.00016471999999999998,1.96,2.58
1573,0.000164724,1.98,2.6
1574,0.000164728,2.0,2.6
1575,0.00016473199999999998,2.0,2.62
1576,0.000164736,1.98,2.62
1577,0.00016474,2.0,2.64
1578,0.00016474399999999998,2.0,2.66
1579,0.000164748,2.0,2.66
1580,0.000164752,2.02,2.68
1581,0.00016475599999999998,2.0,2.7
1582,0.00016476,2.02,2.7
1583,0.000164764,2.02,2.72
1584,0.00016476799999999998,2.04,2.72
1585,0.000164772,2.02,2.74
1586,0.000164776,2.04,2.7600000000000002
1587,0.00016477999999999998,2.04,2.7600000000000002
1588,0.00016478399999999999,2.06,2.7800000000000002
1589,0.000164788,2.04,2.8000000000000003
1590,0.00016479199999999998,2.06,2.8000000000000003
1591,0.00016479599999999999,2.06,2.82
1592,0.0001648,2.08,2.82
1593,0.000164804,2.06,2.84
1594,0.00016480799999999998,2.08,2.84
1595,0.000164812,2.08,2.86
1596,0.000164816,2.08,2.88
1597,0.00016481999999999998,2.1,2.88
1598,0.000164824,2.1,2.9
1599,0.000164828,2.12,2.92
1600,0.00016483199999999998,2.1,2.92
1601,0.000164836,2.12,2.94
1602,0.00016484,2.14,2.96
1603,0.00016484399999999998,2.14,2.96
1604,0.000164848,2.12,2.98
1605,0.000164852,2.14,2.98
1606,0.00016485599999999998,2.14,3.0
1607,0.00016486,2.16,3.02
1608,0.000164864,2.16,3.02
1609,0.00016486799999999998,2.16,3.04
1610,0.000164872,2.16,3.04
1611,0.000164876,2.18,3.06
1612,0.00016487999999999998,2.18,3.08
1613,0.000164884,2.18,3.1
1614,0.000164888,2.18,3.1
1615,0.00016489199999999998,2.2,3.12
1616,0.000164896,2.22,3.14
1617,0.0001649,2.22,3.14
1618,0.00016490399999999998,2.22,3.16
1619,0.000164908,2.24,3.18
1620,0.000164912,2.22,3.18
1621,0.00016491599999999998,2.24,3.2
1622,0.00016491999999999999,2.2600000000000002,3.22
1623,0.000164924,2.2600000000000002,3.22
1624,0.000164928,2.2600000000000002,3.24
1625,0.00016493199999999999,2.2600000000000002,3.24
1626,0.000164936,2.2800000000000002,3.2600000000000002
1627,0.00016494,2.2800000000000002,3.2800000000000002
1628,0.00016494399999999998,2.2800000000000002,3.2800000000000002
1629,0.000164948,2.2800000000000002,3.3000000000000003
1630,0.000164952,2.3000000000000003,3.3000000000000003
1631,0.00016495599999999998,2.32,3.3200000000000003
1632,0.00016496,2.32,3.34
1633,0.000164964,2.32,3.34
1634,0.00016496799999999998,2.32,3.36
1635,0.000164972,2.34,3.38
1636,0.000164976,2.32,3.4
1637,0.00016497999999999998,2.34,3.4
1638,0.000164984,2.36,3.42
1639,0.000164988,2.36,3.42
1640,0.00016499199999999998,2.36,3.44
1641,0.000164996,2.36,3.46
1642,0.000165,2.38,3.46
1643,0.00016500399999999998,2.4,3.48
1644,0.000165008,2.38,3.48
1645,0.000165012,2.4,3.5
1646,0.00016501599999999998,2.42,3.52
1647,0.00016502,2.4,3.52
1648,0.000165024,2.42,3.54
1649,0.00016502799999999998,2.42,3.54
1650,0.000165032,2.44,3.56
1651,0.000165036,2.44,3.58
1652,0.00016503999999999998,2.46,3.58
1653,0.000165044,2.46,3.6
1654,0.000165048,2.48,3.6
1655,0.00016505199999999998,2.46,3.62
1656,0.00016505599999999999,2.48,3.64
1657,0.00016506,2.5,3.66
1658,0.00016506399999999998,2.5,3.66
1659,0.00016506799999999999,2.52,3.68
1660,0.000165072,2.5,3.7
1661,0.000165076,2.52,3.7
1662,0.00016507999999999998,2.52,3.72
1663,0.000165084,2.54,3.74
1664,0.000165088,2.54,3.74
1665,0.00016509199999999998,2.56,3.7600000000000002
1666,0.000165096,2.56,3.7800000000000002
1667,0.0001651,2.56,3.7800000000000002
1668,0.00016510399999999998,2.58,3.8000000000000003
1669,0.000165108,2.6,3.8000000000000003
1670,0.000165112,2.58,3.8200000000000003
1671,0.00016511599999999998,2.6,3.84
1672,0.00016512,2.62,3.84
1673,0.000165124,2.6,3.86
1674,0.00016512799999999998,2.62,3.86
1675,0.000165132,2.64,3.88
1676,0.000165136,2.64,3.9
1677,0.00016513999999999998,2.64,3.92
1678,0.000165144,2.66,3.92
1679,0.000165148,2.66,3.92
1680,0.00016515199999999998,2.68,3.94
1681,0.000165156,2.68,3.96
1682,0.00016516,2.7,3.98
1683,0.00016516399999999998,2.7,3.98
1684,0.000165168,2.72,3.98
1685,0.000165172,2.7,4.0
1686,0.00016517599999999998,2.72,4.0200000000000005
1687,0.00016518,2.74,4.04
1688,0.000165184,2.74,4.0600000000000005
1689,0.00016518799999999998,2.7600000000000002,4.0600000000000005
1690,0.00016519199999999999,2.7600000000000002,4.0600000000000005
1691,0.000165196,2.7600000000000002,4.08
1692,0.0001652,2.7800000000000002,4.1
1693,0.00016520399999999999,2.7800000000000002,4.1
1694,0.000165208,2.8000000000000003,4.12
1695,0.000165212,2.8000000000000003,4.14
1696,0.00016521599999999998,2.8000000000000003,4.16
1697,0.00016522,2.82,4.16
1698,0.000165224,2.82,4.18
1699,0.00016522799999999998,2.84,4.18
1700,0.000165232,2.84,4.2
1701,0.000165236,2.86,4.22
1702,0.00016523999999999998,2.86,4.24
1703,0.000165244,2.88,4.24
1704,0.000165248,2.88,4.24
1705,0.00016525199999999998,2.9,4.26
1706,0.000165256,2.9,4.26
1707,0.00016526,2.92,4.28
1708,0.00016526399999999998,2.92,4.32
1709,0.000165268,2.92,4.3
1710,0.000165272,2.94,4.34
1711,0.00016527599999999998,2.96,4.34
1712,0.00016528,2.94,4.34
1713,0.000165284,2.96,4.36
1714,0.00016528799999999998,2.96,4.38
1715,0.000165292,2.98,4.4
1716,0.000165296,2.98,4.4
1717,0.00016529999999999998,3.0,4.42
1718,0.000165304,3.0,4.44
1719,0.000165308,3.02,4.44
1720,0.00016531199999999998,3.02,4.46
1721,0.000165316,3.04,4.46
1722,0.00016532,3.06,4.48
1723,0.00016532399999999998,3.06,4.5
1724,0.000165328,3.06,4.5200000000000005
1725,0.000165332,3.08,4.5200000000000005
1726,0.00016533599999999998,3.08,4.54
1727,0.00016533999999999999,3.1,4.54
1728,0.000165344,3.1,4.5600000000000005
1729,0.000165348,3.12,4.58
1730,0.00016535199999999998,3.14,4.58
1731,0.000165356,3.14,4.6000000000000005
1732,0.00016536,3.14,4.62
1733,0.00016536399999999998,3.16,4.62
1734,0.000165368,3.16,4.64
1735,0.000165372,3.16,4.64
1736,0.00016537599999999998,3.18,4.66
1737,0.00016538,3.2,4.66
1738,0.000165384,3.2,4.68
1739,0.00016538799999999998,3.22,4.7
1740,0.000165392,3.24,4.7
1741,0.000165396,3.24,4.72
1742,0.00016539999999999998,3.24,4.74
1743,0.000165404,3.2600000000000002,4.74
1744,0.000165408,3.2600000000000002,4.76
1745,0.00016541199999999998,3.2800000000000002,4.76
1746,0.000165416,3.2800000000000002,4.78
1747,0.00016542,3.2800000000000002,4.8
1748,0.00016542399999999998,3.3000000000000003,4.82
1749,0.000165428,3.3200000000000003,4.82
1750,0.000165432,3.3200000000000003,4.84
1751,0.00016543599999999998,3.3200000000000003,4.86
1752,0.00016544,3.34,4.86
1753,0.000165444,3.34,4.88
1754,0.00016544799999999998,3.36,4.9
1755,0.000165452,3.38,4.9
1756,0.000165456,3.38,4.92
1757,0.00016545999999999998,3.38,4.86
1758,0.000165464,3.4,3.8000000000000003
1759,0.000165468,3.38,1.68
1760,0.000165472,3.3200000000000003,0.1
1761,0.00016547599999999999,3.34,-0.04
1762,0.00016548,3.34,0.24
1763,0.000165484,3.2600000000000002,0.9400000000000001
1764,0.00016548799999999998,3.22,0.6
1765,0.000165492,3.24,-0.04
1766,0.000165496,3.22,-0.04
1767,0.00016549999999999998,3.16,0.12
1768,0.000165504,3.16,0.58
1769,0.000165508,3.12,0.48
1770,0.00016551199999999998,3.08,0.08
1771,0.000165516,3.08,-0.04
1772,0.00016552,3.06,0.18
1773,0.00016552399999999998,3.02,0.44
1774,0.000165528,3.0,0.44
1775,0.000165532,2.98,0.22
1776,0.00016553599999999998,2.96,0.12
1777,0.00016554,2.94,0.26
1778,0.000165544,2.92,0.42
1779,0.00016554799999999998,2.9,0.42
1780,0.000165552,2.88,0.32
1781,0.000165556,2.86,0.26
1782,0.00016555999999999998,2.84,0.32
1783,0.000165564,2.82,0.42
1784,0.000165568,2.7800000000000002,0.44
1785,0.00016557199999999998,2.7600000000000002,0.4
1786,0.000165576,2.7600000000000002,0.36
1787,0.00016558,2.74,0.4
1788,0.00016558399999999998,2.72,0.46
1789,0.000165588,2.7,0.48
1790,0.000165592,2.68,0.46
1791,0.00016559599999999998,2.66,0.44
1792,0.0001656,2.66,0.46
1793,0.000165604,2.64,0.5
1794,0.00016560799999999998,2.6,0.54
1795,0.00016561199999999999,2.6,0.54
1796,0.000165616,2.58,0.52
1797,0.00016562,2.56,0.54
1798,0.00016562399999999998,2.54,0.56
1799,0.000165628,2.54,0.58
1800,0.000165632,2.52,0.58
1801,0.00016563599999999998,2.5,0.58
1802,0.00016564,2.48,0.6
1803,0.000165644,2.48,0.62
1804,0.00016564799999999998,2.46,0.64
1805,0.000165652,2.44,0.66
1806,0.000165656,2.44,0.66
1807,0.00016565999999999998,2.42,0.66
1808,0.000165664,2.42,0.68
1809,0.000165668,2.4,0.7000000000000001
1810,0.00016567199999999998,2.38,0.7000000000000001
1811,0.000165676,2.36,0.72
1812,0.00016568,2.36,0.74
1813,0.00016568399999999998,2.34,0.74
1814,0.000165688,2.34,0.76
1815,0.000165692,2.32,0.78
1816,0.00016569599999999998,2.3000000000000003,0.78
1817,0.0001657,2.2800000000000002,0.78
1818,0.000165704,2.2800000000000002,0.8
1819,0.00016570799999999998,2.2800000000000002,0.8200000000000001
1820,0.000165712,2.2600000000000002,0.8200000000000001
1821,0.000165716,2.24,0.84
1822,0.00016571999999999998,2.24,0.86
1823,0.000165724,2.24,0.86
1824,0.000165728,2.22,0.88
1825,0.00016573199999999998,2.22,0.9
1826,0.000165736,2.2,0.9
1827,0.00016574,2.2,0.92
1828,0.000165744,2.18,0.9400000000000001
1829,0.00016574799999999999,2.16,0.9400000000000001
1830,0.000165752,2.16,0.96
1831,0.000165756,2.16,0.96
1832,0.00016575999999999999,2.14,0.98
1833,0.000165764,2.14,1.0
1834,0.000165768,2.14,1.0
1835,0.00016577199999999998,2.12,1.02
1836,0.000165776,2.1,1.04
1837,0.00016578,2.1,1.04
1838,0.00016578399999999998,2.1,1.06
1839,0.000165788,2.08,1.08
1840,0.000165792,2.08,1.08
1841,0.00016579599999999998,2.06,1.08
1842,0.0001658,2.06,1.1
1843,0.000165804,2.04,1.12
1844,0.00016580799999999998,2.06,1.1400000000000001
1845,0.000165812,2.04,1.1400000000000001
1846,0.000165816,2.04,1.16
1847,0.00016581999999999998,2.02,1.16
1848,0.000165824,2.02,1.18
1849,0.000165828,2.0,1.2
1850,0.00016583199999999998,2.02,1.2
1851,0.000165836,2.0,1.22
1852,0.00016584,2.0,1.22
1853,0.00016584399999999998,1.98,1.24
1854,0.000165848,2.0,1.26
1855,0.000165852,1.98,1.26
1856,0.00016585599999999998,1.96,1.28
1857,0.00016586,1.98,1.28
1858,0.000165864,1.96,1.32
1859,0.00016586799999999998,1.96,1.34
1860,0.000165872,1.96,1.34
1861,0.000165876,1.96,1.34
1862,0.00016587999999999998,1.94,1.36
1863,0.00016588399999999999,1.94,1.36
1864,0.000165888,1.94,1.3800000000000001
1865,0.000165892,1.94,1.4000000000000001
1866,0.00016589599999999999,1.92,1.4000000000000001
1867,0.0001659,1.92,1.42
1868,0.000165904,1.92,1.42
1869,0.00016590799999999998,1.9000000000000001,1.44
1870,0.000165912,1.92,1.46
1871,0.000165916,1.92,1.46
1872,0.00016591999999999998,1.9000000000000001,1.48
1873,0.000165924,1.9000000000000001,1.5
1874,0.000165928,1.9000000000000001,1.5
1875,0.00016593199999999998,1.9000000000000001,1.5
1876,0.000165936,1.8800000000000001,1.52
1877,0.00016594,1.8800000000000001,1.54
1878,0.00016594399999999998,1.8800000000000001,1.56
1879,0.000165948,1.8800000000000001,1.56
1880,0.000165952,1.8800000000000001,1.58
1881,0.00016595599999999998,1.8800000000000001,1.58
1882,0.00016596,1.8800000000000001,1.6
1883,0.000165964,1.8800000000000001,1.62
1884,0.00016596799999999998,1.8800000000000001,1.62
1885,0.000165972,1.86,1.6400000000000001
1886,0.000165976,1.86,1.6600000000000001
1887,0.00016597999999999998,1.86,1.6600000000000001
1888,0.000165984,1.86,1.68
1889,0.000165988,1.8800000000000001,1.68
1890,0.00016599199999999998,1.86,1.7
1891,0.000165996,1.86,1.72
1892,0.000166,1.86,1.72
1893,0.00016600399999999998,1.86,1.74
1894,0.000166008,1.86,1.74
1895,0.000166012,1.86,1.76
1896,0.000166016,1.84,1.78
1897,0.00016601999999999999,1.86,1.78
1898,0.000166024,1.86,1.8
1899,0.000166028,1.84,1.82
1900,0.00016603199999999999,1.86,1.82
1901,0.000166036,1.86,1.84
1902,0.00016604,1.84,1.86
1903,0.00016604399999999998,1.86,1.86
1904,0.000166048,1.86,1.8800000000000001
1905,0.000166052,1.86,1.8800000000000001
1906,0.00016605599999999998,1.86,1.9000000000000001
1907,0.00016606,1.86,1.92
1908,0.000166064,1.84,1.92
1909,0.00016606799999999998,1.86,1.94
1910,0.000166072,1.86,1.94
1911,0.000166076,1.86,1.96
1912,0.00016607999999999998,1.86,1.98
1913,0.000166084,1.86,2.0
1914,0.000166088,1.86,2.0
1915,0.00016609199999999998,1.86,2.02
1916,0.000166096,1.86,2.02
1917,0.0001661,1.86,2.04
1918,0.00016610399999999998,1.86,2.06
1919,0.000166108,1.86,2.08
1920,0.000166112,1.86,2.08
1921,0.00016611599999999998,1.86,2.1
1922,0.00016612,1.86,2.1
1923,0.000166124,1.8800000000000001,2.12
1924,0.00016612799999999998,1.8800000000000001,2.14
1925,0.000166132,1.8800000000000001,2.14
1926,0.000166136,1.8800000000000001,2.16
1927,0.00016613999999999998,1.8800000000000001,2.16
1928,0.000166144,1.8800000000000001,2.18
1929,0.000166148,1.8800000000000001,2.18
1930,0.00016615199999999998,1.8800000000000001,2.2
1931,0.00016615599999999999,1.9000000000000001,2.22
1932,0.00016616,1.9000000000000001,2.24
1933,0.000166164,1.9000000000000001,2.2600000000000002
1934,0.00016616799999999999,1.9000000000000001,2.2600000000000002
1935,0.000166172,1.9000000000000001,2.2600000000000002
1936,0.000166176,1.9000000000000001,2.2800000000000002
1937,0.00016617999999999998,1.9000000000000001,2.3000000000000003
1938,0.000166184,1.9000000000000001,2.3000000000000003
1939,0.000166188,1.92,2.32
1940,0.00016619199999999998,1.92,2.34
1941,0.000166196,1.92,2.34
1942,0.0001662,1.92,2.36
1943,0.00016620399999999998,1.92,2.38
1944,0.000166208,1.92,2.38
1945,0.000166212,1.92,2.38
1946,0.00016621599999999998,1.92,2.4
1947,0.00016622,1.94,2.42
1948,0.000166224,1.94,2.44
1949,0.00016622799999999998,1.92,2.44
1950,0.000166232,1.94,2.46
1951,0.000166236,1.94,2.46
1952,0.00016623999999999998,1.96,2.48
1953,0.000166244,1.96,2.5
1954,0.000166248,1.96,2.52
1955,0.00016625199999999998,1.96,2.52
1956,0.000166256,1.96,2.52
1957,0.00016626,1.98,2.54
1958,0.00016626399999999998,1.98,2.56
1959,0.000166268,1.98,2.56
1960,0.000166272,1.98,2.58
1961,0.00016627599999999998,1.98,2.6
1962,0.00016628,2.0,2.6
1963,0.000166284,2.0,2.62
1964,0.000166288,1.98,2.64
1965,0.00016629199999999999,2.0,2.64
1966,0.000166296,2.0,2.66
1967,0.00016629999999999998,2.02,2.68
1968,0.00016630399999999999,2.0,2.68
1969,0.000166308,2.02,2.7
1970,0.000166312,2.02,2.72
1971,0.00016631599999999998,2.04,2.72
1972,0.00016632,2.04,2.74
1973,0.000166324,2.04,2.74
1974,0.00016632799999999998,2.04,2.7600000000000002
1975,0.000166332,2.04,2.7600000000000002
1976,0.000166336,2.06,2.7800000000000002
1977,0.00016633999999999998,2.06,2.8000000000000003
1978,0.000166344,2.06,2.8000000000000003
1979,0.000166348,2.08,2.82
1980,0.00016635199999999998,2.06,2.82
1981,0.000166356,2.08,2.84
1982,0.00016636,2.08,2.86
1983,0.00016636399999999998,2.1,2.86
1984,0.000166368,2.08,2.88
1985,0.000166372,2.1,2.9
1986,0.00016637599999999998,2.1,2.92
1987,0.00016638,2.12,2.92
1988,0.000166384,2.12,2.94
1989,0.00016638799999999998,2.12,2.94
1990,0.000166392,2.12,2.94
1991,0.000166396,2.12,2.96
1992,0.00016639999999999998,2.14,2.98
1993,0.000166404,2.14,3.0
1994,0.000166408,2.14,3.0
1995,0.00016641199999999998,2.16,3.02
1996,0.000166416,2.16,3.02
1997,0.00016642,2.16,3.04
1998,0.00016642399999999998,2.16,3.06
1999,0.00016642799999999999,2.16,3.06
