,time,v1,v2
0,8.24e-05,0.78,0.28
1,8.248e-05,0.72,0.3
2,8.256e-05,0.68,0.32
3,8.264e-05,0.64,0.32
4,8.272e-05,0.6,0.34
5,8.28e-05,0.58,0.36
6,8.287999999999999e-05,0.56,0.38
7,8.295999999999999e-05,0.54,0.4
8,8.303999999999999e-05,0.52,0.42
9,8.312e-05,0.52,0.42
10,8.32e-05,0.5,0.44
11,8.328e-05,0.52,0.46
12,8.336e-05,0.52,0.5
13,8.344e-05,0.52,0.5
14,8.352e-05,0.52,0.54
15,8.36e-05,0.52,0.54
16,8.368e-05,0.54,0.56
17,8.376e-05,0.54,0.58
18,8.384e-05,0.56,0.6
19,8.392e-05,0.56,0.6
20,8.4e-05,0.58,0.64
21,8.408e-05,0.6,0.64
22,8.416e-05,0.6,0.68
23,8.423999999999999e-05,0.62,0.68
24,8.431999999999999e-05,0.62,0.7000000000000001
25,8.439999999999999e-05,0.64,0.72
26,8.447999999999999e-05,0.66,0.74
27,8.456e-05,0.68,0.76
28,8.464e-05,0.68,0.78
29,8.472e-05,0.7000000000000001,0.8
30,8.48e-05,0.72,0.8200000000000001
31,8.488e-05,0.74,0.8200000000000001
32,8.496e-05,0.76,0.86
33,8.504e-05,0.76,0.88
34,8.512e-05,0.78,0.88
35,8.52e-05,0.8,0.9
36,8.528e-05,0.8,0.92
37,8.536e-05,0.8200000000000001,0.96
38,8.544e-05,0.84,0.96
39,8.552e-05,0.86,0.98
40,8.56e-05,0.88,1.0
41,8.567999999999999e-05,0.9,1.02
42,8.575999999999999e-05,0.9,1.04
43,8.583999999999999e-05,0.9400000000000001,1.04
44,8.591999999999999e-05,0.96,1.08
45,8.6e-05,0.96,1.1
46,8.608e-05,0.98,1.1
47,8.616e-05,1.0,1.1400000000000001
48,8.624e-05,1.02,1.16
49,8.632e-05,1.02,1.18
50,8.64e-05,1.04,1.2
51,8.648e-05,1.06,1.18
52,8.656e-05,1.06,1.22
53,8.664e-05,1.1,1.24
54,8.672e-05,1.12,1.26
55,8.68e-05,1.1400000000000001,1.28
56,8.688e-05,1.16,1.3
57,8.696e-05,1.16,1.32
58,8.704e-05,1.18,1.34
59,8.711999999999999e-05,1.2,1.36
60,8.719999999999999e-05,1.22,1.3800000000000001
61,8.727999999999999e-05,1.24,1.4000000000000001
62,8.736e-05,1.26,1.42
63,8.744e-05,1.26,1.44
64,8.752e-05,1.28,1.46
65,8.76e-05,1.3,1.46
66,8.768e-05,1.32,1.48
67,8.776e-05,1.34,1.5
68,8.784e-05,1.36,1.52
69,8.792e-05,1.36,1.52
70,8.8e-05,1.3800000000000001,1.56
71,8.808e-05,1.4000000000000001,1.58
72,8.816e-05,1.42,1.6
73,8.824e-05,1.44,1.62
74,8.832e-05,1.46,1.6400000000000001
75,8.84e-05,1.48,1.6400000000000001
76,8.847999999999999e-05,1.5,1.68
77,8.855999999999999e-05,1.5,1.68
78,8.863999999999999e-05,1.52,1.7
79,8.872e-05,1.54,1.72
80,8.879999999999999e-05,1.56,1.74
81,8.888e-05,1.58,1.76
82,8.896e-05,1.6,1.78
83,8.904e-05,1.6,1.8
84,8.912e-05,1.62,1.82
85,8.92e-05,1.6400000000000001,1.82
86,8.928e-05,1.6600000000000001,1.84
87,8.936e-05,1.68,1.8800000000000001
88,8.944e-05,1.7,1.8800000000000001
89,8.952e-05,1.72,1.9000000000000001
90,8.96e-05,1.74,1.92
91,8.968e-05,1.76,1.94
92,8.976e-05,1.76,1.96
93,8.984e-05,1.78,1.98
94,8.991999999999999e-05,1.78,2.0
95,8.999999999999999e-05,1.82,2.02
96,9.008e-05,1.82,2.04
97,9.015999999999999e-05,1.86,2.06
98,9.024e-05,1.8800000000000001,2.06
99,9.032e-05,1.8800000000000001,2.1
100,9.04e-05,1.9000000000000001,2.12
101,9.048e-05,1.92,2.14
102,9.056e-05,1.92,2.14
103,9.064e-05,1.96,2.18
104,9.072e-05,1.98,2.18
105,9.08e-05,2.0,2.18
106,9.088e-05,2.0,2.22
107,9.096e-05,2.02,2.24
108,9.104e-05,2.04,2.2600000000000002
109,9.112e-05,2.06,2.2800000000000002
110,9.12e-05,2.08,2.3000000000000003
111,9.128e-05,2.08,2.32
112,9.135999999999999e-05,2.1,2.34
113,9.143999999999999e-05,2.12,2.34
114,9.151999999999999e-05,2.16,2.36
115,9.16e-05,2.16,2.38
116,9.168e-05,2.18,2.4
117,9.176e-05,2.2,2.42
118,9.184e-05,2.22,2.44
119,9.192e-05,2.24,2.44
120,9.2e-05,2.2600000000000002,2.48
121,9.208e-05,2.2600000000000002,2.48
122,9.216e-05,2.3000000000000003,2.5
123,9.224e-05,2.3000000000000003,2.54
124,9.232e-05,2.3000000000000003,2.54
125,9.24e-05,2.34,2.56
126,9.248e-05,2.34,2.58
127,9.256e-05,2.38,2.6
128,9.264e-05,2.4,2.6
129,9.271999999999999e-05,2.42,2.62
130,9.279999999999999e-05,2.42,2.66
131,9.287999999999999e-05,2.44,2.66
132,9.296e-05,2.46,2.68
133,9.303999999999999e-05,2.48,2.7
134,9.312e-05,2.48,2.72
135,9.32e-05,2.5,2.74
136,9.328e-05,2.52,2.7600000000000002
137,9.336e-05,2.54,2.7800000000000002
138,9.344e-05,2.54,2.8000000000000003
139,9.352e-05,2.58,2.8000000000000003
140,9.36e-05,2.6,2.82
141,9.368e-05,2.6,2.84
142,9.376e-05,2.62,2.86
143,9.384e-05,2.64,2.88
144,9.392e-05,2.66,2.9
145,9.4e-05,2.68,2.94
146,9.408e-05,2.68,2.94
147,9.415999999999999e-05,2.7,2.96
148,9.423999999999999e-05,2.72,2.98
149,9.432e-05,2.74,2.98
150,9.439999999999999e-05,2.7600000000000002,3.02
151,9.448e-05,2.7800000000000002,3.02
152,9.456e-05,2.8000000000000003,3.04
153,9.464e-05,2.82,3.08
154,9.472e-05,2.84,3.08
155,9.48e-05,2.86,3.12
156,9.488e-05,2.88,3.14
157,9.496e-05,2.88,3.14
158,9.504e-05,2.9,3.18
159,9.512e-05,2.92,3.2
160,9.52e-05,2.94,3.2
161,9.528e-05,2.96,3.22
162,9.536e-05,2.96,3.24
163,9.544e-05,3.0,3.2600000000000002
164,9.552e-05,3.0,3.2800000000000002
165,9.559999999999999e-05,3.02,3.3000000000000003
166,9.567999999999999e-05,3.04,3.3000000000000003
167,9.575999999999999e-05,3.06,3.3200000000000003
168,9.584e-05,3.08,3.34
169,9.592e-05,3.1,3.36
170,9.6e-05,3.12,3.38
171,9.608e-05,3.12,3.4
172,9.616e-05,3.14,3.42
173,9.624e-05,3.16,3.44
174,9.632e-05,3.18,3.46
175,9.64e-05,3.2,3.48
176,9.648e-05,3.22,3.5
177,9.656e-05,3.24,3.52
178,9.664e-05,3.24,3.52
179,9.672e-05,3.2800000000000002,3.56
180,9.68e-05,3.2800000000000002,3.56
181,9.688e-05,3.3000000000000003,3.58
182,9.696e-05,3.3200000000000003,3.6
183,9.703999999999999e-05,3.36,3.62
184,9.711999999999999e-05,3.36,3.64
185,9.72e-05,3.38,3.66
186,9.727999999999999e-05,3.4,3.68
187,9.736e-05,3.42,3.7
188,9.744e-05,3.44,3.72
189,9.752e-05,3.44,3.74
190,9.76e-05,3.48,3.74
191,9.768e-05,3.48,3.7600000000000002
192,9.776e-05,3.52,3.8000000000000003
193,9.784e-05,3.54,3.8200000000000003
194,9.792e-05,3.54,3.84
195,9.8e-05,3.56,3.84
196,9.808e-05,3.58,3.86
197,9.816e-05,3.58,3.88
198,9.824e-05,3.6,3.9
199,9.832e-05,3.62,3.92
200,9.839999999999999e-05,3.64,3.94
201,9.847999999999999e-05,3.66,3.96
202,9.856e-05,3.68,3.96
203,9.863999999999999e-05,3.7,3.98
204,9.872e-05,3.72,4.0
205,9.879999999999999e-05,3.74,4.04
206,9.888e-05,3.74,4.04
207,9.896e-05,3.7600000000000002,4.0600000000000005
208,9.904e-05,3.7800000000000002,4.08
209,9.912e-05,3.8000000000000003,4.1
210,9.92e-05,3.84,4.12
211,9.928e-05,3.84,4.14
212,9.936e-05,3.84,4.14
213,9.944e-05,3.88,4.18
214,9.952e-05,3.88,4.18
215,9.96e-05,3.9,4.22
216,9.968e-05,3.92,4.22
217,9.976e-05,3.94,4.24
218,9.983999999999999e-05,3.98,4.26
219,9.992e-05,3.98,4.28
220,9.999999999999999e-05,3.98,4.3
221,0.00010008,4.0200000000000005,4.32
222,0.00010015999999999999,4.04,4.34
223,0.00010024,4.0600000000000005,4.36
224,0.00010032,4.0600000000000005,4.38
225,0.0001004,4.08,4.4
226,0.00010048,4.1,4.42
227,0.00010056,4.14,4.44
228,0.00010064,4.14,4.46
229,0.00010072,4.16,4.48
230,0.0001008,4.16,4.48
231,0.00010088,4.18,4.5
232,0.00010096,4.2,4.5200000000000005
233,0.00010104,4.22,4.54
234,0.00010112,4.24,4.5600000000000005
235,0.0001012,4.26,4.58
236,0.00010127999999999999,4.28,4.6000000000000005
237,0.00010135999999999999,4.3,4.62
238,0.00010144,4.32,4.64
239,0.00010151999999999999,4.32,4.66
240,0.0001016,4.36,4.68
241,0.00010168,4.36,4.7
242,0.00010176,4.38,4.7
243,0.00010184,4.42,4.72
244,0.00010192,4.42,4.76
245,0.000102,4.44,4.76
246,0.00010208,4.44,4.78
247,0.00010216,4.46,4.8
248,0.00010224,4.48,4.82
249,0.00010232,4.5,4.84
250,0.0001024,4.5200000000000005,4.86
251,0.00010248,4.5600000000000005,4.86
252,0.00010256,4.5600000000000005,4.88
253,0.00010263999999999999,4.58,4.92
254,0.00010271999999999999,4.6000000000000005,4.92
255,0.0001028,4.5200000000000005,4.94
256,0.00010287999999999999,3.88,0.44
257,0.00010296,3.34,0.14
258,0.00010303999999999999,2.88,0.12
259,0.00010312,2.5,0.12
260,0.0001032,2.18,0.14
261,0.00010328,1.92,0.16
262,0.00010336,1.68,0.16
263,0.00010344,1.48,0.18
264,0.00010352,1.32,0.2
265,0.0001036,1.18,0.2
266,0.00010368,1.06,0.2
267,0.00010376,0.96,0.24
268,0.00010384,0.86,0.26
269,0.00010392,0.8,0.28
270,0.000104,0.74,0.28
271,0.00010407999999999999,0.7000000000000001,0.3
272,0.00010416,0.64,0.32
273,0.00010423999999999999,0.62,0.34
274,0.00010432,0.58,0.36
275,0.00010439999999999999,0.54,0.38
276,0.00010448,0.56,0.4
277,0.00010456,0.52,0.42
278,0.00010464,0.52,0.42
279,0.00010472,0.52,0.46
280,0.0001048,0.52,0.46
281,0.00010488,0.52,0.48
282,0.00010496,0.52,0.5
283,0.00010504,0.52,0.52
284,0.00010512,0.52,0.52
285,0.0001052,0.54,0.56
286,0.00010528,0.54,0.58
287,0.00010536,0.56,0.6
288,0.00010544,0.56,0.62
289,0.00010551999999999999,0.58,0.62
290,0.00010559999999999999,0.58,0.66
291,0.00010568,0.6,0.66
292,0.00010575999999999999,0.62,0.68
293,0.00010584,0.62,0.68
294,0.00010592,0.62,0.72
295,0.000106,0.66,0.74
296,0.00010608,0.68,0.76
297,0.00010616,0.68,0.78
298,0.00010624,0.7000000000000001,0.8
299,0.00010632,0.72,0.8
300,0.0001064,0.72,0.84
301,0.00010648,0.74,0.86
302,0.00010656,0.76,0.86
303,0.00010664,0.78,0.88
304,0.00010672,0.8,0.9
305,0.0001068,0.8,0.92
306,0.00010687999999999999,0.8200000000000001,0.9400000000000001
307,0.00010695999999999999,0.84,0.96
308,0.00010704,0.86,0.98
309,0.00010711999999999999,0.88,1.0
310,0.0001072,0.9,1.02
311,0.00010727999999999999,0.9,1.04
312,0.00010736,0.92,1.06
313,0.00010744,0.9400000000000001,1.08
314,0.00010752,0.96,1.1
315,0.0001076,0.98,1.12
316,0.00010768,0.98,1.1400000000000001
317,0.00010776,1.02,1.1400000000000001
318,0.00010784,1.02,1.16
319,0.00010792,1.04,1.2
320,0.000108,1.06,1.2
321,0.00010808,1.08,1.22
322,0.00010816,1.1,1.24
323,0.00010824,1.1,1.26
324,0.00010831999999999999,1.12,1.28
325,0.0001084,1.12,1.3
326,0.00010847999999999999,1.16,1.32
327,0.00010856,1.18,1.34
328,0.00010863999999999999,1.2,1.36
329,0.00010872,1.22,1.3800000000000001
330,0.0001088,1.24,1.3800000000000001
331,0.00010888,1.24,1.42
332,0.00010896,1.26,1.42
333,0.00010904,1.28,1.44
334,0.00010912,1.3,1.46
335,0.0001092,1.32,1.48
336,0.00010928,1.32,1.48
337,0.00010936,1.34,1.52
338,0.00010944,1.36,1.54
339,0.00010952,1.3800000000000001,1.56
340,0.0001096,1.3800000000000001,1.56
341,0.00010968,1.42,1.6
342,0.00010975999999999999,1.44,1.62
343,0.00010983999999999999,1.46,1.62
344,0.00010992,1.46,1.62
345,0.00010999999999999999,1.48,1.6600000000000001
346,0.00011008,1.5,1.68
347,0.00011016,1.52,1.7
348,0.00011024,1.54,1.72
349,0.00011032,1.56,1.74
350,0.0001104,1.58,1.76
351,0.00011048,1.58,1.78
352,0.00011056,1.6,1.78
353,0.00011064,1.62,1.8
354,0.00011072,1.6400000000000001,1.82
355,0.0001108,1.6600000000000001,1.84
356,0.00011088,1.68,1.86
357,0.00011096,1.7,1.8800000000000001
358,0.00011104,1.7,1.8800000000000001
359,0.00011111999999999999,1.74,1.92
360,0.00011119999999999999,1.74,1.94
361,0.00011128,1.76,1.96
362,0.00011135999999999999,1.76,1.98
363,0.00011144,1.8,1.98
364,0.00011151999999999999,1.82,2.0
365,0.0001116,1.84,2.04
366,0.00011168,1.84,2.04
367,0.00011176,1.8800000000000001,2.06
368,0.00011184,1.8800000000000001,2.08
369,0.00011192,1.9000000000000001,2.1
370,0.000112,1.92,2.12
371,0.00011208,1.94,2.14
372,0.00011216,1.96,2.16
373,0.00011224,1.96,2.18
374,0.00011232,2.0,2.2
375,0.0001124,2.0,2.22
376,0.00011248,2.02,2.22
377,0.00011255999999999999,2.04,2.2600000000000002
378,0.00011264,2.04,2.2600000000000002
379,0.00011271999999999999,2.08,2.2600000000000002
380,0.0001128,2.08,2.3000000000000003
381,0.00011287999999999999,2.12,2.32
382,0.00011296,2.14,2.34
383,0.00011303999999999999,2.14,2.36
384,0.00011312,2.16,2.38
385,0.0001132,2.18,2.4
386,0.00011328,2.2,2.42
387,0.00011336,2.2,2.44
388,0.00011344,2.24,2.46
389,0.00011352,2.2600000000000002,2.46
390,0.0001136,2.2600000000000002,2.5
391,0.00011368,2.2800000000000002,2.5
392,0.00011376,2.3000000000000003,2.52
393,0.00011384000000000001,2.3000000000000003,2.52
394,0.00011392,2.34,2.54
395,0.000114,2.34,2.58
396,0.00011407999999999999,2.38,2.58
397,0.00011416,2.4,2.6
398,0.00011423999999999999,2.42,2.64
399,0.00011432,2.42,2.64
400,0.00011439999999999999,2.44,2.66
401,0.00011448,2.46,2.68
402,0.00011456,2.48,2.7
403,0.00011464,2.5,2.72
404,0.00011472,2.5,2.72
405,0.0001148,2.52,2.7600000000000002
406,0.00011488,2.54,2.7800000000000002
407,0.00011496,2.56,2.7800000000000002
408,0.00011504,2.56,2.8000000000000003
409,0.00011512,2.58,2.82
410,0.0001152,2.62,2.86
411,0.00011528,2.62,2.86
412,0.00011536000000000001,2.64,2.88
413,0.00011543999999999999,2.66,2.9
414,0.00011552,2.68,2.92
415,0.00011559999999999999,2.7,2.94
416,0.00011568,2.7,2.94
417,0.00011575999999999999,2.72,2.98
418,0.00011584,2.7600000000000002,3.0
419,0.00011591999999999999,2.7600000000000002,3.02
420,0.000116,2.7800000000000002,3.04
421,0.00011608,2.8000000000000003,3.04
422,0.00011616,2.82,3.06
423,0.00011624,2.82,3.08
424,0.00011632,2.84,3.1
425,0.0001164,2.86,3.12
426,0.00011648,2.88,3.14
427,0.00011656,2.9,3.16
428,0.00011664,2.92,3.16
429,0.00011672000000000001,2.92,3.2
430,0.00011679999999999999,2.94,3.2
431,0.00011688,2.96,3.22
432,0.00011695999999999999,2.98,3.24
433,0.00011704,3.02,3.2600000000000002
434,0.00011711999999999999,3.02,3.2800000000000002
435,0.0001172,3.04,3.3000000000000003
436,0.00011727999999999999,3.06,3.3200000000000003
437,0.00011736,3.08,3.34
438,0.00011744,3.08,3.36
439,0.00011752,3.12,3.38
440,0.0001176,3.12,3.4
441,0.00011768,3.16,3.4
442,0.00011776,3.18,3.44
443,0.00011784,3.18,3.44
444,0.00011792,3.2,3.46
445,0.000118,3.22,3.48
446,0.00011808000000000001,3.22,3.5
447,0.00011816,3.2600000000000002,3.52
448,0.00011824,3.2800000000000002,3.54
449,0.00011831999999999999,3.2800000000000002,3.56
450,0.0001184,3.3000000000000003,3.58
451,0.00011847999999999999,3.3200000000000003,3.6
452,0.00011856,3.34,3.62
453,0.00011863999999999999,3.36,3.64
454,0.00011872,3.36,3.64
455,0.0001188,3.38,3.68
456,0.00011888,3.4,3.68
457,0.00011896,3.42,3.7
458,0.00011904,3.44,3.74
459,0.00011912,3.48,3.74
460,0.0001192,3.48,3.7600000000000002
461,0.00011928,3.5,3.7800000000000002
462,0.00011936,3.52,3.8000000000000003
463,0.00011944,3.54,3.8200000000000003
464,0.00011952,3.54,3.84
465,0.00011960000000000001,3.56,3.86
466,0.00011967999999999999,3.6,3.88
467,0.00011976,3.6,3.88
468,0.00011983999999999999,3.62,3.92
469,0.00011992,3.64,3.94
470,0.00011999999999999999,3.66,3.96
471,0.00012008,3.68,3.96
472,0.00012015999999999999,3.68,3.98
473,0.00012024,3.7,4.0
474,0.00012032,3.72,4.0200000000000005
475,0.0001204,3.74,4.04
476,0.00012048,3.7800000000000002,4.0600000000000005
477,0.00012056,3.7800000000000002,4.08
478,0.00012064,3.7800000000000002,4.1
479,0.00012072,3.8200000000000003,4.12
480,0.0001208,3.84,4.14
481,0.00012088,3.84,4.14
482,0.00012096000000000001,3.86,4.16
483,0.00012103999999999999,3.88,4.18
484,0.00012112,3.9,4.2
485,0.00012119999999999999,3.92,4.22
486,0.00012128,3.94,4.24
487,0.00012135999999999999,3.96,4.26
488,0.00012144,3.96,4.28
489,0.00012151999999999999,3.98,4.3
490,0.0001216,4.0,4.32
491,0.00012168,4.0200000000000005,4.34
492,0.00012176,4.04,4.38
493,0.00012184,4.0600000000000005,4.38
494,0.00012192,4.1,4.38
495,0.000122,4.1,4.42
496,0.00012208,4.12,4.42
497,0.00012216,4.12,4.46
498,0.00012224,4.14,4.48
499,0.00012232,4.16,4.48
500,0.0001224,4.18,4.5
501,0.00012248,4.22,4.5200000000000005
502,0.00012256,4.22,4.54
503,0.00012264,4.24,4.5600000000000005
504,0.00012272,4.26,4.58
505,0.0001228,4.26,4.6000000000000005
506,0.00012288,4.28,4.62
507,0.00012296,4.3,4.62
508,0.00012304,4.32,4.64
509,0.00012312,4.34,4.68
510,0.0001232,4.34,4.68
511,0.00012328,4.38,4.7
512,0.00012335999999999998,4.38,4.72
513,0.00012344,4.4,4.74
514,0.00012352,4.42,4.76
515,0.0001236,4.44,4.78
516,0.00012367999999999998,4.48,4.78
517,0.00012376,4.48,4.82
518,0.00012384,4.5,4.84
519,0.00012392,4.5200000000000005,4.84
520,0.000124,4.54,4.86
521,0.00012408,4.54,4.88
522,0.00012416,4.5600000000000005,4.9
523,0.00012424,4.58,4.92
524,0.00012432,4.6000000000000005,4.94
525,0.0001244,4.0600000000000005,0.8200000000000001
526,0.00012448,3.5,0.14
527,0.00012456000000000001,3.02,0.12
528,0.00012464,2.62,0.12
529,0.00012471999999999998,2.2800000000000002,0.14
530,0.0001248,1.98,0.14
531,0.00012488,1.74,0.16
532,0.00012496,1.54,0.16
533,0.00012503999999999998,1.36,0.18
534,0.00012512,1.2,0.2
535,0.0001252,1.1,0.22
536,0.00012528,0.98,0.24
537,0.00012536,0.9,0.24
538,0.00012544,0.8200000000000001,0.26
539,0.00012552,0.76,0.28
540,0.0001256,0.7000000000000001,0.3
541,0.00012568,0.64,0.32
542,0.00012576,0.62,0.34
543,0.00012584,0.58,0.36
544,0.00012592000000000001,0.56,0.38
545,0.000126,0.56,0.38
546,0.00012607999999999999,0.52,0.4
547,0.00012616,0.52,0.42
548,0.00012624,0.52,0.44
549,0.00012632,0.5,0.46
550,0.00012639999999999998,0.52,0.48
551,0.00012648,0.52,0.5
552,0.00012656,0.52,0.52
553,0.00012664,0.52,0.54
554,0.00012672,0.52,0.56
555,0.0001268,0.52,0.58
556,0.00012688,0.56,0.6
557,0.00012696,0.56,0.6
558,0.00012704,0.56,0.62
559,0.00012712,0.56,0.64
560,0.0001272,0.6,0.66
561,0.00012728000000000001,0.6,0.66
562,0.00012736,0.62,0.7000000000000001
563,0.00012743999999999999,0.64,0.72
564,0.00012752,0.64,0.74
565,0.0001276,0.66,0.76
566,0.00012768,0.68,0.78
567,0.00012775999999999998,0.7000000000000001,0.8
568,0.00012784,0.7000000000000001,0.8
569,0.00012792,0.72,0.8200000000000001
570,0.000128,0.74,0.84
571,0.00012808,0.74,0.86
572,0.00012816,0.76,0.88
573,0.00012824,0.78,0.9
574,0.00012832,0.8200000000000001,0.92
575,0.0001284,0.8200000000000001,0.9400000000000001
576,0.00012848,0.84,0.96
577,0.00012856,0.86,0.98
578,0.00012864,0.88,1.0
579,0.00012872,0.88,1.0
580,0.0001288,0.9,1.02
581,0.00012888,0.9,1.04
582,0.00012896,0.9400000000000001,1.08
583,0.00012904,0.96,1.1
584,0.00012911999999999998,0.96,1.1
585,0.0001292,0.98,1.1
586,0.00012928,1.0,1.1400000000000001
587,0.00012936,1.02,1.1400000000000001
588,0.00012944,1.04,1.18
589,0.00012952,1.06,1.2
590,0.0001296,1.08,1.22
591,0.00012968,1.08,1.22
592,0.00012976,1.1,1.26
593,0.00012984,1.12,1.28
594,0.00012992,1.1400000000000001,1.28
595,0.00013,1.16,1.32
596,0.00013008,1.18,1.34
597,0.00013016,1.2,1.34
598,0.00013024,1.2,1.36
599,0.00013032,1.22,1.3800000000000001
600,0.0001304,1.24,1.4000000000000001
601,0.00013047999999999998,1.24,1.42
602,0.00013056,1.28,1.42
603,0.00013064,1.28,1.46
604,0.00013072,1.3,1.48
605,0.0001308,1.32,1.5
606,0.00013088,1.34,1.52
607,0.00013096,1.36,1.54
608,0.00013104,1.3800000000000001,1.52
609,0.00013112,1.4000000000000001,1.58
610,0.0001312,1.42,1.58
611,0.00013128,1.42,1.58
612,0.00013136,1.44,1.62
613,0.00013144,1.46,1.6400000000000001
614,0.00013152,1.48,1.6600000000000001
615,0.0001316,1.5,1.68
616,0.00013168,1.5,1.7
617,0.00013176,1.54,1.72
618,0.00013183999999999998,1.56,1.72
619,0.00013192,1.56,1.74
620,0.000132,1.58,1.76
621,0.00013208,1.6,1.78
622,0.00013215999999999998,1.6,1.8
623,0.00013224,1.6400000000000001,1.8
624,0.00013232,1.6600000000000001,1.84
625,0.0001324,1.6600000000000001,1.86
626,0.00013248,1.68,1.8800000000000001
627,0.00013256,1.7,1.9000000000000001
628,0.00013264,1.7,1.92
629,0.00013272,1.74,1.94
630,0.0001328,1.76,1.94
631,0.00013288,1.76,1.96
632,0.00013296,1.8,1.98
633,0.00013304000000000001,1.82,2.02
634,0.00013312,1.82,2.02
635,0.00013319999999999999,1.84,2.04
636,0.00013328,1.86,2.06
637,0.00013336,1.8800000000000001,2.06
638,0.00013344,1.9000000000000001,2.1
639,0.00013351999999999998,1.92,2.12
640,0.0001336,1.94,2.14
641,0.00013368,1.96,2.14
642,0.00013376,1.98,2.18
643,0.00013384,1.98,2.18
644,0.00013392,2.0,2.2
645,0.000134,2.02,2.22
646,0.00013408,2.04,2.24
647,0.00013416,2.06,2.2600000000000002
648,0.00013424,2.08,2.2800000000000002
649,0.00013432,2.1,2.3000000000000003
650,0.00013440000000000001,2.1,2.32
651,0.00013448,2.12,2.34
652,0.00013455999999999999,2.12,2.36
653,0.00013464,2.16,2.38
654,0.00013472,2.18,2.4
655,0.0001348,2.2,2.4
656,0.00013487999999999998,2.22,2.42
657,0.00013496,2.22,2.44
658,0.00013504,2.24,2.46
659,0.00013512,2.2600000000000002,2.46
660,0.0001352,2.2800000000000002,2.5
661,0.00013528,2.3000000000000003,2.5
662,0.00013536,2.32,2.52
663,0.00013544,2.34,2.54
664,0.00013552,2.34,2.56
665,0.0001356,2.38,2.6
666,0.00013568,2.38,2.6
667,0.00013576000000000001,2.38,2.62
668,0.00013584,2.42,2.64
669,0.00013591999999999999,2.44,2.66
670,0.000136,2.44,2.68
671,0.00013608,2.48,2.7
672,0.00013616,2.46,2.7
673,0.00013623999999999998,2.5,2.72
674,0.00013632,2.52,2.74
675,0.0001364,2.52,2.7600000000000002
676,0.00013648,2.56,2.7800000000000002
677,0.00013656,2.58,2.8000000000000003
678,0.00013664,2.58,2.82
679,0.00013672,2.6,2.84
680,0.0001368,2.62,2.86
681,0.00013688,2.64,2.86
682,0.00013696,2.66,2.88
683,0.00013704,2.66,2.9
684,0.00013712,2.68,2.92
685,0.0001372,2.7,2.94
686,0.00013728,2.72,2.96
687,0.00013736,2.74,3.0
688,0.00013744,2.7600000000000002,3.0
689,0.00013752,2.7600000000000002,3.02
690,0.00013759999999999998,2.7800000000000002,3.04
691,0.00013768,2.8000000000000003,3.04
692,0.00013776,2.84,3.08
693,0.00013784,2.86,3.08
694,0.00013792,2.86,3.12
695,0.000138,2.88,3.14
696,0.00013808,2.88,3.14
697,0.00013816,2.92,3.16
698,0.00013824,2.92,3.18
699,0.00013832,2.94,3.2
700,0.0001384,2.96,3.22
701,0.00013848,2.98,3.24
702,0.00013856,3.0,3.2600000000000002
703,0.00013864,3.02,3.2800000000000002
704,0.00013872,3.02,3.3200000000000003
705,0.0001388,3.06,3.3200000000000003
706,0.00013888,3.06,3.34
707,0.00013895999999999998,3.08,3.34
708,0.00013904,3.1,3.38
709,0.00013912,3.12,3.4
710,0.0001392,3.14,3.4
711,0.00013928,3.16,3.44
712,0.00013936,3.18,3.44
713,0.00013944,3.18,3.46
714,0.00013952,3.2,3.48
715,0.0001396,3.22,3.5
716,0.00013968,3.24,3.52
717,0.00013976,3.2800000000000002,3.54
718,0.00013984,3.2800000000000002,3.56
719,0.00013992,3.3000000000000003,3.58
720,0.00014,3.3200000000000003,3.58
721,0.00014008,3.34,3.6
722,0.00014016,3.36,3.62
723,0.00014024,3.38,3.64
724,0.00014031999999999998,3.38,3.68
725,0.0001404,3.4,3.68
726,0.00014048,3.42,3.72
727,0.00014056,3.44,3.72
728,0.00014063999999999998,3.46,3.74
729,0.00014072,3.48,3.7600000000000002
730,0.0001408,3.5,3.7800000000000002
731,0.00014088,3.52,3.8000000000000003
732,0.00014096,3.54,3.8200000000000003
733,0.00014104,3.54,3.84
734,0.00014112,3.56,3.84
735,0.0001412,3.58,3.86
736,0.00014128,3.6,3.88
737,0.00014136,3.62,3.92
738,0.00014144,3.64,3.92
739,0.00014152000000000001,3.64,3.94
740,0.0001416,3.66,3.96
741,0.00014167999999999999,3.68,3.98
742,0.00014176,3.7,4.0
743,0.00014184,3.72,4.0200000000000005
744,0.00014192,3.74,4.04
745,0.00014199999999999998,3.7600000000000002,4.0600000000000005
746,0.00014208,3.7600000000000002,4.0600000000000005
747,0.00014216,3.8000000000000003,4.08
748,0.00014224,3.8000000000000003,4.1
749,0.00014232,3.8200000000000003,4.12
750,0.0001424,3.84,4.14
751,0.00014248,3.86,4.16
752,0.00014256,3.88,4.18
753,0.00014264,3.9,4.2
754,0.00014272,3.9,4.22
755,0.0001428,3.94,4.24
756,0.00014288000000000001,3.94,4.26
757,0.00014296,3.96,4.26
758,0.00014303999999999999,3.98,4.3
759,0.00014312,4.0,4.3
760,0.0001432,4.0200000000000005,4.34
761,0.00014328,4.04,4.34
762,0.00014335999999999998,4.0600000000000005,4.36
763,0.00014344,4.08,4.38
764,0.00014352,4.08,4.4
765,0.0001436,4.1,4.42
766,0.00014367999999999998,4.12,4.46
767,0.00014376,4.14,4.46
768,0.00014384,4.16,4.48
769,0.00014392000000000002,4.18,4.5
770,0.000144,4.2,4.5200000000000005
771,0.00014408,4.22,4.54
772,0.00014416,4.24,4.5600000000000005
773,0.00014424000000000001,4.24,4.5600000000000005
774,0.00014432,4.26,4.58
775,0.00014439999999999999,4.28,4.6000000000000005
776,0.00014448,4.28,4.62
777,0.00014456,4.3,4.64
778,0.00014464,4.34,4.66
779,0.00014471999999999998,4.36,4.68
780,0.0001448,4.36,4.7
781,0.00014488,4.38,4.72
782,0.00014496,4.4,4.74
783,0.00014503999999999998,4.42,4.74
784,0.00014512,4.44,4.76
785,0.0001452,4.46,4.8
786,0.00014528000000000002,4.5,4.8
787,0.00014536,4.5,4.82
788,0.00014544,4.5,4.84
789,0.00014552,4.5200000000000005,4.86
790,0.00014560000000000002,4.54,4.88
791,0.00014568,4.5600000000000005,4.9
792,0.00014576,4.58,4.92
793,0.00014584,4.6000000000000005,4.94
794,0.00014592,4.28,4.94
795,0.000146,3.66,0.06
796,0.00014607999999999998,3.14,0.1
797,0.00014616,2.72,0.12
798,0.00014624,2.38,0.12
799,0.00014632,2.06,0.14
800,0.00014639999999999998,1.8,0.16
801,0.00014648,1.58,0.16
802,0.00014656,1.4000000000000001,0.16
803,0.00014664,1.24,0.2
804,0.00014672,1.12,0.22
805,0.0001468,1.0,0.22
806,0.00014688,0.92,0.24
807,0.00014696000000000002,0.8200000000000001,0.26
808,0.00014704,0.78,0.28
809,0.00014712,0.7000000000000001,0.3
810,0.0001472,0.66,0.32
811,0.00014728,0.62,0.32
812,0.00014736,0.6,0.34
813,0.00014743999999999998,0.58,0.36
814,0.00014752,0.56,0.38
815,0.0001476,0.52,0.4
816,0.00014768,0.52,0.42
817,0.00014775999999999998,0.52,0.44
818,0.00014784,0.52,0.44
819,0.00014792,0.52,0.46
820,0.000148,0.52,0.48
821,0.00014808,0.52,0.5
822,0.00014816,0.52,0.52
823,0.00014824,0.52,0.54
824,0.00014832000000000002,0.54,0.56
825,0.0001484,0.54,0.58
826,0.00014848,0.56,0.6
827,0.00014856,0.56,0.62
828,0.00014864,0.58,0.64
829,0.00014872,0.58,0.66
830,0.00014879999999999998,0.6,0.68
831,0.00014888,0.62,0.7000000000000001
832,0.00014896,0.62,0.7000000000000001
833,0.00014904,0.64,0.72
834,0.00014911999999999998,0.66,0.74
835,0.0001492,0.68,0.76
836,0.00014928,0.68,0.78
837,0.00014936,0.7000000000000001,0.8200000000000001
838,0.00014943999999999998,0.72,0.8200000000000001
839,0.00014952,0.74,0.84
840,0.0001496,0.74,0.86
841,0.00014968000000000002,0.76,0.88
842,0.00014976,0.78,0.9
843,0.00014984,0.8,0.92
844,0.00014992,0.8200000000000001,0.92
845,0.00015000000000000001,0.8200000000000001,0.96
846,0.00015008,0.84,0.96
847,0.00015015999999999999,0.86,0.98
848,0.00015024,0.88,1.0
849,0.00015032,0.9,1.02
850,0.0001504,0.92,1.04
851,0.00015047999999999998,0.9400000000000001,1.06
852,0.00015056,0.9400000000000001,1.08
853,0.00015064,0.96,1.1
854,0.00015072,0.98,1.12
855,0.00015079999999999998,1.0,1.1400000000000001
856,0.00015088,1.02,1.16
857,0.00015096,1.04,1.18
858,0.00015104000000000002,1.04,1.18
859,0.00015112,1.06,1.22
860,0.0001512,1.08,1.24
861,0.00015128,1.1,1.26
862,0.00015136000000000001,1.12,1.28
863,0.00015144,1.12,1.3
864,0.00015151999999999999,1.16,1.3
865,0.0001516,1.16,1.34
866,0.00015168,1.18,1.34
867,0.00015176,1.2,1.36
868,0.00015183999999999998,1.22,1.36
869,0.00015192,1.24,1.4000000000000001
870,0.000152,1.26,1.42
871,0.00015208,1.26,1.44
872,0.00015215999999999998,1.28,1.44
873,0.00015224,1.3,1.46
874,0.00015232,1.32,1.48
875,0.00015240000000000002,1.32,1.5
876,0.00015248,1.36,1.52
877,0.00015256,1.36,1.54
878,0.00015264,1.3800000000000001,1.56
879,0.00015272000000000002,1.4000000000000001,1.58
880,0.0001528,1.42,1.6
881,0.00015287999999999999,1.44,1.62
882,0.00015296,1.44,1.62
883,0.00015304,1.48,1.6400000000000001
884,0.00015312,1.48,1.6600000000000001
885,0.00015319999999999998,1.52,1.68
886,0.00015328,1.52,1.7
887,0.00015336,1.54,1.72
888,0.00015344,1.56,1.74
889,0.00015351999999999998,1.58,1.74
890,0.0001536,1.6,1.78
891,0.00015368,1.6,1.8
892,0.00015376000000000002,1.6400000000000001,1.82
893,0.00015384,1.6400000000000001,1.84
894,0.00015392,1.6600000000000001,1.84
895,0.000154,1.68,1.8800000000000001
896,0.00015408000000000002,1.68,1.9000000000000001
897,0.00015416,1.7,1.92
898,0.00015424,1.74,1.92
899,0.00015432,1.76,1.94
900,0.0001544,1.76,1.96
901,0.00015448,1.78,1.98
902,0.00015455999999999998,1.8,2.0
903,0.00015464,1.82,2.0
904,0.00015472,1.82,2.04
905,0.0001548,1.84,2.06
906,0.00015487999999999998,1.8800000000000001,2.08
907,0.00015496,1.9000000000000001,2.08
908,0.00015504,1.9000000000000001,2.12
909,0.00015512,1.94,2.12
910,0.0001552,1.94,2.14
911,0.00015528,1.96,2.16
912,0.00015536,1.98,2.18
913,0.00015544000000000002,2.0,2.2
914,0.00015552,2.02,2.22
915,0.0001556,2.04,2.24
916,0.00015568,2.04,2.24
917,0.00015576,2.06,2.2600000000000002
918,0.00015584,2.08,2.2800000000000002
919,0.00015591999999999998,2.1,2.3000000000000003
920,0.000156,2.12,2.32
921,0.00015608,2.14,2.34
922,0.00015616,2.16,2.36
923,0.00015623999999999998,2.16,2.38
924,0.00015632,2.18,2.4
925,0.0001564,2.2,2.4
926,0.00015648,2.22,2.44
927,0.00015656,2.24,2.46
928,0.00015664,2.24,2.48
929,0.00015672,2.2600000000000002,2.48
930,0.00015680000000000002,2.3000000000000003,2.5
931,0.00015688,2.32,2.52
932,0.00015696,2.32,2.54
933,0.00015704,2.34,2.54
934,0.00015712000000000001,2.34,2.58
935,0.0001572,2.38,2.6
936,0.00015727999999999998,2.4,2.62
937,0.00015736,2.4,2.62
938,0.00015744,2.4,2.64
939,0.00015752,2.44,2.66
940,0.00015759999999999998,2.44,2.68
941,0.00015768,2.46,2.7
942,0.00015776,2.5,2.72
943,0.00015784,2.5,2.74
944,0.00015791999999999998,2.54,2.7600000000000002
945,0.000158,2.54,2.7800000000000002
946,0.00015808,2.56,2.7800000000000002
947,0.00015816000000000002,2.58,2.8000000000000003
948,0.00015824,2.6,2.84
949,0.00015832,2.6,2.84
950,0.0001584,2.64,2.86
951,0.00015848000000000001,2.64,2.88
952,0.00015856,2.66,2.9
953,0.00015863999999999999,2.68,2.92
954,0.00015872,2.7,2.94
955,0.0001588,2.7,2.96
956,0.00015888,2.72,2.98
957,0.00015895999999999998,2.74,2.98
958,0.00015904,2.7600000000000002,3.02
959,0.00015912,2.8000000000000003,3.02
960,0.0001592,2.8000000000000003,3.04
961,0.00015927999999999998,2.82,3.06
962,0.00015936,2.84,3.08
963,0.00015944,2.86,3.1
964,0.00015952000000000002,2.86,3.12
965,0.0001596,2.88,3.14
966,0.00015968,2.9,3.16
967,0.00015976,2.92,3.18
968,0.00015984000000000001,2.94,3.2
969,0.00015992,2.96,3.22
970,0.00015999999999999999,2.98,3.24
971,0.00016008,3.0,3.2600000000000002
972,0.00016016,3.0,3.2800000000000002
973,0.00016024,3.02,3.2800000000000002
974,0.00016031999999999998,3.04,3.3000000000000003
975,0.0001604,3.08,3.34
976,0.00016048,3.08,3.34
977,0.00016056,3.1,3.36
978,0.00016063999999999998,3.12,3.38
979,0.00016072,3.14,3.4
980,0.0001608,3.16,3.42
981,0.00016088000000000002,3.18,3.44
982,0.00016096,3.18,3.46
983,0.00016104,3.2,3.46
984,0.00016112,3.24,3.48
985,0.00016120000000000002,3.24,3.52
986,0.00016128,3.2600000000000002,3.52
987,0.00016136,3.2800000000000002,3.56
988,0.00016144,3.3000000000000003,3.56
989,0.00016152,3.3200000000000003,3.58
990,0.0001616,3.3200000000000003,3.6
991,0.00016167999999999998,3.36,3.64
992,0.00016176,3.36,3.64
993,0.00016184,3.38,3.66
994,0.00016192,3.42,3.68
995,0.00016199999999999998,3.42,3.7
996,0.00016208,3.44,3.72
997,0.00016216,3.46,3.74
998,0.00016224000000000002,3.46,3.74
999,0.00016232,3.48,3.7800000000000002
1000,0.0001624,3.5,3.8000000000000003
1001,0.00016248,3.52,3.8000000000000003
1002,0.00016256000000000002,3.54,3.8200000000000003
1003,0.00016264,3.56,3.84
1004,0.00016272,3.56,3.86
1005,0.0001628,3.58,3.88
1006,0.00016288,3.6,3.9
1007,0.00016296,3.62,3.92
1008,0.00016303999999999998,3.64,3.92
1009,0.00016312,3.66,3.96
1010,0.0001632,3.68,3.96
1011,0.00016328,3.7,3.98
1012,0.00016335999999999998,3.72,4.0
1013,0.00016344,3.72,4.0200000000000005
1014,0.00016352,3.7600000000000002,4.04
1015,0.0001636,3.7600000000000002,4.0600000000000005
1016,0.00016368,3.7800000000000002,4.1
1017,0.00016376,3.8000000000000003,4.1
1018,0.00016384,3.8200000000000003,4.12
1019,0.00016392000000000002,3.84,4.12
1020,0.000164,3.86,4.14
1021,0.00016408,3.88,4.16
1022,0.00016416,3.88,4.2
1023,0.00016424,3.92,4.22
1024,0.00016432,3.92,4.22
1025,0.00016439999999999998,3.94,4.24
1026,0.00016448,3.98,4.26
1027,0.00016456,3.98,4.28
1028,0.00016464,4.0,4.3
1029,0.00016471999999999998,4.0200000000000005,4.32
1030,0.0001648,4.04,4.36
1031,0.00016488,4.04,4.36
1032,0.00016496,4.08,4.38
1033,0.00016504,4.08,4.4
1034,0.00016512,4.1,4.4
1035,0.0001652,4.12,4.44
1036,0.00016528000000000002,4.14,4.46
1037,0.00016536,4.16,4.46
1038,0.00016544,4.16,4.48
1039,0.00016552,4.18,4.5
1040,0.00016560000000000001,4.2,4.5200000000000005
1041,0.00016568,4.22,4.54
1042,0.00016575999999999999,4.26,4.5600000000000005
1043,0.00016584,4.26,4.58
1044,0.00016592,4.26,4.6000000000000005
1045,0.000166,4.3,4.62
1046,0.00016607999999999998,4.32,4.64
1047,0.00016616,4.32,4.66
1048,0.00016624,4.34,4.68
1049,0.00016632,4.36,4.7
1050,0.00016639999999999998,4.38,4.7
1051,0.00016648,4.4,4.72
1052,0.00016656,4.42,4.74
1053,0.00016664000000000002,4.44,4.76
1054,0.00016672,4.46,4.78
1055,0.0001668,4.46,4.8
1056,0.00016688,4.48,4.82
1057,0.00016696000000000001,4.5,4.84
1058,0.00016704,4.5200000000000005,4.84
1059,0.00016711999999999999,4.54,4.88
1060,0.0001672,4.5600000000000005,4.88
1061,0.00016728,4.58,4.9
1062,0.00016736,4.58,4.92
1063,0.00016743999999999998,4.5200000000000005,4.94
1064,0.00016752,3.8200000000000003,0.42
1065,0.0001676,3.3000000000000003,0.14
1066,0.00016768,2.84,0.12
1067,0.00016775999999999998,2.46,0.12
1068,0.00016784,2.14,0.14
1069,0.00016792,1.8800000000000001,0.16
1070,0.00016800000000000002,1.6600000000000001,0.16
1071,0.00016808,1.46,0.18
1072,0.00016816,1.3,0.2
1073,0.00016824,1.16,0.2
1074,0.00016832000000000001,1.04,0.22
1075,0.0001684,0.9400000000000001,0.24
1076,0.00016847999999999999,0.86,0.26
1077,0.00016856,0.78,0.28
1078,0.00016864,0.74,0.28
1079,0.00016872,0.68,0.3
1080,0.00016879999999999998,0.64,0.32
1081,0.00016888,0.62,0.34
1082,0.00016896,0.58,0.36
1083,0.00016904,0.56,0.38
1084,0.00016911999999999998,0.54,0.4
1085,0.0001692,0.52,0.4
1086,0.00016928,0.52,0.42
1087,0.00016936000000000002,0.52,0.44
1088,0.00016944,0.52,0.46
1089,0.00016952,0.52,0.48
1090,0.0001696,0.5,0.5
1091,0.00016968000000000002,0.52,0.52
1092,0.00016976,0.52,0.54
1093,0.00016984,0.54,0.56
1094,0.00016992,0.54,0.58
1095,0.00017,0.56,0.6
1096,0.00017008,0.56,0.6
1097,0.00017015999999999998,0.58,0.64
1098,0.00017024,0.58,0.66
1099,0.00017032,0.6,0.66
1100,0.0001704,0.62,0.7000000000000001
1101,0.00017047999999999998,0.62,0.7000000000000001
1102,0.00017056,0.64,0.72
1103,0.00017064,0.66,0.72
1104,0.00017072000000000002,0.68,0.76
1105,0.0001708,0.68,0.78
1106,0.00017088,0.7000000000000001,0.8
1107,0.00017096,0.72,0.8200000000000001
1108,0.00017104000000000002,0.74,0.84
1109,0.00017112,0.74,0.86
1110,0.0001712,0.76,0.88
1111,0.00017128,0.78,0.9
1112,0.00017136,0.8,0.9
1113,0.00017144,0.8200000000000001,0.92
1114,0.00017151999999999998,0.8200000000000001,0.96
1115,0.0001716,0.84,0.96
1116,0.00017168,0.84,1.0
1117,0.00017176,0.88,1.0
1118,0.00017183999999999998,0.9,1.02
1119,0.00017192,0.92,1.02
1120,0.000172,0.92,1.06
1121,0.00017208,0.9400000000000001,1.08
1122,0.00017216,0.96,1.1
1123,0.00017224,0.98,1.12
1124,0.00017232,1.0,1.1400000000000001
1125,0.00017240000000000002,1.02,1.16
1126,0.00017248,1.02,1.16
1127,0.00017256,1.06,1.18
1128,0.00017264,1.04,1.2
1129,0.00017272,1.08,1.22
1130,0.0001728,1.1,1.22
1131,0.00017287999999999998,1.12,1.26
1132,0.00017296,1.12,1.28
1133,0.00017304,1.1400000000000001,1.3
1134,0.00017312,1.1400000000000001,1.3
1135,0.00017319999999999998,1.18,1.32
1136,0.00017328,1.2,1.36
1137,0.00017336,1.22,1.36
1138,0.00017344,1.24,1.4000000000000001
1139,0.00017352,1.26,1.42
1140,0.0001736,1.28,1.44
1141,0.00017368,1.28,1.46
1142,0.00017376000000000002,1.28,1.46
1143,0.00017384,1.3,1.48
1144,0.00017392,1.34,1.5
1145,0.000174,1.34,1.52
1146,0.00017408000000000001,1.36,1.54
1147,0.00017416,1.3800000000000001,1.56
1148,0.00017423999999999999,1.4000000000000001,1.58
1149,0.00017432,1.42,1.6
1150,0.0001744,1.42,1.62
1151,0.00017448,1.46,1.62
1152,0.00017455999999999998,1.46,1.6400000000000001
1153,0.00017464,1.48,1.68
1154,0.00017472,1.5,1.68
1155,0.0001748,1.52,1.7
1156,0.00017487999999999998,1.54,1.72
1157,0.00017496,1.56,1.74
1158,0.00017504,1.58,1.76
1159,0.00017512000000000002,1.6,1.78
1160,0.0001752,1.6,1.8
1161,0.00017528,1.62,1.8
1162,0.00017536,1.6400000000000001,1.84
1163,0.00017544000000000001,1.6600000000000001,1.84
1164,0.00017552,1.68,1.86
1165,0.00017559999999999999,1.7,1.9000000000000001
1166,0.00017568,1.72,1.9000000000000001
1167,0.00017576,1.72,1.92
1168,0.00017584,1.74,1.92
1169,0.00017591999999999998,1.76,1.96
1170,0.000176,1.78,1.96
1171,0.00017608,1.8,2.0
1172,0.00017616,1.82,2.02
1173,0.00017623999999999998,1.84,2.02
1174,0.00017632,1.86,2.04
1175,0.0001764,1.8800000000000001,2.08
1176,0.00017648000000000002,1.8800000000000001,2.08
1177,0.00017656,1.9000000000000001,2.1
1178,0.00017664,1.92,2.12
1179,0.00017672,1.92,2.14
1180,0.00017680000000000001,1.96,2.16
1181,0.00017688,1.98,2.18
1182,0.00017695999999999999,2.0,2.2
1183,0.00017704,2.02,2.22
1184,0.00017712,2.02,2.22
1185,0.0001772,2.04,2.2600000000000002
1186,0.00017727999999999998,2.06,2.2600000000000002
1187,0.00017736,2.08,2.2800000000000002
1188,0.00017744,2.08,2.3000000000000003
1189,0.00017752,2.12,2.32
1190,0.00017759999999999998,2.14,2.34
1191,0.00017768,2.14,2.36
1192,0.00017776,2.16,2.38
1193,0.00017784000000000002,2.18,2.4
1194,0.00017792,2.2,2.42
1195,0.000178,2.22,2.44
1196,0.00017808,2.24,2.46
1197,0.00017816000000000002,2.24,2.48
1198,0.00017824,2.2800000000000002,2.5
1199,0.00017832,2.2800000000000002,2.5
1200,0.0001784,2.3000000000000003,2.52
1201,0.00017848,2.32,2.56
1202,0.00017856,2.34,2.56
1203,0.00017863999999999998,2.36,2.58
1204,0.00017872,2.38,2.6
1205,0.0001788,2.38,2.6
1206,0.00017888,2.4,2.62
1207,0.00017895999999999998,2.42,2.64
1208,0.00017904,2.44,2.68
1209,0.00017912,2.46,2.68
1210,0.00017920000000000002,2.48,2.7
1211,0.00017928,2.5,2.72
1212,0.00017936,2.5,2.74
1213,0.00017944,2.52,2.7600000000000002
1214,0.00017952000000000002,2.52,2.7800000000000002
1215,0.0001796,2.56,2.7800000000000002
1216,0.00017968,2.56,2.8000000000000003
1217,0.00017976,2.58,2.84
1218,0.00017984,2.6,2.84
1219,0.00017992,2.62,2.86
1220,0.00017999999999999998,2.64,2.88
1221,0.00018008,2.66,2.9
1222,0.00018016,2.68,2.92
1223,0.00018024,2.68,2.94
1224,0.00018031999999999998,2.7,2.94
1225,0.0001804,2.72,2.98
1226,0.00018048,2.74,3.0
1227,0.00018056,2.7600000000000002,3.0
1228,0.00018064,2.7800000000000002,3.02
1229,0.00018072,2.8000000000000003,3.04
1230,0.0001808,2.8000000000000003,3.06
1231,0.00018088000000000002,2.84,3.08
1232,0.00018096,2.84,3.1
1233,0.00018104,2.86,3.14
1234,0.00018112,2.88,3.14
1235,0.0001812,2.9,3.16
1236,0.00018128,2.92,3.18
1237,0.00018135999999999998,2.94,3.2
1238,0.00018144,2.96,3.22
1239,0.00018152,2.96,3.24
1240,0.0001816,3.0,3.24
1241,0.00018167999999999998,3.0,3.2600000000000002
1242,0.00018176,3.04,3.2800000000000002
1243,0.00018184,3.04,3.3000000000000003
1244,0.00018192,3.06,3.3200000000000003
1245,0.000182,3.08,3.34
1246,0.00018208,3.1,3.36
1247,0.00018216,3.12,3.4
1248,0.00018224000000000002,3.14,3.4
1249,0.00018232,3.14,3.42
1250,0.0001824,3.16,3.44
1251,0.00018248,3.18,3.46
1252,0.00018256000000000001,3.2,3.46
1253,0.00018264,3.22,3.5
1254,0.00018271999999999999,3.2600000000000002,3.52
1255,0.0001828,3.2600000000000002,3.52
1256,0.00018288,3.2800000000000002,3.54
1257,0.00018296,3.2800000000000002,3.56
1258,0.00018303999999999998,3.3000000000000003,3.58
1259,0.00018312,3.3200000000000003,3.6
1260,0.0001832,3.34,3.62
1261,0.00018328,3.36,3.64
1262,0.00018335999999999998,3.38,3.66
1263,0.00018344,3.4,3.68
1264,0.00018352,3.42,3.7
1265,0.00018360000000000002,3.44,3.72
1266,0.00018368,3.44,3.72
1267,0.00018376,3.48,3.74
1268,0.00018384,3.48,3.7800000000000002
1269,0.00018392000000000001,3.5,3.7800000000000002
1270,0.000184,3.52,3.8000000000000003
1271,0.00018407999999999999,3.54,3.8200000000000003
1272,0.00018416,3.56,3.84
1273,0.00018424,3.56,3.86
1274,0.00018432,3.6,3.88
1275,0.00018439999999999998,3.62,3.88
1276,0.00018448,3.62,3.92
1277,0.00018456,3.64,3.92
1278,0.00018464,3.66,3.96
1279,0.00018471999999999998,3.66,3.96
1280,0.0001848,3.68,3.98
1281,0.00018488,3.7,4.0
1282,0.00018496000000000002,3.74,4.0200000000000005
1283,0.00018504,3.74,4.04
1284,0.00018512,3.7600000000000002,4.0600000000000005
1285,0.0001852,3.7800000000000002,4.08
1286,0.00018528000000000001,3.8000000000000003,4.1
1287,0.00018536,3.8200000000000003,4.12
1288,0.00018543999999999999,3.84,4.12
1289,0.00018552,3.84,4.16
1290,0.0001856,3.88,4.18
1291,0.00018568,3.9,4.18
1292,0.00018575999999999998,3.9,4.2
1293,0.00018584,3.92,4.22
1294,0.00018592,3.94,4.24
1295,0.000186,3.96,4.26
1296,0.00018607999999999998,3.98,4.28
1297,0.00018616,3.98,4.3
1298,0.00018624,4.0,4.32
1299,0.00018632000000000002,4.0200000000000005,4.34
1300,0.0001864,4.04,4.36
1301,0.00018648,4.08,4.36
1302,0.00018656,4.08,4.4
1303,0.00018664000000000002,4.1,4.4
1304,0.00018672,4.14,4.42
1305,0.0001868,4.14,4.46
1306,0.00018688,4.16,4.46
1307,0.00018696,4.16,4.48
1308,0.00018704,4.18,4.5
1309,0.00018711999999999998,4.2,4.5200000000000005
1310,0.0001872,4.22,4.54
1311,0.00018728,4.24,4.5600000000000005
1312,0.00018736,4.26,4.58
1313,0.00018743999999999998,4.26,4.6000000000000005
1314,0.00018752,4.28,4.6000000000000005
1315,0.0001876,4.3,4.62
1316,0.00018768000000000002,4.32,4.64
1317,0.00018776,4.34,4.66
1318,0.00018784,4.36,4.68
1319,0.00018792,4.36,4.7
1320,0.00018800000000000002,4.4,4.72
1321,0.00018808,4.42,4.72
1322,0.00018816,4.42,4.76
1323,0.00018824,4.44,4.78
1324,0.00018832,4.48,4.8
1325,0.0001884,4.48,4.82
1326,0.00018847999999999998,4.5,4.84
1327,0.00018856,4.5200000000000005,4.86
1328,0.00018864,4.5200000000000005,4.88
1329,0.00018872,4.54,4.88
1330,0.00018879999999999998,4.5600000000000005,4.9
1331,0.00018888,4.58,4.92
1332,0.00018896,4.6000000000000005,4.94
1333,0.00018904000000000002,4.0200000000000005,0.86
1334,0.00018912,3.44,0.14
1335,0.0001892,2.96,0.12
1336,0.00018928,2.56,0.12
1337,0.00018936000000000002,2.24,0.14
1338,0.00018944,1.96,0.14
1339,0.00018952,1.72,0.16
1340,0.0001896,1.52,0.18
1341,0.00018968,1.34,0.18
1342,0.00018976,1.2,0.2
1343,0.00018983999999999998,1.08,0.22
1344,0.00018992,0.98,0.24
1345,0.00019,0.88,0.24
1346,0.00019008,0.8,0.28
1347,0.00019015999999999998,0.76,0.28
1348,0.00019024,0.7000000000000001,0.3
1349,0.00019032,0.64,0.32
1350,0.0001904,0.6,0.34
1351,0.00019048,0.58,0.34
1352,0.00019056,0.56,0.36
1353,0.00019064,0.54,0.4
1354,0.00019072000000000002,0.52,0.4
1355,0.0001908,0.52,0.42
1356,0.00019088,0.52,0.44
1357,0.00019096,0.52,0.44
1358,0.00019104000000000001,0.5,0.48
1359,0.00019112,0.52,0.5
1360,0.00019119999999999999,0.52,0.52
1361,0.00019128,0.52,0.54
1362,0.00019136,0.54,0.56
1363,0.00019144,0.54,0.58
1364,0.00019151999999999998,0.54,0.58
1365,0.0001916,0.56,0.62
1366,0.00019168,0.58,0.62
1367,0.00019176,0.58,0.64
1368,0.00019183999999999998,0.6,0.66
1369,0.00019192,0.6,0.68
1370,0.000192,0.62,0.7000000000000001
1371,0.00019208000000000002,0.64,0.72
1372,0.00019216,0.64,0.74
1373,0.00019224,0.66,0.76
1374,0.00019232,0.68,0.78
1375,0.00019240000000000001,0.68,0.78
1376,0.00019248,0.7000000000000001,0.8200000000000001
1377,0.00019255999999999999,0.72,0.84
1378,0.00019264,0.74,0.84
1379,0.00019272,0.76,0.86
1380,0.0001928,0.76,0.88
1381,0.00019287999999999998,0.8,0.92
1382,0.00019296,0.8,0.92
1383,0.00019304,0.8200000000000001,0.9400000000000001
1384,0.00019312,0.84,0.96
1385,0.00019319999999999998,0.86,0.98
1386,0.00019328,0.86,1.0
1387,0.00019336,0.9,1.02
1388,0.00019344000000000002,0.9,1.02
1389,0.00019352,0.92,1.06
1390,0.0001936,0.9400000000000001,1.08
1391,0.00019368,0.96,1.1
1392,0.00019376000000000002,0.98,1.1
1393,0.00019384,1.0,1.12
1394,0.00019392,1.02,1.1400000000000001
1395,0.000194,1.02,1.16
1396,0.00019408,1.04,1.18
1397,0.00019416,1.06,1.2
1398,0.00019423999999999998,1.06,1.22
1399,0.00019432,1.08,1.24
1400,0.0001944,1.1,1.26
1401,0.00019448,1.12,1.28
1402,0.00019455999999999998,1.1400000000000001,1.3
1403,0.00019464,1.16,1.3
1404,0.00019472,1.18,1.34
1405,0.00019480000000000002,1.2,1.36
1406,0.00019488,1.2,1.36
1407,0.00019496,1.22,1.4000000000000001
1408,0.00019504,1.24,1.4000000000000001
1409,0.00019512000000000002,1.26,1.4000000000000001
1410,0.0001952,1.28,1.44
1411,0.00019528,1.3,1.46
1412,0.00019536,1.32,1.48
1413,0.00019544,1.32,1.5
1414,0.00019552,1.34,1.52
1415,0.00019559999999999998,1.36,1.54
1416,0.00019568,1.3800000000000001,1.54
1417,0.00019576,1.4000000000000001,1.56
1418,0.00019584,1.4000000000000001,1.58
1419,0.00019591999999999998,1.44,1.6
1420,0.000196,1.44,1.62
1421,0.00019608,1.46,1.6400000000000001
1422,0.00019616000000000002,1.48,1.6600000000000001
1423,0.00019624,1.48,1.68
1424,0.00019632,1.52,1.7
1425,0.0001964,1.52,1.7
1426,0.00019648000000000002,1.56,1.72
1427,0.00019656,1.58,1.74
1428,0.00019664,1.58,1.76
1429,0.00019672,1.6,1.78
1430,0.0001968,1.62,1.8
1431,0.00019688,1.62,1.82
1432,0.00019695999999999998,1.6600000000000001,1.84
1433,0.00019704,1.6600000000000001,1.84
1434,0.00019712,1.68,1.8800000000000001
1435,0.0001972,1.7,1.8800000000000001
1436,0.00019727999999999998,1.72,1.9000000000000001
1437,0.00019736,1.74,1.94
1438,0.00019744,1.76,1.96
1439,0.00019752000000000002,1.76,1.96
1440,0.0001976,1.8,1.98
1441,0.00019768,1.82,2.0
1442,0.00019776,1.82,2.02
1443,0.00019784000000000002,1.84,2.04
1444,0.00019792,1.86,2.06
1445,0.000198,1.8800000000000001,2.08
1446,0.00019808,1.9000000000000001,2.1
1447,0.00019816000000000001,1.92,2.12
1448,0.00019824,1.94,2.14
1449,0.00019831999999999999,1.94,2.16
1450,0.0001984,1.96,2.18
1451,0.00019848,2.0,2.2
1452,0.00019856,2.0,2.2
1453,0.00019863999999999998,2.02,2.22
1454,0.00019872,2.02,2.24
1455,0.0001988,2.06,2.2600000000000002
1456,0.00019888,2.08,2.2800000000000002
1457,0.00019896,2.1,2.2800000000000002
1458,0.00019904,2.12,2.32
1459,0.00019912,2.12,2.34
1460,0.00019920000000000002,2.14,2.34
1461,0.00019928,2.16,2.38
1462,0.00019936,2.18,2.4
1463,0.00019944,2.2,2.4
1464,0.00019952000000000001,2.22,2.42
1465,0.0001996,2.24,2.44
1466,0.00019967999999999999,2.24,2.46
1467,0.00019976,2.2600000000000002,2.48
1468,0.00019984,2.2800000000000002,2.5
1469,0.00019992,2.3000000000000003,2.52
1470,0.00019999999999999998,2.32,2.52
1471,0.00020008,2.34,2.54
1472,0.00020016,2.36,2.56
1473,0.00020024,2.36,2.6
1474,0.00020031999999999998,2.38,2.6
1475,0.0002004,2.4,2.62
1476,0.00020048,2.42,2.64
1477,0.00020056000000000002,2.44,2.66
1478,0.00020064,2.46,2.68
1479,0.00020072,2.48,2.7
1480,0.0002008,2.48,2.72
1481,0.00020088000000000001,2.5,2.74
1482,0.00020096,2.52,2.74
1483,0.00020103999999999999,2.52,2.7600000000000002
1484,0.00020112,2.56,2.7800000000000002
1485,0.0002012,2.56,2.8000000000000003
1486,0.00020128,2.58,2.82
1487,0.00020135999999999998,2.6,2.84
1488,0.00020144,2.62,2.86
1489,0.00020152,2.64,2.88
1490,0.0002016,2.66,2.88
1491,0.00020167999999999998,2.66,2.9
1492,0.00020176,2.68,2.92
1493,0.00020184,2.7,2.94
1494,0.00020192000000000002,2.72,2.96
1495,0.000202,2.7600000000000002,2.98
1496,0.00020208,2.7600000000000002,3.0
1497,0.00020216,2.7800000000000002,3.02
1498,0.00020224000000000002,2.8000000000000003,3.04
1499,0.00020232,2.82,3.06
1500,0.0002024,2.82,3.08
1501,0.00020248,2.84,3.1
1502,0.00020256,2.88,3.12
1503,0.00020264,2.88,3.14
1504,0.00020271999999999998,2.9,3.16
1505,0.0002028,2.92,3.16
1506,0.00020288,2.94,3.18
1507,0.00020296,2.94,3.2
1508,0.00020303999999999998,2.96,3.24
1509,0.00020312,2.98,3.24
1510,0.0002032,3.02,3.2600000000000002
1511,0.00020328000000000002,3.02,3.3000000000000003
1512,0.00020336,3.02,3.3200000000000003
1513,0.00020344,3.04,3.3200000000000003
1514,0.00020352,3.06,3.34
1515,0.00020360000000000002,3.08,3.36
1516,0.00020368,3.1,3.38
1517,0.00020376,3.12,3.4
1518,0.00020384,3.14,3.4
1519,0.00020392,3.16,3.44
1520,0.000204,3.18,3.44
1521,0.00020407999999999998,3.2,3.46
1522,0.00020416,3.22,3.48
1523,0.00020424,3.24,3.5
1524,0.00020432,3.2600000000000002,3.52
1525,0.00020439999999999998,3.2600000000000002,3.54
1526,0.00020448,3.2800000000000002,3.56
1527,0.00020456,3.3000000000000003,3.58
1528,0.00020464,3.3200000000000003,3.6
1529,0.00020472,3.34,3.6
1530,0.0002048,3.36,3.62
1531,0.00020488,3.38,3.64
1532,0.00020496,3.4,3.66
1533,0.00020504,3.4,3.68
1534,0.00020512,3.42,3.7
1535,0.0002052,3.44,3.72
1536,0.00020528,3.46,3.74
1537,0.00020536,3.48,3.7600000000000002
1538,0.00020544,3.5,3.7800000000000002
1539,0.00020552,3.52,3.8000000000000003
1540,0.0002056,3.52,3.8200000000000003
1541,0.00020568,3.54,3.84
1542,0.00020576,3.56,3.86
1543,0.00020584,3.58,3.88
1544,0.00020592,3.62,3.88
1545,0.000206,3.6,3.9
1546,0.00020608,3.64,3.92
1547,0.00020616,3.64,3.96
1548,0.00020624,3.68,3.96
1549,0.00020632,3.68,3.98
1550,0.0002064,3.72,4.0
1551,0.00020648,3.72,4.0200000000000005
1552,0.00020656,3.74,4.04
1553,0.00020664,3.7600000000000002,4.0600000000000005
1554,0.00020672,3.7800000000000002,4.0600000000000005
1555,0.0002068,3.8000000000000003,4.08
1556,0.00020688,3.8200000000000003,4.1
1557,0.00020696,3.84,4.12
1558,0.00020704,3.84,4.14
1559,0.00020712,3.86,4.16
1560,0.0002072,3.88,4.18
1561,0.00020728,3.9,4.2
1562,0.00020736,3.94,4.22
1563,0.00020744,3.92,4.26
1564,0.00020752,3.96,4.26
1565,0.0002076,3.96,4.28
1566,0.00020768,3.98,4.3
1567,0.00020776,4.0,4.3
1568,0.00020784,4.0200000000000005,4.32
1569,0.00020792,4.04,4.34
1570,0.000208,4.04,4.36
1571,0.00020808,4.08,4.38
1572,0.00020816,4.1,4.4
1573,0.00020824,4.12,4.42
1574,0.00020832,4.12,4.44
1575,0.0002084,4.14,4.46
1576,0.00020848,4.16,4.48
1577,0.00020856,4.18,4.5
1578,0.00020864,4.2,4.5200000000000005
1579,0.00020872,4.2,4.54
1580,0.0002088,4.22,4.5600000000000005
1581,0.00020888,4.24,4.58
1582,0.00020896,4.26,4.58
1583,0.00020904,4.28,4.6000000000000005
1584,0.00020912,4.3,4.64
1585,0.0002092,4.32,4.64
1586,0.00020928,4.34,4.66
1587,0.00020936,4.36,4.68
1588,0.00020944,4.38,4.7
1589,0.00020952,4.38,4.72
1590,0.0002096,4.4,4.74
1591,0.00020968,4.42,4.74
1592,0.00020976,4.44,4.78
1593,0.00020984,4.46,4.78
1594,0.00020992,4.48,4.82
1595,0.00021,4.5,4.82
1596,0.00021008,4.5200000000000005,4.86
1597,0.00021016,4.54,4.88
1598,0.00021024,4.54,4.88
1599,0.00021032,4.5600000000000005,4.9
1600,0.0002104,4.58,4.92
1601,0.00021048,4.6000000000000005,4.94
1602,0.00021056,4.18,4.88
1603,0.00021064,3.6,0.06
1604,0.00021072,3.1,0.1
1605,0.0002108,2.68,0.12
1606,0.00021088,2.34,0.14
1607,0.00021096,2.04,0.14
1608,0.00021104,1.78,0.16
1609,0.00021112,1.58,0.18
1610,0.0002112,1.4000000000000001,0.18
1611,0.00021128,1.24,0.2
1612,0.00021136,1.12,0.2
1613,0.00021144,1.0,0.22
1614,0.00021152,0.9,0.24
1615,0.0002116,0.8200000000000001,0.26
1616,0.00021168,0.76,0.28
1617,0.00021176,0.7000000000000001,0.3
1618,0.00021184,0.66,0.32
1619,0.00021192,0.62,0.34
1620,0.000212,0.6,0.34
1621,0.00021208,0.58,0.36
1622,0.00021216,0.54,0.38
1623,0.00021224,0.54,0.4
1624,0.00021232,0.52,0.42
1625,0.0002124,0.52,0.44
1626,0.00021248,0.52,0.46
1627,0.00021256,0.5,0.48
1628,0.00021264,0.5,0.48
1629,0.00021272,0.52,0.52
1630,0.0002128,0.52,0.54
1631,0.00021288,0.52,0.54
1632,0.00021296,0.54,0.58
1633,0.00021304,0.54,0.58
1634,0.00021312,0.56,0.6
1635,0.0002132,0.58,0.62
1636,0.00021328,0.58,0.64
1637,0.00021336,0.58,0.66
1638,0.00021344,0.6,0.68
1639,0.00021352,0.62,0.7000000000000001
1640,0.0002136,0.62,0.72
1641,0.00021368,0.64,0.74
1642,0.00021376,0.66,0.74
1643,0.00021384,0.68,0.76
1644,0.00021392,0.7000000000000001,0.8
1645,0.000214,0.7000000000000001,0.8
1646,0.00021408,0.72,0.8200000000000001
1647,0.00021416,0.74,0.84
1648,0.00021424,0.74,0.84
1649,0.00021432,0.76,0.88
1650,0.0002144,0.78,0.9
1651,0.00021448,0.8,0.92
1652,0.00021456,0.8200000000000001,0.92
1653,0.00021464,0.84,0.96
1654,0.00021472,0.84,0.98
1655,0.0002148,0.86,1.0
1656,0.00021488,0.88,1.02
1657,0.00021496,0.9,1.02
1658,0.00021504,0.92,1.06
1659,0.00021512,0.9400000000000001,1.06
1660,0.0002152,0.9400000000000001,1.08
1661,0.00021528,0.96,1.1
1662,0.00021536,0.98,1.1
1663,0.00021544,1.0,1.12
1664,0.00021552,1.02,1.16
1665,0.0002156,1.04,1.18
1666,0.00021568,1.04,1.18
1667,0.00021576,1.08,1.2
1668,0.00021584,1.08,1.24
1669,0.00021592,1.1,1.26
1670,0.000216,1.12,1.28
1671,0.00021608,1.1400000000000001,1.28
1672,0.00021616,1.1400000000000001,1.3
1673,0.00021624,1.16,1.34
1674,0.00021632,1.18,1.32
1675,0.0002164,1.2,1.34
1676,0.00021648,1.22,1.3800000000000001
1677,0.00021656,1.24,1.4000000000000001
1678,0.00021664,1.26,1.42
1679,0.00021672,1.28,1.44
1680,0.0002168,1.28,1.44
1681,0.00021688,1.3,1.48
1682,0.00021696,1.32,1.48
1683,0.00021704,1.34,1.5
1684,0.00021712,1.36,1.52
1685,0.0002172,1.36,1.54
1686,0.00021728,1.4000000000000001,1.56
1687,0.00021736,1.4000000000000001,1.56
1688,0.00021744,1.42,1.6
1689,0.00021752,1.42,1.62
1690,0.0002176,1.46,1.62
1691,0.00021768,1.48,1.6600000000000001
1692,0.00021776,1.5,1.6600000000000001
1693,0.00021784,1.5,1.68
1694,0.00021792,1.52,1.7
1695,0.000218,1.54,1.72
1696,0.00021808,1.54,1.74
1697,0.00021816,1.58,1.76
1698,0.00021824,1.6,1.78
1699,0.00021832,1.6,1.8
1700,0.0002184,1.62,1.82
1701,0.00021848,1.6400000000000001,1.84
1702,0.00021856,1.6600000000000001,1.86
1703,0.00021864,1.68,1.86
1704,0.00021872,1.7,1.8800000000000001
1705,0.0002188,1.72,1.9000000000000001
1706,0.00021888,1.74,1.92
1707,0.00021896,1.76,1.94
1708,0.00021904,1.76,1.96
1709,0.00021912,1.78,1.98
1710,0.0002192,1.8,2.0
1711,0.00021928,1.82,2.02
1712,0.00021936,1.84,2.04
1713,0.00021944,1.86,2.04
1714,0.00021952,1.8800000000000001,2.06
1715,0.0002196,1.9000000000000001,2.08
1716,0.00021968,1.9000000000000001,2.12
1717,0.00021976,1.94,2.14
1718,0.00021984,1.94,2.16
1719,0.00021992,1.96,2.16
1720,0.00022,1.98,2.18
1721,0.00022008,2.0,2.2
1722,0.00022016,2.02,2.22
1723,0.00022024,2.02,2.24
1724,0.00022032,2.06,2.2600000000000002
1725,0.0002204,2.06,2.2800000000000002
1726,0.00022048,2.08,2.3000000000000003
1727,0.00022056,2.1,2.32
1728,0.00022064,2.12,2.32
1729,0.00022072,2.14,2.34
1730,0.0002208,2.16,2.38
1731,0.00022088,2.18,2.38
1732,0.00022096,2.2,2.4
1733,0.00022104,2.2,2.42
1734,0.00022112,2.22,2.42
1735,0.0002212,2.24,2.46
1736,0.00022128,2.2600000000000002,2.48
1737,0.00022136,2.2800000000000002,2.5
1738,0.00022144,2.3000000000000003,2.52
1739,0.00022152,2.32,2.52
1740,0.0002216,2.32,2.54
1741,0.00022168,2.34,2.56
1742,0.00022176,2.36,2.6
1743,0.00022184,2.38,2.6
1744,0.00022192,2.4,2.62
1745,0.000222,2.4,2.62
1746,0.00022208,2.44,2.64
1747,0.00022216,2.44,2.66
1748,0.00022224,2.46,2.68
1749,0.00022232,2.48,2.7
1750,0.0002224,2.5,2.72
1751,0.00022248,2.5,2.74
1752,0.00022256,2.52,2.7600000000000002
1753,0.00022264,2.54,2.7800000000000002
1754,0.00022272,2.56,2.8000000000000003
1755,0.0002228,2.6,2.82
1756,0.00022288,2.58,2.84
1757,0.00022296,2.62,2.84
1758,0.00022304,2.62,2.86
1759,0.00022312,2.64,2.88
1760,0.0002232,2.66,2.9
1761,0.00022328,2.68,2.92
1762,0.00022336,2.7,2.94
1763,0.00022344,2.72,2.96
1764,0.00022352,2.74,2.98
1765,0.0002236,2.74,3.0
1766,0.00022368,2.7600000000000002,3.02
1767,0.00022376,2.8000000000000003,3.04
1768,0.00022384,2.8000000000000003,3.04
1769,0.00022392,2.82,3.06
1770,0.000224,2.84,3.1
1771,0.00022408,2.86,3.12
1772,0.00022416,2.88,3.12
1773,0.00022424,2.88,3.14
1774,0.00022432,2.9,3.16
1775,0.0002244,2.94,3.18
1776,0.00022448,2.94,3.22
1777,0.00022456,2.96,3.22
1778,0.00022464,2.98,3.24
1779,0.00022472,3.0,3.2600000000000002
1780,0.0002248,3.0,3.2800000000000002
1781,0.00022488,3.04,3.3000000000000003
1782,0.00022496,3.04,3.3200000000000003
1783,0.00022504,3.06,3.34
1784,0.00022512,3.08,3.36
1785,0.0002252,3.1,3.36
1786,0.00022528,3.12,3.4
1787,0.00022536,3.14,3.4
1788,0.00022544,3.14,3.42
1789,0.00022552,3.16,3.44
1790,0.0002256,3.18,3.46
1791,0.00022568,3.22,3.48
1792,0.00022576,3.22,3.5
1793,0.00022584,3.24,3.52
1794,0.00022592,3.2600000000000002,3.52
1795,0.000226,3.2800000000000002,3.56
1796,0.00022608,3.3000000000000003,3.56
1797,0.00022616,3.3200000000000003,3.58
1798,0.00022624,3.3200000000000003,3.6
1799,0.00022632,3.34,3.62
1800,0.0002264,3.36,3.64
1801,0.00022648000000000001,3.38,3.66
1802,0.00022656,3.42,3.68
1803,0.00022664,3.42,3.7
1804,0.00022672,3.44,3.72
1805,0.0002268,3.44,3.74
1806,0.00022688,3.48,3.7600000000000002
1807,0.00022696,3.48,3.7800000000000002
1808,0.00022704,3.5,3.7800000000000002
1809,0.00022712,3.52,3.8200000000000003
1810,0.0002272,3.54,3.84
1811,0.00022728,3.56,3.84
1812,0.00022736,3.56,3.86
1813,0.00022744,3.6,3.88
1814,0.00022752,3.62,3.9
1815,0.0002276,3.62,3.92
1816,0.00022768,3.64,3.94
1817,0.00022776,3.66,3.96
1818,0.00022784,3.68,3.98
1819,0.00022792,3.7,3.98
1820,0.000228,3.7,4.0
1821,0.00022808,3.74,4.0200000000000005
1822,0.00022816,3.74,4.04
1823,0.00022824,3.7600000000000002,4.0600000000000005
1824,0.00022832,3.7800000000000002,4.08
1825,0.0002284,3.8000000000000003,4.1
1826,0.00022848,3.84,4.12
1827,0.00022856,3.84,4.14
1828,0.00022864,3.84,4.16
1829,0.00022872,3.86,4.18
1830,0.0002288,3.9,4.22
1831,0.00022888,3.9,4.22
1832,0.00022896,3.92,4.22
1833,0.00022904,3.94,4.24
1834,0.00022912,3.96,4.26
1835,0.0002292,3.98,4.28
1836,0.00022928,4.0200000000000005,4.3
1837,0.00022936,4.0200000000000005,4.32
1838,0.00022944,4.04,4.36
1839,0.00022952,4.04,4.36
1840,0.0002296,4.08,4.4
1841,0.00022968,4.08,4.4
1842,0.00022976,4.1,4.42
1843,0.00022984,4.12,4.44
1844,0.00022992,4.14,4.46
1845,0.00023,4.16,4.48
1846,0.00023008,4.18,4.48
1847,0.00023016,4.18,4.5
1848,0.00023024,4.2,4.5200000000000005
1849,0.00023032,4.22,4.54
1850,0.0002304,4.24,4.5600000000000005
1851,0.00023048,4.26,4.58
1852,0.00023056,4.28,4.6000000000000005
1853,0.00023064,4.3,4.62
1854,0.00023072000000000001,4.3,4.64
1855,0.0002308,4.34,4.66
1856,0.00023088,4.34,4.66
1857,0.00023096,4.36,4.68
1858,0.00023104,4.38,4.72
1859,0.00023112,4.4,4.74
1860,0.0002312,4.42,4.74
1861,0.00023128,4.42,4.76
1862,0.00023136,4.44,4.78
1863,0.00023144,4.46,4.8
1864,0.00023152,4.48,4.82
1865,0.0002316,4.5,4.84
1866,0.00023168,4.5200000000000005,4.86
1867,0.00023176,4.54,4.9
1868,0.00023184,4.5600000000000005,4.9
1869,0.00023192,4.6000000000000005,4.9
1870,0.000232,4.58,4.94
1871,0.00023208,4.38,4.94
1872,0.00023216,3.7600000000000002,-0.04
1873,0.00023224,3.24,0.08
1874,0.00023232,2.8000000000000003,0.12
1875,0.0002324,2.44,0.14
1876,0.00023248,2.12,0.14
1877,0.00023256,1.86,0.16
1878,0.00023264,1.62,0.16
1879,0.00023272,1.44,0.18
1880,0.0002328,1.28,0.2
1881,0.00023288,1.1400000000000001,0.2
1882,0.00023296,1.02,0.22
1883,0.00023304,0.9400000000000001,0.24
1884,0.00023312,0.86,0.24
1885,0.0002332,0.76,0.28
1886,0.00023328,0.72,0.3
1887,0.00023336,0.66,0.3
1888,0.00023344,0.64,0.34
1889,0.00023352,0.6,0.34
1890,0.0002336,0.58,0.36
1891,0.00023368,0.56,0.38
1892,0.00023376,0.54,0.4
1893,0.00023384,0.52,0.42
1894,0.00023392,0.52,0.44
1895,0.000234,0.52,0.44
1896,0.00023408,0.5,0.46
1897,0.00023416,0.52,0.48
1898,0.00023424,0.52,0.52
1899,0.00023432,0.52,0.52
1900,0.0002344,0.52,0.54
1901,0.00023448,0.52,0.56
1902,0.00023456,0.54,0.58
1903,0.00023464,0.56,0.6
1904,0.00023472,0.56,0.62
1905,0.0002348,0.56,0.64
1906,0.00023488,0.58,0.64
1907,0.00023496000000000001,0.6,0.66
1908,0.00023504,0.62,0.7000000000000001
1909,0.00023512,0.62,0.7000000000000001
1910,0.0002352,0.64,0.74
1911,0.00023528,0.66,0.74
1912,0.00023536,0.68,0.76
1913,0.00023544,0.66,0.78
1914,0.00023552,0.7000000000000001,0.8
1915,0.0002356,0.72,0.8200000000000001
1916,0.00023568,0.72,0.84
1917,0.00023576,0.74,0.86
1918,0.00023584,0.76,0.88
1919,0.00023592,0.78,0.9
1920,0.000236,0.8,0.92
1921,0.00023608,0.8200000000000001,0.9400000000000001
1922,0.00023616,0.8200000000000001,0.9400000000000001
1923,0.00023624,0.84,0.98
1924,0.00023632,0.84,0.98
1925,0.0002364,0.86,1.0
1926,0.00023648,0.9,1.04
1927,0.00023656,0.9,1.04
1928,0.00023664,0.92,1.06
1929,0.00023672,0.96,1.08
1930,0.0002368,0.96,1.08
1931,0.00023688,0.98,1.12
1932,0.00023696,1.0,1.1400000000000001
1933,0.00023704,1.02,1.16
1934,0.00023712,1.02,1.18
1935,0.0002372,1.04,1.2
1936,0.00023728,1.06,1.2
1937,0.00023736,1.08,1.24
1938,0.00023744,1.1,1.24
1939,0.00023752,1.12,1.26
1940,0.0002376,1.1400000000000001,1.28
1941,0.00023768,1.1400000000000001,1.3
1942,0.00023776,1.16,1.32
1943,0.00023784,1.18,1.36
1944,0.00023792,1.2,1.34
1945,0.000238,1.22,1.3800000000000001
1946,0.00023808,1.24,1.3800000000000001
1947,0.00023816,1.26,1.42
1948,0.00023824,1.26,1.44
1949,0.00023832,1.28,1.44
1950,0.0002384,1.3,1.48
1951,0.00023848,1.32,1.48
1952,0.00023856,1.34,1.5
1953,0.00023864,1.34,1.52
1954,0.00023872,1.36,1.52
1955,0.0002388,1.3800000000000001,1.56
1956,0.00023888,1.4000000000000001,1.58
1957,0.00023896,1.42,1.6
1958,0.00023904,1.44,1.6
1959,0.00023912,1.46,1.62
1960,0.00023920000000000001,1.48,1.6400000000000001
1961,0.00023928,1.48,1.68
1962,0.00023936,1.52,1.68
1963,0.00023944,1.52,1.7
1964,0.00023952,1.54,1.72
1965,0.0002396,1.56,1.74
1966,0.00023968,1.58,1.74
1967,0.00023976,1.6,1.78
1968,0.00023984,1.6,1.8
1969,0.00023992,1.62,1.8
1970,0.00024,1.6400000000000001,1.82
1971,0.00024008,1.6600000000000001,1.84
1972,0.00024016,1.68,1.86
1973,0.00024024,1.7,1.86
1974,0.00024032,1.72,1.9000000000000001
1975,0.0002404,1.74,1.92
1976,0.00024048,1.76,1.94
1977,0.00024056,1.76,1.96
1978,0.00024064,1.78,1.98
1979,0.00024072,1.8,2.0
1980,0.0002408,1.82,2.02
1981,0.00024088,1.84,2.02
1982,0.00024096,1.86,2.04
1983,0.00024104,1.86,2.06
1984,0.00024112,1.8800000000000001,2.08
1985,0.0002412,1.9000000000000001,2.1
1986,0.00024128,1.92,2.12
1987,0.00024136,1.94,2.14
1988,0.00024144,1.96,2.14
1989,0.00024152,1.98,2.18
1990,0.0002416,2.0,2.2
1991,0.00024168,2.0,2.22
1992,0.00024176,2.02,2.24
1993,0.00024184,2.04,2.2600000000000002
1994,0.00024192,2.06,2.2600000000000002
1995,0.000242,2.08,2.2800000000000002
1996,0.00024208,2.1,2.3000000000000003
1997,0.00024216,2.12,2.34
1998,0.00024224,2.12,2.34
1999,0.00024232,2.14,2.36
