,time,v1,v2
0,-0.01584,2.94,3.08
1,-0.015824,2.96,3.08
2,-0.015808,2.96,3.1
3,-0.015792,2.96,3.1
4,-0.015776,2.98,3.1
5,-0.01576,2.98,3.14
6,-0.015744,3.0,3.14
7,-0.015728,3.0,3.14
8,-0.015712,3.0,3.14
9,-0.015696,3.02,3.16
10,-0.01568,3.02,3.16
11,-0.015664,3.02,3.18
12,-0.015648,3.04,3.18
13,-0.015632,3.06,3.18
14,-0.015616,3.06,3.2
15,-0.0156,3.06,3.2
16,-0.015584,3.08,3.2
17,-0.015568,3.08,3.22
18,-0.015552,3.08,3.22
19,-0.015536,3.1,3.24
20,-0.015519999999999999,3.12,3.24
21,-0.015504,3.12,3.2600000000000002
22,-0.015488,3.14,3.2800000000000002
23,-0.015472,3.14,3.2600000000000002
24,-0.015456,3.14,3.2800000000000002
25,-0.01544,3.16,3.2800000000000002
26,-0.015424,3.14,3.3000000000000003
27,-0.015408,3.16,3.3200000000000003
28,-0.015392,3.16,3.3000000000000003
29,-0.015376,3.18,3.3200000000000003
30,-0.01536,3.18,3.34
31,-0.015344,3.2,3.34
32,-0.015328,3.2,3.34
33,-0.015312,3.2,3.34
34,-0.015296,3.2,3.36
35,-0.01528,3.22,3.38
36,-0.015264,3.22,3.36
37,-0.015248,3.24,3.38
38,-0.015232,3.24,3.38
39,-0.015216,3.2600000000000002,3.4
40,-0.0152,3.2800000000000002,3.42
41,-0.015184,3.2600000000000002,3.42
42,-0.015168,3.2800000000000002,3.42
43,-0.015152,3.2800000000000002,3.42
44,-0.015136,3.2800000000000002,3.42
45,-0.01512,3.3000000000000003,3.44
46,-0.015104,3.3000000000000003,3.44
47,-0.015088,3.3200000000000003,3.46
48,-0.015072,3.3200000000000003,3.46
49,-0.015056,3.3200000000000003,3.46
50,-0.01504,3.34,3.48
51,-0.015024,3.34,3.48
52,-0.015008,3.36,3.5
53,-0.014992,3.38,3.5
54,-0.014976,3.36,3.52
55,-0.01496,3.36,3.54
56,-0.014944,3.38,3.52
57,-0.014928,3.38,3.54
58,-0.014912,3.4,3.54
59,-0.014896,3.4,3.54
60,-0.01488,3.4,3.56
61,-0.014864,3.42,3.56
62,-0.014848,3.42,3.58
63,-0.014832,3.44,3.58
64,-0.014816,3.44,3.58
65,-0.0148,3.44,3.6
66,-0.014784,3.46,3.6
67,-0.014768,3.46,3.62
68,-0.014752,3.46,3.64
69,-0.014735999999999999,3.48,3.62
70,-0.01472,3.48,3.64
71,-0.014704,3.48,3.64
72,-0.014688,3.52,3.66
73,-0.014672,3.5,3.66
74,-0.014656,3.52,3.68
75,-0.01464,3.52,3.68
76,-0.014624,3.54,3.7
77,-0.014608,3.54,3.7
78,-0.014592,3.54,3.7
79,-0.014576,3.56,3.7
80,-0.01456,3.56,3.72
81,-0.014544,3.56,3.74
82,-0.014528,3.58,3.74
83,-0.014512,3.58,3.7600000000000002
84,-0.014496,3.6,3.7600000000000002
85,-0.01448,3.6,3.7600000000000002
86,-0.014464,3.62,3.7800000000000002
87,-0.014447999999999999,3.62,3.7800000000000002
88,-0.014432,3.62,3.7800000000000002
89,-0.014416,3.62,3.8000000000000003
90,-0.0144,3.64,3.8000000000000003
91,-0.014384000000000001,3.64,3.8200000000000003
92,-0.014368,3.66,3.8200000000000003
93,-0.014352,3.66,3.84
94,-0.014336,3.66,3.84
95,-0.01432,3.68,3.84
96,-0.014304,3.68,3.84
97,-0.014288,3.7,3.84
98,-0.014272,3.7,3.86
99,-0.014256,3.7,3.88
100,-0.01424,3.72,3.88
101,-0.014224,3.72,3.88
102,-0.014208,3.72,3.9
103,-0.014192,3.74,3.9
104,-0.014176,3.74,3.9
105,-0.01416,3.7600000000000002,3.92
106,-0.014144,3.7600000000000002,3.94
107,-0.014128,3.7800000000000002,3.94
108,-0.014112,3.7600000000000002,3.94
109,-0.014096000000000001,3.7800000000000002,3.96
110,-0.01408,3.8000000000000003,3.96
111,-0.014064,3.8000000000000003,3.96
112,-0.014048,3.8000000000000003,3.98
113,-0.014032,3.8200000000000003,3.98
114,-0.014016,3.8200000000000003,3.98
115,-0.014,3.84,4.0
116,-0.013984,3.84,4.0
117,-0.013968,3.84,4.0200000000000005
118,-0.013951999999999999,3.84,4.0200000000000005
119,-0.013936,3.86,4.04
120,-0.01392,3.88,4.04
121,-0.013904,3.88,4.04
122,-0.013888,3.88,4.0600000000000005
123,-0.013872,3.9,4.0600000000000005
124,-0.013856,3.9,4.0600000000000005
125,-0.01384,3.9,4.08
126,-0.013824,3.9,4.08
127,-0.013808,3.92,4.1
128,-0.013792,3.92,4.1
129,-0.013776,3.96,4.1
130,-0.01376,3.94,4.12
131,-0.013744,3.96,4.12
132,-0.013728,3.96,4.14
133,-0.013712,3.98,4.14
134,-0.013696,3.98,4.16
135,-0.01368,4.0,4.16
136,-0.013663999999999999,3.98,4.16
137,-0.013648,4.0,4.18
138,-0.013632,4.0,4.18
139,-0.013616,4.0200000000000005,4.2
140,-0.013600000000000001,4.0200000000000005,4.2
141,-0.013584,4.0200000000000005,4.2
142,-0.013568,4.04,4.22
143,-0.013552,4.04,4.22
144,-0.013536,4.0600000000000005,4.22
145,-0.01352,4.0600000000000005,4.24
146,-0.013504,4.0600000000000005,4.24
147,-0.013488,4.08,4.24
148,-0.013472,4.1,4.26
149,-0.013456,4.08,4.28
150,-0.01344,4.1,4.28
151,-0.013424,4.1,4.28
152,-0.013408,4.1,4.3
153,-0.013392,4.12,4.3
154,-0.013375999999999999,4.14,4.3
155,-0.01336,4.14,4.32
156,-0.013344,4.14,4.32
157,-0.013328,4.16,4.32
158,-0.013312000000000001,4.16,4.34
159,-0.013296,4.16,4.36
160,-0.01328,4.16,4.36
161,-0.013264,4.18,4.36
162,-0.013248,4.18,4.38
163,-0.013232,4.2,4.38
164,-0.013216,4.2,4.38
165,-0.0132,4.2,4.4
166,-0.013184,4.22,4.42
167,-0.013168,4.22,4.42
168,-0.013152,4.22,4.42
169,-0.013136,4.24,4.44
170,-0.01312,4.24,4.44
171,-0.013104000000000001,4.26,4.44
172,-0.013088,4.26,4.46
173,-0.013072,4.28,4.46
174,-0.013056,4.28,4.48
175,-0.01304,4.3,4.48
176,-0.013024,4.32,4.5
177,-0.013008,4.3,4.5
178,-0.012992,4.32,4.5
179,-0.012976,4.32,4.5200000000000005
180,-0.01296,4.32,4.5200000000000005
181,-0.012944,4.34,4.54
182,-0.012928,4.34,4.54
183,-0.012912,4.34,4.54
184,-0.012896,4.36,4.5600000000000005
185,-0.012879999999999999,4.36,4.5600000000000005
186,-0.012864,4.36,4.58
187,-0.012848,4.4,4.58
188,-0.012832,4.38,4.58
189,-0.012816000000000001,4.4,4.6000000000000005
190,-0.0128,4.4,4.6000000000000005
191,-0.012784,4.42,4.62
192,-0.012768,4.42,4.62
193,-0.012752,4.42,4.62
194,-0.012736,4.42,4.64
195,-0.01272,4.44,4.64
196,-0.012704,4.44,4.64
197,-0.012688,4.46,4.66
198,-0.012672,4.46,4.66
199,-0.012656,4.46,4.66
200,-0.01264,4.48,4.68
201,-0.012624,4.48,4.7
202,-0.012608,4.48,4.7
203,-0.012591999999999999,4.5,4.7
204,-0.012576,4.5,4.7
205,-0.01256,4.5200000000000005,4.72
206,-0.012544,4.5200000000000005,4.72
207,-0.012528000000000001,4.5200000000000005,4.74
208,-0.012512,4.54,4.74
209,-0.012496,4.54,4.74
210,-0.01248,4.5600000000000005,4.74
211,-0.012464,4.5600000000000005,4.76
212,-0.012448,4.5600000000000005,4.78
213,-0.012432,4.58,4.78
214,-0.012416,4.58,4.8
215,-0.0124,4.6000000000000005,4.8
216,-0.012384,4.6000000000000005,4.8
217,-0.012368,4.6000000000000005,4.82
218,-0.012352,4.62,4.82
219,-0.012336,4.62,4.82
220,-0.012320000000000001,4.62,4.84
221,-0.012304,4.64,4.84
222,-0.012288,4.64,4.86
223,-0.012272,4.66,4.86
224,-0.012256,4.66,4.88
225,-0.012240000000000001,4.68,4.88
226,-0.012224,4.68,4.88
227,-0.012208,4.68,4.88
228,-0.012192,4.7,4.9
229,-0.012176,4.7,4.9
230,-0.01216,4.7,4.92
231,-0.012144,4.72,4.92
232,-0.012128,4.72,4.92
233,-0.012112,4.74,4.94
234,-0.012095999999999999,4.74,4.94
235,-0.01208,4.76,4.96
236,-0.012064,4.76,4.96
237,-0.012048,0.06,0.04
238,-0.012032000000000001,0.02,0.02
239,-0.012016,0.02,0.02
240,-0.012,0.02,0.02
241,-0.011984,0.02,0.02
242,-0.011968,0.02,0.04
243,-0.011952,0.04,0.06
244,-0.011936,0.06,0.04
245,-0.01192,0.06,0.08
246,-0.011904000000000001,0.06,0.08
247,-0.011888,0.06,0.08
248,-0.011872,0.08,0.1
249,-0.011856,0.08,0.1
250,-0.01184,0.1,0.12
251,-0.011824000000000001,0.1,0.12
252,-0.011807999999999999,0.12,0.12
253,-0.011792,0.12,0.14
254,-0.011776,0.12,0.14
255,-0.01176,0.14,0.16
256,-0.011744000000000001,0.14,0.16
257,-0.011727999999999999,0.14,0.16
258,-0.011712,0.16,0.18
259,-0.011696,0.16,0.2
260,-0.01168,0.18,0.18
261,-0.011664,0.18,0.2
262,-0.011648,0.18,0.2
263,-0.011632,0.2,0.22
264,-0.011616000000000001,0.22,0.22
265,-0.0116,0.22,0.22
266,-0.011584,0.22,0.24
267,-0.011568,0.24,0.24
268,-0.011552,0.22,0.26
269,-0.011536000000000001,0.24,0.26
270,-0.011519999999999999,0.24,0.28
271,-0.011504,0.26,0.28
272,-0.011488,0.28,0.3
273,-0.011472,0.28,0.28
274,-0.011456000000000001,0.28,0.3
275,-0.01144,0.3,0.32
276,-0.011424,0.3,0.32
277,-0.011408,0.3,0.32
278,-0.011392,0.3,0.34
279,-0.011376,0.32,0.34
280,-0.01136,0.32,0.34
281,-0.011344,0.34,0.36
282,-0.011328000000000001,0.34,0.36
283,-0.011312,0.36,0.38
284,-0.011296,0.36,0.38
285,-0.01128,0.36,0.38
286,-0.011264,0.38,0.4
287,-0.011248000000000001,0.38,0.4
288,-0.011231999999999999,0.38,0.4
289,-0.011216,0.4,0.4
290,-0.0112,0.4,0.44
291,-0.011184,0.4,0.44
292,-0.011168,0.42,0.44
293,-0.011152,0.42,0.44
294,-0.011136,0.44,0.44
295,-0.011120000000000001,0.44,0.46
296,-0.011104,0.46,0.48
297,-0.011088,0.46,0.48
298,-0.011072,0.46,0.5
299,-0.011056,0.46,0.5
300,-0.011040000000000001,0.48,0.5
301,-0.011023999999999999,0.5,0.5
302,-0.011008,0.5,0.52
303,-0.010992,0.5,0.54
304,-0.010976,0.5,0.54
305,-0.010960000000000001,0.52,0.54
306,-0.010943999999999999,0.52,0.56
307,-0.010928,0.54,0.56
308,-0.010912,0.54,0.56
309,-0.010896,0.56,0.58
310,-0.01088,0.56,0.58
311,-0.010864,0.56,0.6
312,-0.010848,0.58,0.6
313,-0.010832000000000001,0.56,0.62
314,-0.010816,0.58,0.62
315,-0.0108,0.58,0.64
316,-0.010784,0.6,0.64
317,-0.010768,0.62,0.64
318,-0.010752000000000001,0.6,0.66
319,-0.010735999999999999,0.64,0.66
320,-0.01072,0.64,0.66
321,-0.010704,0.64,0.68
322,-0.010688,0.66,0.68
323,-0.010672000000000001,0.66,0.7000000000000001
324,-0.010656,0.68,0.7000000000000001
325,-0.01064,0.68,0.7000000000000001
326,-0.010624,0.68,0.7000000000000001
327,-0.010608,0.7000000000000001,0.72
328,-0.010592,0.7000000000000001,0.74
329,-0.010576,0.7000000000000001,0.72
330,-0.01056,0.72,0.74
331,-0.010544000000000001,0.72,0.76
332,-0.010528,0.74,0.78
333,-0.010512,0.72,0.78
334,-0.010496,0.74,0.76
335,-0.01048,0.76,0.78
336,-0.010464000000000001,0.74,0.8
337,-0.010447999999999999,0.78,0.8
338,-0.010432,0.78,0.8200000000000001
339,-0.010416,0.78,0.8200000000000001
340,-0.0104,0.8,0.8200000000000001
341,-0.010384000000000001,0.8,0.84
342,-0.010368,0.8,0.84
343,-0.010352,0.8200000000000001,0.84
344,-0.010336000000000001,0.8200000000000001,0.86
345,-0.01032,0.84,0.86
346,-0.010304,0.8200000000000001,0.88
347,-0.010288,0.84,0.88
348,-0.010272,0.86,0.88
349,-0.010256000000000001,0.86,0.9
350,-0.010239999999999999,0.88,0.9
351,-0.010224,0.88,0.92
352,-0.010208,0.88,0.92
353,-0.010192,0.9,0.92
354,-0.010176000000000001,0.9,0.9400000000000001
355,-0.010159999999999999,0.9,0.9400000000000001
356,-0.010144,0.92,0.96
357,-0.010128,0.92,0.96
358,-0.010112,0.9400000000000001,0.98
359,-0.010096,0.9400000000000001,0.98
360,-0.01008,0.9400000000000001,0.98
361,-0.010064,0.96,1.0
362,-0.010048000000000001,0.96,1.0
363,-0.010032,0.96,1.0
364,-0.010016,0.98,1.02
365,-0.01,0.98,1.02
366,-0.009984,0.98,1.04
367,-0.009968000000000001,1.0,1.02
368,-0.009951999999999999,1.0,1.04
369,-0.009936,1.02,1.06
370,-0.00992,1.02,1.06
371,-0.009904,1.04,1.08
372,-0.009888000000000001,1.04,1.08
373,-0.009872,1.04,1.1
374,-0.009856,1.06,1.1
375,-0.00984,1.06,1.1
376,-0.009824,1.06,1.12
377,-0.009808,1.06,1.12
378,-0.009792,1.08,1.12
379,-0.009776,1.08,1.1400000000000001
380,-0.009760000000000001,1.1,1.1400000000000001
381,-0.009744,1.1,1.1400000000000001
382,-0.009728,1.12,1.16
383,-0.009712,1.12,1.18
384,-0.009696,1.1400000000000001,1.18
385,-0.009680000000000001,1.1400000000000001,1.18
386,-0.009663999999999999,1.1400000000000001,1.18
387,-0.009648,1.1400000000000001,1.2
388,-0.009632,1.16,1.22
389,-0.009616,1.16,1.22
390,-0.009600000000000001,1.16,1.22
391,-0.009584,1.18,1.24
392,-0.009568,1.18,1.24
393,-0.009552000000000001,1.2,1.26
394,-0.009536,1.2,1.26
395,-0.00952,1.2,1.26
396,-0.009504,1.22,1.28
397,-0.009488,1.22,1.28
398,-0.009472000000000001,1.24,1.3
399,-0.009455999999999999,1.24,1.3
400,-0.00944,1.24,1.32
401,-0.009424,1.24,1.32
402,-0.009408,1.26,1.32
403,-0.009392000000000001,1.26,1.34
404,-0.009375999999999999,1.28,1.32
405,-0.00936,1.28,1.34
406,-0.009344,1.3,1.36
407,-0.009328,1.3,1.36
408,-0.009312,1.32,1.3800000000000001
409,-0.009296,1.32,1.3800000000000001
410,-0.00928,1.32,1.3800000000000001
411,-0.009264000000000001,1.32,1.4000000000000001
412,-0.009248,1.34,1.4000000000000001
413,-0.009232,1.34,1.42
414,-0.009216,1.36,1.42
415,-0.0092,1.36,1.42
416,-0.009184000000000001,1.36,1.44
417,-0.009167999999999999,1.3800000000000001,1.44
418,-0.009152,1.3800000000000001,1.46
419,-0.009136,1.4000000000000001,1.46
420,-0.00912,1.4000000000000001,1.46
421,-0.009104000000000001,1.42,1.48
422,-0.009088,1.42,1.48
423,-0.009072,1.42,1.5
424,-0.009056,1.42,1.48
425,-0.00904,1.44,1.5
426,-0.009024,1.44,1.52
427,-0.009008,1.46,1.52
428,-0.008992,1.46,1.52
429,-0.008976000000000001,1.46,1.54
430,-0.00896,1.46,1.54
431,-0.008944,1.48,1.56
432,-0.008928,1.5,1.54
433,-0.008912,1.5,1.54
434,-0.008896000000000001,1.5,1.58
435,-0.008879999999999999,1.52,1.58
436,-0.008864,1.52,1.58
437,-0.008848,1.52,1.6
438,-0.008832,1.54,1.6
439,-0.008816000000000001,1.54,1.62
440,-0.0088,1.56,1.6
441,-0.008784,1.54,1.62
442,-0.008768000000000001,1.56,1.6400000000000001
443,-0.008752,1.58,1.6400000000000001
444,-0.008736,1.58,1.6600000000000001
445,-0.00872,1.6,1.6600000000000001
446,-0.008704,1.58,1.6600000000000001
447,-0.008688000000000001,1.6,1.68
448,-0.008672,1.6,1.68
449,-0.008656,1.6400000000000001,1.7
450,-0.00864,1.6400000000000001,1.7
451,-0.008624,1.6400000000000001,1.72
452,-0.008608000000000001,1.6400000000000001,1.72
453,-0.008591999999999999,1.6600000000000001,1.72
454,-0.008576,1.6600000000000001,1.74
455,-0.00856,1.6600000000000001,1.74
456,-0.008544,1.6600000000000001,1.74
457,-0.008528,1.68,1.76
458,-0.008512,1.68,1.76
459,-0.008496,1.7,1.76
460,-0.008480000000000001,1.7,1.78
461,-0.008464,1.72,1.8
462,-0.008448,1.72,1.8
463,-0.008432,1.72,1.78
464,-0.008416,1.74,1.82
465,-0.008400000000000001,1.74,1.82
466,-0.008383999999999999,1.76,1.84
467,-0.008368,1.76,1.84
468,-0.008352,1.76,1.84
469,-0.008336,1.78,1.84
470,-0.008320000000000001,1.78,1.86
471,-0.008304,1.8,1.86
472,-0.008288,1.8,1.8800000000000001
473,-0.008272,1.8,1.8800000000000001
474,-0.008256,1.82,1.9000000000000001
475,-0.00824,1.82,1.9000000000000001
476,-0.008224,1.82,1.9000000000000001
477,-0.008208,1.82,1.92
478,-0.008192000000000001,1.84,1.92
479,-0.008176,1.84,1.94
480,-0.00816,1.84,1.92
481,-0.008144,1.86,1.94
482,-0.008128,1.8800000000000001,1.96
483,-0.008112000000000001,1.8800000000000001,1.96
484,-0.008095999999999999,1.9000000000000001,1.96
485,-0.00808,1.9000000000000001,1.98
486,-0.008064,1.9000000000000001,2.0
487,-0.008048,1.9000000000000001,2.0
488,-0.008032000000000001,1.92,2.0
489,-0.008016,1.94,2.02
490,-0.008,1.94,2.02
491,-0.007984,1.94,2.02
492,-0.007968000000000001,1.96,2.04
493,-0.007952,1.96,2.02
494,-0.007936,1.96,2.06
495,-0.00792,1.98,2.06
496,-0.007904,1.98,2.06
497,-0.007888000000000001,2.0,2.08
498,-0.007872,2.0,2.08
499,-0.007856,2.0,2.1
500,-0.00784,2.02,2.1
501,-0.007824000000000001,2.02,2.1
502,-0.007808000000000001,2.02,2.12
503,-0.007792,2.02,2.12
504,-0.007776,2.04,2.14
505,-0.0077599999999999995,2.06,2.14
506,-0.007744000000000001,2.04,2.14
507,-0.0077280000000000005,2.06,2.14
508,-0.007712,2.08,2.16
509,-0.007696,2.08,2.18
510,-0.007680000000000001,2.08,2.18
511,-0.007664000000000001,2.1,2.18
512,-0.007648,2.1,2.18
513,-0.007632,2.12,2.2
514,-0.0076159999999999995,2.12,2.2
515,-0.007600000000000001,2.12,2.22
516,-0.0075840000000000005,2.12,2.24
517,-0.007568,2.12,2.24
518,-0.007552,2.14,2.24
519,-0.007536000000000001,2.14,2.2600000000000002
520,-0.007520000000000001,2.14,2.2600000000000002
521,-0.007504,2.18,2.2600000000000002
522,-0.007488,2.18,2.2800000000000002
523,-0.0074719999999999995,2.18,2.2800000000000002
524,-0.007456000000000001,2.18,2.2800000000000002
525,-0.00744,2.18,2.3000000000000003
526,-0.007424,2.22,2.3000000000000003
527,-0.007408,2.22,2.3000000000000003
528,-0.007392000000000001,2.22,2.32
529,-0.007376000000000001,2.24,2.34
530,-0.00736,2.24,2.32
531,-0.007344,2.24,2.34
532,-0.0073279999999999994,2.2600000000000002,2.36
533,-0.007312000000000001,2.2600000000000002,2.36
534,-0.007296,2.2800000000000002,2.36
535,-0.00728,2.2600000000000002,2.38
536,-0.007264,2.2800000000000002,2.38
537,-0.007248000000000001,2.3000000000000003,2.4
538,-0.007232000000000001,2.3000000000000003,2.4
539,-0.007216,2.3000000000000003,2.4
540,-0.0072,2.32,2.42
541,-0.007184000000000001,2.32,2.42
542,-0.007168000000000001,2.32,2.44
543,-0.007152,2.34,2.44
544,-0.007136,2.34,2.44
545,-0.00712,2.34,2.46
546,-0.007104000000000001,2.36,2.46
547,-0.0070880000000000006,2.36,2.48
548,-0.007072,2.38,2.48
549,-0.007056,2.38,2.48
550,-0.007040000000000001,2.38,2.5
551,-0.007024000000000001,2.38,2.5
552,-0.007008,2.4,2.52
553,-0.006992,2.4,2.52
554,-0.0069759999999999996,2.42,2.52
555,-0.006960000000000001,2.42,2.52
556,-0.0069440000000000005,2.44,2.54
557,-0.006928,2.44,2.54
558,-0.006912,2.46,2.54
559,-0.006896000000000001,2.46,2.56
560,-0.006880000000000001,2.46,2.56
561,-0.006864,2.48,2.58
562,-0.006848,2.48,2.58
563,-0.0068319999999999995,2.48,2.6
564,-0.006816000000000001,2.5,2.6
565,-0.0068000000000000005,2.5,2.6
566,-0.006784,2.5,2.62
567,-0.006768,2.5,2.62
568,-0.006752000000000001,2.52,2.62
569,-0.006736000000000001,2.52,2.64
570,-0.00672,2.52,2.64
571,-0.006704,2.54,2.64
572,-0.0066879999999999995,2.54,2.66
573,-0.006672000000000001,2.56,2.66
574,-0.0066560000000000005,2.56,2.68
575,-0.00664,2.56,2.68
576,-0.006624,2.58,2.7
577,-0.006608000000000001,2.58,2.72
578,-0.006592000000000001,2.58,2.7
579,-0.006576,2.6,2.72
580,-0.00656,2.62,2.72
581,-0.0065439999999999995,2.6,2.72
582,-0.006528000000000001,2.62,2.74
583,-0.006512,2.62,2.74
584,-0.006496,2.64,2.7600000000000002
585,-0.00648,2.64,2.7600000000000002
586,-0.006464000000000001,2.66,2.7800000000000002
587,-0.006448000000000001,2.66,2.7800000000000002
588,-0.006432,2.68,2.7800000000000002
589,-0.006416,2.68,2.8000000000000003
590,-0.006400000000000001,2.68,2.8000000000000003
591,-0.006384000000000001,2.68,2.82
592,-0.006368,2.7,2.82
593,-0.006352,2.7,2.82
594,-0.006336,2.72,2.84
595,-0.006320000000000001,2.74,2.84
596,-0.006304000000000001,2.74,2.86
597,-0.006288,2.74,2.86
598,-0.006272,2.74,2.86
599,-0.006256000000000001,2.7600000000000002,2.88
600,-0.006240000000000001,2.74,2.9
601,-0.006224,2.7600000000000002,2.88
602,-0.006208,2.7800000000000002,2.9
603,-0.006192,2.7800000000000002,2.92
604,-0.006176000000000001,2.8000000000000003,2.92
605,-0.0061600000000000005,2.8000000000000003,2.92
606,-0.006144,2.82,2.92
607,-0.006128,2.82,2.94
608,-0.006112000000000001,2.82,2.94
609,-0.006096000000000001,2.82,2.96
610,-0.00608,2.82,2.96
611,-0.006064,2.86,2.98
612,-0.0060479999999999996,2.86,2.98
613,-0.006032000000000001,2.86,2.98
614,-0.0060160000000000005,2.86,3.0
615,-0.006,2.88,3.0
616,-0.005984,2.88,3.0
617,-0.005968000000000001,2.88,3.02
618,-0.005952000000000001,2.9,3.02
619,-0.005936,2.9,3.04
620,-0.00592,2.92,3.04
621,-0.0059039999999999995,2.92,3.04
622,-0.005888000000000001,2.94,3.06
623,-0.0058720000000000005,2.92,3.06
624,-0.005856,2.94,3.08
625,-0.00584,2.94,3.08
626,-0.005824000000000001,2.96,3.1
627,-0.005808000000000001,2.96,3.1
628,-0.005792,2.98,3.1
629,-0.005776,2.98,3.12
630,-0.005760000000000001,2.98,3.14
631,-0.005744000000000001,3.0,3.14
632,-0.0057280000000000005,3.0,3.14
633,-0.005712,3.0,3.14
634,-0.005696,3.02,3.16
635,-0.005680000000000001,3.02,3.18
636,-0.005664000000000001,3.04,3.18
637,-0.005648,3.04,3.18
638,-0.005632,3.04,3.18
639,-0.005616000000000001,3.04,3.2
640,-0.005600000000000001,3.08,3.2
641,-0.005584,3.06,3.2
642,-0.005568,3.08,3.24
643,-0.005552,3.08,3.22
644,-0.005536000000000001,3.1,3.24
645,-0.005520000000000001,3.12,3.24
646,-0.005504,3.12,3.2600000000000002
647,-0.005488,3.12,3.2600000000000002
648,-0.005472000000000001,3.12,3.2600000000000002
649,-0.005456000000000001,3.14,3.2800000000000002
650,-0.00544,3.14,3.2800000000000002
651,-0.005424,3.14,3.3000000000000003
652,-0.005408,3.16,3.3200000000000003
653,-0.005392000000000001,3.16,3.3200000000000003
654,-0.005376000000000001,3.18,3.3200000000000003
655,-0.00536,3.18,3.3200000000000003
656,-0.005344,3.18,3.34
657,-0.005328000000000001,3.2,3.34
658,-0.005312000000000001,3.2,3.36
659,-0.005296,3.22,3.36
660,-0.00528,3.22,3.36
661,-0.005264,3.22,3.38
662,-0.005248000000000001,3.24,3.38
663,-0.0052320000000000005,3.24,3.38
664,-0.005216,3.24,3.4
665,-0.0052,3.24,3.42
666,-0.005184000000000001,3.2600000000000002,3.4
667,-0.005168000000000001,3.2800000000000002,3.42
668,-0.005152,3.2800000000000002,3.44
669,-0.005136,3.2800000000000002,3.44
670,-0.0051199999999999996,3.3000000000000003,3.44
671,-0.005104000000000001,3.3000000000000003,3.46
672,-0.0050880000000000005,3.3200000000000003,3.46
673,-0.005072,3.3200000000000003,3.46
674,-0.005056,3.3200000000000003,3.46
675,-0.005040000000000001,3.34,3.48
676,-0.005024000000000001,3.34,3.48
677,-0.005008,3.36,3.5
678,-0.004992,3.36,3.5
679,-0.004976000000000001,3.36,3.52
680,-0.004960000000000001,3.36,3.54
681,-0.0049440000000000005,3.38,3.52
682,-0.004928,3.38,3.54
683,-0.004912,3.4,3.54
684,-0.004896000000000001,3.4,3.56
685,-0.004880000000000001,3.42,3.56
686,-0.004864,3.42,3.58
687,-0.004848,3.42,3.56
688,-0.004832000000000001,3.42,3.6
689,-0.004816000000000001,3.44,3.58
690,-0.0048000000000000004,3.44,3.6
691,-0.004784,3.44,3.6
692,-0.004768,3.46,3.62
693,-0.004752000000000001,3.46,3.62
694,-0.004736000000000001,3.48,3.64
695,-0.00472,3.48,3.64
696,-0.004704,3.48,3.64
697,-0.004688000000000001,3.5,3.66
698,-0.004672000000000001,3.5,3.66
699,-0.004656,3.52,3.68
700,-0.00464,3.52,3.68
701,-0.004624,3.52,3.68
702,-0.004608000000000001,3.54,3.7
703,-0.004592000000000001,3.54,3.7
704,-0.004576,3.56,3.72
705,-0.00456,3.56,3.72
706,-0.004544000000000001,3.58,3.74
707,-0.004528000000000001,3.58,3.74
708,-0.004512,3.6,3.7600000000000002
709,-0.004496,3.6,3.7600000000000002
710,-0.00448,3.62,3.7600000000000002
711,-0.004464000000000001,3.6,3.7800000000000002
712,-0.0044480000000000006,3.6,3.7800000000000002
713,-0.004432,3.62,3.7800000000000002
714,-0.004416,3.64,3.8000000000000003
715,-0.004400000000000001,3.64,3.8000000000000003
716,-0.004384000000000001,3.66,3.8000000000000003
717,-0.004368,3.66,3.8200000000000003
718,-0.004352,3.66,3.8200000000000003
719,-0.004336,3.68,3.84
720,-0.004320000000000001,3.68,3.84
721,-0.0043040000000000005,3.68,3.86
722,-0.004288,3.68,3.86
723,-0.004272,3.7,3.86
724,-0.004256000000000001,3.7,3.86
725,-0.004240000000000001,3.7,3.88
726,-0.004224,3.74,3.88
727,-0.004208,3.72,3.9
728,-0.004192000000000001,3.74,3.9
729,-0.004176000000000001,3.74,3.9
730,-0.0041600000000000005,3.7600000000000002,3.92
731,-0.004144,3.7600000000000002,3.92
732,-0.004128,3.7600000000000002,3.94
733,-0.004112000000000001,3.7800000000000002,3.94
734,-0.004096000000000001,3.7800000000000002,3.94
735,-0.00408,3.8000000000000003,3.96
736,-0.004064,3.8000000000000003,3.96
737,-0.004048000000000001,3.8000000000000003,3.98
738,-0.004032000000000001,3.8200000000000003,3.98
739,-0.0040160000000000005,3.84,4.0
740,-0.004,3.8200000000000003,4.0
741,-0.003984,3.84,4.0
742,-0.003968000000000001,3.84,4.0200000000000005
743,-0.003952000000000001,3.86,4.0200000000000005
744,-0.003936,3.86,4.0200000000000005
745,-0.00392,3.88,4.0600000000000005
746,-0.0039040000000000012,3.88,4.04
747,-0.003888000000000001,3.88,4.0600000000000005
748,-0.0038720000000000004,3.9,4.0600000000000005
749,-0.003856,3.9,4.0600000000000005
750,-0.0038399999999999997,3.9,4.08
751,-0.003824000000000001,3.9,4.08
752,-0.0038080000000000006,3.92,4.1
753,-0.0037920000000000002,3.92,4.1
754,-0.003776,3.94,4.1
755,-0.003760000000000001,3.94,4.12
756,-0.003744000000000001,3.94,4.12
757,-0.0037280000000000004,3.96,4.14
758,-0.003712,3.96,4.14
759,-0.0036959999999999996,3.98,4.14
760,-0.003680000000000001,3.98,4.16
761,-0.0036640000000000006,3.98,4.18
762,-0.003648,4.0200000000000005,4.16
763,-0.003632,4.0,4.18
764,-0.003616000000000001,4.0200000000000005,4.18
765,-0.0036000000000000008,4.04,4.2
766,-0.0035840000000000004,4.0200000000000005,4.2
767,-0.003568,4.04,4.22
768,-0.0035519999999999996,4.04,4.22
769,-0.003536000000000001,4.0600000000000005,4.22
770,-0.0035200000000000006,4.0600000000000005,4.24
771,-0.003504,4.0600000000000005,4.26
772,-0.0034879999999999998,4.08,4.26
773,-0.003472000000000001,4.08,4.26
774,-0.0034560000000000007,4.08,4.28
775,-0.0034400000000000003,4.1,4.28
776,-0.003424,4.12,4.28
777,-0.0034080000000000013,4.12,4.3
778,-0.003392000000000001,4.14,4.3
779,-0.0033760000000000005,4.14,4.3
780,-0.00336,4.14,4.3
781,-0.0033439999999999998,4.14,4.32
782,-0.003328000000000001,4.16,4.34
783,-0.0033120000000000007,4.16,4.34
784,-0.0032960000000000003,4.16,4.34
785,-0.00328,4.16,4.36
786,-0.0032640000000000013,4.18,4.38
787,-0.003248000000000001,4.18,4.38
788,-0.0032320000000000005,4.18,4.4
789,-0.003216,4.2,4.4
790,-0.0031999999999999997,4.2,4.4
791,-0.003184000000000001,4.22,4.42
792,-0.0031680000000000007,4.22,4.42
793,-0.0031520000000000003,4.22,4.42
794,-0.003136,4.24,4.42
795,-0.0031200000000000012,4.26,4.44
796,-0.003104000000000001,4.26,4.46
797,-0.0030880000000000005,4.26,4.46
798,-0.003072,4.28,4.46
799,-0.0030559999999999997,4.28,4.48
800,-0.003040000000000001,4.28,4.48
801,-0.0030240000000000006,4.3,4.5
802,-0.0030080000000000003,4.3,4.5
803,-0.002992,4.32,4.5
804,-0.002976000000000001,4.32,4.5
805,-0.002960000000000001,4.32,4.5200000000000005
806,-0.0029440000000000004,4.34,4.5200000000000005
807,-0.002928,4.34,4.54
808,-0.0029119999999999997,4.34,4.54
809,-0.002896000000000001,4.36,4.5600000000000005
810,-0.0028800000000000006,4.36,4.5600000000000005
811,-0.0028640000000000002,4.38,4.5600000000000005
812,-0.002848,4.38,4.58
813,-0.002832000000000001,4.4,4.58
814,-0.002816000000000001,4.4,4.58
815,-0.0028000000000000004,4.4,4.6000000000000005
816,-0.002784,4.42,4.6000000000000005
817,-0.0027680000000000014,4.42,4.62
818,-0.002752000000000001,4.42,4.62
819,-0.0027360000000000006,4.44,4.64
820,-0.00272,4.44,4.64
821,-0.002704,4.44,4.64
822,-0.002688000000000001,4.46,4.66
823,-0.0026720000000000008,4.46,4.66
824,-0.0026560000000000004,4.48,4.66
825,-0.00264,4.48,4.68
826,-0.0026240000000000013,4.5,4.68
827,-0.002608000000000001,4.5,4.7
828,-0.0025920000000000006,4.5,4.7
829,-0.002576,4.5,4.7
830,-0.0025599999999999998,4.5,4.72
831,-0.002544000000000001,4.5200000000000005,4.72
832,-0.0025280000000000007,4.5200000000000005,4.72
833,-0.0025120000000000003,4.54,4.74
834,-0.002496,4.54,4.74
835,-0.0024800000000000013,4.5600000000000005,4.76
836,-0.002464000000000001,4.5600000000000005,4.78
837,-0.0024480000000000005,4.58,4.78
838,-0.002432,4.58,4.78
839,-0.0024159999999999997,4.58,4.78
840,-0.002400000000000001,4.6000000000000005,4.8
841,-0.0023840000000000007,4.6000000000000005,4.8
842,-0.0023680000000000003,4.62,4.8
843,-0.002352,4.6000000000000005,4.82
844,-0.0023360000000000013,4.62,4.84
845,-0.002320000000000001,4.64,4.84
846,-0.0023040000000000005,4.66,4.84
847,-0.002288,4.64,4.86
848,-0.0022719999999999997,4.66,4.86
849,-0.002256000000000001,4.68,4.88
850,-0.0022400000000000007,4.66,4.88
851,-0.0022240000000000003,4.68,4.88
852,-0.002208,4.68,4.88
853,-0.0021920000000000012,4.68,4.9
854,-0.002176000000000001,4.7,4.92
855,-0.0021600000000000005,4.72,4.92
856,-0.002144,4.72,4.94
857,-0.0021279999999999997,4.72,4.92
858,-0.002112000000000001,4.74,4.94
859,-0.0020960000000000006,4.74,4.94
860,-0.0020800000000000003,4.74,4.96
861,-0.002064,4.76,4.96
862,-0.002048000000000001,0.06,0.02
863,-0.002032000000000001,0.02,0.02
864,-0.0020160000000000004,0.02,0.02
865,-0.002,0.02,0.02
866,-0.0019840000000000014,0.02,0.02
867,-0.001968000000000001,0.04,0.04
868,-0.0019520000000000006,0.04,0.04
869,-0.0019360000000000002,0.04,0.06
870,-0.0019199999999999998,0.06,0.06
871,-0.0019040000000000012,0.06,0.08
872,-0.0018880000000000008,0.06,0.08
873,-0.0018720000000000004,0.08,0.1
874,-0.001856,0.08,0.08
875,-0.0018400000000000014,0.1,0.12
876,-0.001824000000000001,0.1,0.12
877,-0.0018080000000000006,0.1,0.12
878,-0.0017920000000000002,0.12,0.14
879,-0.0017759999999999998,0.12,0.14
880,-0.0017600000000000011,0.14,0.14
881,-0.0017440000000000008,0.14,0.14
882,-0.0017280000000000004,0.14,0.16
883,-0.001712,0.16,0.18
884,-0.0016960000000000013,0.16,0.18
885,-0.001680000000000001,0.18,0.18
886,-0.0016640000000000005,0.16,0.2
887,-0.0016480000000000002,0.18,0.22
888,-0.0016319999999999998,0.2,0.22
889,-0.0016160000000000011,0.2,0.22
890,-0.0016000000000000007,0.22,0.24
891,-0.0015840000000000003,0.22,0.24
892,-0.001568,0.22,0.24
893,-0.0015520000000000013,0.24,0.24
894,-0.001536000000000001,0.24,0.26
895,-0.0015200000000000005,0.24,0.28
896,-0.0015040000000000001,0.26,0.28
897,-0.0014879999999999997,0.26,0.28
898,-0.001472000000000001,0.28,0.28
899,-0.0014560000000000007,0.28,0.3
900,-0.0014400000000000003,0.28,0.3
901,-0.001424,0.28,0.32
902,-0.0014080000000000013,0.3,0.32
903,-0.0013920000000000009,0.3,0.34
904,-0.0013760000000000005,0.32,0.34
905,-0.00136,0.32,0.34
906,-0.0013439999999999997,0.34,0.34
907,-0.001328000000000001,0.34,0.36
908,-0.0013120000000000007,0.36,0.36
909,-0.0012960000000000003,0.36,0.38
910,-0.0012799999999999999,0.36,0.38
911,-0.0012640000000000012,0.38,0.4
912,-0.0012480000000000008,0.38,0.4
913,-0.0012320000000000005,0.38,0.42
914,-0.001216,0.4,0.42
915,-0.0012000000000000014,0.4,0.42
916,-0.001184000000000001,0.4,0.44
917,-0.0011680000000000006,0.42,0.44
918,-0.0011520000000000002,0.42,0.44
919,-0.0011359999999999999,0.44,0.44
920,-0.0011200000000000012,0.44,0.46
921,-0.0011040000000000008,0.46,0.48
922,-0.0010880000000000004,0.46,0.48
923,-0.001072,0.46,0.5
924,-0.0010560000000000014,0.46,0.5
925,-0.001040000000000001,0.48,0.5
926,-0.0010240000000000006,0.48,0.52
927,-0.0010080000000000002,0.5,0.52
928,-0.0009919999999999998,0.5,0.54
929,-0.0009760000000000012,0.52,0.54
930,-0.0009600000000000008,0.52,0.54
931,-0.0009440000000000004,0.54,0.56
932,-0.000928,0.52,0.56
933,-0.0009120000000000014,0.54,0.58
934,-0.000896000000000001,0.56,0.58
935,-0.0008800000000000006,0.56,0.58
936,-0.0008640000000000002,0.58,0.6
937,-0.0008479999999999998,0.58,0.58
938,-0.0008320000000000011,0.58,0.6
939,-0.0008160000000000008,0.6,0.62
940,-0.0008000000000000004,0.58,0.6
941,-0.000784,0.6,0.64
942,-0.0007680000000000013,0.62,0.64
943,-0.0007520000000000009,0.62,0.64
944,-0.0007360000000000005,0.62,0.66
945,-0.0007200000000000002,0.64,0.66
946,-0.0007039999999999998,0.64,0.68
947,-0.0006880000000000011,0.66,0.68
948,-0.0006720000000000007,0.66,0.7000000000000001
949,-0.0006560000000000003,0.68,0.7000000000000001
950,-0.0006399999999999999,0.68,0.7000000000000001
951,-0.0006240000000000013,0.68,0.72
952,-0.0006080000000000009,0.7000000000000001,0.72
953,-0.0005920000000000005,0.7000000000000001,0.74
954,-0.0005760000000000001,0.7000000000000001,0.74
955,-0.0005600000000000015,0.72,0.74
956,-0.0005440000000000011,0.72,0.76
957,-0.0005280000000000007,0.74,0.76
958,-0.0005120000000000003,0.74,0.76
959,-0.0004959999999999999,0.74,0.78
960,-0.00048000000000000126,0.76,0.78
961,-0.00046400000000000087,0.76,0.8
962,-0.0004480000000000005,0.78,0.8
963,-0.0004320000000000001,0.78,0.8200000000000001
964,-0.00041600000000000144,0.78,0.8200000000000001
965,-0.00040000000000000105,0.78,0.8200000000000001
966,-0.00038400000000000066,0.8,0.84
967,-0.00036800000000000027,0.8,0.84
968,-0.0003519999999999999,0.8,0.86
969,-0.00033600000000000123,0.8200000000000001,0.86
970,-0.00032000000000000084,0.84,0.86
971,-0.00030400000000000045,0.84,0.88
972,-0.00028800000000000006,0.84,0.88
973,-0.0002720000000000014,0.86,0.9
974,-0.000256000000000001,0.86,0.9
975,-0.00024000000000000063,0.88,0.92
976,-0.00022400000000000024,0.88,0.92
977,-0.00020799999999999985,0.88,0.92
978,-0.0001920000000000012,0.9,0.92
979,-0.00017599999999999907,0.9,0.9400000000000001
980,-0.00016000000000000042,0.9,0.9400000000000001
981,-0.00014400000000000177,0.9,0.96
982,-0.00012799999999999964,0.92,0.96
983,-0.00011200000000000099,0.9400000000000001,0.98
984,-9.600000000000233e-05,0.92,0.98
985,-8.000000000000021e-05,0.9400000000000001,0.98
986,-6.400000000000156e-05,0.96,1.0
987,-4.799999999999943e-05,0.96,1.0
988,-3.200000000000078e-05,0.98,1.0
989,-1.6000000000002124e-05,0.98,1.02
990,0.0,0.98,1.02
991,1.5999999999998654e-05,0.98,1.04
992,3.200000000000078e-05,0.98,1.04
993,4.799999999999943e-05,1.02,1.06
994,6.399999999999809e-05,1.02,1.04
995,8.000000000000021e-05,1.02,1.06
996,9.599999999999886e-05,1.04,1.08
997,0.00011200000000000099,1.04,1.08
998,0.00012799999999999964,1.06,1.08
999,0.0001439999999999983,1.06,1.1
1000,0.00016000000000000042,1.06,1.1
1001,0.00017599999999999907,1.06,1.12
1002,0.00019199999999999773,1.06,1.12
1003,0.00020799999999999985,1.08,1.12
1004,0.0002239999999999985,1.1,1.1400000000000001
1005,0.00024000000000000063,1.1,1.1400000000000001
1006,0.0002559999999999993,1.1,1.16
1007,0.00027199999999999794,1.1,1.16
1008,0.00028800000000000006,1.12,1.18
1009,0.0003039999999999987,1.1400000000000001,1.18
1010,0.00032000000000000084,1.1400000000000001,1.18
1011,0.0003359999999999995,1.1400000000000001,1.2
1012,0.00035199999999999815,1.16,1.2
1013,0.00036800000000000027,1.16,1.2
1014,0.0003839999999999989,1.16,1.22
1015,0.00040000000000000105,1.18,1.22
1016,0.0004159999999999997,1.18,1.22
1017,0.00043199999999999836,1.18,1.24
1018,0.0004480000000000005,1.2,1.24
1019,0.00046399999999999914,1.22,1.26
1020,0.0004799999999999978,1.22,1.26
1021,0.0004959999999999999,1.22,1.28
1022,0.0005119999999999986,1.22,1.28
1023,0.0005280000000000007,1.24,1.28
1024,0.0005439999999999993,1.24,1.3
1025,0.000559999999999998,1.26,1.3
1026,0.0005760000000000001,1.26,1.32
1027,0.0005919999999999988,1.26,1.32
1028,0.0006080000000000009,1.28,1.34
1029,0.0006239999999999996,1.28,1.34
1030,0.0006399999999999982,1.28,1.34
1031,0.0006560000000000003,1.3,1.36
1032,0.000671999999999999,1.3,1.36
1033,0.0006879999999999976,1.32,1.3800000000000001
1034,0.0007039999999999998,1.3,1.36
1035,0.0007199999999999984,1.32,1.3800000000000001
1036,0.0007360000000000005,1.32,1.4000000000000001
1037,0.0007519999999999992,1.34,1.4000000000000001
1038,0.0007679999999999979,1.34,1.42
1039,0.000784,1.36,1.42
1040,0.0007999999999999986,1.36,1.42
1041,0.0008160000000000008,1.36,1.44
1042,0.0008319999999999994,1.36,1.44
1043,0.0008479999999999981,1.3800000000000001,1.46
1044,0.0008640000000000002,1.3800000000000001,1.46
1045,0.0008799999999999988,1.4000000000000001,1.46
1046,0.000896000000000001,1.42,1.48
1047,0.0009119999999999996,1.42,1.46
1048,0.0009279999999999983,1.42,1.48
1049,0.0009440000000000004,1.44,1.5
1050,0.000959999999999999,1.44,1.5
1051,0.0009759999999999977,1.44,1.52
1052,0.0009919999999999998,1.46,1.5
1053,0.0010079999999999985,1.46,1.54
1054,0.0010240000000000006,1.48,1.54
1055,0.0010399999999999993,1.48,1.54
1056,0.001055999999999998,1.48,1.56
1057,0.001072,1.48,1.56
1058,0.0010879999999999987,1.5,1.56
1059,0.0011040000000000008,1.5,1.58
1060,0.0011199999999999995,1.52,1.58
1061,0.0011359999999999981,1.52,1.6
1062,0.0011520000000000002,1.52,1.6
1063,0.001167999999999999,1.54,1.6
1064,0.001184000000000001,1.54,1.62
1065,0.0011999999999999997,1.56,1.62
1066,0.0012159999999999983,1.56,1.62
1067,0.0012320000000000005,1.56,1.62
1068,0.0012479999999999991,1.58,1.6400000000000001
1069,0.0012639999999999978,1.58,1.6600000000000001
1070,0.0012799999999999999,1.6,1.6600000000000001
1071,0.0012959999999999985,1.58,1.6600000000000001
1072,0.0013120000000000007,1.6,1.6600000000000001
1073,0.0013279999999999993,1.62,1.68
1074,0.001343999999999998,1.62,1.68
1075,0.00136,1.6400000000000001,1.7
1076,0.0013759999999999988,1.6400000000000001,1.7
1077,0.0013920000000000009,1.62,1.72
1078,0.0014079999999999995,1.6600000000000001,1.72
1079,0.0014239999999999982,1.6600000000000001,1.74
1080,0.0014400000000000003,1.6600000000000001,1.74
1081,0.001455999999999999,1.68,1.74
1082,0.0014719999999999976,1.68,1.74
1083,0.0014879999999999997,1.7,1.76
1084,0.0015039999999999984,1.68,1.78
1085,0.0015200000000000005,1.7,1.78
1086,0.0015359999999999992,1.7,1.78
1087,0.0015519999999999978,1.72,1.8
1088,0.001568,1.74,1.78
1089,0.0015839999999999986,1.74,1.82
1090,0.0016000000000000007,1.72,1.82
1091,0.0016159999999999994,1.74,1.82
1092,0.001631999999999998,1.74,1.84
1093,0.0016480000000000002,1.76,1.84
1094,0.0016639999999999988,1.76,1.86
1095,0.001680000000000001,1.78,1.86
1096,0.0016959999999999996,1.8,1.86
1097,0.0017119999999999982,1.8,1.8800000000000001
1098,0.0017280000000000004,1.8,1.8800000000000001
1099,0.001743999999999999,1.82,1.8800000000000001
1100,0.0017599999999999977,1.82,1.9000000000000001
1101,0.0017759999999999998,1.82,1.92
1102,0.0017919999999999985,1.84,1.92
1103,0.0018080000000000006,1.84,1.92
1104,0.0018239999999999992,1.84,1.94
1105,0.0018399999999999979,1.86,1.94
1106,0.001856,1.86,1.94
1107,0.0018719999999999987,1.8800000000000001,1.96
1108,0.0018880000000000008,1.8800000000000001,1.96
1109,0.0019039999999999994,1.8800000000000001,1.98
1110,0.001919999999999998,1.9000000000000001,1.98
1111,0.0019360000000000002,1.9000000000000001,1.98
1112,0.0019519999999999989,1.92,2.0
1113,0.001968000000000001,1.92,1.98
1114,0.0019839999999999997,1.92,2.0
1115,0.0019999999999999983,1.94,2.02
1116,0.0020160000000000004,1.94,2.02
1117,0.002031999999999999,1.94,2.02
1118,0.0020479999999999977,1.96,2.04
1119,0.002064,1.96,2.06
1120,0.0020799999999999985,1.98,2.06
1121,0.0020960000000000006,1.96,2.06
1122,0.0021119999999999993,1.98,2.06
1123,0.002127999999999998,2.0,2.08
1124,0.002144,2.0,2.1
1125,0.0021599999999999987,2.02,2.1
1126,0.002176000000000001,2.02,2.12
1127,0.0021919999999999995,2.02,2.12
1128,0.002207999999999998,2.04,2.1
1129,0.0022240000000000003,2.04,2.14
1130,0.002239999999999999,2.06,2.14
1131,0.0022559999999999976,2.06,2.14
1132,0.0022719999999999997,2.06,2.16
1133,0.0022879999999999984,2.08,2.16
1134,0.0023040000000000005,2.08,2.18
1135,0.002319999999999999,2.08,2.16
1136,0.002335999999999998,2.1,2.18
1137,0.002352,2.1,2.2
1138,0.0023679999999999986,2.12,2.18
1139,0.0023840000000000007,2.12,2.22
1140,0.0023999999999999994,2.12,2.22
1141,0.002415999999999998,2.14,2.22
1142,0.002432,2.14,2.24
1143,0.002447999999999999,2.14,2.24
1144,0.002464000000000001,2.16,2.2600000000000002
1145,0.0024799999999999996,2.16,2.2600000000000002
1146,0.0024959999999999982,2.18,2.2600000000000002
1147,0.0025120000000000003,2.18,2.2800000000000002
1148,0.002527999999999999,2.18,2.2600000000000002
1149,0.0025439999999999977,2.18,2.3000000000000003
1150,0.0025599999999999998,2.2,2.3000000000000003
1151,0.0025759999999999984,2.22,2.3000000000000003
1152,0.0025920000000000006,2.22,2.32
1153,0.002607999999999999,2.22,2.34
1154,0.002623999999999998,2.24,2.3000000000000003
1155,0.00264,2.24,2.34
1156,0.0026559999999999986,2.24,2.34
1157,0.0026720000000000008,2.24,2.36
1158,0.0026879999999999994,2.2600000000000002,2.36
1159,0.002703999999999998,2.2600000000000002,2.36
1160,0.00272,2.2800000000000002,2.38
1161,0.002735999999999999,2.2800000000000002,2.38
1162,0.002752000000000001,2.2800000000000002,2.4
1163,0.0027679999999999996,2.3000000000000003,2.4
1164,0.0027839999999999983,2.32,2.4
1165,0.0028000000000000004,2.32,2.42
1166,0.002815999999999999,2.32,2.42
1167,0.0028319999999999977,2.34,2.44
1168,0.002848,2.34,2.44
1169,0.0028639999999999985,2.34,2.44
1170,0.0028800000000000006,2.36,2.46
1171,0.0028959999999999993,2.36,2.46
1172,0.002911999999999998,2.38,2.46
1173,0.002928,2.38,2.48
1174,0.0029439999999999987,2.38,2.48
1175,0.002960000000000001,2.38,2.5
1176,0.0029759999999999995,2.4,2.5
1177,0.002991999999999998,2.4,2.5
1178,0.0030080000000000003,2.4,2.5
1179,0.003023999999999999,2.42,2.52
1180,0.0030399999999999976,2.42,2.54
1181,0.0030559999999999997,2.44,2.54
1182,0.0030719999999999983,2.42,2.54
1183,0.0030880000000000005,2.46,2.56
1184,0.003103999999999999,2.46,2.56
1185,0.0031199999999999978,2.48,2.56
1186,0.003136,2.48,2.58
1187,0.0031519999999999986,2.48,2.58
1188,0.0031680000000000007,2.48,2.6
1189,0.0031839999999999993,2.5,2.6
1190,0.003199999999999998,2.5,2.62
1191,0.003216,2.5,2.6
1192,0.0032319999999999988,2.5,2.62
1193,0.003248000000000001,2.52,2.62
1194,0.0032639999999999995,2.52,2.64
1195,0.003279999999999998,2.52,2.66
1196,0.0032960000000000003,2.54,2.66
1197,0.003311999999999999,2.54,2.66
1198,0.0033279999999999976,2.56,2.68
1199,0.0033439999999999998,2.56,2.68
1200,0.0033599999999999984,2.56,2.68
1201,0.0033760000000000005,2.58,2.7
1202,0.003391999999999999,2.6,2.72
1203,0.003407999999999998,2.58,2.7
1204,0.003424,2.6,2.72
1205,0.0034399999999999986,2.6,2.72
1206,0.0034560000000000007,2.62,2.72
1207,0.0034719999999999994,2.62,2.74
1208,0.003487999999999998,2.64,2.74
1209,0.003504,2.64,2.7600000000000002
1210,0.003519999999999999,2.64,2.7600000000000002
1211,0.0035359999999999975,2.66,2.7800000000000002
1212,0.0035519999999999996,2.66,2.7800000000000002
1213,0.0035679999999999983,2.66,2.7800000000000002
1214,0.0035840000000000004,2.66,2.8000000000000003
1215,0.003599999999999999,2.68,2.8000000000000003
1216,0.0036159999999999977,2.68,2.82
1217,0.003632,2.7,2.82
1218,0.0036479999999999985,2.72,2.82
1219,0.0036640000000000006,2.72,2.84
1220,0.0036799999999999992,2.72,2.84
1221,0.003695999999999998,2.72,2.86
1222,0.003712,2.72,2.86
1223,0.0037279999999999987,2.7600000000000002,2.86
1224,0.003744000000000001,2.74,2.88
1225,0.0037599999999999995,2.7600000000000002,2.88
1226,0.003775999999999998,2.7600000000000002,2.9
1227,0.0037920000000000002,2.7800000000000002,2.88
1228,0.003807999999999999,2.7800000000000002,2.9
1229,0.0038239999999999975,2.8000000000000003,2.92
1230,0.0038399999999999997,2.8000000000000003,2.92
1231,0.0038559999999999983,2.8000000000000003,2.92
1232,0.0038720000000000004,2.8000000000000003,2.94
1233,0.003887999999999999,2.82,2.96
1234,0.0039039999999999977,2.82,2.96
1235,0.00392,2.84,2.96
1236,0.0039359999999999985,2.84,2.96
1237,0.003952000000000001,2.84,2.98
1238,0.003967999999999999,2.86,2.98
1239,0.003983999999999998,2.86,3.0
1240,0.004,2.86,3.0
1241,0.004015999999999999,2.88,3.02
1242,0.004032000000000001,2.9,3.02
1243,0.0040479999999999995,2.9,3.02
1244,0.004063999999999998,2.92,3.04
1245,0.00408,2.9,3.04
1246,0.004095999999999999,2.92,3.04
1247,0.004111999999999998,2.92,3.06
1248,0.004128,2.94,3.06
1249,0.004143999999999998,2.94,3.08
1250,0.0041600000000000005,2.94,3.1
1251,0.004175999999999999,2.96,3.1
1252,0.004191999999999998,2.96,3.1
1253,0.004208,2.96,3.1
1254,0.004223999999999999,2.98,3.1
1255,0.004240000000000001,3.0,3.12
1256,0.004255999999999999,3.0,3.12
1257,0.004271999999999998,3.0,3.14
1258,0.004288,3.0,3.14
1259,0.004303999999999999,3.02,3.16
1260,0.0043199999999999975,3.04,3.16
1261,0.004336,3.02,3.16
1262,0.004351999999999998,3.04,3.18
1263,0.004368,3.06,3.18
1264,0.004383999999999999,3.06,3.2
1265,0.004399999999999998,3.06,3.2
1266,0.004416,3.08,3.2
1267,0.0044319999999999984,3.08,3.22
1268,0.0044480000000000006,3.08,3.22
1269,0.004463999999999999,3.1,3.24
1270,0.004479999999999998,3.1,3.24
1271,0.004496,3.12,3.24
1272,0.004511999999999999,3.12,3.2600000000000002
1273,0.004528000000000001,3.12,3.2800000000000002
1274,0.004543999999999999,3.14,3.2800000000000002
1275,0.004559999999999998,3.14,3.2800000000000002
1276,0.004576,3.16,3.3000000000000003
1277,0.004591999999999999,3.16,3.3000000000000003
1278,0.0046079999999999975,3.18,3.3000000000000003
1279,0.004624,3.18,3.3200000000000003
1280,0.004639999999999998,3.18,3.3200000000000003
1281,0.004656,3.18,3.3200000000000003
1282,0.004671999999999999,3.18,3.34
1283,0.004687999999999998,3.22,3.36
1284,0.004704,3.22,3.36
1285,0.0047199999999999985,3.22,3.36
1286,0.004736000000000001,3.24,3.38
1287,0.004751999999999999,3.24,3.38
1288,0.004767999999999998,3.24,3.38
1289,0.004784,3.24,3.4
1290,0.004799999999999999,3.2600000000000002,3.4
1291,0.004816000000000001,3.2600000000000002,3.4
1292,0.0048319999999999995,3.2600000000000002,3.42
1293,0.004847999999999998,3.2800000000000002,3.42
1294,0.004864,3.2800000000000002,3.44
1295,0.004879999999999999,3.3000000000000003,3.46
1296,0.004895999999999998,3.3000000000000003,3.44
1297,0.004912,3.3200000000000003,3.46
1298,0.004927999999999998,3.3200000000000003,3.46
1299,0.0049440000000000005,3.3200000000000003,3.48
1300,0.004959999999999999,3.34,3.48
1301,0.004975999999999998,3.36,3.48
1302,0.004992,3.36,3.5
1303,0.0050079999999999986,3.36,3.5
1304,0.005024000000000001,3.36,3.52
1305,0.005039999999999999,3.38,3.52
1306,0.005055999999999998,3.38,3.52
1307,0.005072,3.38,3.54
1308,0.005087999999999999,3.38,3.54
1309,0.005103999999999997,3.4,3.56
1310,0.0051199999999999996,3.42,3.56
1311,0.005135999999999998,3.42,3.56
1312,0.005152,3.42,3.58
1313,0.005167999999999999,3.44,3.58
1314,0.005183999999999998,3.44,3.6
1315,0.0052,3.44,3.6
1316,0.005215999999999998,3.46,3.62
1317,0.0052320000000000005,3.46,3.62
1318,0.005247999999999999,3.46,3.64
1319,0.005263999999999998,3.48,3.64
1320,0.00528,3.48,3.64
1321,0.005295999999999999,3.5,3.64
1322,0.005312000000000001,3.5,3.66
1323,0.005327999999999999,3.5,3.66
1324,0.005343999999999998,3.52,3.68
1325,0.00536,3.52,3.68
1326,0.005375999999999999,3.54,3.7
1327,0.0053919999999999975,3.54,3.7
1328,0.005408,3.54,3.72
1329,0.005423999999999998,3.56,3.72
1330,0.00544,3.56,3.72
1331,0.005455999999999999,3.56,3.74
1332,0.005471999999999998,3.58,3.74
1333,0.005488,3.58,3.74
1334,0.0055039999999999985,3.58,3.7600000000000002
1335,0.005520000000000001,3.6,3.7600000000000002
1336,0.005535999999999999,3.6,3.7800000000000002
1337,0.005551999999999998,3.62,3.7800000000000002
1338,0.005568,3.62,3.8000000000000003
1339,0.005583999999999999,3.64,3.8000000000000003
1340,0.005600000000000001,3.64,3.8000000000000003
1341,0.0056159999999999995,3.64,3.8200000000000003
1342,0.005631999999999998,3.66,3.8200000000000003
1343,0.005648,3.66,3.8200000000000003
1344,0.005663999999999999,3.66,3.84
1345,0.0056799999999999976,3.68,3.84
1346,0.005696,3.68,3.84
1347,0.005711999999999998,3.68,3.86
1348,0.0057280000000000005,3.7,3.86
1349,0.005743999999999999,3.7,3.86
1350,0.005759999999999998,3.72,3.9
1351,0.005776,3.72,3.88
1352,0.0057919999999999985,3.72,3.9
1353,0.005808000000000001,3.74,3.9
1354,0.005823999999999999,3.74,3.9
1355,0.005839999999999998,3.7600000000000002,3.92
1356,0.005856,3.7600000000000002,3.94
1357,0.005871999999999999,3.7600000000000002,3.94
1358,0.005887999999999997,3.7800000000000002,3.94
1359,0.0059039999999999995,3.7800000000000002,3.96
1360,0.005919999999999998,3.8000000000000003,3.96
1361,0.005936,3.8200000000000003,3.98
1362,0.005951999999999999,3.8200000000000003,3.98
1363,0.005967999999999998,3.8200000000000003,3.98
1364,0.005984,3.8200000000000003,3.98
1365,0.005999999999999998,3.8200000000000003,4.0
1366,0.0060160000000000005,3.84,4.0
1367,0.006031999999999999,3.84,4.0200000000000005
1368,0.006047999999999998,3.84,4.0200000000000005
1369,0.006064,3.86,4.0200000000000005
1370,0.006079999999999999,3.88,4.04
1371,0.006096000000000001,3.88,4.04
1372,0.006111999999999999,3.88,4.0600000000000005
1373,0.006127999999999998,3.88,4.0600000000000005
1374,0.006144,3.92,4.08
1375,0.006159999999999999,3.9,4.08
1376,0.0061759999999999975,3.92,4.1
1377,0.006192,3.94,4.1
1378,0.006207999999999998,3.94,4.1
1379,0.006224,3.94,4.1
1380,0.006239999999999999,3.94,4.12
1381,0.006255999999999998,3.96,4.14
1382,0.006272,3.96,4.14
1383,0.0062879999999999985,3.96,4.14
1384,0.006304000000000001,3.96,4.14
1385,0.006319999999999999,3.98,4.16
1386,0.006335999999999998,3.98,4.16
1387,0.006352,4.0,4.18
1388,0.006367999999999999,4.0200000000000005,4.2
1389,0.006384000000000001,4.0200000000000005,4.2
1390,0.0063999999999999994,4.0200000000000005,4.2
1391,0.006415999999999998,4.04,4.2
1392,0.006432,4.04,4.22
1393,0.006447999999999999,4.04,4.22
1394,0.0064639999999999975,4.04,4.22
1395,0.00648,4.0600000000000005,4.24
1396,0.006495999999999998,4.0600000000000005,4.26
1397,0.006512,4.0600000000000005,4.26
1398,0.006527999999999999,4.08,4.26
1399,0.006543999999999998,4.08,4.26
1400,0.00656,4.1,4.26
1401,0.0065759999999999985,4.1,4.28
1402,0.006592000000000001,4.1,4.3
1403,0.006607999999999999,4.12,4.3
1404,0.006623999999999998,4.12,4.32
1405,0.00664,4.14,4.3
1406,0.006655999999999999,4.14,4.32
1407,0.006671999999999997,4.16,4.34
1408,0.0066879999999999995,4.16,4.34
1409,0.006703999999999998,4.16,4.34
1410,0.00672,4.18,4.36
1411,0.006735999999999999,4.18,4.36
1412,0.006751999999999998,4.18,4.38
1413,0.006768,4.2,4.38
1414,0.006783999999999998,4.2,4.38
1415,0.0068000000000000005,4.22,4.4
1416,0.006815999999999999,4.22,4.42
1417,0.006831999999999998,4.22,4.42
1418,0.006848,4.24,4.42
1419,0.006863999999999999,4.24,4.42
1420,0.006880000000000001,4.24,4.44
1421,0.006895999999999999,4.26,4.44
1422,0.006911999999999998,4.26,4.46
1423,0.006928,4.26,4.46
1424,0.006943999999999999,4.3,4.48
1425,0.0069599999999999974,4.3,4.48
1426,0.0069759999999999996,4.3,4.48
1427,0.006991999999999998,4.3,4.5
1428,0.007008,4.32,4.5
1429,0.007023999999999999,4.32,4.5
1430,0.007039999999999998,4.32,4.5200000000000005
1431,0.007056,4.34,4.5200000000000005
1432,0.007071999999999998,4.34,4.54
1433,0.0070880000000000006,4.34,4.54
1434,0.007103999999999999,4.36,4.5600000000000005
1435,0.007119999999999998,4.36,4.5600000000000005
1436,0.007136,4.38,4.5600000000000005
1437,0.007151999999999999,4.38,4.58
1438,0.007168000000000001,4.38,4.58
1439,0.007183999999999999,4.38,4.58
1440,0.007199999999999998,4.4,4.6000000000000005
1441,0.007216,4.4,4.6000000000000005
1442,0.007231999999999999,4.42,4.62
1443,0.0072479999999999975,4.44,4.62
1444,0.007264,4.44,4.62
1445,0.007279999999999998,4.44,4.64
1446,0.007296,4.46,4.64
1447,0.007311999999999999,4.46,4.66
1448,0.007327999999999998,4.46,4.66
1449,0.007344,4.48,4.66
1450,0.0073599999999999985,4.48,4.68
1451,0.007376000000000001,4.48,4.68
1452,0.007391999999999999,4.48,4.7
1453,0.007407999999999998,4.5,4.7
1454,0.007424,4.5,4.7
1455,0.007439999999999999,4.5200000000000005,4.72
1456,0.007455999999999997,4.5200000000000005,4.72
1457,0.0074719999999999995,4.5200000000000005,4.72
1458,0.007487999999999998,4.54,4.74
1459,0.007504,4.54,4.74
1460,0.007519999999999999,4.5600000000000005,4.76
1461,0.0075359999999999976,4.5600000000000005,4.76
1462,0.007552,4.5600000000000005,4.78
1463,0.007567999999999998,4.5600000000000005,4.78
1464,0.0075840000000000005,4.58,4.78
1465,0.007599999999999999,4.6000000000000005,4.8
1466,0.007615999999999998,4.6000000000000005,4.8
1467,0.007632,4.6000000000000005,4.82
1468,0.0076479999999999985,4.6000000000000005,4.82
1469,0.007664000000000001,4.62,4.84
1470,0.007679999999999999,4.62,4.84
1471,0.007695999999999998,4.64,4.84
1472,0.007712,4.64,4.86
1473,0.007727999999999999,4.66,4.86
1474,0.007743999999999997,4.66,4.86
1475,0.0077599999999999995,4.68,4.88
1476,0.007775999999999998,4.68,4.88
1477,0.007792,4.68,4.9
1478,0.007807999999999999,4.68,4.9
1479,0.007823999999999998,4.7,4.9
1480,0.00784,4.7,4.92
1481,0.007855999999999998,4.72,4.92
1482,0.007872,4.72,4.94
1483,0.007888,4.72,4.94
1484,0.007903999999999998,4.74,4.94
1485,0.00792,4.74,4.96
1486,0.007935999999999999,4.76,4.96
1487,0.007952,0.06,0.04
1488,0.007968,0.02,0.02
1489,0.007983999999999998,0.02,0.02
1490,0.008,0.02,0.02
1491,0.008015999999999999,0.02,0.04
1492,0.008031999999999997,0.04,0.04
1493,0.008048,0.04,0.06
1494,0.008063999999999998,0.04,0.06
1495,0.00808,0.06,0.06
1496,0.008095999999999999,0.06,0.06
1497,0.008111999999999998,0.08,0.08
1498,0.008128,0.08,0.08
1499,0.008143999999999998,0.08,0.1
1500,0.00816,0.1,0.12
1501,0.008176,0.1,0.1
1502,0.008191999999999998,0.12,0.12
1503,0.008208,0.12,0.14
1504,0.008223999999999999,0.12,0.12
1505,0.008239999999999997,0.12,0.14
1506,0.008256,0.14,0.16
1507,0.008271999999999998,0.14,0.16
1508,0.008288,0.14,0.18
1509,0.008303999999999999,0.16,0.18
1510,0.008319999999999998,0.16,0.18
1511,0.008336,0.18,0.18
1512,0.008351999999999998,0.18,0.22
1513,0.008368,0.2,0.22
1514,0.008383999999999999,0.2,0.22
1515,0.008399999999999998,0.22,0.24
1516,0.008416,0.22,0.24
1517,0.008431999999999999,0.22,0.24
1518,0.008448,0.24,0.24
1519,0.008464,0.24,0.26
1520,0.008479999999999998,0.26,0.26
1521,0.008496,0.26,0.28
1522,0.008511999999999999,0.26,0.3
1523,0.008527999999999997,0.28,0.28
1524,0.008544,0.28,0.3
1525,0.008559999999999998,0.28,0.3
1526,0.008576,0.3,0.32
1527,0.008591999999999999,0.3,0.32
1528,0.008607999999999998,0.32,0.34
1529,0.008624,0.32,0.34
1530,0.008639999999999998,0.34,0.34
1531,0.008656,0.34,0.36
1532,0.008672,0.34,0.36
1533,0.008687999999999998,0.36,0.38
1534,0.008704,0.36,0.38
1535,0.008719999999999999,0.36,0.38
1536,0.008736,0.38,0.4
1537,0.008752,0.38,0.4
1538,0.008767999999999998,0.4,0.4
1539,0.008784,0.4,0.42
1540,0.008799999999999999,0.4,0.42
1541,0.008815999999999997,0.4,0.44
1542,0.008832,0.42,0.44
1543,0.008847999999999998,0.42,0.44
1544,0.008864,0.44,0.46
1545,0.008879999999999999,0.44,0.46
1546,0.008895999999999998,0.46,0.48
1547,0.008912,0.46,0.48
1548,0.008927999999999998,0.46,0.48
1549,0.008944,0.48,0.5
1550,0.00896,0.48,0.5
1551,0.008975999999999998,0.48,0.52
1552,0.008992,0.5,0.54
1553,0.009007999999999999,0.5,0.52
1554,0.009023999999999997,0.5,0.54
1555,0.00904,0.52,0.56
1556,0.009055999999999998,0.54,0.56
1557,0.009072,0.54,0.56
1558,0.009087999999999999,0.54,0.58
1559,0.009103999999999998,0.56,0.58
1560,0.00912,0.56,0.58
1561,0.009135999999999998,0.56,0.6
1562,0.009152,0.58,0.6
1563,0.009167999999999999,0.58,0.6
1564,0.009183999999999998,0.6,0.62
1565,0.0092,0.6,0.62
1566,0.009215999999999998,0.6,0.64
1567,0.009232,0.62,0.64
1568,0.009248,0.62,0.64
1569,0.009263999999999998,0.62,0.66
1570,0.00928,0.64,0.66
1571,0.009295999999999999,0.64,0.66
1572,0.009311999999999997,0.66,0.68
1573,0.009328,0.66,0.68
1574,0.009343999999999998,0.68,0.7000000000000001
1575,0.00936,0.68,0.7000000000000001
1576,0.009375999999999999,0.68,0.7000000000000001
1577,0.009391999999999998,0.7000000000000001,0.72
1578,0.009408,0.7000000000000001,0.72
1579,0.009423999999999998,0.7000000000000001,0.74
1580,0.00944,0.72,0.74
1581,0.009455999999999999,0.72,0.76
1582,0.009471999999999998,0.74,0.76
1583,0.009488,0.74,0.78
1584,0.009503999999999999,0.74,0.78
1585,0.009519999999999997,0.76,0.78
1586,0.009536,0.76,0.78
1587,0.009551999999999998,0.78,0.8
1588,0.009568,0.78,0.8200000000000001
1589,0.009583999999999999,0.78,0.8200000000000001
1590,0.009599999999999997,0.8,0.8200000000000001
1591,0.009616,0.8,0.84
1592,0.009631999999999998,0.8200000000000001,0.84
1593,0.009648,0.8200000000000001,0.86
1594,0.009663999999999999,0.8,0.86
1595,0.009679999999999998,0.84,0.86
1596,0.009696,0.84,0.88
1597,0.009711999999999998,0.84,0.88
1598,0.009728,0.86,0.88
1599,0.009744,0.86,0.9
1600,0.009759999999999998,0.86,0.9
1601,0.009776,0.88,0.92
1602,0.009791999999999999,0.88,0.92
1603,0.009807999999999997,0.88,0.9400000000000001
1604,0.009824,0.9,0.92
1605,0.009839999999999998,0.92,0.9400000000000001
1606,0.009856,0.92,0.96
1607,0.009871999999999999,0.92,0.96
1608,0.009887999999999997,0.92,0.98
1609,0.009904,0.92,0.96
1610,0.009919999999999998,0.96,0.98
1611,0.009936,0.96,1.0
1612,0.009951999999999999,0.96,1.0
1613,0.009967999999999998,0.96,1.0
1614,0.009984,0.98,1.02
1615,0.009999999999999998,0.98,1.02
1616,0.010016,0.98,1.04
1617,0.010032,1.0,1.04
1618,0.010047999999999998,1.0,1.06
1619,0.010064,1.02,1.06
1620,0.010079999999999999,1.02,1.06
1621,0.010095999999999997,1.04,1.08
1622,0.010112,1.04,1.08
1623,0.010127999999999998,1.04,1.1
1624,0.010144,1.06,1.08
1625,0.010159999999999999,1.06,1.1
1626,0.010175999999999998,1.08,1.12
1627,0.010192,1.08,1.1
1628,0.010207999999999998,1.08,1.12
1629,0.010224,1.08,1.1400000000000001
1630,0.010239999999999999,1.1,1.12
1631,0.010255999999999998,1.1,1.16
1632,0.010272,1.12,1.16
1633,0.010287999999999999,1.12,1.16
1634,0.010303999999999997,1.12,1.18
1635,0.01032,1.1400000000000001,1.18
1636,0.010335999999999998,1.1400000000000001,1.18
1637,0.010352,1.1400000000000001,1.18
1638,0.010367999999999999,1.16,1.22
1639,0.010383999999999997,1.16,1.22
1640,0.0104,1.18,1.22
1641,0.010415999999999998,1.18,1.24
1642,0.010432,1.18,1.22
1643,0.010447999999999999,1.2,1.24
1644,0.010463999999999998,1.2,1.26
1645,0.01048,1.22,1.26
1646,0.010495999999999998,1.22,1.28
1647,0.010512,1.22,1.28
1648,0.010528,1.24,1.28
1649,0.010543999999999998,1.24,1.28
1650,0.01056,1.26,1.3
1651,0.010575999999999999,1.26,1.32
1652,0.010591999999999997,1.26,1.32
1653,0.010608,1.26,1.32
1654,0.010623999999999998,1.28,1.34
1655,0.01064,1.28,1.34
1656,0.010655999999999999,1.28,1.36
1657,0.010671999999999997,1.3,1.36
1658,0.010688,1.3,1.3800000000000001
1659,0.010703999999999998,1.32,1.3800000000000001
1660,0.01072,1.32,1.3800000000000001
1661,0.010735999999999999,1.34,1.4000000000000001
1662,0.010751999999999998,1.34,1.4000000000000001
1663,0.010768,1.34,1.4000000000000001
1664,0.010783999999999998,1.36,1.42
1665,0.0108,1.36,1.42
1666,0.010816,1.3800000000000001,1.44
1667,0.010831999999999998,1.36,1.44
1668,0.010848,1.3800000000000001,1.44
1669,0.010863999999999999,1.4000000000000001,1.46
1670,0.010879999999999997,1.4000000000000001,1.46
1671,0.010896,1.42,1.46
1672,0.010911999999999998,1.42,1.48
1673,0.010928,1.42,1.5
1674,0.010943999999999999,1.44,1.5
1675,0.010959999999999998,1.44,1.5
1676,0.010976,1.44,1.52
1677,0.010991999999999998,1.46,1.52
1678,0.011008,1.46,1.54
1679,0.011023999999999999,1.48,1.54
1680,0.011039999999999998,1.48,1.52
1681,0.011056,1.48,1.56
1682,0.011071999999999999,1.5,1.56
1683,0.011087999999999997,1.5,1.56
1684,0.011104,1.52,1.56
1685,0.011119999999999998,1.52,1.58
1686,0.011136,1.54,1.58
1687,0.011151999999999999,1.52,1.6
1688,0.011167999999999997,1.52,1.62
1689,0.011184,1.54,1.6
1690,0.011199999999999998,1.54,1.6
1691,0.011216,1.56,1.62
1692,0.011231999999999999,1.58,1.6400000000000001
1693,0.011247999999999998,1.58,1.6400000000000001
1694,0.011264,1.58,1.6400000000000001
1695,0.011279999999999998,1.58,1.6600000000000001
1696,0.011296,1.6,1.6600000000000001
1697,0.011312,1.6,1.68
1698,0.011327999999999998,1.62,1.6600000000000001
1699,0.011344,1.62,1.68
1700,0.011359999999999999,1.62,1.7
1701,0.011375999999999997,1.6400000000000001,1.7
1702,0.011392,1.6400000000000001,1.72
1703,0.011407999999999998,1.6600000000000001,1.72
1704,0.011424,1.6600000000000001,1.74
1705,0.011439999999999999,1.68,1.74
1706,0.011455999999999997,1.68,1.76
1707,0.011472,1.68,1.74
1708,0.011487999999999998,1.7,1.76
1709,0.011504,1.7,1.78
1710,0.011519999999999999,1.7,1.78
1711,0.011535999999999998,1.72,1.78
1712,0.011552,1.72,1.8
1713,0.011567999999999998,1.74,1.8
1714,0.011584,1.74,1.82
1715,0.0116,1.74,1.8
1716,0.011615999999999998,1.76,1.8
1717,0.011632,1.74,1.84
1718,0.011647999999999999,1.78,1.84
1719,0.011663999999999997,1.76,1.84
1720,0.01168,1.78,1.86
1721,0.011695999999999998,1.78,1.86
1722,0.011712,1.8,1.8800000000000001
1723,0.011727999999999999,1.8,1.8800000000000001
1724,0.011743999999999997,1.82,1.9000000000000001
1725,0.01176,1.82,1.9000000000000001
1726,0.011775999999999998,1.82,1.92
1727,0.011792,1.84,1.92
1728,0.011807999999999999,1.84,1.92
1729,0.011823999999999998,1.84,1.94
1730,0.01184,1.86,1.94
1731,0.011855999999999998,1.86,1.94
1732,0.011871999999999997,1.8800000000000001,1.94
1733,0.011888,1.8800000000000001,1.96
1734,0.011903999999999998,1.8800000000000001,1.98
1735,0.01192,1.8800000000000001,1.98
1736,0.011935999999999999,1.9000000000000001,1.98
1737,0.011951999999999997,1.92,1.98
1738,0.011968,1.92,2.0
1739,0.011983999999999998,1.94,2.02
1740,0.012,1.94,2.02
1741,0.012015999999999999,1.94,2.02
1742,0.012031999999999998,1.96,2.04
1743,0.012048,1.96,2.04
1744,0.012063999999999998,1.96,2.04
1745,0.01208,1.98,2.06
1746,0.012095999999999999,1.98,2.06
1747,0.012111999999999998,2.0,2.08
1748,0.012128,2.0,2.06
1749,0.012143999999999999,2.0,2.08
1750,0.012159999999999997,2.0,2.1
1751,0.012176,2.02,2.12
1752,0.012191999999999998,2.02,2.1
1753,0.012208,2.04,2.12
1754,0.012223999999999999,2.04,2.14
1755,0.012239999999999997,2.04,2.14
1756,0.012256,2.04,2.14
1757,0.012271999999999998,2.06,2.16
1758,0.012288,2.08,2.16
1759,0.012303999999999999,2.08,2.18
1760,0.012319999999999998,2.08,2.18
1761,0.012336,2.1,2.18
1762,0.012351999999999998,2.1,2.2
1763,0.012368,2.12,2.2
1764,0.012384,2.12,2.2
1765,0.012399999999999998,2.14,2.22
1766,0.012416,2.12,2.24
1767,0.012431999999999999,2.14,2.24
1768,0.012447999999999997,2.14,2.24
1769,0.012464,2.16,2.24
1770,0.012479999999999998,2.16,2.2600000000000002
1771,0.012496,2.16,2.2600000000000002
1772,0.012511999999999999,2.18,2.2800000000000002
1773,0.012527999999999997,2.18,2.2800000000000002
1774,0.012544,2.2,2.2800000000000002
1775,0.012559999999999998,2.2,2.3000000000000003
1776,0.012576,2.2,2.3000000000000003
1777,0.012591999999999999,2.22,2.32
1778,0.012607999999999998,2.22,2.32
1779,0.012624,2.24,2.32
1780,0.012639999999999998,2.24,2.34
1781,0.012655999999999997,2.24,2.34
1782,0.012672,2.2600000000000002,2.34
1783,0.012687999999999998,2.2600000000000002,2.36
1784,0.012704,2.2600000000000002,2.38
1785,0.012719999999999999,2.2800000000000002,2.38
1786,0.012735999999999997,2.2800000000000002,2.38
1787,0.012752,2.3000000000000003,2.4
1788,0.012767999999999998,2.3000000000000003,2.4
1789,0.012784,2.32,2.42
1790,0.012799999999999999,2.32,2.42
1791,0.012815999999999998,2.3000000000000003,2.42
1792,0.012832,2.32,2.42
1793,0.012847999999999998,2.34,2.44
1794,0.012864,2.34,2.44
1795,0.012879999999999999,2.36,2.46
1796,0.012895999999999998,2.34,2.46
1797,0.012912,2.38,2.48
1798,0.012927999999999999,2.38,2.48
1799,0.012943999999999997,2.38,2.48
1800,0.01296,2.4,2.5
1801,0.012975999999999998,2.4,2.5
1802,0.012992,2.4,2.5
1803,0.013007999999999999,2.4,2.52
1804,0.013023999999999997,2.42,2.52
1805,0.01304,2.42,2.52
1806,0.013055999999999998,2.42,2.52
1807,0.013072,2.44,2.56
1808,0.013087999999999999,2.46,2.56
1809,0.013103999999999998,2.46,2.56
1810,0.01312,2.46,2.56
1811,0.013135999999999998,2.48,2.58
1812,0.013152,2.48,2.58
1813,0.013168,2.48,2.58
1814,0.013183999999999998,2.5,2.6
1815,0.0132,2.5,2.6
1816,0.013215999999999999,2.5,2.6
1817,0.013231999999999997,2.5,2.62
1818,0.013248,2.52,2.62
1819,0.013263999999999998,2.52,2.64
1820,0.01328,2.52,2.64
1821,0.013295999999999999,2.54,2.66
1822,0.013311999999999997,2.54,2.66
1823,0.013328,2.56,2.66
1824,0.013343999999999998,2.56,2.68
1825,0.01336,2.56,2.68
1826,0.013375999999999999,2.58,2.7
1827,0.013391999999999998,2.58,2.7
1828,0.013408,2.58,2.72
1829,0.013423999999999998,2.6,2.72
1830,0.013439999999999997,2.6,2.72
1831,0.013456,2.6,2.74
1832,0.013471999999999998,2.62,2.74
1833,0.013488,2.62,2.7600000000000002
1834,0.013503999999999999,2.64,2.7600000000000002
1835,0.013519999999999997,2.66,2.7600000000000002
1836,0.013536,2.64,2.7600000000000002
1837,0.013551999999999998,2.66,2.7800000000000002
1838,0.013568,2.66,2.7800000000000002
1839,0.013583999999999999,2.68,2.7800000000000002
1840,0.013599999999999998,2.68,2.8000000000000003
1841,0.013616,2.68,2.82
1842,0.013631999999999998,2.7,2.82
1843,0.013648,2.7,2.82
1844,0.013663999999999999,2.7,2.84
1845,0.013679999999999998,2.72,2.84
1846,0.013696,2.72,2.84
1847,0.013711999999999998,2.74,2.86
1848,0.013727999999999997,2.74,2.86
1849,0.013744,2.7600000000000002,2.88
1850,0.013759999999999998,2.74,2.88
1851,0.013776,2.7600000000000002,2.9
1852,0.013791999999999999,2.7800000000000002,2.9
1853,0.013807999999999997,2.7800000000000002,2.9
1854,0.013824,2.7800000000000002,2.92
1855,0.013839999999999998,2.8000000000000003,2.92
1856,0.013856,2.8000000000000003,2.94
1857,0.013871999999999999,2.8000000000000003,2.94
1858,0.013887999999999998,2.82,2.94
1859,0.013904,2.82,2.94
1860,0.013919999999999998,2.84,2.96
1861,0.013936,2.84,2.96
1862,0.013951999999999999,2.84,2.98
1863,0.013967999999999998,2.86,2.98
1864,0.013984,2.86,3.0
1865,0.013999999999999999,2.86,3.0
1866,0.014015999999999997,2.88,3.02
1867,0.014032,2.88,3.02
1868,0.014047999999999998,2.9,3.02
1869,0.014064,2.92,3.04
1870,0.014079999999999999,2.9,3.04
1871,0.014095999999999997,2.92,3.04
1872,0.014112,2.92,3.06
1873,0.014127999999999998,2.94,3.08
1874,0.014144,2.94,3.08
1875,0.014159999999999999,2.94,3.08
1876,0.014175999999999998,2.96,3.1
1877,0.014192,2.96,3.1
1878,0.014207999999999998,2.96,3.12
1879,0.014223999999999997,2.98,3.12
1880,0.01424,2.98,3.12
1881,0.014255999999999998,3.0,3.12
1882,0.014272,3.0,3.14
1883,0.014287999999999999,3.0,3.14
1884,0.014303999999999997,3.02,3.14
1885,0.01432,3.02,3.18
1886,0.014335999999999998,3.02,3.16
1887,0.014352,3.04,3.18
1888,0.014367999999999999,3.04,3.18
1889,0.014383999999999997,3.06,3.2
1890,0.0144,3.06,3.2
1891,0.014415999999999998,3.06,3.22
1892,0.014432,3.08,3.22
1893,0.014447999999999999,3.08,3.22
1894,0.014463999999999998,3.1,3.22
1895,0.01448,3.1,3.2600000000000002
1896,0.014495999999999998,3.12,3.2600000000000002
1897,0.014511999999999997,3.12,3.2600000000000002
1898,0.014528,3.14,3.2600000000000002
1899,0.014543999999999998,3.14,3.2800000000000002
1900,0.01456,3.14,3.3000000000000003
1901,0.014575999999999999,3.16,3.2800000000000002
1902,0.014591999999999997,3.16,3.3000000000000003
1903,0.014608,3.16,3.3000000000000003
1904,0.014623999999999998,3.18,3.3200000000000003
1905,0.01464,3.2,3.3200000000000003
1906,0.014655999999999999,3.2,3.34
1907,0.014671999999999998,3.18,3.34
1908,0.014688,3.2,3.34
1909,0.014703999999999998,3.2,3.36
1910,0.014719999999999997,3.24,3.36
1911,0.014735999999999999,3.22,3.38
1912,0.014751999999999998,3.24,3.38
1913,0.014768,3.24,3.38
1914,0.014783999999999999,3.24,3.4
1915,0.014799999999999997,3.2600000000000002,3.4
1916,0.014816,3.2600000000000002,3.4
1917,0.014831999999999998,3.2600000000000002,3.42
1918,0.014848,3.2800000000000002,3.44
1919,0.014863999999999999,3.2800000000000002,3.44
1920,0.014879999999999997,3.3000000000000003,3.44
1921,0.014896,3.3000000000000003,3.46
1922,0.014911999999999998,3.3000000000000003,3.48
1923,0.014928,3.34,3.46
1924,0.014943999999999999,3.34,3.48
1925,0.014959999999999998,3.34,3.48
1926,0.014976,3.34,3.48
1927,0.014991999999999998,3.34,3.5
1928,0.015007999999999997,3.36,3.5
1929,0.015024,3.36,3.52
1930,0.015039999999999998,3.38,3.52
1931,0.015056,3.38,3.52
1932,0.015071999999999999,3.4,3.54
1933,0.015087999999999997,3.4,3.54
1934,0.015104,3.4,3.54
1935,0.015119999999999998,3.4,3.56
1936,0.015136,3.42,3.56
1937,0.015151999999999999,3.42,3.58
1938,0.015167999999999997,3.42,3.58
1939,0.015184,3.44,3.6
1940,0.015199999999999998,3.44,3.6
1941,0.015216,3.46,3.6
1942,0.015231999999999999,3.46,3.62
1943,0.015247999999999998,3.48,3.62
1944,0.015264,3.48,3.64
1945,0.015279999999999998,3.48,3.64
1946,0.015295999999999997,3.5,3.64
1947,0.015312,3.5,3.66
1948,0.015327999999999998,3.5,3.66
1949,0.015344,3.52,3.68
1950,0.015359999999999999,3.52,3.68
1951,0.015375999999999997,3.54,3.7
1952,0.015392,3.54,3.7
1953,0.015407999999999998,3.54,3.7
1954,0.015424,3.58,3.72
1955,0.015439999999999995,3.56,3.72
1956,0.015455999999999998,3.56,3.74
1957,0.015472,3.58,3.74
1958,0.015488000000000002,3.58,3.74
1959,0.015503999999999997,3.6,3.7600000000000002
1960,0.015519999999999999,3.6,3.7600000000000002
1961,0.015536000000000001,3.6,3.7800000000000002
1962,0.015551999999999996,3.62,3.7800000000000002
1963,0.015567999999999999,3.62,3.8000000000000003
1964,0.015584,3.62,3.8000000000000003
1965,0.015599999999999996,3.62,3.8000000000000003
1966,0.015615999999999998,3.66,3.8200000000000003
1967,0.015632,3.64,3.8200000000000003
1968,0.015647999999999995,3.68,3.8200000000000003
1969,0.015663999999999997,3.66,3.84
1970,0.01568,3.68,3.84
1971,0.015696,3.68,3.86
1972,0.015711999999999997,3.7,3.86
1973,0.015728,3.7,3.86
1974,0.015744,3.7,3.86
1975,0.015759999999999996,3.72,3.88
1976,0.015776,3.72,3.9
1977,0.015792,3.74,3.9
1978,0.015807999999999996,3.74,3.9
1979,0.015823999999999998,3.74,3.92
1980,0.01584,3.7600000000000002,3.92
1981,0.015856000000000002,3.7600000000000002,3.94
1982,0.015871999999999997,3.7600000000000002,3.94
1983,0.015888,3.7800000000000002,3.96
1984,0.015904,3.7800000000000002,3.96
1985,0.015919999999999997,3.8000000000000003,3.96
1986,0.015936,3.8000000000000003,3.96
1987,0.015952,3.8000000000000003,3.98
1988,0.015967999999999996,3.8200000000000003,3.98
1989,0.015983999999999998,3.8200000000000003,4.0
1990,0.016,3.8200000000000003,4.0200000000000005
1991,0.016015999999999996,3.84,4.0
1992,0.016031999999999998,3.84,4.0200000000000005
1993,0.016048,3.86,4.04
1994,0.016064000000000002,3.86,4.04
1995,0.016079999999999997,3.88,4.04
1996,0.016096,3.88,4.04
1997,0.016112,3.88,4.0600000000000005
1998,0.016127999999999997,3.9,4.08
1999,0.016144,3.88,4.0600000000000005
