,time,v1,v2
0,0.000158432,1.92,2.58
1,0.000158436,1.92,2.58
2,0.00015843999999999998,1.92,2.6
3,0.000158444,1.94,2.6
4,0.000158448,1.92,2.6
5,0.00015845199999999998,1.94,2.62
6,0.000158456,1.94,2.62
7,0.00015846,1.94,2.62
8,0.00015846399999999998,1.94,2.64
9,0.000158468,1.96,2.64
10,0.000158472,1.96,2.66
11,0.00015847599999999998,1.96,2.66
12,0.00015848,1.98,2.68
13,0.000158484,1.98,2.68
14,0.00015848799999999998,1.98,2.68
15,0.00015849199999999999,1.98,2.7
16,0.000158496,2.0,2.7
17,0.00015849999999999998,2.0,2.72
18,0.00015850399999999999,2.0,2.72
19,0.000158508,2.0,2.74
20,0.000158512,2.02,2.74
21,0.00015851599999999998,2.02,2.74
22,0.00015852,2.02,2.7600000000000002
23,0.000158524,2.02,2.7600000000000002
24,0.00015852799999999998,2.04,2.7600000000000002
25,0.000158532,2.04,2.7800000000000002
26,0.000158536,2.04,2.7800000000000002
27,0.00015853999999999998,2.04,2.7800000000000002
28,0.000158544,2.04,2.8000000000000003
29,0.000158548,2.06,2.8000000000000003
30,0.00015855199999999998,2.08,2.82
31,0.000158556,2.08,2.82
32,0.00015856,2.08,2.82
33,0.00015856399999999998,2.08,2.84
34,0.000158568,2.08,2.84
35,0.000158572,2.08,2.86
36,0.00015857599999999998,2.1,2.86
37,0.00015858,2.1,2.88
38,0.000158584,2.1,2.88
39,0.00015858799999999998,2.1,2.88
40,0.000158592,2.1,2.88
41,0.000158596,2.1,2.9
42,0.00015859999999999998,2.12,2.92
43,0.000158604,2.14,2.9
44,0.000158608,2.14,2.92
45,0.00015861199999999998,2.14,2.94
46,0.000158616,2.14,2.94
47,0.00015862,2.14,2.94
48,0.00015862399999999998,2.16,2.96
49,0.00015862799999999999,2.16,2.98
50,0.000158632,2.16,2.98
51,0.00015863599999999998,2.18,2.98
52,0.00015863999999999999,2.18,3.0
53,0.000158644,2.18,3.0
54,0.000158648,2.18,3.02
55,0.00015865199999999998,2.2,3.02
56,0.000158656,2.18,3.04
57,0.00015866,2.2,3.04
58,0.00015866399999999998,2.2,3.04
59,0.000158668,2.22,3.04
60,0.000158672,2.2,3.06
61,0.00015867599999999998,2.22,3.06
62,0.00015868,2.24,3.08
63,0.000158684,2.24,3.08
64,0.00015868799999999998,2.24,3.1
65,0.000158692,2.24,3.1
66,0.000158696,2.2600000000000002,3.1
67,0.00015869999999999998,2.2600000000000002,3.12
68,0.000158704,2.2600000000000002,3.12
69,0.000158708,2.2600000000000002,3.14
70,0.00015871199999999998,2.2600000000000002,3.14
71,0.000158716,2.2800000000000002,3.14
72,0.00015872,2.2800000000000002,3.16
73,0.00015872399999999998,2.2800000000000002,3.18
74,0.000158728,2.3000000000000003,3.16
75,0.000158732,2.3000000000000003,3.18
76,0.00015873599999999998,2.3000000000000003,3.2
77,0.00015874,2.32,3.22
78,0.000158744,2.32,3.2
79,0.00015874799999999998,2.32,3.22
80,0.000158752,2.34,3.24
81,0.000158756,2.34,3.22
82,0.00015875999999999998,2.34,3.24
83,0.00015876399999999999,2.34,3.24
84,0.000158768,2.34,3.2600000000000002
85,0.00015877199999999998,2.36,3.2800000000000002
86,0.00015877599999999999,2.36,3.2800000000000002
87,0.00015878,2.36,3.2800000000000002
88,0.000158784,2.38,3.2800000000000002
89,0.00015878799999999998,2.38,3.3000000000000003
90,0.000158792,2.4,3.3000000000000003
91,0.000158796,2.38,3.3200000000000003
92,0.00015879999999999998,2.4,3.3200000000000003
93,0.000158804,2.4,3.34
94,0.000158808,2.4,3.34
95,0.00015881199999999998,2.42,3.34
96,0.000158816,2.42,3.36
97,0.00015882,2.42,3.36
98,0.00015882399999999998,2.44,3.36
99,0.000158828,2.44,3.38
100,0.000158832,2.44,3.4
101,0.00015883599999999998,2.46,3.4
102,0.00015884,2.44,3.4
103,0.000158844,2.46,3.42
104,0.00015884799999999998,2.48,3.44
105,0.000158852,2.48,3.42
106,0.000158856,2.48,3.42
107,0.00015885999999999998,2.5,3.44
108,0.000158864,2.48,3.46
109,0.000158868,2.5,3.46
110,0.00015887199999999998,2.52,3.46
111,0.000158876,2.5,3.48
112,0.00015888,2.52,3.5
113,0.00015888399999999998,2.54,3.5
114,0.000158888,2.52,3.5
115,0.000158892,2.52,3.52
116,0.00015889599999999998,2.54,3.52
117,0.00015889999999999999,2.56,3.52
118,0.000158904,2.54,3.54
119,0.00015890799999999998,2.56,3.54
120,0.00015891199999999999,2.58,3.56
121,0.000158916,2.56,3.56
122,0.00015892,2.58,3.56
123,0.00015892399999999998,2.58,3.58
124,0.000158928,2.6,3.58
125,0.000158932,2.6,3.6
126,0.00015893599999999998,2.6,3.62
127,0.00015894,2.6,3.6
128,0.000158944,2.62,3.62
129,0.00015894799999999998,2.64,3.64
130,0.000158952,2.62,3.64
131,0.000158956,2.64,3.64
132,0.00015895999999999998,2.64,3.64
133,0.000158964,2.64,3.66
134,0.000158968,2.66,3.66
135,0.00015897199999999998,2.66,3.68
136,0.000158976,2.66,3.68
137,0.00015898,2.68,3.7
138,0.00015898399999999998,2.68,3.7
139,0.000158988,2.7,3.7
140,0.000158992,2.68,3.72
141,0.00015899599999999998,2.7,3.72
142,0.000159,2.72,3.72
143,0.000159004,2.7,3.74
144,0.00015900799999999998,2.7,3.74
145,0.000159012,2.72,3.7600000000000002
146,0.000159016,2.74,3.7800000000000002
147,0.00015901999999999998,2.74,3.7800000000000002
148,0.000159024,2.74,3.7800000000000002
149,0.000159028,2.74,3.8000000000000003
150,0.00015903199999999998,2.7600000000000002,3.8000000000000003
151,0.00015903599999999999,2.7800000000000002,3.8200000000000003
152,0.00015904,2.7800000000000002,3.8200000000000003
153,0.00015904399999999998,2.7800000000000002,3.8200000000000003
154,0.00015904799999999999,2.8000000000000003,3.8200000000000003
155,0.000159052,2.8000000000000003,3.84
156,0.000159056,2.8000000000000003,3.86
157,0.00015905999999999998,2.8000000000000003,3.86
158,0.000159064,2.8000000000000003,3.86
159,0.000159068,2.82,3.88
160,0.00015907199999999998,2.82,3.88
161,0.000159076,2.84,3.9
162,0.00015908,2.84,3.9
163,0.00015908399999999998,2.84,3.9
164,0.000159088,2.84,3.92
165,0.000159092,2.86,3.92
166,0.00015909599999999998,2.86,3.94
167,0.0001591,2.88,3.94
168,0.000159104,2.88,3.94
169,0.00015910799999999998,2.88,3.96
170,0.000159112,2.9,3.96
171,0.000159116,2.92,3.98
172,0.00015911999999999998,2.9,3.98
173,0.000159124,2.9,4.0
174,0.000159128,2.92,4.0
175,0.00015913199999999998,2.92,4.0
176,0.000159136,2.92,4.0200000000000005
177,0.00015914,2.94,4.0200000000000005
178,0.00015914399999999998,2.96,4.0200000000000005
179,0.000159148,2.96,4.04
180,0.000159152,2.96,4.0600000000000005
181,0.00015915599999999998,2.98,4.0600000000000005
182,0.00015916,2.96,4.0600000000000005
183,0.000159164,2.98,4.08
184,0.00015916799999999998,3.0,4.08
185,0.000159172,3.0,4.08
186,0.000159176,3.0,4.1
187,0.00015917999999999998,3.0,4.1
188,0.00015918399999999999,3.0,4.1
189,0.000159188,3.02,4.12
190,0.000159192,3.04,4.12
191,0.00015919599999999998,3.04,4.14
192,0.0001592,3.04,4.16
193,0.000159204,3.04,4.16
194,0.00015920799999999998,3.06,4.16
195,0.000159212,3.06,4.16
196,0.000159216,3.06,4.18
197,0.00015921999999999998,3.08,4.18
198,0.000159224,3.08,4.2
199,0.000159228,3.1,4.2
200,0.00015923199999999998,3.1,4.22
201,0.000159236,3.1,4.22
202,0.00015924,3.12,4.22
203,0.00015924399999999998,3.12,4.24
204,0.000159248,3.12,4.24
205,0.000159252,3.14,4.26
206,0.00015925599999999998,3.16,4.26
207,0.00015926,3.14,4.28
208,0.000159264,3.14,4.28
209,0.00015926799999999998,3.16,4.28
210,0.000159272,3.18,4.3
211,0.000159276,3.18,4.3
212,0.00015927999999999998,3.18,4.32
213,0.000159284,3.18,4.32
214,0.000159288,3.2,4.32
215,0.00015929199999999998,3.2,4.34
216,0.000159296,3.22,4.34
217,0.0001593,3.22,4.36
218,0.00015930399999999998,3.22,4.38
219,0.000159308,3.22,4.36
220,0.000159312,3.24,4.38
221,0.00015931599999999998,3.24,4.4
222,0.00015931999999999999,3.2600000000000002,4.4
223,0.000159324,3.2800000000000002,4.42
224,0.000159328,3.2800000000000002,4.4
225,0.00015933199999999998,3.2800000000000002,4.42
226,0.000159336,3.2800000000000002,4.42
227,0.00015934,3.2800000000000002,4.44
228,0.00015934399999999998,3.3000000000000003,4.44
229,0.000159348,3.3200000000000003,4.46
230,0.000159352,3.3200000000000003,4.46
231,0.00015935599999999998,3.34,4.46
232,0.00015936,3.3200000000000003,4.48
233,0.000159364,3.34,4.48
234,0.00015936799999999998,3.34,4.48
235,0.000159372,3.34,4.5
236,0.000159376,3.36,4.5
237,0.00015937999999999998,3.38,4.5200000000000005
238,0.000159384,3.36,4.5200000000000005
239,0.000159388,3.38,4.5200000000000005
240,0.00015939199999999998,3.4,4.54
241,0.000159396,3.4,4.5600000000000005
242,0.0001594,3.4,4.5600000000000005
243,0.00015940399999999998,3.4,4.5600000000000005
244,0.000159408,3.42,4.58
245,0.000159412,3.42,4.58
246,0.00015941599999999998,3.42,4.6000000000000005
247,0.00015942,3.42,4.6000000000000005
248,0.000159424,3.44,4.6000000000000005
249,0.00015942799999999998,3.46,4.62
250,0.000159432,3.44,4.62
251,0.000159436,3.46,4.64
252,0.00015943999999999998,3.48,4.66
253,0.000159444,3.48,4.64
254,0.000159448,3.48,4.66
255,0.00015945199999999998,3.5,4.66
256,0.00015945599999999999,3.5,4.68
257,0.00015946,3.5,4.68
258,0.000159464,3.52,4.68
259,0.00015946799999999998,3.52,4.7
260,0.000159472,3.52,4.7
261,0.000159476,3.52,4.72
262,0.00015947999999999998,3.54,4.72
263,0.000159484,3.54,4.72
264,0.000159488,3.54,4.74
265,0.00015949199999999998,3.56,4.74
266,0.000159496,3.56,4.76
267,0.0001595,3.58,4.78
268,0.00015950399999999998,3.56,4.78
269,0.000159508,3.58,4.78
270,0.000159512,3.58,4.8
271,0.00015951599999999998,3.6,4.8
272,0.00015952,3.6,4.82
273,0.000159524,3.62,4.82
274,0.00015952799999999998,3.62,4.84
275,0.000159532,3.64,4.82
276,0.000159536,3.64,4.86
277,0.00015953999999999998,3.64,4.84
278,0.000159544,3.66,4.86
279,0.000159548,3.66,4.86
280,0.00015955199999999998,3.68,4.88
281,0.000159556,3.68,4.88
282,0.00015956,3.68,4.88
283,0.00015956399999999998,3.7,4.9
284,0.000159568,3.7,4.92
285,0.000159572,3.7,4.92
286,0.00015957599999999998,3.72,4.92
287,0.00015958,3.74,4.84
288,0.000159584,3.74,3.72
289,0.00015958799999999998,3.7,1.58
290,0.00015959199999999999,3.64,0.06
291,0.000159596,3.66,-0.04
292,0.0001596,3.66,0.26
293,0.00015960399999999999,3.56,0.92
294,0.000159608,3.54,0.52
295,0.000159612,3.54,-0.04
296,0.00015961599999999998,3.52,-0.04
297,0.00015962,3.48,0.1
298,0.000159624,3.44,0.54
299,0.00015962799999999998,3.42,0.42
300,0.000159632,3.38,0.02
301,0.000159636,3.36,-0.04
302,0.00015963999999999998,3.36,0.12
303,0.000159644,3.3200000000000003,0.38
304,0.000159648,3.2800000000000002,0.34
305,0.00015965199999999998,3.2800000000000002,0.14
306,0.000159656,3.24,0.04
307,0.00015966,3.22,0.18
308,0.00015966399999999998,3.2,0.32
309,0.000159668,3.18,0.34
310,0.000159672,3.14,0.22
311,0.00015967599999999998,3.12,0.16
312,0.00015968,3.1,0.22
313,0.000159684,3.06,0.32
314,0.00015968799999999998,3.04,0.32
315,0.000159692,3.02,0.26
316,0.000159696,3.0,0.24
317,0.00015969999999999998,2.98,0.28
318,0.000159704,2.98,0.34
319,0.000159708,2.94,0.34
320,0.00015971199999999998,2.92,0.32
321,0.000159716,2.9,0.3
322,0.00015972,2.88,0.32
323,0.00015972399999999998,2.86,0.36
324,0.00015972799999999999,2.82,0.38
325,0.000159732,2.82,0.36
326,0.000159736,2.8000000000000003,0.34
327,0.00015973999999999999,2.7800000000000002,0.36
328,0.000159744,2.7600000000000002,0.38
329,0.000159748,2.74,0.4
330,0.00015975199999999998,2.74,0.4
331,0.000159756,2.72,0.4
332,0.00015976,2.68,0.4
333,0.00015976399999999998,2.66,0.42
334,0.000159768,2.64,0.42
335,0.000159772,2.64,0.44
336,0.00015977599999999998,2.62,0.44
337,0.00015978,2.6,0.44
338,0.000159784,2.58,0.46
339,0.00015978799999999998,2.58,0.46
340,0.000159792,2.56,0.48
341,0.000159796,2.54,0.48
342,0.00015979999999999998,2.52,0.48
343,0.000159804,2.5,0.5
344,0.000159808,2.5,0.52
345,0.00015981199999999998,2.48,0.52
346,0.000159816,2.46,0.52
347,0.00015982,2.46,0.52
348,0.00015982399999999998,2.44,0.52
349,0.000159828,2.42,0.54
350,0.000159832,2.4,0.56
351,0.00015983599999999998,2.4,0.56
352,0.00015984,2.38,0.56
353,0.000159844,2.36,0.56
354,0.00015984799999999998,2.34,0.58
355,0.000159852,2.32,0.58
356,0.000159856,2.32,0.6
357,0.00015985999999999998,2.3000000000000003,0.6
358,0.00015986399999999999,2.3000000000000003,0.6
359,0.000159868,2.3000000000000003,0.62
360,0.000159872,2.2800000000000002,0.62
361,0.00015987599999999999,2.2600000000000002,0.62
362,0.00015988,2.24,0.64
363,0.000159884,2.24,0.66
364,0.00015988799999999998,2.22,0.66
365,0.000159892,2.22,0.66
366,0.000159896,2.2,0.68
367,0.00015989999999999998,2.18,0.68
368,0.000159904,2.18,0.7000000000000001
369,0.000159908,2.16,0.68
370,0.00015991199999999998,2.16,0.7000000000000001
371,0.000159916,2.14,0.72
372,0.00015992,2.12,0.72
373,0.00015992399999999998,2.12,0.74
374,0.000159928,2.1,0.74
375,0.000159932,2.1,0.76
376,0.00015993599999999998,2.1,0.74
377,0.00015994,2.08,0.76
378,0.000159944,2.06,0.78
379,0.00015994799999999998,2.06,0.78
380,0.000159952,2.06,0.78
381,0.000159956,2.04,0.78
382,0.00015995999999999998,2.04,0.8
383,0.000159964,2.02,0.8200000000000001
384,0.000159968,2.02,0.8200000000000001
385,0.00015997199999999998,2.0,0.8200000000000001
386,0.000159976,1.98,0.84
387,0.00015998,2.0,0.84
388,0.00015998399999999998,1.98,0.86
389,0.000159988,1.98,0.86
390,0.000159992,1.98,0.86
391,0.00015999599999999998,1.96,0.88
392,0.00015999999999999999,1.94,0.88
393,0.000160004,1.94,0.9
394,0.000160008,1.94,0.9
395,0.00016001199999999999,1.92,0.9
396,0.000160016,1.9000000000000001,0.92
397,0.00016002,1.9000000000000001,0.92
398,0.00016002399999999998,1.9000000000000001,0.9400000000000001
399,0.000160028,1.9000000000000001,0.9400000000000001
400,0.000160032,1.8800000000000001,0.9400000000000001
401,0.00016003599999999998,1.8800000000000001,0.96
402,0.00016004,1.8800000000000001,0.96
403,0.000160044,1.86,0.96
404,0.00016004799999999998,1.86,0.98
405,0.000160052,1.86,1.0
406,0.000160056,1.86,0.98
407,0.00016005999999999998,1.84,1.0
408,0.000160064,1.84,1.02
409,0.000160068,1.84,1.02
410,0.00016007199999999998,1.82,1.02
411,0.000160076,1.82,1.02
412,0.00016008,1.8,1.04
413,0.00016008399999999998,1.8,1.04
414,0.000160088,1.8,1.06
415,0.000160092,1.8,1.08
416,0.00016009599999999998,1.78,1.06
417,0.0001601,1.78,1.08
418,0.000160104,1.78,1.1
419,0.00016010799999999998,1.76,1.1
420,0.000160112,1.78,1.1
421,0.000160116,1.78,1.12
422,0.00016011999999999998,1.76,1.12
423,0.000160124,1.76,1.12
424,0.000160128,1.74,1.1400000000000001
425,0.00016013199999999998,1.74,1.16
426,0.00016013599999999999,1.74,1.16
427,0.00016014,1.74,1.16
428,0.000160144,1.72,1.18
429,0.00016014799999999999,1.74,1.18
430,0.000160152,1.72,1.18
431,0.000160156,1.72,1.2
432,0.00016015999999999998,1.72,1.2
433,0.000160164,1.7,1.2
434,0.000160168,1.72,1.22
435,0.00016017199999999998,1.72,1.22
436,0.000160176,1.7,1.24
437,0.00016018,1.68,1.24
438,0.00016018399999999998,1.7,1.26
439,0.000160188,1.7,1.26
440,0.000160192,1.7,1.28
441,0.00016019599999999998,1.7,1.28
442,0.0001602,1.68,1.28
443,0.000160204,1.68,1.3
444,0.00016020799999999998,1.68,1.3
445,0.000160212,1.6600000000000001,1.32
446,0.000160216,1.6600000000000001,1.32
447,0.00016021999999999998,1.6600000000000001,1.32
448,0.000160224,1.6600000000000001,1.34
449,0.000160228,1.6600000000000001,1.34
450,0.00016023199999999998,1.6600000000000001,1.34
451,0.000160236,1.6400000000000001,1.36
452,0.00016024,1.6600000000000001,1.3800000000000001
453,0.00016024399999999998,1.6600000000000001,1.3800000000000001
454,0.000160248,1.6400000000000001,1.3800000000000001
455,0.000160252,1.6400000000000001,1.3800000000000001
456,0.00016025599999999998,1.6400000000000001,1.4000000000000001
457,0.00016026,1.6400000000000001,1.42
458,0.000160264,1.6400000000000001,1.42
459,0.00016026799999999998,1.6400000000000001,1.42
460,0.00016027199999999999,1.6400000000000001,1.44
461,0.000160276,1.6400000000000001,1.44
462,0.00016028,1.6400000000000001,1.46
463,0.00016028399999999999,1.62,1.46
464,0.000160288,1.6400000000000001,1.46
465,0.000160292,1.6400000000000001,1.46
466,0.00016029599999999998,1.6400000000000001,1.46
467,0.0001603,1.62,1.48
468,0.000160304,1.62,1.5
469,0.00016030799999999998,1.6400000000000001,1.48
470,0.000160312,1.6400000000000001,1.5
471,0.000160316,1.62,1.52
472,0.00016031999999999998,1.62,1.52
473,0.000160324,1.62,1.52
474,0.000160328,1.62,1.54
475,0.00016033199999999998,1.62,1.54
476,0.000160336,1.62,1.56
477,0.00016034,1.62,1.56
478,0.00016034399999999998,1.62,1.58
479,0.000160348,1.62,1.58
480,0.000160352,1.62,1.58
481,0.00016035599999999998,1.62,1.6
482,0.00016036,1.62,1.6
483,0.000160364,1.62,1.62
484,0.00016036799999999998,1.62,1.62
485,0.000160372,1.62,1.62
486,0.000160376,1.62,1.6400000000000001
487,0.00016037999999999998,1.62,1.6400000000000001
488,0.000160384,1.62,1.6600000000000001
489,0.000160388,1.62,1.6600000000000001
490,0.00016039199999999998,1.62,1.6600000000000001
491,0.000160396,1.62,1.68
492,0.0001604,1.62,1.68
493,0.00016040399999999998,1.62,1.68
494,0.00016040799999999999,1.62,1.7
495,0.000160412,1.62,1.7
496,0.00016041599999999998,1.62,1.72
497,0.00016041999999999999,1.62,1.72
498,0.000160424,1.62,1.72
499,0.000160428,1.62,1.74
500,0.00016043199999999998,1.62,1.76
501,0.000160436,1.62,1.76
502,0.00016044,1.62,1.76
503,0.00016044399999999998,1.62,1.78
504,0.000160448,1.62,1.8
505,0.000160452,1.6400000000000001,1.78
506,0.00016045599999999998,1.6400000000000001,1.8
507,0.00016046,1.6400000000000001,1.8
508,0.000160464,1.6400000000000001,1.82
509,0.00016046799999999998,1.62,1.82
510,0.000160472,1.6400000000000001,1.82
511,0.000160476,1.6400000000000001,1.84
512,0.00016047999999999998,1.62,1.84
513,0.000160484,1.6400000000000001,1.84
514,0.000160488,1.6400000000000001,1.86
515,0.00016049199999999998,1.6400000000000001,1.8800000000000001
516,0.000160496,1.6600000000000001,1.8800000000000001
517,0.0001605,1.6400000000000001,1.8800000000000001
518,0.00016050399999999998,1.6600000000000001,1.8800000000000001
519,0.000160508,1.6400000000000001,1.9000000000000001
520,0.000160512,1.6600000000000001,1.9000000000000001
521,0.00016051599999999998,1.6600000000000001,1.92
522,0.00016052,1.6600000000000001,1.94
523,0.000160524,1.6400000000000001,1.94
524,0.00016052799999999998,1.6600000000000001,1.94
525,0.000160532,1.6600000000000001,1.96
526,0.000160536,1.6600000000000001,1.96
527,0.00016053999999999998,1.6600000000000001,1.96
528,0.00016054399999999999,1.6600000000000001,1.98
529,0.000160548,1.68,1.98
530,0.000160552,1.6600000000000001,2.0
531,0.00016055599999999999,1.68,2.0
532,0.00016056,1.68,2.0
533,0.000160564,1.68,2.02
534,0.00016056799999999998,1.68,2.04
535,0.000160572,1.68,2.04
536,0.000160576,1.68,2.04
537,0.00016057999999999998,1.68,2.06
538,0.000160584,1.68,2.06
539,0.000160588,1.7,2.08
540,0.00016059199999999998,1.68,2.08
541,0.000160596,1.7,2.08
542,0.0001606,1.7,2.1
543,0.00016060399999999998,1.7,2.1
544,0.000160608,1.7,2.1
545,0.000160612,1.72,2.12
546,0.00016061599999999998,1.7,2.12
547,0.00016062,1.72,2.14
548,0.000160624,1.72,2.14
549,0.00016062799999999998,1.72,2.16
550,0.000160632,1.72,2.16
551,0.000160636,1.72,2.18
552,0.00016063999999999998,1.74,2.18
553,0.000160644,1.74,2.18
554,0.000160648,1.74,2.18
555,0.00016065199999999998,1.74,2.2
556,0.000160656,1.74,2.22
557,0.00016066,1.74,2.22
558,0.00016066399999999998,1.74,2.22
559,0.000160668,1.74,2.22
560,0.000160672,1.76,2.24
561,0.00016067599999999998,1.76,2.2600000000000002
562,0.00016067999999999999,1.76,2.2600000000000002
563,0.000160684,1.76,2.2600000000000002
564,0.00016068799999999998,1.78,2.2800000000000002
565,0.00016069199999999999,1.76,2.2800000000000002
566,0.000160696,1.78,2.2800000000000002
567,0.0001607,1.78,2.2800000000000002
568,0.00016070399999999998,1.8,2.3000000000000003
569,0.000160708,1.8,2.32
570,0.000160712,1.8,2.32
571,0.00016071599999999998,1.78,2.34
572,0.00016072,1.8,2.32
573,0.000160724,1.8,2.34
574,0.00016072799999999998,1.8,2.34
575,0.000160732,1.8,2.36
576,0.000160736,1.8,2.36
577,0.00016073999999999998,1.82,2.38
578,0.000160744,1.82,2.4
579,0.000160748,1.82,2.4
580,0.00016075199999999998,1.82,2.4
581,0.000160756,1.82,2.42
582,0.00016076,1.82,2.4
583,0.00016076399999999998,1.84,2.42
584,0.000160768,1.84,2.44
585,0.000160772,1.86,2.42
586,0.00016077599999999998,1.86,2.44
587,0.00016078,1.86,2.46
588,0.000160784,1.86,2.46
589,0.00016078799999999998,1.86,2.46
590,0.000160792,1.8800000000000001,2.48
591,0.000160796,1.86,2.48
592,0.00016079999999999998,1.8800000000000001,2.5
593,0.000160804,1.8800000000000001,2.52
594,0.000160808,1.8800000000000001,2.52
595,0.00016081199999999998,1.9000000000000001,2.54
596,0.00016081599999999999,1.9000000000000001,2.54
597,0.00016082,1.9000000000000001,2.54
598,0.000160824,1.9000000000000001,2.54
599,0.00016082799999999999,1.9000000000000001,2.56
600,0.000160832,1.9000000000000001,2.58
601,0.000160836,1.92,2.58
602,0.00016083999999999998,1.92,2.58
603,0.000160844,1.92,2.58
604,0.000160848,1.94,2.6
605,0.00016085199999999998,1.92,2.62
606,0.000160856,1.94,2.6
607,0.00016086,1.94,2.62
608,0.00016086399999999998,1.94,2.62
609,0.000160868,1.96,2.64
610,0.000160872,1.96,2.64
611,0.00016087599999999998,1.96,2.66
612,0.00016088,1.96,2.66
613,0.000160884,1.98,2.66
614,0.00016088799999999998,1.96,2.68
615,0.000160892,1.98,2.7
616,0.000160896,1.98,2.68
617,0.00016089999999999998,1.98,2.7
618,0.000160904,1.98,2.72
619,0.000160908,2.0,2.72
620,0.00016091199999999998,2.0,2.72
621,0.000160916,2.0,2.74
622,0.00016092,2.02,2.74
623,0.00016092399999999998,2.02,2.74
624,0.000160928,2.02,2.7600000000000002
625,0.000160932,2.02,2.7800000000000002
626,0.00016093599999999998,2.02,2.7800000000000002
627,0.00016094,2.04,2.7800000000000002
628,0.000160944,2.04,2.7800000000000002
629,0.00016094799999999998,2.04,2.7800000000000002
630,0.00016095199999999999,2.06,2.8000000000000003
631,0.000160956,2.06,2.8000000000000003
632,0.00016095999999999998,2.06,2.82
633,0.00016096399999999999,2.06,2.84
634,0.000160968,2.08,2.84
635,0.000160972,2.08,2.84
636,0.00016097599999999998,2.08,2.84
637,0.00016098,2.08,2.86
638,0.000160984,2.08,2.86
639,0.00016098799999999998,2.1,2.88
640,0.000160992,2.1,2.88
641,0.000160996,2.1,2.9
642,0.00016099999999999998,2.1,2.9
643,0.000161004,2.12,2.9
644,0.000161008,2.12,2.9
645,0.00016101199999999998,2.12,2.92
646,0.000161016,2.14,2.94
647,0.00016102,2.14,2.94
648,0.00016102399999999998,2.14,2.96
649,0.000161028,2.16,2.96
650,0.000161032,2.16,2.96
651,0.00016103599999999998,2.16,2.96
652,0.00016104,2.16,2.98
653,0.000161044,2.16,3.0
654,0.00016104799999999998,2.18,3.0
655,0.000161052,2.18,3.0
656,0.000161056,2.18,3.02
657,0.00016105999999999998,2.2,3.02
658,0.000161064,2.2,3.02
659,0.000161068,2.2,3.04
660,0.00016107199999999998,2.2,3.06
661,0.000161076,2.22,3.06
662,0.00016108,2.22,3.06
663,0.00016108399999999998,2.24,3.08
664,0.00016108799999999999,2.24,3.08
665,0.000161092,2.24,3.1
666,0.000161096,2.24,3.1
667,0.00016109999999999999,2.2600000000000002,3.1
668,0.000161104,2.24,3.12
669,0.000161108,2.2600000000000002,3.12
670,0.00016111199999999998,2.2600000000000002,3.14
671,0.000161116,2.2800000000000002,3.14
672,0.00016112,2.2800000000000002,3.16
673,0.00016112399999999998,2.2800000000000002,3.16
674,0.000161128,2.2800000000000002,3.16
675,0.000161132,2.3000000000000003,3.16
676,0.00016113599999999998,2.3000000000000003,3.18
677,0.00016114,2.3000000000000003,3.18
678,0.000161144,2.32,3.2
679,0.00016114799999999998,2.32,3.22
680,0.000161152,2.32,3.2
681,0.000161156,2.32,3.22
682,0.00016115999999999998,2.32,3.24
683,0.000161164,2.34,3.24
684,0.000161168,2.34,3.24
685,0.00016117199999999998,2.34,3.2600000000000002
686,0.000161176,2.36,3.2800000000000002
687,0.00016118,2.36,3.2600000000000002
688,0.00016118399999999998,2.38,3.2800000000000002
689,0.000161188,2.36,3.3000000000000003
690,0.000161192,2.38,3.3000000000000003
691,0.00016119599999999998,2.4,3.3000000000000003
692,0.0001612,2.4,3.3200000000000003
693,0.000161204,2.4,3.3200000000000003
694,0.00016120799999999998,2.4,3.3200000000000003
695,0.000161212,2.4,3.34
696,0.000161216,2.4,3.36
697,0.00016121999999999998,2.42,3.36
698,0.000161224,2.44,3.36
699,0.000161228,2.44,3.36
700,0.00016123199999999998,2.44,3.38
701,0.00016123599999999999,2.44,3.4
702,0.00016124,2.44,3.4
703,0.000161244,2.46,3.4
704,0.00016124799999999998,2.46,3.42
705,0.000161252,2.48,3.42
706,0.000161256,2.46,3.42
707,0.00016125999999999998,2.48,3.44
708,0.000161264,2.5,3.46
709,0.000161268,2.5,3.46
710,0.00016127199999999998,2.48,3.46
711,0.000161276,2.5,3.48
712,0.00016128,2.52,3.48
713,0.00016128399999999998,2.5,3.48
714,0.000161288,2.52,3.5
715,0.000161292,2.52,3.5
716,0.00016129599999999998,2.52,3.52
717,0.0001613,2.54,3.52
718,0.000161304,2.56,3.52
719,0.00016130799999999998,2.54,3.54
720,0.000161312,2.56,3.56
721,0.000161316,2.58,3.56
722,0.00016131999999999998,2.56,3.56
723,0.000161324,2.58,3.56
724,0.000161328,2.58,3.58
725,0.00016133199999999998,2.58,3.58
726,0.000161336,2.6,3.58
727,0.00016134,2.6,3.6
728,0.00016134399999999998,2.62,3.6
729,0.000161348,2.6,3.62
730,0.000161352,2.62,3.62
731,0.00016135599999999998,2.62,3.64
732,0.00016136,2.64,3.64
733,0.000161364,2.64,3.66
734,0.000161368,2.64,3.66
735,0.00016137199999999999,2.66,3.66
736,0.000161376,2.66,3.66
737,0.00016138,2.66,3.68
738,0.00016138399999999998,2.68,3.7
739,0.000161388,2.68,3.7
740,0.000161392,2.7,3.7
741,0.00016139599999999998,2.68,3.72
742,0.0001614,2.7,3.72
743,0.000161404,2.7,3.74
744,0.00016140799999999998,2.7,3.74
745,0.000161412,2.72,3.74
746,0.000161416,2.72,3.7600000000000002
747,0.00016141999999999998,2.74,3.7600000000000002
748,0.000161424,2.74,3.7800000000000002
749,0.000161428,2.74,3.7800000000000002
750,0.00016143199999999998,2.7600000000000002,3.8000000000000003
751,0.000161436,2.7600000000000002,3.8000000000000003
752,0.00016144,2.7800000000000002,3.8000000000000003
753,0.00016144399999999998,2.7600000000000002,3.8200000000000003
754,0.000161448,2.7800000000000002,3.8200000000000003
755,0.000161452,2.8000000000000003,3.84
756,0.00016145599999999998,2.8000000000000003,3.84
757,0.00016146,2.8000000000000003,3.84
758,0.000161464,2.8000000000000003,3.86
759,0.00016146799999999998,2.8000000000000003,3.86
760,0.000161472,2.82,3.86
761,0.000161476,2.84,3.88
762,0.00016147999999999998,2.82,3.9
763,0.000161484,2.84,3.9
764,0.000161488,2.86,3.9
765,0.00016149199999999998,2.86,3.92
766,0.000161496,2.86,3.92
767,0.0001615,2.86,3.94
768,0.00016150399999999998,2.86,3.94
769,0.00016150799999999999,2.86,3.94
770,0.000161512,2.88,3.96
771,0.000161516,2.9,3.96
772,0.00016151999999999998,2.9,3.98
773,0.000161524,2.9,3.98
774,0.000161528,2.92,3.98
775,0.00016153199999999998,2.92,4.0
776,0.000161536,2.92,4.0
777,0.00016154,2.94,4.0200000000000005
778,0.00016154399999999998,2.94,4.0200000000000005
779,0.000161548,2.96,4.04
780,0.000161552,2.94,4.04
781,0.00016155599999999998,2.96,4.04
782,0.00016156,2.96,4.0600000000000005
783,0.000161564,2.98,4.0600000000000005
784,0.00016156799999999998,2.98,4.0600000000000005
785,0.000161572,2.98,4.08
786,0.000161576,3.0,4.08
787,0.00016157999999999998,3.0,4.1
788,0.000161584,3.02,4.12
789,0.000161588,3.02,4.12
790,0.00016159199999999998,3.02,4.12
791,0.000161596,3.02,4.14
792,0.0001616,3.04,4.14
793,0.00016160399999999998,3.04,4.14
794,0.000161608,3.06,4.16
795,0.000161612,3.06,4.16
796,0.00016161599999999998,3.06,4.18
797,0.00016162,3.06,4.18
798,0.000161624,3.08,4.18
799,0.00016162799999999998,3.08,4.2
800,0.000161632,3.08,4.2
801,0.000161636,3.1,4.2
802,0.00016163999999999998,3.1,4.22
803,0.00016164399999999999,3.1,4.24
804,0.000161648,3.12,4.24
805,0.000161652,3.14,4.24
806,0.00016165599999999999,3.12,4.24
807,0.00016166,3.14,4.26
808,0.000161664,3.16,4.28
809,0.00016166799999999998,3.16,4.28
810,0.000161672,3.16,4.28
811,0.000161676,3.18,4.3
812,0.00016167999999999998,3.16,4.3
813,0.000161684,3.18,4.3
814,0.000161688,3.2,4.32
815,0.00016169199999999998,3.2,4.32
816,0.000161696,3.2,4.34
817,0.0001617,3.2,4.34
818,0.00016170399999999998,3.22,4.34
819,0.000161708,3.24,4.36
820,0.000161712,3.22,4.36
821,0.00016171599999999998,3.24,4.38
822,0.00016172,3.24,4.38
823,0.000161724,3.2600000000000002,4.38
824,0.00016172799999999998,3.2600000000000002,4.4
825,0.000161732,3.2800000000000002,4.4
826,0.000161736,3.2800000000000002,4.42
827,0.00016173999999999998,3.3000000000000003,4.42
828,0.000161744,3.3000000000000003,4.42
829,0.000161748,3.3000000000000003,4.44
830,0.00016175199999999998,3.3200000000000003,4.44
831,0.000161756,3.3200000000000003,4.46
832,0.00016176,3.3200000000000003,4.46
833,0.00016176399999999998,3.3200000000000003,4.46
834,0.000161768,3.3200000000000003,4.48
835,0.000161772,3.34,4.5
836,0.00016177599999999998,3.36,4.5
837,0.00016177999999999999,3.36,4.5
838,0.000161784,3.36,4.5
839,0.000161788,3.36,4.5200000000000005
840,0.00016179199999999999,3.38,4.54
841,0.000161796,3.38,4.54
842,0.0001618,3.4,4.54
843,0.00016180399999999998,3.38,4.54
844,0.000161808,3.4,4.5600000000000005
845,0.000161812,3.4,4.5600000000000005
846,0.00016181599999999998,3.42,4.58
847,0.00016182,3.42,4.58
848,0.000161824,3.44,4.6000000000000005
849,0.00016182799999999998,3.46,4.6000000000000005
850,0.000161832,3.44,4.62
851,0.000161836,3.44,4.62
852,0.00016183999999999998,3.46,4.62
853,0.000161844,3.48,4.64
854,0.000161848,3.48,4.64
855,0.00016185199999999998,3.48,4.66
856,0.000161856,3.48,4.66
857,0.00016186,3.5,4.68
858,0.00016186399999999998,3.5,4.68
859,0.000161868,3.5,4.68
860,0.000161872,3.52,4.7
861,0.00016187599999999998,3.52,4.7
862,0.00016188,3.52,4.72
863,0.000161884,3.54,4.72
864,0.00016188799999999998,3.54,4.72
865,0.000161892,3.56,4.74
866,0.000161896,3.56,4.76
867,0.00016189999999999998,3.56,4.76
868,0.000161904,3.58,4.76
869,0.000161908,3.58,4.76
870,0.00016191199999999998,3.58,4.78
871,0.00016191599999999999,3.6,4.8
872,0.00016192,3.6,4.8
873,0.000161924,3.62,4.8
874,0.00016192799999999999,3.62,4.82
875,0.000161932,3.62,4.82
876,0.000161936,3.64,4.84
877,0.00016193999999999998,3.64,4.84
878,0.000161944,3.64,4.84
879,0.000161948,3.66,4.86
880,0.00016195199999999998,3.66,4.86
881,0.000161956,3.68,4.86
882,0.00016196,3.66,4.88
883,0.00016196399999999998,3.68,4.88
884,0.000161968,3.68,4.88
885,0.000161972,3.7,4.9
886,0.00016197599999999998,3.7,4.9
887,0.00016198,3.7,4.92
888,0.000161984,3.72,4.94
889,0.00016198799999999998,3.72,4.84
890,0.000161992,3.74,3.72
891,0.000161996,3.72,1.6
892,0.00016199999999999998,3.66,0.08
893,0.000162004,3.66,-0.04
894,0.000162008,3.66,0.26
895,0.00016201199999999998,3.58,0.92
896,0.000162016,3.54,0.54
897,0.00016202,3.54,-0.04
898,0.00016202399999999998,3.52,-0.04
899,0.000162028,3.48,0.1
900,0.000162032,3.44,0.54
901,0.00016203599999999998,3.42,0.44
902,0.00016204,3.38,0.04
903,0.000162044,3.38,-0.04
904,0.00016204799999999998,3.36,0.12
905,0.00016205199999999999,3.3200000000000003,0.4
906,0.000162056,3.2800000000000002,0.34
907,0.00016206,3.2600000000000002,0.14
908,0.00016206399999999999,3.24,0.06
909,0.000162068,3.22,0.18
910,0.000162072,3.2,0.34
911,0.00016207599999999998,3.18,0.34
912,0.00016208,3.14,0.22
913,0.000162084,3.12,0.16
914,0.00016208799999999998,3.1,0.24
915,0.000162092,3.08,0.32
916,0.000162096,3.06,0.34
917,0.00016209999999999998,3.02,0.28
918,0.000162104,3.0,0.24
919,0.000162108,3.0,0.28
920,0.00016211199999999998,2.96,0.32
921,0.000162116,2.94,0.34
922,0.00016212,2.92,0.32
923,0.00016212399999999998,2.9,0.3
924,0.000162128,2.88,0.32
925,0.000162132,2.86,0.36
926,0.00016213599999999998,2.84,0.38
927,0.00016214,2.82,0.36
928,0.000162144,2.82,0.34
929,0.00016214799999999998,2.8000000000000003,0.36
930,0.000162152,2.7600000000000002,0.38
931,0.000162156,2.74,0.4
932,0.00016215999999999998,2.72,0.4
933,0.000162164,2.7,0.42
934,0.000162168,2.68,0.42
935,0.00016217199999999998,2.68,0.42
936,0.000162176,2.66,0.42
937,0.00016218,2.64,0.44
938,0.00016218399999999998,2.62,0.44
939,0.00016218799999999999,2.62,0.46
940,0.000162192,2.6,0.46
941,0.000162196,2.58,0.48
942,0.00016219999999999999,2.56,0.48
943,0.000162204,2.54,0.48
944,0.000162208,2.54,0.5
945,0.00016221199999999998,2.52,0.5
946,0.000162216,2.5,0.52
947,0.00016222,2.48,0.52
948,0.00016222399999999998,2.48,0.52
949,0.000162228,2.46,0.54
950,0.000162232,2.44,0.54
951,0.00016223599999999998,2.42,0.56
952,0.00016224,2.42,0.54
953,0.000162244,2.4,0.56
954,0.00016224799999999998,2.38,0.58
955,0.000162252,2.38,0.58
956,0.000162256,2.36,0.58
957,0.00016225999999999998,2.34,0.6
958,0.000162264,2.34,0.6
959,0.000162268,2.32,0.62
960,0.00016227199999999998,2.3000000000000003,0.64
961,0.000162276,2.2800000000000002,0.62
962,0.00016228,2.2800000000000002,0.64
963,0.00016228399999999998,2.2800000000000002,0.64
964,0.000162288,2.2600000000000002,0.64
965,0.000162292,2.24,0.66
966,0.00016229599999999998,2.24,0.66
967,0.0001623,2.22,0.68
968,0.000162304,2.2,0.68
969,0.00016230799999999998,2.2,0.7000000000000001
970,0.000162312,2.18,0.68
971,0.000162316,2.16,0.72
972,0.00016231999999999998,2.16,0.7000000000000001
973,0.00016232399999999999,2.16,0.72
974,0.000162328,2.14,0.72
975,0.000162332,2.12,0.74
976,0.00016233599999999999,2.12,0.74
977,0.00016234,2.1,0.76
978,0.000162344,2.12,0.76
979,0.00016234799999999998,2.1,0.76
980,0.000162352,2.08,0.78
981,0.000162356,2.08,0.78
982,0.00016235999999999998,2.06,0.8
983,0.000162364,2.04,0.8
984,0.000162368,2.04,0.8
985,0.00016237199999999998,2.04,0.8200000000000001
986,0.000162376,2.02,0.8200000000000001
987,0.00016238,2.02,0.84
988,0.00016238399999999998,2.0,0.84
989,0.000162388,2.0,0.84
990,0.000162392,2.0,0.86
991,0.00016239599999999998,1.98,0.86
992,0.0001624,1.96,0.86
993,0.000162404,1.98,0.88
994,0.00016240799999999998,1.96,0.9
995,0.000162412,1.94,0.9
996,0.000162416,1.94,0.9
997,0.00016241999999999998,1.92,0.92
998,0.000162424,1.94,0.92
999,0.000162428,1.92,0.92
1000,0.00016243199999999998,1.92,0.9400000000000001
1001,0.000162436,1.9000000000000001,0.9400000000000001
1002,0.00016244,1.9000000000000001,0.96
1003,0.00016244399999999998,1.8800000000000001,0.96
1004,0.000162448,1.8800000000000001,0.96
1005,0.000162452,1.8800000000000001,0.98
1006,0.00016245599999999998,1.86,1.0
1007,0.00016245999999999999,1.86,1.0
1008,0.000162464,1.86,1.0
1009,0.00016246799999999998,1.86,1.02
1010,0.00016247199999999999,1.84,1.02
1011,0.000162476,1.84,1.02
1012,0.00016248,1.84,1.02
1013,0.00016248399999999998,1.82,1.04
1014,0.000162488,1.82,1.06
1015,0.000162492,1.82,1.06
1016,0.00016249599999999998,1.82,1.06
1017,0.0001625,1.8,1.08
1018,0.000162504,1.8,1.08
1019,0.00016250799999999998,1.78,1.1
1020,0.000162512,1.8,1.1
1021,0.000162516,1.78,1.1
1022,0.00016251999999999998,1.78,1.1
1023,0.000162524,1.76,1.12
1024,0.000162528,1.78,1.12
1025,0.00016253199999999998,1.76,1.1400000000000001
1026,0.000162536,1.76,1.1400000000000001
1027,0.00016254,1.74,1.16
1028,0.00016254399999999998,1.76,1.16
1029,0.000162548,1.74,1.18
1030,0.000162552,1.74,1.16
1031,0.00016255599999999998,1.72,1.18
1032,0.00016256,1.74,1.2
1033,0.000162564,1.74,1.2
1034,0.00016256799999999998,1.72,1.22
1035,0.000162572,1.72,1.22
1036,0.000162576,1.7,1.22
1037,0.00016257999999999998,1.72,1.24
1038,0.000162584,1.72,1.24
1039,0.000162588,1.7,1.26
1040,0.00016259199999999998,1.7,1.26
1041,0.00016259599999999999,1.68,1.26
1042,0.0001626,1.7,1.28
1043,0.000162604,1.7,1.28
1044,0.00016260799999999999,1.68,1.28
1045,0.000162612,1.68,1.3
1046,0.000162616,1.68,1.3
1047,0.00016261999999999998,1.68,1.32
1048,0.000162624,1.6600000000000001,1.32
1049,0.000162628,1.68,1.34
1050,0.00016263199999999998,1.68,1.34
1051,0.000162636,1.6600000000000001,1.34
1052,0.00016264,1.6600000000000001,1.36
1053,0.00016264399999999998,1.6600000000000001,1.36
1054,0.000162648,1.6600000000000001,1.36
1055,0.000162652,1.6600000000000001,1.3800000000000001
1056,0.00016265599999999998,1.6600000000000001,1.4000000000000001
1057,0.00016266,1.6600000000000001,1.4000000000000001
1058,0.000162664,1.6600000000000001,1.4000000000000001
1059,0.00016266799999999998,1.6600000000000001,1.42
1060,0.000162672,1.6600000000000001,1.42
1061,0.000162676,1.6600000000000001,1.44
1062,0.00016267999999999998,1.6600000000000001,1.44
1063,0.000162684,1.6400000000000001,1.44
1064,0.000162688,1.6600000000000001,1.46
1065,0.00016269199999999998,1.6400000000000001,1.46
1066,0.000162696,1.6400000000000001,1.48
1067,0.0001627,1.6400000000000001,1.46
1068,0.00016270399999999998,1.6400000000000001,1.48
1069,0.000162708,1.62,1.48
1070,0.000162712,1.6400000000000001,1.5
1071,0.00016271599999999998,1.6400000000000001,1.52
1072,0.00016272,1.62,1.52
1073,0.000162724,1.6400000000000001,1.54
1074,0.00016272799999999998,1.6400000000000001,1.54
1075,0.00016273199999999999,1.6400000000000001,1.54
1076,0.000162736,1.6400000000000001,1.54
1077,0.00016273999999999998,1.6400000000000001,1.54
1078,0.00016274399999999999,1.6400000000000001,1.56
1079,0.000162748,1.6400000000000001,1.58
1080,0.000162752,1.6400000000000001,1.58
1081,0.00016275599999999998,1.62,1.58
1082,0.00016276,1.62,1.6
1083,0.000162764,1.62,1.6
1084,0.00016276799999999998,1.6400000000000001,1.6
1085,0.000162772,1.62,1.62
1086,0.000162776,1.62,1.62
1087,0.00016277999999999998,1.6400000000000001,1.6400000000000001
1088,0.000162784,1.6400000000000001,1.6400000000000001
1089,0.000162788,1.62,1.6400000000000001
1090,0.00016279199999999998,1.6400000000000001,1.6400000000000001
1091,0.000162796,1.6400000000000001,1.6600000000000001
1092,0.0001628,1.62,1.68
1093,0.00016280399999999998,1.62,1.7
1094,0.000162808,1.6400000000000001,1.7
1095,0.000162812,1.6400000000000001,1.7
1096,0.00016281599999999998,1.6400000000000001,1.7
1097,0.00016282,1.6400000000000001,1.72
1098,0.000162824,1.6400000000000001,1.72
1099,0.00016282799999999998,1.6400000000000001,1.74
1100,0.000162832,1.6400000000000001,1.74
1101,0.000162836,1.62,1.74
1102,0.00016283999999999998,1.6400000000000001,1.74
1103,0.000162844,1.6400000000000001,1.76
1104,0.000162848,1.6400000000000001,1.78
1105,0.00016285199999999998,1.6400000000000001,1.78
1106,0.000162856,1.6400000000000001,1.8
1107,0.00016286,1.6400000000000001,1.8
1108,0.00016286399999999998,1.6400000000000001,1.82
1109,0.00016286799999999999,1.6400000000000001,1.8
1110,0.000162872,1.6400000000000001,1.82
1111,0.000162876,1.6400000000000001,1.82
1112,0.00016287999999999999,1.6400000000000001,1.84
1113,0.000162884,1.6400000000000001,1.86
1114,0.000162888,1.6400000000000001,1.84
1115,0.00016289199999999998,1.6600000000000001,1.86
1116,0.000162896,1.6600000000000001,1.86
1117,0.0001629,1.6600000000000001,1.8800000000000001
1118,0.00016290399999999998,1.6600000000000001,1.8800000000000001
1119,0.000162908,1.6600000000000001,1.9000000000000001
1120,0.000162912,1.6600000000000001,1.92
1121,0.00016291599999999998,1.6600000000000001,1.9000000000000001
1122,0.00016292,1.6600000000000001,1.92
1123,0.000162924,1.6600000000000001,1.94
1124,0.00016292799999999998,1.6600000000000001,1.94
1125,0.000162932,1.6600000000000001,1.94
1126,0.000162936,1.6600000000000001,1.94
1127,0.00016293999999999998,1.68,1.96
1128,0.000162944,1.6600000000000001,1.96
1129,0.000162948,1.6600000000000001,1.98
1130,0.00016295199999999998,1.68,2.0
1131,0.000162956,1.68,2.0
1132,0.00016296,1.68,2.0
1133,0.00016296399999999998,1.68,2.0
1134,0.000162968,1.68,2.02
1135,0.000162972,1.68,2.04
1136,0.00016297599999999998,1.68,2.02
1137,0.00016298,1.7,2.04
1138,0.000162984,1.7,2.06
1139,0.00016298799999999998,1.7,2.04
1140,0.000162992,1.7,2.06
1141,0.000162996,1.7,2.08
1142,0.00016299999999999998,1.72,2.08
1143,0.00016300399999999999,1.72,2.08
1144,0.000163008,1.7,2.1
1145,0.00016301199999999998,1.7,2.12
1146,0.00016301599999999999,1.72,2.12
1147,0.00016302,1.72,2.14
1148,0.000163024,1.72,2.12
1149,0.00016302799999999998,1.72,2.14
1150,0.000163032,1.72,2.14
1151,0.000163036,1.74,2.16
1152,0.00016303999999999998,1.74,2.16
1153,0.000163044,1.74,2.18
1154,0.000163048,1.74,2.18
1155,0.00016305199999999998,1.72,2.18
1156,0.000163056,1.74,2.2
1157,0.00016306,1.76,2.2
1158,0.00016306399999999998,1.76,2.22
1159,0.000163068,1.76,2.22
1160,0.000163072,1.74,2.24
1161,0.00016307599999999998,1.76,2.24
1162,0.00016308,1.76,2.24
1163,0.000163084,1.78,2.24
1164,0.00016308799999999998,1.78,2.2600000000000002
1165,0.000163092,1.78,2.2800000000000002
1166,0.000163096,1.78,2.2800000000000002
1167,0.00016309999999999998,1.78,2.2800000000000002
1168,0.000163104,1.78,2.2800000000000002
1169,0.000163108,1.8,2.3000000000000003
1170,0.00016311199999999998,1.78,2.3000000000000003
1171,0.000163116,1.8,2.32
1172,0.00016312,1.8,2.34
1173,0.00016312399999999998,1.8,2.34
1174,0.000163128,1.82,2.34
1175,0.000163132,1.8,2.36
1176,0.00016313599999999998,1.8,2.36
1177,0.00016313999999999999,1.82,2.36
1178,0.000163144,1.82,2.38
1179,0.000163148,1.82,2.4
1180,0.00016315199999999999,1.82,2.4
1181,0.000163156,1.84,2.4
1182,0.00016316,1.84,2.42
1183,0.00016316399999999998,1.84,2.42
1184,0.000163168,1.84,2.44
1185,0.000163172,1.86,2.44
1186,0.00016317599999999998,1.86,2.44
1187,0.00016318,1.86,2.46
1188,0.000163184,1.86,2.46
1189,0.00016318799999999998,1.86,2.46
1190,0.000163192,1.86,2.46
1191,0.000163196,1.8800000000000001,2.48
1192,0.00016319999999999998,1.8800000000000001,2.48
1193,0.000163204,1.8800000000000001,2.48
1194,0.000163208,1.8800000000000001,2.5
1195,0.00016321199999999998,1.8800000000000001,2.5
1196,0.000163216,1.9000000000000001,2.52
1197,0.00016322,1.9000000000000001,2.52
1198,0.00016322399999999998,1.9000000000000001,2.52
1199,0.000163228,1.9000000000000001,2.54
1200,0.000163232,1.9000000000000001,2.56
1201,0.00016323599999999998,1.92,2.56
1202,0.00016324,1.92,2.56
1203,0.000163244,1.92,2.58
1204,0.00016324799999999998,1.94,2.58
1205,0.000163252,1.92,2.6
1206,0.000163256,1.94,2.6
1207,0.00016325999999999998,1.94,2.62
1208,0.000163264,1.94,2.62
1209,0.000163268,1.94,2.62
1210,0.00016327199999999998,1.96,2.62
1211,0.000163276,1.96,2.64
1212,0.00016328,1.94,2.66
1213,0.00016328399999999998,1.96,2.64
1214,0.00016328799999999999,1.98,2.66
1215,0.000163292,1.98,2.66
1216,0.000163296,1.98,2.68
1217,0.00016329999999999998,1.98,2.68
1218,0.000163304,2.0,2.7
1219,0.000163308,2.0,2.7
1220,0.00016331199999999998,2.0,2.7
1221,0.000163316,2.0,2.72
1222,0.00016332,2.02,2.74
1223,0.00016332399999999998,2.0,2.74
1224,0.000163328,2.02,2.74
1225,0.000163332,2.02,2.74
1226,0.00016333599999999998,2.02,2.7600000000000002
1227,0.00016334,2.04,2.7600000000000002
1228,0.000163344,2.04,2.7800000000000002
1229,0.00016334799999999998,2.04,2.8000000000000003
1230,0.000163352,2.06,2.8000000000000003
1231,0.000163356,2.06,2.8000000000000003
1232,0.00016335999999999998,2.06,2.8000000000000003
1233,0.000163364,2.06,2.82
1234,0.000163368,2.08,2.84
1235,0.00016337199999999998,2.08,2.84
1236,0.000163376,2.06,2.84
1237,0.00016338,2.08,2.86
1238,0.00016338399999999998,2.1,2.86
1239,0.000163388,2.1,2.88
1240,0.000163392,2.1,2.88
1241,0.00016339599999999998,2.1,2.88
1242,0.0001634,2.12,2.9
1243,0.000163404,2.1,2.9
1244,0.00016340799999999998,2.12,2.9
1245,0.000163412,2.12,2.92
1246,0.000163416,2.14,2.92
1247,0.00016342,2.14,2.94
1248,0.00016342399999999999,2.14,2.94
1249,0.000163428,2.14,2.96
1250,0.000163432,2.14,2.96
1251,0.00016343599999999998,2.16,2.96
1252,0.00016344,2.16,2.98
1253,0.000163444,2.16,2.98
1254,0.00016344799999999998,2.18,3.0
1255,0.000163452,2.18,3.0
1256,0.000163456,2.18,3.0
1257,0.00016345999999999998,2.18,3.02
1258,0.000163464,2.18,3.02
1259,0.000163468,2.2,3.02
1260,0.00016347199999999998,2.2,3.04
1261,0.000163476,2.2,3.04
1262,0.00016348,2.22,3.06
1263,0.00016348399999999998,2.22,3.06
1264,0.000163488,2.24,3.08
1265,0.000163492,2.22,3.08
1266,0.00016349599999999998,2.24,3.08
1267,0.0001635,2.24,3.1
1268,0.000163504,2.24,3.1
1269,0.00016350799999999998,2.24,3.12
1270,0.000163512,2.2600000000000002,3.12
1271,0.000163516,2.2800000000000002,3.12
1272,0.00016351999999999998,2.2800000000000002,3.14
1273,0.000163524,2.2600000000000002,3.16
1274,0.000163528,2.2800000000000002,3.16
1275,0.00016353199999999998,2.3000000000000003,3.16
1276,0.000163536,2.2800000000000002,3.18
1277,0.00016354,2.3000000000000003,3.2
1278,0.00016354399999999998,2.3000000000000003,3.18
1279,0.000163548,2.32,3.2
1280,0.000163552,2.32,3.2
1281,0.00016355599999999998,2.32,3.22
1282,0.00016355999999999999,2.32,3.24
1283,0.000163564,2.34,3.22
1284,0.000163568,2.34,3.24
1285,0.00016357199999999998,2.36,3.24
1286,0.000163576,2.34,3.2600000000000002
1287,0.00016358,2.36,3.2800000000000002
1288,0.00016358399999999998,2.36,3.2800000000000002
1289,0.000163588,2.38,3.2800000000000002
1290,0.000163592,2.38,3.3000000000000003
1291,0.00016359599999999998,2.4,3.3000000000000003
1292,0.0001636,2.38,3.3200000000000003
1293,0.000163604,2.38,3.3200000000000003
1294,0.00016360799999999998,2.4,3.3200000000000003
1295,0.000163612,2.4,3.34
1296,0.000163616,2.4,3.34
1297,0.00016361999999999998,2.42,3.34
1298,0.000163624,2.42,3.36
1299,0.000163628,2.44,3.36
1300,0.00016363199999999998,2.42,3.38
1301,0.000163636,2.44,3.38
1302,0.00016364,2.46,3.38
1303,0.00016364399999999998,2.46,3.4
1304,0.000163648,2.46,3.4
1305,0.000163652,2.48,3.42
1306,0.00016365599999999998,2.48,3.42
1307,0.00016366,2.48,3.44
1308,0.000163664,2.48,3.44
1309,0.00016366799999999998,2.48,3.46
1310,0.000163672,2.5,3.46
1311,0.000163676,2.5,3.46
1312,0.00016367999999999998,2.5,3.46
1313,0.000163684,2.5,3.48
1314,0.000163688,2.52,3.5
1315,0.000163692,2.54,3.48
1316,0.00016369599999999999,2.52,3.5
1317,0.0001637,2.52,3.52
1318,0.000163704,2.54,3.52
1319,0.00016370799999999999,2.54,3.52
1320,0.000163712,2.56,3.54
1321,0.000163716,2.56,3.54
1322,0.00016371999999999998,2.56,3.54
1323,0.000163724,2.56,3.56
1324,0.000163728,2.58,3.56
1325,0.00016373199999999998,2.58,3.58
1326,0.000163736,2.58,3.58
1327,0.00016374,2.6,3.58
1328,0.00016374399999999998,2.62,3.6
1329,0.000163748,2.6,3.62
1330,0.000163752,2.62,3.62
1331,0.00016375599999999998,2.62,3.62
1332,0.00016376,2.62,3.64
1333,0.000163764,2.64,3.64
1334,0.00016376799999999998,2.64,3.66
1335,0.000163772,2.64,3.66
1336,0.000163776,2.64,3.66
1337,0.00016377999999999998,2.66,3.68
1338,0.000163784,2.66,3.68
1339,0.000163788,2.68,3.7
1340,0.00016379199999999998,2.68,3.7
1341,0.000163796,2.68,3.7
1342,0.0001638,2.68,3.72
1343,0.00016380399999999998,2.7,3.72
1344,0.000163808,2.7,3.74
1345,0.000163812,2.72,3.74
1346,0.00016381599999999998,2.72,3.74
1347,0.00016382,2.74,3.7600000000000002
1348,0.000163824,2.74,3.7600000000000002
1349,0.00016382799999999998,2.74,3.7800000000000002
1350,0.00016383199999999999,2.74,3.7800000000000002
1351,0.000163836,2.7600000000000002,3.8000000000000003
1352,0.00016384,2.7600000000000002,3.8000000000000003
1353,0.00016384399999999999,2.7600000000000002,3.8000000000000003
1354,0.000163848,2.7800000000000002,3.8200000000000003
1355,0.000163852,2.7800000000000002,3.8200000000000003
1356,0.00016385599999999998,2.7800000000000002,3.84
1357,0.00016386,2.8000000000000003,3.84
1358,0.000163864,2.8000000000000003,3.84
1359,0.00016386799999999998,2.8000000000000003,3.86
1360,0.000163872,2.82,3.88
1361,0.000163876,2.82,3.88
1362,0.00016387999999999998,2.82,3.88
1363,0.000163884,2.84,3.9
1364,0.000163888,2.84,3.9
1365,0.00016389199999999998,2.84,3.9
1366,0.000163896,2.86,3.92
1367,0.0001639,2.84,3.92
1368,0.00016390399999999998,2.86,3.92
1369,0.000163908,2.88,3.94
1370,0.000163912,2.88,3.94
1371,0.00016391599999999998,2.9,3.96
1372,0.00016392,2.88,3.96
1373,0.000163924,2.9,3.98
1374,0.00016392799999999998,2.9,3.98
1375,0.000163932,2.92,3.98
1376,0.000163936,2.92,4.0
1377,0.00016393999999999998,2.92,4.0
1378,0.000163944,2.92,4.0
1379,0.000163948,2.94,4.0200000000000005
1380,0.00016395199999999998,2.94,4.0200000000000005
1381,0.000163956,2.96,4.04
1382,0.00016396,2.98,4.0600000000000005
1383,0.000163964,2.96,4.0600000000000005
1384,0.00016396799999999999,2.96,4.0600000000000005
1385,0.000163972,2.98,4.0600000000000005
1386,0.000163976,3.0,4.08
1387,0.00016397999999999999,2.98,4.08
1388,0.000163984,3.0,4.1
1389,0.000163988,3.02,4.1
1390,0.00016399199999999998,3.0,4.12
1391,0.000163996,3.02,4.12
1392,0.000164,3.02,4.12
1393,0.00016400399999999998,3.02,4.14
1394,0.000164008,3.04,4.14
1395,0.000164012,3.06,4.14
1396,0.00016401599999999998,3.06,4.16
1397,0.00016402,3.06,4.18
1398,0.000164024,3.08,4.16
1399,0.00016402799999999998,3.06,4.18
1400,0.000164032,3.08,4.2
1401,0.000164036,3.1,4.2
1402,0.00016403999999999998,3.1,4.2
1403,0.000164044,3.1,4.22
1404,0.000164048,3.12,4.22
1405,0.00016405199999999998,3.12,4.24
1406,0.000164056,3.12,4.24
1407,0.00016406,3.14,4.26
1408,0.00016406399999999998,3.14,4.26
1409,0.000164068,3.14,4.26
1410,0.000164072,3.16,4.26
1411,0.00016407599999999998,3.16,4.28
1412,0.00016408,3.16,4.3
1413,0.000164084,3.18,4.3
1414,0.00016408799999999998,3.18,4.3
1415,0.000164092,3.2,4.32
1416,0.000164096,3.18,4.32
1417,0.00016409999999999998,3.2,4.34
1418,0.00016410399999999999,3.22,4.36
1419,0.000164108,3.22,4.34
1420,0.000164112,3.24,4.36
1421,0.00016411599999999999,3.24,4.36
1422,0.00016412,3.24,4.38
1423,0.000164124,3.2600000000000002,4.38
1424,0.00016412799999999998,3.2600000000000002,4.38
1425,0.000164132,3.2800000000000002,4.4
1426,0.000164136,3.2600000000000002,4.42
1427,0.00016413999999999998,3.2800000000000002,4.42
1428,0.000164144,3.3000000000000003,4.42
1429,0.000164148,3.3000000000000003,4.44
1430,0.00016415199999999998,3.3000000000000003,4.44
1431,0.000164156,3.3000000000000003,4.46
1432,0.00016416,3.3200000000000003,4.46
1433,0.00016416399999999998,3.3200000000000003,4.46
1434,0.000164168,3.3200000000000003,4.48
1435,0.000164172,3.34,4.48
1436,0.00016417599999999998,3.34,4.48
1437,0.00016418,3.36,4.5
1438,0.000164184,3.36,4.5200000000000005
1439,0.00016418799999999998,3.36,4.5200000000000005
1440,0.000164192,3.36,4.5200000000000005
1441,0.000164196,3.38,4.54
1442,0.00016419999999999998,3.4,4.54
1443,0.000164204,3.38,4.5600000000000005
1444,0.000164208,3.4,4.54
1445,0.00016421199999999998,3.4,4.5600000000000005
1446,0.000164216,3.42,4.58
1447,0.00016422,3.42,4.6000000000000005
1448,0.00016422399999999998,3.42,4.6000000000000005
1449,0.000164228,3.44,4.6000000000000005
1450,0.000164232,3.44,4.6000000000000005
1451,0.000164236,3.44,4.6000000000000005
1452,0.00016423999999999999,3.46,4.62
1453,0.000164244,3.46,4.62
1454,0.000164248,3.46,4.64
1455,0.00016425199999999999,3.48,4.64
1456,0.000164256,3.48,4.66
1457,0.00016426,3.48,4.66
1458,0.00016426399999999998,3.5,4.68
1459,0.000164268,3.5,4.68
1460,0.000164272,3.5,4.68
1461,0.00016427599999999998,3.52,4.7
1462,0.00016428,3.52,4.7
1463,0.000164284,3.52,4.72
1464,0.00016428799999999998,3.54,4.72
1465,0.000164292,3.56,4.74
1466,0.000164296,3.56,4.74
1467,0.00016429999999999998,3.56,4.76
1468,0.000164304,3.58,4.76
1469,0.000164308,3.58,4.76
1470,0.00016431199999999998,3.58,4.78
1471,0.000164316,3.58,4.78
1472,0.00016432,3.58,4.78
1473,0.00016432399999999998,3.6,4.8
1474,0.000164328,3.6,4.82
1475,0.000164332,3.62,4.82
1476,0.00016433599999999998,3.62,4.82
1477,0.00016434,3.64,4.82
1478,0.000164344,3.64,4.84
1479,0.00016434799999999998,3.64,4.84
1480,0.000164352,3.64,4.84
1481,0.000164356,3.66,4.86
1482,0.00016435999999999998,3.68,4.88
1483,0.000164364,3.68,4.88
1484,0.000164368,3.7,4.88
1485,0.00016437199999999998,3.68,4.9
1486,0.00016437599999999999,3.68,4.9
1487,0.00016438,3.7,4.92
1488,0.000164384,3.72,4.92
1489,0.00016438799999999999,3.72,4.84
1490,0.000164392,3.72,3.7
1491,0.000164396,3.7,1.56
1492,0.00016439999999999998,3.64,0.06
1493,0.000164404,3.66,-0.04
1494,0.000164408,3.66,0.26
1495,0.00016441199999999998,3.58,0.92
1496,0.000164416,3.54,0.52
1497,0.00016442,3.54,-0.04
1498,0.00016442399999999998,3.5,-0.04
1499,0.000164428,3.46,0.12
1500,0.000164432,3.44,0.54
1501,0.00016443599999999998,3.42,0.42
1502,0.00016444,3.38,0.02
1503,0.000164444,3.38,-0.04
1504,0.00016444799999999998,3.36,0.12
1505,0.000164452,3.3200000000000003,0.4
1506,0.000164456,3.2800000000000002,0.36
1507,0.00016445999999999998,3.2800000000000002,0.14
1508,0.000164464,3.24,0.06
1509,0.000164468,3.22,0.18
1510,0.00016447199999999998,3.18,0.34
1511,0.000164476,3.16,0.32
1512,0.00016448,3.14,0.22
1513,0.00016448399999999998,3.12,0.16
1514,0.000164488,3.1,0.22
1515,0.000164492,3.06,0.3
1516,0.00016449599999999998,3.04,0.32
1517,0.0001645,3.02,0.28
1518,0.000164504,3.0,0.24
1519,0.000164508,2.98,0.28
1520,0.00016451199999999999,2.96,0.32
1521,0.000164516,2.94,0.34
1522,0.00016451999999999998,2.92,0.32
1523,0.00016452399999999999,2.9,0.3
1524,0.000164528,2.88,0.32
1525,0.000164532,2.86,0.36
1526,0.00016453599999999998,2.84,0.36
1527,0.00016454,2.82,0.36
1528,0.000164544,2.8000000000000003,0.34
1529,0.00016454799999999998,2.7800000000000002,0.36
1530,0.000164552,2.7600000000000002,0.38
1531,0.000164556,2.74,0.4
1532,0.00016455999999999998,2.72,0.4
1533,0.000164564,2.7,0.38
1534,0.000164568,2.68,0.4
1535,0.00016457199999999998,2.68,0.42
1536,0.000164576,2.66,0.44
1537,0.00016458,2.64,0.44
1538,0.00016458399999999998,2.62,0.44
1539,0.000164588,2.6,0.44
1540,0.000164592,2.58,0.46
1541,0.00016459599999999998,2.58,0.46
1542,0.0001646,2.56,0.46
1543,0.000164604,2.54,0.48
1544,0.00016460799999999998,2.52,0.48
1545,0.000164612,2.5,0.48
1546,0.000164616,2.5,0.5
1547,0.00016461999999999998,2.48,0.5
1548,0.000164624,2.46,0.52
1549,0.000164628,2.44,0.52
1550,0.00016463199999999998,2.44,0.52
1551,0.000164636,2.42,0.54
1552,0.00016464,2.4,0.56
1553,0.00016464399999999998,2.4,0.56
1554,0.00016464799999999999,2.38,0.58
1555,0.000164652,2.36,0.58
1556,0.000164656,2.34,0.56
1557,0.00016465999999999999,2.34,0.58
1558,0.000164664,2.32,0.58
1559,0.000164668,2.3000000000000003,0.6
1560,0.00016467199999999998,2.3000000000000003,0.62
1561,0.000164676,2.2800000000000002,0.6
1562,0.00016468,2.2800000000000002,0.62
1563,0.00016468399999999998,2.2600000000000002,0.64
1564,0.000164688,2.24,0.64
1565,0.000164692,2.24,0.64
1566,0.00016469599999999998,2.22,0.66
1567,0.0001647,2.22,0.66
1568,0.000164704,2.2,0.68
1569,0.00016470799999999998,2.18,0.68
1570,0.000164712,2.18,0.7000000000000001
1571,0.000164716,2.16,0.7000000000000001
1572,0.00016471999999999998,2.16,0.7000000000000001
1573,0.000164724,2.14,0.72
1574,0.000164728,2.14,0.72
1575,0.00016473199999999998,2.14,0.74
1576,0.000164736,2.12,0.74
1577,0.00016474,2.1,0.74
1578,0.00016474399999999998,2.1,0.74
1579,0.000164748,2.08,0.76
1580,0.000164752,2.08,0.76
1581,0.00016475599999999998,2.06,0.78
1582,0.00016476,2.06,0.78
1583,0.000164764,2.04,0.8
1584,0.00016476799999999998,2.04,0.8
1585,0.000164772,2.02,0.8200000000000001
1586,0.000164776,2.02,0.8200000000000001
1587,0.00016477999999999998,2.0,0.8200000000000001
1588,0.00016478399999999999,2.0,0.8200000000000001
1589,0.000164788,2.0,0.84
1590,0.00016479199999999998,1.98,0.86
1591,0.00016479599999999999,1.98,0.86
1592,0.0001648,1.98,0.86
1593,0.000164804,1.96,0.86
1594,0.00016480799999999998,1.96,0.88
1595,0.000164812,1.94,0.9
1596,0.000164816,1.92,0.9
1597,0.00016481999999999998,1.92,0.9
1598,0.000164824,1.92,0.92
1599,0.000164828,1.92,0.92
1600,0.00016483199999999998,1.9000000000000001,0.9400000000000001
1601,0.000164836,1.9000000000000001,0.9400000000000001
1602,0.00016484,1.9000000000000001,0.9400000000000001
1603,0.00016484399999999998,1.8800000000000001,0.96
1604,0.000164848,1.8800000000000001,0.96
1605,0.000164852,1.86,0.96
1606,0.00016485599999999998,1.86,0.98
1607,0.00016486,1.86,0.98
1608,0.000164864,1.84,1.0
1609,0.00016486799999999998,1.84,1.0
1610,0.000164872,1.84,1.02
1611,0.000164876,1.84,1.02
1612,0.00016487999999999998,1.84,1.02
1613,0.000164884,1.82,1.02
1614,0.000164888,1.8,1.04
1615,0.00016489199999999998,1.82,1.04
1616,0.000164896,1.8,1.06
1617,0.0001649,1.8,1.06
1618,0.00016490399999999998,1.78,1.06
1619,0.000164908,1.78,1.08
1620,0.000164912,1.78,1.08
1621,0.00016491599999999998,1.78,1.1
1622,0.00016491999999999999,1.78,1.1
1623,0.000164924,1.76,1.1
1624,0.000164928,1.76,1.12
1625,0.00016493199999999999,1.76,1.12
1626,0.000164936,1.76,1.1400000000000001
1627,0.00016494,1.74,1.1400000000000001
1628,0.00016494399999999998,1.74,1.16
1629,0.000164948,1.74,1.16
1630,0.000164952,1.74,1.16
1631,0.00016495599999999998,1.72,1.18
1632,0.00016496,1.72,1.18
1633,0.000164964,1.72,1.18
1634,0.00016496799999999998,1.72,1.2
1635,0.000164972,1.72,1.22
1636,0.000164976,1.72,1.22
1637,0.00016497999999999998,1.7,1.22
1638,0.000164984,1.7,1.22
1639,0.000164988,1.7,1.24
1640,0.00016499199999999998,1.7,1.26
1641,0.000164996,1.7,1.26
1642,0.000165,1.68,1.28
1643,0.00016500399999999998,1.68,1.28
1644,0.000165008,1.68,1.28
1645,0.000165012,1.68,1.3
1646,0.00016501599999999998,1.68,1.28
1647,0.00016502,1.68,1.3
1648,0.000165024,1.6600000000000001,1.32
1649,0.00016502799999999998,1.6600000000000001,1.32
1650,0.000165032,1.6600000000000001,1.34
1651,0.000165036,1.6600000000000001,1.34
1652,0.00016503999999999998,1.6600000000000001,1.36
1653,0.000165044,1.6600000000000001,1.36
1654,0.000165048,1.6400000000000001,1.3800000000000001
1655,0.00016505199999999998,1.6600000000000001,1.3800000000000001
1656,0.00016505599999999999,1.6600000000000001,1.3800000000000001
1657,0.00016506,1.6600000000000001,1.4000000000000001
1658,0.00016506399999999998,1.6400000000000001,1.3800000000000001
1659,0.00016506799999999999,1.6400000000000001,1.4000000000000001
1660,0.000165072,1.6400000000000001,1.42
1661,0.000165076,1.6400000000000001,1.42
1662,0.00016507999999999998,1.6400000000000001,1.44
1663,0.000165084,1.6400000000000001,1.44
1664,0.000165088,1.6400000000000001,1.44
1665,0.00016509199999999998,1.6400000000000001,1.46
1666,0.000165096,1.6400000000000001,1.46
1667,0.0001651,1.6400000000000001,1.46
1668,0.00016510399999999998,1.6400000000000001,1.48
1669,0.000165108,1.6400000000000001,1.48
1670,0.000165112,1.6400000000000001,1.5
1671,0.00016511599999999998,1.6400000000000001,1.5
1672,0.00016512,1.62,1.5
1673,0.000165124,1.62,1.52
1674,0.00016512799999999998,1.62,1.52
1675,0.000165132,1.62,1.52
1676,0.000165136,1.62,1.54
1677,0.00016513999999999998,1.62,1.54
1678,0.000165144,1.62,1.54
1679,0.000165148,1.62,1.56
1680,0.00016515199999999998,1.62,1.58
1681,0.000165156,1.62,1.58
1682,0.00016516,1.62,1.58
1683,0.00016516399999999998,1.62,1.58
1684,0.000165168,1.62,1.6
1685,0.000165172,1.62,1.62
1686,0.00016517599999999998,1.62,1.62
1687,0.00016518,1.62,1.62
1688,0.000165184,1.62,1.6400000000000001
1689,0.00016518799999999998,1.62,1.6400000000000001
1690,0.00016519199999999999,1.62,1.6600000000000001
1691,0.000165196,1.62,1.6600000000000001
1692,0.0001652,1.62,1.6600000000000001
1693,0.00016520399999999999,1.62,1.68
1694,0.000165208,1.62,1.68
1695,0.000165212,1.62,1.68
1696,0.00016521599999999998,1.62,1.68
1697,0.00016522,1.62,1.7
1698,0.000165224,1.62,1.7
1699,0.00016522799999999998,1.62,1.72
1700,0.000165232,1.62,1.74
1701,0.000165236,1.62,1.74
1702,0.00016523999999999998,1.6400000000000001,1.74
1703,0.000165244,1.6400000000000001,1.74
1704,0.000165248,1.6400000000000001,1.76
1705,0.00016525199999999998,1.62,1.78
1706,0.000165256,1.62,1.76
1707,0.00016526,1.6400000000000001,1.78
1708,0.00016526399999999998,1.6400000000000001,1.8
1709,0.000165268,1.6400000000000001,1.8
1710,0.000165272,1.6400000000000001,1.82
1711,0.00016527599999999998,1.6400000000000001,1.82
1712,0.00016528,1.6400000000000001,1.82
1713,0.000165284,1.6400000000000001,1.84
1714,0.00016528799999999998,1.6400000000000001,1.84
1715,0.000165292,1.6400000000000001,1.86
1716,0.000165296,1.6400000000000001,1.86
1717,0.00016529999999999998,1.6400000000000001,1.8800000000000001
1718,0.000165304,1.6400000000000001,1.86
1719,0.000165308,1.6600000000000001,1.8800000000000001
1720,0.00016531199999999998,1.6600000000000001,1.9000000000000001
1721,0.000165316,1.6600000000000001,1.9000000000000001
1722,0.00016532,1.6600000000000001,1.9000000000000001
1723,0.00016532399999999998,1.6400000000000001,1.9000000000000001
1724,0.000165328,1.6600000000000001,1.92
1725,0.000165332,1.6600000000000001,1.94
1726,0.00016533599999999998,1.6600000000000001,1.94
1727,0.00016533999999999999,1.6600000000000001,1.96
1728,0.000165344,1.6600000000000001,1.94
1729,0.000165348,1.6600000000000001,1.96
1730,0.00016535199999999998,1.6600000000000001,1.98
1731,0.000165356,1.68,1.98
1732,0.00016536,1.68,1.98
1733,0.00016536399999999998,1.68,2.0
1734,0.000165368,1.68,2.0
1735,0.000165372,1.68,2.0
1736,0.00016537599999999998,1.68,2.02
1737,0.00016538,1.68,2.04
1738,0.000165384,1.68,2.04
1739,0.00016538799999999998,1.7,2.04
1740,0.000165392,1.7,2.06
1741,0.000165396,1.7,2.06
1742,0.00016539999999999998,1.7,2.08
1743,0.000165404,1.7,2.08
1744,0.000165408,1.7,2.1
1745,0.00016541199999999998,1.7,2.08
1746,0.000165416,1.72,2.1
1747,0.00016542,1.72,2.1
1748,0.00016542399999999998,1.72,2.12
1749,0.000165428,1.72,2.14
1750,0.000165432,1.72,2.12
1751,0.00016543599999999998,1.72,2.14
1752,0.00016544,1.72,2.16
1753,0.000165444,1.72,2.16
1754,0.00016544799999999998,1.72,2.16
1755,0.000165452,1.72,2.18
1756,0.000165456,1.74,2.2
1757,0.00016545999999999998,1.74,2.2
1758,0.000165464,1.74,2.2
1759,0.000165468,1.76,2.22
1760,0.000165472,1.76,2.22
1761,0.00016547599999999999,1.76,2.22
1762,0.00016548,1.76,2.24
1763,0.000165484,1.76,2.24
1764,0.00016548799999999998,1.76,2.2600000000000002
1765,0.000165492,1.78,2.2600000000000002
1766,0.000165496,1.76,2.2600000000000002
1767,0.00016549999999999998,1.78,2.2800000000000002
1768,0.000165504,1.78,2.2800000000000002
1769,0.000165508,1.78,2.2800000000000002
1770,0.00016551199999999998,1.78,2.3000000000000003
1771,0.000165516,1.78,2.32
1772,0.00016552,1.8,2.32
1773,0.00016552399999999998,1.8,2.32
1774,0.000165528,1.78,2.32
1775,0.000165532,1.8,2.34
1776,0.00016553599999999998,1.8,2.34
1777,0.00016554,1.8,2.36
1778,0.000165544,1.8,2.36
1779,0.00016554799999999998,1.82,2.36
1780,0.000165552,1.82,2.38
1781,0.000165556,1.82,2.4
1782,0.00016555999999999998,1.82,2.4
1783,0.000165564,1.84,2.4
1784,0.000165568,1.84,2.42
1785,0.00016557199999999998,1.84,2.42
1786,0.000165576,1.84,2.42
1787,0.00016558,1.84,2.44
1788,0.00016558399999999998,1.86,2.44
1789,0.000165588,1.86,2.46
1790,0.000165592,1.86,2.48
1791,0.00016559599999999998,1.86,2.48
1792,0.0001656,1.8800000000000001,2.48
1793,0.000165604,1.8800000000000001,2.48
1794,0.00016560799999999998,1.8800000000000001,2.5
1795,0.00016561199999999999,1.8800000000000001,2.5
1796,0.000165616,1.8800000000000001,2.5
1797,0.00016562,1.9000000000000001,2.52
1798,0.00016562399999999998,1.8800000000000001,2.54
1799,0.000165628,1.9000000000000001,2.54
1800,0.000165632,1.9000000000000001,2.54
1801,0.00016563599999999998,1.9000000000000001,2.56
1802,0.00016564,1.9000000000000001,2.56
1803,0.000165644,1.92,2.56
1804,0.00016564799999999998,1.92,2.58
1805,0.000165652,1.92,2.6
1806,0.000165656,1.92,2.6
1807,0.00016565999999999998,1.94,2.6
1808,0.000165664,1.94,2.6
1809,0.000165668,1.94,2.62
1810,0.00016567199999999998,1.94,2.62
1811,0.000165676,1.96,2.64
1812,0.00016568,1.96,2.66
1813,0.00016568399999999998,1.96,2.64
1814,0.000165688,1.96,2.66
1815,0.000165692,1.98,2.66
1816,0.00016569599999999998,1.98,2.68
1817,0.0001657,1.98,2.68
1818,0.000165704,1.98,2.68
1819,0.00016570799999999998,1.98,2.7
1820,0.000165712,2.0,2.7
1821,0.000165716,1.98,2.72
1822,0.00016571999999999998,2.0,2.74
1823,0.000165724,2.0,2.72
1824,0.000165728,2.02,2.74
1825,0.00016573199999999998,2.02,2.7600000000000002
1826,0.000165736,2.02,2.7600000000000002
1827,0.00016574,2.02,2.7800000000000002
1828,0.000165744,2.02,2.7800000000000002
1829,0.00016574799999999999,2.04,2.7800000000000002
1830,0.000165752,2.04,2.7800000000000002
1831,0.000165756,2.04,2.8000000000000003
1832,0.00016575999999999999,2.06,2.8000000000000003
1833,0.000165764,2.06,2.8000000000000003
1834,0.000165768,2.04,2.82
1835,0.00016577199999999998,2.06,2.84
1836,0.000165776,2.06,2.84
1837,0.00016578,2.06,2.84
1838,0.00016578399999999998,2.08,2.86
1839,0.000165788,2.08,2.86
1840,0.000165792,2.1,2.86
1841,0.00016579599999999998,2.08,2.88
1842,0.0001658,2.1,2.9
1843,0.000165804,2.1,2.88
1844,0.00016580799999999998,2.1,2.9
1845,0.000165812,2.12,2.9
1846,0.000165816,2.12,2.92
1847,0.00016581999999999998,2.12,2.92
1848,0.000165824,2.14,2.94
1849,0.000165828,2.14,2.94
1850,0.00016583199999999998,2.14,2.94
1851,0.000165836,2.14,2.96
1852,0.00016584,2.14,2.98
1853,0.00016584399999999998,2.16,2.98
1854,0.000165848,2.16,2.98
1855,0.000165852,2.18,2.98
1856,0.00016585599999999998,2.18,3.0
1857,0.00016586,2.18,3.0
1858,0.000165864,2.18,3.02
1859,0.00016586799999999998,2.2,3.02
1860,0.000165872,2.18,3.04
1861,0.000165876,2.2,3.02
1862,0.00016587999999999998,2.2,3.04
1863,0.00016588399999999999,2.2,3.06
1864,0.000165888,2.22,3.08
1865,0.000165892,2.22,3.06
1866,0.00016589599999999999,2.24,3.08
1867,0.0001659,2.24,3.1
1868,0.000165904,2.24,3.1
1869,0.00016590799999999998,2.24,3.1
1870,0.000165912,2.2600000000000002,3.12
1871,0.000165916,2.2600000000000002,3.14
1872,0.00016591999999999998,2.2600000000000002,3.12
1873,0.000165924,2.2800000000000002,3.14
1874,0.000165928,2.2600000000000002,3.16
1875,0.00016593199999999998,2.2800000000000002,3.16
1876,0.000165936,2.3000000000000003,3.16
1877,0.00016594,2.2800000000000002,3.18
1878,0.00016594399999999998,2.3000000000000003,3.18
1879,0.000165948,2.3000000000000003,3.2
1880,0.000165952,2.32,3.2
1881,0.00016595599999999998,2.3000000000000003,3.22
1882,0.00016596,2.32,3.22
1883,0.000165964,2.32,3.22
1884,0.00016596799999999998,2.32,3.22
1885,0.000165972,2.34,3.24
1886,0.000165976,2.36,3.24
1887,0.00016597999999999998,2.34,3.2600000000000002
1888,0.000165984,2.34,3.2600000000000002
1889,0.000165988,2.36,3.2800000000000002
1890,0.00016599199999999998,2.36,3.2800000000000002
1891,0.000165996,2.38,3.2800000000000002
1892,0.000166,2.38,3.3000000000000003
1893,0.00016600399999999998,2.38,3.3200000000000003
1894,0.000166008,2.4,3.3200000000000003
1895,0.000166012,2.4,3.3200000000000003
1896,0.000166016,2.42,3.3200000000000003
1897,0.00016601999999999999,2.42,3.34
1898,0.000166024,2.42,3.34
1899,0.000166028,2.4,3.36
1900,0.00016603199999999999,2.42,3.36
1901,0.000166036,2.44,3.36
1902,0.00016604,2.44,3.38
1903,0.00016604399999999998,2.44,3.38
1904,0.000166048,2.46,3.4
1905,0.000166052,2.46,3.42
1906,0.00016605599999999998,2.46,3.4
1907,0.00016606,2.46,3.42
1908,0.000166064,2.48,3.42
1909,0.00016606799999999998,2.48,3.44
1910,0.000166072,2.5,3.44
1911,0.000166076,2.5,3.46
1912,0.00016607999999999998,2.5,3.46
1913,0.000166084,2.5,3.48
1914,0.000166088,2.5,3.48
1915,0.00016609199999999998,2.52,3.5
1916,0.000166096,2.52,3.5
1917,0.0001661,2.54,3.5
1918,0.00016610399999999998,2.52,3.5
1919,0.000166108,2.54,3.52
1920,0.000166112,2.54,3.52
1921,0.00016611599999999998,2.54,3.54
1922,0.00016612,2.56,3.54
1923,0.000166124,2.58,3.56
1924,0.00016612799999999998,2.56,3.54
1925,0.000166132,2.58,3.56
1926,0.000166136,2.6,3.58
1927,0.00016613999999999998,2.58,3.58
1928,0.000166144,2.6,3.58
1929,0.000166148,2.6,3.6
1930,0.00016615199999999998,2.62,3.62
1931,0.00016615599999999999,2.6,3.62
1932,0.00016616,2.62,3.62
1933,0.000166164,2.62,3.64
1934,0.00016616799999999999,2.64,3.64
1935,0.000166172,2.64,3.64
1936,0.000166176,2.64,3.66
1937,0.00016617999999999998,2.66,3.68
1938,0.000166184,2.66,3.68
1939,0.000166188,2.68,3.68
1940,0.00016619199999999998,2.68,3.7
1941,0.000166196,2.68,3.7
1942,0.0001662,2.68,3.7
1943,0.00016620399999999998,2.7,3.72
1944,0.000166208,2.7,3.72
1945,0.000166212,2.7,3.74
1946,0.00016621599999999998,2.7,3.74
1947,0.00016622,2.72,3.7600000000000002
1948,0.000166224,2.74,3.7600000000000002
1949,0.00016622799999999998,2.72,3.7600000000000002
1950,0.000166232,2.74,3.7800000000000002
1951,0.000166236,2.7600000000000002,3.7800000000000002
1952,0.00016623999999999998,2.74,3.8000000000000003
1953,0.000166244,2.7600000000000002,3.8000000000000003
1954,0.000166248,2.7600000000000002,3.8000000000000003
1955,0.00016625199999999998,2.7800000000000002,3.8200000000000003
1956,0.000166256,2.7800000000000002,3.8200000000000003
1957,0.00016626,2.7800000000000002,3.84
1958,0.00016626399999999998,2.8000000000000003,3.84
1959,0.000166268,2.8000000000000003,3.84
1960,0.000166272,2.8000000000000003,3.86
1961,0.00016627599999999998,2.8000000000000003,3.86
1962,0.00016628,2.82,3.88
1963,0.000166284,2.82,3.88
1964,0.000166288,2.84,3.9
1965,0.00016629199999999999,2.84,3.9
1966,0.000166296,2.84,3.9
1967,0.00016629999999999998,2.86,3.92
1968,0.00016630399999999999,2.86,3.92
1969,0.000166308,2.88,3.92
1970,0.000166312,2.88,3.94
1971,0.00016631599999999998,2.88,3.94
1972,0.00016632,2.9,3.96
1973,0.000166324,2.88,3.96
1974,0.00016632799999999998,2.9,3.98
1975,0.000166332,2.92,3.98
1976,0.000166336,2.9,3.98
1977,0.00016633999999999998,2.92,3.98
1978,0.000166344,2.94,4.0
1979,0.000166348,2.92,4.0
1980,0.00016635199999999998,2.94,4.0200000000000005
1981,0.000166356,2.94,4.0200000000000005
1982,0.00016636,2.94,4.04
1983,0.00016636399999999998,2.96,4.0600000000000005
1984,0.000166368,2.98,4.04
1985,0.000166372,2.96,4.0600000000000005
1986,0.00016637599999999998,2.98,4.08
1987,0.00016638,2.98,4.08
1988,0.000166384,2.98,4.08
1989,0.00016638799999999998,3.0,4.1
1990,0.000166392,3.02,4.1
1991,0.000166396,3.0,4.12
1992,0.00016639999999999998,3.02,4.12
1993,0.000166404,3.02,4.12
1994,0.000166408,3.02,4.14
1995,0.00016641199999999998,3.04,4.14
1996,0.000166416,3.04,4.14
1997,0.00016642,3.04,4.16
1998,0.00016642399999999998,3.06,4.16
1999,0.00016642799999999999,3.06,4.18
