,time,v1,v2
0,-0.00784,1.56,1.62
1,-0.007832,1.56,1.62
2,-0.007824,1.58,1.6400000000000001
3,-0.007816,1.58,1.6600000000000001
4,-0.007808,1.6,1.6600000000000001
5,-0.0078,1.6,1.68
6,-0.0077919999999999994,1.62,1.6600000000000001
7,-0.007784,1.62,1.68
8,-0.007776,1.62,1.7
9,-0.007768,1.6400000000000001,1.72
10,-0.0077599999999999995,1.6400000000000001,1.72
11,-0.007751999999999999,1.6600000000000001,1.72
12,-0.007744,1.6600000000000001,1.74
13,-0.007736,1.68,1.74
14,-0.007728,1.68,1.76
15,-0.007719999999999999,1.68,1.78
16,-0.007712,1.7,1.78
17,-0.007704,1.72,1.76
18,-0.007696,1.72,1.8
19,-0.0076879999999999995,1.72,1.8
20,-0.007679999999999999,1.74,1.8
21,-0.007672,1.74,1.82
22,-0.007664,1.76,1.84
23,-0.007656,1.76,1.82
24,-0.007647999999999999,1.76,1.86
25,-0.00764,1.78,1.86
26,-0.007632,1.78,1.8800000000000001
27,-0.007624,1.8,1.8800000000000001
28,-0.0076159999999999995,1.8,1.9000000000000001
29,-0.007608,1.8,1.9000000000000001
30,-0.0076,1.82,1.9000000000000001
31,-0.007592,1.82,1.9000000000000001
32,-0.007584,1.84,1.92
33,-0.007575999999999999,1.86,1.94
34,-0.007568,1.86,1.94
35,-0.00756,1.86,1.94
36,-0.007552,1.8800000000000001,1.96
37,-0.0075439999999999995,1.9000000000000001,1.98
38,-0.007536,1.9000000000000001,1.98
39,-0.007528,1.92,2.0
40,-0.00752,1.92,2.0
41,-0.007512,1.92,2.02
42,-0.007503999999999999,1.94,2.02
43,-0.007496,1.94,2.04
44,-0.007488,1.96,2.04
45,-0.00748,1.98,2.04
46,-0.0074719999999999995,1.98,2.06
47,-0.007464,2.0,2.06
48,-0.007456,2.0,2.08
49,-0.007448,2.0,2.1
50,-0.0074399999999999996,2.02,2.1
51,-0.007431999999999999,2.02,2.12
52,-0.007424,2.02,2.1
53,-0.007416,2.04,2.12
54,-0.007408,2.04,2.14
55,-0.0073999999999999995,2.06,2.16
56,-0.007392,2.06,2.14
57,-0.007384,2.08,2.16
58,-0.007376,2.08,2.18
59,-0.0073679999999999995,2.1,2.18
60,-0.00736,2.1,2.2
61,-0.007352,2.12,2.2
62,-0.007344,2.12,2.22
63,-0.007336,2.14,2.22
64,-0.0073279999999999994,2.14,2.24
65,-0.00732,2.14,2.24
66,-0.007312,2.16,2.2600000000000002
67,-0.007304,2.14,2.2600000000000002
68,-0.0072959999999999995,2.18,2.2800000000000002
69,-0.007287999999999999,2.18,2.2800000000000002
70,-0.00728,2.2,2.3000000000000003
71,-0.007272,2.2,2.3000000000000003
72,-0.007264,2.2,2.32
73,-0.007255999999999999,2.22,2.32
74,-0.007248,2.22,2.34
75,-0.00724,2.22,2.34
76,-0.007232,2.24,2.36
77,-0.0072239999999999995,2.2600000000000002,2.36
78,-0.007216,2.2600000000000002,2.36
79,-0.007208,2.2800000000000002,2.38
80,-0.0072,2.2600000000000002,2.4
81,-0.007192,2.3000000000000003,2.4
82,-0.007183999999999999,2.3000000000000003,2.4
83,-0.007176,2.32,2.42
84,-0.007168,2.32,2.42
85,-0.00716,2.32,2.44
86,-0.0071519999999999995,2.34,2.44
87,-0.007143999999999999,2.34,2.44
88,-0.007136,2.36,2.46
89,-0.007128,2.38,2.48
90,-0.00712,2.38,2.48
91,-0.007112,2.4,2.48
92,-0.007104,2.4,2.5
93,-0.007096,2.4,2.5
94,-0.007088,2.4,2.52
95,-0.0070799999999999995,2.42,2.52
96,-0.007072,2.42,2.54
97,-0.007064,2.44,2.54
98,-0.007056,2.44,2.56
99,-0.007048,2.46,2.56
100,-0.007039999999999999,2.46,2.56
101,-0.007032,2.48,2.58
102,-0.007024,2.48,2.58
103,-0.007016,2.48,2.62
104,-0.0070079999999999995,2.5,2.62
105,-0.007,2.5,2.62
106,-0.006992,2.5,2.62
107,-0.006984,2.52,2.64
108,-0.0069759999999999996,2.52,2.64
109,-0.006968,2.54,2.66
110,-0.00696,2.54,2.66
111,-0.006952,2.56,2.66
112,-0.006944,2.56,2.68
113,-0.0069359999999999995,2.58,2.68
114,-0.006928,2.58,2.7
115,-0.00692,2.6,2.72
116,-0.006912,2.6,2.72
117,-0.0069039999999999995,2.6,2.74
118,-0.006895999999999999,2.62,2.7600000000000002
119,-0.006888,2.64,2.7600000000000002
120,-0.00688,2.64,2.7600000000000002
121,-0.006872,2.64,2.7600000000000002
122,-0.0068639999999999994,2.66,2.7600000000000002
123,-0.006856,2.66,2.8000000000000003
124,-0.006848,2.66,2.8000000000000003
125,-0.00684,2.68,2.82
126,-0.0068319999999999995,2.68,2.8000000000000003
127,-0.006824,2.7,2.84
128,-0.006816,2.7,2.84
129,-0.006808,2.72,2.84
130,-0.0068,2.72,2.86
131,-0.006791999999999999,2.74,2.86
132,-0.006784,2.74,2.86
133,-0.006776,2.74,2.88
134,-0.006768,2.7600000000000002,2.88
135,-0.0067599999999999995,2.7600000000000002,2.9
136,-0.006751999999999999,2.7800000000000002,2.9
137,-0.006744,2.8000000000000003,2.92
138,-0.006736,2.8000000000000003,2.92
139,-0.006728,2.8000000000000003,2.94
140,-0.00672,2.82,2.94
141,-0.006712,2.82,2.96
142,-0.006704,2.84,2.98
143,-0.006696,2.86,2.98
144,-0.0066879999999999995,2.86,2.98
145,-0.00668,2.86,3.0
146,-0.006672,2.88,3.0
147,-0.006664,2.88,3.02
148,-0.006656,2.9,3.02
149,-0.006647999999999999,2.9,3.02
150,-0.00664,2.9,3.04
151,-0.006632,2.92,3.06
152,-0.006624,2.92,3.06
153,-0.0066159999999999995,2.94,3.08
154,-0.006607999999999999,2.94,3.08
155,-0.0066,2.96,3.08
156,-0.006592,2.96,3.1
157,-0.006584,2.98,3.1
158,-0.006576,2.98,3.1
159,-0.006568,2.98,3.12
160,-0.00656,3.0,3.14
161,-0.006552,3.0,3.14
162,-0.0065439999999999995,3.02,3.16
163,-0.006536,3.02,3.16
164,-0.006528,3.04,3.18
165,-0.00652,3.06,3.18
166,-0.0065119999999999996,3.06,3.2
167,-0.006503999999999999,3.06,3.2
168,-0.006496,3.08,3.2
169,-0.006488,3.1,3.22
170,-0.00648,3.1,3.24
171,-0.006472,3.1,3.24
172,-0.006464,3.12,3.2600000000000002
173,-0.006456,3.12,3.2600000000000002
174,-0.006448,3.14,3.2800000000000002
175,-0.0064399999999999995,3.16,3.3000000000000003
176,-0.006432,3.14,3.3000000000000003
177,-0.006424,3.16,3.3000000000000003
178,-0.006416,3.18,3.3200000000000003
179,-0.006408,3.18,3.3200000000000003
180,-0.0063999999999999994,3.2,3.34
181,-0.006392,3.2,3.34
182,-0.006384,3.2,3.34
183,-0.006376,3.22,3.36
184,-0.0063679999999999995,3.22,3.38
185,-0.006359999999999999,3.24,3.38
186,-0.006352,3.24,3.38
187,-0.006344,3.2600000000000002,3.4
188,-0.006336,3.2800000000000002,3.4
189,-0.006328,3.2800000000000002,3.42
190,-0.00632,3.3000000000000003,3.44
191,-0.006312,3.2800000000000002,3.44
192,-0.006304,3.3000000000000003,3.44
193,-0.0062959999999999995,3.3200000000000003,3.46
194,-0.006288,3.3200000000000003,3.46
195,-0.00628,3.3200000000000003,3.46
196,-0.006272,3.34,3.48
197,-0.006264,3.36,3.48
198,-0.006255999999999999,3.38,3.5
199,-0.006248,3.36,3.52
200,-0.00624,3.36,3.52
201,-0.006232,3.38,3.54
202,-0.0062239999999999995,3.38,3.54
203,-0.006215999999999999,3.4,3.56
204,-0.006208,3.42,3.58
205,-0.0062,3.42,3.56
206,-0.006192,3.42,3.58
207,-0.006184,3.44,3.58
208,-0.006176,3.44,3.62
209,-0.006168,3.46,3.6
210,-0.00616,3.46,3.62
211,-0.0061519999999999995,3.46,3.62
212,-0.006144,3.48,3.64
213,-0.006136,3.5,3.66
214,-0.006128,3.5,3.66
215,-0.00612,3.5,3.68
216,-0.006111999999999999,3.52,3.68
217,-0.006104,3.52,3.68
218,-0.006096,3.54,3.68
219,-0.006088,3.54,3.7
220,-0.00608,3.56,3.72
221,-0.006072,3.56,3.72
222,-0.006064,3.56,3.72
223,-0.006056,3.58,3.74
224,-0.0060479999999999996,3.6,3.7600000000000002
225,-0.00604,3.6,3.7600000000000002
226,-0.006032,3.6,3.7800000000000002
227,-0.006024,3.62,3.7800000000000002
228,-0.006016,3.62,3.8000000000000003
229,-0.0060079999999999995,3.64,3.8000000000000003
230,-0.006,3.64,3.8200000000000003
231,-0.005992,3.66,3.8200000000000003
232,-0.005984,3.66,3.84
233,-0.0059759999999999995,3.66,3.84
234,-0.005967999999999999,3.68,3.84
235,-0.00596,3.7,3.86
236,-0.005952,3.7,3.88
237,-0.005944,3.72,3.88
238,-0.005936,3.74,3.88
239,-0.005928,3.72,3.9
240,-0.00592,3.74,3.92
241,-0.005912,3.74,3.92
242,-0.0059039999999999995,3.7600000000000002,3.92
243,-0.005896,3.7600000000000002,3.92
244,-0.005888,3.7600000000000002,3.94
245,-0.00588,3.7800000000000002,3.94
246,-0.0058720000000000005,3.8000000000000003,3.98
247,-0.005863999999999999,3.8000000000000003,3.98
248,-0.005856,3.8200000000000003,3.98
249,-0.005848,3.8200000000000003,3.98
250,-0.00584,3.8200000000000003,4.0
251,-0.005832,3.86,4.0
252,-0.005823999999999999,3.84,4.0200000000000005
253,-0.005816,3.86,4.04
254,-0.005808,3.86,4.0600000000000005
255,-0.0058,3.88,4.04
256,-0.005792,3.88,4.0600000000000005
257,-0.005783999999999999,3.9,4.08
258,-0.005776,3.9,4.08
259,-0.005768,3.92,4.08
260,-0.0057599999999999995,3.92,4.08
261,-0.005752,3.92,4.1
262,-0.005744,3.94,4.12
263,-0.005736,3.94,4.12
264,-0.0057280000000000005,3.94,4.14
265,-0.005719999999999999,3.96,4.14
266,-0.005712,4.0,4.14
267,-0.005704,3.98,4.16
268,-0.005696,4.0,4.2
269,-0.005688,4.0,4.18
270,-0.005679999999999999,4.0200000000000005,4.2
271,-0.005672,4.0200000000000005,4.2
272,-0.005664,4.04,4.2
273,-0.005656,4.04,4.22
274,-0.005648,4.04,4.24
275,-0.00564,4.08,4.24
276,-0.005632,4.08,4.24
277,-0.005624,4.08,4.26
278,-0.0056159999999999995,4.08,4.26
279,-0.005608,4.1,4.28
280,-0.0056,4.12,4.3
281,-0.005592,4.12,4.3
282,-0.005584,4.12,4.3
283,-0.005575999999999999,4.14,4.3
284,-0.005568,4.14,4.32
285,-0.00556,4.14,4.34
286,-0.005552,4.16,4.34
287,-0.005544,4.16,4.36
288,-0.005535999999999999,4.18,4.36
289,-0.005528,4.18,4.38
290,-0.00552,4.2,4.4
291,-0.0055119999999999995,4.2,4.38
292,-0.005504,4.22,4.4
293,-0.005496,4.22,4.42
294,-0.005488,4.24,4.42
295,-0.0054800000000000005,4.24,4.42
296,-0.0054719999999999994,4.26,4.44
297,-0.005464,4.26,4.46
298,-0.005456,4.26,4.46
299,-0.005448,4.28,4.46
300,-0.00544,4.28,4.48
301,-0.005431999999999999,4.3,4.48
302,-0.005424,4.3,4.5
303,-0.005416,4.32,4.5
304,-0.005408,4.32,4.5200000000000005
305,-0.0054,4.34,4.54
306,-0.005391999999999999,4.36,4.54
307,-0.005384,4.34,4.54
308,-0.005376,4.36,4.5600000000000005
309,-0.0053679999999999995,4.36,4.5600000000000005
310,-0.00536,4.38,4.58
311,-0.005352,4.4,4.58
312,-0.005344,4.4,4.6000000000000005
313,-0.0053360000000000005,4.4,4.6000000000000005
314,-0.005327999999999999,4.42,4.62
315,-0.00532,4.42,4.62
316,-0.005312,4.42,4.64
317,-0.005304,4.44,4.64
318,-0.005296,4.44,4.66
319,-0.005287999999999999,4.46,4.66
320,-0.00528,4.46,4.66
321,-0.005272,4.46,4.68
322,-0.005264,4.48,4.68
323,-0.005256,4.48,4.7
324,-0.005248,4.5,4.72
325,-0.00524,4.5200000000000005,4.72
326,-0.005232,4.5200000000000005,4.72
327,-0.0052239999999999995,4.54,4.74
328,-0.005216,4.54,4.76
329,-0.005208,4.5600000000000005,4.76
330,-0.0052,4.5600000000000005,4.76
331,-0.0051920000000000004,4.5600000000000005,4.78
332,-0.005183999999999999,4.58,4.78
333,-0.005176,4.58,4.8
334,-0.005168,4.6000000000000005,4.8
335,-0.00516,4.6000000000000005,4.82
336,-0.005152,4.6000000000000005,4.82
337,-0.005143999999999999,4.64,4.82
338,-0.005136,4.64,4.84
339,-0.005128,4.64,4.86
340,-0.0051199999999999996,4.64,4.86
341,-0.005112,4.66,4.88
342,-0.005104,4.68,4.88
343,-0.005096,4.68,4.9
344,-0.0050880000000000005,4.7,4.9
345,-0.0050799999999999994,4.7,4.92
346,-0.005072,4.7,4.92
347,-0.005064,4.72,4.94
348,-0.005056,4.74,4.94
349,-0.005048,4.74,4.94
350,-0.005039999999999999,4.74,4.94
351,-0.005032,4.76,4.96
352,-0.005024,0.04,0.04
353,-0.005016,0.06,0.04
354,-0.005008,0.04,0.04
355,-0.004999999999999999,0.04,0.04
356,-0.004992,0.04,0.04
357,-0.004984,0.04,0.06
358,-0.0049759999999999995,0.06,0.06
359,-0.004968,0.06,0.08
360,-0.00496,0.06,0.08
361,-0.004952,0.08,0.1
362,-0.0049440000000000005,0.08,0.1
363,-0.004935999999999999,0.1,0.12
364,-0.004928,0.1,0.12
365,-0.00492,0.12,0.14
366,-0.004912,0.14,0.16
367,-0.004904,0.14,0.16
368,-0.004895999999999999,0.14,0.16
369,-0.004888,0.16,0.16
370,-0.00488,0.16,0.18
371,-0.004872,0.18,0.2
372,-0.004864,0.18,0.2
373,-0.004856,0.2,0.22
374,-0.004848,0.2,0.22
375,-0.00484,0.2,0.24
376,-0.0048319999999999995,0.22,0.24
377,-0.004824,0.24,0.24
378,-0.004816,0.24,0.26
379,-0.004808,0.24,0.26
380,-0.0048000000000000004,0.26,0.28
381,-0.004791999999999999,0.26,0.3
382,-0.004784,0.28,0.3
383,-0.004776,0.28,0.32
384,-0.004768,0.3,0.32
385,-0.00476,0.3,0.32
386,-0.004751999999999999,0.32,0.34
387,-0.004744,0.32,0.34
388,-0.004736,0.34,0.36
389,-0.0047279999999999996,0.34,0.36
390,-0.00472,0.34,0.38
391,-0.004712,0.36,0.38
392,-0.004704,0.36,0.38
393,-0.0046960000000000005,0.38,0.38
394,-0.0046879999999999995,0.38,0.4
395,-0.00468,0.4,0.42
396,-0.004672,0.4,0.42
397,-0.004664,0.42,0.44
398,-0.004656,0.42,0.44
399,-0.004647999999999999,0.42,0.46
400,-0.00464,0.44,0.46
401,-0.004632,0.44,0.48
402,-0.004624,0.46,0.5
403,-0.004616,0.46,0.5
404,-0.004607999999999999,0.48,0.52
405,-0.0046,0.48,0.52
406,-0.004592,0.5,0.52
407,-0.0045839999999999995,0.5,0.54
408,-0.004576,0.52,0.54
409,-0.004568,0.52,0.56
410,-0.00456,0.54,0.56
411,-0.0045520000000000005,0.54,0.56
412,-0.004543999999999999,0.56,0.58
413,-0.004536,0.58,0.6
414,-0.004528,0.58,0.6
415,-0.00452,0.58,0.6
416,-0.004512,0.6,0.62
417,-0.004503999999999999,0.58,0.62
418,-0.004496,0.62,0.64
419,-0.004488,0.62,0.64
420,-0.00448,0.64,0.66
421,-0.004472,0.64,0.66
422,-0.004464,0.66,0.68
423,-0.004456,0.66,0.68
424,-0.004448,0.66,0.7000000000000001
425,-0.0044399999999999995,0.68,0.68
426,-0.004432,0.68,0.72
427,-0.004424,0.7000000000000001,0.72
428,-0.004416,0.7000000000000001,0.74
429,-0.0044080000000000005,0.7000000000000001,0.74
430,-0.004399999999999999,0.7000000000000001,0.76
431,-0.004392,0.74,0.76
432,-0.004384,0.74,0.78
433,-0.004376,0.76,0.78
434,-0.004368,0.76,0.78
435,-0.004359999999999999,0.78,0.8200000000000001
436,-0.004352,0.78,0.8200000000000001
437,-0.004344,0.8,0.8200000000000001
438,-0.004336,0.8,0.84
439,-0.004328,0.8200000000000001,0.84
440,-0.00432,0.8200000000000001,0.84
441,-0.004312,0.8200000000000001,0.86
442,-0.0043040000000000005,0.8200000000000001,0.88
443,-0.0042959999999999995,0.84,0.88
444,-0.004288,0.86,0.88
445,-0.00428,0.86,0.9
446,-0.004272,0.88,0.9
447,-0.004264,0.88,0.92
448,-0.004255999999999999,0.9,0.92
449,-0.004248,0.9,0.9400000000000001
450,-0.00424,0.9,0.9400000000000001
451,-0.004232,0.92,0.96
452,-0.004224,0.92,0.96
453,-0.004215999999999999,0.9400000000000001,0.98
454,-0.004208,0.9400000000000001,0.98
455,-0.0042,0.9400000000000001,1.0
456,-0.0041919999999999995,0.96,1.0
457,-0.004184,0.98,1.0
458,-0.004176,0.98,1.02
459,-0.004168,0.98,1.04
460,-0.0041600000000000005,1.0,1.04
461,-0.0041519999999999994,1.0,1.06
462,-0.004144,1.02,1.06
463,-0.004136,1.02,1.08
464,-0.004128,1.04,1.08
465,-0.00412,1.04,1.1
466,-0.004111999999999999,1.06,1.1
467,-0.004104,1.06,1.12
468,-0.004096,1.08,1.12
469,-0.004088,1.08,1.12
470,-0.00408,1.1,1.1400000000000001
471,-0.004072,1.1,1.1400000000000001
472,-0.004064,1.1,1.16
473,-0.004056,1.12,1.16
474,-0.0040479999999999995,1.12,1.18
475,-0.00404,1.1400000000000001,1.18
476,-0.004032,1.16,1.18
477,-0.004024,1.16,1.2
478,-0.0040160000000000005,1.16,1.22
479,-0.004007999999999999,1.18,1.22
480,-0.004,1.2,1.24
481,-0.003992,1.2,1.24
482,-0.003984,1.2,1.26
483,-0.003976,1.2,1.26
484,-0.003967999999999999,1.22,1.26
485,-0.00396,1.24,1.28
486,-0.003952,1.24,1.3
487,-0.003944,1.24,1.3
488,-0.003936,1.26,1.32
489,-0.003928,1.26,1.32
490,-0.00392,1.28,1.32
491,-0.003912,1.28,1.34
492,-0.0039040000000000004,1.28,1.36
493,-0.003896,1.3,1.36
494,-0.003888,1.3,1.3800000000000001
495,-0.0038799999999999998,1.32,1.3800000000000001
496,-0.0038719999999999996,1.32,1.4000000000000001
497,-0.0038640000000000002,1.34,1.3800000000000001
498,-0.003856,1.34,1.4000000000000001
499,-0.003848,1.36,1.42
500,-0.0038399999999999997,1.36,1.44
501,-0.0038320000000000003,1.3800000000000001,1.44
502,-0.003824,1.3800000000000001,1.44
503,-0.003816,1.3800000000000001,1.46
504,-0.0038079999999999998,1.4000000000000001,1.48
505,-0.0037999999999999996,1.42,1.46
506,-0.0037920000000000002,1.42,1.48
507,-0.003784,1.44,1.5
508,-0.003776,1.42,1.5
509,-0.0037679999999999996,1.44,1.52
510,-0.0037600000000000003,1.46,1.52
511,-0.003752,1.46,1.52
512,-0.003744,1.46,1.54
513,-0.0037359999999999997,1.46,1.56
514,-0.0037279999999999995,1.48,1.56
515,-0.00372,1.5,1.56
516,-0.003712,1.52,1.58
517,-0.003704,1.52,1.58
518,-0.0036959999999999996,1.52,1.6
519,-0.0036880000000000003,1.54,1.6
520,-0.00368,1.56,1.62
521,-0.003672,1.56,1.62
522,-0.0036639999999999997,1.56,1.62
523,-0.0036559999999999995,1.58,1.6400000000000001
524,-0.003648,1.58,1.6400000000000001
525,-0.00364,1.58,1.6600000000000001
526,-0.003632,1.6,1.68
527,-0.0036239999999999996,1.6,1.68
528,-0.0036160000000000003,1.62,1.7
529,-0.003608,1.62,1.7
530,-0.0036,1.6400000000000001,1.7
531,-0.0035919999999999997,1.6400000000000001,1.72
532,-0.0035839999999999995,1.6600000000000001,1.72
533,-0.003576,1.6600000000000001,1.72
534,-0.003568,1.6600000000000001,1.74
535,-0.00356,1.68,1.74
536,-0.0035519999999999996,1.68,1.76
537,-0.0035440000000000003,1.68,1.78
538,-0.003536,1.7,1.78
539,-0.003528,1.72,1.78
540,-0.0035199999999999997,1.74,1.78
541,-0.0035120000000000004,1.74,1.8
542,-0.003504,1.74,1.82
543,-0.003496,1.76,1.84
544,-0.0034879999999999998,1.76,1.84
545,-0.0034799999999999996,1.76,1.86
546,-0.0034720000000000003,1.78,1.84
547,-0.003464,1.8,1.8800000000000001
548,-0.003456,1.8,1.8800000000000001
549,-0.0034479999999999997,1.82,1.8800000000000001
550,-0.0034400000000000003,1.82,1.9000000000000001
551,-0.003432,1.82,1.9000000000000001
552,-0.003424,1.84,1.92
553,-0.0034159999999999998,1.84,1.94
554,-0.0034079999999999996,1.86,1.94
555,-0.0034000000000000002,1.86,1.94
556,-0.003392,1.8800000000000001,1.96
557,-0.003384,1.8800000000000001,1.96
558,-0.0033759999999999997,1.9000000000000001,1.98
559,-0.0033680000000000003,1.9000000000000001,1.98
560,-0.00336,1.9000000000000001,2.0
561,-0.003352,1.9000000000000001,2.0
562,-0.0033439999999999998,1.94,2.02
563,-0.0033359999999999996,1.94,2.04
564,-0.0033280000000000002,1.94,2.04
565,-0.00332,1.96,2.04
566,-0.003312,1.98,2.06
567,-0.0033039999999999996,1.98,2.06
568,-0.0032960000000000003,1.98,2.08
569,-0.003288,2.0,2.08
570,-0.00328,2.0,2.08
571,-0.0032719999999999997,2.0,2.08
572,-0.0032639999999999995,2.02,2.12
573,-0.003256,2.04,2.1
574,-0.003248,2.04,2.12
575,-0.00324,2.04,2.12
576,-0.0032319999999999996,2.06,2.16
577,-0.0032240000000000003,2.06,2.16
578,-0.003216,2.08,2.18
579,-0.003208,2.08,2.16
580,-0.0031999999999999997,2.1,2.18
581,-0.0031919999999999995,2.1,2.2
582,-0.003184,2.12,2.2
583,-0.003176,2.12,2.2
584,-0.003168,2.14,2.22
585,-0.0031599999999999996,2.14,2.24
586,-0.0031520000000000003,2.16,2.24
587,-0.003144,2.16,2.2600000000000002
588,-0.003136,2.16,2.2600000000000002
589,-0.0031279999999999997,2.18,2.2800000000000002
590,-0.0031200000000000004,2.18,2.2800000000000002
591,-0.003112,2.2,2.3000000000000003
592,-0.003104,2.2,2.3000000000000003
593,-0.003096,2.22,2.32
594,-0.0030879999999999996,2.22,2.32
595,-0.0030800000000000003,2.24,2.32
596,-0.003072,2.22,2.32
597,-0.003064,2.24,2.34
598,-0.0030559999999999997,2.2600000000000002,2.34
599,-0.0030480000000000004,2.2600000000000002,2.36
600,-0.00304,2.2800000000000002,2.38
601,-0.003032,2.2800000000000002,2.38
602,-0.0030239999999999998,2.2800000000000002,2.4
603,-0.0030159999999999996,2.2800000000000002,2.4
604,-0.0030080000000000003,2.3000000000000003,2.42
605,-0.003,2.32,2.42
606,-0.002992,2.34,2.44
607,-0.0029839999999999997,2.34,2.44
608,-0.0029760000000000003,2.34,2.46
609,-0.002968,2.34,2.44
610,-0.00296,2.36,2.46
611,-0.0029519999999999998,2.38,2.48
612,-0.0029439999999999996,2.38,2.5
613,-0.0029360000000000002,2.4,2.48
614,-0.002928,2.4,2.5
615,-0.00292,2.4,2.52
616,-0.0029119999999999997,2.4,2.52
617,-0.0029040000000000003,2.42,2.52
618,-0.002896,2.44,2.56
619,-0.002888,2.44,2.54
620,-0.0028799999999999997,2.46,2.56
621,-0.0028719999999999996,2.48,2.58
622,-0.0028640000000000002,2.48,2.6
623,-0.002856,2.46,2.58
624,-0.002848,2.5,2.62
625,-0.0028399999999999996,2.48,2.6
626,-0.0028320000000000003,2.52,2.62
627,-0.002824,2.5,2.62
628,-0.002816,2.52,2.64
629,-0.0028079999999999997,2.52,2.64
630,-0.0028000000000000004,2.54,2.66
631,-0.002792,2.54,2.66
632,-0.002784,2.56,2.68
633,-0.002776,2.58,2.68
634,-0.0027679999999999996,2.58,2.7
635,-0.0027600000000000003,2.58,2.7
636,-0.002752,2.6,2.7
637,-0.002744,2.6,2.72
638,-0.0027359999999999997,2.62,2.72
639,-0.0027280000000000004,2.62,2.74
640,-0.00272,2.62,2.74
641,-0.002712,2.64,2.7600000000000002
642,-0.002704,2.64,2.7800000000000002
643,-0.0026959999999999996,2.64,2.7800000000000002
644,-0.0026880000000000003,2.68,2.7800000000000002
645,-0.00268,2.68,2.8000000000000003
646,-0.002672,2.68,2.82
647,-0.0026639999999999997,2.68,2.8000000000000003
648,-0.0026560000000000004,2.7,2.84
649,-0.002648,2.7,2.84
650,-0.00264,2.72,2.84
651,-0.002632,2.72,2.86
652,-0.0026239999999999996,2.74,2.88
653,-0.0026160000000000003,2.74,2.86
654,-0.002608,2.7600000000000002,2.88
655,-0.0026,2.7600000000000002,2.9
656,-0.0025919999999999997,2.7800000000000002,2.9
657,-0.0025840000000000004,2.7800000000000002,2.9
658,-0.002576,2.8000000000000003,2.92
659,-0.002568,2.8000000000000003,2.94
660,-0.0025599999999999998,2.82,2.94
661,-0.0025519999999999996,2.82,2.94
662,-0.0025440000000000003,2.84,2.94
663,-0.002536,2.84,2.96
664,-0.002528,2.86,2.98
665,-0.0025199999999999997,2.86,2.98
666,-0.0025120000000000003,2.86,3.0
667,-0.002504,2.88,3.0
668,-0.002496,2.88,3.02
669,-0.0024879999999999998,2.88,3.02
670,-0.0024799999999999996,2.9,3.02
671,-0.0024720000000000002,2.92,3.04
672,-0.002464,2.92,3.06
673,-0.002456,2.92,3.06
674,-0.0024479999999999997,2.94,3.08
675,-0.0024400000000000003,2.96,3.08
676,-0.002432,2.96,3.1
677,-0.002424,2.96,3.1
678,-0.0024159999999999997,2.98,3.12
679,-0.0024080000000000004,2.98,3.12
680,-0.0024000000000000002,3.0,3.14
681,-0.002392,3.0,3.14
682,-0.002384,3.0,3.14
683,-0.0023759999999999996,3.02,3.16
684,-0.0023680000000000003,3.02,3.16
685,-0.00236,3.04,3.18
686,-0.002352,3.04,3.18
687,-0.0023439999999999997,3.06,3.2
688,-0.0023360000000000004,3.06,3.2
689,-0.002328,3.08,3.22
690,-0.00232,3.08,3.22
691,-0.002312,3.1,3.22
692,-0.0023039999999999996,3.1,3.24
693,-0.0022960000000000003,3.12,3.2600000000000002
694,-0.002288,3.12,3.2600000000000002
695,-0.00228,3.14,3.2800000000000002
696,-0.0022719999999999997,3.16,3.2800000000000002
697,-0.0022640000000000004,3.16,3.3000000000000003
698,-0.002256,3.16,3.3000000000000003
699,-0.002248,3.16,3.3200000000000003
700,-0.00224,3.18,3.3200000000000003
701,-0.0022319999999999996,3.2,3.34
702,-0.0022240000000000003,3.2,3.34
703,-0.002216,3.22,3.34
704,-0.002208,3.22,3.36
705,-0.0021999999999999997,3.22,3.38
706,-0.0021920000000000004,3.24,3.38
707,-0.002184,3.24,3.38
708,-0.002176,3.2600000000000002,3.4
709,-0.002168,3.2600000000000002,3.4
710,-0.0021599999999999996,3.2800000000000002,3.42
711,-0.0021520000000000003,3.2800000000000002,3.44
712,-0.002144,3.3000000000000003,3.44
713,-0.002136,3.3000000000000003,3.44
714,-0.0021279999999999997,3.3000000000000003,3.46
715,-0.0021200000000000004,3.3200000000000003,3.46
716,-0.002112,3.34,3.48
717,-0.002104,3.34,3.48
718,-0.0020959999999999998,3.34,3.48
719,-0.0020879999999999996,3.36,3.5
720,-0.0020800000000000003,3.36,3.52
721,-0.002072,3.36,3.52
722,-0.002064,3.4,3.54
723,-0.0020559999999999997,3.38,3.56
724,-0.0020480000000000003,3.42,3.56
725,-0.00204,3.4,3.56
726,-0.002032,3.42,3.56
727,-0.0020239999999999998,3.44,3.58
728,-0.0020160000000000004,3.44,3.58
729,-0.0020080000000000002,3.46,3.6
730,-0.002,3.46,3.6
731,-0.001992,3.46,3.62
732,-0.0019839999999999997,3.48,3.62
733,-0.0019760000000000003,3.48,3.64
734,-0.001968,3.5,3.64
735,-0.00196,3.5,3.66
736,-0.0019519999999999997,3.52,3.68
737,-0.0019440000000000004,3.52,3.68
738,-0.0019360000000000002,3.52,3.7
739,-0.001928,3.54,3.7
740,-0.0019199999999999998,3.54,3.7
741,-0.0019119999999999996,3.56,3.72
742,-0.0019040000000000003,3.56,3.72
743,-0.0018960000000000001,3.58,3.74
744,-0.001888,3.58,3.74
745,-0.0018799999999999997,3.6,3.7600000000000002
746,-0.0018720000000000004,3.62,3.7600000000000002
747,-0.0018640000000000002,3.6,3.7800000000000002
748,-0.001856,3.62,3.7800000000000002
749,-0.0018479999999999998,3.62,3.8000000000000003
750,-0.0018399999999999996,3.64,3.8000000000000003
751,-0.0018320000000000003,3.64,3.8200000000000003
752,-0.001824,3.66,3.8200000000000003
753,-0.001816,3.68,3.8200000000000003
754,-0.0018079999999999997,3.68,3.84
755,-0.0018000000000000004,3.68,3.84
756,-0.0017920000000000002,3.7,3.86
757,-0.001784,3.7,3.86
758,-0.0017759999999999998,3.7,3.88
759,-0.0017679999999999996,3.72,3.88
760,-0.0017600000000000003,3.74,3.9
761,-0.001752,3.74,3.9
762,-0.0017439999999999999,3.7600000000000002,3.94
763,-0.0017359999999999997,3.7600000000000002,3.92
764,-0.0017280000000000004,3.7600000000000002,3.94
765,-0.0017200000000000002,3.7800000000000002,3.96
766,-0.001712,3.7800000000000002,3.96
767,-0.0017039999999999998,3.8000000000000003,3.98
768,-0.0016959999999999996,3.8200000000000003,3.96
769,-0.0016880000000000003,3.8200000000000003,3.98
770,-0.00168,3.8200000000000003,4.0
771,-0.0016719999999999999,3.84,4.0
772,-0.0016639999999999997,3.84,4.0
773,-0.0016560000000000004,3.84,4.0200000000000005
774,-0.0016480000000000002,3.86,4.04
775,-0.00164,3.86,4.0600000000000005
776,-0.0016319999999999998,3.88,4.04
777,-0.0016240000000000004,3.88,4.0600000000000005
778,-0.0016160000000000002,3.9,4.0600000000000005
779,-0.001608,3.9,4.08
780,-0.0015999999999999999,3.92,4.08
781,-0.0015919999999999997,3.92,4.08
782,-0.0015840000000000003,3.94,4.1
783,-0.0015760000000000001,3.94,4.1
784,-0.001568,3.96,4.12
785,-0.0015599999999999998,3.96,4.12
786,-0.0015520000000000004,3.96,4.14
787,-0.0015440000000000002,3.98,4.14
788,-0.001536,3.98,4.16
789,-0.0015279999999999998,4.0,4.18
790,-0.0015199999999999997,4.0,4.18
791,-0.0015120000000000003,4.0200000000000005,4.2
792,-0.0015040000000000001,4.0200000000000005,4.2
793,-0.001496,4.04,4.22
794,-0.0014879999999999997,4.04,4.22
795,-0.0014800000000000004,4.0600000000000005,4.22
796,-0.0014720000000000002,4.0600000000000005,4.24
797,-0.001464,4.0600000000000005,4.26
798,-0.0014559999999999998,4.08,4.26
799,-0.0014479999999999996,4.08,4.26
800,-0.0014400000000000003,4.1,4.28
801,-0.0014320000000000001,4.1,4.28
802,-0.001424,4.12,4.32
803,-0.0014159999999999997,4.12,4.3
804,-0.0014080000000000004,4.14,4.32
805,-0.0014000000000000002,4.14,4.34
806,-0.001392,4.16,4.34
807,-0.0013839999999999998,4.16,4.34
808,-0.0013759999999999996,4.18,4.36
809,-0.0013680000000000003,4.18,4.36
810,-0.00136,4.18,4.38
811,-0.001352,4.2,4.38
812,-0.0013439999999999997,4.2,4.4
813,-0.0013360000000000004,4.22,4.4
814,-0.0013280000000000002,4.22,4.42
815,-0.00132,4.24,4.42
816,-0.0013119999999999998,4.24,4.44
817,-0.0013040000000000005,4.26,4.44
818,-0.0012960000000000003,4.26,4.46
819,-0.001288,4.26,4.46
820,-0.0012799999999999999,4.28,4.48
821,-0.0012719999999999997,4.3,4.48
822,-0.0012640000000000004,4.3,4.5
823,-0.0012560000000000002,4.3,4.5
824,-0.001248,4.32,4.5200000000000005
825,-0.0012399999999999998,4.34,4.5200000000000005
826,-0.0012320000000000005,4.34,4.5200000000000005
827,-0.0012240000000000003,4.36,4.54
828,-0.001216,4.34,4.5600000000000005
829,-0.0012079999999999999,4.36,4.5600000000000005
830,-0.0011999999999999997,4.38,4.58
831,-0.0011920000000000004,4.38,4.6000000000000005
832,-0.0011840000000000002,4.38,4.58
833,-0.001176,4.4,4.6000000000000005
834,-0.0011679999999999998,4.4,4.62
835,-0.0011600000000000004,4.42,4.62
836,-0.0011520000000000002,4.42,4.64
837,-0.001144,4.44,4.64
838,-0.0011359999999999999,4.46,4.64
839,-0.0011279999999999997,4.46,4.66
840,-0.0011200000000000003,4.46,4.66
841,-0.0011120000000000001,4.48,4.66
842,-0.001104,4.48,4.68
843,-0.0010959999999999998,4.48,4.7
844,-0.0010880000000000004,4.5,4.7
845,-0.0010800000000000002,4.5,4.7
846,-0.001072,4.5200000000000005,4.72
847,-0.0010639999999999998,4.5200000000000005,4.72
848,-0.0010559999999999996,4.54,4.74
849,-0.0010480000000000003,4.54,4.76
850,-0.0010400000000000001,4.5600000000000005,4.78
851,-0.001032,4.5600000000000005,4.76
852,-0.0010239999999999997,4.58,4.78
853,-0.0010160000000000004,4.58,4.8
854,-0.0010080000000000002,4.58,4.8
855,-0.001,4.58,4.8
856,-0.0009919999999999998,4.6000000000000005,4.84
857,-0.0009839999999999996,4.62,4.82
858,-0.0009760000000000003,4.62,4.84
859,-0.0009680000000000001,4.64,4.84
860,-0.0009599999999999999,4.66,4.86
861,-0.0009519999999999997,4.66,4.86
862,-0.0009440000000000004,4.66,4.88
863,-0.0009360000000000002,4.68,4.88
864,-0.000928,4.68,4.88
865,-0.0009199999999999998,4.7,4.9
866,-0.0009120000000000005,4.7,4.92
867,-0.0009040000000000003,4.72,4.92
868,-0.0008960000000000001,4.72,4.94
869,-0.0008879999999999999,4.72,4.94
870,-0.0008799999999999997,4.74,4.94
871,-0.0008720000000000004,4.76,4.96
872,-0.0008640000000000002,4.76,4.96
873,-0.000856,0.04,0.04
874,-0.0008479999999999998,0.04,0.04
875,-0.0008400000000000005,0.02,0.04
876,-0.0008320000000000003,0.04,0.04
877,-0.0008240000000000001,0.04,0.04
878,-0.0008159999999999999,0.04,0.04
879,-0.0008079999999999997,0.06,0.06
880,-0.0008000000000000004,0.06,0.08
881,-0.0007920000000000002,0.08,0.1
882,-0.000784,0.08,0.1
883,-0.0007759999999999998,0.08,0.1
884,-0.0007680000000000005,0.1,0.12
885,-0.0007600000000000003,0.12,0.12
886,-0.0007520000000000001,0.12,0.14
887,-0.0007439999999999999,0.12,0.16
888,-0.0007359999999999997,0.14,0.16
889,-0.0007280000000000003,0.14,0.16
890,-0.0007200000000000002,0.16,0.18
891,-0.000712,0.16,0.18
892,-0.0007039999999999998,0.18,0.2
893,-0.0006960000000000004,0.18,0.2
894,-0.0006880000000000002,0.2,0.22
895,-0.00068,0.22,0.22
896,-0.0006719999999999999,0.22,0.24
897,-0.0006639999999999997,0.22,0.24
898,-0.0006560000000000003,0.22,0.26
899,-0.0006480000000000001,0.24,0.26
900,-0.0006399999999999999,0.24,0.26
901,-0.0006319999999999997,0.26,0.28
902,-0.0006240000000000004,0.28,0.3
903,-0.0006160000000000002,0.28,0.3
904,-0.000608,0.28,0.32
905,-0.0005999999999999998,0.3,0.32
906,-0.0005919999999999996,0.3,0.32
907,-0.0005840000000000003,0.32,0.34
908,-0.0005760000000000001,0.32,0.34
909,-0.0005679999999999999,0.34,0.36
910,-0.0005599999999999997,0.34,0.38
911,-0.0005520000000000004,0.36,0.38
912,-0.0005440000000000002,0.36,0.38
913,-0.000536,0.38,0.4
914,-0.0005279999999999998,0.38,0.4
915,-0.0005200000000000005,0.38,0.4
916,-0.0005120000000000003,0.4,0.42
917,-0.0005040000000000001,0.4,0.44
918,-0.0004959999999999999,0.4,0.42
919,-0.0004879999999999997,0.42,0.44
920,-0.0004800000000000004,0.42,0.46
921,-0.0004720000000000002,0.44,0.48
922,-0.000464,0.44,0.48
923,-0.0004559999999999998,0.46,0.5
924,-0.0004480000000000005,0.46,0.5
925,-0.0004400000000000003,0.48,0.52
926,-0.0004320000000000001,0.48,0.52
927,-0.0004239999999999999,0.5,0.52
928,-0.0004159999999999997,0.5,0.54
929,-0.0004080000000000004,0.52,0.54
930,-0.0004000000000000002,0.52,0.56
931,-0.000392,0.54,0.58
932,-0.0003839999999999998,0.56,0.58
933,-0.00037600000000000047,0.54,0.58
934,-0.00036800000000000027,0.56,0.6
935,-0.0003600000000000001,0.58,0.58
936,-0.0003519999999999999,0.58,0.6
937,-0.0003439999999999997,0.6,0.62
938,-0.00033600000000000036,0.58,0.64
939,-0.00032800000000000017,0.62,0.64
940,-0.00031999999999999997,0.62,0.64
941,-0.0003119999999999998,0.62,0.66
942,-0.00030400000000000045,0.64,0.68
943,-0.00029600000000000026,0.66,0.68
944,-0.00028800000000000006,0.66,0.7000000000000001
945,-0.00027999999999999987,0.68,0.7000000000000001
946,-0.00027199999999999967,0.68,0.7000000000000001
947,-0.00026400000000000035,0.68,0.72
948,-0.00025600000000000015,0.7000000000000001,0.72
949,-0.00024799999999999996,0.7000000000000001,0.74
950,-0.00023999999999999976,0.72,0.74
951,-0.00023200000000000044,0.74,0.76
952,-0.00022400000000000024,0.74,0.76
953,-0.00021600000000000005,0.74,0.78
954,-0.00020799999999999985,0.76,0.8
955,-0.00020000000000000052,0.76,0.8
956,-0.00019200000000000033,0.78,0.8200000000000001
957,-0.00018400000000000014,0.78,0.8200000000000001
958,-0.00017599999999999994,0.8,0.8200000000000001
959,-0.00016799999999999975,0.8,0.84
960,-0.00016000000000000042,0.8,0.84
961,-0.00015200000000000023,0.8200000000000001,0.86
962,-0.00014400000000000003,0.8200000000000001,0.86
963,-0.00013599999999999984,0.8200000000000001,0.86
964,-0.0001280000000000005,0.84,0.88
965,-0.00012000000000000031,0.86,0.9
966,-0.00011200000000000012,0.86,0.9
967,-0.00010399999999999993,0.88,0.92
968,-9.599999999999973e-05,0.88,0.92
969,-8.80000000000004e-05,0.88,0.9400000000000001
970,-8.000000000000021e-05,0.9,0.9400000000000001
971,-7.200000000000002e-05,0.9,0.96
972,-6.399999999999982e-05,0.92,0.96
973,-5.6000000000000494e-05,0.92,0.96
974,-4.80000000000003e-05,0.9400000000000001,0.98
975,-4.0000000000000105e-05,0.96,0.98
976,-3.199999999999991e-05,0.96,1.0
977,-2.3999999999999716e-05,0.96,1.02
978,-1.600000000000039e-05,0.96,1.02
979,-7.999999999999327e-06,0.96,1.04
980,0.0,1.0,1.04
981,7.999999999999327e-06,1.0,1.04
982,1.600000000000039e-05,1.0,1.04
983,2.3999999999999716e-05,1.0,1.08
984,3.199999999999904e-05,1.04,1.08
985,4.0000000000000105e-05,1.04,1.08
986,4.799999999999943e-05,1.04,1.1
987,5.6000000000000494e-05,1.06,1.1
988,6.399999999999982e-05,1.06,1.12
989,7.199999999999915e-05,1.08,1.12
990,8.000000000000021e-05,1.08,1.1400000000000001
991,8.799999999999954e-05,1.08,1.1400000000000001
992,9.60000000000006e-05,1.1,1.16
993,0.00010399999999999993,1.12,1.16
994,0.00011199999999999925,1.1,1.16
995,0.00012000000000000031,1.1400000000000001,1.18
996,0.00012799999999999964,1.1400000000000001,1.18
997,0.0001360000000000007,1.1400000000000001,1.2
998,0.00014400000000000003,1.16,1.2
999,0.00015199999999999936,1.16,1.22
1000,0.00016000000000000042,1.18,1.22
1001,0.00016799999999999975,1.18,1.24
1002,0.00017599999999999907,1.18,1.24
1003,0.00018400000000000014,1.18,1.26
1004,0.00019199999999999946,1.22,1.28
1005,0.00020000000000000052,1.2,1.28
1006,0.00020799999999999985,1.22,1.28
1007,0.00021599999999999918,1.22,1.3
1008,0.00022400000000000024,1.24,1.3
1009,0.00023199999999999957,1.26,1.3
1010,0.00024000000000000063,1.26,1.32
1011,0.00024799999999999996,1.28,1.34
1012,0.0002559999999999993,1.28,1.36
1013,0.00026400000000000035,1.3,1.36
1014,0.00027199999999999967,1.3,1.34
1015,0.00028000000000000073,1.3,1.36
1016,0.00028800000000000006,1.32,1.3800000000000001
1017,0.0002959999999999994,1.32,1.4000000000000001
1018,0.00030400000000000045,1.34,1.4000000000000001
1019,0.0003119999999999998,1.34,1.4000000000000001
1020,0.0003199999999999991,1.36,1.42
1021,0.00032800000000000017,1.36,1.44
1022,0.0003359999999999995,1.3800000000000001,1.44
1023,0.00034400000000000056,1.3800000000000001,1.44
1024,0.0003519999999999999,1.3800000000000001,1.46
1025,0.0003599999999999992,1.4000000000000001,1.46
1026,0.00036800000000000027,1.42,1.46
1027,0.0003759999999999996,1.4000000000000001,1.48
1028,0.00038400000000000066,1.42,1.5
1029,0.000392,1.42,1.5
1030,0.0003999999999999993,1.44,1.52
1031,0.0004080000000000004,1.46,1.52
1032,0.0004159999999999997,1.46,1.54
1033,0.00042399999999999903,1.48,1.54
1034,0.0004320000000000001,1.48,1.54
1035,0.0004399999999999994,1.48,1.56
1036,0.0004480000000000005,1.5,1.56
1037,0.0004559999999999998,1.52,1.56
1038,0.00046399999999999914,1.52,1.58
1039,0.0004720000000000002,1.54,1.6
1040,0.0004799999999999995,1.54,1.6
1041,0.0004880000000000006,1.54,1.62
1042,0.0004959999999999999,1.56,1.62
1043,0.0005039999999999992,1.56,1.6400000000000001
1044,0.0005120000000000003,1.58,1.6400000000000001
1045,0.0005199999999999996,1.58,1.6600000000000001
1046,0.0005280000000000007,1.6,1.6600000000000001
1047,0.000536,1.6,1.68
1048,0.0005439999999999993,1.62,1.68
1049,0.0005520000000000004,1.62,1.68
1050,0.0005599999999999997,1.62,1.7
1051,0.0005679999999999991,1.6400000000000001,1.7
1052,0.0005760000000000001,1.6400000000000001,1.72
1053,0.0005839999999999995,1.6600000000000001,1.72
1054,0.0005920000000000005,1.6600000000000001,1.74
1055,0.0005999999999999998,1.6600000000000001,1.74
1056,0.0006079999999999992,1.68,1.76
1057,0.0006160000000000002,1.7,1.76
1058,0.0006239999999999996,1.7,1.78
1059,0.0006320000000000006,1.7,1.78
1060,0.0006399999999999999,1.72,1.78
1061,0.0006479999999999993,1.74,1.8
1062,0.0006560000000000003,1.74,1.82
1063,0.0006639999999999997,1.72,1.82
1064,0.0006720000000000007,1.76,1.84
1065,0.00068,1.78,1.84
1066,0.0006879999999999994,1.78,1.84
1067,0.0006960000000000004,1.78,1.86
1068,0.0007039999999999998,1.8,1.8800000000000001
1069,0.0007119999999999991,1.8,1.8800000000000001
1070,0.0007200000000000002,1.82,1.8800000000000001
1071,0.0007279999999999995,1.82,1.9000000000000001
1072,0.0007360000000000005,1.84,1.92
1073,0.0007439999999999999,1.84,1.92
1074,0.0007519999999999992,1.84,1.92
1075,0.0007600000000000003,1.86,1.92
1076,0.0007679999999999996,1.8800000000000001,1.96
1077,0.0007760000000000006,1.8800000000000001,1.96
1078,0.000784,1.8800000000000001,1.98
1079,0.0007919999999999993,1.8800000000000001,1.98
1080,0.0008000000000000004,1.9000000000000001,1.98
1081,0.0008079999999999997,1.92,2.0
1082,0.000815999999999999,1.92,2.0
1083,0.0008240000000000001,1.92,2.02
1084,0.0008319999999999994,1.94,2.02
1085,0.0008400000000000005,1.96,2.04
1086,0.0008479999999999998,1.94,2.04
1087,0.0008559999999999991,1.96,2.06
1088,0.0008640000000000002,1.98,2.06
1089,0.0008719999999999995,1.98,2.08
1090,0.0008800000000000006,2.0,2.08
1091,0.0008879999999999999,2.0,2.08
1092,0.0008959999999999992,2.02,2.1
1093,0.0009040000000000003,2.02,2.1
1094,0.0009119999999999996,2.04,2.12
1095,0.0009200000000000007,2.02,2.12
1096,0.000928,2.04,2.14
1097,0.0009359999999999993,2.06,2.14
1098,0.0009440000000000004,2.06,2.18
1099,0.0009519999999999997,2.08,2.16
1100,0.000959999999999999,2.08,2.18
1101,0.0009680000000000001,2.1,2.18
1102,0.0009759999999999994,2.12,2.2
1103,0.0009840000000000005,2.1,2.2
1104,0.0009919999999999998,2.12,2.2
1105,0.0009999999999999992,2.14,2.22
1106,0.0010080000000000002,2.14,2.22
1107,0.0010159999999999995,2.16,2.24
1108,0.0010240000000000006,2.16,2.2600000000000002
1109,0.001032,2.16,2.2600000000000002
1110,0.0010399999999999993,2.18,2.2800000000000002
1111,0.0010480000000000003,2.18,2.2600000000000002
1112,0.0010559999999999996,2.2,2.3000000000000003
1113,0.0010640000000000007,2.2,2.3000000000000003
1114,0.001072,2.22,2.3000000000000003
1115,0.0010799999999999994,2.22,2.32
1116,0.0010880000000000004,2.24,2.32
1117,0.0010959999999999998,2.24,2.34
1118,0.001103999999999999,2.2600000000000002,2.36
1119,0.0011120000000000001,2.2600000000000002,2.36
1120,0.0011199999999999995,2.2600000000000002,2.38
1121,0.0011280000000000005,2.2800000000000002,2.38
1122,0.0011359999999999999,2.3000000000000003,2.4
1123,0.0011439999999999992,2.3000000000000003,2.4
1124,0.0011520000000000002,2.3000000000000003,2.4
1125,0.0011599999999999996,2.32,2.42
1126,0.0011680000000000006,2.32,2.42
1127,0.001176,2.34,2.44
1128,0.0011839999999999993,2.34,2.44
1129,0.0011920000000000004,2.34,2.46
1130,0.0011999999999999997,2.36,2.44
1131,0.001207999999999999,2.38,2.48
1132,0.001216,2.38,2.48
1133,0.0012239999999999994,2.38,2.48
1134,0.0012320000000000005,2.4,2.5
1135,0.0012399999999999998,2.4,2.5
1136,0.0012479999999999991,2.42,2.52
1137,0.0012560000000000002,2.42,2.52
1138,0.0012639999999999995,2.44,2.52
1139,0.0012720000000000006,2.44,2.54
1140,0.0012799999999999999,2.44,2.56
1141,0.0012879999999999992,2.46,2.56
1142,0.0012960000000000003,2.46,2.58
1143,0.0013039999999999996,2.48,2.58
1144,0.0013120000000000007,2.46,2.6
1145,0.00132,2.5,2.6
1146,0.0013279999999999993,2.5,2.6
1147,0.0013360000000000004,2.52,2.62
1148,0.0013439999999999997,2.52,2.64
1149,0.001351999999999999,2.52,2.64
1150,0.00136,2.52,2.64
1151,0.0013679999999999994,2.56,2.66
1152,0.0013760000000000005,2.54,2.66
1153,0.0013839999999999998,2.56,2.68
1154,0.0013919999999999991,2.56,2.68
1155,0.0014000000000000002,2.58,2.7
1156,0.0014079999999999995,2.58,2.7
1157,0.0014160000000000006,2.6,2.72
1158,0.001424,2.6,2.72
1159,0.0014319999999999992,2.62,2.74
1160,0.0014400000000000003,2.62,2.74
1161,0.0014479999999999996,2.62,2.74
1162,0.0014560000000000007,2.64,2.7600000000000002
1163,0.001464,2.64,2.7600000000000002
1164,0.0014719999999999994,2.66,2.7800000000000002
1165,0.0014800000000000004,2.66,2.8000000000000003
1166,0.0014879999999999997,2.68,2.8000000000000003
1167,0.001495999999999999,2.68,2.8000000000000003
1168,0.0015040000000000001,2.7,2.84
1169,0.0015119999999999995,2.7,2.82
1170,0.0015200000000000005,2.7,2.84
1171,0.0015279999999999998,2.72,2.84
1172,0.0015359999999999992,2.74,2.86
1173,0.0015440000000000002,2.74,2.86
1174,0.0015519999999999996,2.74,2.86
1175,0.0015600000000000006,2.7600000000000002,2.88
1176,0.001568,2.7600000000000002,2.88
1177,0.0015759999999999993,2.7800000000000002,2.9
1178,0.0015840000000000003,2.8000000000000003,2.9
1179,0.0015919999999999997,2.8000000000000003,2.92
1180,0.001599999999999999,2.8000000000000003,2.92
1181,0.001608,2.82,2.94
1182,0.0016159999999999994,2.82,2.96
1183,0.0016240000000000004,2.82,2.98
1184,0.0016319999999999998,2.84,2.96
1185,0.001639999999999999,2.84,2.98
1186,0.0016480000000000002,2.88,2.98
1187,0.0016559999999999995,2.86,3.0
1188,0.0016640000000000005,2.88,3.0
1189,0.0016719999999999999,2.9,3.02
1190,0.0016799999999999992,2.9,3.04
1191,0.0016880000000000003,2.92,3.04
1192,0.0016959999999999996,2.9,3.04
1193,0.0017040000000000007,2.92,3.06
1194,0.001712,2.92,3.06
1195,0.0017199999999999993,2.92,3.06
1196,0.0017280000000000004,2.94,3.08
1197,0.0017359999999999997,2.96,3.1
1198,0.001743999999999999,2.96,3.1
1199,0.001752,2.98,3.12
1200,0.0017599999999999994,2.98,3.12
1201,0.0017680000000000005,2.98,3.14
1202,0.0017759999999999998,3.0,3.14
1203,0.0017839999999999991,3.02,3.16
1204,0.0017920000000000002,3.02,3.16
1205,0.0017999999999999995,3.02,3.18
1206,0.0018080000000000006,3.04,3.18
1207,0.001816,3.04,3.2
1208,0.0018239999999999992,3.06,3.2
1209,0.0018320000000000003,3.06,3.2
1210,0.0018399999999999996,3.08,3.22
1211,0.001847999999999999,3.08,3.22
1212,0.001856,3.1,3.24
1213,0.0018639999999999993,3.1,3.2600000000000002
1214,0.0018720000000000004,3.12,3.2800000000000002
1215,0.0018799999999999997,3.12,3.2600000000000002
1216,0.001887999999999999,3.14,3.2800000000000002
1217,0.0018960000000000001,3.16,3.3000000000000003
1218,0.0019039999999999994,3.14,3.3000000000000003
1219,0.0019120000000000005,3.14,3.3200000000000003
1220,0.0019199999999999998,3.16,3.3200000000000003
1221,0.0019279999999999992,3.18,3.3200000000000003
1222,0.0019360000000000002,3.2,3.34
1223,0.0019439999999999995,3.2,3.34
1224,0.0019520000000000006,3.22,3.36
1225,0.00196,3.2,3.36
1226,0.0019679999999999993,3.22,3.36
1227,0.0019760000000000003,3.24,3.38
1228,0.0019839999999999997,3.2600000000000002,3.4
1229,0.001991999999999999,3.2600000000000002,3.4
1230,0.002,3.2800000000000002,3.42
1231,0.0020079999999999994,3.2600000000000002,3.42
1232,0.0020160000000000004,3.2800000000000002,3.42
1233,0.0020239999999999998,3.3000000000000003,3.44
1234,0.002031999999999999,3.3000000000000003,3.46
1235,0.00204,3.3200000000000003,3.46
1236,0.0020479999999999995,3.3200000000000003,3.46
1237,0.0020560000000000005,3.3200000000000003,3.48
1238,0.002064,3.34,3.48
1239,0.002071999999999999,3.34,3.5
1240,0.0020800000000000003,3.36,3.5
1241,0.0020879999999999996,3.36,3.52
1242,0.0020960000000000006,3.38,3.52
1243,0.002104,3.38,3.54
1244,0.0021119999999999993,3.4,3.56
1245,0.0021200000000000004,3.4,3.56
1246,0.0021279999999999997,3.4,3.58
1247,0.002135999999999999,3.42,3.58
1248,0.002144,3.44,3.58
1249,0.0021519999999999994,3.44,3.58
1250,0.0021600000000000005,3.44,3.6
1251,0.002168,3.44,3.6
1252,0.002175999999999999,3.46,3.62
1253,0.002184,3.48,3.62
1254,0.0021919999999999995,3.48,3.64
1255,0.0022000000000000006,3.5,3.64
1256,0.002208,3.52,3.66
1257,0.0022159999999999992,3.5,3.66
1258,0.0022240000000000003,3.52,3.68
1259,0.0022319999999999996,3.52,3.68
1260,0.002239999999999999,3.54,3.7
1261,0.002248,3.54,3.7
1262,0.0022559999999999993,3.56,3.72
1263,0.0022640000000000004,3.58,3.72
1264,0.0022719999999999997,3.58,3.74
1265,0.002279999999999999,3.58,3.7600000000000002
1266,0.002288,3.58,3.7600000000000002
1267,0.0022959999999999994,3.6,3.7600000000000002
1268,0.0023040000000000005,3.6,3.7800000000000002
1269,0.002312,3.6,3.7800000000000002
1270,0.002319999999999999,3.62,3.8000000000000003
1271,0.002328,3.64,3.8000000000000003
1272,0.0023359999999999995,3.64,3.8200000000000003
1273,0.0023440000000000006,3.66,3.84
1274,0.002352,3.66,3.84
1275,0.0023599999999999993,3.68,3.84
1276,0.0023680000000000003,3.7,3.86
1277,0.0023759999999999996,3.7,3.86
1278,0.002383999999999999,3.7,3.88
1279,0.002392,3.72,3.88
1280,0.0023999999999999994,3.72,3.9
1281,0.0024080000000000004,3.72,3.9
1282,0.0024159999999999997,3.74,3.9
1283,0.002423999999999999,3.74,3.92
1284,0.002432,3.7600000000000002,3.92
1285,0.0024399999999999995,3.7600000000000002,3.94
1286,0.0024480000000000005,3.7800000000000002,3.94
1287,0.002456,3.7800000000000002,3.94
1288,0.002463999999999999,3.8000000000000003,3.96
1289,0.0024720000000000002,3.8000000000000003,3.98
1290,0.0024799999999999996,3.8200000000000003,3.98
1291,0.0024880000000000006,3.8200000000000003,4.0
1292,0.002496,3.8200000000000003,4.0
1293,0.0025039999999999993,3.84,4.0200000000000005
1294,0.0025120000000000003,3.84,4.0200000000000005
1295,0.0025199999999999997,3.86,4.04
1296,0.002527999999999999,3.88,4.04
1297,0.002536,3.86,4.04
1298,0.0025439999999999994,3.88,4.0600000000000005
1299,0.0025520000000000004,3.9,4.08
1300,0.0025599999999999998,3.9,4.08
1301,0.002567999999999999,3.92,4.1
1302,0.002576,3.94,4.1
1303,0.0025839999999999995,3.94,4.1
1304,0.0025920000000000006,3.94,4.12
1305,0.0026,3.94,4.12
1306,0.002607999999999999,3.98,4.14
1307,0.0026160000000000003,3.96,4.14
1308,0.0026239999999999996,3.98,4.16
1309,0.002631999999999999,4.0,4.16
1310,0.00264,4.0,4.18
1311,0.0026479999999999993,4.0,4.18
1312,0.0026560000000000004,4.0200000000000005,4.18
1313,0.0026639999999999997,4.04,4.2
1314,0.002671999999999999,4.04,4.22
1315,0.00268,4.04,4.22
1316,0.0026879999999999994,4.0600000000000005,4.24
1317,0.0026960000000000005,4.0600000000000005,4.24
1318,0.002704,4.0600000000000005,4.24
1319,0.002711999999999999,4.08,4.26
1320,0.00272,4.1,4.26
1321,0.0027279999999999995,4.12,4.28
1322,0.0027360000000000006,4.1,4.3
1323,0.002744,4.12,4.32
1324,0.0027519999999999992,4.12,4.32
1325,0.0027600000000000003,4.14,4.32
1326,0.0027679999999999996,4.14,4.34
1327,0.002775999999999999,4.16,4.34
1328,0.002784,4.16,4.36
1329,0.0027919999999999993,4.16,4.36
1330,0.0028000000000000004,4.18,4.36
1331,0.0028079999999999997,4.18,4.38
1332,0.002815999999999999,4.2,4.38
1333,0.002824,4.2,4.4
1334,0.0028319999999999994,4.22,4.4
1335,0.0028400000000000005,4.22,4.42
1336,0.002848,4.24,4.42
1337,0.002855999999999999,4.24,4.44
1338,0.0028640000000000002,4.26,4.44
1339,0.0028719999999999996,4.26,4.46
1340,0.0028800000000000006,4.28,4.46
1341,0.002888,4.28,4.48
1342,0.0028959999999999993,4.28,4.48
1343,0.0029040000000000003,4.3,4.5
1344,0.0029119999999999997,4.3,4.5200000000000005
1345,0.002919999999999999,4.34,4.5200000000000005
1346,0.002928,4.32,4.5200000000000005
1347,0.0029359999999999994,4.34,4.5200000000000005
1348,0.0029440000000000004,4.34,4.54
1349,0.0029519999999999998,4.36,4.5600000000000005
1350,0.002959999999999999,4.36,4.5600000000000005
1351,0.002968,4.38,4.58
1352,0.0029759999999999995,4.38,4.58
1353,0.0029840000000000005,4.4,4.6000000000000005
1354,0.002992,4.42,4.6000000000000005
1355,0.002999999999999999,4.4,4.62
1356,0.0030080000000000003,4.42,4.62
1357,0.0030159999999999996,4.42,4.62
1358,0.003023999999999999,4.44,4.62
1359,0.003032,4.44,4.64
1360,0.0030399999999999993,4.44,4.66
1361,0.0030480000000000004,4.46,4.66
1362,0.0030559999999999997,4.48,4.68
1363,0.003063999999999999,4.48,4.68
1364,0.003072,4.48,4.7
1365,0.0030799999999999994,4.5,4.7
1366,0.0030880000000000005,4.5,4.7
1367,0.003096,4.5200000000000005,4.72
1368,0.003103999999999999,4.5200000000000005,4.74
1369,0.003112,4.54,4.74
1370,0.0031199999999999995,4.54,4.74
1371,0.0031280000000000006,4.5600000000000005,4.76
1372,0.003136,4.5600000000000005,4.78
1373,0.0031439999999999992,4.5600000000000005,4.78
1374,0.0031520000000000003,4.58,4.78
1375,0.0031599999999999996,4.6000000000000005,4.8
1376,0.003167999999999999,4.6000000000000005,4.8
1377,0.003176,4.6000000000000005,4.82
1378,0.0031839999999999993,4.62,4.82
1379,0.0031920000000000004,4.62,4.82
1380,0.0031999999999999997,4.64,4.84
1381,0.003207999999999999,4.64,4.86
1382,0.003216,4.66,4.86
1383,0.0032239999999999994,4.66,4.9
1384,0.0032320000000000005,4.68,4.88
1385,0.00324,4.68,4.88
1386,0.003247999999999999,4.68,4.9
1387,0.003256,4.7,4.9
1388,0.0032639999999999995,4.7,4.94
1389,0.0032720000000000006,4.72,4.92
1390,0.00328,4.74,4.94
1391,0.0032879999999999993,4.74,4.94
1392,0.0032960000000000003,4.76,4.96
1393,0.0033039999999999996,2.96,0.08
1394,0.003311999999999999,0.04,0.04
1395,0.00332,0.04,0.04
1396,0.0033279999999999994,0.04,0.04
1397,0.0033360000000000004,0.04,0.04
1398,0.0033439999999999998,0.02,0.04
1399,0.003351999999999999,0.04,0.06
1400,0.00336,0.06,0.08
1401,0.0033679999999999995,0.06,0.08
1402,0.0033760000000000005,0.08,0.08
1403,0.003384,0.08,0.1
1404,0.003391999999999999,0.1,0.1
1405,0.0034000000000000002,0.1,0.12
1406,0.0034079999999999996,0.12,0.12
1407,0.003415999999999999,0.12,0.14
1408,0.003424,0.12,0.16
1409,0.0034319999999999993,0.14,0.16
1410,0.0034400000000000003,0.14,0.16
1411,0.0034479999999999997,0.16,0.18
1412,0.003455999999999999,0.16,0.18
1413,0.003464,0.18,0.2
1414,0.0034719999999999994,0.18,0.2
1415,0.0034800000000000005,0.2,0.22
1416,0.0034879999999999998,0.2,0.22
1417,0.003495999999999999,0.22,0.24
1418,0.003504,0.22,0.24
1419,0.0035119999999999995,0.24,0.26
1420,0.0035200000000000006,0.24,0.26
1421,0.003528,0.24,0.28
1422,0.003535999999999999,0.26,0.28
1423,0.0035440000000000003,0.28,0.3
1424,0.0035519999999999996,0.28,0.3
1425,0.003559999999999999,0.28,0.3
1426,0.003568,0.3,0.32
1427,0.0035759999999999993,0.3,0.34
1428,0.0035840000000000004,0.32,0.34
1429,0.0035919999999999997,0.32,0.34
1430,0.003599999999999999,0.34,0.36
1431,0.003608,0.34,0.38
1432,0.0036159999999999994,0.36,0.38
1433,0.0036240000000000005,0.36,0.38
1434,0.003632,0.38,0.4
1435,0.003639999999999999,0.38,0.4
1436,0.003648,0.38,0.42
1437,0.0036559999999999995,0.4,0.42
1438,0.0036640000000000006,0.4,0.44
1439,0.003672,0.42,0.44
1440,0.0036799999999999992,0.42,0.44
1441,0.0036880000000000003,0.44,0.46
1442,0.0036959999999999996,0.44,0.46
1443,0.003703999999999999,0.44,0.48
1444,0.003712,0.46,0.48
1445,0.0037199999999999993,0.46,0.5
1446,0.0037280000000000004,0.48,0.52
1447,0.0037359999999999997,0.48,0.52
1448,0.003743999999999999,0.5,0.52
1449,0.003752,0.5,0.54
1450,0.0037599999999999995,0.52,0.54
1451,0.0037680000000000005,0.52,0.56
1452,0.003776,0.54,0.56
1453,0.003783999999999999,0.54,0.58
1454,0.0037920000000000002,0.56,0.58
1455,0.0037999999999999996,0.56,0.6
1456,0.003807999999999999,0.58,0.6
1457,0.003816,0.58,0.62
1458,0.0038239999999999993,0.6,0.62
1459,0.0038320000000000003,0.6,0.64
1460,0.0038399999999999997,0.62,0.62
1461,0.003847999999999999,0.62,0.64
1462,0.003856,0.64,0.66
1463,0.0038639999999999994,0.64,0.68
1464,0.0038720000000000004,0.64,0.68
1465,0.0038799999999999998,0.64,0.68
1466,0.003887999999999999,0.68,0.7000000000000001
1467,0.003896,0.68,0.7000000000000001
1468,0.0039039999999999995,0.7000000000000001,0.72
1469,0.0039120000000000005,0.68,0.74
1470,0.00392,0.72,0.74
1471,0.003927999999999999,0.72,0.76
1472,0.003936,0.72,0.76
1473,0.003944,0.74,0.76
1474,0.003951999999999999,0.74,0.78
1475,0.00396,0.76,0.78
1476,0.003967999999999999,0.76,0.8
1477,0.003976,0.76,0.8
1478,0.003984,0.78,0.8200000000000001
1479,0.003991999999999999,0.8,0.8200000000000001
1480,0.004,0.8,0.84
1481,0.004007999999999999,0.8200000000000001,0.86
1482,0.0040160000000000005,0.8200000000000001,0.86
1483,0.004024,0.84,0.86
1484,0.004031999999999999,0.84,0.88
1485,0.00404,0.84,0.88
1486,0.0040479999999999995,0.86,0.88
1487,0.004056000000000001,0.88,0.9
1488,0.004064,0.88,0.92
1489,0.004071999999999999,0.88,0.92
1490,0.00408,0.9,0.9400000000000001
1491,0.004088,0.9,0.9400000000000001
1492,0.004095999999999999,0.92,0.9400000000000001
1493,0.004104,0.92,0.96
1494,0.004111999999999999,0.9400000000000001,0.98
1495,0.00412,0.9400000000000001,0.98
1496,0.004128,0.9400000000000001,0.98
1497,0.004135999999999999,0.9400000000000001,1.0
1498,0.004144,0.96,1.0
1499,0.0041519999999999994,0.96,1.02
1500,0.0041600000000000005,0.98,1.02
1501,0.004168,1.0,1.04
1502,0.004175999999999999,1.0,1.04
1503,0.004184,1.02,1.04
1504,0.0041919999999999995,1.02,1.06
1505,0.004199999999999999,1.04,1.08
1506,0.004208,1.04,1.08
1507,0.004215999999999999,1.04,1.1
1508,0.004224,1.06,1.1
1509,0.004232,1.06,1.12
1510,0.004239999999999999,1.08,1.12
1511,0.004248,1.08,1.12
1512,0.004255999999999999,1.08,1.1400000000000001
1513,0.004264,1.1,1.16
1514,0.004272,1.12,1.1400000000000001
1515,0.004279999999999999,1.12,1.18
1516,0.004288,1.1400000000000001,1.18
1517,0.0042959999999999995,1.1400000000000001,1.18
1518,0.0043040000000000005,1.1400000000000001,1.2
1519,0.004312,1.16,1.2
1520,0.004319999999999999,1.16,1.2
1521,0.004328,1.18,1.22
1522,0.004336,1.18,1.24
1523,0.004343999999999999,1.2,1.24
1524,0.004352,1.2,1.26
1525,0.004359999999999999,1.22,1.26
1526,0.004368,1.22,1.26
1527,0.004376,1.24,1.28
1528,0.004383999999999999,1.24,1.3
1529,0.004392,1.26,1.3
1530,0.004399999999999999,1.26,1.32
1531,0.0044080000000000005,1.26,1.32
1532,0.004416,1.28,1.34
1533,0.004423999999999999,1.28,1.34
1534,0.004432,1.3,1.36
1535,0.0044399999999999995,1.3,1.36
1536,0.0044480000000000006,1.3,1.3800000000000001
1537,0.004456,1.32,1.3800000000000001
1538,0.004463999999999999,1.32,1.4000000000000001
1539,0.004472,1.34,1.4000000000000001
1540,0.00448,1.34,1.42
1541,0.004487999999999999,1.36,1.42
1542,0.004496,1.36,1.42
1543,0.004503999999999999,1.3800000000000001,1.42
1544,0.004512,1.3800000000000001,1.44
1545,0.00452,1.4000000000000001,1.44
1546,0.004527999999999999,1.4000000000000001,1.46
1547,0.004536,1.4000000000000001,1.48
1548,0.004543999999999999,1.42,1.48
1549,0.0045520000000000005,1.42,1.5
1550,0.00456,1.44,1.5
1551,0.004567999999999999,1.46,1.52
1552,0.004576,1.46,1.52
1553,0.0045839999999999995,1.46,1.54
1554,0.004591999999999999,1.48,1.54
1555,0.0046,1.48,1.56
1556,0.004607999999999999,1.5,1.54
1557,0.004616,1.5,1.58
1558,0.004624,1.52,1.56
1559,0.004631999999999999,1.52,1.6
1560,0.00464,1.52,1.6
1561,0.004647999999999999,1.54,1.58
1562,0.004656,1.56,1.62
1563,0.004664,1.56,1.6400000000000001
1564,0.004671999999999999,1.56,1.6400000000000001
1565,0.00468,1.58,1.6400000000000001
1566,0.0046879999999999995,1.6,1.6600000000000001
1567,0.0046960000000000005,1.6,1.6600000000000001
1568,0.004704,1.6,1.68
1569,0.004711999999999999,1.6,1.68
1570,0.00472,1.62,1.7
1571,0.0047279999999999996,1.6400000000000001,1.7
1572,0.004735999999999999,1.62,1.72
1573,0.004744,1.6400000000000001,1.72
1574,0.004751999999999999,1.6400000000000001,1.74
1575,0.00476,1.6600000000000001,1.72
1576,0.004768,1.68,1.74
1577,0.004775999999999999,1.68,1.76
1578,0.004784,1.7,1.76
1579,0.004791999999999999,1.7,1.78
1580,0.0048000000000000004,1.72,1.78
1581,0.004808,1.72,1.8
1582,0.004815999999999999,1.74,1.8
1583,0.004824,1.74,1.82
1584,0.0048319999999999995,1.74,1.82
1585,0.004839999999999999,1.76,1.84
1586,0.004848,1.76,1.84
1587,0.004855999999999999,1.78,1.86
1588,0.004864,1.78,1.86
1589,0.004872,1.78,1.8800000000000001
1590,0.004879999999999999,1.8,1.86
1591,0.004888,1.82,1.9000000000000001
1592,0.004895999999999999,1.82,1.9000000000000001
1593,0.004904,1.84,1.92
1594,0.004912,1.84,1.92
1595,0.004919999999999999,1.84,1.94
1596,0.004928,1.86,1.94
1597,0.004935999999999999,1.86,1.94
1598,0.0049440000000000005,1.8800000000000001,1.96
1599,0.004952,1.8800000000000001,1.98
1600,0.004959999999999999,1.8800000000000001,1.98
1601,0.004968,1.9000000000000001,2.0
1602,0.0049759999999999995,1.92,2.0
1603,0.004983999999999999,1.94,2.0
1604,0.004992,1.94,2.02
1605,0.004999999999999999,1.94,2.02
1606,0.005008,1.94,2.04
1607,0.005016,1.96,2.04
1608,0.005023999999999999,1.98,2.06
1609,0.005032,1.98,2.08
1610,0.005039999999999999,2.0,2.08
1611,0.005048,2.0,2.08
1612,0.005056,2.0,2.1
1613,0.005063999999999999,2.02,2.1
1614,0.005072,2.02,2.12
1615,0.0050799999999999994,2.04,2.12
1616,0.0050880000000000005,2.04,2.14
1617,0.005096,2.04,2.14
1618,0.005103999999999999,2.06,2.16
1619,0.005112,2.08,2.16
1620,0.0051199999999999996,2.08,2.18
1621,0.005127999999999999,2.08,2.18
1622,0.005136,2.1,2.2
1623,0.005143999999999999,2.1,2.2
1624,0.005152,2.1,2.22
1625,0.00516,2.12,2.22
1626,0.005167999999999999,2.12,2.22
1627,0.005176,2.14,2.22
1628,0.005183999999999999,2.14,2.2600000000000002
1629,0.0051920000000000004,2.16,2.2600000000000002
1630,0.0052,2.16,2.2600000000000002
1631,0.005207999999999999,2.18,2.2800000000000002
1632,0.005216,2.2,2.2800000000000002
1633,0.0052239999999999995,2.18,2.3000000000000003
1634,0.005231999999999999,2.2,2.3000000000000003
1635,0.00524,2.2,2.32
1636,0.005247999999999999,2.22,2.32
1637,0.005256,2.24,2.32
1638,0.005264,2.24,2.34
1639,0.005271999999999999,2.2600000000000002,2.34
1640,0.00528,2.2600000000000002,2.36
1641,0.005287999999999999,2.2600000000000002,2.36
1642,0.005296,2.2600000000000002,2.38
1643,0.005304,2.2800000000000002,2.4
1644,0.005311999999999999,2.3000000000000003,2.4
1645,0.00532,2.3000000000000003,2.4
1646,0.005327999999999999,2.3000000000000003,2.42
1647,0.0053360000000000005,2.32,2.42
1648,0.005344,2.34,2.44
1649,0.005351999999999999,2.34,2.44
1650,0.00536,2.36,2.44
1651,0.0053679999999999995,2.36,2.46
1652,0.005375999999999999,2.38,2.48
1653,0.005384,2.36,2.46
1654,0.005391999999999999,2.38,2.5
1655,0.0054,2.4,2.5
1656,0.005408,2.4,2.5
1657,0.005415999999999999,2.4,2.52
1658,0.005424,2.42,2.52
1659,0.005431999999999999,2.44,2.54
1660,0.00544,2.44,2.54
1661,0.005448,2.44,2.56
1662,0.005455999999999999,2.46,2.56
1663,0.005464,2.46,2.56
1664,0.0054719999999999994,2.48,2.58
1665,0.0054800000000000005,2.48,2.6
1666,0.005488,2.5,2.6
1667,0.005495999999999999,2.5,2.62
1668,0.005504,2.5,2.62
1669,0.0055119999999999995,2.5,2.62
1670,0.005519999999999999,2.52,2.64
1671,0.005528,2.52,2.64
1672,0.005535999999999999,2.54,2.66
1673,0.005544,2.56,2.66
1674,0.005552,2.56,2.68
1675,0.005559999999999999,2.58,2.7
1676,0.005568,2.58,2.7
1677,0.005575999999999999,2.58,2.7
1678,0.005584,2.58,2.72
1679,0.005592,2.6,2.72
1680,0.005599999999999999,2.62,2.74
1681,0.005608,2.64,2.7600000000000002
1682,0.0056159999999999995,2.64,2.74
1683,0.005623999999999999,2.64,2.7600000000000002
1684,0.005632,2.64,2.7600000000000002
1685,0.005639999999999999,2.66,2.7800000000000002
1686,0.005648,2.66,2.7800000000000002
1687,0.005656,2.66,2.8000000000000003
1688,0.005663999999999999,2.68,2.8000000000000003
1689,0.005672,2.68,2.82
1690,0.005679999999999999,2.7,2.82
1691,0.005688,2.72,2.84
1692,0.005696,2.72,2.84
1693,0.005703999999999999,2.74,2.86
1694,0.005712,2.74,2.86
1695,0.005719999999999999,2.74,2.88
1696,0.0057280000000000005,2.7600000000000002,2.88
1697,0.005736,2.7600000000000002,2.9
1698,0.005743999999999999,2.7800000000000002,2.9
1699,0.005752,2.7800000000000002,2.9
1700,0.0057599999999999995,2.8000000000000003,2.92
1701,0.005767999999999999,2.8000000000000003,2.92
1702,0.005776,2.82,2.94
1703,0.005783999999999999,2.82,2.94
1704,0.005792,2.84,2.96
1705,0.0058,2.84,2.96
1706,0.005807999999999999,2.84,2.98
1707,0.005816,2.86,2.98
1708,0.005823999999999999,2.86,3.0
1709,0.005832,2.88,3.02
1710,0.00584,2.88,3.02
1711,0.005847999999999999,2.9,3.02
1712,0.005856,2.9,3.04
1713,0.005863999999999999,2.92,3.04
1714,0.0058720000000000005,2.92,3.06
1715,0.00588,2.92,3.06
1716,0.005887999999999999,2.94,3.08
1717,0.005896,2.94,3.08
1718,0.0059039999999999995,2.96,3.1
1719,0.005911999999999999,2.96,3.1
1720,0.00592,2.98,3.12
1721,0.005927999999999999,3.0,3.12
1722,0.005936,2.98,3.14
1723,0.005944,3.02,3.16
1724,0.005951999999999999,3.02,3.16
1725,0.00596,3.02,3.16
1726,0.005967999999999999,3.04,3.18
1727,0.005976,3.06,3.18
1728,0.005984,3.04,3.2
1729,0.005991999999999999,3.06,3.2
1730,0.006,3.08,3.2
1731,0.0060079999999999995,3.08,3.22
1732,0.006015999999999999,3.08,3.22
1733,0.006024,3.1,3.24
1734,0.006031999999999999,3.1,3.2600000000000002
1735,0.00604,3.12,3.2800000000000002
1736,0.0060479999999999996,3.12,3.2800000000000002
1737,0.006055999999999999,3.14,3.2800000000000002
1738,0.006064,3.14,3.3000000000000003
1739,0.006071999999999999,3.16,3.3000000000000003
1740,0.00608,3.16,3.3000000000000003
1741,0.006088,3.16,3.3200000000000003
1742,0.006095999999999999,3.18,3.34
1743,0.006104,3.18,3.34
1744,0.006111999999999999,3.2,3.34
1745,0.0061200000000000004,3.22,3.36
1746,0.006128,3.22,3.38
1747,0.006135999999999999,3.24,3.38
1748,0.006144,3.24,3.4
1749,0.0061519999999999995,3.2600000000000002,3.4
1750,0.006159999999999999,3.2600000000000002,3.4
1751,0.006168,3.2800000000000002,3.42
1752,0.006175999999999999,3.2800000000000002,3.42
1753,0.006184,3.3000000000000003,3.44
1754,0.006192,3.3000000000000003,3.44
1755,0.006199999999999999,3.3000000000000003,3.46
1756,0.006208,3.3200000000000003,3.46
1757,0.006215999999999999,3.3200000000000003,3.46
1758,0.006224,3.34,3.48
1759,0.006232,3.34,3.48
1760,0.006239999999999999,3.34,3.5
1761,0.006248,3.36,3.5
1762,0.006255999999999999,3.36,3.52
1763,0.0062640000000000005,3.38,3.52
1764,0.006272,3.38,3.54
1765,0.006279999999999999,3.4,3.54
1766,0.006288,3.4,3.56
1767,0.0062959999999999995,3.42,3.56
1768,0.006303999999999999,3.42,3.56
1769,0.006312,3.44,3.58
1770,0.006319999999999999,3.44,3.6
1771,0.006328,3.44,3.6
1772,0.006336,3.46,3.62
1773,0.006343999999999999,3.48,3.62
1774,0.006352,3.48,3.64
1775,0.006359999999999999,3.48,3.64
1776,0.006368,3.5,3.66
1777,0.006376,3.5,3.66
1778,0.006383999999999999,3.5,3.66
1779,0.006392,3.52,3.68
1780,0.0063999999999999994,3.54,3.68
1781,0.006407999999999999,3.54,3.7
1782,0.006416,3.54,3.7
1783,0.006423999999999999,3.56,3.72
1784,0.006432,3.56,3.74
1785,0.0064399999999999995,3.58,3.74
1786,0.006447999999999999,3.58,3.7600000000000002
1787,0.006456,3.58,3.7600000000000002
1788,0.006463999999999999,3.6,3.7800000000000002
1789,0.006472,3.6,3.7800000000000002
1790,0.00648,3.62,3.7800000000000002
1791,0.006487999999999999,3.62,3.8000000000000003
1792,0.006496,3.66,3.8000000000000003
1793,0.006503999999999999,3.64,3.8200000000000003
1794,0.006512,3.68,3.8200000000000003
1795,0.00652,3.66,3.84
1796,0.006527999999999999,3.68,3.84
1797,0.006536,3.68,3.86
1798,0.0065439999999999995,3.7,3.88
1799,0.006551999999999999,3.7,3.88
1800,0.00656,3.72,3.88
1801,0.006567999999999999,3.72,3.88
1802,0.006576,3.72,3.9
1803,0.006584,3.74,3.92
1804,0.006591999999999999,3.74,3.92
1805,0.0066,3.7600000000000002,3.92
1806,0.006607999999999999,3.7600000000000002,3.94
1807,0.006616,3.7800000000000002,3.96
1808,0.006624,3.7800000000000002,3.96
1809,0.006631999999999999,3.8000000000000003,3.98
1810,0.00664,3.8000000000000003,3.98
1811,0.006647999999999999,3.8200000000000003,3.98
1812,0.0066560000000000005,3.8200000000000003,4.0
1813,0.006664,3.84,4.0
1814,0.006671999999999999,3.84,4.0200000000000005
1815,0.00668,3.86,4.04
1816,0.0066879999999999995,3.86,4.04
1817,0.006695999999999999,3.88,4.04
1818,0.006704,3.88,4.04
1819,0.006711999999999999,3.88,4.0600000000000005
1820,0.00672,3.9,4.0600000000000005
1821,0.006728,3.9,4.1
1822,0.006735999999999999,3.92,4.1
1823,0.006744,3.92,4.1
1824,0.006751999999999999,3.94,4.1
1825,0.00676,3.94,4.12
1826,0.006768,3.96,4.14
1827,0.006775999999999999,3.96,4.14
1828,0.006784,3.98,4.14
1829,0.006791999999999999,3.98,4.16
1830,0.006799999999999999,3.98,4.16
1831,0.006808,4.0,4.18
1832,0.006815999999999999,4.0,4.18
1833,0.006824,4.0200000000000005,4.2
1834,0.0068319999999999995,4.0200000000000005,4.22
1835,0.006839999999999999,4.04,4.22
1836,0.006848,4.0600000000000005,4.22
1837,0.006855999999999999,4.0600000000000005,4.24
1838,0.006864,4.0600000000000005,4.24
1839,0.006872,4.0600000000000005,4.26
1840,0.006879999999999999,4.08,4.26
1841,0.006888,4.1,4.26
1842,0.006895999999999999,4.1,4.28
1843,0.006904,4.12,4.3
1844,0.006912,4.14,4.3
1845,0.006919999999999999,4.12,4.3
1846,0.006928,4.14,4.32
1847,0.0069359999999999995,4.14,4.34
1848,0.006943999999999999,4.16,4.34
1849,0.006952,4.16,4.34
1850,0.006959999999999999,4.18,4.36
1851,0.006968,4.18,4.36
1852,0.0069759999999999996,4.18,4.38
1853,0.006983999999999999,4.2,4.38
1854,0.006992,4.22,4.4
1855,0.006999999999999999,4.22,4.42
1856,0.007008,4.22,4.42
1857,0.007016,4.22,4.42
1858,0.007023999999999999,4.24,4.44
1859,0.007032,4.24,4.44
1860,0.007039999999999999,4.26,4.46
1861,0.0070480000000000004,4.28,4.46
1862,0.007056,4.28,4.48
1863,0.007063999999999999,4.3,4.48
1864,0.007072,4.3,4.5
1865,0.0070799999999999995,4.32,4.5
1866,0.007087999999999999,4.32,4.5200000000000005
1867,0.007096,4.32,4.5200000000000005
1868,0.007103999999999999,4.34,4.54
1869,0.007112,4.36,4.5600000000000005
1870,0.00712,4.36,4.5600000000000005
1871,0.007127999999999999,4.36,4.5600000000000005
1872,0.007136,4.38,4.58
1873,0.007143999999999999,4.38,4.58
1874,0.007152,4.4,4.6000000000000005
1875,0.00716,4.4,4.6000000000000005
1876,0.007167999999999999,4.42,4.6000000000000005
1877,0.007176,4.42,4.62
1878,0.007183999999999999,4.44,4.64
1879,0.007191999999999999,4.44,4.64
1880,0.0072,4.44,4.64
1881,0.007207999999999999,4.46,4.66
1882,0.007216,4.46,4.66
1883,0.0072239999999999995,4.46,4.66
1884,0.007231999999999999,4.48,4.68
1885,0.00724,4.5,4.7
1886,0.007247999999999999,4.5,4.7
1887,0.007256,4.5,4.7
1888,0.007264,4.54,4.72
1889,0.007271999999999999,4.5200000000000005,4.72
1890,0.00728,4.54,4.74
1891,0.007287999999999999,4.54,4.76
1892,0.007296,4.5600000000000005,4.78
1893,0.007304,4.58,4.76
1894,0.007311999999999999,4.58,4.78
1895,0.00732,4.58,4.78
1896,0.0073279999999999994,4.6000000000000005,4.8
1897,0.007335999999999999,4.6000000000000005,4.8
1898,0.007344,4.62,4.82
1899,0.007351999999999999,4.62,4.82
1900,0.00736,4.64,4.84
1901,0.0073679999999999995,4.64,4.84
1902,0.007375999999999999,4.64,4.86
1903,0.007384,4.66,4.86
1904,0.007391999999999999,4.68,4.9
1905,0.0074,4.68,4.88
1906,0.007408,4.7,4.9
1907,0.007415999999999999,4.7,4.9
1908,0.007424,4.7,4.92
1909,0.007431999999999999,4.72,4.92
1910,0.007439999999999999,4.72,4.94
1911,0.007448,4.74,4.94
1912,0.007455999999999999,4.74,4.96
1913,0.007464,4.76,4.96
1914,0.0074719999999999995,0.36,0.04
1915,0.007479999999999999,0.04,0.04
1916,0.007488,0.04,0.04
1917,0.007495999999999999,0.04,0.04
1918,0.007504,0.04,0.06
1919,0.007512,0.04,0.04
1920,0.007519999999999999,0.06,0.06
1921,0.007528,0.06,0.08
1922,0.007535999999999999,0.06,0.08
1923,0.007544,0.08,0.1
1924,0.007552,0.08,0.1
1925,0.007559999999999999,0.1,0.12
1926,0.007568,0.1,0.12
1927,0.007575999999999999,0.12,0.14
1928,0.007583999999999999,0.12,0.14
1929,0.007592,0.14,0.16
1930,0.007599999999999999,0.14,0.16
1931,0.007608,0.14,0.18
1932,0.0076159999999999995,0.16,0.18
1933,0.007623999999999999,0.16,0.18
1934,0.007632,0.18,0.2
1935,0.007639999999999999,0.18,0.2
1936,0.007648,0.2,0.22
1937,0.007656,0.2,0.22
1938,0.007663999999999999,0.2,0.24
1939,0.007672,0.22,0.24
1940,0.007679999999999999,0.24,0.26
1941,0.007688,0.24,0.26
1942,0.007696,0.26,0.28
1943,0.007703999999999999,0.26,0.28
1944,0.007712,0.28,0.3
1945,0.007719999999999999,0.28,0.3
1946,0.007727999999999999,0.28,0.32
1947,0.007736,0.3,0.32
1948,0.007743999999999999,0.3,0.32
1949,0.007752,0.32,0.34
1950,0.0077599999999999995,0.32,0.34
1951,0.007767999999999999,0.34,0.36
1952,0.007776,0.34,0.36
1953,0.007783999999999999,0.36,0.38
1954,0.007792,0.36,0.4
1955,0.007799999999999998,0.38,0.38
1956,0.007807999999999999,0.38,0.4
1957,0.007816,0.38,0.4
1958,0.007824000000000001,0.4,0.42
1959,0.007831999999999999,0.4,0.44
1960,0.00784,0.42,0.44
1961,0.007848,0.42,0.46
1962,0.007855999999999998,0.44,0.46
1963,0.007864,0.44,0.48
1964,0.007872,0.44,0.5
1965,0.007879999999999998,0.46,0.5
1966,0.007888,0.48,0.5
1967,0.007896,0.48,0.5
1968,0.007903999999999998,0.5,0.52
1969,0.007911999999999999,0.5,0.52
1970,0.00792,0.5,0.54
1971,0.007928000000000001,0.52,0.56
1972,0.007935999999999999,0.52,0.56
1973,0.007944,0.54,0.56
1974,0.007952,0.54,0.56
1975,0.007959999999999998,0.56,0.58
1976,0.007968,0.56,0.6
1977,0.007976,0.58,0.6
1978,0.007983999999999998,0.58,0.62
1979,0.007991999999999999,0.6,0.62
1980,0.008,0.6,0.64
1981,0.008008000000000001,0.62,0.64
1982,0.008015999999999999,0.62,0.66
1983,0.008024,0.64,0.66
1984,0.008032000000000001,0.64,0.68
1985,0.008039999999999999,0.66,0.66
1986,0.008048,0.66,0.68
1987,0.008056,0.68,0.7000000000000001
1988,0.008063999999999998,0.68,0.7000000000000001
1989,0.008072,0.68,0.72
1990,0.00808,0.7000000000000001,0.74
1991,0.008087999999999998,0.72,0.74
1992,0.008095999999999999,0.72,0.76
1993,0.008104,0.72,0.76
1994,0.008112000000000001,0.74,0.76
1995,0.008119999999999999,0.76,0.78
1996,0.008128,0.74,0.8
1997,0.008136000000000001,0.76,0.78
1998,0.008143999999999998,0.76,0.8200000000000001
1999,0.008152,0.8,0.8200000000000001
