,time,v1,v2
0,-0.0014368,1.0,1.02
1,-0.0014352,1.0,1.06
2,-0.0014336,1.02,1.06
3,-0.0014320000000000001,1.02,1.06
4,-0.0014304,1.04,1.08
5,-0.0014288,1.06,1.1
6,-0.0014272,1.06,1.1
7,-0.0014256,1.08,1.12
8,-0.001424,1.08,1.12
9,-0.0014224,1.1,1.1400000000000001
10,-0.0014208,1.1,1.1400000000000001
11,-0.0014192,1.12,1.16
12,-0.0014176,1.12,1.18
13,-0.001416,1.12,1.18
14,-0.0014144000000000001,1.1400000000000001,1.2
15,-0.0014128,1.1400000000000001,1.2
16,-0.0014112,1.16,1.22
17,-0.0014096,1.18,1.24
18,-0.001408,1.2,1.24
19,-0.0014064,1.2,1.26
20,-0.0014048,1.22,1.26
21,-0.0014032,1.22,1.28
22,-0.0014016,1.24,1.28
23,-0.0014,1.24,1.3
24,-0.0013984,1.26,1.3
25,-0.0013968000000000001,1.26,1.3
26,-0.0013952,1.28,1.32
27,-0.0013936,1.28,1.34
28,-0.001392,1.3,1.36
29,-0.0013904,1.3,1.36
30,-0.0013888,1.32,1.3800000000000001
31,-0.0013872,1.32,1.3800000000000001
32,-0.0013856,1.32,1.4000000000000001
33,-0.001384,1.34,1.42
34,-0.0013824,1.36,1.42
35,-0.0013808,1.36,1.42
36,-0.0013792,1.3800000000000001,1.44
37,-0.0013776,1.3800000000000001,1.46
38,-0.001376,1.4000000000000001,1.46
39,-0.0013744,1.4000000000000001,1.48
40,-0.0013728,1.42,1.48
41,-0.0013712,1.42,1.48
42,-0.0013696000000000001,1.44,1.5
43,-0.001368,1.44,1.52
44,-0.0013664,1.46,1.52
45,-0.0013648,1.46,1.52
46,-0.0013632,1.48,1.56
47,-0.0013616,1.48,1.56
48,-0.00136,1.5,1.58
49,-0.0013584,1.52,1.58
50,-0.0013568,1.54,1.58
51,-0.0013552,1.54,1.6
52,-0.0013536,1.54,1.62
53,-0.001352,1.54,1.62
54,-0.0013504,1.56,1.6400000000000001
55,-0.0013488,1.58,1.6600000000000001
56,-0.0013472,1.58,1.6600000000000001
57,-0.0013456,1.6,1.6600000000000001
58,-0.001344,1.6,1.68
59,-0.0013424,1.6,1.68
60,-0.0013408,1.6400000000000001,1.7
61,-0.0013392,1.6400000000000001,1.72
62,-0.0013376,1.6600000000000001,1.72
63,-0.001336,1.6600000000000001,1.74
64,-0.0013344,1.68,1.74
65,-0.0013328,1.68,1.76
66,-0.0013312,1.7,1.76
67,-0.0013296,1.7,1.78
68,-0.001328,1.72,1.8
69,-0.0013264,1.72,1.8
70,-0.0013248000000000001,1.74,1.82
71,-0.0013232,1.74,1.82
72,-0.0013216,1.76,1.82
73,-0.00132,1.78,1.84
74,-0.0013184,1.78,1.86
75,-0.0013168,1.78,1.86
76,-0.0013152,1.8,1.8800000000000001
77,-0.0013136,1.8,1.8800000000000001
78,-0.001312,1.82,1.8800000000000001
79,-0.0013104,1.82,1.92
80,-0.0013088,1.84,1.92
81,-0.0013072000000000001,1.86,1.94
82,-0.0013056,1.8800000000000001,1.96
83,-0.001304,1.86,1.96
84,-0.0013024,1.8800000000000001,1.96
85,-0.0013008,1.9000000000000001,1.98
86,-0.0012992,1.9000000000000001,1.98
87,-0.0012976,1.92,2.0
88,-0.001296,1.92,2.02
89,-0.0012944,1.92,2.02
90,-0.0012928,1.94,2.04
91,-0.0012912,1.94,2.04
92,-0.0012896000000000001,1.96,2.04
93,-0.001288,1.98,2.06
94,-0.0012864,1.98,2.08
95,-0.0012848,2.0,2.08
96,-0.0012832,2.02,2.08
97,-0.0012816,2.02,2.12
98,-0.00128,2.04,2.12
99,-0.0012784,2.04,2.14
100,-0.0012768,2.06,2.12
101,-0.0012752,2.04,2.14
102,-0.0012736,2.08,2.16
103,-0.0012720000000000001,2.08,2.16
104,-0.0012704,2.1,2.2
105,-0.0012688,2.12,2.2
106,-0.0012672,2.12,2.2
107,-0.0012656,2.14,2.22
108,-0.001264,2.14,2.24
109,-0.0012624000000000001,2.14,2.24
110,-0.0012608,2.14,2.2600000000000002
111,-0.0012592,2.16,2.2600000000000002
112,-0.0012576,2.18,2.2800000000000002
113,-0.001256,2.2,2.2800000000000002
114,-0.0012544000000000001,2.2,2.3000000000000003
115,-0.0012528,2.22,2.3000000000000003
116,-0.0012512,2.22,2.32
117,-0.0012496,2.24,2.34
118,-0.001248,2.24,2.36
119,-0.0012464,2.2600000000000002,2.36
120,-0.0012448,2.2600000000000002,2.36
121,-0.0012432,2.2600000000000002,2.38
122,-0.0012416,2.2800000000000002,2.4
123,-0.00124,2.3000000000000003,2.4
124,-0.0012384,2.32,2.42
125,-0.0012368000000000001,2.32,2.42
126,-0.0012352,2.34,2.42
127,-0.0012336,2.34,2.42
128,-0.001232,2.34,2.46
129,-0.0012304,2.34,2.46
130,-0.0012288,2.38,2.48
131,-0.0012272,2.38,2.48
132,-0.0012256,2.4,2.5
133,-0.001224,2.4,2.5
134,-0.0012224,2.42,2.5
135,-0.0012208,2.4,2.52
136,-0.0012192000000000001,2.44,2.52
137,-0.0012176,2.44,2.54
138,-0.001216,2.46,2.56
139,-0.0012144,2.46,2.56
140,-0.0012128,2.46,2.58
141,-0.0012112,2.48,2.58
142,-0.0012096,2.5,2.62
143,-0.001208,2.5,2.6
144,-0.0012064,2.5,2.62
145,-0.0012048,2.52,2.62
146,-0.0012032,2.52,2.64
147,-0.0012016,2.54,2.66
148,-0.0012000000000000001,2.54,2.66
149,-0.0011984,2.56,2.68
150,-0.0011968,2.58,2.7
151,-0.0011952,2.6,2.7
152,-0.0011936,2.58,2.7
153,-0.001192,2.6,2.72
154,-0.0011904,2.6,2.72
155,-0.0011888,2.62,2.74
156,-0.0011872,2.62,2.74
157,-0.0011856,2.64,2.7600000000000002
158,-0.0011840000000000002,2.64,2.7800000000000002
159,-0.0011824000000000001,2.66,2.7800000000000002
160,-0.0011808,2.68,2.8000000000000003
161,-0.0011792,2.68,2.82
162,-0.0011776,2.7,2.84
163,-0.001176,2.7,2.82
164,-0.0011744,2.7,2.84
165,-0.0011728,2.72,2.84
166,-0.0011712,2.74,2.86
167,-0.0011696,2.7600000000000002,2.88
168,-0.001168,2.7600000000000002,2.88
169,-0.0011664,2.7800000000000002,2.9
170,-0.0011648000000000001,2.8000000000000003,2.9
171,-0.0011632,2.8000000000000003,2.92
172,-0.0011616,2.82,2.94
173,-0.00116,2.82,2.94
174,-0.0011584,2.82,2.94
175,-0.0011568,2.82,2.96
176,-0.0011551999999999999,2.84,2.96
177,-0.0011536,2.86,2.98
178,-0.001152,2.88,2.98
179,-0.0011504,2.88,3.0
180,-0.0011488,2.88,3.02
181,-0.0011472000000000001,2.9,3.02
182,-0.0011456,2.9,3.04
183,-0.001144,2.92,3.06
184,-0.0011424,2.94,3.06
185,-0.0011408,2.94,3.06
186,-0.0011392,2.96,3.08
187,-0.0011376,2.96,3.08
188,-0.001136,2.96,3.1
189,-0.0011344,2.98,3.12
190,-0.0011328,2.98,3.12
191,-0.0011312,3.0,3.14
192,-0.0011296000000000001,3.0,3.14
193,-0.001128,3.04,3.16
194,-0.0011264,3.04,3.16
195,-0.0011248,3.06,3.18
196,-0.0011232,3.06,3.2
197,-0.0011216,3.06,3.22
198,-0.00112,3.08,3.22
199,-0.0011184,3.1,3.22
200,-0.0011168,3.12,3.24
201,-0.0011152,3.12,3.2600000000000002
202,-0.0011136,3.12,3.2600000000000002
203,-0.0011120000000000001,3.14,3.2800000000000002
204,-0.0011104,3.14,3.2800000000000002
205,-0.0011088,3.16,3.2800000000000002
206,-0.0011072,3.16,3.3000000000000003
207,-0.0011056,3.18,3.3200000000000003
208,-0.001104,3.18,3.3200000000000003
209,-0.0011024,3.2,3.34
210,-0.0011008,3.2,3.34
211,-0.0010992,3.22,3.36
212,-0.0010976,3.24,3.36
213,-0.001096,3.2600000000000002,3.4
214,-0.0010944000000000001,3.24,3.4
215,-0.0010928,3.2800000000000002,3.4
216,-0.0010912,3.2600000000000002,3.42
217,-0.0010896,3.2800000000000002,3.42
218,-0.001088,3.3000000000000003,3.44
219,-0.0010864,3.3000000000000003,3.44
220,-0.0010848,3.3200000000000003,3.46
221,-0.0010832,3.34,3.48
222,-0.0010816,3.34,3.48
223,-0.00108,3.36,3.5
224,-0.0010784,3.36,3.52
225,-0.0010768000000000002,3.38,3.5
226,-0.0010752000000000001,3.38,3.52
227,-0.0010736,3.38,3.54
228,-0.001072,3.4,3.56
229,-0.0010704,3.42,3.56
230,-0.0010688,3.42,3.56
231,-0.0010672,3.44,3.58
232,-0.0010656,3.44,3.6
233,-0.001064,3.44,3.6
234,-0.0010624,3.48,3.62
235,-0.0010608,3.48,3.62
236,-0.0010592000000000002,3.48,3.64
237,-0.0010576000000000001,3.5,3.64
238,-0.001056,3.5,3.66
239,-0.0010544,3.52,3.68
240,-0.0010528,3.54,3.68
241,-0.0010512,3.54,3.7
242,-0.0010496,3.56,3.7
243,-0.001048,3.56,3.72
244,-0.0010464,3.56,3.72
245,-0.0010448,3.58,3.74
246,-0.0010432,3.58,3.7600000000000002
247,-0.0010416000000000002,3.6,3.7600000000000002
248,-0.0010400000000000001,3.62,3.7800000000000002
249,-0.0010384,3.62,3.8000000000000003
250,-0.0010368,3.62,3.8000000000000003
251,-0.0010352,3.64,3.8000000000000003
252,-0.0010336,3.64,3.8200000000000003
253,-0.001032,3.66,3.8200000000000003
254,-0.0010304000000000001,3.68,3.84
255,-0.0010288,3.7,3.84
256,-0.0010272,3.7,3.86
257,-0.0010256,3.72,3.88
258,-0.001024,3.72,3.88
259,-0.0010224000000000001,3.74,3.88
260,-0.0010208,3.74,3.92
261,-0.0010192,3.74,3.92
262,-0.0010176,3.7600000000000002,3.92
263,-0.001016,3.7600000000000002,3.94
264,-0.0010144,3.7800000000000002,3.96
265,-0.0010128,3.8000000000000003,3.96
266,-0.0010112,3.8200000000000003,3.96
267,-0.0010096,3.8200000000000003,3.98
268,-0.001008,3.8200000000000003,4.0
269,-0.0010064,3.84,4.0
270,-0.0010048000000000001,3.84,4.0200000000000005
271,-0.0010032,3.88,4.0200000000000005
272,-0.0010016,3.86,4.04
273,-0.001,3.88,4.04
274,-0.0009984,3.88,4.0600000000000005
275,-0.0009968,3.9,4.08
276,-0.0009952,3.92,4.08
277,-0.0009936,3.92,4.1
278,-0.000992,3.92,4.1
279,-0.0009904,3.94,4.1
280,-0.0009888,3.96,4.14
281,-0.0009872000000000001,3.96,4.14
282,-0.0009856,4.0,4.14
283,-0.000984,3.98,4.16
284,-0.0009824,3.98,4.18
285,-0.0009808,4.0,4.18
286,-0.0009792,4.0200000000000005,4.2
287,-0.0009776,4.0200000000000005,4.2
288,-0.0009760000000000001,4.04,4.22
289,-0.0009744,4.0600000000000005,4.22
290,-0.0009728,4.0600000000000005,4.24
291,-0.0009712,4.0600000000000005,4.26
292,-0.0009696,4.08,4.26
293,-0.0009680000000000001,4.1,4.26
294,-0.0009664000000000001,4.1,4.28
295,-0.0009648,4.12,4.3
296,-0.0009632,4.12,4.3
297,-0.0009616,4.12,4.32
298,-0.00096,4.14,4.32
299,-0.0009584000000000001,4.16,4.34
300,-0.0009568000000000001,4.16,4.36
301,-0.0009552,4.18,4.36
302,-0.0009536,4.18,4.36
303,-0.000952,4.2,4.38
304,-0.0009504,4.2,4.4
305,-0.0009488000000000001,4.22,4.4
306,-0.0009472,4.24,4.42
307,-0.0009456,4.24,4.42
308,-0.0009440000000000001,4.24,4.44
309,-0.0009424,4.26,4.46
310,-0.0009408,4.26,4.48
311,-0.0009392000000000001,4.28,4.46
312,-0.0009376,4.3,4.48
313,-0.000936,4.32,4.5
314,-0.0009344,4.3,4.5
315,-0.0009328,4.32,4.5200000000000005
316,-0.0009312000000000001,4.32,4.5200000000000005
317,-0.0009296,4.34,4.54
318,-0.000928,4.34,4.5600000000000005
319,-0.0009264000000000001,4.36,4.5600000000000005
320,-0.0009248,4.38,4.58
321,-0.0009232,4.38,4.58
322,-0.0009216000000000001,4.42,4.6000000000000005
323,-0.00092,4.42,4.6000000000000005
324,-0.0009184,4.42,4.62
325,-0.0009168000000000001,4.44,4.62
326,-0.0009152,4.44,4.64
327,-0.0009136000000000001,4.44,4.64
328,-0.000912,4.46,4.66
329,-0.0009104,4.48,4.66
330,-0.0009088000000000001,4.48,4.7
331,-0.0009072,4.5,4.7
332,-0.0009056,4.5,4.7
333,-0.0009040000000000001,4.5200000000000005,4.7
334,-0.0009024,4.5200000000000005,4.72
335,-0.0009008,4.5200000000000005,4.74
336,-0.0008992000000000001,4.54,4.74
337,-0.0008976,4.5600000000000005,4.76
338,-0.000896,4.5600000000000005,4.78
339,-0.0008944000000000001,4.58,4.8
340,-0.0008928,4.58,4.78
341,-0.0008912000000000001,4.6000000000000005,4.8
342,-0.0008896,4.6000000000000005,4.82
343,-0.000888,4.62,4.82
344,-0.0008864000000000001,4.64,4.84
345,-0.0008848,4.64,4.84
346,-0.0008832,4.64,4.86
347,-0.0008816000000000001,4.66,4.86
348,-0.00088,4.68,4.88
349,-0.0008784,4.68,4.88
350,-0.0008768000000000001,4.7,4.9
351,-0.0008752,4.72,4.92
352,-0.0008736,4.72,4.92
353,-0.000872,4.74,4.94
354,-0.0008704,4.74,4.94
355,-0.0008688000000000001,4.76,4.96
356,-0.0008672,2.1,4.96
357,-0.0008656,0.22,0.04
358,-0.0008640000000000001,0.1,0.06
359,-0.0008624,0.08,0.06
360,-0.0008608,0.08,0.08
361,-0.0008592000000000001,0.08,0.08
362,-0.0008576,0.1,0.1
363,-0.000856,0.1,0.1
364,-0.0008544000000000001,0.12,0.12
365,-0.0008528,0.12,0.12
366,-0.0008512000000000001,0.12,0.14
367,-0.0008496,0.14,0.14
368,-0.000848,0.14,0.16
369,-0.0008464000000000001,0.14,0.16
370,-0.0008448,0.16,0.16
371,-0.0008432,0.18,0.18
372,-0.0008416000000000001,0.18,0.2
373,-0.00084,0.18,0.2
374,-0.0008384,0.2,0.2
375,-0.0008368000000000001,0.2,0.22
376,-0.0008352,0.22,0.24
377,-0.0008336,0.22,0.24
378,-0.0008320000000000001,0.24,0.24
379,-0.0008304,0.24,0.24
380,-0.0008288000000000001,0.26,0.28
381,-0.0008272,0.26,0.28
382,-0.0008256,0.28,0.3
383,-0.0008240000000000001,0.28,0.3
384,-0.0008224,0.3,0.3
385,-0.0008208,0.3,0.32
386,-0.0008192000000000001,0.32,0.32
387,-0.0008176,0.32,0.34
388,-0.000816,0.34,0.34
389,-0.0008144000000000001,0.34,0.36
390,-0.0008128,0.36,0.38
391,-0.0008112000000000001,0.36,0.38
392,-0.0008096000000000001,0.38,0.4
393,-0.000808,0.4,0.4
394,-0.0008064000000000001,0.4,0.42
395,-0.0008048,0.4,0.42
396,-0.0008032,0.42,0.44
397,-0.0008016000000000001,0.42,0.46
398,-0.0008,0.44,0.46
399,-0.0007984,0.46,0.48
400,-0.0007968000000000001,0.46,0.48
401,-0.0007952,0.48,0.5
402,-0.0007936,0.5,0.5
403,-0.0007920000000000001,0.5,0.52
404,-0.0007904,0.5,0.54
405,-0.0007888000000000001,0.52,0.54
406,-0.0007872,0.52,0.56
407,-0.0007856,0.54,0.56
408,-0.0007840000000000001,0.56,0.58
409,-0.0007824,0.56,0.58
410,-0.0007808,0.58,0.6
411,-0.0007792000000000001,0.58,0.62
412,-0.0007776,0.6,0.62
413,-0.000776,0.6,0.62
414,-0.0007744000000000001,0.62,0.64
415,-0.0007728,0.64,0.66
416,-0.0007712000000000001,0.64,0.66
417,-0.0007696000000000001,0.64,0.68
418,-0.000768,0.66,0.68
419,-0.0007664000000000001,0.68,0.7000000000000001
420,-0.0007648,0.68,0.7000000000000001
421,-0.0007632,0.7000000000000001,0.72
422,-0.0007616000000000001,0.7000000000000001,0.74
423,-0.00076,0.72,0.74
424,-0.0007584,0.72,0.76
425,-0.0007568000000000001,0.74,0.76
426,-0.0007552,0.72,0.78
427,-0.0007536,0.76,0.78
428,-0.0007520000000000001,0.76,0.8
429,-0.0007504,0.78,0.8200000000000001
430,-0.0007488000000000001,0.78,0.8200000000000001
431,-0.0007472000000000001,0.8,0.8200000000000001
432,-0.0007456,0.8200000000000001,0.84
433,-0.0007440000000000001,0.8200000000000001,0.84
434,-0.0007424,0.84,0.86
435,-0.0007408,0.84,0.88
436,-0.0007392000000000001,0.86,0.88
437,-0.0007376,0.86,0.9
438,-0.000736,0.86,0.9
439,-0.0007344000000000001,0.88,0.92
440,-0.0007328,0.88,0.92
441,-0.0007312,0.9,0.9400000000000001
442,-0.0007296000000000001,0.92,0.9400000000000001
443,-0.000728,0.92,0.96
444,-0.0007264000000000001,0.9400000000000001,0.96
445,-0.0007248,0.9400000000000001,0.98
446,-0.0007232,0.96,0.98
447,-0.0007216000000000001,0.96,1.0
448,-0.00072,0.98,1.02
449,-0.0007184,0.98,1.02
450,-0.0007168000000000001,0.98,1.04
451,-0.0007152,1.02,1.06
452,-0.0007136,1.02,1.06
453,-0.0007120000000000001,1.02,1.08
454,-0.0007104,1.04,1.08
455,-0.0007088000000000001,1.06,1.1
456,-0.0007072000000000001,1.04,1.08
457,-0.0007056,1.08,1.12
458,-0.0007040000000000001,1.08,1.12
459,-0.0007024,1.1,1.1400000000000001
460,-0.0007008,1.1,1.1400000000000001
461,-0.0006992000000000001,1.12,1.16
462,-0.0006976,1.1400000000000001,1.18
463,-0.000696,1.1400000000000001,1.18
464,-0.0006944000000000001,1.1400000000000001,1.2
465,-0.0006928,1.16,1.2
466,-0.0006912,1.18,1.22
467,-0.0006896000000000001,1.18,1.24
468,-0.000688,1.18,1.24
469,-0.0006864000000000001,1.2,1.26
470,-0.0006848000000000001,1.2,1.26
471,-0.0006832,1.22,1.28
472,-0.0006816000000000001,1.24,1.28
473,-0.00068,1.24,1.3
474,-0.0006784,1.26,1.3
475,-0.0006768000000000001,1.26,1.32
476,-0.0006752,1.28,1.34
477,-0.0006736,1.28,1.34
478,-0.0006720000000000001,1.3,1.36
479,-0.0006704,1.3,1.34
480,-0.0006688,1.3,1.36
481,-0.0006672000000000001,1.32,1.3800000000000001
482,-0.0006656,1.34,1.4000000000000001
483,-0.0006640000000000001,1.34,1.4000000000000001
484,-0.0006624000000000001,1.36,1.4000000000000001
485,-0.0006608,1.36,1.42
486,-0.0006592000000000001,1.36,1.44
487,-0.0006576,1.4000000000000001,1.44
488,-0.000656,1.4000000000000001,1.46
489,-0.0006544000000000001,1.4000000000000001,1.48
490,-0.0006528,1.42,1.48
491,-0.0006512,1.42,1.5
492,-0.0006496000000000001,1.44,1.5
493,-0.000648,1.46,1.52
494,-0.0006464000000000001,1.46,1.52
495,-0.0006448000000000001,1.46,1.52
496,-0.0006432,1.48,1.54
497,-0.0006416000000000001,1.48,1.56
498,-0.00064,1.5,1.56
499,-0.0006384,1.52,1.58
500,-0.0006368000000000001,1.52,1.6
501,-0.0006352,1.54,1.6
502,-0.0006336,1.54,1.62
503,-0.0006320000000000001,1.56,1.62
504,-0.0006304,1.58,1.6400000000000001
505,-0.0006288,1.58,1.6400000000000001
506,-0.0006272000000000001,1.58,1.6600000000000001
507,-0.0006256,1.6,1.6600000000000001
508,-0.0006240000000000001,1.6,1.68
509,-0.0006224000000000001,1.62,1.7
510,-0.0006208,1.62,1.7
511,-0.0006192000000000001,1.6400000000000001,1.72
512,-0.0006176,1.6600000000000001,1.72
513,-0.000616,1.6600000000000001,1.74
514,-0.0006144000000000001,1.68,1.72
515,-0.0006128,1.68,1.76
516,-0.0006112,1.68,1.76
517,-0.0006096000000000001,1.72,1.78
518,-0.000608,1.72,1.8
519,-0.0006064000000000001,1.72,1.8
520,-0.0006048000000000001,1.74,1.82
521,-0.0006032,1.74,1.82
522,-0.0006016000000000001,1.76,1.82
523,-0.0006000000000000001,1.76,1.84
524,-0.0005984,1.76,1.86
525,-0.0005968000000000001,1.78,1.86
526,-0.0005952,1.8,1.86
527,-0.0005936,1.82,1.8800000000000001
528,-0.0005920000000000001,1.82,1.9000000000000001
529,-0.0005904,1.84,1.92
530,-0.0005888,1.84,1.92
531,-0.0005872000000000001,1.86,1.92
532,-0.0005856,1.86,1.94
533,-0.0005840000000000001,1.8800000000000001,1.96
534,-0.0005824000000000001,1.8800000000000001,1.96
535,-0.0005808,1.9000000000000001,1.98
536,-0.0005792000000000001,1.92,2.0
537,-0.0005776,1.92,2.0
538,-0.000576,1.94,2.0
539,-0.0005744000000000001,1.94,2.0
540,-0.0005728,1.96,2.04
541,-0.0005712,1.94,2.02
542,-0.0005696000000000001,1.98,2.06
543,-0.000568,1.98,2.06
544,-0.0005664000000000001,1.98,2.08
545,-0.0005648000000000001,2.0,2.08
546,-0.0005632,2.02,2.08
547,-0.0005616000000000001,2.02,2.1
548,-0.0005600000000000001,2.02,2.1
549,-0.0005584,2.04,2.12
550,-0.0005568000000000001,2.06,2.14
551,-0.0005552,2.06,2.16
552,-0.0005536,2.08,2.18
553,-0.0005520000000000001,2.1,2.18
554,-0.0005504,2.08,2.2
555,-0.0005488,2.1,2.2
556,-0.0005472000000000001,2.12,2.2
557,-0.0005456,2.14,2.22
558,-0.0005440000000000001,2.14,2.24
559,-0.0005424000000000001,2.16,2.24
560,-0.0005408,2.16,2.2600000000000002
561,-0.0005392000000000001,2.18,2.2600000000000002
562,-0.0005376000000000001,2.18,2.2800000000000002
563,-0.000536,2.2,2.2800000000000002
564,-0.0005344000000000001,2.2,2.3000000000000003
565,-0.0005328,2.22,2.3000000000000003
566,-0.0005312,2.22,2.3000000000000003
567,-0.0005296000000000001,2.24,2.32
568,-0.000528,2.24,2.34
569,-0.0005264,2.2600000000000002,2.36
570,-0.0005248000000000001,2.2800000000000002,2.36
571,-0.0005232,2.2800000000000002,2.38
572,-0.0005216000000000001,2.2800000000000002,2.38
573,-0.0005200000000000001,2.3000000000000003,2.4
574,-0.0005184,2.3000000000000003,2.42
575,-0.0005168000000000001,2.32,2.42
576,-0.0005152000000000001,2.34,2.42
577,-0.0005136,2.34,2.44
578,-0.0005120000000000001,2.36,2.46
579,-0.0005104,2.36,2.44
580,-0.0005088,2.36,2.48
581,-0.0005072000000000001,2.38,2.48
582,-0.0005056,2.4,2.5
583,-0.0005040000000000001,2.4,2.5
584,-0.0005024000000000001,2.4,2.5
585,-0.0005008,2.42,2.52
586,-0.0004992000000000001,2.44,2.54
587,-0.0004976000000000001,2.44,2.54
588,-0.000496,2.46,2.56
589,-0.0004944000000000001,2.48,2.56
590,-0.0004928,2.48,2.58
591,-0.0004912,2.5,2.58
592,-0.0004896000000000001,2.5,2.6
593,-0.00048800000000000004,2.5,2.6
594,-0.0004864,2.5,2.62
595,-0.0004848000000000001,2.54,2.64
596,-0.00048320000000000004,2.52,2.64
597,-0.0004816000000000001,2.54,2.64
598,-0.00048000000000000007,2.54,2.68
599,-0.00047840000000000003,2.58,2.68
600,-0.0004768000000000001,2.58,2.68
601,-0.00047520000000000006,2.6,2.7
602,-0.0004736,2.6,2.7
603,-0.0004720000000000001,2.62,2.72
604,-0.00047040000000000005,2.62,2.74
605,-0.0004688,2.64,2.74
606,-0.0004672000000000001,2.64,2.7600000000000002
607,-0.00046560000000000004,2.64,2.7800000000000002
608,-0.000464,2.66,2.7600000000000002
609,-0.00046240000000000007,2.68,2.7800000000000002
610,-0.00046080000000000003,2.68,2.8000000000000003
611,-0.0004592000000000001,2.68,2.8000000000000003
612,-0.00045760000000000006,2.7,2.82
613,-0.000456,2.72,2.82
614,-0.0004544,2.72,2.86
615,-0.00045280000000000016,2.74,2.84
616,-0.0004512000000000001,2.7600000000000002,2.86
617,-0.0004496000000000001,2.74,2.86
618,-0.00044800000000000005,2.7600000000000002,2.88
619,-0.0004464,2.7800000000000002,2.9
620,-0.00044479999999999997,2.8000000000000003,2.9
621,-0.00044320000000000015,2.8000000000000003,2.92
622,-0.0004416000000000001,2.8000000000000003,2.92
623,-0.00044000000000000007,2.82,2.94
624,-0.00043840000000000003,2.82,2.94
625,-0.0004368,2.84,2.96
626,-0.00043519999999999995,2.84,2.98
627,-0.00043360000000000013,2.86,2.98
628,-0.0004320000000000001,2.86,2.98
629,-0.00043040000000000005,2.88,3.02
630,-0.0004288,2.9,3.02
631,-0.0004272,2.9,3.04
632,-0.00042560000000000015,2.9,3.04
633,-0.0004240000000000001,2.92,3.06
634,-0.0004224000000000001,2.92,3.06
635,-0.00042080000000000004,2.94,3.08
636,-0.0004192,2.94,3.08
637,-0.00041759999999999996,2.96,3.08
638,-0.00041600000000000014,2.98,3.1
639,-0.0004144000000000001,2.98,3.12
640,-0.00041280000000000006,3.0,3.12
641,-0.0004112,3.0,3.14
642,-0.0004096,3.02,3.14
643,-0.00040800000000000016,3.02,3.16
644,-0.0004064000000000001,3.04,3.18
645,-0.0004048000000000001,3.04,3.2
646,-0.00040320000000000004,3.06,3.2
647,-0.0004016,3.06,3.2
648,-0.00039999999999999996,3.08,3.22
649,-0.00039840000000000014,3.1,3.22
650,-0.0003968000000000001,3.1,3.24
651,-0.00039520000000000007,3.12,3.24
652,-0.0003936,3.12,3.2600000000000002
653,-0.000392,3.12,3.2600000000000002
654,-0.00039040000000000017,3.16,3.3000000000000003
655,-0.0003888000000000001,3.16,3.3000000000000003
656,-0.0003872000000000001,3.18,3.3000000000000003
657,-0.00038560000000000005,3.18,3.3200000000000003
658,-0.000384,3.18,3.34
659,-0.00038239999999999997,3.2,3.34
660,-0.00038080000000000015,3.22,3.34
661,-0.0003792000000000001,3.24,3.38
662,-0.00037760000000000007,3.24,3.36
663,-0.00037600000000000003,3.2600000000000002,3.38
664,-0.0003744,3.2600000000000002,3.4
665,-0.00037279999999999995,3.2600000000000002,3.4
666,-0.00037120000000000013,3.2600000000000002,3.42
667,-0.0003696000000000001,3.2800000000000002,3.42
668,-0.00036800000000000005,3.3000000000000003,3.44
669,-0.0003664,3.3000000000000003,3.44
670,-0.0003648,3.3200000000000003,3.46
671,-0.00036320000000000015,3.34,3.48
672,-0.0003616000000000001,3.34,3.48
673,-0.0003600000000000001,3.36,3.5
674,-0.00035840000000000004,3.36,3.52
675,-0.0003568,3.36,3.52
676,-0.00035519999999999996,3.38,3.54
677,-0.00035360000000000014,3.4,3.54
678,-0.0003520000000000001,3.4,3.56
679,-0.00035040000000000006,3.42,3.56
680,-0.0003488,3.42,3.56
681,-0.0003472,3.44,3.58
682,-0.00034560000000000016,3.44,3.6
683,-0.0003440000000000001,3.44,3.62
684,-0.0003424000000000001,3.48,3.6
685,-0.00034080000000000004,3.48,3.62
686,-0.0003392,3.48,3.64
687,-0.00033759999999999997,3.5,3.64
688,-0.00033600000000000014,3.52,3.66
689,-0.0003344000000000001,3.52,3.68
690,-0.00033280000000000007,3.54,3.68
691,-0.00033120000000000003,3.54,3.7
692,-0.0003296,3.54,3.7
693,-0.00032800000000000017,3.56,3.72
694,-0.00032640000000000013,3.56,3.74
695,-0.0003248000000000001,3.58,3.74
696,-0.00032320000000000005,3.6,3.74
697,-0.0003216,3.6,3.7600000000000002
698,-0.00031999999999999997,3.6,3.7800000000000002
699,-0.00031840000000000015,3.64,3.7800000000000002
700,-0.0003168000000000001,3.64,3.8000000000000003
701,-0.00031520000000000007,3.64,3.8000000000000003
702,-0.00031360000000000003,3.66,3.8200000000000003
703,-0.000312,3.66,3.8200000000000003
704,-0.00031039999999999996,3.7,3.84
705,-0.00030880000000000013,3.7,3.86
706,-0.0003072000000000001,3.7,3.86
707,-0.00030560000000000006,3.7,3.88
708,-0.000304,3.72,3.88
709,-0.0003024,3.72,3.9
710,-0.00030080000000000016,3.74,3.9
711,-0.0002992000000000001,3.7600000000000002,3.92
712,-0.0002976000000000001,3.7600000000000002,3.92
713,-0.00029600000000000004,3.7800000000000002,3.94
714,-0.0002944,3.7800000000000002,3.96
715,-0.00029279999999999996,3.8000000000000003,3.96
716,-0.00029120000000000014,3.8000000000000003,3.96
717,-0.0002896000000000001,3.8200000000000003,3.98
718,-0.00028800000000000006,3.8200000000000003,4.0
719,-0.0002864,3.84,4.0200000000000005
720,-0.0002848,3.84,4.0200000000000005
721,-0.00028320000000000016,3.86,4.0200000000000005
722,-0.0002816000000000001,3.86,4.04
723,-0.0002800000000000001,3.88,4.04
724,-0.00027840000000000005,3.88,4.0600000000000005
725,-0.0002768,3.9,4.0600000000000005
726,-0.00027519999999999997,3.9,4.08
727,-0.00027360000000000015,3.94,4.1
728,-0.0002720000000000001,3.92,4.12
729,-0.00027040000000000007,3.94,4.12
730,-0.00026880000000000003,3.96,4.12
731,-0.0002672,3.96,4.14
732,-0.00026560000000000017,3.96,4.14
733,-0.00026400000000000013,3.98,4.16
734,-0.0002624000000000001,4.0,4.16
735,-0.00026080000000000005,4.0200000000000005,4.18
736,-0.0002592,4.0200000000000005,4.18
737,-0.0002576,4.04,4.2
738,-0.00025600000000000015,4.04,4.22
739,-0.0002544000000000001,4.0600000000000005,4.22
740,-0.0002528000000000001,4.0600000000000005,4.24
741,-0.00025120000000000003,4.08,4.26
742,-0.0002496,4.08,4.26
743,-0.0002480000000000002,4.1,4.26
744,-0.00024640000000000013,4.1,4.28
745,-0.0002448000000000001,4.12,4.28
746,-0.00024320000000000006,4.12,4.3
747,-0.00024160000000000002,4.14,4.3
748,-0.00023999999999999998,4.14,4.34
749,-0.00023840000000000016,4.16,4.34
750,-0.00023680000000000012,4.16,4.34
751,-0.00023520000000000008,4.18,4.36
752,-0.00023360000000000004,4.18,4.38
753,-0.000232,4.2,4.38
754,-0.00023039999999999996,4.22,4.4
755,-0.00022880000000000014,4.22,4.42
756,-0.0002272000000000001,4.24,4.42
757,-0.00022560000000000006,4.24,4.42
758,-0.00022400000000000002,4.24,4.44
759,-0.00022239999999999998,4.26,4.46
760,-0.00022080000000000016,4.28,4.46
761,-0.00021920000000000012,4.28,4.48
762,-0.00021760000000000009,4.28,4.48
763,-0.00021600000000000005,4.3,4.5
764,-0.0002144,4.32,4.5
765,-0.00021279999999999997,4.32,4.5200000000000005
766,-0.00021120000000000015,4.32,4.5200000000000005
767,-0.0002096000000000001,4.34,4.54
768,-0.00020800000000000007,4.36,4.5600000000000005
769,-0.00020640000000000003,4.36,4.5600000000000005
770,-0.0002048,4.38,4.58
771,-0.00020320000000000017,4.38,4.58
772,-0.00020160000000000013,4.4,4.6000000000000005
773,-0.0002000000000000001,4.4,4.6000000000000005
774,-0.00019840000000000005,4.42,4.62
775,-0.0001968,4.44,4.64
776,-0.00019519999999999997,4.44,4.64
777,-0.00019360000000000015,4.44,4.64
778,-0.0001920000000000001,4.46,4.66
779,-0.00019040000000000007,4.48,4.66
780,-0.00018880000000000004,4.48,4.68
781,-0.0001872,4.5,4.68
782,-0.00018560000000000017,4.5,4.7
783,-0.00018400000000000014,4.5200000000000005,4.72
784,-0.0001824000000000001,4.5200000000000005,4.72
785,-0.00018080000000000006,4.5200000000000005,4.74
786,-0.00017920000000000002,4.54,4.74
787,-0.00017759999999999998,4.5600000000000005,4.76
788,-0.00017600000000000016,4.58,4.76
789,-0.00017440000000000012,4.6000000000000005,4.78
790,-0.00017280000000000008,4.58,4.78
791,-0.00017120000000000004,4.6000000000000005,4.8
792,-0.0001696,4.62,4.8
793,-0.00016799999999999996,4.62,4.82
794,-0.00016640000000000014,4.64,4.86
795,-0.0001648000000000001,4.64,4.84
796,-0.00016320000000000006,4.64,4.86
797,-0.00016160000000000002,4.66,4.86
798,-0.00015999999999999999,4.66,4.88
799,-0.00015840000000000016,4.68,4.88
800,-0.00015680000000000013,4.7,4.9
801,-0.00015520000000000009,4.7,4.92
802,-0.00015360000000000005,4.72,4.92
803,-0.000152,4.72,4.92
804,-0.00015039999999999997,4.74,4.94
805,-0.00014880000000000015,4.74,4.94
806,-0.0001472000000000001,1.9000000000000001,4.96
807,-0.00014560000000000007,0.2,0.04
808,-0.00014400000000000003,0.1,0.04
809,-0.0001424,0.08,0.06
810,-0.00014080000000000017,0.1,0.08
811,-0.00013920000000000013,0.08,0.08
812,-0.0001376000000000001,0.1,0.08
813,-0.00013600000000000005,0.1,0.1
814,-0.00013440000000000001,0.1,0.12
815,-0.00013279999999999998,0.12,0.12
816,-0.00013120000000000015,0.12,0.14
817,-0.00012960000000000011,0.12,0.14
818,-0.00012800000000000008,0.14,0.16
819,-0.00012640000000000004,0.16,0.16
820,-0.0001248,0.16,0.18
821,-0.00012320000000000018,0.16,0.18
822,-0.00012160000000000014,0.18,0.18
823,-0.0001200000000000001,0.18,0.2
824,-0.00011840000000000006,0.2,0.22
825,-0.00011680000000000002,0.2,0.22
826,-0.00011519999999999998,0.22,0.24
827,-0.00011360000000000016,0.22,0.24
828,-0.00011200000000000012,0.24,0.24
829,-0.00011040000000000008,0.24,0.24
830,-0.00010880000000000004,0.26,0.28
831,-0.0001072,0.26,0.28
832,-0.00010560000000000018,0.28,0.28
833,-0.00010400000000000014,0.28,0.3
834,-0.0001024000000000001,0.3,0.3
835,-0.00010080000000000006,0.32,0.32
836,-9.920000000000003e-05,0.32,0.32
837,-9.759999999999999e-05,0.34,0.34
838,-9.600000000000017e-05,0.34,0.36
839,-9.440000000000013e-05,0.34,0.36
840,-9.280000000000009e-05,0.36,0.38
841,-9.120000000000005e-05,0.36,0.38
842,-8.960000000000001e-05,0.38,0.4
843,-8.799999999999997e-05,0.38,0.4
844,-8.640000000000015e-05,0.4,0.42
845,-8.480000000000011e-05,0.4,0.42
846,-8.320000000000007e-05,0.42,0.44
847,-8.160000000000003e-05,0.42,0.44
848,-7.999999999999999e-05,0.44,0.46
849,-7.840000000000017e-05,0.46,0.48
850,-7.680000000000013e-05,0.46,0.48
851,-7.520000000000009e-05,0.48,0.5
852,-7.360000000000005e-05,0.48,0.5
853,-7.200000000000002e-05,0.5,0.52
854,-7.039999999999998e-05,0.5,0.52
855,-6.880000000000015e-05,0.52,0.54
856,-6.720000000000012e-05,0.52,0.56
857,-6.560000000000008e-05,0.54,0.56
858,-6.400000000000004e-05,0.56,0.58
859,-6.24e-05,0.56,0.58
860,-6.080000000000018e-05,0.58,0.6
861,-5.920000000000014e-05,0.58,0.62
862,-5.76000000000001e-05,0.58,0.62
863,-5.600000000000006e-05,0.6,0.62
864,-5.440000000000002e-05,0.62,0.64
865,-5.279999999999998e-05,0.62,0.64
866,-5.120000000000016e-05,0.64,0.66
867,-4.960000000000012e-05,0.64,0.68
868,-4.800000000000008e-05,0.66,0.66
869,-4.6400000000000044e-05,0.68,0.7000000000000001
870,-4.4800000000000005e-05,0.68,0.72
871,-4.320000000000018e-05,0.7000000000000001,0.7000000000000001
872,-4.1600000000000144e-05,0.7000000000000001,0.72
873,-4.0000000000000105e-05,0.72,0.74
874,-3.8400000000000066e-05,0.72,0.76
875,-3.680000000000003e-05,0.74,0.76
876,-3.519999999999999e-05,0.74,0.78
877,-3.3600000000000166e-05,0.76,0.78
878,-3.200000000000013e-05,0.76,0.8
879,-3.040000000000009e-05,0.78,0.8
880,-2.880000000000005e-05,0.78,0.8200000000000001
881,-2.720000000000001e-05,0.8,0.8200000000000001
882,-2.5599999999999972e-05,0.8200000000000001,0.8200000000000001
883,-2.400000000000015e-05,0.8200000000000001,0.86
884,-2.240000000000011e-05,0.84,0.86
885,-2.0800000000000072e-05,0.84,0.88
886,-1.9200000000000033e-05,0.86,0.88
887,-1.7599999999999994e-05,0.86,0.9
888,-1.6000000000000172e-05,0.86,0.92
889,-1.4400000000000133e-05,0.88,0.92
890,-1.2800000000000094e-05,0.9,0.92
891,-1.1200000000000055e-05,0.9,0.9400000000000001
892,-9.600000000000017e-06,0.9,0.96
893,-7.999999999999978e-06,0.92,0.98
894,-6.4000000000001556e-06,0.9400000000000001,0.96
895,-4.800000000000117e-06,0.9400000000000001,0.98
896,-3.2000000000000778e-06,0.96,1.0
897,-1.6000000000000389e-06,0.96,1.0
898,0.0,0.98,1.02
899,1.599999999999822e-06,0.98,1.02
900,3.199999999999861e-06,1.0,1.04
901,4.7999999999999e-06,1.0,1.04
902,6.399999999999939e-06,1.02,1.06
903,7.999999999999978e-06,1.04,1.08
904,9.600000000000017e-06,1.04,1.08
905,1.1199999999999839e-05,1.06,1.08
906,1.2799999999999877e-05,1.06,1.1
907,1.4399999999999916e-05,1.08,1.12
908,1.5999999999999955e-05,1.08,1.12
909,1.7599999999999994e-05,1.08,1.1400000000000001
910,1.9199999999999816e-05,1.1,1.1400000000000001
911,2.0799999999999855e-05,1.12,1.16
912,2.2399999999999894e-05,1.12,1.18
913,2.3999999999999933e-05,1.1400000000000001,1.18
914,2.5599999999999972e-05,1.1400000000000001,1.2
915,2.720000000000001e-05,1.16,1.2
916,2.8799999999999833e-05,1.16,1.22
917,3.039999999999987e-05,1.18,1.24
918,3.199999999999991e-05,1.2,1.24
919,3.359999999999995e-05,1.18,1.24
920,3.519999999999999e-05,1.22,1.24
921,3.680000000000003e-05,1.22,1.28
922,3.839999999999985e-05,1.24,1.28
923,3.999999999999989e-05,1.24,1.3
924,4.159999999999993e-05,1.24,1.32
925,4.3199999999999966e-05,1.26,1.32
926,4.4800000000000005e-05,1.28,1.34
927,4.639999999999983e-05,1.28,1.34
928,4.7999999999999866e-05,1.3,1.36
929,4.9599999999999905e-05,1.3,1.36
930,5.1199999999999943e-05,1.32,1.36
931,5.279999999999998e-05,1.32,1.4000000000000001
932,5.440000000000002e-05,1.34,1.4000000000000001
933,5.599999999999984e-05,1.34,1.4000000000000001
934,5.759999999999988e-05,1.36,1.42
935,5.919999999999992e-05,1.36,1.42
936,6.079999999999996e-05,1.3800000000000001,1.44
937,6.24e-05,1.3800000000000001,1.44
938,6.399999999999982e-05,1.4000000000000001,1.46
939,6.559999999999986e-05,1.42,1.46
940,6.71999999999999e-05,1.42,1.48
941,6.879999999999994e-05,1.42,1.5
942,7.039999999999998e-05,1.44,1.5
943,7.200000000000002e-05,1.44,1.52
944,7.359999999999984e-05,1.46,1.52
945,7.519999999999988e-05,1.48,1.54
946,7.679999999999992e-05,1.48,1.54
947,7.839999999999995e-05,1.5,1.56
948,7.999999999999999e-05,1.5,1.56
949,8.159999999999982e-05,1.52,1.58
950,8.319999999999985e-05,1.54,1.6
951,8.479999999999989e-05,1.52,1.6
952,8.639999999999993e-05,1.54,1.6
953,8.799999999999997e-05,1.56,1.6
954,8.960000000000001e-05,1.58,1.6400000000000001
955,9.119999999999983e-05,1.58,1.6600000000000001
956,9.279999999999987e-05,1.58,1.6400000000000001
957,9.439999999999991e-05,1.6,1.68
958,9.599999999999995e-05,1.6,1.68
959,9.759999999999999e-05,1.62,1.68
960,9.920000000000003e-05,1.6400000000000001,1.68
961,0.00010079999999999985,1.6400000000000001,1.72
962,0.00010239999999999989,1.6600000000000001,1.72
963,0.00010399999999999993,1.6600000000000001,1.74
964,0.00010559999999999996,1.68,1.74
965,0.0001072,1.68,1.76
966,0.00010879999999999983,1.68,1.76
967,0.00011039999999999986,1.7,1.78
968,0.0001119999999999999,1.7,1.8
969,0.00011359999999999994,1.72,1.78
970,0.00011519999999999998,1.72,1.82
971,0.00011680000000000002,1.76,1.82
972,0.00011839999999999984,1.76,1.82
973,0.00011999999999999988,1.76,1.84
974,0.00012159999999999992,1.78,1.84
975,0.00012319999999999996,1.8,1.8800000000000001
976,0.0001248,1.8,1.8800000000000001
977,0.00012639999999999982,1.82,1.9000000000000001
978,0.00012799999999999986,1.82,1.9000000000000001
979,0.0001295999999999999,1.84,1.92
980,0.00013119999999999994,1.84,1.92
981,0.00013279999999999998,1.84,1.94
982,0.00013440000000000001,1.86,1.94
983,0.00013599999999999984,1.8800000000000001,1.96
984,0.00013759999999999988,1.8800000000000001,1.96
985,0.00013919999999999991,1.8800000000000001,1.96
986,0.00014079999999999995,1.9000000000000001,2.0
987,0.0001424,1.9000000000000001,2.0
988,0.00014399999999999981,1.94,2.0
989,0.00014559999999999985,1.94,2.02
990,0.0001471999999999999,1.94,2.04
991,0.00014879999999999993,1.96,2.04
992,0.00015039999999999997,1.96,2.06
993,0.000152,1.98,2.06
994,0.00015359999999999983,2.0,2.08
995,0.00015519999999999987,2.0,2.08
996,0.0001567999999999999,2.02,2.08
997,0.00015839999999999995,2.0,2.12
998,0.00015999999999999999,2.02,2.12
999,0.0001615999999999998,2.04,2.14
1000,0.00016319999999999985,2.06,2.14
1001,0.00016479999999999989,2.06,2.16
1002,0.00016639999999999992,2.08,2.18
1003,0.00016799999999999996,2.08,2.18
1004,0.0001696,2.1,2.18
1005,0.00017119999999999982,2.1,2.2
1006,0.00017279999999999986,2.1,2.22
1007,0.0001743999999999999,2.14,2.22
1008,0.00017599999999999994,2.12,2.22
1009,0.00017759999999999998,2.14,2.24
1010,0.00017920000000000002,2.16,2.2600000000000002
1011,0.00018079999999999984,2.16,2.2600000000000002
1012,0.00018239999999999988,2.18,2.2800000000000002
1013,0.00018399999999999992,2.2,2.3000000000000003
1014,0.00018559999999999996,2.2,2.3000000000000003
1015,0.0001872,2.22,2.3000000000000003
1016,0.00018879999999999982,2.22,2.32
1017,0.00019039999999999986,2.24,2.34
1018,0.0001919999999999999,2.2600000000000002,2.34
1019,0.00019359999999999994,2.2600000000000002,2.36
1020,0.00019519999999999997,2.2600000000000002,2.36
1021,0.0001968,2.2800000000000002,2.38
1022,0.00019839999999999984,2.2800000000000002,2.38
1023,0.00019999999999999987,2.3000000000000003,2.4
1024,0.0002015999999999999,2.32,2.42
1025,0.00020319999999999995,2.32,2.4
1026,0.0002048,2.32,2.42
1027,0.0002063999999999998,2.32,2.44
1028,0.00020799999999999985,2.34,2.46
1029,0.0002095999999999999,2.36,2.46
1030,0.00021119999999999993,2.38,2.48
1031,0.00021279999999999997,2.38,2.48
1032,0.0002144,2.4,2.48
1033,0.00021599999999999983,2.4,2.5
1034,0.00021759999999999987,2.42,2.5
1035,0.0002191999999999999,2.42,2.52
1036,0.00022079999999999995,2.44,2.52
1037,0.00022239999999999998,2.44,2.56
1038,0.0002239999999999998,2.46,2.56
1039,0.00022559999999999985,2.46,2.56
1040,0.00022719999999999988,2.48,2.58
1041,0.00022879999999999992,2.48,2.6
1042,0.00023039999999999996,2.5,2.6
1043,0.000232,2.5,2.6
1044,0.00023359999999999982,2.5,2.62
1045,0.00023519999999999986,2.52,2.64
1046,0.0002367999999999999,2.52,2.64
1047,0.00023839999999999994,2.54,2.66
1048,0.00023999999999999998,2.56,2.66
1049,0.00024160000000000002,2.56,2.68
1050,0.00024319999999999984,2.58,2.68
1051,0.0002447999999999999,2.58,2.7
1052,0.0002463999999999999,2.6,2.7
1053,0.00024799999999999996,2.6,2.72
1054,0.0002496,2.6,2.72
1055,0.0002511999999999998,2.62,2.74
1056,0.00025279999999999986,2.64,2.7600000000000002
1057,0.0002543999999999999,2.64,2.7600000000000002
1058,0.00025599999999999993,2.66,2.7800000000000002
1059,0.0002576,2.66,2.7800000000000002
1060,0.0002592,2.68,2.8000000000000003
1061,0.00026079999999999983,2.7,2.8000000000000003
1062,0.0002623999999999999,2.7,2.82
1063,0.0002639999999999999,2.7,2.84
1064,0.00026559999999999995,2.72,2.84
1065,0.0002672,2.72,2.86
1066,0.0002687999999999998,2.74,2.86
1067,0.00027039999999999985,2.74,2.88
1068,0.0002719999999999999,2.7800000000000002,2.9
1069,0.00027359999999999993,2.7800000000000002,2.9
1070,0.00027519999999999997,2.8000000000000003,2.9
1071,0.0002768,2.8000000000000003,2.92
1072,0.00027839999999999983,2.8000000000000003,2.92
1073,0.00027999999999999987,2.82,2.94
1074,0.0002815999999999999,2.82,2.94
1075,0.00028319999999999994,2.84,2.96
1076,0.0002848,2.84,2.98
1077,0.0002863999999999998,2.86,2.98
1078,0.00028799999999999984,2.88,3.0
1079,0.0002895999999999999,2.88,3.0
1080,0.0002911999999999999,2.88,3.02
1081,0.00029279999999999996,2.9,3.04
1082,0.0002944,2.9,3.04
1083,0.0002959999999999998,2.92,3.04
1084,0.00029759999999999986,2.92,3.06
1085,0.0002991999999999999,2.94,3.06
1086,0.00030079999999999994,2.94,3.08
1087,0.0003024,2.96,3.1
1088,0.0003039999999999998,2.98,3.1
1089,0.00030559999999999984,2.98,3.12
1090,0.0003071999999999999,2.98,3.12
1091,0.0003087999999999999,3.0,3.14
1092,0.00031039999999999996,3.02,3.14
1093,0.000312,3.02,3.16
1094,0.0003135999999999998,3.04,3.18
1095,0.00031519999999999986,3.04,3.18
1096,0.0003167999999999999,3.08,3.2
1097,0.00031839999999999993,3.08,3.2
1098,0.00031999999999999997,3.08,3.2
1099,0.0003216,3.1,3.22
1100,0.00032319999999999983,3.1,3.24
1101,0.00032479999999999987,3.12,3.24
1102,0.0003263999999999999,3.12,3.2600000000000002
1103,0.00032799999999999995,3.14,3.2800000000000002
1104,0.0003296,3.14,3.2800000000000002
1105,0.0003311999999999998,3.16,3.3000000000000003
1106,0.00033279999999999985,3.16,3.3000000000000003
1107,0.0003343999999999999,3.18,3.3200000000000003
1108,0.00033599999999999993,3.18,3.34
1109,0.00033759999999999997,3.2,3.36
1110,0.0003392,3.22,3.36
1111,0.0003407999999999998,3.22,3.36
1112,0.00034239999999999987,3.22,3.38
1113,0.0003439999999999999,3.24,3.38
1114,0.00034559999999999994,3.2600000000000002,3.4
1115,0.0003472,3.2600000000000002,3.4
1116,0.0003487999999999998,3.2800000000000002,3.44
1117,0.00035039999999999984,3.2800000000000002,3.42
1118,0.0003519999999999999,3.3000000000000003,3.44
1119,0.0003535999999999999,3.3000000000000003,3.46
1120,0.00035519999999999996,3.34,3.46
1121,0.0003568,3.34,3.46
1122,0.0003583999999999998,3.34,3.48
1123,0.00035999999999999986,3.34,3.5
1124,0.0003615999999999999,3.36,3.5
1125,0.00036319999999999994,3.38,3.52
1126,0.0003648,3.38,3.52
1127,0.0003663999999999998,3.38,3.54
1128,0.00036799999999999984,3.42,3.54
1129,0.0003695999999999999,3.4,3.56
1130,0.0003711999999999999,3.42,3.56
1131,0.00037279999999999995,3.42,3.58
1132,0.0003744,3.44,3.6
1133,0.0003759999999999998,3.46,3.6
1134,0.00037759999999999985,3.46,3.62
1135,0.0003791999999999999,3.48,3.62
1136,0.00038079999999999993,3.48,3.64
1137,0.00038239999999999997,3.5,3.66
1138,0.000384,3.5,3.66
1139,0.00038559999999999983,3.52,3.68
1140,0.00038719999999999987,3.54,3.68
1141,0.0003887999999999999,3.54,3.7
1142,0.00039039999999999995,3.56,3.7
1143,0.000392,3.56,3.72
1144,0.0003935999999999998,3.56,3.72
1145,0.00039519999999999985,3.58,3.74
1146,0.0003967999999999999,3.58,3.74
1147,0.0003983999999999999,3.6,3.7600000000000002
1148,0.00039999999999999996,3.6,3.7800000000000002
1149,0.0004016,3.62,3.7800000000000002
1150,0.0004031999999999998,3.62,3.8000000000000003
1151,0.00040479999999999986,3.64,3.8000000000000003
1152,0.0004063999999999999,3.64,3.8200000000000003
1153,0.00040799999999999994,3.66,3.84
1154,0.0004096,3.68,3.84
1155,0.0004111999999999998,3.68,3.84
1156,0.00041279999999999984,3.7,3.86
1157,0.0004143999999999999,3.7,3.88
1158,0.0004159999999999999,3.72,3.88
1159,0.00041759999999999996,3.72,3.9
1160,0.0004192,3.74,3.9
1161,0.0004207999999999998,3.7600000000000002,3.92
1162,0.00042239999999999986,3.7600000000000002,3.92
1163,0.0004239999999999999,3.7800000000000002,3.94
1164,0.00042559999999999994,3.7800000000000002,3.96
1165,0.0004272,3.8000000000000003,3.96
1166,0.0004287999999999998,3.8000000000000003,3.98
1167,0.00043039999999999984,3.8000000000000003,3.98
1168,0.0004319999999999999,3.8200000000000003,4.0
1169,0.0004335999999999999,3.84,4.0200000000000005
1170,0.00043519999999999995,3.84,4.0
1171,0.0004368,3.86,4.0200000000000005
1172,0.0004383999999999998,3.86,4.04
1173,0.00043999999999999985,3.9,4.0600000000000005
1174,0.0004415999999999999,3.88,4.08
1175,0.00044319999999999993,3.9,4.0600000000000005
1176,0.00044479999999999997,3.9,4.08
1177,0.0004464,3.92,4.1
1178,0.00044799999999999983,3.92,4.1
1179,0.00044959999999999987,3.94,4.12
1180,0.0004511999999999999,3.96,4.14
1181,0.00045279999999999995,3.96,4.14
1182,0.0004544,3.98,4.14
1183,0.0004559999999999998,3.98,4.16
1184,0.00045759999999999985,4.0,4.16
1185,0.0004591999999999999,4.0,4.18
1186,0.0004607999999999999,4.0200000000000005,4.2
1187,0.00046239999999999996,4.0200000000000005,4.22
1188,0.000464,4.04,4.22
1189,0.0004655999999999998,4.04,4.22
1190,0.00046719999999999986,4.0600000000000005,4.24
1191,0.0004687999999999999,4.0600000000000005,4.24
1192,0.00047039999999999994,4.08,4.26
1193,0.000472,4.1,4.26
1194,0.0004735999999999998,4.1,4.28
1195,0.00047519999999999984,4.12,4.3
1196,0.0004767999999999999,4.12,4.3
1197,0.0004783999999999999,4.14,4.32
1198,0.00047999999999999996,4.14,4.32
1199,0.0004816,4.16,4.34
1200,0.0004831999999999998,4.16,4.34
1201,0.00048479999999999986,4.18,4.38
1202,0.0004863999999999999,4.18,4.38
1203,0.00048799999999999994,4.2,4.38
1204,0.0004896,4.2,4.4
1205,0.0004911999999999998,4.22,4.4
1206,0.0004927999999999998,4.22,4.42
1207,0.0004943999999999999,4.24,4.44
1208,0.0004959999999999999,4.24,4.44
1209,0.0004976,4.26,4.44
1210,0.0004992,4.26,4.46
1211,0.0005007999999999998,4.3,4.48
1212,0.0005023999999999999,4.28,4.5
1213,0.0005039999999999999,4.32,4.5
1214,0.0005055999999999999,4.3,4.5
1215,0.0005072,4.32,4.5200000000000005
1216,0.0005088,4.34,4.5200000000000005
1217,0.0005103999999999998,4.34,4.54
1218,0.0005119999999999999,4.36,4.5600000000000005
1219,0.0005135999999999999,4.36,4.5600000000000005
1220,0.0005152,4.38,4.58
1221,0.0005167999999999998,4.38,4.58
1222,0.0005183999999999998,4.4,4.58
1223,0.0005199999999999998,4.4,4.6000000000000005
1224,0.0005215999999999999,4.42,4.62
1225,0.0005231999999999999,4.42,4.64
1226,0.0005248,4.44,4.64
1227,0.0005264,4.46,4.64
1228,0.000528,4.46,4.66
1229,0.0005296000000000001,4.48,4.66
1230,0.0005311999999999997,4.48,4.68
1231,0.0005327999999999997,4.5,4.68
1232,0.0005343999999999998,4.5,4.7
1233,0.0005359999999999998,4.5,4.7
1234,0.0005375999999999998,4.5200000000000005,4.72
1235,0.0005391999999999999,4.54,4.72
1236,0.0005407999999999999,4.54,4.74
1237,0.0005424,4.54,4.76
1238,0.000544,4.5600000000000005,4.76
1239,0.0005456,4.6000000000000005,4.78
1240,0.0005472000000000001,4.6000000000000005,4.78
1241,0.0005488000000000001,4.6000000000000005,4.8
1242,0.0005503999999999997,4.6000000000000005,4.8
1243,0.0005519999999999998,4.62,4.82
1244,0.0005535999999999998,4.62,4.84
1245,0.0005551999999999998,4.64,4.84
1246,0.0005567999999999999,4.64,4.86
1247,0.0005583999999999999,4.68,4.86
1248,0.00056,4.68,4.88
1249,0.0005616,4.68,4.9
1250,0.0005632,4.7,4.9
1251,0.0005648000000000001,4.72,4.9
1252,0.0005664000000000001,4.72,4.92
1253,0.0005679999999999997,4.72,4.94
1254,0.0005695999999999998,4.74,4.94
1255,0.0005711999999999998,4.76,4.96
1256,0.0005727999999999998,1.72,4.96
1257,0.0005743999999999999,0.2,0.04
1258,0.0005759999999999999,0.1,0.04
1259,0.0005775999999999999,0.08,0.06
1260,0.0005792,0.1,0.08
1261,0.0005808,0.1,0.08
1262,0.0005824000000000001,0.1,0.1
1263,0.0005840000000000001,0.1,0.1
1264,0.0005855999999999997,0.12,0.12
1265,0.0005871999999999997,0.12,0.12
1266,0.0005887999999999998,0.12,0.14
1267,0.0005903999999999998,0.12,0.12
1268,0.0005919999999999999,0.14,0.16
1269,0.0005935999999999999,0.14,0.16
1270,0.0005951999999999999,0.16,0.18
1271,0.0005968,0.16,0.18
1272,0.0005984,0.18,0.2
1273,0.0006000000000000001,0.18,0.2
1274,0.0006016000000000001,0.2,0.22
1275,0.0006031999999999997,0.2,0.22
1276,0.0006047999999999997,0.22,0.22
1277,0.0006063999999999998,0.22,0.24
1278,0.0006079999999999998,0.22,0.26
1279,0.0006095999999999999,0.24,0.26
1280,0.0006111999999999999,0.26,0.28
1281,0.0006127999999999999,0.26,0.28
1282,0.0006144,0.26,0.28
1283,0.000616,0.28,0.3
1284,0.0006176,0.3,0.32
1285,0.0006192000000000001,0.3,0.32
1286,0.0006207999999999997,0.32,0.34
1287,0.0006223999999999997,0.32,0.34
1288,0.0006239999999999998,0.32,0.36
1289,0.0006255999999999998,0.34,0.36
1290,0.0006271999999999998,0.36,0.38
1291,0.0006287999999999999,0.36,0.36
1292,0.0006303999999999999,0.38,0.38
1293,0.000632,0.4,0.4
1294,0.0006336,0.4,0.42
1295,0.0006352,0.4,0.42
1296,0.0006368000000000001,0.42,0.44
1297,0.0006383999999999997,0.42,0.46
1298,0.0006399999999999997,0.44,0.46
1299,0.0006415999999999998,0.44,0.48
1300,0.0006431999999999998,0.46,0.48
1301,0.0006447999999999998,0.48,0.5
1302,0.0006463999999999999,0.48,0.5
1303,0.0006479999999999999,0.5,0.52
1304,0.0006496,0.5,0.54
1305,0.0006512,0.52,0.54
1306,0.0006528,0.52,0.56
1307,0.0006544000000000001,0.54,0.56
1308,0.0006559999999999997,0.54,0.58
1309,0.0006575999999999997,0.56,0.58
1310,0.0006591999999999998,0.58,0.6
1311,0.0006607999999999998,0.58,0.62
1312,0.0006623999999999998,0.6,0.62
1313,0.0006639999999999999,0.6,0.62
1314,0.0006655999999999999,0.62,0.64
1315,0.0006672,0.64,0.66
1316,0.0006688,0.64,0.66
1317,0.0006704,0.64,0.68
1318,0.0006720000000000001,0.66,0.68
1319,0.0006735999999999997,0.68,0.7000000000000001
1320,0.0006751999999999997,0.68,0.7000000000000001
1321,0.0006767999999999998,0.7000000000000001,0.72
1322,0.0006783999999999998,0.7000000000000001,0.72
1323,0.0006799999999999998,0.72,0.74
1324,0.0006815999999999999,0.72,0.76
1325,0.0006831999999999999,0.74,0.76
1326,0.0006848,0.74,0.78
1327,0.0006864,0.76,0.78
1328,0.000688,0.78,0.8
1329,0.0006896000000000001,0.78,0.8
1330,0.0006912000000000001,0.78,0.8200000000000001
1331,0.0006927999999999997,0.78,0.84
1332,0.0006943999999999997,0.8,0.8200000000000001
1333,0.0006959999999999998,0.8200000000000001,0.86
1334,0.0006975999999999998,0.8200000000000001,0.88
1335,0.0006991999999999999,0.84,0.88
1336,0.0007007999999999999,0.84,0.88
1337,0.0007023999999999999,0.86,0.9
1338,0.000704,0.88,0.92
1339,0.0007056,0.88,0.92
1340,0.0007072000000000001,0.9,0.9400000000000001
1341,0.0007088000000000001,0.9,0.9400000000000001
1342,0.0007103999999999997,0.92,0.9400000000000001
1343,0.0007119999999999997,0.92,0.96
1344,0.0007135999999999998,0.9400000000000001,0.98
1345,0.0007151999999999998,0.96,0.98
1346,0.0007167999999999999,0.96,1.0
1347,0.0007183999999999999,0.98,1.0
1348,0.0007199999999999999,0.98,1.02
1349,0.0007216,0.98,1.02
1350,0.0007232,1.0,1.04
1351,0.0007248,1.02,1.06
1352,0.0007264000000000001,1.02,1.06
1353,0.0007279999999999997,1.04,1.08
1354,0.0007295999999999997,1.04,1.08
1355,0.0007311999999999998,1.06,1.1
1356,0.0007327999999999998,1.06,1.12
1357,0.0007343999999999999,1.08,1.12
1358,0.0007359999999999999,1.08,1.12
1359,0.0007375999999999999,1.1,1.12
1360,0.0007392,1.1,1.16
1361,0.0007408,1.12,1.1400000000000001
1362,0.0007424,1.12,1.18
1363,0.0007440000000000001,1.1400000000000001,1.18
1364,0.0007455999999999997,1.1400000000000001,1.2
1365,0.0007471999999999997,1.16,1.2
1366,0.0007487999999999998,1.16,1.22
1367,0.0007503999999999998,1.18,1.24
1368,0.0007519999999999998,1.18,1.24
1369,0.0007535999999999999,1.2,1.26
1370,0.0007551999999999999,1.22,1.26
1371,0.0007568,1.22,1.28
1372,0.0007584,1.24,1.28
1373,0.00076,1.24,1.3
1374,0.0007616000000000001,1.26,1.3
1375,0.0007631999999999997,1.26,1.3
1376,0.0007647999999999997,1.28,1.34
1377,0.0007663999999999998,1.28,1.34
1378,0.0007679999999999998,1.3,1.36
1379,0.0007695999999999998,1.32,1.36
1380,0.0007711999999999999,1.32,1.3800000000000001
1381,0.0007727999999999999,1.32,1.3800000000000001
1382,0.0007744,1.34,1.4000000000000001
1383,0.000776,1.34,1.4000000000000001
1384,0.0007776,1.36,1.42
1385,0.0007792000000000001,1.36,1.42
1386,0.0007807999999999997,1.3800000000000001,1.42
1387,0.0007823999999999997,1.3800000000000001,1.46
1388,0.0007839999999999998,1.4000000000000001,1.46
1389,0.0007855999999999998,1.4000000000000001,1.48
1390,0.0007871999999999998,1.42,1.48
1391,0.0007887999999999999,1.44,1.5
1392,0.0007903999999999999,1.44,1.5
1393,0.000792,1.46,1.52
1394,0.0007936,1.46,1.52
1395,0.0007952,1.46,1.54
1396,0.0007968000000000001,1.48,1.54
1397,0.0007983999999999997,1.5,1.56
1398,0.0007999999999999997,1.5,1.56
1399,0.0008015999999999998,1.52,1.58
1400,0.0008031999999999998,1.52,1.58
1401,0.0008047999999999998,1.52,1.6
1402,0.0008063999999999999,1.56,1.62
1403,0.0008079999999999999,1.56,1.62
1404,0.0008096,1.58,1.6400000000000001
1405,0.0008112,1.58,1.6400000000000001
1406,0.0008128,1.58,1.6400000000000001
1407,0.0008144000000000001,1.6,1.6600000000000001
1408,0.0008160000000000001,1.6,1.68
1409,0.0008175999999999997,1.62,1.68
1410,0.0008191999999999997,1.6400000000000001,1.7
1411,0.0008207999999999998,1.6400000000000001,1.72
1412,0.0008223999999999998,1.6600000000000001,1.72
1413,0.0008239999999999999,1.6600000000000001,1.72
1414,0.0008255999999999999,1.68,1.74
1415,0.0008271999999999999,1.7,1.76
1416,0.0008288,1.7,1.76
1417,0.0008304,1.7,1.78
1418,0.0008320000000000001,1.72,1.78
1419,0.0008336000000000001,1.74,1.8
1420,0.0008351999999999997,1.74,1.82
1421,0.0008367999999999997,1.76,1.82
1422,0.0008383999999999998,1.76,1.84
1423,0.0008399999999999998,1.76,1.84
1424,0.0008415999999999999,1.78,1.86
1425,0.0008431999999999999,1.8,1.86
1426,0.0008447999999999999,1.8,1.8800000000000001
1427,0.0008464,1.82,1.9000000000000001
1428,0.000848,1.82,1.9000000000000001
1429,0.0008496,1.84,1.92
1430,0.0008512000000000001,1.86,1.92
1431,0.0008527999999999997,1.86,1.94
1432,0.0008543999999999997,1.86,1.94
1433,0.0008559999999999998,1.8800000000000001,1.94
1434,0.0008575999999999998,1.8800000000000001,1.98
1435,0.0008591999999999999,1.9000000000000001,1.96
1436,0.0008607999999999999,1.9000000000000001,1.98
1437,0.0008623999999999999,1.92,2.0
1438,0.000864,1.94,2.0
1439,0.0008656,1.94,2.02
1440,0.0008672,1.96,2.04
1441,0.0008688000000000001,1.96,2.04
1442,0.0008703999999999997,1.96,2.06
1443,0.0008719999999999997,1.98,2.06
1444,0.0008735999999999998,2.0,2.06
1445,0.0008751999999999998,2.0,2.1
1446,0.0008767999999999998,2.02,2.1
1447,0.0008783999999999999,2.02,2.1
1448,0.0008799999999999999,2.04,2.1
1449,0.0008816,2.04,2.12
1450,0.0008832,2.06,2.12
1451,0.0008848,2.06,2.14
1452,0.0008864000000000001,2.06,2.16
1453,0.0008879999999999997,2.08,2.18
1454,0.0008895999999999997,2.1,2.2
1455,0.0008911999999999998,2.12,2.2
1456,0.0008927999999999998,2.12,2.2
1457,0.0008943999999999998,2.14,2.22
1458,0.0008959999999999999,2.12,2.24
1459,0.0008975999999999999,2.16,2.24
1460,0.0008992,2.16,2.2600000000000002
1461,0.0009008,2.18,2.2600000000000002
1462,0.0009024,2.18,2.2800000000000002
1463,0.0009040000000000001,2.2,2.2800000000000002
1464,0.0009055999999999997,2.2,2.3000000000000003
1465,0.0009071999999999997,2.22,2.3000000000000003
1466,0.0009087999999999998,2.24,2.32
1467,0.0009103999999999998,2.22,2.34
1468,0.0009119999999999998,2.24,2.34
1469,0.0009135999999999999,2.2600000000000002,2.36
1470,0.0009151999999999999,2.2600000000000002,2.36
1471,0.0009168,2.2800000000000002,2.38
1472,0.0009184,2.3000000000000003,2.4
1473,0.00092,2.3000000000000003,2.38
1474,0.0009216000000000001,2.3000000000000003,2.42
1475,0.0009231999999999997,2.32,2.42
1476,0.0009247999999999997,2.32,2.44
1477,0.0009263999999999997,2.32,2.44
1478,0.0009279999999999998,2.36,2.44
1479,0.0009295999999999998,2.36,2.46
1480,0.0009311999999999999,2.38,2.48
1481,0.0009327999999999999,2.38,2.48
1482,0.0009343999999999999,2.4,2.5
1483,0.000936,2.4,2.52
1484,0.0009376,2.42,2.52
1485,0.0009392000000000001,2.42,2.52
1486,0.0009407999999999997,2.44,2.54
1487,0.0009423999999999997,2.44,2.54
1488,0.0009439999999999997,2.46,2.56
1489,0.0009455999999999998,2.46,2.56
1490,0.0009471999999999998,2.48,2.6
1491,0.0009487999999999999,2.48,2.58
1492,0.0009503999999999999,2.5,2.6
1493,0.0009519999999999999,2.5,2.6
1494,0.0009536,2.5,2.64
1495,0.0009552,2.52,2.62
1496,0.0009568000000000001,2.52,2.64
1497,0.0009584000000000001,2.54,2.66
1498,0.0009599999999999997,2.56,2.66
1499,0.0009615999999999997,2.58,2.68
1500,0.0009631999999999998,2.58,2.68
1501,0.0009647999999999998,2.58,2.7
1502,0.0009663999999999999,2.6,2.7
1503,0.0009679999999999999,2.62,2.72
1504,0.0009695999999999999,2.62,2.72
1505,0.0009712,2.62,2.7600000000000002
1506,0.0009728,2.64,2.7600000000000002
1507,0.0009744,2.64,2.7600000000000002
1508,0.0009760000000000001,2.66,2.7800000000000002
1509,0.0009775999999999997,2.66,2.7800000000000002
1510,0.0009791999999999997,2.68,2.8000000000000003
1511,0.0009807999999999998,2.68,2.8000000000000003
1512,0.0009823999999999998,2.7,2.82
1513,0.0009839999999999998,2.7,2.82
1514,0.0009855999999999999,2.72,2.84
1515,0.0009872,2.72,2.84
1516,0.0009888,2.74,2.86
1517,0.0009904,2.7600000000000002,2.86
1518,0.000992,2.7600000000000002,2.88
1519,0.0009936,2.7800000000000002,2.9
1520,0.0009951999999999997,2.8000000000000003,2.92
1521,0.0009967999999999997,2.8000000000000003,2.92
1522,0.0009983999999999998,2.8000000000000003,2.92
1523,0.0009999999999999998,2.82,2.94
1524,0.0010015999999999998,2.82,2.96
1525,0.0010031999999999999,2.84,2.96
1526,0.0010048,2.84,2.98
1527,0.0010064,2.86,2.98
1528,0.001008,2.86,3.0
1529,0.0010096,2.88,3.02
1530,0.0010112,2.88,3.02
1531,0.0010127999999999997,2.9,3.04
1532,0.0010143999999999997,2.9,3.04
1533,0.0010159999999999998,2.92,3.06
1534,0.0010175999999999998,2.94,3.06
1535,0.0010191999999999998,2.94,3.06
1536,0.0010207999999999999,2.94,3.1
1537,0.0010224,2.98,3.1
1538,0.001024,2.96,3.1
1539,0.0010256,2.98,3.12
1540,0.0010272,3.0,3.14
1541,0.0010288,3.0,3.14
1542,0.0010303999999999997,3.02,3.14
1543,0.0010319999999999997,3.04,3.16
1544,0.0010335999999999998,3.04,3.18
1545,0.0010351999999999998,3.04,3.18
1546,0.0010367999999999998,3.06,3.2
1547,0.0010383999999999999,3.06,3.2
1548,0.00104,3.08,3.22
1549,0.0010416,3.08,3.24
1550,0.0010432,3.1,3.24
1551,0.0010448,3.12,3.2600000000000002
1552,0.0010464,3.12,3.2600000000000002
1553,0.0010479999999999997,3.14,3.2800000000000002
1554,0.0010495999999999997,3.14,3.3000000000000003
1555,0.0010511999999999997,3.16,3.3000000000000003
1556,0.0010527999999999998,3.16,3.3000000000000003
1557,0.0010543999999999998,3.18,3.3200000000000003
1558,0.0010559999999999999,3.18,3.3200000000000003
1559,0.0010576,3.2,3.36
1560,0.0010592,3.22,3.34
1561,0.0010608,3.22,3.36
1562,0.0010624,3.24,3.36
1563,0.001064,3.24,3.38
1564,0.0010655999999999997,3.24,3.4
1565,0.0010671999999999997,3.2600000000000002,3.4
1566,0.0010687999999999997,3.2800000000000002,3.42
1567,0.0010703999999999998,3.2800000000000002,3.42
1568,0.0010719999999999998,3.3000000000000003,3.44
1569,0.0010735999999999999,3.3000000000000003,3.46
1570,0.0010752,3.3200000000000003,3.46
1571,0.0010768,3.3200000000000003,3.48
1572,0.0010784,3.36,3.48
1573,0.00108,3.34,3.48
1574,0.0010816,3.36,3.5
1575,0.0010831999999999997,3.36,3.52
1576,0.0010847999999999997,3.4,3.52
1577,0.0010863999999999997,3.38,3.54
1578,0.0010879999999999998,3.4,3.54
1579,0.0010895999999999998,3.42,3.56
1580,0.0010911999999999999,3.42,3.56
1581,0.0010927999999999999,3.44,3.58
1582,0.0010944,3.44,3.6
1583,0.001096,3.46,3.6
1584,0.0010976,3.48,3.62
1585,0.0010992,3.48,3.62
1586,0.0011008,3.48,3.64
1587,0.0011023999999999997,3.5,3.66
1588,0.0011039999999999997,3.5,3.66
1589,0.0011055999999999998,3.52,3.66
1590,0.0011071999999999998,3.52,3.68
1591,0.0011087999999999998,3.54,3.7
1592,0.0011103999999999999,3.54,3.7
1593,0.001112,3.56,3.72
1594,0.0011136,3.56,3.72
1595,0.0011152,3.58,3.74
1596,0.0011168,3.6,3.7600000000000002
1597,0.0011184,3.6,3.7600000000000002
1598,0.0011199999999999997,3.62,3.7800000000000002
1599,0.0011215999999999997,3.62,3.8000000000000003
1600,0.0011231999999999998,3.62,3.8000000000000003
1601,0.0011247999999999998,3.64,3.8000000000000003
1602,0.0011263999999999998,3.66,3.8200000000000003
1603,0.0011279999999999999,3.66,3.8200000000000003
1604,0.0011296,3.68,3.84
1605,0.0011312,3.68,3.84
1606,0.0011328,3.7,3.86
1607,0.0011344,3.72,3.88
1608,0.001136,3.74,3.88
1609,0.0011375999999999997,3.72,3.9
1610,0.0011391999999999997,3.74,3.92
1611,0.0011407999999999998,3.74,3.92
1612,0.0011423999999999998,3.7600000000000002,3.94
1613,0.0011439999999999998,3.7800000000000002,3.94
1614,0.0011455999999999999,3.7800000000000002,3.96
1615,0.0011472,3.8200000000000003,3.96
1616,0.0011488,3.8000000000000003,3.98
1617,0.0011504,3.8200000000000003,3.98
1618,0.001152,3.8200000000000003,3.98
1619,0.0011536,3.84,4.0
1620,0.0011551999999999997,3.84,4.0200000000000005
1621,0.0011567999999999997,3.86,4.0200000000000005
1622,0.0011583999999999998,3.88,4.04
1623,0.0011599999999999998,3.88,4.04
1624,0.0011615999999999998,3.9,4.0600000000000005
1625,0.0011631999999999999,3.92,4.0600000000000005
1626,0.0011648,3.9,4.08
1627,0.0011664,3.92,4.1
1628,0.001168,3.92,4.1
1629,0.0011696,3.94,4.14
1630,0.0011712,3.94,4.12
1631,0.0011727999999999997,3.96,4.14
1632,0.0011743999999999997,3.98,4.16
1633,0.0011759999999999997,3.98,4.16
1634,0.0011775999999999998,4.0,4.16
1635,0.0011791999999999998,4.0,4.18
1636,0.0011807999999999999,4.0200000000000005,4.2
1637,0.0011824,4.0200000000000005,4.2
1638,0.001184,4.04,4.22
1639,0.0011856,4.0600000000000005,4.22
1640,0.0011872,4.0600000000000005,4.24
1641,0.0011888,4.08,4.24
1642,0.0011903999999999997,4.08,4.26
1643,0.0011919999999999997,4.08,4.26
1644,0.0011935999999999997,4.1,4.28
1645,0.0011951999999999998,4.1,4.28
1646,0.0011967999999999998,4.12,4.3
1647,0.0011983999999999999,4.12,4.32
1648,0.0012,4.14,4.32
1649,0.0012016,4.16,4.34
1650,0.0012032,4.16,4.36
1651,0.0012048,4.18,4.38
1652,0.0012064,4.18,4.38
1653,0.0012079999999999997,4.2,4.38
1654,0.0012095999999999997,4.2,4.4
1655,0.0012111999999999997,4.22,4.4
1656,0.0012127999999999998,4.24,4.42
1657,0.0012143999999999998,4.24,4.42
1658,0.0012159999999999999,4.24,4.44
1659,0.0012175999999999999,4.28,4.46
1660,0.0012192,4.28,4.46
1661,0.0012208,4.28,4.46
1662,0.0012224,4.28,4.48
1663,0.001224,4.32,4.5
1664,0.0012255999999999996,4.3,4.5
1665,0.0012271999999999997,4.32,4.5200000000000005
1666,0.0012287999999999997,4.34,4.5200000000000005
1667,0.0012303999999999998,4.34,4.54
1668,0.0012319999999999998,4.36,4.5600000000000005
1669,0.0012335999999999998,4.36,4.5600000000000005
1670,0.0012351999999999999,4.38,4.58
1671,0.0012368,4.38,4.58
1672,0.0012384,4.38,4.58
1673,0.00124,4.4,4.6000000000000005
1674,0.0012416,4.42,4.62
1675,0.0012432,4.42,4.62
1676,0.0012447999999999997,4.44,4.64
1677,0.0012463999999999997,4.44,4.64
1678,0.0012479999999999998,4.46,4.66
1679,0.0012495999999999998,4.46,4.68
1680,0.0012511999999999998,4.48,4.68
1681,0.0012527999999999999,4.5,4.68
1682,0.0012544,4.5,4.7
1683,0.001256,4.5200000000000005,4.72
1684,0.0012576,4.5200000000000005,4.72
1685,0.0012592,4.54,4.74
1686,0.0012608,4.54,4.74
1687,0.0012623999999999997,4.5600000000000005,4.76
1688,0.0012639999999999997,4.5600000000000005,4.76
1689,0.0012655999999999998,4.58,4.78
1690,0.0012671999999999998,4.58,4.78
1691,0.0012687999999999998,4.6000000000000005,4.8
1692,0.0012703999999999999,4.6000000000000005,4.82
1693,0.001272,4.62,4.82
1694,0.0012736,4.62,4.84
1695,0.0012752,4.64,4.84
1696,0.0012768,4.66,4.86
1697,0.0012784,4.66,4.88
1698,0.0012799999999999997,4.68,4.88
1699,0.0012815999999999997,4.68,4.88
1700,0.0012831999999999997,4.7,4.9
1701,0.0012847999999999998,4.72,4.9
1702,0.0012863999999999998,4.72,4.92
1703,0.0012879999999999999,4.72,4.94
1704,0.0012896,4.74,4.94
1705,0.0012912,4.76,4.96
1706,0.0012928,1.52,4.96
1707,0.0012944,0.18,0.04
1708,0.001296,0.1,0.06
1709,0.0012975999999999997,0.08,0.06
1710,0.0012991999999999997,0.08,0.08
1711,0.0013007999999999997,0.08,0.08
1712,0.0013023999999999998,0.1,0.1
1713,0.0013039999999999998,0.1,0.1
1714,0.0013055999999999999,0.1,0.12
1715,0.0013072,0.12,0.12
1716,0.0013088,0.12,0.12
1717,0.0013104,0.14,0.14
1718,0.001312,0.14,0.16
1719,0.0013136,0.14,0.16
1720,0.0013151999999999997,0.16,0.16
1721,0.0013167999999999997,0.16,0.18
1722,0.0013183999999999997,0.18,0.2
1723,0.0013199999999999998,0.2,0.2
1724,0.0013215999999999998,0.2,0.2
1725,0.0013231999999999999,0.2,0.22
1726,0.0013248,0.22,0.22
1727,0.0013264,0.22,0.24
1728,0.001328,0.24,0.24
1729,0.0013296,0.24,0.26
1730,0.0013312,0.24,0.28
1731,0.0013327999999999997,0.26,0.28
1732,0.0013343999999999997,0.26,0.3
1733,0.0013359999999999997,0.28,0.3
1734,0.0013375999999999998,0.3,0.32
1735,0.0013391999999999998,0.32,0.32
1736,0.0013407999999999998,0.32,0.34
1737,0.0013423999999999999,0.32,0.34
1738,0.001344,0.34,0.34
1739,0.0013456,0.34,0.36
1740,0.0013472,0.36,0.38
1741,0.0013488,0.36,0.38
1742,0.0013503999999999996,0.38,0.4
1743,0.0013519999999999997,0.4,0.42
1744,0.0013535999999999997,0.4,0.42
1745,0.0013551999999999998,0.42,0.44
1746,0.0013567999999999998,0.42,0.44
1747,0.0013583999999999998,0.44,0.46
1748,0.0013599999999999999,0.44,0.46
1749,0.0013616,0.46,0.48
1750,0.0013632,0.46,0.48
1751,0.0013648,0.48,0.5
1752,0.0013664,0.48,0.5
1753,0.001368,0.5,0.52
1754,0.0013695999999999997,0.5,0.54
1755,0.0013711999999999997,0.52,0.54
1756,0.0013727999999999998,0.54,0.56
1757,0.0013743999999999998,0.54,0.56
1758,0.0013759999999999998,0.56,0.58
1759,0.0013775999999999999,0.56,0.58
1760,0.0013792,0.58,0.6
1761,0.0013808,0.58,0.6
1762,0.0013824,0.6,0.62
1763,0.001384,0.6,0.64
1764,0.0013856,0.62,0.64
1765,0.0013871999999999997,0.62,0.64
1766,0.0013887999999999997,0.64,0.66
1767,0.0013903999999999998,0.64,0.68
1768,0.0013919999999999998,0.66,0.68
1769,0.0013935999999999998,0.68,0.7000000000000001
1770,0.0013951999999999999,0.68,0.7000000000000001
1771,0.0013968,0.68,0.72
1772,0.0013984,0.72,0.74
1773,0.0014,0.72,0.74
1774,0.0014016,0.72,0.74
1775,0.0014032,0.74,0.76
1776,0.0014047999999999997,0.76,0.78
1777,0.0014063999999999997,0.76,0.78
1778,0.0014079999999999997,0.76,0.8
1779,0.0014095999999999998,0.78,0.8200000000000001
1780,0.0014111999999999998,0.8,0.8200000000000001
1781,0.0014127999999999999,0.8,0.8200000000000001
1782,0.0014144,0.8,0.84
1783,0.001416,0.8200000000000001,0.84
1784,0.0014176,0.84,0.86
1785,0.0014192,0.84,0.88
1786,0.0014208,0.86,0.88
1787,0.0014223999999999997,0.88,0.9
1788,0.0014239999999999997,0.88,0.92
1789,0.0014255999999999997,0.88,0.92
1790,0.0014271999999999998,0.9,0.92
1791,0.0014287999999999998,0.9,0.9400000000000001
1792,0.0014303999999999999,0.9,0.96
1793,0.001432,0.9400000000000001,0.96
1794,0.0014336,0.9400000000000001,0.96
1795,0.0014352,0.96,0.98
1796,0.0014368,0.96,1.0
1797,0.0014384,0.98,1.02
1798,0.0014399999999999997,0.98,1.02
1799,0.0014415999999999997,1.0,1.04
1800,0.0014431999999999997,1.0,1.04
1801,0.0014447999999999998,1.0,1.06
1802,0.0014463999999999998,1.02,1.06
1803,0.0014479999999999999,1.04,1.08
1804,0.0014495999999999999,1.04,1.08
1805,0.0014512,1.06,1.1
1806,0.0014528,1.06,1.1
1807,0.0014544,1.08,1.1
1808,0.001456,1.1,1.12
1809,0.0014575999999999997,1.1,1.1400000000000001
1810,0.0014591999999999997,1.1,1.16
1811,0.0014607999999999997,1.1,1.16
1812,0.0014623999999999998,1.12,1.18
1813,0.0014639999999999998,1.12,1.18
1814,0.0014655999999999998,1.16,1.18
1815,0.0014671999999999999,1.16,1.2
1816,0.0014688,1.18,1.22
1817,0.0014704,1.16,1.22
1818,0.001472,1.18,1.24
1819,0.0014736,1.2,1.24
1820,0.0014751999999999996,1.2,1.26
1821,0.0014767999999999997,1.22,1.28
1822,0.0014783999999999997,1.24,1.3
1823,0.0014799999999999998,1.24,1.3
1824,0.0014815999999999998,1.26,1.32
1825,0.0014831999999999998,1.26,1.32
1826,0.0014847999999999999,1.28,1.32
1827,0.0014864,1.28,1.34
1828,0.001488,1.28,1.36
1829,0.0014896,1.28,1.36
1830,0.0014912,1.3,1.3800000000000001
1831,0.0014927999999999996,1.32,1.36
1832,0.0014943999999999997,1.34,1.3800000000000001
1833,0.0014959999999999997,1.34,1.4000000000000001
1834,0.0014975999999999998,1.36,1.4000000000000001
1835,0.0014991999999999998,1.3800000000000001,1.42
1836,0.0015007999999999998,1.3800000000000001,1.44
1837,0.0015023999999999999,1.3800000000000001,1.46
1838,0.001504,1.4000000000000001,1.46
1839,0.0015056,1.4000000000000001,1.46
1840,0.0015072,1.42,1.48
1841,0.0015088,1.44,1.5
1842,0.0015104,1.44,1.5
1843,0.0015119999999999997,1.46,1.52
1844,0.0015135999999999997,1.46,1.52
1845,0.0015151999999999998,1.48,1.54
1846,0.0015167999999999998,1.48,1.54
1847,0.0015183999999999998,1.5,1.56
1848,0.0015199999999999999,1.5,1.56
1849,0.0015216,1.5,1.58
1850,0.0015232,1.52,1.6
1851,0.0015248,1.54,1.6
1852,0.0015264,1.54,1.62
1853,0.001528,1.54,1.62
1854,0.0015295999999999997,1.58,1.6400000000000001
1855,0.0015311999999999997,1.58,1.6600000000000001
1856,0.0015327999999999997,1.58,1.6600000000000001
1857,0.0015343999999999998,1.6,1.6600000000000001
1858,0.0015359999999999998,1.6,1.68
1859,0.0015375999999999999,1.62,1.7
1860,0.0015392,1.6400000000000001,1.7
1861,0.0015408,1.6400000000000001,1.72
1862,0.0015424,1.6600000000000001,1.72
1863,0.001544,1.6600000000000001,1.74
1864,0.0015456,1.68,1.74
1865,0.0015471999999999997,1.68,1.76
1866,0.0015487999999999997,1.7,1.76
1867,0.0015503999999999997,1.7,1.78
1868,0.0015519999999999998,1.72,1.8
1869,0.0015535999999999998,1.72,1.8
1870,0.0015551999999999999,1.74,1.82
1871,0.0015568,1.74,1.82
1872,0.0015584,1.76,1.84
1873,0.00156,1.76,1.84
1874,0.0015616,1.78,1.86
1875,0.0015632,1.8,1.86
1876,0.0015647999999999997,1.82,1.86
1877,0.0015663999999999997,1.82,1.86
1878,0.0015679999999999997,1.82,1.9000000000000001
1879,0.0015695999999999998,1.84,1.92
1880,0.0015711999999999998,1.84,1.92
1881,0.0015727999999999998,1.86,1.94
1882,0.0015743999999999999,1.86,1.94
1883,0.001576,1.8800000000000001,1.96
1884,0.0015776,1.8800000000000001,1.96
1885,0.0015792,1.9000000000000001,1.98
1886,0.0015808,1.9000000000000001,1.98
1887,0.0015823999999999996,1.92,2.0
1888,0.0015839999999999997,1.94,2.02
1889,0.0015855999999999997,1.94,2.02
1890,0.0015871999999999998,1.96,2.02
1891,0.0015887999999999998,1.96,2.02
1892,0.0015903999999999998,1.96,2.06
1893,0.0015919999999999999,2.0,2.06
1894,0.0015936,2.0,2.08
1895,0.0015952,2.0,2.1
1896,0.0015968,2.02,2.1
1897,0.0015984,2.02,2.12
1898,0.0015999999999999996,2.04,2.12
1899,0.0016015999999999997,2.04,2.14
1900,0.0016031999999999997,2.06,2.14
1901,0.0016047999999999998,2.06,2.16
1902,0.0016063999999999998,2.08,2.18
1903,0.0016079999999999998,2.08,2.18
1904,0.0016095999999999999,2.1,2.18
1905,0.0016112,2.12,2.2
1906,0.0016128,2.12,2.22
1907,0.0016144,2.14,2.24
1908,0.001616,2.14,2.24
1909,0.0016175999999999996,2.16,2.24
1910,0.0016191999999999997,2.16,2.2600000000000002
1911,0.0016207999999999997,2.18,2.2600000000000002
1912,0.0016223999999999998,2.18,2.2800000000000002
1913,0.0016239999999999998,2.2,2.3000000000000003
1914,0.0016255999999999998,2.2,2.2800000000000002
1915,0.0016271999999999999,2.22,2.3000000000000003
1916,0.0016288,2.22,2.32
1917,0.0016304,2.24,2.34
1918,0.001632,2.24,2.34
1919,0.0016336,2.2600000000000002,2.36
1920,0.0016352,2.2800000000000002,2.36
1921,0.0016367999999999997,2.3000000000000003,2.36
1922,0.0016383999999999997,2.2800000000000002,2.38
1923,0.0016399999999999997,2.3000000000000003,2.4
1924,0.0016415999999999998,2.32,2.42
1925,0.0016431999999999998,2.3000000000000003,2.42
1926,0.0016447999999999999,2.32,2.44
1927,0.0016464,2.34,2.44
1928,0.001648,2.36,2.46
1929,0.0016496,2.36,2.46
1930,0.0016512,2.38,2.48
1931,0.0016528,2.38,2.48
1932,0.0016543999999999997,2.4,2.5
1933,0.0016559999999999997,2.4,2.52
1934,0.0016575999999999997,2.42,2.5
1935,0.0016591999999999998,2.42,2.54
1936,0.0016607999999999998,2.44,2.54
1937,0.0016623999999999999,2.46,2.54
1938,0.001664,2.46,2.56
1939,0.0016656,2.46,2.58
1940,0.0016672,2.48,2.6
1941,0.0016688,2.48,2.6
1942,0.0016704,2.5,2.6
1943,0.0016719999999999997,2.5,2.62
1944,0.0016735999999999997,2.52,2.62
1945,0.0016751999999999997,2.52,2.64
1946,0.0016767999999999998,2.52,2.64
1947,0.0016783999999999998,2.54,2.66
1948,0.0016799999999999999,2.54,2.66
1949,0.0016816,2.56,2.68
1950,0.0016832,2.58,2.7
1951,0.0016848,2.58,2.72
1952,0.0016864,2.58,2.7
1953,0.001688,2.6,2.72
1954,0.0016895999999999997,2.62,2.74
1955,0.0016911999999999997,2.62,2.74
1956,0.0016927999999999997,2.62,2.7600000000000002
1957,0.0016943999999999998,2.64,2.7600000000000002
1958,0.0016959999999999998,2.66,2.7800000000000002
1959,0.0016975999999999998,2.66,2.7800000000000002
1960,0.0016991999999999999,2.68,2.8000000000000003
1961,0.0017008,2.68,2.8000000000000003
1962,0.0017024,2.7,2.82
1963,0.001704,2.7,2.82
1964,0.0017056,2.72,2.84
1965,0.0017071999999999996,2.74,2.84
1966,0.0017087999999999997,2.74,2.88
1967,0.0017103999999999997,2.7600000000000002,2.86
1968,0.0017119999999999998,2.7600000000000002,2.88
1969,0.0017135999999999998,2.7800000000000002,2.9
1970,0.0017151999999999998,2.7800000000000002,2.9
1971,0.0017167999999999999,2.8000000000000003,2.92
1972,0.0017184,2.8000000000000003,2.92
1973,0.00172,2.82,2.94
1974,0.0017216,2.82,2.94
1975,0.0017232,2.84,2.96
1976,0.0017247999999999996,2.84,2.96
1977,0.0017263999999999997,2.86,2.98
1978,0.0017279999999999997,2.86,3.0
1979,0.0017295999999999998,2.86,3.0
1980,0.0017311999999999998,2.9,3.02
1981,0.0017327999999999998,2.9,3.02
1982,0.0017343999999999999,2.92,3.04
1983,0.001736,2.92,3.06
1984,0.0017376,2.92,3.06
1985,0.0017392,2.94,3.08
1986,0.0017408,2.94,3.1
1987,0.0017423999999999996,2.96,3.08
1988,0.0017439999999999997,2.96,3.1
1989,0.0017455999999999997,2.98,3.12
1990,0.0017471999999999998,3.0,3.12
1991,0.0017487999999999998,3.0,3.14
1992,0.0017503999999999998,3.02,3.14
1993,0.0017519999999999999,3.04,3.16
1994,0.0017536,3.04,3.18
1995,0.0017552,3.04,3.18
1996,0.0017568,3.06,3.18
1997,0.0017584,3.08,3.2
1998,0.0017599999999999996,3.08,3.22
1999,0.0017615999999999997,3.1,3.22
