,time,v1,v2
0,2.4e-06,1.22,1.32
1,2.56e-06,1.24,1.34
2,2.72e-06,1.24,1.36
3,2.88e-06,1.26,1.3800000000000001
4,3.0399999999999997e-06,1.26,1.3800000000000001
5,3.2e-06,1.28,1.4000000000000001
6,3.36e-06,1.3,1.42
7,3.52e-06,1.3,1.44
8,3.68e-06,1.32,1.44
9,3.84e-06,1.32,1.44
10,4e-06,1.36,1.48
11,4.16e-06,1.36,1.5
12,4.32e-06,1.3800000000000001,1.5
13,4.4799999999999995e-06,1.4000000000000001,1.52
14,4.64e-06,1.42,1.52
15,4.8e-06,1.42,1.54
16,4.96e-06,1.44,1.56
17,5.12e-06,1.44,1.58
18,5.28e-06,1.46,1.6
19,5.4400000000000004e-06,1.48,1.6
20,5.6e-06,1.5,1.62
21,5.76e-06,1.5,1.6400000000000001
22,5.92e-06,1.52,1.6600000000000001
23,6.079999999999999e-06,1.54,1.6600000000000001
24,6.24e-06,1.56,1.68
25,6.4e-06,1.56,1.7
26,6.56e-06,1.58,1.72
27,6.72e-06,1.6,1.72
28,6.88e-06,1.6,1.74
29,7.04e-06,1.6400000000000001,1.76
30,7.2e-06,1.6400000000000001,1.76
31,7.36e-06,1.6600000000000001,1.78
32,7.52e-06,1.6600000000000001,1.78
33,7.680000000000001e-06,1.68,1.8
34,7.84e-06,1.7,1.84
35,8e-06,1.72,1.82
36,8.16e-06,1.74,1.86
37,8.32e-06,1.74,1.8800000000000001
38,8.48e-06,1.76,1.9000000000000001
39,8.64e-06,1.78,1.92
40,8.8e-06,1.78,1.92
41,8.959999999999999e-06,1.8,1.94
42,9.12e-06,1.82,1.96
43,9.28e-06,1.84,1.96
44,9.440000000000001e-06,1.84,1.98
45,9.6e-06,1.86,2.0
46,9.76e-06,1.8800000000000001,2.02
47,9.92e-06,1.8800000000000001,2.04
48,1.0080000000000002e-05,1.9000000000000001,2.04
49,1.024e-05,1.9000000000000001,2.04
50,1.0399999999999999e-05,1.94,2.08
51,1.056e-05,1.94,2.08
52,1.0719999999999999e-05,1.96,2.1
53,1.0880000000000001e-05,1.98,2.1
54,1.104e-05,2.0,2.14
55,1.1200000000000001e-05,2.0,2.14
56,1.136e-05,2.02,2.16
57,1.1520000000000002e-05,2.02,2.18
58,1.168e-05,2.04,2.2
59,1.1839999999999998e-05,2.06,2.2
60,1.2e-05,2.08,2.22
61,1.2159999999999999e-05,2.1,2.24
62,1.232e-05,2.12,2.2600000000000002
63,1.2479999999999999e-05,2.12,2.2600000000000002
64,1.2640000000000001e-05,2.14,2.2800000000000002
65,1.28e-05,2.14,2.3000000000000003
66,1.2960000000000001e-05,2.16,2.3000000000000003
67,1.312e-05,2.18,2.34
68,1.3280000000000002e-05,2.2,2.36
69,1.344e-05,2.2,2.36
70,1.3599999999999999e-05,2.22,2.38
71,1.376e-05,2.24,2.4
72,1.3919999999999999e-05,2.2600000000000002,2.4
73,1.408e-05,2.2600000000000002,2.42
74,1.424e-05,2.2800000000000002,2.44
75,1.4400000000000001e-05,2.3000000000000003,2.46
76,1.456e-05,2.32,2.46
77,1.4720000000000001e-05,2.32,2.48
78,1.488e-05,2.32,2.5
79,1.5040000000000002e-05,2.36,2.5
80,1.52e-05,2.36,2.52
81,1.536e-05,2.38,2.54
82,1.552e-05,2.4,2.54
83,1.568e-05,2.42,2.56
84,1.584e-05,2.42,2.58
85,1.6e-05,2.44,2.6
86,1.616e-05,2.44,2.62
87,1.632e-05,2.46,2.62
88,1.648e-05,2.48,2.64
89,1.664e-05,2.48,2.68
90,1.6800000000000002e-05,2.5,2.68
91,1.696e-05,2.52,2.7
92,1.712e-05,2.54,2.7
93,1.728e-05,2.56,2.72
94,1.744e-05,2.56,2.74
95,1.76e-05,2.56,2.74
96,1.7760000000000003e-05,2.58,2.7600000000000002
97,1.792e-05,2.6,2.8000000000000003
98,1.808e-05,2.62,2.8000000000000003
99,1.824e-05,2.62,2.8000000000000003
100,1.84e-05,2.64,2.82
101,1.8560000000000002e-05,2.66,2.84
102,1.872e-05,2.66,2.86
103,1.8880000000000002e-05,2.68,2.88
104,1.904e-05,2.72,2.88
105,1.9200000000000003e-05,2.72,2.9
106,1.936e-05,2.72,2.92
107,1.952e-05,2.7600000000000002,2.94
108,1.968e-05,2.7600000000000002,2.94
109,1.984e-05,2.7800000000000002,2.96
110,2e-05,2.8000000000000003,2.98
111,2.016e-05,2.8000000000000003,3.0
112,2.0320000000000002e-05,2.82,3.02
113,2.048e-05,2.82,3.02
114,2.0640000000000002e-05,2.84,3.04
115,2.08e-05,2.86,3.06
116,2.0960000000000003e-05,2.88,3.06
117,2.112e-05,2.88,3.1
118,2.128e-05,2.9,3.1
119,2.144e-05,2.92,3.12
120,2.16e-05,2.94,3.14
121,2.1760000000000002e-05,2.94,3.16
122,2.192e-05,2.98,3.16
123,2.2080000000000002e-05,2.98,3.18
124,2.224e-05,3.0,3.2
125,2.2400000000000002e-05,3.0,3.2
126,2.256e-05,3.02,3.22
127,2.2720000000000003e-05,3.04,3.24
128,2.288e-05,3.04,3.2600000000000002
129,2.304e-05,3.06,3.2800000000000002
130,2.32e-05,3.08,3.2800000000000002
131,2.336e-05,3.1,3.3000000000000003
132,2.3520000000000002e-05,3.12,3.3200000000000003
133,2.368e-05,3.12,3.34
134,2.3840000000000002e-05,3.14,3.36
135,2.4e-05,3.16,3.36
136,2.4160000000000002e-05,3.18,3.38
137,2.432e-05,3.18,3.4
138,2.4480000000000003e-05,3.2,3.42
139,2.464e-05,3.22,3.42
140,2.48e-05,3.22,3.44
141,2.496e-05,3.24,3.46
142,2.512e-05,3.2600000000000002,3.48
143,2.5280000000000002e-05,3.2800000000000002,3.5
144,2.544e-05,3.3000000000000003,3.5
145,2.5600000000000002e-05,3.3000000000000003,3.52
146,2.576e-05,3.3200000000000003,3.54
147,2.5920000000000003e-05,3.34,3.54
148,2.608e-05,3.34,3.56
149,2.6240000000000003e-05,3.36,3.58
150,2.64e-05,3.38,3.6
151,2.656e-05,3.4,3.6
152,2.672e-05,3.4,3.64
153,2.688e-05,3.42,3.64
154,2.7040000000000002e-05,3.44,3.66
155,2.72e-05,3.46,3.68
156,2.7360000000000002e-05,3.46,3.68
157,2.752e-05,3.5,3.7
158,2.7680000000000003e-05,3.5,3.72
159,2.784e-05,3.5,3.74
160,2.8e-05,3.52,3.74
161,2.816e-05,3.54,3.7600000000000002
162,2.832e-05,3.56,3.7800000000000002
163,2.8480000000000002e-05,3.56,3.8000000000000003
164,2.864e-05,3.58,3.8200000000000003
165,2.8800000000000002e-05,3.6,3.8200000000000003
166,2.896e-05,3.6,3.84
167,2.9120000000000002e-05,3.62,3.86
168,2.928e-05,3.64,3.88
169,2.9440000000000003e-05,3.66,3.9
170,2.96e-05,3.68,3.9
171,2.976e-05,3.68,3.92
172,2.992e-05,3.7,3.94
173,3.008e-05,3.72,3.96
174,3.0240000000000002e-05,3.72,3.98
175,3.04e-05,3.74,3.98
176,3.056e-05,3.7600000000000002,3.98
177,3.072e-05,3.7600000000000002,4.0
178,3.088e-05,3.8000000000000003,4.0200000000000005
179,3.104e-05,3.8000000000000003,4.04
180,3.12e-05,3.8200000000000003,4.0600000000000005
181,3.136e-05,3.8200000000000003,4.0600000000000005
182,3.1519999999999996e-05,3.84,4.08
183,3.168e-05,3.88,4.1
184,3.184e-05,3.88,4.12
185,3.2e-05,3.88,4.14
186,3.216e-05,3.9,4.14
187,3.232e-05,3.92,4.16
188,3.248e-05,3.94,4.18
189,3.264e-05,3.94,4.2
190,3.28e-05,3.96,4.2
191,3.2959999999999996e-05,3.98,4.22
192,3.312e-05,4.0,4.24
193,3.328e-05,4.0200000000000005,4.26
194,3.344e-05,4.0200000000000005,4.26
195,3.36e-05,4.04,4.28
196,3.3759999999999995e-05,4.0600000000000005,4.3
197,3.392e-05,4.0600000000000005,4.3
198,3.408e-05,4.08,4.32
199,3.424e-05,4.1,4.34
200,3.4399999999999996e-05,4.1,4.36
201,3.456e-05,4.12,4.38
202,3.472e-05,4.14,4.38
203,3.488e-05,4.14,4.42
204,3.5039999999999997e-05,4.16,4.42
205,3.5199999999999995e-05,4.18,4.44
206,3.536e-05,4.22,4.46
207,3.552e-05,4.22,4.48
208,3.568e-05,4.24,4.48
209,3.5839999999999996e-05,4.26,4.5
210,3.6e-05,4.26,4.5200000000000005
211,3.616e-05,4.28,4.54
212,3.632e-05,4.28,4.5600000000000005
213,3.6479999999999996e-05,4.3,4.5600000000000005
214,3.6639999999999995e-05,4.32,4.58
215,3.68e-05,4.34,4.6000000000000005
216,3.696e-05,4.34,4.62
217,3.712e-05,4.36,4.62
218,3.7279999999999995e-05,4.38,4.64
219,3.744e-05,4.38,4.66
220,3.76e-05,4.4,4.66
221,3.776e-05,4.44,4.68
222,3.7919999999999996e-05,4.44,4.7
223,3.808e-05,4.46,4.72
224,3.824e-05,4.46,4.74
225,3.84e-05,4.48,4.74
226,3.856e-05,4.5,4.76
227,3.8719999999999995e-05,4.5200000000000005,4.78
228,3.888e-05,4.5200000000000005,4.8
229,3.904e-05,4.54,4.8
230,3.92e-05,4.5600000000000005,4.82
231,3.9359999999999996e-05,4.5600000000000005,4.84
232,3.952e-05,4.58,4.84
233,3.968e-05,4.6000000000000005,4.88
234,3.984e-05,4.62,4.88
235,3.9999999999999996e-05,4.62,4.9
236,4.0159999999999995e-05,4.64,4.92
237,4.032e-05,4.66,4.94
238,4.048e-05,4.68,4.94
239,4.064e-05,4.7,0.9
240,4.0799999999999996e-05,3.6,0.1
241,4.096e-05,2.68,0.08
242,4.112e-05,2.04,0.1
243,4.128e-05,1.56,0.1
244,4.1439999999999996e-05,1.2,0.12
245,4.16e-05,0.9400000000000001,0.12
246,4.176e-05,0.76,0.14
247,4.192e-05,0.6,0.16
248,4.208e-05,0.52,0.16
249,4.2239999999999995e-05,0.44,0.18
250,4.24e-05,0.4,0.2
251,4.256e-05,0.36,0.22
252,4.272e-05,0.34,0.22
253,4.2879999999999996e-05,0.32,0.24
254,4.304e-05,0.3,0.26
255,4.32e-05,0.3,0.28
256,4.336e-05,0.3,0.28
257,4.352e-05,0.3,0.3
258,4.3679999999999995e-05,0.3,0.32
259,4.384e-05,0.32,0.34
260,4.4e-05,0.32,0.34
261,4.416e-05,0.34,0.36
262,4.4319999999999996e-05,0.34,0.38
263,4.448e-05,0.36,0.4
264,4.464e-05,0.36,0.4
265,4.48e-05,0.38,0.42
266,4.4959999999999996e-05,0.38,0.44
267,4.5119999999999995e-05,0.4,0.44
268,4.528e-05,0.42,0.46
269,4.544e-05,0.42,0.48
270,4.56e-05,0.44,0.5
271,4.5759999999999996e-05,0.46,0.52
272,4.592e-05,0.46,0.52
273,4.608e-05,0.48,0.54
274,4.624e-05,0.5,0.56
275,4.6399999999999996e-05,0.5,0.58
276,4.656e-05,0.52,0.6
277,4.672e-05,0.54,0.6
278,4.688e-05,0.54,0.62
279,4.704e-05,0.58,0.64
280,4.7199999999999995e-05,0.58,0.66
281,4.736e-05,0.6,0.66
282,4.752e-05,0.6,0.68
283,4.768e-05,0.62,0.7000000000000001
284,4.7839999999999996e-05,0.64,0.72
285,4.8e-05,0.66,0.72
286,4.816e-05,0.66,0.74
287,4.832e-05,0.68,0.76
288,4.848e-05,0.7000000000000001,0.78
289,4.8639999999999995e-05,0.72,0.8
290,4.88e-05,0.72,0.8200000000000001
291,4.896e-05,0.74,0.8200000000000001
292,4.912e-05,0.76,0.84
293,4.9279999999999996e-05,0.78,0.86
294,4.944e-05,0.78,0.86
295,4.96e-05,0.8,0.88
296,4.976e-05,0.8200000000000001,0.9
297,4.9919999999999996e-05,0.8200000000000001,0.92
298,5.008e-05,0.84,0.9400000000000001
299,5.024e-05,0.86,0.9400000000000001
300,5.04e-05,0.86,0.96
301,5.056e-05,0.9,0.98
302,5.0719999999999996e-05,0.9,0.98
303,5.088e-05,0.92,1.0
304,5.104e-05,0.92,1.02
305,5.12e-05,0.9400000000000001,1.04
306,5.1359999999999996e-05,0.96,1.06
307,5.152e-05,0.96,1.06
308,5.168e-05,0.98,1.08
309,5.184e-05,1.0,1.1
310,5.2e-05,1.02,1.12
311,5.2159999999999995e-05,1.04,1.12
312,5.232e-05,1.04,1.1400000000000001
313,5.248e-05,1.06,1.16
314,5.264e-05,1.06,1.18
315,5.2799999999999996e-05,1.08,1.18
316,5.296e-05,1.1,1.18
317,5.312e-05,1.12,1.22
318,5.328e-05,1.1400000000000001,1.24
319,5.3439999999999997e-05,1.1400000000000001,1.24
320,5.3599999999999995e-05,1.16,1.26
321,5.376e-05,1.16,1.28
322,5.392e-05,1.18,1.3
323,5.408e-05,1.2,1.32
324,5.4239999999999996e-05,1.22,1.32
325,5.44e-05,1.24,1.34
326,5.456e-05,1.24,1.36
327,5.472e-05,1.26,1.3800000000000001
328,5.4879999999999996e-05,1.26,1.3800000000000001
329,5.504e-05,1.28,1.4000000000000001
330,5.52e-05,1.3,1.42
331,5.536e-05,1.32,1.44
332,5.552e-05,1.32,1.44
333,5.5679999999999995e-05,1.34,1.44
334,5.584e-05,1.36,1.46
335,5.6e-05,1.3800000000000001,1.5
336,5.616e-05,1.3800000000000001,1.5
337,5.6319999999999996e-05,1.4000000000000001,1.52
338,5.648e-05,1.42,1.54
339,5.664e-05,1.42,1.56
340,5.68e-05,1.44,1.56
341,5.696e-05,1.44,1.58
342,5.7119999999999995e-05,1.46,1.6
343,5.728e-05,1.48,1.6
344,5.744e-05,1.5,1.62
345,5.76e-05,1.52,1.6400000000000001
346,5.7759999999999996e-05,1.54,1.6600000000000001
347,5.792e-05,1.54,1.68
348,5.808e-05,1.56,1.68
349,5.824e-05,1.58,1.7
350,5.8399999999999997e-05,1.58,1.72
351,5.856e-05,1.6,1.72
352,5.872e-05,1.62,1.74
353,5.888e-05,1.6400000000000001,1.76
354,5.904e-05,1.6400000000000001,1.78
355,5.9199999999999996e-05,1.6600000000000001,1.78
356,5.936e-05,1.6600000000000001,1.8
357,5.952e-05,1.68,1.82
358,5.968e-05,1.7,1.84
359,5.9839999999999996e-05,1.7,1.84
360,6e-05,1.72,1.86
361,6.016e-05,1.74,1.8800000000000001
362,6.032e-05,1.74,1.9000000000000001
363,6.048e-05,1.78,1.9000000000000001
364,6.0639999999999995e-05,1.8,1.92
365,6.08e-05,1.8,1.94
366,6.096e-05,1.82,1.96
367,6.112e-05,1.84,1.96
368,6.128e-05,1.84,1.98
369,6.144000000000001e-05,1.86,2.0
370,6.16e-05,1.86,2.02
371,6.176e-05,1.8800000000000001,2.04
372,6.192e-05,1.9000000000000001,2.04
373,6.208e-05,1.92,2.06
374,6.224e-05,1.94,2.06
375,6.24e-05,1.96,2.08
376,6.256e-05,1.96,2.1
377,6.272e-05,1.98,2.12
378,6.288000000000001e-05,2.0,2.14
379,6.304e-05,2.0,2.16
380,6.32e-05,2.02,2.18
381,6.336e-05,2.04,2.18
382,6.352e-05,2.06,2.2
383,6.368e-05,2.06,2.22
384,6.384000000000001e-05,2.08,2.22
385,6.400000000000001e-05,2.1,2.24
386,6.416000000000001e-05,2.12,2.2600000000000002
387,6.432000000000001e-05,2.12,2.2800000000000002
388,6.448e-05,2.14,2.3000000000000003
389,6.464e-05,2.16,2.3000000000000003
390,6.48e-05,2.18,2.32
391,6.496e-05,2.16,2.34
392,6.512e-05,2.2,2.36
393,6.528000000000001e-05,2.22,2.36
394,6.544000000000001e-05,2.22,2.38
395,6.560000000000001e-05,2.24,2.4
396,6.576000000000001e-05,2.2600000000000002,2.42
397,6.592e-05,2.2600000000000002,2.42
398,6.608e-05,2.2800000000000002,2.44
399,6.624e-05,2.3000000000000003,2.46
400,6.64e-05,2.32,2.46
401,6.656e-05,2.34,2.5
402,6.672000000000001e-05,2.34,2.5
403,6.688000000000001e-05,2.36,2.52
404,6.704000000000001e-05,2.38,2.52
405,6.720000000000001e-05,2.38,2.54
406,6.736e-05,2.4,2.56
407,6.752e-05,2.42,2.58
408,6.768e-05,2.42,2.6
409,6.784e-05,2.44,2.6
410,6.8e-05,2.46,2.62
411,6.816000000000001e-05,2.46,2.62
412,6.832000000000001e-05,2.48,2.64
413,6.848000000000001e-05,2.5,2.66
414,6.864000000000001e-05,2.52,2.68
415,6.88e-05,2.52,2.7
416,6.896e-05,2.54,2.7
417,6.912e-05,2.54,2.74
418,6.928e-05,2.56,2.74
419,6.944e-05,2.58,2.7600000000000002
420,6.960000000000001e-05,2.58,2.7600000000000002
421,6.976000000000001e-05,2.6,2.7800000000000002
422,6.992000000000001e-05,2.62,2.82
423,7.008e-05,2.62,2.8000000000000003
424,7.024e-05,2.64,2.82
425,7.04e-05,2.66,2.84
426,7.056e-05,2.68,2.86
427,7.072e-05,2.7,2.88
428,7.088e-05,2.7,2.9
429,7.104000000000001e-05,2.72,2.9
430,7.120000000000001e-05,2.7600000000000002,2.92
431,7.136000000000001e-05,2.7600000000000002,2.92
432,7.152e-05,2.7600000000000002,2.96
433,7.168e-05,2.7800000000000002,2.96
434,7.184e-05,2.8000000000000003,2.98
435,7.2e-05,2.8000000000000003,3.0
436,7.216e-05,2.82,3.02
437,7.232000000000001e-05,2.84,3.02
438,7.248000000000001e-05,2.86,3.04
439,7.264000000000001e-05,2.86,3.06
440,7.280000000000001e-05,2.9,3.08
441,7.296e-05,2.9,3.08
442,7.312e-05,2.92,3.1
443,7.328e-05,2.92,3.12
444,7.344e-05,2.96,3.14
445,7.36e-05,2.96,3.14
446,7.376000000000001e-05,2.98,3.16
447,7.392000000000001e-05,2.98,3.18
448,7.408000000000001e-05,3.0,3.22
449,7.424000000000001e-05,3.02,3.2
450,7.44e-05,3.02,3.22
451,7.456e-05,3.06,3.24
452,7.472e-05,3.06,3.2800000000000002
453,7.488e-05,3.06,3.2800000000000002
454,7.504e-05,3.1,3.3000000000000003
455,7.520000000000001e-05,3.1,3.3000000000000003
456,7.536000000000001e-05,3.12,3.3200000000000003
457,7.552000000000001e-05,3.14,3.34
458,7.568000000000001e-05,3.14,3.34
459,7.584e-05,3.16,3.38
460,7.6e-05,3.18,3.38
461,7.616e-05,3.2,3.4
462,7.632e-05,3.2,3.42
463,7.648e-05,3.22,3.42
464,7.664000000000001e-05,3.24,3.44
465,7.680000000000001e-05,3.2600000000000002,3.46
466,7.696000000000001e-05,3.2600000000000002,3.46
467,7.712000000000001e-05,3.2800000000000002,3.5
468,7.728e-05,3.3000000000000003,3.5
469,7.744e-05,3.3200000000000003,3.52
470,7.76e-05,3.34,3.54
471,7.776e-05,3.34,3.54
472,7.792e-05,3.36,3.56
473,7.808000000000001e-05,3.36,3.58
474,7.824000000000001e-05,3.38,3.6
475,7.840000000000001e-05,3.4,3.6
476,7.856000000000001e-05,3.44,3.62
477,7.872e-05,3.42,3.64
478,7.888e-05,3.44,3.66
479,7.904e-05,3.46,3.66
480,7.92e-05,3.48,3.7
481,7.936e-05,3.48,3.7
482,7.952000000000001e-05,3.5,3.72
483,7.968000000000001e-05,3.52,3.74
484,7.984000000000001e-05,3.52,3.74
485,8e-05,3.54,3.7600000000000002
486,8.016e-05,3.56,3.7800000000000002
487,8.032e-05,3.58,3.8000000000000003
488,8.048e-05,3.58,3.8200000000000003
489,8.064e-05,3.62,3.8200000000000003
490,8.080000000000001e-05,3.62,3.84
491,8.096000000000001e-05,3.64,3.86
492,8.112000000000001e-05,3.64,3.88
493,8.128000000000001e-05,3.66,3.88
494,8.144e-05,3.68,3.9
495,8.16e-05,3.68,3.92
496,8.176e-05,3.7,3.94
497,8.192e-05,3.72,3.94
498,8.208e-05,3.74,3.96
499,8.224000000000001e-05,3.7600000000000002,3.98
500,8.240000000000001e-05,3.7600000000000002,4.0
501,8.256000000000001e-05,3.8000000000000003,4.0
502,8.272000000000001e-05,3.8200000000000003,4.0200000000000005
503,8.288e-05,3.8200000000000003,4.04
504,8.304e-05,3.8200000000000003,4.0600000000000005
505,8.32e-05,3.86,4.0600000000000005
506,8.336e-05,3.84,4.08
507,8.352e-05,3.88,4.1
508,8.368000000000001e-05,3.88,4.12
509,8.384000000000001e-05,3.9,4.14
510,8.400000000000001e-05,3.92,4.14
511,8.416000000000001e-05,3.92,4.16
512,8.432e-05,3.96,4.18
513,8.448e-05,3.96,4.2
514,8.464e-05,3.98,4.2
515,8.48e-05,3.98,4.24
516,8.496e-05,4.0,4.24
517,8.512000000000001e-05,4.0200000000000005,4.26
518,8.528000000000001e-05,4.04,4.28
519,8.544000000000001e-05,4.04,4.3
520,8.560000000000001e-05,4.0600000000000005,4.3
521,8.576e-05,4.08,4.32
522,8.592e-05,4.1,4.34
523,8.608e-05,4.1,4.36
524,8.624e-05,4.12,4.36
525,8.64e-05,4.14,4.38
526,8.656000000000001e-05,4.14,4.4
527,8.672000000000001e-05,4.16,4.4
528,8.688000000000001e-05,4.18,4.42
529,8.704000000000001e-05,4.2,4.46
530,8.72e-05,4.22,4.46
531,8.736e-05,4.22,4.48
532,8.752e-05,4.24,4.5
533,8.768e-05,4.24,4.5
534,8.784e-05,4.26,4.5200000000000005
535,8.800000000000001e-05,4.28,4.54
536,8.816000000000001e-05,4.3,4.5600000000000005
537,8.832000000000001e-05,4.3,4.5600000000000005
538,8.848e-05,4.32,4.58
539,8.864e-05,4.34,4.6000000000000005
540,8.88e-05,4.36,4.6000000000000005
541,8.896e-05,4.38,4.64
542,8.912e-05,4.38,4.64
543,8.928000000000001e-05,4.4,4.66
544,8.944000000000001e-05,4.4,4.68
545,8.960000000000001e-05,4.42,4.68
546,8.976000000000001e-05,4.44,4.7
547,8.992e-05,4.46,4.72
548,9.008e-05,4.48,4.74
549,9.024e-05,4.48,4.76
550,9.04e-05,4.5,4.76
551,9.056e-05,4.5200000000000005,4.78
552,9.072000000000001e-05,4.54,4.8
553,9.088000000000001e-05,4.5600000000000005,4.82
554,9.104000000000001e-05,4.5600000000000005,4.82
555,9.120000000000001e-05,4.58,4.84
556,9.136e-05,4.58,4.86
557,9.152e-05,4.6000000000000005,4.88
558,9.168e-05,4.62,4.88
559,9.184e-05,4.62,4.9
560,9.2e-05,4.64,4.92
561,9.216000000000001e-05,4.66,4.94
562,9.232000000000001e-05,4.68,4.94
563,9.248000000000001e-05,4.5600000000000005,0.32
564,9.264000000000001e-05,3.34,0.08
565,9.28e-05,2.5,0.1
566,9.296e-05,1.9000000000000001,0.1
567,9.312e-05,1.46,0.1
568,9.328e-05,1.1400000000000001,0.12
569,9.344e-05,0.88,0.12
570,9.360000000000001e-05,0.72,0.14
571,9.376000000000001e-05,0.6,0.16
572,9.392000000000001e-05,0.5,0.16
573,9.408000000000001e-05,0.44,0.16
574,9.424e-05,0.38,0.2
575,9.44e-05,0.36,0.22
576,9.456e-05,0.32,0.22
577,9.472e-05,0.32,0.24
578,9.488e-05,0.3,0.26
579,9.504000000000001e-05,0.3,0.28
580,9.520000000000001e-05,0.3,0.28
581,9.536000000000001e-05,0.3,0.3
582,9.552000000000001e-05,0.3,0.32
583,9.568e-05,0.32,0.34
584,9.584e-05,0.32,0.34
585,9.6e-05,0.34,0.36
586,9.616e-05,0.34,0.38
587,9.632e-05,0.36,0.4
588,9.648000000000001e-05,0.36,0.4
589,9.664000000000001e-05,0.38,0.42
590,9.680000000000001e-05,0.4,0.44
591,9.696000000000001e-05,0.4,0.46
592,9.712e-05,0.42,0.46
593,9.728e-05,0.44,0.48
594,9.744e-05,0.46,0.5
595,9.76e-05,0.46,0.52
596,9.776000000000001e-05,0.46,0.54
597,9.792000000000001e-05,0.48,0.54
598,9.808000000000001e-05,0.5,0.58
599,9.824000000000001e-05,0.52,0.58
600,9.84e-05,0.54,0.58
601,9.856e-05,0.54,0.6
602,9.872e-05,0.56,0.62
603,9.888e-05,0.58,0.64
604,9.904e-05,0.58,0.64
605,9.920000000000001e-05,0.6,0.66
606,9.936000000000001e-05,0.62,0.68
607,9.952000000000001e-05,0.62,0.7000000000000001
608,9.968000000000001e-05,0.64,0.72
609,9.984e-05,0.64,0.74
610,0.0001,0.68,0.74
611,0.00010016,0.7000000000000001,0.76
612,0.00010032,0.7000000000000001,0.76
613,0.00010048,0.72,0.8
614,0.00010064000000000001,0.74,0.8200000000000001
615,0.00010080000000000001,0.76,0.8200000000000001
616,0.00010096000000000001,0.76,0.84
617,0.00010112000000000001,0.78,0.86
618,0.00010128,0.8,0.88
619,0.00010144,0.8,0.9
620,0.0001016,0.8200000000000001,0.9
621,0.00010176,0.84,0.92
622,0.00010192,0.84,0.92
623,0.00010208000000000001,0.86,0.96
624,0.00010224000000000001,0.88,0.96
625,0.00010240000000000001,0.88,0.98
626,0.00010256000000000001,0.9,0.98
627,0.00010272,0.92,1.0
628,0.00010288,0.9400000000000001,1.02
629,0.00010304,0.9400000000000001,1.04
630,0.0001032,0.96,1.06
631,0.00010336,0.98,1.08
632,0.00010352000000000001,1.0,1.08
633,0.00010368000000000001,1.0,1.1
634,0.00010384000000000001,1.02,1.1
635,0.00010400000000000001,1.02,1.12
636,0.00010416,1.04,1.1400000000000001
637,0.00010432,1.06,1.16
638,0.00010448,1.08,1.18
639,0.00010464,1.08,1.2
640,0.0001048,1.1,1.2
641,0.00010496000000000001,1.12,1.22
642,0.00010512000000000001,1.1400000000000001,1.22
643,0.00010528000000000001,1.1400000000000001,1.26
644,0.00010544000000000001,1.16,1.24
645,0.0001056,1.18,1.26
646,0.00010576,1.2,1.3
647,0.00010592,1.2,1.32
648,0.00010608,1.22,1.34
649,0.00010624000000000001,1.24,1.34
650,0.00010640000000000001,1.24,1.36
651,0.00010656000000000001,1.26,1.3800000000000001
652,0.00010672000000000001,1.28,1.4000000000000001
653,0.00010688,1.28,1.4000000000000001
654,0.00010704,1.28,1.42
655,0.0001072,1.32,1.44
656,0.00010736,1.32,1.44
657,0.00010752,1.34,1.46
658,0.00010768000000000001,1.36,1.46
659,0.00010784000000000001,1.36,1.48
660,0.00010800000000000001,1.3800000000000001,1.5
661,0.00010816000000000001,1.4000000000000001,1.52
662,0.00010832,1.42,1.54
663,0.00010848,1.42,1.56
664,0.00010864,1.44,1.58
665,0.0001088,1.46,1.58
666,0.00010896,1.48,1.6
667,0.00010912000000000001,1.5,1.62
668,0.00010928000000000001,1.5,1.62
669,0.00010944000000000001,1.52,1.6400000000000001
670,0.00010960000000000001,1.54,1.6600000000000001
671,0.00010976,1.54,1.6600000000000001
672,0.00010992,1.56,1.68
673,0.00011008,1.58,1.68
674,0.00011024,1.58,1.72
675,0.0001104,1.6,1.74
676,0.00011056000000000001,1.62,1.74
677,0.00011072000000000001,1.6400000000000001,1.76
678,0.00011088000000000001,1.6400000000000001,1.78
679,0.00011104000000000001,1.6400000000000001,1.8
680,0.0001112,1.6600000000000001,1.8
681,0.00011136,1.68,1.82
682,0.00011152,1.7,1.84
683,0.00011168,1.72,1.86
684,0.00011184,1.74,1.8800000000000001
685,0.00011200000000000001,1.74,1.8800000000000001
686,0.00011216000000000001,1.76,1.8800000000000001
687,0.00011232000000000001,1.78,1.92
688,0.00011248000000000001,1.8,1.94
689,0.00011264,1.8,1.94
690,0.0001128,1.82,1.96
691,0.00011296,1.84,1.98
692,0.00011312,1.84,2.0
693,0.00011328000000000001,1.86,2.0
694,0.00011344000000000001,1.8800000000000001,2.02
695,0.00011360000000000001,1.8800000000000001,2.02
696,0.00011376000000000001,1.9000000000000001,2.04
697,0.00011392000000000001,1.92,2.06
698,0.00011408,1.94,2.08
699,0.00011424,1.96,2.08
700,0.0001144,1.96,2.12
701,0.00011456,1.98,2.12
702,0.00011472000000000001,1.98,2.14
703,0.00011488000000000001,2.0,2.14
704,0.00011504000000000001,2.02,2.18
705,0.00011520000000000001,2.02,2.18
706,0.00011536000000000001,2.06,2.2
707,0.00011552,2.06,2.22
708,0.00011568,2.08,2.24
709,0.00011584,2.08,2.24
710,0.000116,2.12,2.2600000000000002
711,0.00011616000000000001,2.12,2.2600000000000002
712,0.00011632000000000001,2.14,2.3000000000000003
713,0.00011648000000000001,2.16,2.3000000000000003
714,0.00011664000000000001,2.16,2.32
715,0.0001168,2.18,2.34
716,0.00011696,2.2,2.36
717,0.00011712,2.22,2.36
718,0.00011728,2.22,2.4
719,0.00011744,2.24,2.4
720,0.00011760000000000001,2.2600000000000002,2.42
721,0.00011776000000000001,2.2600000000000002,2.42
722,0.00011792000000000001,2.2600000000000002,2.44
723,0.00011808000000000001,2.3000000000000003,2.46
724,0.00011824,2.32,2.48
725,0.0001184,2.32,2.5
726,0.00011856,2.34,2.5
727,0.00011872,2.36,2.52
728,0.00011888,2.38,2.54
729,0.00011904000000000001,2.38,2.54
730,0.00011920000000000001,2.4,2.56
731,0.00011936000000000001,2.42,2.58
732,0.00011952000000000001,2.42,2.58
733,0.00011968,2.44,2.6
734,0.00011984,2.46,2.64
735,0.00012,2.48,2.64
736,0.00012016,2.48,2.66
737,0.00012032,2.5,2.66
738,0.00012048000000000001,2.5,2.68
739,0.00012064000000000001,2.54,2.7
740,0.00012080000000000001,2.54,2.72
741,0.00012096000000000001,2.54,2.72
742,0.00012112,2.56,2.74
743,0.00012128,2.58,2.7600000000000002
744,0.00012144,2.58,2.7800000000000002
745,0.0001216,2.6,2.7800000000000002
746,0.00012176000000000001,2.62,2.82
747,0.00012192000000000001,2.64,2.82
748,0.00012208,2.66,2.84
749,0.00012224,2.66,2.84
750,0.0001224,2.68,2.86
751,0.00012256,2.68,2.88
752,0.00012272,2.7,2.88
753,0.00012288,2.72,2.9
754,0.00012304,2.74,2.92
755,0.0001232,2.7600000000000002,2.94
756,0.00012336,2.7600000000000002,2.96
757,0.00012352,2.8000000000000003,2.96
758,0.00012368,2.8000000000000003,2.98
759,0.00012384,2.8000000000000003,3.0
760,0.000124,2.82,3.02
761,0.00012416,2.84,3.02
762,0.00012432,2.86,3.06
763,0.00012448,2.88,3.06
764,0.00012464,2.9,3.08
765,0.0001248,2.9,3.08
766,0.00012496,2.92,3.1
767,0.00012512,2.92,3.12
768,0.00012528000000000002,2.94,3.14
769,0.00012544000000000002,2.96,3.16
770,0.00012560000000000002,2.96,3.16
771,0.00012576000000000002,2.98,3.18
772,0.00012592000000000001,3.0,3.22
773,0.00012608,3.02,3.2
774,0.00012624,3.02,3.24
775,0.0001264,3.04,3.24
776,0.00012656,3.06,3.2600000000000002
777,0.00012672,3.08,3.2800000000000002
778,0.00012688,3.08,3.3000000000000003
779,0.00012704,3.1,3.3000000000000003
780,0.0001272,3.12,3.3200000000000003
781,0.00012736,3.14,3.34
782,0.00012752,3.16,3.36
783,0.00012768,3.16,3.38
784,0.00012784,3.18,3.4
785,0.000128,3.2,3.4
786,0.00012816000000000002,3.2,3.42
787,0.00012832000000000002,3.22,3.42
788,0.00012848000000000002,3.24,3.44
789,0.00012864000000000002,3.24,3.46
790,0.00012880000000000001,3.2600000000000002,3.48
791,0.00012896,3.2800000000000002,3.48
792,0.00012912,3.3000000000000003,3.5
793,0.00012928,3.3200000000000003,3.52
794,0.00012944,3.3200000000000003,3.54
795,0.0001296,3.34,3.56
796,0.00012976,3.36,3.56
797,0.00012992,3.38,3.58
798,0.00013008,3.38,3.6
799,0.00013024,3.4,3.62
800,0.0001304,3.42,3.64
801,0.00013056,3.44,3.66
802,0.00013072,3.44,3.66
803,0.00013088,3.46,3.68
804,0.00013104000000000002,3.46,3.7
805,0.00013120000000000002,3.5,3.72
806,0.00013136000000000002,3.5,3.72
807,0.00013152000000000001,3.52,3.74
808,0.00013168,3.54,3.7600000000000002
809,0.00013184,3.54,3.7800000000000002
810,0.000132,3.56,3.7800000000000002
811,0.00013216,3.58,3.8000000000000003
812,0.00013232,3.6,3.8200000000000003
813,0.00013248,3.6,3.84
814,0.00013264,3.62,3.86
815,0.0001328,3.62,3.86
816,0.00013296,3.64,3.88
817,0.00013312,3.68,3.9
818,0.00013328,3.68,3.9
819,0.00013344,3.7,3.94
820,0.0001336,3.7,3.94
821,0.00013376000000000002,3.72,3.96
822,0.00013392000000000002,3.74,3.96
823,0.00013408000000000002,3.74,3.98
824,0.00013424000000000002,3.7800000000000002,4.0
825,0.00013440000000000001,3.7800000000000002,4.0200000000000005
826,0.00013456,3.8000000000000003,4.04
827,0.00013472,3.8200000000000003,4.04
828,0.00013488,3.8200000000000003,4.0600000000000005
829,0.00013504,3.84,4.08
830,0.0001352,3.86,4.1
831,0.00013536,3.86,4.1
832,0.00013552,3.88,4.12
833,0.00013568,3.9,4.14
834,0.00013584,3.92,4.16
835,0.000136,3.92,4.18
836,0.00013616,3.94,4.18
837,0.00013632,3.96,4.2
838,0.00013648,3.98,4.22
839,0.00013664000000000002,4.0,4.24
840,0.00013680000000000002,4.0,4.24
841,0.00013696000000000002,4.0200000000000005,4.26
842,0.00013712000000000002,4.04,4.28
843,0.00013728000000000001,4.0600000000000005,4.3
844,0.00013744,4.0600000000000005,4.3
845,0.0001376,4.08,4.34
846,0.00013776,4.1,4.34
847,0.00013792,4.12,4.36
848,0.00013808,4.14,4.38
849,0.00013824,4.14,4.4
850,0.0001384,4.16,4.4
851,0.00013856,4.16,4.42
852,0.00013872,4.18,4.44
853,0.00013888,4.2,4.46
854,0.00013904,4.2,4.46
855,0.0001392,4.22,4.48
856,0.00013936,4.24,4.5
857,0.00013952000000000002,4.26,4.5200000000000005
858,0.00013968000000000002,4.26,4.5200000000000005
859,0.00013984000000000002,4.28,4.54
860,0.00014000000000000001,4.3,4.5600000000000005
861,0.00014016,4.3,4.58
862,0.00014032,4.32,4.58
863,0.00014048,4.34,4.6000000000000005
864,0.00014064,4.36,4.62
865,0.0001408,4.38,4.64
866,0.00014096,4.4,4.64
867,0.00014112,4.4,4.66
868,0.00014128,4.42,4.68
869,0.00014144,4.42,4.7
870,0.0001416,4.46,4.7
871,0.00014176,4.46,4.72
872,0.00014192,4.48,4.74
873,0.00014208,4.48,4.74
874,0.00014224000000000002,4.5,4.78
875,0.00014240000000000002,4.54,4.78
876,0.00014256000000000002,4.54,4.82
877,0.00014272000000000002,4.54,4.82
878,0.00014288000000000001,4.5600000000000005,4.84
879,0.00014304,4.58,4.84
880,0.0001432,4.6000000000000005,4.86
881,0.00014336,4.6000000000000005,4.88
882,0.00014352,4.62,4.88
883,0.00014368,4.62,4.92
884,0.00014384,4.66,4.92
885,0.000144,4.66,4.94
886,0.00014416,4.68,4.94
887,0.00014432,4.12,0.16
888,0.00014448,3.06,0.08
889,0.00014464,2.3000000000000003,0.1
890,0.0001448,1.76,0.1
891,0.00014496,1.34,0.1
892,0.00014512000000000002,1.04,0.12
893,0.00014528000000000002,0.84,0.14
894,0.00014544000000000002,0.68,0.14
895,0.00014560000000000002,0.56,0.16
896,0.00014576000000000001,0.46,0.18
897,0.00014592,0.4,0.2
898,0.00014608,0.38,0.2
899,0.00014624,0.34,0.22
900,0.0001464,0.32,0.22
901,0.00014656,0.32,0.24
902,0.00014672,0.3,0.26
903,0.00014688,0.3,0.28
904,0.00014704,0.3,0.3
905,0.0001472,0.3,0.32
906,0.00014736,0.32,0.32
907,0.00014752,0.32,0.34
908,0.00014768,0.32,0.36
909,0.00014784,0.34,0.36
910,0.00014800000000000002,0.34,0.38
911,0.00014816000000000002,0.36,0.4
912,0.00014832000000000002,0.38,0.42
913,0.00014848000000000001,0.38,0.42
914,0.00014864,0.4,0.44
915,0.0001488,0.42,0.46
916,0.00014896,0.42,0.48
917,0.00014912,0.44,0.5
918,0.00014928,0.46,0.5
919,0.00014944,0.46,0.52
920,0.0001496,0.48,0.54
921,0.00014976,0.48,0.54
922,0.00014992,0.5,0.58
923,0.00015008,0.52,0.58
924,0.00015024,0.54,0.58
925,0.0001504,0.54,0.62
926,0.00015056,0.56,0.64
927,0.00015072000000000002,0.58,0.66
928,0.00015088000000000002,0.58,0.64
929,0.00015104000000000002,0.6,0.68
930,0.00015120000000000002,0.62,0.7000000000000001
931,0.00015136000000000001,0.64,0.7000000000000001
932,0.00015152,0.66,0.72
933,0.00015168,0.66,0.74
934,0.00015184,0.68,0.76
935,0.000152,0.7000000000000001,0.76
936,0.00015216,0.7000000000000001,0.78
937,0.00015232,0.72,0.8
938,0.00015248,0.74,0.8200000000000001
939,0.00015264,0.76,0.8200000000000001
940,0.0001528,0.76,0.84
941,0.00015296,0.76,0.86
942,0.00015312,0.8,0.88
943,0.00015328,0.8,0.88
944,0.00015344,0.8200000000000001,0.9
945,0.00015360000000000002,0.84,0.92
946,0.00015376000000000002,0.86,0.9400000000000001
947,0.00015392000000000002,0.86,0.9400000000000001
948,0.00015408000000000002,0.88,0.96
949,0.00015424000000000001,0.9,0.98
950,0.0001544,0.9,1.0
951,0.00015456,0.92,1.0
952,0.00015472,0.92,1.02
953,0.00015488,0.96,1.04
954,0.00015504,0.96,1.06
955,0.0001552,0.98,1.08
956,0.00015536,1.0,1.08
957,0.00015552,1.02,1.1
958,0.00015568,1.02,1.12
959,0.00015584,1.04,1.1400000000000001
960,0.000156,1.06,1.1400000000000001
961,0.00015616,1.06,1.16
962,0.00015632,1.08,1.18
963,0.00015648000000000002,1.1,1.2
964,0.00015664000000000002,1.1,1.2
965,0.00015680000000000002,1.12,1.22
966,0.00015696000000000002,1.1400000000000001,1.24
967,0.00015712000000000001,1.16,1.26
968,0.00015728,1.16,1.28
969,0.00015744,1.16,1.28
970,0.0001576,1.18,1.3
971,0.00015776,1.2,1.32
972,0.00015792,1.22,1.34
973,0.00015808,1.24,1.34
974,0.00015824,1.26,1.36
975,0.0001584,1.26,1.3800000000000001
976,0.00015856,1.28,1.4000000000000001
977,0.00015872,1.3,1.4000000000000001
978,0.00015888,1.3,1.42
979,0.00015904,1.3,1.44
980,0.00015920000000000002,1.34,1.44
981,0.00015936000000000002,1.34,1.46
982,0.00015952000000000002,1.36,1.48
983,0.00015968000000000002,1.3800000000000001,1.5
984,0.00015984000000000001,1.3800000000000001,1.52
985,0.00016,1.4000000000000001,1.52
986,0.00016016,1.42,1.54
987,0.00016032,1.42,1.56
988,0.00016048,1.44,1.58
989,0.00016064,1.46,1.58
990,0.0001608,1.48,1.6
991,0.00016096,1.48,1.62
992,0.00016112,1.5,1.62
993,0.00016128,1.5,1.6400000000000001
994,0.00016144,1.54,1.6600000000000001
995,0.0001616,1.54,1.68
996,0.00016176,1.56,1.7
997,0.00016192,1.58,1.7
998,0.00016208000000000002,1.58,1.72
999,0.00016224000000000002,1.6,1.74
1000,0.00016240000000000002,1.62,1.76
1001,0.00016256000000000002,1.62,1.76
1002,0.00016272000000000001,1.6600000000000001,1.78
1003,0.00016288,1.6600000000000001,1.8
1004,0.00016304,1.68,1.8
1005,0.0001632,1.7,1.82
1006,0.00016336,1.72,1.84
1007,0.00016352,1.72,1.86
1008,0.00016368,1.74,1.8800000000000001
1009,0.00016384,1.76,1.8800000000000001
1010,0.000164,1.76,1.9000000000000001
1011,0.00016416,1.78,1.92
1012,0.00016432,1.8,1.92
1013,0.00016448,1.8,1.94
1014,0.00016464,1.82,1.96
1015,0.0001648,1.84,1.98
1016,0.00016496000000000002,1.84,2.0
1017,0.00016512000000000002,1.86,2.0
1018,0.00016528000000000002,1.8800000000000001,2.02
1019,0.00016544000000000002,1.9000000000000001,2.04
1020,0.00016560000000000001,1.92,2.06
1021,0.00016576,1.92,2.08
1022,0.00016592,1.94,2.08
1023,0.00016608,1.96,2.1
1024,0.00016624,1.96,2.12
1025,0.0001664,2.0,2.14
1026,0.00016656,2.0,2.14
1027,0.00016672,2.02,2.16
1028,0.00016688,2.02,2.18
1029,0.00016704,2.04,2.18
1030,0.0001672,2.06,2.2
1031,0.00016736,2.08,2.22
1032,0.00016752,2.08,2.24
1033,0.00016768000000000002,2.1,2.2600000000000002
1034,0.00016784000000000002,2.12,2.2600000000000002
1035,0.00016800000000000002,2.14,2.2800000000000002
1036,0.00016816000000000002,2.12,2.2800000000000002
1037,0.00016832000000000001,2.16,2.32
1038,0.00016848,2.18,2.32
1039,0.00016864,2.18,2.34
1040,0.0001688,2.2,2.36
1041,0.00016896,2.22,2.38
1042,0.00016912,2.24,2.38
1043,0.00016928,2.2600000000000002,2.4
1044,0.00016944,2.2600000000000002,2.42
1045,0.0001696,2.2800000000000002,2.44
1046,0.00016976,2.3000000000000003,2.46
1047,0.00016992,2.3000000000000003,2.46
1048,0.00017008,2.32,2.48
1049,0.00017024,2.34,2.48
1050,0.0001704,2.34,2.5
1051,0.00017056000000000002,2.36,2.52
1052,0.00017072000000000002,2.38,2.54
1053,0.00017088000000000002,2.4,2.54
1054,0.00017104000000000002,2.4,2.56
1055,0.00017120000000000001,2.42,2.58
1056,0.00017136,2.42,2.6
1057,0.00017152,2.44,2.62
1058,0.00017168,2.46,2.62
1059,0.00017184,2.48,2.64
1060,0.000172,2.5,2.66
1061,0.00017216,2.5,2.68
1062,0.00017232,2.5,2.68
1063,0.00017248,2.52,2.7
1064,0.00017264,2.54,2.72
1065,0.0001728,2.54,2.74
1066,0.00017296,2.56,2.7600000000000002
1067,0.00017312,2.58,2.7600000000000002
1068,0.00017328,2.6,2.7800000000000002
1069,0.00017344000000000002,2.62,2.8000000000000003
1070,0.00017360000000000002,2.62,2.8000000000000003
1071,0.00017376000000000002,2.64,2.82
1072,0.00017392000000000002,2.66,2.84
1073,0.00017408000000000001,2.66,2.86
1074,0.00017424,2.68,2.86
1075,0.0001744,2.7,2.9
1076,0.00017456,2.72,2.9
1077,0.00017472,2.74,2.92
1078,0.00017488,2.74,2.92
1079,0.00017504,2.7600000000000002,2.94
1080,0.0001752,2.7600000000000002,2.96
1081,0.00017536,2.7800000000000002,2.98
1082,0.00017552,2.8000000000000003,2.98
1083,0.00017568,2.82,3.0
1084,0.00017584,2.84,3.02
1085,0.000176,2.84,3.02
1086,0.00017616000000000002,2.86,3.04
1087,0.00017632000000000002,2.88,3.06
1088,0.00017648000000000002,2.88,3.08
1089,0.00017664000000000002,2.9,3.08
1090,0.00017680000000000001,2.92,3.12
1091,0.00017696,2.92,3.12
1092,0.00017712,2.94,3.14
1093,0.00017728,2.96,3.16
1094,0.00017744,2.98,3.18
1095,0.0001776,2.98,3.2
1096,0.00017776,3.0,3.2
1097,0.00017792,3.02,3.24
1098,0.00017808,3.02,3.24
1099,0.00017824,3.04,3.2600000000000002
1100,0.0001784,3.06,3.2600000000000002
1101,0.00017856,3.08,3.2800000000000002
1102,0.00017872,3.1,3.3000000000000003
1103,0.00017888,3.1,3.3200000000000003
1104,0.00017904000000000002,3.12,3.34
1105,0.00017920000000000002,3.14,3.36
1106,0.00017936000000000002,3.16,3.36
1107,0.00017952000000000002,3.16,3.38
1108,0.00017968000000000001,3.18,3.4
1109,0.00017984,3.2,3.42
1110,0.00018,3.2,3.42
1111,0.00018016,3.22,3.44
1112,0.00018032,3.24,3.44
1113,0.00018048,3.2600000000000002,3.46
1114,0.00018064,3.2600000000000002,3.48
1115,0.0001808,3.2800000000000002,3.5
1116,0.00018096,3.3000000000000003,3.52
1117,0.00018112,3.34,3.52
1118,0.00018128,3.3200000000000003,3.54
1119,0.00018144,3.34,3.56
1120,0.0001816,3.36,3.58
1121,0.00018176,3.38,3.58
1122,0.00018192000000000002,3.38,3.62
1123,0.00018208000000000002,3.42,3.62
1124,0.00018224000000000002,3.42,3.64
1125,0.00018240000000000002,3.44,3.66
1126,0.00018256000000000001,3.44,3.66
1127,0.00018272,3.46,3.68
1128,0.00018288,3.48,3.7
1129,0.00018304,3.48,3.72
1130,0.0001832,3.5,3.72
1131,0.00018336,3.52,3.7600000000000002
1132,0.00018352,3.54,3.7600000000000002
1133,0.00018368,3.56,3.7800000000000002
1134,0.00018384,3.56,3.8000000000000003
1135,0.000184,3.58,3.8200000000000003
1136,0.00018416,3.6,3.8200000000000003
1137,0.00018432,3.6,3.84
1138,0.00018448,3.64,3.86
1139,0.00018464000000000002,3.64,3.86
1140,0.00018480000000000002,3.66,3.88
1141,0.00018496000000000002,3.68,3.9
1142,0.00018512000000000002,3.7,3.92
1143,0.00018528000000000001,3.7,3.94
1144,0.00018544,3.72,3.94
1145,0.0001856,3.72,3.96
1146,0.00018576,3.74,3.96
1147,0.00018592,3.7600000000000002,3.98
1148,0.00018608,3.7600000000000002,4.0
1149,0.00018624,3.7800000000000002,4.0200000000000005
1150,0.0001864,3.8000000000000003,4.04
1151,0.00018656,3.8200000000000003,4.04
1152,0.00018672,3.8200000000000003,4.0600000000000005
1153,0.00018688,3.84,4.08
1154,0.00018704,3.86,4.1
1155,0.0001872,3.86,4.12
1156,0.00018736,3.88,4.14
1157,0.00018752000000000002,3.9,4.14
1158,0.00018768000000000002,3.94,4.16
1159,0.00018784000000000002,3.92,4.18
1160,0.00018800000000000002,3.94,4.2
1161,0.00018816000000000001,3.96,4.2
1162,0.00018832,3.98,4.22
1163,0.00018848,4.0,4.24
1164,0.00018864,4.0200000000000005,4.26
1165,0.0001888,4.04,4.26
1166,0.00018896,4.04,4.3
1167,0.00018912,4.0600000000000005,4.3
1168,0.00018928,4.0600000000000005,4.32
1169,0.00018944,4.08,4.32
1170,0.0001896,4.1,4.34
1171,0.00018976,4.1,4.36
1172,0.00018992,4.12,4.38
1173,0.00019008,4.16,4.38
1174,0.00019024,4.16,4.4
1175,0.00019040000000000002,4.16,4.44
1176,0.00019056000000000002,4.18,4.44
1177,0.00019072000000000002,4.2,4.46
1178,0.00019088000000000002,4.22,4.46
1179,0.00019104000000000001,4.22,4.48
1180,0.0001912,4.24,4.5
1181,0.00019136,4.26,4.5200000000000005
1182,0.00019152,4.28,4.54
1183,0.00019168,4.28,4.54
1184,0.00019184,4.32,4.5600000000000005
1185,0.000192,4.3,4.58
1186,0.00019216,4.34,4.6000000000000005
1187,0.00019232,4.34,4.6000000000000005
1188,0.00019248,4.36,4.62
1189,0.00019264,4.38,4.64
1190,0.0001928,4.38,4.64
1191,0.00019296,4.4,4.68
1192,0.00019312000000000002,4.4,4.68
1193,0.00019328000000000002,4.42,4.72
1194,0.00019344000000000002,4.44,4.72
1195,0.00019360000000000002,4.46,4.72
1196,0.00019376000000000002,4.48,4.74
1197,0.00019392000000000001,4.48,4.76
1198,0.00019408,4.5,4.78
1199,0.00019424,4.5200000000000005,4.8
1200,0.0001944,4.5200000000000005,4.8
1201,0.00019456,4.54,4.82
1202,0.00019472,4.5600000000000005,4.84
1203,0.00019488,4.58,4.86
1204,0.00019504,4.58,4.86
1205,0.0001952,4.6000000000000005,4.88
1206,0.00019536,4.62,4.9
1207,0.00019552,4.64,4.9
1208,0.00019568,4.66,4.92
1209,0.00019584,4.66,4.94
1210,0.00019600000000000002,4.68,4.96
1211,0.00019616000000000002,3.8000000000000003,0.08
1212,0.00019632000000000002,2.82,0.1
1213,0.00019648000000000002,2.14,0.1
1214,0.00019664000000000001,1.6400000000000001,0.1
1215,0.0001968,1.26,0.12
1216,0.00019696,0.98,0.12
1217,0.00019712,0.8,0.12
1218,0.00019728,0.64,0.14
1219,0.00019744,0.54,0.14
1220,0.0001976,0.46,0.18
1221,0.00019776,0.4,0.2
1222,0.00019792,0.36,0.22
1223,0.00019808,0.32,0.22
1224,0.00019824,0.32,0.24
1225,0.0001984,0.3,0.26
1226,0.00019856,0.3,0.26
1227,0.00019872,0.3,0.28
1228,0.00019888000000000002,0.3,0.3
1229,0.00019904000000000002,0.32,0.32
1230,0.00019920000000000002,0.3,0.32
1231,0.00019936000000000002,0.32,0.34
1232,0.00019952000000000001,0.32,0.36
1233,0.00019968,0.34,0.38
1234,0.00019984,0.36,0.38
1235,0.0002,0.36,0.38
1236,0.00020016,0.38,0.42
1237,0.00020032,0.38,0.44
1238,0.00020048,0.4,0.44
1239,0.00020064,0.4,0.46
1240,0.0002008,0.42,0.46
1241,0.00020096,0.44,0.5
1242,0.00020112,0.46,0.52
1243,0.00020128,0.46,0.52
1244,0.00020144,0.48,0.54
1245,0.00020160000000000002,0.48,0.56
1246,0.00020176000000000002,0.5,0.58
1247,0.00020192000000000002,0.52,0.58
1248,0.00020208000000000002,0.54,0.6
1249,0.00020224000000000002,0.54,0.62
1250,0.00020240000000000001,0.56,0.64
1251,0.00020256,0.58,0.66
1252,0.00020272,0.58,0.66
1253,0.00020288,0.6,0.68
1254,0.00020304,0.62,0.7000000000000001
1255,0.0002032,0.64,0.7000000000000001
1256,0.00020336,0.66,0.72
1257,0.00020352,0.66,0.74
1258,0.00020368,0.68,0.76
1259,0.00020384,0.68,0.78
1260,0.000204,0.7000000000000001,0.78
1261,0.00020416,0.72,0.8
1262,0.00020432,0.74,0.8
1263,0.00020448000000000002,0.74,0.84
1264,0.00020464000000000002,0.76,0.86
1265,0.00020480000000000002,0.76,0.86
1266,0.00020496000000000002,0.78,0.88
1267,0.00020512000000000001,0.8,0.9
1268,0.00020528,0.8200000000000001,0.92
1269,0.00020544,0.84,0.92
1270,0.0002056,0.86,0.9400000000000001
1271,0.00020576,0.86,0.96
1272,0.00020592,0.88,0.98
1273,0.00020608,0.9,0.98
1274,0.00020624,0.9,1.0
1275,0.0002064,0.92,1.02
1276,0.00020656,0.9400000000000001,1.04
1277,0.00020672,0.96,1.04
1278,0.00020688,0.96,1.06
1279,0.00020704,0.98,1.08
1280,0.0002072,1.0,1.1
1281,0.00020736000000000002,1.0,1.1
1282,0.00020752000000000002,1.02,1.12
1283,0.00020768000000000002,1.04,1.1400000000000001
1284,0.00020784000000000002,1.06,1.16
1285,0.00020800000000000001,1.06,1.16
1286,0.00020816,1.08,1.18
1287,0.00020832,1.1,1.2
1288,0.00020848,1.1,1.22
1289,0.00020864,1.12,1.22
1290,0.0002088,1.1400000000000001,1.24
1291,0.00020896,1.16,1.24
1292,0.00020912,1.16,1.28
1293,0.00020928,1.18,1.28
1294,0.00020944,1.2,1.3
1295,0.0002096,1.2,1.32
1296,0.00020976,1.22,1.34
1297,0.00020992,1.22,1.36
1298,0.00021008000000000002,1.26,1.3800000000000001
1299,0.00021024000000000002,1.26,1.3800000000000001
1300,0.00021040000000000002,1.28,1.4000000000000001
1301,0.00021056000000000002,1.3,1.4000000000000001
1302,0.00021072000000000002,1.3,1.44
1303,0.00021088000000000001,1.32,1.44
1304,0.00021104,1.34,1.46
1305,0.0002112,1.34,1.48
1306,0.00021136,1.36,1.48
1307,0.00021152,1.3800000000000001,1.5
1308,0.00021168,1.4000000000000001,1.52
1309,0.00021184,1.4000000000000001,1.52
1310,0.000212,1.42,1.56
1311,0.00021216,1.44,1.56
1312,0.00021232,1.46,1.56
1313,0.00021248,1.46,1.6
1314,0.00021264,1.48,1.6
1315,0.0002128,1.5,1.62
1316,0.00021296000000000002,1.5,1.6400000000000001
1317,0.00021312000000000002,1.52,1.6600000000000001
1318,0.00021328000000000002,1.54,1.6600000000000001
1319,0.00021344000000000002,1.56,1.68
1320,0.00021360000000000001,1.58,1.7
1321,0.00021376,1.58,1.72
1322,0.00021392,1.6,1.74
1323,0.00021408,1.6,1.74
1324,0.00021424,1.62,1.74
1325,0.0002144,1.6400000000000001,1.78
1326,0.00021456,1.6600000000000001,1.78
1327,0.00021472,1.6600000000000001,1.78
1328,0.00021488,1.68,1.82
1329,0.00021504,1.7,1.82
1330,0.0002152,1.72,1.84
1331,0.00021536,1.74,1.84
1332,0.00021552,1.74,1.8800000000000001
1333,0.00021568000000000002,1.76,1.9000000000000001
1334,0.00021584000000000002,1.76,1.9000000000000001
1335,0.00021600000000000002,1.78,1.92
1336,0.00021616000000000002,1.8,1.94
1337,0.00021632000000000002,1.82,1.96
1338,0.00021648000000000001,1.82,1.96
1339,0.00021664,1.84,1.98
1340,0.0002168,1.86,2.0
1341,0.00021696,1.8800000000000001,2.02
1342,0.00021712,1.8800000000000001,2.02
1343,0.00021728,1.9000000000000001,2.04
1344,0.00021744,1.9000000000000001,2.06
1345,0.0002176,1.94,2.08
1346,0.00021776,1.94,2.08
1347,0.00021792,1.96,2.1
1348,0.00021808,1.98,2.12
1349,0.00021824,2.0,2.14
1350,0.0002184,2.0,2.16
1351,0.00021856000000000002,2.02,2.16
1352,0.00021872000000000002,2.04,2.18
1353,0.00021888000000000002,2.04,2.2
1354,0.00021904000000000002,2.04,2.2
1355,0.00021920000000000002,2.08,2.24
1356,0.00021936000000000001,2.1,2.24
1357,0.00021952,2.1,2.2600000000000002
1358,0.00021968,2.12,2.2800000000000002
1359,0.00021984,2.14,2.2800000000000002
1360,0.00022,2.14,2.3000000000000003
1361,0.00022016,2.14,2.32
1362,0.00022032,2.18,2.34
1363,0.00022048,2.2,2.36
1364,0.00022064,2.2,2.36
1365,0.0002208,2.22,2.38
1366,0.00022096,2.24,2.4
1367,0.00022112,2.2600000000000002,2.42
1368,0.00022128,2.2600000000000002,2.42
1369,0.00022144000000000002,2.2800000000000002,2.44
1370,0.00022160000000000002,2.2800000000000002,2.46
1371,0.00022176000000000002,2.32,2.46
1372,0.00022192000000000002,2.32,2.48
1373,0.00022208000000000002,2.34,2.48
1374,0.00022224,2.34,2.52
1375,0.0002224,2.36,2.52
1376,0.00022256,2.38,2.54
1377,0.00022272,2.4,2.56
1378,0.00022288,2.4,2.58
1379,0.00022304,2.42,2.58
1380,0.0002232,2.44,2.6
1381,0.00022336,2.44,2.6
1382,0.00022352,2.46,2.62
1383,0.00022368,2.48,2.64
1384,0.00022384,2.5,2.66
1385,0.000224,2.5,2.68
1386,0.00022416000000000002,2.5,2.68
1387,0.00022432000000000002,2.52,2.7
1388,0.00022448000000000002,2.54,2.74
1389,0.00022464000000000002,2.56,2.74
1390,0.00022480000000000002,2.56,2.7600000000000002
1391,0.00022496000000000001,2.6,2.7600000000000002
1392,0.00022512,2.6,2.7800000000000002
1393,0.00022528,2.6,2.8000000000000003
1394,0.00022544,2.62,2.82
1395,0.0002256,2.64,2.82
1396,0.00022576,2.66,2.86
1397,0.00022592,2.66,2.88
1398,0.00022608,2.68,2.86
1399,0.00022624,2.7,2.88
1400,0.0002264,2.72,2.9
1401,0.00022656,2.72,2.92
1402,0.00022672,2.74,2.94
1403,0.00022688,2.7600000000000002,2.96
1404,0.00022704000000000002,2.7800000000000002,2.96
1405,0.00022720000000000002,2.8000000000000003,2.98
1406,0.00022736000000000002,2.8000000000000003,3.0
1407,0.00022752000000000002,2.82,3.02
1408,0.00022768000000000002,2.82,3.02
1409,0.00022784000000000001,2.84,3.04
1410,0.000228,2.86,3.06
1411,0.00022816,2.88,3.08
1412,0.00022832,2.9,3.08
1413,0.00022848,2.9,3.1
1414,0.00022864,2.94,3.12
1415,0.0002288,2.94,3.14
1416,0.00022896,2.94,3.16
1417,0.00022912,2.98,3.18
1418,0.00022928,2.98,3.2
1419,0.00022944,2.98,3.2
1420,0.0002296,3.0,3.22
1421,0.00022976,3.02,3.22
1422,0.00022992000000000002,3.02,3.24
1423,0.00023008000000000002,3.06,3.2600000000000002
1424,0.00023024000000000002,3.06,3.2800000000000002
1425,0.00023040000000000002,3.08,3.3000000000000003
1426,0.00023056000000000002,3.1,3.3000000000000003
1427,0.00023072000000000001,3.1,3.3200000000000003
1428,0.00023088,3.12,3.34
1429,0.00023104,3.14,3.34
1430,0.0002312,3.16,3.36
1431,0.00023136,3.18,3.38
1432,0.00023152,3.18,3.4
1433,0.00023168,3.2,3.42
1434,0.00023184,3.22,3.44
1435,0.000232,3.24,3.44
1436,0.00023216,3.24,3.46
1437,0.00023232,3.2600000000000002,3.46
1438,0.00023248,3.2800000000000002,3.48
1439,0.00023264000000000002,3.3000000000000003,3.52
1440,0.00023280000000000002,3.3000000000000003,3.52
1441,0.00023296000000000002,3.34,3.52
1442,0.00023312000000000002,3.34,3.54
1443,0.00023328000000000002,3.36,3.56
1444,0.00023344000000000001,3.38,3.58
1445,0.0002336,3.38,3.6
1446,0.00023376,3.38,3.62
1447,0.00023392,3.4,3.62
1448,0.00023408,3.42,3.64
1449,0.00023424,3.44,3.64
1450,0.0002344,3.46,3.68
1451,0.00023456,3.46,3.68
1452,0.00023472,3.48,3.7
1453,0.00023488,3.5,3.72
1454,0.00023504,3.5,3.74
1455,0.0002352,3.52,3.74
1456,0.00023536,3.54,3.7600000000000002
1457,0.00023552000000000002,3.56,3.8000000000000003
1458,0.00023568000000000002,3.56,3.8000000000000003
1459,0.00023584000000000002,3.58,3.8200000000000003
1460,0.00023600000000000002,3.6,3.8200000000000003
1461,0.00023616000000000002,3.62,3.84
1462,0.00023632000000000001,3.64,3.86
1463,0.00023648,3.64,3.88
1464,0.00023664,3.66,3.88
1465,0.0002368,3.66,3.9
1466,0.00023696,3.68,3.92
1467,0.00023712,3.7,3.94
1468,0.00023728,3.72,3.94
1469,0.00023744,3.72,3.96
1470,0.0002376,3.74,3.98
1471,0.00023776,3.7600000000000002,4.0
1472,0.00023792,3.7600000000000002,4.0
1473,0.00023808,3.7800000000000002,4.0200000000000005
1474,0.00023824,3.8000000000000003,4.04
1475,0.00023840000000000002,3.8200000000000003,4.0600000000000005
1476,0.00023856000000000002,3.84,4.0600000000000005
1477,0.00023872000000000002,3.84,4.08
1478,0.00023888000000000002,3.86,4.1
1479,0.00023904000000000002,3.88,4.12
1480,0.00023920000000000001,3.88,4.14
1481,0.00023936,3.9,4.14
1482,0.00023952,3.92,4.16
1483,0.00023968,3.94,4.2
1484,0.00023984,3.94,4.2
1485,0.00024,3.96,4.2
1486,0.00024016,4.0,4.22
1487,0.00024032,4.0,4.24
1488,0.00024048,4.0,4.26
1489,0.00024064,4.0200000000000005,4.26
1490,0.0002408,4.04,4.28
1491,0.00024096,4.0600000000000005,4.3
1492,0.00024112000000000002,4.0600000000000005,4.32
1493,0.00024128000000000002,4.08,4.34
1494,0.00024144000000000002,4.1,4.34
1495,0.00024160000000000002,4.12,4.36
1496,0.00024176000000000002,4.12,4.38
1497,0.00024192000000000001,4.14,4.4
1498,0.00024208,4.14,4.42
1499,0.00024224,4.16,4.44
1500,0.0002424,4.18,4.44
1501,0.00024256,4.2,4.46
1502,0.00024272,4.22,4.48
1503,0.00024288,4.24,4.48
1504,0.00024304,4.24,4.5
1505,0.0002432,4.28,4.5200000000000005
1506,0.00024336,4.28,4.54
1507,0.00024352,4.28,4.5600000000000005
1508,0.00024368,4.3,4.5600000000000005
1509,0.00024384,4.32,4.58
1510,0.00024400000000000002,4.34,4.6000000000000005
1511,0.00024416,4.36,4.62
1512,0.00024432,4.36,4.64
1513,0.00024448,4.4,4.66
1514,0.00024464,4.4,4.66
1515,0.0002448,4.4,4.66
1516,0.00024496,4.42,4.7
1517,0.00024512,4.44,4.7
1518,0.00024528,4.46,4.72
1519,0.00024544,4.46,4.72
1520,0.0002456,4.48,4.76
1521,0.00024576,4.5,4.76
1522,0.00024592,4.5,4.78
1523,0.00024608,4.5200000000000005,4.8
1524,0.00024624,4.54,4.82
1525,0.00024639999999999997,4.5600000000000005,4.82
1526,0.00024656,4.5600000000000005,4.84
1527,0.00024672,4.58,4.86
1528,0.00024688,4.6000000000000005,4.88
1529,0.00024704,4.62,4.88
1530,0.0002472,4.62,4.9
1531,0.00024736,4.64,4.92
1532,0.00024752,4.66,4.94
1533,0.00024768,4.68,4.94
1534,0.00024784,4.68,-0.04
1535,0.000248,3.52,0.1
1536,0.00024816000000000004,2.64,0.1
1537,0.00024832,2.0,0.1
1538,0.00024848000000000003,1.52,0.1
1539,0.00024864,1.18,0.12
1540,0.00024880000000000003,0.9400000000000001,0.14
1541,0.00024896,0.74,0.14
1542,0.00024912000000000003,0.62,0.16
1543,0.00024928,0.5,0.16
1544,0.00024944,0.44,0.18
1545,0.0002496,0.38,0.2
1546,0.00024976,0.36,0.22
1547,0.00024992,0.32,0.22
1548,0.00025008,0.32,0.24
1549,0.00025024,0.3,0.26
1550,0.0002504,0.3,0.26
1551,0.00025056,0.3,0.28
1552,0.00025072,0.3,0.3
1553,0.00025088,0.32,0.3
1554,0.00025104,0.32,0.34
1555,0.00025120000000000003,0.32,0.34
1556,0.00025136,0.34,0.36
1557,0.00025152000000000003,0.34,0.38
1558,0.00025168,0.36,0.4
1559,0.00025184000000000003,0.36,0.4
1560,0.000252,0.38,0.42
1561,0.00025216,0.38,0.44
1562,0.00025232,0.4,0.44
1563,0.00025248,0.42,0.46
1564,0.00025264,0.42,0.48
1565,0.0002528,0.44,0.5
1566,0.00025296,0.46,0.52
1567,0.00025312,0.46,0.54
1568,0.00025328,0.48,0.54
1569,0.00025344,0.5,0.54
1570,0.0002536,0.52,0.58
1571,0.00025376,0.52,0.58
1572,0.00025392000000000004,0.54,0.6
1573,0.00025408,0.54,0.62
1574,0.00025424000000000003,0.56,0.64
1575,0.0002544,0.58,0.66
1576,0.00025456000000000003,0.58,0.68
1577,0.00025472,0.62,0.68
1578,0.00025488,0.62,0.7000000000000001
1579,0.00025504,0.64,0.72
1580,0.0002552,0.66,0.74
1581,0.00025536,0.68,0.74
1582,0.00025552,0.66,0.76
1583,0.00025568,0.7000000000000001,0.78
1584,0.00025584,0.72,0.8
1585,0.000256,0.72,0.8
1586,0.00025616,0.74,0.8200000000000001
1587,0.00025632,0.76,0.84
1588,0.00025648,0.78,0.86
1589,0.00025664000000000004,0.76,0.86
1590,0.0002568,0.8,0.88
1591,0.00025696000000000003,0.8200000000000001,0.9
1592,0.00025712,0.8200000000000001,0.92
1593,0.00025728000000000003,0.84,0.92
1594,0.00025744,0.86,0.9400000000000001
1595,0.00025760000000000003,0.88,0.96
1596,0.00025776,0.88,0.96
1597,0.00025792,0.9,0.98
1598,0.00025808,0.92,1.0
1599,0.00025824,0.92,1.02
1600,0.0002584,0.9400000000000001,1.04
1601,0.00025856,0.96,1.04
1602,0.00025872,0.96,1.06
1603,0.00025888,0.98,1.08
1604,0.00025904,0.98,1.1
1605,0.0002592,1.02,1.1
1606,0.00025936,1.02,1.12
1607,0.00025952,1.04,1.1400000000000001
1608,0.00025968000000000003,1.06,1.16
1609,0.00025984,1.08,1.18
1610,0.00026000000000000003,1.08,1.18
1611,0.00026016,1.1,1.2
1612,0.00026032000000000003,1.12,1.22
1613,0.00026048,1.12,1.24
1614,0.00026064,1.1400000000000001,1.24
1615,0.0002608,1.16,1.26
1616,0.00026096,1.16,1.28
1617,0.00026112,1.2,1.3
1618,0.00026128,1.2,1.32
1619,0.00026144,1.2,1.32
1620,0.0002616,1.24,1.32
1621,0.00026176,1.24,1.36
1622,0.00026192,1.24,1.3800000000000001
1623,0.00026208,1.28,1.3800000000000001
1624,0.00026224,1.28,1.4000000000000001
1625,0.00026240000000000004,1.3,1.42
1626,0.00026256,1.32,1.44
1627,0.00026272000000000003,1.32,1.44
1628,0.00026288,1.34,1.46
1629,0.00026304000000000003,1.34,1.48
1630,0.0002632,1.3800000000000001,1.5
1631,0.00026336,1.3800000000000001,1.5
1632,0.00026352,1.4000000000000001,1.52
1633,0.00026368,1.42,1.52
1634,0.00026384,1.42,1.56
1635,0.000264,1.44,1.56
1636,0.00026416,1.46,1.58
1637,0.00026432,1.48,1.58
1638,0.00026448,1.48,1.62
1639,0.00026464,1.5,1.62
1640,0.0002648,1.52,1.62
1641,0.00026496,1.54,1.6600000000000001
1642,0.00026512000000000004,1.54,1.68
1643,0.00026528,1.56,1.68
1644,0.00026544000000000003,1.58,1.7
1645,0.0002656,1.58,1.72
1646,0.00026576000000000003,1.6,1.72
1647,0.00026592,1.62,1.74
1648,0.00026608000000000003,1.6400000000000001,1.74
1649,0.00026624,1.62,1.78
1650,0.0002664,1.6600000000000001,1.8
1651,0.00026656,1.6600000000000001,1.78
1652,0.00026672,1.7,1.82
1653,0.00026688,1.7,1.84
1654,0.00026704,1.72,1.86
1655,0.0002672,1.74,1.86
1656,0.00026736,1.74,1.86
1657,0.00026752,1.76,1.9000000000000001
1658,0.00026768,1.78,1.92
1659,0.00026784,1.8,1.92
1660,0.000268,1.8,1.94
1661,0.00026816000000000003,1.82,1.94
1662,0.00026832,1.82,1.98
1663,0.00026848000000000003,1.86,1.98
1664,0.00026864,1.86,1.98
1665,0.00026880000000000003,1.86,2.02
1666,0.00026896,1.9000000000000001,2.04
1667,0.00026912,1.9000000000000001,2.04
1668,0.00026928,1.92,2.06
1669,0.00026944,1.94,2.08
1670,0.0002696,1.96,2.1
1671,0.00026976,1.96,2.1
1672,0.00026992,1.98,2.12
1673,0.00027008,2.0,2.14
1674,0.00027024,2.02,2.16
1675,0.0002704,2.02,2.18
1676,0.00027056,2.04,2.18
1677,0.00027072,2.06,2.2
1678,0.00027088000000000004,2.06,2.22
1679,0.00027104,2.08,2.24
1680,0.00027120000000000003,2.08,2.2600000000000002
1681,0.00027136,2.12,2.2600000000000002
1682,0.00027152000000000003,2.12,2.2600000000000002
1683,0.00027168,2.14,2.2800000000000002
1684,0.00027184,2.16,2.3000000000000003
1685,0.000272,2.16,2.32
1686,0.00027216,2.16,2.34
1687,0.00027232,2.2,2.36
1688,0.00027248,2.22,2.36
1689,0.00027264,2.22,2.38
1690,0.0002728,2.24,2.38
1691,0.00027296,2.24,2.42
1692,0.00027312,2.2800000000000002,2.42
1693,0.00027328,2.2800000000000002,2.44
1694,0.00027344,2.3000000000000003,2.46
1695,0.00027360000000000004,2.32,2.46
1696,0.00027376,2.32,2.5
1697,0.00027392000000000003,2.34,2.5
1698,0.00027408,2.34,2.52
1699,0.00027424000000000003,2.36,2.52
1700,0.0002744,2.38,2.54
1701,0.00027456000000000003,2.4,2.56
1702,0.00027472,2.42,2.58
1703,0.00027488,2.42,2.6
1704,0.00027504,2.42,2.6
1705,0.0002752,2.46,2.62
1706,0.00027536,2.48,2.64
1707,0.00027552,2.48,2.64
1708,0.00027568,2.5,2.68
1709,0.00027584,2.52,2.68
1710,0.000276,2.52,2.7
1711,0.00027616,2.52,2.7
1712,0.00027632,2.54,2.74
1713,0.00027648,2.56,2.74
1714,0.00027664000000000003,2.58,2.7600000000000002
1715,0.0002768,2.6,2.7600000000000002
1716,0.00027696000000000003,2.6,2.7800000000000002
1717,0.00027712,2.62,2.8000000000000003
1718,0.00027728000000000003,2.64,2.82
1719,0.00027744,2.66,2.82
1720,0.0002776,2.66,2.86
1721,0.00027776,2.7,2.86
1722,0.00027792,2.68,2.88
1723,0.00027808,2.7,2.9
1724,0.00027824,2.72,2.9
1725,0.0002784,2.74,2.92
1726,0.00027856,2.7600000000000002,2.94
1727,0.00027872,2.7600000000000002,2.94
1728,0.00027888,2.7800000000000002,2.96
1729,0.00027904,2.8000000000000003,2.98
1730,0.0002792,2.8000000000000003,3.0
1731,0.00027936000000000004,2.82,3.02
1732,0.00027952,2.84,3.02
1733,0.00027968000000000003,2.86,3.06
1734,0.00027984,2.86,3.06
1735,0.00028000000000000003,2.88,3.08
1736,0.00028016,2.9,3.1
1737,0.00028032,2.9,3.1
1738,0.00028048,2.92,3.12
1739,0.00028064,2.94,3.14
1740,0.0002808,2.96,3.14
1741,0.00028096,2.98,3.18
1742,0.00028112,2.98,3.18
1743,0.00028128,3.0,3.2
1744,0.00028144,3.0,3.22
1745,0.0002816,3.02,3.24
1746,0.00028176,3.06,3.24
1747,0.00028192,3.06,3.2600000000000002
1748,0.00028208000000000004,3.08,3.2800000000000002
1749,0.00028224,3.1,3.2800000000000002
1750,0.00028240000000000003,3.12,3.3000000000000003
1751,0.00028256,3.12,3.3200000000000003
1752,0.00028272000000000003,3.14,3.34
1753,0.00028288,3.16,3.36
1754,0.00028304000000000003,3.16,3.36
1755,0.0002832,3.18,3.38
1756,0.00028336,3.2,3.4
1757,0.00028352,3.22,3.44
1758,0.00028368,3.22,3.42
1759,0.00028384,3.24,3.46
1760,0.000284,3.24,3.48
1761,0.00028416,3.2600000000000002,3.48
1762,0.00028432,3.3000000000000003,3.5
1763,0.00028448,3.3200000000000003,3.5
1764,0.00028464,3.3200000000000003,3.52
1765,0.0002848,3.3200000000000003,3.54
1766,0.00028496,3.34,3.54
1767,0.00028512000000000003,3.38,3.56
1768,0.00028528,3.38,3.58
1769,0.00028544000000000003,3.38,3.6
1770,0.0002856,3.42,3.62
1771,0.00028576000000000003,3.42,3.64
1772,0.00028592,3.44,3.64
1773,0.00028608,3.44,3.66
1774,0.00028624,3.46,3.68
1775,0.0002864,3.48,3.7
1776,0.00028656,3.48,3.7
1777,0.00028672,3.5,3.72
1778,0.00028688,3.52,3.74
1779,0.00028704,3.52,3.7600000000000002
1780,0.0002872,3.54,3.7600000000000002
1781,0.00028736,3.56,3.7800000000000002
1782,0.00028752,3.58,3.8000000000000003
1783,0.00028768,3.58,3.8200000000000003
1784,0.00028784000000000004,3.62,3.84
1785,0.000288,3.62,3.84
1786,0.00028816000000000003,3.64,3.86
1787,0.00028832,3.64,3.86
1788,0.00028848000000000003,3.68,3.9
1789,0.00028864,3.68,3.9
1790,0.0002888,3.7,3.92
1791,0.00028896,3.7,3.94
1792,0.00028912,3.72,3.96
1793,0.00028928,3.74,3.96
1794,0.00028944,3.7600000000000002,3.98
1795,0.0002896,3.7800000000000002,4.0
1796,0.00028976,3.7800000000000002,4.0200000000000005
1797,0.00028992,3.8000000000000003,4.0200000000000005
1798,0.00029008,3.8200000000000003,4.04
1799,0.00029024,3.84,4.0600000000000005
1800,0.0002904,3.84,4.0600000000000005
1801,0.00029056000000000004,3.86,4.08
1802,0.00029072,3.86,4.1
1803,0.00029088000000000003,3.88,4.12
1804,0.00029104,3.9,4.16
1805,0.00029120000000000003,3.9,4.16
1806,0.00029136,3.92,4.16
1807,0.00029152000000000003,3.94,4.18
1808,0.00029168,3.96,4.2
1809,0.00029184,3.96,4.22
1810,0.000292,3.98,4.24
1811,0.00029216,4.0,4.24
1812,0.00029232,4.0200000000000005,4.26
1813,0.00029248,4.0200000000000005,4.28
1814,0.00029264,4.04,4.3
1815,0.0002928,4.0600000000000005,4.3
1816,0.00029296,4.08,4.32
1817,0.00029312,4.08,4.34
1818,0.00029328,4.1,4.36
1819,0.00029344,4.12,4.38
1820,0.00029360000000000003,4.12,4.38
1821,0.00029376,4.14,4.4
1822,0.00029392000000000003,4.16,4.42
1823,0.00029408,4.18,4.44
1824,0.00029424000000000003,4.18,4.44
1825,0.0002944,4.2,4.46
1826,0.00029456,4.22,4.48
1827,0.00029472,4.24,4.5
1828,0.00029488,4.24,4.5200000000000005
1829,0.00029504,4.26,4.5200000000000005
1830,0.0002952,4.28,4.54
1831,0.00029536,4.3,4.5600000000000005
1832,0.00029552,4.32,4.58
1833,0.00029568,4.32,4.58
1834,0.00029584,4.34,4.6000000000000005
1835,0.000296,4.34,4.62
1836,0.00029616,4.36,4.62
1837,0.00029632000000000004,4.38,4.64
1838,0.00029648,4.4,4.66
1839,0.00029664000000000003,4.42,4.66
1840,0.0002968,4.42,4.68
1841,0.00029696000000000003,4.44,4.7
1842,0.00029712,4.46,4.72
1843,0.00029728,4.46,4.74
1844,0.00029744,4.48,4.76
1845,0.0002976,4.5,4.76
1846,0.00029776,4.5200000000000005,4.78
1847,0.00029792,4.5200000000000005,4.8
1848,0.00029808,4.54,4.82
1849,0.00029824,4.5600000000000005,4.84
1850,0.0002984,4.5600000000000005,4.84
1851,0.00029856,4.58,4.86
1852,0.00029872,4.6000000000000005,4.88
1853,0.00029888,4.62,4.88
1854,0.00029904000000000004,4.64,4.9
1855,0.0002992,4.64,4.92
1856,0.00029936000000000003,4.66,4.94
1857,0.00029952,4.68,4.94
1858,0.00029968000000000003,4.38,-0.04
1859,0.00029984,3.24,0.1
1860,0.00030000000000000003,2.42,0.1
1861,0.00030016,1.84,0.1
1862,0.00030032,1.42,0.1
1863,0.00030048,1.1,0.12
1864,0.00030064,0.86,0.12
1865,0.0003008,0.7000000000000001,0.14
1866,0.00030096,0.58,0.16
1867,0.00030112,0.48,0.18
1868,0.00030128,0.42,0.18
1869,0.00030144,0.38,0.2
1870,0.0003016,0.34,0.22
1871,0.00030176,0.32,0.24
1872,0.00030192,0.32,0.24
1873,0.00030208000000000004,0.3,0.26
1874,0.00030224,0.3,0.26
1875,0.00030240000000000003,0.3,0.28
1876,0.00030256,0.32,0.3
1877,0.00030272000000000003,0.32,0.32
1878,0.00030288,0.32,0.34
1879,0.00030304,0.34,0.36
1880,0.0003032,0.34,0.36
1881,0.00030336,0.36,0.38
1882,0.00030352,0.36,0.4
1883,0.00030368,0.38,0.42
1884,0.00030384,0.38,0.42
1885,0.000304,0.4,0.44
1886,0.00030416,0.4,0.46
1887,0.00030432,0.42,0.48
1888,0.00030448,0.44,0.5
1889,0.00030464,0.44,0.5
1890,0.00030480000000000004,0.46,0.52
1891,0.00030496,0.48,0.54
1892,0.00030512000000000003,0.5,0.56
1893,0.00030528,0.5,0.56
1894,0.00030544000000000003,0.52,0.58
1895,0.0003056,0.52,0.58
1896,0.00030576,0.56,0.62
1897,0.00030592,0.54,0.62
1898,0.00030608,0.58,0.64
1899,0.00030624,0.58,0.64
1900,0.0003064,0.6,0.68
1901,0.00030656,0.62,0.7000000000000001
1902,0.00030672,0.64,0.7000000000000001
1903,0.00030688,0.64,0.72
1904,0.00030704,0.66,0.74
1905,0.0003072,0.68,0.76
1906,0.00030736,0.7000000000000001,0.76
1907,0.00030752000000000004,0.7000000000000001,0.78
1908,0.00030768,0.72,0.8
1909,0.00030784000000000003,0.72,0.8
1910,0.000308,0.74,0.8200000000000001
1911,0.00030816000000000003,0.76,0.84
1912,0.00030832,0.78,0.86
1913,0.00030848000000000003,0.8,0.86
1914,0.00030864,0.8,0.88
1915,0.0003088,0.8200000000000001,0.9
1916,0.00030896,0.84,0.92
1917,0.00030912,0.84,0.9400000000000001
1918,0.00030928,0.86,0.9400000000000001
1919,0.00030944,0.88,0.96
1920,0.0003096,0.9,0.98
1921,0.00030976,0.9,0.98
1922,0.00030992,0.92,1.0
1923,0.00031008,0.9400000000000001,1.02
1924,0.00031024,0.9400000000000001,1.04
1925,0.0003104,0.96,1.06
1926,0.00031056000000000004,0.98,1.08
1927,0.00031072,0.98,1.08
1928,0.00031088000000000003,1.0,1.1
1929,0.00031104,1.02,1.12
1930,0.00031120000000000003,1.02,1.12
1931,0.00031136,1.04,1.1400000000000001
1932,0.00031152,1.06,1.16
1933,0.00031168,1.08,1.18
1934,0.00031184,1.08,1.18
1935,0.000312,1.1,1.2
1936,0.00031216,1.12,1.22
1937,0.00031232,1.1400000000000001,1.24
1938,0.00031248,1.1400000000000001,1.24
1939,0.00031264,1.16,1.28
1940,0.0003128,1.18,1.28
1941,0.00031296,1.2,1.3
1942,0.00031312,1.2,1.32
1943,0.00031328000000000004,1.22,1.34
1944,0.00031344,1.24,1.34
1945,0.00031360000000000003,1.24,1.36
1946,0.00031376,1.26,1.36
1947,0.00031392000000000003,1.28,1.3800000000000001
1948,0.00031408,1.3,1.3800000000000001
1949,0.00031424000000000003,1.3,1.42
1950,0.0003144,1.32,1.44
1951,0.00031456,1.34,1.44
1952,0.00031472,1.36,1.46
1953,0.00031488,1.36,1.46
1954,0.00031504,1.36,1.5
1955,0.0003152,1.3800000000000001,1.52
1956,0.00031536,1.4000000000000001,1.52
1957,0.00031552,1.42,1.54
1958,0.00031568,1.44,1.56
1959,0.00031584,1.44,1.58
1960,0.00031600000000000004,1.46,1.58
1961,0.00031616,1.48,1.6
1962,0.00031632000000000003,1.48,1.6
1963,0.00031648,1.5,1.62
1964,0.00031664000000000003,1.52,1.6400000000000001
1965,0.0003168,1.54,1.6400000000000001
1966,0.00031696000000000003,1.56,1.68
1967,0.00031712,1.56,1.7
1968,0.00031728,1.58,1.7
1969,0.00031744,1.58,1.72
1970,0.0003176,1.6,1.72
1971,0.00031776,1.62,1.74
1972,0.00031792,1.6400000000000001,1.76
1973,0.00031808,1.6400000000000001,1.78
1974,0.00031824,1.6600000000000001,1.8
1975,0.0003184,1.68,1.82
1976,0.00031856,1.7,1.8
1977,0.00031872,1.7,1.84
1978,0.00031888,1.72,1.84
1979,0.00031904000000000004,1.72,1.8800000000000001
1980,0.0003192,1.76,1.8800000000000001
1981,0.00031936000000000003,1.76,1.9000000000000001
1982,0.00031952,1.78,1.92
1983,0.00031968000000000003,1.8,1.94
1984,0.00031984,1.8,1.96
1985,0.00032,1.82,1.96
1986,0.00032016,1.84,1.96
1987,0.00032032,1.84,2.0
1988,0.00032048,1.86,2.02
1989,0.00032064,1.8800000000000001,2.02
1990,0.0003208,1.8800000000000001,2.04
1991,0.00032096,1.9000000000000001,2.06
1992,0.00032112,1.92,2.08
1993,0.00032128,1.94,2.08
1994,0.00032144,1.96,2.1
1995,0.0003216,1.96,2.12
1996,0.00032176000000000004,1.98,2.12
1997,0.00032192,2.0,2.14
1998,0.00032208000000000003,2.02,1.8800000000000001
1999,0.00032224,2.9,1.9000000000000001
