,time,v1,v2
0,8.24e-05,3.18,3.4
1,8.248e-05,3.18,3.42
2,8.256e-05,3.18,3.42
3,8.264e-05,3.2,3.44
4,8.272e-05,3.22,3.44
5,8.28e-05,3.22,3.46
6,8.287999999999999e-05,3.2600000000000002,3.46
7,8.295999999999999e-05,3.2600000000000002,3.48
8,8.303999999999999e-05,3.2600000000000002,3.48
9,8.312e-05,3.2800000000000002,3.5
10,8.32e-05,3.2800000000000002,3.52
11,8.328e-05,3.3000000000000003,3.52
12,8.336e-05,3.3000000000000003,3.54
13,8.344e-05,3.3200000000000003,3.54
14,8.352e-05,3.3200000000000003,3.56
15,8.36e-05,3.34,3.56
16,8.368e-05,3.34,3.58
17,8.376e-05,3.36,3.6
18,8.384e-05,3.38,3.6
19,8.392e-05,3.38,3.62
20,8.4e-05,3.4,3.64
21,8.408e-05,3.4,3.64
22,8.416e-05,3.42,3.66
23,8.423999999999999e-05,3.44,3.66
24,8.431999999999999e-05,3.46,3.68
25,8.439999999999999e-05,3.46,3.7
26,8.447999999999999e-05,3.46,3.7
27,8.456e-05,3.48,3.72
28,8.464e-05,3.48,3.74
29,8.472e-05,3.5,3.74
30,8.48e-05,3.52,3.7600000000000002
31,8.488e-05,3.52,3.7600000000000002
32,8.496e-05,3.54,3.7800000000000002
33,8.504e-05,3.54,3.8000000000000003
34,8.512e-05,3.56,3.8000000000000003
35,8.52e-05,3.56,3.8200000000000003
36,8.528e-05,3.58,3.8200000000000003
37,8.536e-05,3.58,3.84
38,8.544e-05,3.6,3.86
39,8.552e-05,3.6,3.86
40,8.56e-05,3.62,3.88
41,8.567999999999999e-05,3.62,3.9
42,8.575999999999999e-05,3.64,3.9
43,8.583999999999999e-05,3.66,3.9
44,8.591999999999999e-05,3.66,3.92
45,8.6e-05,3.68,3.92
46,8.608e-05,3.68,3.94
47,8.616e-05,3.72,3.94
48,8.624e-05,3.7,3.96
49,8.632e-05,3.74,3.98
50,8.64e-05,3.74,3.98
51,8.648e-05,3.74,4.0
52,8.656e-05,3.7600000000000002,4.0200000000000005
53,8.664e-05,3.7600000000000002,4.04
54,8.672e-05,3.7800000000000002,4.04
55,8.68e-05,3.8000000000000003,4.04
56,8.688e-05,3.8200000000000003,4.0600000000000005
57,8.696e-05,3.8200000000000003,4.08
58,8.704e-05,3.8200000000000003,4.08
59,8.711999999999999e-05,3.84,4.1
60,8.719999999999999e-05,3.86,4.1
61,8.727999999999999e-05,3.86,4.12
62,8.736e-05,3.88,4.14
63,8.744e-05,3.88,4.14
64,8.752e-05,3.9,4.16
65,8.76e-05,3.9,4.18
66,8.768e-05,3.92,4.18
67,8.776e-05,3.92,4.2
68,8.784e-05,3.94,4.2
69,8.792e-05,3.94,4.22
70,8.8e-05,3.96,4.24
71,8.808e-05,3.96,4.24
72,8.816e-05,4.0,4.26
73,8.824e-05,4.0200000000000005,4.26
74,8.832e-05,4.0200000000000005,4.28
75,8.84e-05,4.0200000000000005,4.28
76,8.847999999999999e-05,4.04,4.3
77,8.855999999999999e-05,4.0600000000000005,4.3
78,8.863999999999999e-05,4.0600000000000005,4.32
79,8.872e-05,4.0600000000000005,4.34
80,8.879999999999999e-05,4.08,4.34
81,8.888e-05,4.1,4.36
82,8.896e-05,4.1,4.36
83,8.904e-05,4.1,4.38
84,8.912e-05,4.12,4.42
85,8.92e-05,4.12,4.42
86,8.928e-05,4.14,4.42
87,8.936e-05,4.16,4.42
88,8.944e-05,4.18,4.44
89,8.952e-05,4.18,4.46
90,8.96e-05,4.2,4.48
91,8.968e-05,4.2,4.48
92,8.976e-05,4.22,4.5
93,8.984e-05,4.22,4.5
94,8.991999999999999e-05,4.24,4.5200000000000005
95,8.999999999999999e-05,4.24,4.5200000000000005
96,9.008e-05,4.28,4.54
97,9.015999999999999e-05,4.28,4.54
98,9.024e-05,4.28,4.5600000000000005
99,9.032e-05,4.28,4.58
100,9.04e-05,4.3,4.58
101,9.048e-05,4.32,4.6000000000000005
102,9.056e-05,4.32,4.62
103,9.064e-05,4.34,4.62
104,9.072e-05,4.36,4.64
105,9.08e-05,4.36,4.66
106,9.088e-05,4.38,4.66
107,9.096e-05,4.38,4.66
108,9.104e-05,4.4,4.68
109,9.112e-05,4.4,4.7
110,9.12e-05,4.42,4.7
111,9.128e-05,4.44,4.72
112,9.135999999999999e-05,4.44,4.72
113,9.143999999999999e-05,4.44,4.74
114,9.151999999999999e-05,4.46,4.74
115,9.16e-05,4.48,4.78
116,9.168e-05,4.48,4.78
117,9.176e-05,4.5,4.8
118,9.184e-05,4.5,4.8
119,9.192e-05,4.5200000000000005,4.84
120,9.2e-05,4.54,4.82
121,9.208e-05,4.54,4.84
122,9.216e-05,4.5600000000000005,4.86
123,9.224e-05,4.5600000000000005,4.88
124,9.232e-05,4.58,4.88
125,9.24e-05,4.58,4.88
126,9.248e-05,4.6000000000000005,4.9
127,9.256e-05,4.6000000000000005,4.92
128,9.264e-05,4.62,4.92
129,9.271999999999999e-05,4.62,4.92
130,9.279999999999999e-05,4.66,4.94
131,9.287999999999999e-05,4.5600000000000005,4.7
132,9.296e-05,3.92,0.1
133,9.303999999999999e-05,3.38,0.1
134,9.312e-05,2.9,0.1
135,9.32e-05,2.52,0.12
136,9.328e-05,2.2,0.1
137,9.336e-05,1.92,0.1
138,9.344e-05,1.68,0.12
139,9.352e-05,1.48,0.14
140,9.36e-05,1.3,0.12
141,9.368e-05,1.16,0.16
142,9.376e-05,1.02,0.16
143,9.384e-05,0.92,0.18
144,9.392e-05,0.84,0.18
145,9.4e-05,0.76,0.18
146,9.408e-05,0.68,0.2
147,9.415999999999999e-05,0.62,0.22
148,9.423999999999999e-05,0.58,0.22
149,9.432e-05,0.54,0.24
150,9.439999999999999e-05,0.52,0.24
151,9.448e-05,0.48,0.26
152,9.456e-05,0.46,0.26
153,9.464e-05,0.44,0.26
154,9.472e-05,0.42,0.3
155,9.48e-05,0.4,0.3
156,9.488e-05,0.4,0.3
157,9.496e-05,0.4,0.34
158,9.504e-05,0.4,0.34
159,9.512e-05,0.4,0.34
160,9.52e-05,0.38,0.36
161,9.528e-05,0.4,0.38
162,9.536e-05,0.4,0.38
163,9.544e-05,0.4,0.4
164,9.552e-05,0.4,0.4
165,9.559999999999999e-05,0.4,0.42
166,9.567999999999999e-05,0.42,0.42
167,9.575999999999999e-05,0.42,0.44
168,9.584e-05,0.42,0.46
169,9.592e-05,0.42,0.46
170,9.6e-05,0.44,0.48
171,9.608e-05,0.44,0.48
172,9.616e-05,0.46,0.5
173,9.624e-05,0.46,0.52
174,9.632e-05,0.48,0.52
175,9.64e-05,0.48,0.54
176,9.648e-05,0.48,0.54
177,9.656e-05,0.5,0.56
178,9.664e-05,0.5,0.58
179,9.672e-05,0.52,0.58
180,9.68e-05,0.52,0.6
181,9.688e-05,0.54,0.62
182,9.696e-05,0.54,0.62
183,9.703999999999999e-05,0.56,0.64
184,9.711999999999999e-05,0.56,0.64
185,9.72e-05,0.58,0.66
186,9.727999999999999e-05,0.6,0.66
187,9.736e-05,0.6,0.68
188,9.744e-05,0.62,0.7000000000000001
189,9.752e-05,0.62,0.7000000000000001
190,9.76e-05,0.64,0.72
191,9.768e-05,0.64,0.74
192,9.776e-05,0.66,0.74
193,9.784e-05,0.68,0.76
194,9.792e-05,0.68,0.76
195,9.8e-05,0.68,0.78
196,9.808e-05,0.7000000000000001,0.78
197,9.816e-05,0.72,0.8
198,9.824e-05,0.72,0.8200000000000001
199,9.832e-05,0.72,0.8200000000000001
200,9.839999999999999e-05,0.74,0.84
201,9.847999999999999e-05,0.76,0.86
202,9.856e-05,0.76,0.86
203,9.863999999999999e-05,0.78,0.88
204,9.872e-05,0.78,0.88
205,9.879999999999999e-05,0.8,0.9
206,9.888e-05,0.8200000000000001,0.9
207,9.896e-05,0.8200000000000001,0.9
208,9.904e-05,0.8200000000000001,0.9400000000000001
209,9.912e-05,0.84,0.96
210,9.92e-05,0.86,0.96
211,9.928e-05,0.86,0.98
212,9.936e-05,0.88,0.98
213,9.944e-05,0.88,1.0
214,9.952e-05,0.9,1.0
215,9.96e-05,0.9,1.02
216,9.968e-05,0.92,1.04
217,9.976e-05,0.92,1.04
218,9.983999999999999e-05,0.9400000000000001,1.06
219,9.992e-05,0.96,1.06
220,9.999999999999999e-05,0.96,1.08
221,0.00010008,0.98,1.1
222,0.00010015999999999999,0.98,1.08
223,0.00010024,1.0,1.12
224,0.00010032,1.02,1.1
225,0.0001004,1.0,1.1400000000000001
226,0.00010048,1.04,1.1400000000000001
227,0.00010056,1.04,1.16
228,0.00010064,1.06,1.16
229,0.00010072,1.06,1.18
230,0.0001008,1.08,1.18
231,0.00010088,1.1,1.2
232,0.00010096,1.1,1.22
233,0.00010104,1.1,1.22
234,0.00010112,1.12,1.24
235,0.0001012,1.1400000000000001,1.26
236,0.00010127999999999999,1.1400000000000001,1.26
237,0.00010135999999999999,1.16,1.26
238,0.00010144,1.1400000000000001,1.3
239,0.00010151999999999999,1.18,1.3
240,0.0001016,1.18,1.32
241,0.00010168,1.2,1.34
242,0.00010176,1.2,1.34
243,0.00010184,1.2,1.36
244,0.00010192,1.24,1.36
245,0.000102,1.24,1.3800000000000001
246,0.00010208,1.24,1.3800000000000001
247,0.00010216,1.26,1.3800000000000001
248,0.00010224,1.28,1.42
249,0.00010232,1.28,1.42
250,0.0001024,1.3,1.44
251,0.00010248,1.32,1.44
252,0.00010256,1.32,1.46
253,0.00010263999999999999,1.34,1.46
254,0.00010271999999999999,1.34,1.48
255,0.0001028,1.36,1.5
256,0.00010287999999999999,1.36,1.5
257,0.00010296,1.3800000000000001,1.52
258,0.00010303999999999999,1.3800000000000001,1.52
259,0.00010312,1.4000000000000001,1.54
260,0.0001032,1.4000000000000001,1.54
261,0.00010328,1.42,1.56
262,0.00010336,1.44,1.56
263,0.00010344,1.44,1.58
264,0.00010352,1.46,1.6
265,0.0001036,1.46,1.6
266,0.00010368,1.48,1.62
267,0.00010376,1.48,1.6400000000000001
268,0.00010384,1.5,1.6400000000000001
269,0.00010392,1.5,1.6600000000000001
270,0.000104,1.52,1.6600000000000001
271,0.00010407999999999999,1.52,1.68
272,0.00010416,1.52,1.68
273,0.00010423999999999999,1.56,1.7
274,0.00010432,1.56,1.72
275,0.00010439999999999999,1.58,1.72
276,0.00010448,1.6,1.74
277,0.00010456,1.58,1.74
278,0.00010464,1.6,1.76
279,0.00010472,1.62,1.78
280,0.0001048,1.6400000000000001,1.78
281,0.00010488,1.6400000000000001,1.78
282,0.00010496,1.6600000000000001,1.8
283,0.00010504,1.6600000000000001,1.82
284,0.00010512,1.68,1.82
285,0.0001052,1.68,1.84
286,0.00010528,1.7,1.86
287,0.00010536,1.72,1.86
288,0.00010544,1.72,1.8800000000000001
289,0.00010551999999999999,1.72,1.8800000000000001
290,0.00010559999999999999,1.74,1.9000000000000001
291,0.00010568,1.76,1.92
292,0.00010575999999999999,1.76,1.92
293,0.00010584,1.78,1.94
294,0.00010592,1.78,1.94
295,0.000106,1.8,1.96
296,0.00010608,1.8,1.98
297,0.00010616,1.82,1.98
298,0.00010624,1.84,2.0
299,0.00010632,1.84,2.0
300,0.0001064,1.86,2.0
301,0.00010648,1.86,2.04
302,0.00010656,1.8800000000000001,2.02
303,0.00010664,1.8800000000000001,2.06
304,0.00010672,1.9000000000000001,2.06
305,0.0001068,1.92,2.08
306,0.00010687999999999999,1.92,2.08
307,0.00010695999999999999,1.92,2.1
308,0.00010704,1.94,2.12
309,0.00010711999999999999,1.96,2.12
310,0.0001072,1.96,2.14
311,0.00010727999999999999,1.98,2.16
312,0.00010736,2.0,2.16
313,0.00010744,2.0,2.18
314,0.00010752,2.02,2.18
315,0.0001076,2.02,2.2
316,0.00010768,2.04,2.2
317,0.00010776,2.04,2.22
318,0.00010784,2.06,2.24
319,0.00010792,2.06,2.24
320,0.000108,2.08,2.24
321,0.00010808,2.1,2.2600000000000002
322,0.00010816,2.1,2.2800000000000002
323,0.00010824,2.12,2.2800000000000002
324,0.00010831999999999999,2.12,2.3000000000000003
325,0.0001084,2.14,2.3000000000000003
326,0.00010847999999999999,2.14,2.32
327,0.00010856,2.14,2.34
328,0.00010863999999999999,2.16,2.36
329,0.00010872,2.18,2.36
330,0.0001088,2.18,2.38
331,0.00010888,2.2,2.38
332,0.00010896,2.22,2.4
333,0.00010904,2.24,2.4
334,0.00010912,2.24,2.42
335,0.0001092,2.24,2.44
336,0.00010928,2.2600000000000002,2.44
337,0.00010936,2.2800000000000002,2.46
338,0.00010944,2.2800000000000002,2.48
339,0.00010952,2.3000000000000003,2.48
340,0.0001096,2.3000000000000003,2.5
341,0.00010968,2.32,2.5
342,0.00010975999999999999,2.32,2.52
343,0.00010983999999999999,2.32,2.52
344,0.00010992,2.34,2.54
345,0.00010999999999999999,2.36,2.54
346,0.00011008,2.38,2.56
347,0.00011016,2.38,2.56
348,0.00011024,2.4,2.58
349,0.00011032,2.4,2.58
350,0.0001104,2.42,2.6
351,0.00011048,2.42,2.6
352,0.00011056,2.44,2.62
353,0.00011064,2.46,2.64
354,0.00011072,2.46,2.66
355,0.0001108,2.46,2.66
356,0.00011088,2.48,2.66
357,0.00011096,2.48,2.68
358,0.00011104,2.5,2.7
359,0.00011111999999999999,2.5,2.7
360,0.00011119999999999999,2.52,2.72
361,0.00011128,2.52,2.72
362,0.00011135999999999999,2.54,2.74
363,0.00011144,2.56,2.7600000000000002
364,0.00011151999999999999,2.56,2.7600000000000002
365,0.0001116,2.58,2.7800000000000002
366,0.00011168,2.58,2.7800000000000002
367,0.00011176,2.6,2.8000000000000003
368,0.00011184,2.62,2.8000000000000003
369,0.00011192,2.62,2.82
370,0.000112,2.64,2.84
371,0.00011208,2.64,2.84
372,0.00011216,2.66,2.86
373,0.00011224,2.66,2.86
374,0.00011232,2.68,2.88
375,0.0001124,2.68,2.88
376,0.00011248,2.7,2.9
377,0.00011255999999999999,2.7,2.92
378,0.00011264,2.72,2.92
379,0.00011271999999999999,2.72,2.96
380,0.0001128,2.74,2.94
381,0.00011287999999999999,2.7600000000000002,2.96
382,0.00011296,2.7600000000000002,2.98
383,0.00011303999999999999,2.7800000000000002,3.0
384,0.00011312,2.7800000000000002,3.0
385,0.0001132,2.8000000000000003,3.02
386,0.00011328,2.82,3.02
387,0.00011336,2.82,3.02
388,0.00011344,2.84,3.06
389,0.00011352,2.84,3.06
390,0.0001136,2.86,3.06
391,0.00011368,2.86,3.08
392,0.00011376,2.88,3.08
393,0.00011384000000000001,2.88,3.1
394,0.00011392,2.9,3.12
395,0.000114,2.9,3.14
396,0.00011407999999999999,2.92,3.14
397,0.00011416,2.92,3.16
398,0.00011423999999999999,2.94,3.16
399,0.00011432,2.96,3.18
400,0.00011439999999999999,2.96,3.18
401,0.00011448,2.96,3.2
402,0.00011456,2.98,3.2
403,0.00011464,3.0,3.22
404,0.00011472,3.02,3.24
405,0.0001148,3.02,3.24
406,0.00011488,3.04,3.2800000000000002
407,0.00011496,3.04,3.2800000000000002
408,0.00011504,3.06,3.2800000000000002
409,0.00011512,3.08,3.3000000000000003
410,0.0001152,3.1,3.3000000000000003
411,0.00011528,3.1,3.3200000000000003
412,0.00011536000000000001,3.12,3.34
413,0.00011543999999999999,3.12,3.34
414,0.00011552,3.12,3.36
415,0.00011559999999999999,3.14,3.36
416,0.00011568,3.16,3.38
417,0.00011575999999999999,3.16,3.4
418,0.00011584,3.18,3.4
419,0.00011591999999999999,3.18,3.42
420,0.000116,3.2,3.42
421,0.00011608,3.2,3.44
422,0.00011616,3.22,3.46
423,0.00011624,3.24,3.48
424,0.00011632,3.2600000000000002,3.48
425,0.0001164,3.2600000000000002,3.48
426,0.00011648,3.2600000000000002,3.5
427,0.00011656,3.2800000000000002,3.52
428,0.00011664,3.2800000000000002,3.52
429,0.00011672000000000001,3.3000000000000003,3.54
430,0.00011679999999999999,3.3200000000000003,3.54
431,0.00011688,3.3200000000000003,3.56
432,0.00011695999999999999,3.36,3.56
433,0.00011704,3.34,3.58
434,0.00011711999999999999,3.36,3.6
435,0.0001172,3.36,3.6
436,0.00011727999999999999,3.38,3.62
437,0.00011736,3.4,3.64
438,0.00011744,3.42,3.64
439,0.00011752,3.42,3.64
440,0.0001176,3.42,3.66
441,0.00011768,3.44,3.68
442,0.00011776,3.44,3.7
443,0.00011784,3.46,3.7
444,0.00011792,3.46,3.72
445,0.000118,3.5,3.72
446,0.00011808000000000001,3.48,3.74
447,0.00011816,3.5,3.7600000000000002
448,0.00011824,3.52,3.7600000000000002
449,0.00011831999999999999,3.52,3.7800000000000002
450,0.0001184,3.54,3.7800000000000002
451,0.00011847999999999999,3.56,3.8000000000000003
452,0.00011856,3.56,3.8200000000000003
453,0.00011863999999999999,3.56,3.84
454,0.00011872,3.58,3.84
455,0.0001188,3.6,3.84
456,0.00011888,3.6,3.86
457,0.00011896,3.62,3.86
458,0.00011904,3.62,3.88
459,0.00011912,3.64,3.9
460,0.0001192,3.64,3.9
461,0.00011928,3.66,3.92
462,0.00011936,3.68,3.92
463,0.00011944,3.68,3.94
464,0.00011952,3.72,3.96
465,0.00011960000000000001,3.7,3.96
466,0.00011967999999999999,3.72,3.98
467,0.00011976,3.74,4.0
468,0.00011983999999999999,3.74,4.0
469,0.00011992,3.74,4.0
470,0.00011999999999999999,3.7600000000000002,4.0200000000000005
471,0.00012008,3.7800000000000002,4.0200000000000005
472,0.00012015999999999999,3.7800000000000002,4.04
473,0.00012024,3.8000000000000003,4.0600000000000005
474,0.00012032,3.8000000000000003,4.08
475,0.0001204,3.84,4.08
476,0.00012048,3.86,4.1
477,0.00012056,3.86,4.1
478,0.00012064,3.86,4.12
479,0.00012072,3.86,4.12
480,0.0001208,3.88,4.16
481,0.00012088,3.88,4.16
482,0.00012096000000000001,3.9,4.16
483,0.00012103999999999999,3.9,4.16
484,0.00012112,3.92,4.2
485,0.00012119999999999999,3.94,4.2
486,0.00012128,3.96,4.22
487,0.00012135999999999999,3.96,4.24
488,0.00012144,3.98,4.24
489,0.00012151999999999999,3.98,4.24
490,0.0001216,4.0,4.28
491,0.00012168,4.0,4.26
492,0.00012176,4.0200000000000005,4.28
493,0.00012184,4.0200000000000005,4.3
494,0.00012192,4.04,4.3
495,0.000122,4.04,4.32
496,0.00012208,4.0600000000000005,4.34
497,0.00012216,4.0600000000000005,4.34
498,0.00012224,4.08,4.36
499,0.00012232,4.08,4.36
500,0.0001224,4.1,4.38
501,0.00012248,4.12,4.4
502,0.00012256,4.12,4.42
503,0.00012264,4.14,4.42
504,0.00012272,4.14,4.42
505,0.0001228,4.16,4.44
506,0.00012288,4.18,4.46
507,0.00012296,4.18,4.46
508,0.00012304,4.2,4.48
509,0.00012312,4.2,4.5
510,0.0001232,4.22,4.5
511,0.00012328,4.22,4.5200000000000005
512,0.00012335999999999998,4.24,4.5200000000000005
513,0.00012344,4.24,4.54
514,0.00012352,4.28,4.54
515,0.0001236,4.26,4.5600000000000005
516,0.00012367999999999998,4.3,4.5600000000000005
517,0.00012376,4.3,4.58
518,0.00012384,4.3,4.6000000000000005
519,0.00012392,4.32,4.6000000000000005
520,0.000124,4.32,4.62
521,0.00012408,4.34,4.64
522,0.00012416,4.36,4.64
523,0.00012424,4.38,4.66
524,0.00012432,4.38,4.66
525,0.0001244,4.4,4.68
526,0.00012448,4.4,4.7
527,0.00012456000000000001,4.42,4.7
528,0.00012464,4.42,4.7
529,0.00012471999999999998,4.44,4.72
530,0.0001248,4.44,4.74
531,0.00012488,4.46,4.74
532,0.00012496,4.46,4.76
533,0.00012503999999999998,4.48,4.78
534,0.00012512,4.48,4.78
535,0.0001252,4.5,4.78
536,0.00012528,4.5,4.82
537,0.00012536,4.5200000000000005,4.82
538,0.00012544,4.54,4.84
539,0.00012552,4.54,4.84
540,0.0001256,4.5600000000000005,4.86
541,0.00012568,4.5600000000000005,4.86
542,0.00012576,4.58,4.88
543,0.00012584,4.58,4.88
544,0.00012592000000000001,4.6000000000000005,4.9
545,0.000126,4.62,4.92
546,0.00012607999999999999,4.62,4.92
547,0.00012616,4.64,4.94
548,0.00012624,4.66,4.94
549,0.00012632,4.32,-0.04
550,0.00012639999999999998,3.68,0.08
551,0.00012648,3.18,0.1
552,0.00012656,2.7600000000000002,0.1
553,0.00012664,2.38,0.12
554,0.00012672,2.08,0.12
555,0.0001268,1.82,0.12
556,0.00012688,1.6,0.12
557,0.00012696,1.4000000000000001,0.14
558,0.00012704,1.24,0.14
559,0.00012712,1.1,0.14
560,0.0001272,0.98,0.16
561,0.00012728000000000001,0.9,0.18
562,0.00012736,0.78,0.18
563,0.00012743999999999999,0.72,0.2
564,0.00012752,0.66,0.2
565,0.0001276,0.62,0.2
566,0.00012768,0.56,0.22
567,0.00012775999999999998,0.52,0.24
568,0.00012784,0.5,0.24
569,0.00012792,0.46,0.26
570,0.000128,0.44,0.28
571,0.00012808,0.44,0.28
572,0.00012816,0.42,0.3
573,0.00012824,0.4,0.3
574,0.00012832,0.4,0.3
575,0.0001284,0.4,0.34
576,0.00012848,0.4,0.34
577,0.00012856,0.4,0.36
578,0.00012864,0.38,0.36
579,0.00012872,0.4,0.38
580,0.0001288,0.4,0.38
581,0.00012888,0.4,0.4
582,0.00012896,0.4,0.42
583,0.00012904,0.4,0.42
584,0.00012911999999999998,0.42,0.42
585,0.0001292,0.42,0.44
586,0.00012928,0.42,0.46
587,0.00012936,0.44,0.48
588,0.00012944,0.44,0.48
589,0.00012952,0.44,0.5
590,0.0001296,0.46,0.5
591,0.00012968,0.46,0.52
592,0.00012976,0.48,0.54
593,0.00012984,0.48,0.54
594,0.00012992,0.48,0.56
595,0.00013,0.5,0.58
596,0.00013008,0.52,0.58
597,0.00013016,0.52,0.6
598,0.00013024,0.54,0.6
599,0.00013032,0.54,0.62
600,0.0001304,0.56,0.62
601,0.00013047999999999998,0.56,0.64
602,0.00013056,0.56,0.66
603,0.00013064,0.58,0.66
604,0.00013072,0.58,0.68
605,0.0001308,0.62,0.68
606,0.00013088,0.62,0.7000000000000001
607,0.00013096,0.62,0.7000000000000001
608,0.00013104,0.64,0.72
609,0.00013112,0.66,0.74
610,0.0001312,0.66,0.76
611,0.00013128,0.68,0.76
612,0.00013136,0.68,0.76
613,0.00013144,0.7000000000000001,0.78
614,0.00013152,0.68,0.8
615,0.0001316,0.72,0.8200000000000001
616,0.00013168,0.72,0.8200000000000001
617,0.00013176,0.74,0.8200000000000001
618,0.00013183999999999998,0.74,0.84
619,0.00013192,0.76,0.86
620,0.000132,0.78,0.86
621,0.00013208,0.78,0.86
622,0.00013215999999999998,0.8,0.9
623,0.00013224,0.8,0.9
624,0.00013232,0.8200000000000001,0.92
625,0.0001324,0.84,0.92
626,0.00013248,0.84,0.9400000000000001
627,0.00013256,0.84,0.96
628,0.00013264,0.86,0.96
629,0.00013272,0.86,0.98
630,0.0001328,0.88,0.98
631,0.00013288,0.88,1.0
632,0.00013296,0.88,1.02
633,0.00013304000000000001,0.9,1.02
634,0.00013312,0.92,1.04
635,0.00013319999999999999,0.9400000000000001,1.04
636,0.00013328,0.96,1.06
637,0.00013336,0.96,1.08
638,0.00013344,0.96,1.08
639,0.00013351999999999998,0.98,1.1
640,0.0001336,0.98,1.1
641,0.00013368,1.0,1.12
642,0.00013376,1.02,1.1400000000000001
643,0.00013384,1.02,1.1400000000000001
644,0.00013392,1.04,1.16
645,0.000134,1.04,1.16
646,0.00013408,1.04,1.18
647,0.00013416,1.06,1.18
648,0.00013424,1.08,1.2
649,0.00013432,1.08,1.22
650,0.00013440000000000001,1.1,1.22
651,0.00013448,1.12,1.24
652,0.00013455999999999999,1.12,1.24
653,0.00013464,1.1400000000000001,1.24
654,0.00013472,1.1400000000000001,1.28
655,0.0001348,1.16,1.28
656,0.00013487999999999998,1.16,1.3
657,0.00013496,1.18,1.32
658,0.00013504,1.2,1.3
659,0.00013512,1.2,1.34
660,0.0001352,1.22,1.36
661,0.00013528,1.24,1.36
662,0.00013536,1.24,1.36
663,0.00013544,1.24,1.3800000000000001
664,0.00013552,1.24,1.4000000000000001
665,0.0001356,1.26,1.4000000000000001
666,0.00013568,1.26,1.42
667,0.00013576000000000001,1.3,1.42
668,0.00013584,1.3,1.44
669,0.00013591999999999999,1.3,1.46
670,0.000136,1.32,1.46
671,0.00013608,1.34,1.48
672,0.00013616,1.34,1.48
673,0.00013623999999999998,1.34,1.5
674,0.00013632,1.36,1.5
675,0.0001364,1.3800000000000001,1.52
676,0.00013648,1.3800000000000001,1.52
677,0.00013656,1.4000000000000001,1.54
678,0.00013664,1.42,1.54
679,0.00013672,1.42,1.56
680,0.0001368,1.42,1.56
681,0.00013688,1.44,1.58
682,0.00013696,1.46,1.58
683,0.00013704,1.48,1.62
684,0.00013712,1.48,1.6
685,0.0001372,1.5,1.62
686,0.00013728,1.5,1.6400000000000001
687,0.00013736,1.52,1.6400000000000001
688,0.00013744,1.52,1.68
689,0.00013752,1.54,1.6600000000000001
690,0.00013759999999999998,1.54,1.68
691,0.00013768,1.56,1.7
692,0.00013776,1.56,1.72
693,0.00013784,1.58,1.74
694,0.00013792,1.58,1.74
695,0.000138,1.6,1.76
696,0.00013808,1.62,1.76
697,0.00013816,1.6,1.78
698,0.00013824,1.6400000000000001,1.78
699,0.00013832,1.6400000000000001,1.8
700,0.0001384,1.6600000000000001,1.8
701,0.00013848,1.6600000000000001,1.82
702,0.00013856,1.6600000000000001,1.84
703,0.00013864,1.68,1.84
704,0.00013872,1.7,1.86
705,0.0001388,1.72,1.8800000000000001
706,0.00013888,1.72,1.86
707,0.00013895999999999998,1.72,1.8800000000000001
708,0.00013904,1.76,1.9000000000000001
709,0.00013912,1.76,1.92
710,0.0001392,1.78,1.92
711,0.00013928,1.78,1.92
712,0.00013936,1.8,1.94
713,0.00013944,1.8,1.96
714,0.00013952,1.82,1.98
715,0.0001396,1.82,2.0
716,0.00013968,1.84,2.0
717,0.00013976,1.84,2.02
718,0.00013984,1.86,2.02
719,0.00013992,1.86,2.04
720,0.00014,1.8800000000000001,2.04
721,0.00014008,1.9000000000000001,2.06
722,0.00014016,1.9000000000000001,2.08
723,0.00014024,1.92,2.08
724,0.00014031999999999998,1.92,2.1
725,0.0001404,1.94,2.12
726,0.00014048,1.96,2.12
727,0.00014056,1.96,2.14
728,0.00014063999999999998,1.98,2.12
729,0.00014072,1.98,2.16
730,0.0001408,2.0,2.18
731,0.00014088,2.0,2.18
732,0.00014096,2.02,2.2
733,0.00014104,2.04,2.2
734,0.00014112,2.02,2.2
735,0.0001412,2.06,2.24
736,0.00014128,2.06,2.24
737,0.00014136,2.08,2.2600000000000002
738,0.00014144,2.08,2.2600000000000002
739,0.00014152000000000001,2.1,2.2800000000000002
740,0.0001416,2.1,2.2800000000000002
741,0.00014167999999999999,2.12,2.3000000000000003
742,0.00014176,2.14,2.3000000000000003
743,0.00014184,2.14,2.32
744,0.00014192,2.16,2.34
745,0.00014199999999999998,2.16,2.34
746,0.00014208,2.18,2.36
747,0.00014216,2.18,2.36
748,0.00014224,2.2,2.38
749,0.00014232,2.22,2.4
750,0.0001424,2.22,2.4
751,0.00014248,2.22,2.4
752,0.00014256,2.24,2.42
753,0.00014264,2.24,2.42
754,0.00014272,2.2600000000000002,2.44
755,0.0001428,2.2800000000000002,2.46
756,0.00014288000000000001,2.2800000000000002,2.48
757,0.00014296,2.3000000000000003,2.48
758,0.00014303999999999999,2.3000000000000003,2.48
759,0.00014312,2.32,2.5
760,0.0001432,2.34,2.5
761,0.00014328,2.34,2.52
762,0.00014335999999999998,2.36,2.54
763,0.00014344,2.36,2.56
764,0.00014352,2.38,2.56
765,0.0001436,2.38,2.58
766,0.00014367999999999998,2.4,2.58
767,0.00014376,2.4,2.6
768,0.00014384,2.42,2.6
769,0.00014392000000000002,2.42,2.62
770,0.000144,2.42,2.62
771,0.00014408,2.46,2.64
772,0.00014416,2.46,2.68
773,0.00014424000000000001,2.48,2.66
774,0.00014432,2.48,2.68
775,0.00014439999999999999,2.5,2.7
776,0.00014448,2.5,2.7
777,0.00014456,2.5,2.7
778,0.00014464,2.52,2.72
779,0.00014471999999999998,2.54,2.74
780,0.0001448,2.54,2.74
781,0.00014488,2.56,2.7600000000000002
782,0.00014496,2.56,2.7800000000000002
783,0.00014503999999999998,2.58,2.7800000000000002
784,0.00014512,2.58,2.7800000000000002
785,0.0001452,2.6,2.8000000000000003
786,0.00014528000000000002,2.62,2.8000000000000003
787,0.00014536,2.62,2.84
788,0.00014544,2.62,2.84
789,0.00014552,2.64,2.84
790,0.00014560000000000002,2.66,2.88
791,0.00014568,2.66,2.88
792,0.00014576,2.68,2.88
793,0.00014584,2.68,2.9
794,0.00014592,2.7,2.9
795,0.000146,2.72,2.92
796,0.00014607999999999998,2.72,2.94
797,0.00014616,2.72,2.94
798,0.00014624,2.74,2.96
799,0.00014632,2.7600000000000002,2.96
800,0.00014639999999999998,2.7800000000000002,2.98
801,0.00014648,2.8000000000000003,2.98
802,0.00014656,2.7800000000000002,3.0
803,0.00014664,2.8000000000000003,3.02
804,0.00014672,2.8000000000000003,3.02
805,0.0001468,2.82,3.04
806,0.00014688,2.84,3.06
807,0.00014696000000000002,2.84,3.06
808,0.00014704,2.86,3.08
809,0.00014712,2.88,3.08
810,0.0001472,2.88,3.1
811,0.00014728,2.88,3.1
812,0.00014736,2.9,3.14
813,0.00014743999999999998,2.92,3.14
814,0.00014752,2.92,3.14
815,0.0001476,2.94,3.18
816,0.00014768,2.94,3.18
817,0.00014775999999999998,2.96,3.18
818,0.00014784,2.96,3.18
819,0.00014792,2.98,3.2
820,0.000148,3.0,3.22
821,0.00014808,3.0,3.24
822,0.00014816,3.02,3.2600000000000002
823,0.00014824,3.02,3.2600000000000002
824,0.00014832000000000002,3.04,3.2800000000000002
825,0.0001484,3.04,3.2800000000000002
826,0.00014848,3.06,3.2800000000000002
827,0.00014856,3.06,3.3000000000000003
828,0.00014864,3.08,3.3200000000000003
829,0.00014872,3.1,3.34
830,0.00014879999999999998,3.1,3.34
831,0.00014888,3.12,3.36
832,0.00014896,3.14,3.36
833,0.00014904,3.14,3.38
834,0.00014911999999999998,3.16,3.4
835,0.0001492,3.16,3.4
836,0.00014928,3.18,3.42
837,0.00014936,3.18,3.44
838,0.00014943999999999998,3.2,3.44
839,0.00014952,3.22,3.44
840,0.0001496,3.24,3.46
841,0.00014968000000000002,3.24,3.46
842,0.00014976,3.2600000000000002,3.48
843,0.00014984,3.2600000000000002,3.48
844,0.00014992,3.2600000000000002,3.52
845,0.00015000000000000001,3.3000000000000003,3.52
846,0.00015008,3.3000000000000003,3.54
847,0.00015015999999999999,3.3000000000000003,3.54
848,0.00015024,3.3200000000000003,3.56
849,0.00015032,3.34,3.56
850,0.0001504,3.34,3.58
851,0.00015047999999999998,3.34,3.58
852,0.00015056,3.36,3.6
853,0.00015064,3.38,3.6
854,0.00015072,3.38,3.62
855,0.00015079999999999998,3.4,3.64
856,0.00015088,3.4,3.64
857,0.00015096,3.42,3.66
858,0.00015104000000000002,3.42,3.68
859,0.00015112,3.46,3.68
860,0.0001512,3.44,3.7
861,0.00015128,3.46,3.7
862,0.00015136000000000001,3.48,3.72
863,0.00015144,3.48,3.74
864,0.00015151999999999999,3.5,3.74
865,0.0001516,3.5,3.7600000000000002
866,0.00015168,3.52,3.7600000000000002
867,0.00015176,3.54,3.7800000000000002
868,0.00015183999999999998,3.54,3.8000000000000003
869,0.00015192,3.56,3.8200000000000003
870,0.000152,3.56,3.8200000000000003
871,0.00015208,3.56,3.8200000000000003
872,0.00015215999999999998,3.6,3.84
873,0.00015224,3.6,3.84
874,0.00015232,3.6,3.86
875,0.00015240000000000002,3.62,3.88
876,0.00015248,3.64,3.88
877,0.00015256,3.64,3.9
878,0.00015264,3.64,3.92
879,0.00015272000000000002,3.66,3.92
880,0.0001528,3.68,3.94
881,0.00015287999999999999,3.68,3.94
882,0.00015296,3.7,3.96
883,0.00015304,3.7,3.96
884,0.00015312,3.74,4.0
885,0.00015319999999999998,3.74,3.98
886,0.00015328,3.74,4.0
887,0.00015336,3.7800000000000002,4.0200000000000005
888,0.00015344,3.7800000000000002,4.0200000000000005
889,0.00015351999999999998,3.7800000000000002,4.04
890,0.0001536,3.8000000000000003,4.0600000000000005
891,0.00015368,3.8000000000000003,4.08
892,0.00015376000000000002,3.8200000000000003,4.08
893,0.00015384,3.8200000000000003,4.08
894,0.00015392,3.84,4.12
895,0.000154,3.86,4.1
896,0.00015408000000000002,3.86,4.12
897,0.00015416,3.88,4.14
898,0.00015424,3.88,4.14
899,0.00015432,3.9,4.16
900,0.0001544,3.9,4.16
901,0.00015448,3.92,4.18
902,0.00015455999999999998,3.92,4.2
903,0.00015464,3.94,4.2
904,0.00015472,3.96,4.22
905,0.0001548,3.96,4.22
906,0.00015487999999999998,3.98,4.24
907,0.00015496,3.98,4.26
908,0.00015504,4.0,4.26
909,0.00015512,4.0,4.26
910,0.0001552,4.0200000000000005,4.28
911,0.00015528,4.0200000000000005,4.3
912,0.00015536,4.04,4.3
913,0.00015544000000000002,4.04,4.32
914,0.00015552,4.0600000000000005,4.34
915,0.0001556,4.08,4.34
916,0.00015568,4.08,4.36
917,0.00015576,4.1,4.38
918,0.00015584,4.1,4.4
919,0.00015591999999999998,4.14,4.4
920,0.000156,4.14,4.42
921,0.00015608,4.14,4.42
922,0.00015616,4.16,4.44
923,0.00015623999999999998,4.16,4.46
924,0.00015632,4.18,4.46
925,0.0001564,4.18,4.48
926,0.00015648,4.22,4.48
927,0.00015656,4.22,4.5
928,0.00015664,4.22,4.5
929,0.00015672,4.24,4.5200000000000005
930,0.00015680000000000002,4.24,4.54
931,0.00015688,4.26,4.54
932,0.00015696,4.26,4.5600000000000005
933,0.00015704,4.28,4.5600000000000005
934,0.00015712000000000001,4.3,4.58
935,0.0001572,4.3,4.58
936,0.00015727999999999998,4.32,4.6000000000000005
937,0.00015736,4.32,4.6000000000000005
938,0.00015744,4.34,4.62
939,0.00015752,4.36,4.64
940,0.00015759999999999998,4.36,4.64
941,0.00015768,4.38,4.66
942,0.00015776,4.38,4.66
943,0.00015784,4.4,4.7
944,0.00015791999999999998,4.4,4.68
945,0.000158,4.42,4.7
946,0.00015808,4.44,4.72
947,0.00015816000000000002,4.44,4.72
948,0.00015824,4.44,4.76
949,0.00015832,4.46,4.76
950,0.0001584,4.48,4.78
951,0.00015848000000000001,4.48,4.78
952,0.00015856,4.5,4.8
953,0.00015863999999999999,4.5,4.8
954,0.00015872,4.5200000000000005,4.82
955,0.0001588,4.54,4.82
956,0.00015888,4.54,4.84
957,0.00015895999999999998,4.5600000000000005,4.84
958,0.00015904,4.5600000000000005,4.88
959,0.00015912,4.58,4.86
960,0.0001592,4.58,4.88
961,0.00015927999999999998,4.6000000000000005,4.9
962,0.00015936,4.6000000000000005,4.9
963,0.00015944,4.62,4.92
964,0.00015952000000000002,4.62,4.94
965,0.0001596,4.64,4.94
966,0.00015968,4.66,4.96
967,0.00015976,4.0600000000000005,0.32
968,0.00015984000000000001,3.48,0.12
969,0.00015992,3.0,0.1
970,0.00015999999999999999,2.58,0.1
971,0.00016008,2.2600000000000002,0.12
972,0.00016016,1.96,0.12
973,0.00016024,1.72,0.12
974,0.00016031999999999998,1.52,0.14
975,0.0001604,1.34,0.14
976,0.00016048,1.18,0.16
977,0.00016056,1.04,0.16
978,0.00016063999999999998,0.9400000000000001,0.16
979,0.00016072,0.86,0.18
980,0.0001608,0.78,0.2
981,0.00016088000000000002,0.7000000000000001,0.2
982,0.00016096,0.64,0.22
983,0.00016104,0.6,0.22
984,0.00016112,0.56,0.24
985,0.00016120000000000002,0.52,0.24
986,0.00016128,0.48,0.26
987,0.00016136,0.46,0.28
988,0.00016144,0.44,0.28
989,0.00016152,0.42,0.3
990,0.0001616,0.42,0.3
991,0.00016167999999999998,0.4,0.3
992,0.00016176,0.4,0.32
993,0.00016184,0.4,0.34
994,0.00016192,0.38,0.34
995,0.00016199999999999998,0.4,0.36
996,0.00016208,0.4,0.36
997,0.00016216,0.4,0.38
998,0.00016224000000000002,0.4,0.4
999,0.00016232,0.4,0.4
1000,0.0001624,0.4,0.42
1001,0.00016248,0.42,0.42
1002,0.00016256000000000002,0.42,0.44
1003,0.00016264,0.42,0.44
1004,0.00016272,0.44,0.46
1005,0.0001628,0.44,0.48
1006,0.00016288,0.44,0.48
1007,0.00016296,0.46,0.5
1008,0.00016303999999999998,0.46,0.52
1009,0.00016312,0.46,0.52
1010,0.0001632,0.48,0.54
1011,0.00016328,0.48,0.54
1012,0.00016335999999999998,0.5,0.56
1013,0.00016344,0.5,0.58
1014,0.00016352,0.52,0.58
1015,0.0001636,0.52,0.6
1016,0.00016368,0.54,0.6
1017,0.00016376,0.56,0.62
1018,0.00016384,0.56,0.64
1019,0.00016392000000000002,0.58,0.64
1020,0.000164,0.58,0.66
1021,0.00016408,0.6,0.66
1022,0.00016416,0.6,0.68
1023,0.00016424,0.62,0.68
1024,0.00016432,0.62,0.7000000000000001
1025,0.00016439999999999998,0.64,0.7000000000000001
1026,0.00016448,0.64,0.72
1027,0.00016456,0.66,0.74
1028,0.00016464,0.66,0.76
1029,0.00016471999999999998,0.68,0.74
1030,0.0001648,0.68,0.78
1031,0.00016488,0.7000000000000001,0.78
1032,0.00016496,0.7000000000000001,0.8
1033,0.00016504,0.72,0.8200000000000001
1034,0.00016512,0.74,0.8200000000000001
1035,0.0001652,0.74,0.84
1036,0.00016528000000000002,0.76,0.84
1037,0.00016536,0.76,0.86
1038,0.00016544,0.78,0.86
1039,0.00016552,0.8,0.88
1040,0.00016560000000000001,0.8,0.9
1041,0.00016568,0.8200000000000001,0.9
1042,0.00016575999999999999,0.8200000000000001,0.92
1043,0.00016584,0.84,0.92
1044,0.00016592,0.84,0.9400000000000001
1045,0.000166,0.86,0.9400000000000001
1046,0.00016607999999999998,0.86,0.96
1047,0.00016616,0.88,0.98
1048,0.00016624,0.88,1.0
1049,0.00016632,0.9,0.98
1050,0.00016639999999999998,0.92,1.0
1051,0.00016648,0.92,1.02
1052,0.00016656,0.9400000000000001,1.02
1053,0.00016664000000000002,0.9400000000000001,1.06
1054,0.00016672,0.96,1.06
1055,0.0001668,0.96,1.06
1056,0.00016688,0.98,1.08
1057,0.00016696000000000001,0.98,1.1
1058,0.00016704,1.0,1.1
1059,0.00016711999999999999,1.0,1.1
1060,0.0001672,1.02,1.1400000000000001
1061,0.00016728,1.02,1.12
1062,0.00016736,1.04,1.16
1063,0.00016743999999999998,1.06,1.16
1064,0.00016752,1.06,1.16
1065,0.0001676,1.08,1.18
1066,0.00016768,1.08,1.18
1067,0.00016775999999999998,1.1,1.22
1068,0.00016784,1.1,1.24
1069,0.00016792,1.12,1.24
1070,0.00016800000000000002,1.1400000000000001,1.26
1071,0.00016808,1.1400000000000001,1.26
1072,0.00016816,1.16,1.28
1073,0.00016824,1.16,1.3
1074,0.00016832000000000001,1.18,1.3
1075,0.0001684,1.18,1.32
1076,0.00016847999999999999,1.2,1.32
1077,0.00016856,1.2,1.34
1078,0.00016864,1.22,1.36
1079,0.00016872,1.22,1.36
1080,0.00016879999999999998,1.24,1.3800000000000001
1081,0.00016888,1.26,1.3800000000000001
1082,0.00016896,1.26,1.4000000000000001
1083,0.00016904,1.28,1.4000000000000001
1084,0.00016911999999999998,1.28,1.42
1085,0.0001692,1.3,1.44
1086,0.00016928,1.3,1.44
1087,0.00016936000000000002,1.32,1.46
1088,0.00016944,1.34,1.46
1089,0.00016952,1.34,1.48
1090,0.0001696,1.36,1.5
1091,0.00016968000000000002,1.36,1.5
1092,0.00016976,1.3800000000000001,1.52
1093,0.00016984,1.3800000000000001,1.52
1094,0.00016992,1.4000000000000001,1.54
1095,0.00017,1.4000000000000001,1.54
1096,0.00017008,1.42,1.56
1097,0.00017015999999999998,1.42,1.58
1098,0.00017024,1.44,1.58
1099,0.00017032,1.46,1.6
1100,0.0001704,1.46,1.6
1101,0.00017047999999999998,1.48,1.62
1102,0.00017056,1.48,1.62
1103,0.00017064,1.48,1.6400000000000001
1104,0.00017072000000000002,1.5,1.6600000000000001
1105,0.0001708,1.52,1.6600000000000001
1106,0.00017088,1.54,1.68
1107,0.00017096,1.52,1.68
1108,0.00017104000000000002,1.54,1.7
1109,0.00017112,1.54,1.7
1110,0.0001712,1.58,1.72
1111,0.00017128,1.58,1.74
1112,0.00017136,1.6,1.76
1113,0.00017144,1.6,1.74
1114,0.00017151999999999998,1.62,1.78
1115,0.0001716,1.6400000000000001,1.76
1116,0.00017168,1.6400000000000001,1.78
1117,0.00017176,1.6600000000000001,1.8
1118,0.00017183999999999998,1.6600000000000001,1.82
1119,0.00017192,1.6600000000000001,1.84
1120,0.000172,1.68,1.84
1121,0.00017208,1.7,1.86
1122,0.00017216,1.72,1.86
1123,0.00017224,1.72,1.8800000000000001
1124,0.00017232,1.74,1.8800000000000001
1125,0.00017240000000000002,1.74,1.8800000000000001
1126,0.00017248,1.76,1.92
1127,0.00017256,1.76,1.92
1128,0.00017264,1.78,1.94
1129,0.00017272,1.78,1.94
1130,0.0001728,1.8,1.96
1131,0.00017287999999999998,1.8,1.98
1132,0.00017296,1.82,1.98
1133,0.00017304,1.84,2.0
1134,0.00017312,1.84,2.0
1135,0.00017319999999999998,1.86,2.0
1136,0.00017328,1.86,2.02
1137,0.00017336,1.8800000000000001,2.04
1138,0.00017344,1.8800000000000001,2.06
1139,0.00017352,1.9000000000000001,2.04
1140,0.0001736,1.92,2.08
1141,0.00017368,1.92,2.1
1142,0.00017376000000000002,1.94,2.1
1143,0.00017384,1.94,2.1
1144,0.00017392,1.96,2.12
1145,0.000174,1.98,2.14
1146,0.00017408000000000001,1.98,2.14
1147,0.00017416,2.0,2.14
1148,0.00017423999999999999,2.0,2.16
1149,0.00017432,2.02,2.18
1150,0.0001744,2.02,2.2
1151,0.00017448,2.04,2.2
1152,0.00017455999999999998,2.06,2.22
1153,0.00017464,2.06,2.24
1154,0.00017472,2.08,2.2600000000000002
1155,0.0001748,2.06,2.2600000000000002
1156,0.00017487999999999998,2.1,2.2600000000000002
1157,0.00017496,2.1,2.2800000000000002
1158,0.00017504,2.12,2.2800000000000002
1159,0.00017512000000000002,2.12,2.2800000000000002
1160,0.0001752,2.14,2.3000000000000003
1161,0.00017528,2.14,2.32
1162,0.00017536,2.16,2.34
1163,0.00017544000000000001,2.16,2.34
1164,0.00017552,2.18,2.36
1165,0.00017559999999999999,2.2,2.36
1166,0.00017568,2.2,2.38
1167,0.00017576,2.22,2.4
1168,0.00017584,2.22,2.4
1169,0.00017591999999999998,2.24,2.42
1170,0.000176,2.24,2.42
1171,0.00017608,2.2600000000000002,2.44
1172,0.00017616,2.2600000000000002,2.46
1173,0.00017623999999999998,2.2800000000000002,2.46
1174,0.00017632,2.3000000000000003,2.46
1175,0.0001764,2.3000000000000003,2.5
1176,0.00017648000000000002,2.32,2.48
1177,0.00017656,2.34,2.5
1178,0.00017664,2.34,2.52
1179,0.00017672,2.34,2.54
1180,0.00017680000000000001,2.34,2.56
1181,0.00017688,2.38,2.56
1182,0.00017695999999999999,2.36,2.56
1183,0.00017704,2.38,2.58
1184,0.00017712,2.4,2.6
1185,0.0001772,2.42,2.6
1186,0.00017727999999999998,2.42,2.6
1187,0.00017736,2.44,2.62
1188,0.00017744,2.44,2.64
1189,0.00017752,2.44,2.64
1190,0.00017759999999999998,2.46,2.66
1191,0.00017768,2.48,2.66
1192,0.00017776,2.48,2.68
1193,0.00017784000000000002,2.5,2.7
1194,0.00017792,2.52,2.72
1195,0.000178,2.52,2.72
1196,0.00017808,2.52,2.72
1197,0.00017816000000000002,2.54,2.74
1198,0.00017824,2.54,2.7600000000000002
1199,0.00017832,2.56,2.7600000000000002
1200,0.0001784,2.58,2.7800000000000002
1201,0.00017848,2.58,2.7800000000000002
1202,0.00017856,2.58,2.8000000000000003
1203,0.00017863999999999998,2.6,2.82
1204,0.00017872,2.6,2.82
1205,0.0001788,2.62,2.82
1206,0.00017888,2.64,2.84
1207,0.00017895999999999998,2.64,2.86
1208,0.00017904,2.66,2.86
1209,0.00017912,2.66,2.88
1210,0.00017920000000000002,2.68,2.9
1211,0.00017928,2.68,2.9
1212,0.00017936,2.7,2.92
1213,0.00017944,2.72,2.92
1214,0.00017952000000000002,2.72,2.94
1215,0.0001796,2.74,2.94
1216,0.00017968,2.74,2.96
1217,0.00017976,2.7600000000000002,2.96
1218,0.00017984,2.7800000000000002,3.0
1219,0.00017992,2.7800000000000002,2.98
1220,0.00017999999999999998,2.8000000000000003,3.02
1221,0.00018008,2.8000000000000003,3.02
1222,0.00018016,2.82,3.04
1223,0.00018024,2.84,3.04
1224,0.00018031999999999998,2.84,3.06
1225,0.0001804,2.86,3.06
1226,0.00018048,2.86,3.08
1227,0.00018056,2.88,3.08
1228,0.00018064,2.88,3.1
1229,0.00018072,2.9,3.12
1230,0.0001808,2.9,3.12
1231,0.00018088000000000002,2.92,3.14
1232,0.00018096,2.92,3.14
1233,0.00018104,2.94,3.16
1234,0.00018112,2.94,3.18
1235,0.0001812,2.96,3.18
1236,0.00018128,2.98,3.2
1237,0.00018135999999999998,3.0,3.2
1238,0.00018144,3.0,3.22
1239,0.00018152,3.02,3.22
1240,0.0001816,3.02,3.2600000000000002
1241,0.00018167999999999998,3.04,3.2600000000000002
1242,0.00018176,3.06,3.2800000000000002
1243,0.00018184,3.06,3.2800000000000002
1244,0.00018192,3.06,3.3000000000000003
1245,0.000182,3.08,3.3000000000000003
1246,0.00018208,3.1,3.3200000000000003
1247,0.00018216,3.1,3.34
1248,0.00018224000000000002,3.12,3.34
1249,0.00018232,3.12,3.34
1250,0.0001824,3.14,3.36
1251,0.00018248,3.14,3.4
1252,0.00018256000000000001,3.18,3.4
1253,0.00018264,3.18,3.4
1254,0.00018271999999999999,3.18,3.42
1255,0.0001828,3.2,3.42
1256,0.00018288,3.2,3.44
1257,0.00018296,3.22,3.44
1258,0.00018303999999999998,3.24,3.46
1259,0.00018312,3.24,3.46
1260,0.0001832,3.2600000000000002,3.48
1261,0.00018328,3.2600000000000002,3.5
1262,0.00018335999999999998,3.2800000000000002,3.5
1263,0.00018344,3.2800000000000002,3.52
1264,0.00018352,3.3000000000000003,3.54
1265,0.00018360000000000002,3.3000000000000003,3.54
1266,0.00018368,3.3200000000000003,3.56
1267,0.00018376,3.34,3.56
1268,0.00018384,3.34,3.56
1269,0.00018392000000000001,3.36,3.6
1270,0.000184,3.36,3.62
1271,0.00018407999999999999,3.38,3.62
1272,0.00018416,3.38,3.62
1273,0.00018424,3.4,3.64
1274,0.00018432,3.42,3.64
1275,0.00018439999999999998,3.44,3.66
1276,0.00018448,3.44,3.68
1277,0.00018456,3.44,3.68
1278,0.00018464,3.46,3.7
1279,0.00018471999999999998,3.46,3.7
1280,0.0001848,3.48,3.72
1281,0.00018488,3.48,3.74
1282,0.00018496000000000002,3.5,3.74
1283,0.00018504,3.5,3.7600000000000002
1284,0.00018512,3.52,3.7800000000000002
1285,0.0001852,3.54,3.8000000000000003
1286,0.00018528000000000001,3.54,3.8000000000000003
1287,0.00018536,3.56,3.8200000000000003
1288,0.00018543999999999999,3.56,3.8200000000000003
1289,0.00018552,3.58,3.84
1290,0.0001856,3.58,3.84
1291,0.00018568,3.6,3.84
1292,0.00018575999999999998,3.62,3.86
1293,0.00018584,3.62,3.88
1294,0.00018592,3.64,3.88
1295,0.000186,3.64,3.9
1296,0.00018607999999999998,3.66,3.92
1297,0.00018616,3.68,3.94
1298,0.00018624,3.68,3.94
1299,0.00018632000000000002,3.7,3.94
1300,0.0001864,3.7,3.96
1301,0.00018648,3.72,3.98
1302,0.00018656,3.72,3.98
1303,0.00018664000000000002,3.74,4.0
1304,0.00018672,3.7600000000000002,4.0
1305,0.0001868,3.7600000000000002,4.0200000000000005
1306,0.00018688,3.7800000000000002,4.0200000000000005
1307,0.00018696,3.7800000000000002,4.04
1308,0.00018704,3.8000000000000003,4.0600000000000005
1309,0.00018711999999999998,3.8000000000000003,4.08
1310,0.0001872,3.8200000000000003,4.1
1311,0.00018728,3.8200000000000003,4.08
1312,0.00018736,3.86,4.1
1313,0.00018743999999999998,3.86,4.12
1314,0.00018752,3.86,4.12
1315,0.0001876,3.88,4.14
1316,0.00018768000000000002,3.88,4.14
1317,0.00018776,3.9,4.16
1318,0.00018784,3.9,4.16
1319,0.00018792,3.92,4.18
1320,0.00018800000000000002,3.92,4.2
1321,0.00018808,3.94,4.22
1322,0.00018816,3.96,4.24
1323,0.00018824,3.96,4.24
1324,0.00018832,3.98,4.24
1325,0.0001884,3.98,4.26
1326,0.00018847999999999998,4.0,4.26
1327,0.00018856,4.0,4.3
1328,0.00018864,4.0200000000000005,4.28
1329,0.00018872,4.0200000000000005,4.3
1330,0.00018879999999999998,4.04,4.3
1331,0.00018888,4.0600000000000005,4.32
1332,0.00018896,4.0600000000000005,4.34
1333,0.00018904000000000002,4.08,4.36
1334,0.00018912,4.08,4.36
1335,0.0001892,4.1,4.38
1336,0.00018928,4.1,4.4
1337,0.00018936000000000002,4.12,4.4
1338,0.00018944,4.14,4.42
1339,0.00018952,4.14,4.42
1340,0.0001896,4.16,4.44
1341,0.00018968,4.16,4.44
1342,0.00018976,4.18,4.46
1343,0.00018983999999999998,4.2,4.48
1344,0.00018992,4.2,4.48
1345,0.00019,4.22,4.5
1346,0.00019008,4.24,4.5
1347,0.00019015999999999998,4.24,4.5200000000000005
1348,0.00019024,4.24,4.54
1349,0.00019032,4.26,4.54
1350,0.0001904,4.26,4.5600000000000005
1351,0.00019048,4.28,4.5600000000000005
1352,0.00019056,4.3,4.58
1353,0.00019064,4.32,4.6000000000000005
1354,0.00019072000000000002,4.32,4.6000000000000005
1355,0.0001908,4.32,4.62
1356,0.00019088,4.34,4.62
1357,0.00019096,4.34,4.64
1358,0.00019104000000000001,4.36,4.64
1359,0.00019112,4.38,4.66
1360,0.00019119999999999999,4.38,4.66
1361,0.00019128,4.4,4.68
1362,0.00019136,4.4,4.7
1363,0.00019144,4.42,4.7
1364,0.00019151999999999998,4.44,4.72
1365,0.0001916,4.44,4.74
1366,0.00019168,4.44,4.74
1367,0.00019176,4.46,4.76
1368,0.00019183999999999998,4.48,4.78
1369,0.00019192,4.5,4.78
1370,0.000192,4.5,4.8
1371,0.00019208000000000002,4.5,4.8
1372,0.00019216,4.5200000000000005,4.82
1373,0.00019224,4.54,4.82
1374,0.00019232,4.54,4.86
1375,0.00019240000000000001,4.5600000000000005,4.86
1376,0.00019248,4.5600000000000005,4.88
1377,0.00019255999999999999,4.58,4.88
1378,0.00019264,4.58,4.88
1379,0.00019272,4.6000000000000005,4.92
1380,0.0001928,4.62,4.92
1381,0.00019287999999999998,4.62,4.92
1382,0.00019296,4.64,4.94
1383,0.00019304,4.64,4.94
1384,0.00019312,4.38,0.84
1385,0.00019319999999999998,3.7600000000000002,0.16
1386,0.00019328,3.22,0.1
1387,0.00019336,2.7800000000000002,0.1
1388,0.00019344000000000002,2.42,0.1
1389,0.00019352,2.1,0.12
1390,0.0001936,1.84,0.12
1391,0.00019368,1.6,0.12
1392,0.00019376000000000002,1.42,0.14
1393,0.00019384,1.26,0.14
1394,0.00019392,1.12,0.16
1395,0.000194,1.0,0.16
1396,0.00019408,0.88,0.18
1397,0.00019416,0.8,0.18
1398,0.00019423999999999998,0.72,0.2
1399,0.00019432,0.68,0.2
1400,0.0001944,0.62,0.2
1401,0.00019448,0.56,0.22
1402,0.00019455999999999998,0.52,0.24
1403,0.00019464,0.5,0.24
1404,0.00019472,0.46,0.26
1405,0.00019480000000000002,0.46,0.28
1406,0.00019488,0.44,0.28
1407,0.00019496,0.42,0.28
1408,0.00019504,0.4,0.3
1409,0.00019512000000000002,0.4,0.3
1410,0.0001952,0.4,0.32
1411,0.00019528,0.4,0.34
1412,0.00019536,0.4,0.34
1413,0.00019544,0.38,0.36
1414,0.00019552,0.38,0.38
1415,0.00019559999999999998,0.38,0.38
1416,0.00019568,0.4,0.4
1417,0.00019576,0.4,0.42
1418,0.00019584,0.4,0.4
1419,0.00019591999999999998,0.4,0.44
1420,0.000196,0.42,0.42
1421,0.00019608,0.42,0.46
1422,0.00019616000000000002,0.44,0.48
1423,0.00019624,0.44,0.48
1424,0.00019632,0.44,0.5
1425,0.0001964,0.46,0.52
1426,0.00019648000000000002,0.46,0.52
1427,0.00019656,0.48,0.54
1428,0.00019664,0.48,0.54
1429,0.00019672,0.48,0.56
1430,0.0001968,0.5,0.56
1431,0.00019688,0.5,0.58
1432,0.00019695999999999998,0.52,0.58
1433,0.00019704,0.54,0.6
1434,0.00019712,0.54,0.62
1435,0.0001972,0.54,0.62
1436,0.00019727999999999998,0.56,0.64
1437,0.00019736,0.58,0.66
1438,0.00019744,0.58,0.66
1439,0.00019752000000000002,0.6,0.68
1440,0.0001976,0.62,0.68
1441,0.00019768,0.62,0.7000000000000001
1442,0.00019776,0.62,0.7000000000000001
1443,0.00019784000000000002,0.64,0.72
1444,0.00019792,0.66,0.72
1445,0.000198,0.66,0.74
1446,0.00019808,0.68,0.76
1447,0.00019816000000000001,0.68,0.76
1448,0.00019824,0.7000000000000001,0.78
1449,0.00019831999999999999,0.7000000000000001,0.78
1450,0.0001984,0.72,0.8
1451,0.00019848,0.72,0.8200000000000001
1452,0.00019856,0.74,0.8200000000000001
1453,0.00019863999999999998,0.74,0.84
1454,0.00019872,0.76,0.86
1455,0.0001988,0.76,0.84
1456,0.00019888,0.78,0.88
1457,0.00019896,0.8,0.88
1458,0.00019904,0.8,0.9
1459,0.00019912,0.8200000000000001,0.92
1460,0.00019920000000000002,0.8200000000000001,0.92
1461,0.00019928,0.8200000000000001,0.9400000000000001
1462,0.00019936,0.84,0.96
1463,0.00019944,0.86,0.96
1464,0.00019952000000000001,0.86,0.98
1465,0.0001996,0.88,0.98
1466,0.00019967999999999999,0.88,1.0
1467,0.00019976,0.9,1.0
1468,0.00019984,0.9,1.02
1469,0.00019992,0.92,1.02
1470,0.00019999999999999998,0.92,1.04
1471,0.00020008,0.9400000000000001,1.06
1472,0.00020016,0.96,1.08
1473,0.00020024,0.96,1.08
1474,0.00020031999999999998,0.98,1.08
1475,0.0002004,0.98,1.1
1476,0.00020048,0.98,1.12
1477,0.00020056000000000002,1.02,1.1400000000000001
1478,0.00020064,1.02,1.1400000000000001
1479,0.00020072,1.04,1.1400000000000001
1480,0.0002008,1.04,1.1400000000000001
1481,0.00020088000000000001,1.06,1.18
1482,0.00020096,1.06,1.18
1483,0.00020103999999999999,1.08,1.2
1484,0.00020112,1.08,1.2
1485,0.0002012,1.1,1.22
1486,0.00020128,1.12,1.24
1487,0.00020135999999999998,1.12,1.22
1488,0.00020144,1.1400000000000001,1.26
1489,0.00020152,1.1400000000000001,1.26
1490,0.0002016,1.1400000000000001,1.28
1491,0.00020167999999999998,1.16,1.3
1492,0.00020176,1.18,1.3
1493,0.00020184,1.2,1.32
1494,0.00020192000000000002,1.2,1.34
1495,0.000202,1.22,1.34
1496,0.00020208,1.22,1.36
1497,0.00020216,1.24,1.36
1498,0.00020224000000000002,1.24,1.3800000000000001
1499,0.00020232,1.24,1.4000000000000001
1500,0.0002024,1.26,1.3800000000000001
1501,0.00020248,1.26,1.42
1502,0.00020256,1.28,1.44
1503,0.00020264,1.3,1.44
1504,0.00020271999999999998,1.3,1.46
1505,0.0002028,1.32,1.44
1506,0.00020288,1.34,1.48
1507,0.00020296,1.34,1.48
1508,0.00020303999999999998,1.36,1.5
1509,0.00020312,1.36,1.5
1510,0.0002032,1.3800000000000001,1.52
1511,0.00020328000000000002,1.3800000000000001,1.52
1512,0.00020336,1.4000000000000001,1.54
1513,0.00020344,1.42,1.54
1514,0.00020352,1.42,1.56
1515,0.00020360000000000002,1.42,1.58
1516,0.00020368,1.44,1.58
1517,0.00020376,1.46,1.6
1518,0.00020384,1.48,1.6
1519,0.00020392,1.48,1.62
1520,0.000204,1.5,1.6400000000000001
1521,0.00020407999999999998,1.5,1.6400000000000001
1522,0.00020416,1.52,1.6400000000000001
1523,0.00020424,1.52,1.68
1524,0.00020432,1.54,1.68
1525,0.00020439999999999998,1.54,1.68
1526,0.00020448,1.56,1.7
1527,0.00020456,1.56,1.72
1528,0.00020464,1.58,1.72
1529,0.00020472,1.6,1.74
1530,0.0002048,1.6,1.74
1531,0.00020488,1.6,1.78
1532,0.00020496,1.62,1.78
1533,0.00020504,1.6400000000000001,1.78
1534,0.00020512,1.6400000000000001,1.8
1535,0.0002052,1.6600000000000001,1.8
1536,0.00020528,1.6600000000000001,1.82
1537,0.00020536,1.68,1.84
1538,0.00020544,1.7,1.84
1539,0.00020552,1.7,1.86
1540,0.0002056,1.7,1.86
1541,0.00020568,1.72,1.8800000000000001
1542,0.00020576,1.74,1.9000000000000001
1543,0.00020584,1.76,1.9000000000000001
1544,0.00020592,1.74,1.92
1545,0.000206,1.76,1.92
1546,0.00020608,1.78,1.92
1547,0.00020616,1.8,1.94
1548,0.00020624,1.8,1.96
1549,0.00020632,1.82,1.98
1550,0.0002064,1.84,1.98
1551,0.00020648,1.84,2.0
1552,0.00020656,1.84,2.02
1553,0.00020664,1.86,2.02
1554,0.00020672,1.8800000000000001,2.04
1555,0.0002068,1.8800000000000001,2.04
1556,0.00020688,1.9000000000000001,2.06
1557,0.00020696,1.9000000000000001,2.06
1558,0.00020704,1.92,2.08
1559,0.00020712,1.92,2.1
1560,0.0002072,1.94,2.1
1561,0.00020728,1.96,2.12
1562,0.00020736,1.96,2.12
1563,0.00020744,1.98,2.14
1564,0.00020752,1.98,2.14
1565,0.0002076,1.98,2.16
1566,0.00020768,2.0,2.18
1567,0.00020776,2.02,2.18
1568,0.00020784,2.02,2.2
1569,0.00020792,2.02,2.22
1570,0.000208,2.04,2.22
1571,0.00020808,2.04,2.24
1572,0.00020816,2.08,2.2600000000000002
1573,0.00020824,2.08,2.2600000000000002
1574,0.00020832,2.1,2.2600000000000002
1575,0.0002084,2.1,2.2800000000000002
1576,0.00020848,2.12,2.3000000000000003
1577,0.00020856,2.14,2.3000000000000003
1578,0.00020864,2.14,2.3000000000000003
1579,0.00020872,2.14,2.34
1580,0.0002088,2.16,2.34
1581,0.00020888,2.18,2.36
1582,0.00020896,2.16,2.36
1583,0.00020904,2.2,2.38
1584,0.00020912,2.2,2.4
1585,0.0002092,2.22,2.4
1586,0.00020928,2.22,2.42
1587,0.00020936,2.24,2.42
1588,0.00020944,2.24,2.44
1589,0.00020952,2.2600000000000002,2.46
1590,0.0002096,2.2800000000000002,2.46
1591,0.00020968,2.2800000000000002,2.48
1592,0.00020976,2.3000000000000003,2.48
1593,0.00020984,2.32,2.5
1594,0.00020992,2.32,2.5
1595,0.00021,2.34,2.52
1596,0.00021008,2.34,2.52
1597,0.00021016,2.36,2.54
1598,0.00021024,2.36,2.54
1599,0.00021032,2.38,2.56
1600,0.0002104,2.38,2.58
1601,0.00021048,2.4,2.58
1602,0.00021056,2.42,2.6
1603,0.00021064,2.42,2.6
1604,0.00021072,2.42,2.62
1605,0.0002108,2.44,2.62
1606,0.00021088,2.46,2.66
1607,0.00021096,2.46,2.64
1608,0.00021104,2.46,2.66
1609,0.00021112,2.46,2.68
1610,0.0002112,2.5,2.68
1611,0.00021128,2.5,2.7
1612,0.00021136,2.5,2.7
1613,0.00021144,2.54,2.74
1614,0.00021152,2.52,2.74
1615,0.0002116,2.54,2.7600000000000002
1616,0.00021168,2.56,2.7600000000000002
1617,0.00021176,2.58,2.7600000000000002
1618,0.00021184,2.58,2.7800000000000002
1619,0.00021192,2.58,2.8000000000000003
1620,0.000212,2.6,2.82
1621,0.00021208,2.6,2.8000000000000003
1622,0.00021216,2.62,2.82
1623,0.00021224,2.62,2.84
1624,0.00021232,2.66,2.84
1625,0.0002124,2.66,2.88
1626,0.00021248,2.68,2.86
1627,0.00021256,2.68,2.88
1628,0.00021264,2.68,2.9
1629,0.00021272,2.7,2.9
1630,0.0002128,2.7,2.92
1631,0.00021288,2.72,2.94
1632,0.00021296,2.74,2.94
1633,0.00021304,2.74,2.96
1634,0.00021312,2.7600000000000002,2.96
1635,0.0002132,2.7600000000000002,2.98
1636,0.00021328,2.7800000000000002,3.0
1637,0.00021336,2.8000000000000003,3.0
1638,0.00021344,2.8000000000000003,3.02
1639,0.00021352,2.82,3.04
1640,0.0002136,2.82,3.04
1641,0.00021368,2.84,3.06
1642,0.00021376,2.86,3.06
1643,0.00021384,2.86,3.08
1644,0.00021392,2.86,3.08
1645,0.000214,2.88,3.08
1646,0.00021408,2.9,3.1
1647,0.00021416,2.9,3.12
1648,0.00021424,2.92,3.14
1649,0.00021432,2.94,3.14
1650,0.0002144,2.94,3.16
1651,0.00021448,2.96,3.16
1652,0.00021456,2.96,3.18
1653,0.00021464,2.96,3.2
1654,0.00021472,2.98,3.2
1655,0.0002148,2.98,3.22
1656,0.00021488,3.02,3.22
1657,0.00021496,3.02,3.24
1658,0.00021504,3.02,3.2600000000000002
1659,0.00021512,3.04,3.2600000000000002
1660,0.0002152,3.06,3.2800000000000002
1661,0.00021528,3.06,3.2800000000000002
1662,0.00021536,3.08,3.3000000000000003
1663,0.00021544,3.1,3.3200000000000003
1664,0.00021552,3.1,3.3200000000000003
1665,0.0002156,3.12,3.34
1666,0.00021568,3.12,3.36
1667,0.00021576,3.12,3.38
1668,0.00021584,3.14,3.36
1669,0.00021592,3.14,3.4
1670,0.000216,3.16,3.4
1671,0.00021608,3.18,3.4
1672,0.00021616,3.18,3.42
1673,0.00021624,3.2,3.44
1674,0.00021632,3.2,3.46
1675,0.0002164,3.22,3.46
1676,0.00021648,3.24,3.48
1677,0.00021656,3.24,3.48
1678,0.00021664,3.2600000000000002,3.5
1679,0.00021672,3.2800000000000002,3.5
1680,0.0002168,3.2800000000000002,3.52
1681,0.00021688,3.3000000000000003,3.52
1682,0.00021696,3.3000000000000003,3.56
1683,0.00021704,3.3200000000000003,3.56
1684,0.00021712,3.3200000000000003,3.56
1685,0.0002172,3.34,3.58
1686,0.00021728,3.34,3.58
1687,0.00021736,3.36,3.6
1688,0.00021744,3.36,3.62
1689,0.00021752,3.38,3.62
1690,0.0002176,3.38,3.64
1691,0.00021768,3.4,3.64
1692,0.00021776,3.4,3.66
1693,0.00021784,3.42,3.66
1694,0.00021792,3.44,3.68
1695,0.000218,3.44,3.68
1696,0.00021808,3.46,3.7
1697,0.00021816,3.48,3.72
1698,0.00021824,3.48,3.72
1699,0.00021832,3.5,3.74
1700,0.0002184,3.52,3.7600000000000002
1701,0.00021848,3.52,3.7600000000000002
1702,0.00021856,3.54,3.7800000000000002
1703,0.00021864,3.54,3.8000000000000003
1704,0.00021872,3.56,3.8000000000000003
1705,0.0002188,3.58,3.8200000000000003
1706,0.00021888,3.58,3.8200000000000003
1707,0.00021896,3.58,3.84
1708,0.00021904,3.6,3.86
1709,0.00021912,3.6,3.86
1710,0.0002192,3.62,3.88
1711,0.00021928,3.62,3.9
1712,0.00021936,3.66,3.9
1713,0.00021944,3.66,3.9
1714,0.00021952,3.66,3.94
1715,0.0002196,3.68,3.92
1716,0.00021968,3.68,3.94
1717,0.00021976,3.72,3.96
1718,0.00021984,3.7,3.98
1719,0.00021992,3.74,3.98
1720,0.00022,3.72,3.98
1721,0.00022008,3.74,4.0200000000000005
1722,0.00022016,3.7600000000000002,4.0200000000000005
1723,0.00022024,3.7600000000000002,4.0200000000000005
1724,0.00022032,3.7800000000000002,4.04
1725,0.0002204,3.8000000000000003,4.04
1726,0.00022048,3.8000000000000003,4.0600000000000005
1727,0.00022056,3.8200000000000003,4.0600000000000005
1728,0.00022064,3.8200000000000003,4.08
1729,0.00022072,3.84,4.1
1730,0.0002208,3.84,4.1
1731,0.00022088,3.86,4.12
1732,0.00022096,3.86,4.14
1733,0.00022104,3.88,4.14
1734,0.00022112,3.88,4.14
1735,0.0002212,3.9,4.16
1736,0.00022128,3.92,4.18
1737,0.00022136,3.92,4.2
1738,0.00022144,3.94,4.2
1739,0.00022152,3.94,4.22
1740,0.0002216,3.96,4.22
1741,0.00022168,3.96,4.26
1742,0.00022176,4.0,4.26
1743,0.00022184,4.0,4.26
1744,0.00022192,4.0,4.28
1745,0.000222,4.0200000000000005,4.28
1746,0.00022208,4.0200000000000005,4.3
1747,0.00022216,4.04,4.32
1748,0.00022224,4.04,4.32
1749,0.00022232,4.0600000000000005,4.32
1750,0.0002224,4.08,4.34
1751,0.00022248,4.08,4.36
1752,0.00022256,4.1,4.38
1753,0.00022264,4.12,4.38
1754,0.00022272,4.12,4.4
1755,0.0002228,4.14,4.4
1756,0.00022288,4.14,4.42
1757,0.00022296,4.16,4.44
1758,0.00022304,4.18,4.46
1759,0.00022312,4.18,4.46
1760,0.0002232,4.18,4.46
1761,0.00022328,4.2,4.48
1762,0.00022336,4.2,4.5
1763,0.00022344,4.22,4.5
1764,0.00022352,4.24,4.5200000000000005
1765,0.0002236,4.24,4.5200000000000005
1766,0.00022368,4.26,4.54
1767,0.00022376,4.26,4.5600000000000005
1768,0.00022384,4.28,4.5600000000000005
1769,0.00022392,4.3,4.58
1770,0.000224,4.3,4.58
1771,0.00022408,4.3,4.6000000000000005
1772,0.00022416,4.32,4.6000000000000005
1773,0.00022424,4.34,4.62
1774,0.00022432,4.34,4.64
1775,0.0002244,4.36,4.64
1776,0.00022448,4.36,4.66
1777,0.00022456,4.38,4.66
1778,0.00022464,4.4,4.7
1779,0.00022472,4.4,4.68
1780,0.0002248,4.42,4.7
1781,0.00022488,4.44,4.72
1782,0.00022496,4.42,4.72
1783,0.00022504,4.44,4.74
1784,0.00022512,4.46,4.76
1785,0.0002252,4.48,4.78
1786,0.00022528,4.48,4.78
1787,0.00022536,4.48,4.78
1788,0.00022544,4.5,4.8
1789,0.00022552,4.5200000000000005,4.82
1790,0.0002256,4.5200000000000005,4.82
1791,0.00022568,4.54,4.84
1792,0.00022576,4.54,4.86
1793,0.00022584,4.5600000000000005,4.86
1794,0.00022592,4.5600000000000005,4.88
1795,0.000226,4.58,4.88
1796,0.00022608,4.6000000000000005,4.9
1797,0.00022616,4.6000000000000005,4.9
1798,0.00022624,4.62,4.92
1799,0.00022632,4.62,4.92
1800,0.0002264,4.64,4.94
1801,0.00022648000000000001,4.66,4.96
1802,0.00022656,4.1,-0.04
1803,0.00022664,3.52,0.08
1804,0.00022672,3.04,0.08
1805,0.0002268,2.62,0.1
1806,0.00022688,2.2800000000000002,0.1
1807,0.00022696,1.98,0.12
1808,0.00022704,1.74,0.12
1809,0.00022712,1.54,0.14
1810,0.0002272,1.34,0.14
1811,0.00022728,1.18,0.14
1812,0.00022736,1.08,0.16
1813,0.00022744,0.96,0.18
1814,0.00022752,0.86,0.18
1815,0.0002276,0.78,0.18
1816,0.00022768,0.7000000000000001,0.2
1817,0.00022776,0.64,0.22
1818,0.00022784,0.6,0.22
1819,0.00022792,0.54,0.22
1820,0.000228,0.52,0.24
1821,0.00022808,0.48,0.26
1822,0.00022816,0.46,0.26
1823,0.00022824,0.44,0.28
1824,0.00022832,0.44,0.28
1825,0.0002284,0.42,0.3
1826,0.00022848,0.4,0.3
1827,0.00022856,0.4,0.32
1828,0.00022864,0.4,0.34
1829,0.00022872,0.4,0.34
1830,0.0002288,0.4,0.36
1831,0.00022888,0.4,0.38
1832,0.00022896,0.4,0.38
1833,0.00022904,0.4,0.4
1834,0.00022912,0.4,0.4
1835,0.0002292,0.4,0.4
1836,0.00022928,0.4,0.42
1837,0.00022936,0.4,0.44
1838,0.00022944,0.42,0.46
1839,0.00022952,0.42,0.46
1840,0.0002296,0.44,0.48
1841,0.00022968,0.44,0.48
1842,0.00022976,0.44,0.5
1843,0.00022984,0.46,0.52
1844,0.00022992,0.46,0.52
1845,0.00023,0.48,0.54
1846,0.00023008,0.48,0.54
1847,0.00023016,0.5,0.56
1848,0.00023024,0.5,0.58
1849,0.00023032,0.52,0.58
1850,0.0002304,0.52,0.6
1851,0.00023048,0.52,0.6
1852,0.00023056,0.54,0.62
1853,0.00023064,0.56,0.64
1854,0.00023072000000000001,0.56,0.64
1855,0.0002308,0.58,0.66
1856,0.00023088,0.58,0.66
1857,0.00023096,0.6,0.68
1858,0.00023104,0.6,0.7000000000000001
1859,0.00023112,0.62,0.7000000000000001
1860,0.0002312,0.64,0.7000000000000001
1861,0.00023128,0.64,0.72
1862,0.00023136,0.66,0.74
1863,0.00023144,0.66,0.74
1864,0.00023152,0.68,0.76
1865,0.0002316,0.68,0.78
1866,0.00023168,0.68,0.78
1867,0.00023176,0.7000000000000001,0.8
1868,0.00023184,0.72,0.8200000000000001
1869,0.00023192,0.72,0.8200000000000001
1870,0.000232,0.74,0.84
1871,0.00023208,0.74,0.84
1872,0.00023216,0.76,0.86
1873,0.00023224,0.78,0.86
1874,0.00023232,0.78,0.88
1875,0.0002324,0.8,0.9
1876,0.00023248,0.8,0.9
1877,0.00023256,0.8200000000000001,0.92
1878,0.00023264,0.8200000000000001,0.92
1879,0.00023272,0.84,0.92
1880,0.0002328,0.86,0.96
1881,0.00023288,0.86,0.98
1882,0.00023296,0.88,0.98
1883,0.00023304,0.88,0.98
1884,0.00023312,0.9,1.0
1885,0.0002332,0.9,1.02
1886,0.00023328,0.92,1.02
1887,0.00023336,0.92,1.02
1888,0.00023344,0.9400000000000001,1.02
1889,0.00023352,0.96,1.06
1890,0.0002336,0.96,1.08
1891,0.00023368,0.96,1.08
1892,0.00023376,0.98,1.1
1893,0.00023384,1.0,1.1
1894,0.00023392,1.0,1.12
1895,0.000234,1.02,1.1400000000000001
1896,0.00023408,1.02,1.1400000000000001
1897,0.00023416,1.04,1.1400000000000001
1898,0.00023424,1.04,1.16
1899,0.00023432,1.06,1.18
1900,0.0002344,1.06,1.18
1901,0.00023448,1.08,1.2
1902,0.00023456,1.1,1.22
1903,0.00023464,1.1,1.22
1904,0.00023472,1.1,1.24
1905,0.0002348,1.1400000000000001,1.26
1906,0.00023488,1.1400000000000001,1.26
1907,0.00023496000000000001,1.16,1.28
1908,0.00023504,1.16,1.28
1909,0.00023512,1.18,1.3
1910,0.0002352,1.18,1.32
1911,0.00023528,1.2,1.32
1912,0.00023536,1.2,1.34
1913,0.00023544,1.22,1.36
1914,0.00023552,1.22,1.36
1915,0.0002356,1.24,1.3800000000000001
1916,0.00023568,1.26,1.3800000000000001
1917,0.00023576,1.26,1.4000000000000001
1918,0.00023584,1.26,1.4000000000000001
1919,0.00023592,1.28,1.42
1920,0.000236,1.3,1.44
1921,0.00023608,1.3,1.44
1922,0.00023616,1.32,1.46
1923,0.00023624,1.32,1.46
1924,0.00023632,1.34,1.48
1925,0.0002364,1.34,1.48
1926,0.00023648,1.36,1.5
1927,0.00023656,1.36,1.5
1928,0.00023664,1.3800000000000001,1.52
1929,0.00023672,1.3800000000000001,1.52
1930,0.0002368,1.4000000000000001,1.54
1931,0.00023688,1.42,1.56
1932,0.00023696,1.42,1.56
1933,0.00023704,1.44,1.58
1934,0.00023712,1.46,1.58
1935,0.0002372,1.46,1.6
1936,0.00023728,1.48,1.62
1937,0.00023736,1.48,1.62
1938,0.00023744,1.5,1.6400000000000001
1939,0.00023752,1.5,1.6400000000000001
1940,0.0002376,1.52,1.6400000000000001
1941,0.00023768,1.52,1.68
1942,0.00023776,1.52,1.68
1943,0.00023784,1.56,1.7
1944,0.00023792,1.56,1.72
1945,0.000238,1.58,1.72
1946,0.00023808,1.58,1.74
1947,0.00023816,1.58,1.74
1948,0.00023824,1.6,1.76
1949,0.00023832,1.62,1.76
1950,0.0002384,1.6400000000000001,1.76
1951,0.00023848,1.6400000000000001,1.8
1952,0.00023856,1.6600000000000001,1.78
1953,0.00023864,1.6600000000000001,1.82
1954,0.00023872,1.6600000000000001,1.84
1955,0.0002388,1.68,1.84
1956,0.00023888,1.7,1.86
1957,0.00023896,1.7,1.86
1958,0.00023904,1.72,1.8800000000000001
1959,0.00023912,1.72,1.8800000000000001
1960,0.00023920000000000001,1.74,1.9000000000000001
1961,0.00023928,1.76,1.9000000000000001
1962,0.00023936,1.76,1.92
1963,0.00023944,1.78,1.92
1964,0.00023952,1.78,1.94
1965,0.0002396,1.78,1.96
1966,0.00023968,1.8,1.98
1967,0.00023976,1.82,1.98
1968,0.00023984,1.82,2.0
1969,0.00023992,1.84,2.0
1970,0.00024,1.84,2.02
1971,0.00024008,1.86,2.02
1972,0.00024016,1.8800000000000001,2.04
1973,0.00024024,1.8800000000000001,2.04
1974,0.00024032,1.9000000000000001,2.06
1975,0.0002404,1.9000000000000001,2.08
1976,0.00024048,1.92,2.08
1977,0.00024056,1.92,2.08
1978,0.00024064,1.94,2.12
1979,0.00024072,1.96,2.12
1980,0.0002408,1.96,2.14
1981,0.00024088,1.98,2.14
1982,0.00024096,1.98,2.16
1983,0.00024104,2.0,2.16
1984,0.00024112,2.02,2.18
1985,0.0002412,2.0,2.2
1986,0.00024128,2.04,2.22
1987,0.00024136,2.06,2.2
1988,0.00024144,2.06,2.22
1989,0.00024152,2.06,2.24
1990,0.0002416,2.08,2.2600000000000002
1991,0.00024168,2.1,2.2600000000000002
1992,0.00024176,2.1,2.2800000000000002
1993,0.00024184,2.12,2.2800000000000002
1994,0.00024192,2.12,2.3000000000000003
1995,0.000242,2.14,2.3000000000000003
1996,0.00024208,2.14,2.32
1997,0.00024216,2.16,2.34
1998,0.00024224,2.16,2.34
1999,0.00024232,2.18,2.36
