,time,v1,v2
0,-0.00015744,4.48,4.7
1,-0.00015712000000000001,4.5,4.72
2,-0.00015680000000000002,4.5200000000000005,4.72
3,-0.00015648000000000002,4.5,4.74
4,-0.00015616000000000002,4.54,4.76
5,-0.00015584,4.54,4.78
6,-0.00015552,4.5600000000000005,4.78
7,-0.0001552,4.5600000000000005,4.8
8,-0.00015488,4.5600000000000005,4.8
9,-0.00015456,4.6000000000000005,4.82
10,-0.00015424000000000001,4.6000000000000005,4.84
11,-0.00015392000000000002,4.6000000000000005,4.84
12,-0.00015360000000000002,4.62,4.86
13,-0.00015328000000000002,4.64,4.88
14,-0.00015296,4.64,4.88
15,-0.00015264,4.66,4.9
16,-0.00015232,4.66,4.92
17,-0.000152,4.68,4.92
18,-0.00015168,4.7,4.94
19,-0.00015136000000000001,4.7,4.94
20,-0.00015104000000000002,4.72,4.96
21,-0.00015072000000000002,4.08,0.1
22,-0.00015040000000000002,2.2800000000000002,0.08
23,-0.00015008,1.32,0.08
24,-0.00014976,0.8200000000000001,0.08
25,-0.00014944,0.52,0.1
26,-0.00014912,0.36,0.1
27,-0.0001488,0.28,0.12
28,-0.00014848000000000001,0.22,0.12
29,-0.00014816000000000002,0.2,0.14
30,-0.00014784000000000002,0.2,0.16
31,-0.00014752,0.18,0.16
32,-0.0001472,0.18,0.18
33,-0.00014688,0.18,0.2
34,-0.00014656,0.2,0.2
35,-0.00014624,0.2,0.2
36,-0.00014592,0.22,0.24
37,-0.00014560000000000002,0.22,0.24
38,-0.00014528000000000002,0.22,0.26
39,-0.00014496000000000002,0.24,0.26
40,-0.00014464000000000002,0.26,0.28
41,-0.00014432,0.28,0.3
42,-0.000144,0.28,0.3
43,-0.00014368,0.28,0.32
44,-0.00014336,0.3,0.32
45,-0.00014304,0.32,0.34
46,-0.00014272000000000002,0.32,0.36
47,-0.00014240000000000002,0.34,0.36
48,-0.00014208,0.34,0.38
49,-0.00014176,0.36,0.4
50,-0.00014144,0.36,0.4
51,-0.00014112,0.38,0.42
52,-0.0001408,0.4,0.42
53,-0.00014048,0.4,0.44
54,-0.00014016,0.42,0.46
55,-0.00013984000000000002,0.42,0.46
56,-0.00013952000000000002,0.44,0.46
57,-0.00013920000000000002,0.46,0.48
58,-0.00013888,0.46,0.5
59,-0.00013856,0.46,0.52
60,-0.00013824,0.48,0.54
61,-0.00013792,0.48,0.52
62,-0.0001376,0.52,0.56
63,-0.00013728000000000001,0.52,0.56
64,-0.00013696000000000002,0.54,0.58
65,-0.00013664000000000002,0.54,0.58
66,-0.00013632,0.56,0.6
67,-0.000136,0.56,0.6
68,-0.00013568,0.58,0.62
69,-0.00013536,0.58,0.64
70,-0.00013504,0.6,0.64
71,-0.00013472,0.62,0.66
72,-0.00013440000000000001,0.62,0.68
73,-0.00013408000000000002,0.64,0.68
74,-0.00013376000000000002,0.64,0.7000000000000001
75,-0.00013344000000000002,0.66,0.72
76,-0.00013312,0.68,0.72
77,-0.0001328,0.7000000000000001,0.74
78,-0.00013248,0.7000000000000001,0.74
79,-0.00013216,0.7000000000000001,0.76
80,-0.00013184,0.72,0.76
81,-0.00013152000000000001,0.74,0.78
82,-0.00013120000000000002,0.76,0.8
83,-0.00013088000000000002,0.76,0.8200000000000001
84,-0.00013056,0.78,0.8200000000000001
85,-0.00013024,0.78,0.84
86,-0.00012992,0.8,0.86
87,-0.0001296,0.8,0.86
88,-0.00012928,0.8200000000000001,0.88
89,-0.00012896,0.8200000000000001,0.88
90,-0.00012864000000000002,0.84,0.9
91,-0.00012832000000000002,0.84,0.9
92,-0.00012800000000000002,0.86,0.92
93,-0.00012768000000000002,0.88,0.9400000000000001
94,-0.00012736,0.88,0.9400000000000001
95,-0.00012704,0.88,0.96
96,-0.00012672,0.92,0.98
97,-0.0001264,0.9400000000000001,0.98
98,-0.00012608,0.92,1.0
99,-0.00012576000000000002,0.9400000000000001,1.0
100,-0.00012544000000000002,0.96,1.02
101,-0.00012512,0.98,1.04
102,-0.0001248,0.98,1.06
103,-0.00012448,1.0,1.06
104,-0.00012416,1.0,1.08
105,-0.00012384,1.02,1.08
106,-0.00012352,1.04,1.1
107,-0.0001232,1.04,1.1
108,-0.00012288000000000002,1.06,1.12
109,-0.00012256000000000002,1.06,1.1400000000000001
110,-0.00012224000000000002,1.08,1.1400000000000001
111,-0.00012192000000000001,1.1,1.16
112,-0.0001216,1.1,1.16
113,-0.00012128,1.12,1.18
114,-0.00012096000000000001,1.1400000000000001,1.2
115,-0.00012064000000000001,1.1400000000000001,1.22
116,-0.00012032000000000001,1.16,1.22
117,-0.00012000000000000002,1.1400000000000001,1.24
118,-0.00011968000000000002,1.18,1.24
119,-0.00011936000000000001,1.2,1.26
120,-0.00011904000000000001,1.2,1.28
121,-0.00011872,1.22,1.28
122,-0.0001184,1.22,1.3
123,-0.00011808000000000001,1.24,1.32
124,-0.00011776000000000001,1.26,1.34
125,-0.00011744000000000001,1.26,1.34
126,-0.00011712000000000002,1.28,1.36
127,-0.0001168,1.28,1.3800000000000001
128,-0.00011648000000000001,1.3,1.3800000000000001
129,-0.00011616000000000001,1.3,1.4000000000000001
130,-0.00011584,1.32,1.42
131,-0.00011552,1.34,1.42
132,-0.00011520000000000001,1.34,1.44
133,-0.00011488000000000001,1.36,1.44
134,-0.00011456000000000001,1.36,1.46
135,-0.00011424000000000002,1.3800000000000001,1.48
136,-0.00011392000000000001,1.4000000000000001,1.48
137,-0.00011360000000000001,1.4000000000000001,1.5
138,-0.00011328,1.42,1.5
139,-0.00011296,1.42,1.52
140,-0.00011264,1.44,1.52
141,-0.00011232000000000001,1.44,1.54
142,-0.00011200000000000001,1.46,1.56
143,-0.00011168000000000001,1.48,1.56
144,-0.00011136000000000002,1.48,1.58
145,-0.00011104000000000001,1.5,1.6
146,-0.00011072000000000001,1.52,1.6
147,-0.0001104,1.52,1.6
148,-0.00011008,1.54,1.62
149,-0.00010976,1.54,1.6400000000000001
150,-0.00010944000000000001,1.56,1.6600000000000001
151,-0.00010912000000000001,1.56,1.6600000000000001
152,-0.00010880000000000002,1.56,1.68
153,-0.00010848000000000002,1.6,1.68
154,-0.00010816000000000001,1.6,1.7
155,-0.00010784000000000001,1.62,1.72
156,-0.00010752,1.6400000000000001,1.72
157,-0.0001072,1.6400000000000001,1.74
158,-0.00010688,1.6600000000000001,1.76
159,-0.00010656000000000001,1.6600000000000001,1.78
160,-0.00010624000000000001,1.68,1.78
161,-0.00010592000000000002,1.7,1.8
162,-0.00010560000000000002,1.7,1.8
163,-0.00010528000000000001,1.72,1.82
164,-0.00010496000000000001,1.72,1.84
165,-0.00010464,1.74,1.84
166,-0.00010432,1.76,1.86
167,-0.00010400000000000001,1.76,1.86
168,-0.00010368000000000001,1.78,1.8800000000000001
169,-0.00010336000000000001,1.8,1.9000000000000001
170,-0.00010304000000000002,1.8,1.9000000000000001
171,-0.00010272000000000002,1.82,1.92
172,-0.00010240000000000001,1.82,1.94
173,-0.00010208000000000001,1.84,1.96
174,-0.00010176,1.86,1.96
175,-0.00010144,1.86,1.98
176,-0.00010112000000000001,1.86,1.98
177,-0.00010080000000000001,1.9000000000000001,2.0
178,-0.00010048000000000001,1.9000000000000001,2.0
179,-0.00010016000000000002,1.9000000000000001,2.02
180,-9.984e-05,1.92,2.04
181,-9.952000000000001e-05,1.92,2.04
182,-9.920000000000001e-05,1.94,2.06
183,-9.888e-05,1.96,2.08
184,-9.856e-05,1.96,2.08
185,-9.824000000000001e-05,2.0,2.1
186,-9.792000000000001e-05,2.0,2.1
187,-9.760000000000001e-05,2.02,2.12
188,-9.728000000000002e-05,2.02,2.14
189,-9.696000000000001e-05,2.04,2.16
190,-9.664000000000001e-05,2.04,2.16
191,-9.632000000000001e-05,2.06,2.18
192,-9.6e-05,2.08,2.2
193,-9.568e-05,2.08,2.2
194,-9.536000000000001e-05,2.1,2.22
195,-9.504000000000001e-05,2.12,2.22
196,-9.472000000000001e-05,2.12,2.24
197,-9.44e-05,2.14,2.2600000000000002
198,-9.408000000000001e-05,2.16,2.2600000000000002
199,-9.376000000000001e-05,2.16,2.2800000000000002
200,-9.344000000000001e-05,2.16,2.3000000000000003
201,-9.312e-05,2.18,2.32
202,-9.28e-05,2.2,2.32
203,-9.248000000000001e-05,2.22,2.32
204,-9.216000000000001e-05,2.2,2.34
205,-9.184000000000002e-05,2.24,2.36
206,-9.152e-05,2.24,2.38
207,-9.120000000000001e-05,2.2600000000000002,2.36
208,-9.088000000000001e-05,2.2600000000000002,2.4
209,-9.056000000000001e-05,2.2800000000000002,2.4
210,-9.024e-05,2.3000000000000003,2.4
211,-8.992e-05,2.3000000000000003,2.44
212,-8.960000000000001e-05,2.32,2.46
213,-8.928000000000001e-05,2.34,2.46
214,-8.896000000000002e-05,2.34,2.48
215,-8.864e-05,2.36,2.48
216,-8.832000000000001e-05,2.38,2.48
217,-8.800000000000001e-05,2.38,2.5
218,-8.768000000000001e-05,2.4,2.52
219,-8.736e-05,2.4,2.52
220,-8.704000000000001e-05,2.42,2.54
221,-8.672000000000001e-05,2.44,2.56
222,-8.640000000000001e-05,2.44,2.56
223,-8.608e-05,2.46,2.58
224,-8.576e-05,2.46,2.58
225,-8.544000000000001e-05,2.48,2.6
226,-8.512000000000001e-05,2.48,2.62
227,-8.480000000000001e-05,2.5,2.64
228,-8.448e-05,2.5,2.64
229,-8.416000000000001e-05,2.5,2.66
230,-8.384000000000001e-05,2.52,2.66
231,-8.352000000000001e-05,2.52,2.68
232,-8.32e-05,2.56,2.7
233,-8.288e-05,2.56,2.7
234,-8.256000000000001e-05,2.58,2.72
235,-8.224000000000001e-05,2.58,2.74
236,-8.192000000000002e-05,2.6,2.74
237,-8.16e-05,2.6,2.7600000000000002
238,-8.128000000000001e-05,2.62,2.7600000000000002
239,-8.096000000000001e-05,2.62,2.7800000000000002
240,-8.064000000000001e-05,2.64,2.8000000000000003
241,-8.032e-05,2.68,2.8000000000000003
242,-8e-05,2.66,2.82
243,-7.968000000000001e-05,2.68,2.82
244,-7.936000000000001e-05,2.7,2.86
245,-7.904e-05,2.7,2.86
246,-7.872e-05,2.72,2.86
247,-7.840000000000001e-05,2.72,2.88
248,-7.808000000000001e-05,2.74,2.9
249,-7.776000000000001e-05,2.7600000000000002,2.9
250,-7.744e-05,2.7600000000000002,2.94
251,-7.712000000000001e-05,2.7800000000000002,2.94
252,-7.680000000000001e-05,2.7800000000000002,2.94
253,-7.648000000000001e-05,2.8000000000000003,2.96
254,-7.616e-05,2.8000000000000003,2.96
255,-7.584e-05,2.82,2.98
256,-7.552000000000001e-05,2.84,3.0
257,-7.520000000000001e-05,2.86,3.02
258,-7.488000000000001e-05,2.86,3.02
259,-7.456e-05,2.86,3.04
260,-7.424000000000001e-05,2.88,3.06
261,-7.392000000000001e-05,2.9,3.06
262,-7.360000000000001e-05,2.9,3.08
263,-7.328e-05,2.92,3.08
264,-7.296e-05,2.94,3.1
265,-7.264000000000001e-05,2.94,3.12
266,-7.232000000000001e-05,2.96,3.14
267,-7.200000000000002e-05,2.96,3.14
268,-7.168e-05,3.0,3.16
269,-7.136000000000001e-05,3.0,3.16
270,-7.104000000000001e-05,3.0,3.18
271,-7.072000000000001e-05,3.02,3.2
272,-7.04e-05,3.02,3.2
273,-7.008e-05,3.06,3.22
274,-6.976000000000001e-05,3.06,3.22
275,-6.944000000000001e-05,3.06,3.24
276,-6.912e-05,3.08,3.2600000000000002
277,-6.88e-05,3.1,3.2600000000000002
278,-6.848000000000001e-05,3.12,3.2800000000000002
279,-6.816000000000001e-05,3.12,3.3000000000000003
280,-6.784000000000001e-05,3.14,3.3000000000000003
281,-6.752e-05,3.14,3.3200000000000003
282,-6.720000000000001e-05,3.16,3.34
283,-6.688000000000001e-05,3.16,3.34
284,-6.656000000000001e-05,3.18,3.36
285,-6.624e-05,3.2,3.38
286,-6.592e-05,3.22,3.38
287,-6.560000000000001e-05,3.22,3.4
288,-6.528000000000001e-05,3.22,3.4
289,-6.496000000000002e-05,3.24,3.42
290,-6.464e-05,3.2600000000000002,3.44
291,-6.432000000000001e-05,3.2600000000000002,3.44
292,-6.400000000000001e-05,3.2800000000000002,3.46
293,-6.368000000000001e-05,3.3000000000000003,3.48
294,-6.336e-05,3.3000000000000003,3.48
295,-6.304e-05,3.3200000000000003,3.5
296,-6.272000000000001e-05,3.34,3.5
297,-6.240000000000001e-05,3.34,3.52
298,-6.208e-05,3.36,3.54
299,-6.176e-05,3.36,3.54
300,-6.144000000000001e-05,3.38,3.56
301,-6.112000000000001e-05,3.38,3.58
302,-6.0800000000000014e-05,3.4,3.58
303,-6.0480000000000004e-05,3.42,3.6
304,-6.016000000000001e-05,3.42,3.6
305,-5.984000000000001e-05,3.44,3.62
306,-5.952000000000001e-05,3.46,3.64
307,-5.92e-05,3.48,3.66
308,-5.8880000000000005e-05,3.48,3.66
309,-5.856000000000001e-05,3.48,3.68
310,-5.824000000000001e-05,3.52,3.68
311,-5.7920000000000015e-05,3.52,3.7
312,-5.7600000000000004e-05,3.54,3.72
313,-5.728000000000001e-05,3.54,3.72
314,-5.696000000000001e-05,3.56,3.74
315,-5.664000000000001e-05,3.56,3.7600000000000002
316,-5.632e-05,3.58,3.7800000000000002
317,-5.6000000000000006e-05,3.58,3.7800000000000002
318,-5.568000000000001e-05,3.6,3.8000000000000003
319,-5.536000000000001e-05,3.6,3.8200000000000003
320,-5.5040000000000015e-05,3.62,3.8200000000000003
321,-5.4720000000000005e-05,3.64,3.84
322,-5.440000000000001e-05,3.66,3.84
323,-5.408000000000001e-05,3.66,3.86
324,-5.3760000000000014e-05,3.68,3.88
325,-5.344e-05,3.68,3.88
326,-5.3120000000000006e-05,3.7,3.9
327,-5.280000000000001e-05,3.7,3.9
328,-5.248000000000001e-05,3.72,3.94
329,-5.216e-05,3.74,3.94
330,-5.1840000000000005e-05,3.74,3.94
331,-5.152000000000001e-05,3.7600000000000002,3.98
332,-5.120000000000001e-05,3.7800000000000002,3.98
333,-5.0880000000000014e-05,3.7800000000000002,3.98
334,-5.0560000000000004e-05,3.8200000000000003,4.0
335,-5.024000000000001e-05,3.8200000000000003,4.0200000000000005
336,-4.992000000000001e-05,3.8200000000000003,4.04
337,-4.960000000000001e-05,3.84,4.04
338,-4.928e-05,3.84,4.04
339,-4.8960000000000006e-05,3.88,4.0600000000000005
340,-4.864000000000001e-05,3.88,4.08
341,-4.832000000000001e-05,3.9,4.08
342,-4.8000000000000015e-05,3.9,4.1
343,-4.7680000000000004e-05,3.9,4.12
344,-4.736000000000001e-05,3.92,4.12
345,-4.704000000000001e-05,3.94,4.14
346,-4.6720000000000013e-05,3.96,4.14
347,-4.64e-05,3.96,4.16
348,-4.6080000000000006e-05,3.96,4.18
349,-4.576000000000001e-05,3.98,4.18
350,-4.544000000000001e-05,4.0,4.2
351,-4.512e-05,4.0200000000000005,4.22
352,-4.4800000000000005e-05,4.0200000000000005,4.22
353,-4.448000000000001e-05,4.04,4.24
354,-4.416000000000001e-05,4.04,4.26
355,-4.3840000000000014e-05,4.0600000000000005,4.26
356,-4.3520000000000003e-05,4.08,4.28
357,-4.3200000000000007e-05,4.08,4.3
358,-4.288000000000001e-05,4.1,4.3
359,-4.256000000000001e-05,4.1,4.32
360,-4.224e-05,4.12,4.34
361,-4.1920000000000005e-05,4.14,4.34
362,-4.160000000000001e-05,4.14,4.36
363,-4.128000000000001e-05,4.16,4.36
364,-4.0960000000000014e-05,4.16,4.38
365,-4.0640000000000004e-05,4.18,4.4
366,-4.032000000000001e-05,4.18,4.4
367,-4.000000000000001e-05,4.2,4.42
368,-3.968000000000001e-05,4.22,4.44
369,-3.936e-05,4.24,4.46
370,-3.9040000000000006e-05,4.24,4.46
371,-3.872000000000001e-05,4.24,4.48
372,-3.840000000000001e-05,4.26,4.48
373,-3.808e-05,4.26,4.5
374,-3.7760000000000004e-05,4.3,4.5200000000000005
375,-3.744000000000001e-05,4.3,4.5200000000000005
376,-3.712000000000001e-05,4.32,4.54
377,-3.6800000000000014e-05,4.32,4.5600000000000005
378,-3.648e-05,4.34,4.58
379,-3.6160000000000006e-05,4.34,4.58
380,-3.584000000000001e-05,4.36,4.6000000000000005
381,-3.552000000000001e-05,4.38,4.6000000000000005
382,-3.5200000000000015e-05,4.38,4.62
383,-3.488000000000002e-05,4.38,4.62
384,-3.4559999999999994e-05,4.4,4.64
385,-3.424e-05,4.42,4.64
386,-3.392e-05,4.44,4.66
387,-3.3600000000000004e-05,4.44,4.68
388,-3.328000000000001e-05,4.46,4.68
389,-3.296000000000001e-05,4.48,4.7
390,-3.264000000000001e-05,4.48,4.72
391,-3.2320000000000016e-05,4.5,4.72
392,-3.200000000000002e-05,4.5,4.74
393,-3.1679999999999995e-05,4.5200000000000005,4.76
394,-3.136e-05,4.5200000000000005,4.76
395,-3.104e-05,4.54,4.78
396,-3.0720000000000004e-05,4.5600000000000005,4.78
397,-3.0400000000000007e-05,4.5600000000000005,4.8
398,-3.008000000000001e-05,4.58,4.82
399,-2.9760000000000013e-05,4.6000000000000005,4.84
400,-2.9440000000000016e-05,4.6000000000000005,4.84
401,-2.912000000000002e-05,4.62,4.86
402,-2.8799999999999995e-05,4.62,4.88
403,-2.848e-05,4.64,4.88
404,-2.816e-05,4.66,4.9
405,-2.7840000000000005e-05,4.68,4.9
406,-2.7520000000000008e-05,4.68,4.92
407,-2.720000000000001e-05,4.7,4.94
408,-2.6880000000000014e-05,4.7,4.94
409,-2.6560000000000017e-05,4.72,4.96
410,-2.624000000000002e-05,4.5200000000000005,0.12
411,-2.5919999999999996e-05,2.5,0.08
412,-2.56e-05,1.44,0.08
413,-2.5280000000000002e-05,0.88,0.08
414,-2.4960000000000005e-05,0.56,0.1
415,-2.4640000000000008e-05,0.38,0.1
416,-2.432000000000001e-05,0.28,0.12
417,-2.4000000000000014e-05,0.22,0.12
418,-2.3680000000000017e-05,0.2,0.14
419,-2.336000000000002e-05,0.18,0.14
420,-2.3039999999999996e-05,0.18,0.16
421,-2.272e-05,0.18,0.18
422,-2.2400000000000002e-05,0.18,0.18
423,-2.2080000000000005e-05,0.2,0.2
424,-2.176000000000001e-05,0.2,0.22
425,-2.144000000000001e-05,0.22,0.22
426,-2.1120000000000015e-05,0.22,0.24
427,-2.0800000000000018e-05,0.24,0.24
428,-2.048000000000002e-05,0.24,0.26
429,-2.0159999999999997e-05,0.24,0.26
430,-1.984e-05,0.26,0.3
431,-1.9520000000000003e-05,0.28,0.3
432,-1.9200000000000006e-05,0.28,0.3
433,-1.888000000000001e-05,0.28,0.34
434,-1.8560000000000012e-05,0.32,0.34
435,-1.8240000000000015e-05,0.32,0.34
436,-1.7920000000000018e-05,0.32,0.36
437,-1.7599999999999994e-05,0.34,0.38
438,-1.7279999999999997e-05,0.36,0.38
439,-1.696e-05,0.36,0.4
440,-1.6640000000000003e-05,0.38,0.42
441,-1.6320000000000006e-05,0.4,0.42
442,-1.600000000000001e-05,0.4,0.44
443,-1.5680000000000013e-05,0.42,0.44
444,-1.5360000000000016e-05,0.42,0.46
445,-1.5040000000000019e-05,0.44,0.48
446,-1.4719999999999995e-05,0.44,0.48
447,-1.4399999999999998e-05,0.46,0.5
448,-1.408e-05,0.48,0.5
449,-1.3760000000000004e-05,0.48,0.52
450,-1.3440000000000007e-05,0.48,0.54
451,-1.312000000000001e-05,0.5,0.54
452,-1.2800000000000013e-05,0.52,0.56
453,-1.2480000000000016e-05,0.52,0.58
454,-1.2160000000000019e-05,0.54,0.58
455,-1.1839999999999995e-05,0.56,0.6
456,-1.1519999999999998e-05,0.56,0.62
457,-1.1200000000000001e-05,0.58,0.62
458,-1.0880000000000004e-05,0.58,0.64
459,-1.0560000000000007e-05,0.6,0.64
460,-1.024000000000001e-05,0.62,0.66
461,-9.920000000000013e-06,0.62,0.66
462,-9.600000000000017e-06,0.64,0.68
463,-9.28000000000002e-06,0.64,0.68
464,-8.959999999999996e-06,0.66,0.72
465,-8.639999999999999e-06,0.68,0.72
466,-8.320000000000002e-06,0.68,0.74
467,-8.000000000000005e-06,0.7000000000000001,0.74
468,-7.680000000000008e-06,0.7000000000000001,0.74
469,-7.360000000000011e-06,0.72,0.78
470,-7.040000000000014e-06,0.74,0.78
471,-6.720000000000017e-06,0.74,0.8
472,-6.40000000000002e-06,0.74,0.8200000000000001
473,-6.079999999999996e-06,0.76,0.8200000000000001
474,-5.759999999999999e-06,0.78,0.84
475,-5.440000000000002e-06,0.8,0.84
476,-5.120000000000005e-06,0.8,0.86
477,-4.800000000000008e-06,0.8200000000000001,0.88
478,-4.480000000000011e-06,0.8200000000000001,0.9
479,-4.160000000000014e-06,0.8200000000000001,0.9
480,-3.8400000000000174e-06,0.86,0.92
481,-3.5200000000000205e-06,0.86,0.92
482,-3.1999999999999965e-06,0.88,0.9400000000000001
483,-2.8799999999999995e-06,0.88,0.9400000000000001
484,-2.5600000000000026e-06,0.9,0.96
485,-2.2400000000000057e-06,0.9,0.96
486,-1.9200000000000087e-06,0.92,0.98
487,-1.6000000000000118e-06,0.92,1.0
488,-1.2800000000000148e-06,0.9400000000000001,1.02
489,-9.60000000000018e-07,0.96,1.02
490,-6.399999999999939e-07,0.96,1.04
491,-3.1999999999999694e-07,0.98,1.06
492,0.0,1.0,1.06
493,3.1999999999999694e-07,1.0,1.08
494,6.399999999999939e-07,1.02,1.08
495,9.599999999999908e-07,1.02,1.1
496,1.2799999999999877e-06,1.04,1.12
497,1.5999999999999847e-06,1.06,1.12
498,1.9199999999999816e-06,1.08,1.1400000000000001
499,2.2400000000000057e-06,1.08,1.1400000000000001
500,2.5600000000000026e-06,1.08,1.16
501,2.8799999999999995e-06,1.08,1.18
502,3.1999999999999965e-06,1.1,1.18
503,3.5199999999999934e-06,1.12,1.2
504,3.83999999999999e-06,1.1400000000000001,1.2
505,4.159999999999987e-06,1.1400000000000001,1.22
506,4.479999999999984e-06,1.16,1.24
507,4.799999999999981e-06,1.18,1.26
508,5.120000000000005e-06,1.18,1.26
509,5.440000000000002e-06,1.2,1.26
510,5.759999999999999e-06,1.2,1.28
511,6.079999999999996e-06,1.22,1.3
512,6.399999999999993e-06,1.24,1.32
513,6.71999999999999e-06,1.26,1.32
514,7.039999999999987e-06,1.26,1.34
515,7.359999999999984e-06,1.26,1.36
516,7.67999999999998e-06,1.28,1.36
517,8.000000000000005e-06,1.28,1.36
518,8.320000000000002e-06,1.3,1.3800000000000001
519,8.639999999999999e-06,1.32,1.42
520,8.959999999999996e-06,1.32,1.42
521,9.279999999999992e-06,1.34,1.42
522,9.59999999999999e-06,1.36,1.44
523,9.919999999999986e-06,1.36,1.46
524,1.0239999999999983e-05,1.3800000000000001,1.46
525,1.055999999999998e-05,1.3800000000000001,1.48
526,1.0880000000000004e-05,1.4000000000000001,1.48
527,1.1200000000000001e-05,1.4000000000000001,1.5
528,1.1519999999999998e-05,1.42,1.52
529,1.1839999999999995e-05,1.44,1.52
530,1.2159999999999992e-05,1.44,1.54
531,1.2479999999999989e-05,1.46,1.54
532,1.2799999999999986e-05,1.46,1.56
533,1.3119999999999983e-05,1.48,1.58
534,1.343999999999998e-05,1.5,1.6
535,1.3760000000000004e-05,1.52,1.6
536,1.408e-05,1.52,1.62
537,1.4399999999999998e-05,1.54,1.62
538,1.4719999999999995e-05,1.54,1.62
539,1.5039999999999992e-05,1.56,1.6600000000000001
540,1.535999999999999e-05,1.56,1.68
541,1.5679999999999985e-05,1.58,1.68
542,1.5999999999999982e-05,1.6,1.7
543,1.6320000000000006e-05,1.6,1.7
544,1.6640000000000003e-05,1.62,1.7
545,1.696e-05,1.62,1.72
546,1.7279999999999997e-05,1.6400000000000001,1.74
547,1.7599999999999994e-05,1.6400000000000001,1.76
548,1.791999999999999e-05,1.6600000000000001,1.76
549,1.8239999999999988e-05,1.68,1.78
550,1.8559999999999985e-05,1.7,1.8
551,1.8879999999999982e-05,1.7,1.8
552,1.9200000000000006e-05,1.7,1.8
553,1.9520000000000003e-05,1.74,1.82
554,1.984e-05,1.72,1.84
555,2.0159999999999997e-05,1.74,1.86
556,2.0479999999999994e-05,1.76,1.86
557,2.079999999999999e-05,1.78,1.8800000000000001
558,2.1119999999999988e-05,1.8,1.9000000000000001
559,2.1439999999999984e-05,1.8,1.9000000000000001
560,2.175999999999998e-05,1.8,1.92
561,2.2080000000000005e-05,1.82,1.94
562,2.2400000000000002e-05,1.84,1.94
563,2.272e-05,1.84,1.96
564,2.3039999999999996e-05,1.86,1.96
565,2.3359999999999993e-05,1.8800000000000001,1.98
566,2.367999999999999e-05,1.8800000000000001,2.0
567,2.3999999999999987e-05,1.9000000000000001,2.02
568,2.4319999999999984e-05,1.9000000000000001,2.02
569,2.463999999999998e-05,1.92,2.04
570,2.4960000000000005e-05,1.94,2.04
571,2.5280000000000002e-05,1.94,2.04
572,2.56e-05,1.96,2.08
573,2.5919999999999996e-05,1.98,2.08
574,2.6239999999999993e-05,1.98,2.1
575,2.655999999999999e-05,2.0,2.12
576,2.6879999999999987e-05,2.0,2.12
577,2.7199999999999984e-05,2.02,2.12
578,2.751999999999998e-05,2.04,2.14
579,2.7840000000000005e-05,2.04,2.16
580,2.816e-05,2.06,2.18
581,2.848e-05,2.08,2.18
582,2.8799999999999995e-05,2.08,2.2
583,2.9119999999999992e-05,2.1,2.22
584,2.943999999999999e-05,2.1,2.24
585,2.9759999999999986e-05,2.1,2.24
586,3.0079999999999983e-05,2.14,2.2600000000000002
587,3.039999999999998e-05,2.14,2.2600000000000002
588,3.0720000000000004e-05,2.14,2.2800000000000002
589,3.104e-05,2.18,2.2800000000000002
590,3.136e-05,2.16,2.3000000000000003
591,3.1679999999999995e-05,2.2,2.32
592,3.199999999999999e-05,2.18,2.32
593,3.231999999999999e-05,2.22,2.34
594,3.2639999999999986e-05,2.22,2.36
595,3.295999999999998e-05,2.24,2.36
596,3.328000000000001e-05,2.2600000000000002,2.38
597,3.3600000000000004e-05,2.2600000000000002,2.4
598,3.392e-05,2.2600000000000002,2.4
599,3.424e-05,2.2800000000000002,2.42
600,3.4559999999999994e-05,2.2800000000000002,2.44
601,3.487999999999999e-05,2.32,2.44
602,3.519999999999999e-05,2.32,2.46
603,3.5519999999999985e-05,2.34,2.46
604,3.583999999999998e-05,2.36,2.48
605,3.6160000000000006e-05,2.36,2.5
606,3.648e-05,2.38,2.5
607,3.68e-05,2.38,2.52
608,3.712e-05,2.4,2.52
609,3.7439999999999994e-05,2.4,2.54
610,3.775999999999999e-05,2.42,2.56
611,3.807999999999999e-05,2.44,2.58
612,3.8399999999999985e-05,2.46,2.58
613,3.871999999999998e-05,2.46,2.58
614,3.9040000000000006e-05,2.46,2.6
615,3.936e-05,2.48,2.62
616,3.968e-05,2.48,2.62
617,3.9999999999999996e-05,2.5,2.64
618,4.0319999999999993e-05,2.5,2.64
619,4.063999999999999e-05,2.52,2.66
620,4.095999999999999e-05,2.54,2.68
621,4.1279999999999984e-05,2.56,2.68
622,4.159999999999998e-05,2.56,2.7
623,4.1920000000000005e-05,2.58,2.72
624,4.224e-05,2.58,2.72
625,4.256e-05,2.6,2.74
626,4.2879999999999996e-05,2.62,2.7600000000000002
627,4.319999999999999e-05,2.62,2.7600000000000002
628,4.351999999999999e-05,2.62,2.7800000000000002
629,4.383999999999999e-05,2.64,2.8000000000000003
630,4.4159999999999984e-05,2.66,2.8000000000000003
631,4.447999999999998e-05,2.66,2.82
632,4.4800000000000005e-05,2.68,2.82
633,4.512e-05,2.7,2.84
634,4.544e-05,2.7,2.86
635,4.5759999999999996e-05,2.72,2.86
636,4.607999999999999e-05,2.72,2.88
637,4.639999999999999e-05,2.74,2.9
638,4.6719999999999986e-05,2.74,2.9
639,4.703999999999998e-05,2.7600000000000002,2.9
640,4.735999999999998e-05,2.7800000000000002,2.94
641,4.7680000000000004e-05,2.8000000000000003,2.94
642,4.8e-05,2.8000000000000003,2.96
643,4.832e-05,2.8000000000000003,2.96
644,4.8639999999999995e-05,2.82,2.98
645,4.895999999999999e-05,2.84,3.0
646,4.927999999999999e-05,2.84,3.0
647,4.9599999999999986e-05,2.86,3.02
648,4.991999999999998e-05,2.88,3.02
649,5.024000000000001e-05,2.88,3.04
650,5.0560000000000004e-05,2.9,3.06
651,5.088e-05,2.92,3.08
652,5.12e-05,2.92,3.08
653,5.1519999999999995e-05,2.94,3.1
654,5.183999999999999e-05,2.94,3.1
655,5.215999999999999e-05,2.96,3.12
656,5.2479999999999985e-05,2.96,3.16
657,5.279999999999998e-05,2.98,3.16
658,5.3120000000000006e-05,2.98,3.16
659,5.344e-05,3.0,3.18
660,5.376e-05,3.02,3.18
661,5.408e-05,3.04,3.22
662,5.4399999999999994e-05,3.06,3.22
663,5.471999999999999e-05,3.06,3.22
664,5.503999999999999e-05,3.06,3.24
665,5.5359999999999985e-05,3.08,3.2600000000000002
666,5.567999999999998e-05,3.08,3.2800000000000002
667,5.6000000000000006e-05,3.12,3.2800000000000002
668,5.632e-05,3.12,3.3000000000000003
669,5.664e-05,3.14,3.3000000000000003
670,5.696e-05,3.16,3.3200000000000003
671,5.7279999999999994e-05,3.16,3.3200000000000003
672,5.759999999999999e-05,3.18,3.34
673,5.791999999999999e-05,3.18,3.36
674,5.8239999999999984e-05,3.2,3.36
675,5.855999999999998e-05,3.22,3.38
676,5.8880000000000005e-05,3.22,3.4
677,5.92e-05,3.22,3.4
678,5.952e-05,3.2600000000000002,3.42
679,5.9839999999999996e-05,3.2600000000000002,3.44
680,6.015999999999999e-05,3.2800000000000002,3.44
681,6.047999999999999e-05,3.2800000000000002,3.46
682,6.079999999999999e-05,3.3000000000000003,3.48
683,6.111999999999998e-05,3.3200000000000003,3.48
684,6.143999999999998e-05,3.34,3.48
685,6.176e-05,3.34,3.5
686,6.208e-05,3.34,3.52
687,6.24e-05,3.36,3.54
688,6.272e-05,3.36,3.54
689,6.303999999999999e-05,3.38,3.56
690,6.335999999999999e-05,3.4,3.56
691,6.367999999999999e-05,3.4,3.58
692,6.399999999999998e-05,3.42,3.6
693,6.432000000000001e-05,3.42,3.6
694,6.464e-05,3.44,3.62
695,6.496e-05,3.46,3.64
696,6.528e-05,3.46,3.66
697,6.56e-05,3.48,3.66
698,6.591999999999999e-05,3.48,3.68
699,6.623999999999999e-05,3.5,3.7
700,6.655999999999999e-05,3.52,3.7
701,6.687999999999998e-05,3.52,3.72
702,6.720000000000001e-05,3.54,3.72
703,6.752e-05,3.54,3.74
704,6.784e-05,3.56,3.74
705,6.816e-05,3.58,3.7800000000000002
706,6.848e-05,3.58,3.7800000000000002
707,6.879999999999999e-05,3.6,3.8000000000000003
708,6.911999999999999e-05,3.62,3.8200000000000003
709,6.943999999999999e-05,3.62,3.8200000000000003
710,6.975999999999998e-05,3.62,3.84
711,7.008e-05,3.64,3.86
712,7.04e-05,3.66,3.86
713,7.072e-05,3.68,3.86
714,7.104e-05,3.68,3.88
715,7.136e-05,3.7,3.9
716,7.167999999999999e-05,3.7,3.9
717,7.199999999999999e-05,3.72,3.92
718,7.231999999999999e-05,3.74,3.94
719,7.263999999999998e-05,3.74,3.94
720,7.296e-05,3.7600000000000002,3.96
721,7.328e-05,3.7600000000000002,3.98
722,7.36e-05,3.7800000000000002,3.98
723,7.392e-05,3.8000000000000003,4.0
724,7.424e-05,3.8000000000000003,4.0
725,7.455999999999999e-05,3.84,4.0200000000000005
726,7.487999999999999e-05,3.84,4.04
727,7.519999999999998e-05,3.84,4.04
728,7.551999999999998e-05,3.86,4.0600000000000005
729,7.584e-05,3.88,4.08
730,7.616e-05,3.88,4.1
731,7.648e-05,3.9,4.1
732,7.68e-05,3.9,4.12
733,7.712e-05,3.92,4.12
734,7.743999999999999e-05,3.94,4.14
735,7.775999999999999e-05,3.94,4.16
736,7.807999999999998e-05,3.96,4.16
737,7.839999999999998e-05,3.96,4.18
738,7.872e-05,3.98,4.18
739,7.904e-05,4.0,4.2
740,7.936e-05,4.0,4.22
741,7.968e-05,4.0200000000000005,4.24
742,7.999999999999999e-05,4.0200000000000005,4.24
743,8.031999999999999e-05,4.04,4.24
744,8.063999999999999e-05,4.0600000000000005,4.26
745,8.095999999999998e-05,4.08,4.28
746,8.128000000000001e-05,4.08,4.3
747,8.16e-05,4.1,4.3
748,8.192e-05,4.1,4.32
749,8.224e-05,4.14,4.34
750,8.256e-05,4.12,4.34
751,8.287999999999999e-05,4.14,4.36
752,8.319999999999999e-05,4.16,4.36
753,8.351999999999999e-05,4.16,4.4
754,8.383999999999998e-05,4.18,4.38
755,8.416000000000001e-05,4.18,4.4
756,8.448e-05,4.22,4.42
757,8.48e-05,4.2,4.44
758,8.512e-05,4.22,4.44
759,8.544e-05,4.24,4.46
760,8.575999999999999e-05,4.24,4.48
761,8.607999999999999e-05,4.26,4.48
762,8.639999999999999e-05,4.28,4.5
763,8.671999999999998e-05,4.28,4.5200000000000005
764,8.703999999999998e-05,4.3,4.5200000000000005
765,8.735999999999998e-05,4.3,4.54
766,8.767999999999997e-05,4.32,4.5600000000000005
767,8.799999999999997e-05,4.34,4.5600000000000005
768,8.832000000000002e-05,4.34,4.58
769,8.864000000000002e-05,4.36,4.6000000000000005
770,8.896000000000002e-05,4.38,4.6000000000000005
771,8.928000000000001e-05,4.38,4.62
772,8.960000000000001e-05,4.4,4.62
773,8.992e-05,4.42,4.64
774,9.024e-05,4.42,4.64
775,9.056e-05,4.42,4.66
776,9.088e-05,4.44,4.68
777,9.12e-05,4.46,4.68
778,9.151999999999999e-05,4.46,4.7
779,9.183999999999999e-05,4.48,4.72
780,9.215999999999998e-05,4.5,4.72
781,9.247999999999998e-05,4.5200000000000005,4.74
782,9.279999999999998e-05,4.5200000000000005,4.74
783,9.311999999999998e-05,4.54,4.76
784,9.343999999999997e-05,4.54,4.78
785,9.375999999999997e-05,4.5600000000000005,4.78
786,9.408000000000002e-05,4.58,4.8
787,9.440000000000002e-05,4.58,4.82
788,9.472000000000001e-05,4.6000000000000005,4.82
789,9.504000000000001e-05,4.6000000000000005,4.84
790,9.536000000000001e-05,4.62,4.86
791,9.568e-05,4.64,4.88
792,9.6e-05,4.64,4.88
793,9.632e-05,4.66,4.88
794,9.664e-05,4.68,4.9
795,9.696e-05,4.68,4.92
796,9.727999999999999e-05,4.68,4.94
797,9.759999999999999e-05,4.72,4.94
798,9.791999999999998e-05,4.72,4.96
799,9.823999999999998e-05,4.74,0.24
800,9.855999999999998e-05,2.72,0.08
801,9.887999999999997e-05,1.56,0.06
802,9.919999999999997e-05,0.9400000000000001,0.08
803,9.951999999999997e-05,0.6,0.1
804,9.984000000000002e-05,0.4,0.1
805,0.00010016000000000002,0.3,0.1
806,0.00010048000000000001,0.24,0.1
807,0.00010080000000000001,0.2,0.14
808,0.00010112000000000001,0.2,0.16
809,0.00010144,0.18,0.16
810,0.00010176,0.18,0.18
811,0.00010208,0.2,0.18
812,0.0001024,0.2,0.2
813,0.00010271999999999999,0.2,0.2
814,0.00010303999999999999,0.22,0.22
815,0.00010335999999999999,0.22,0.24
816,0.00010367999999999998,0.22,0.24
817,0.00010399999999999998,0.24,0.24
818,0.00010431999999999998,0.26,0.28
819,0.00010463999999999997,0.26,0.28
820,0.00010495999999999997,0.28,0.3
821,0.00010528000000000002,0.28,0.32
822,0.00010560000000000002,0.3,0.32
823,0.00010592000000000002,0.3,0.34
824,0.00010624000000000001,0.32,0.34
825,0.00010656000000000001,0.34,0.36
826,0.00010688,0.34,0.38
827,0.0001072,0.36,0.36
828,0.00010752,0.36,0.4
829,0.00010784,0.38,0.4
830,0.00010816,0.38,0.4
831,0.00010847999999999999,0.4,0.42
832,0.00010879999999999999,0.4,0.44
833,0.00010911999999999999,0.42,0.46
834,0.00010943999999999998,0.42,0.48
835,0.00010975999999999998,0.44,0.48
836,0.00011007999999999998,0.46,0.5
837,0.00011039999999999997,0.46,0.52
838,0.00011071999999999997,0.48,0.52
839,0.00011104000000000002,0.5,0.52
840,0.00011136000000000002,0.5,0.54
841,0.00011168000000000001,0.52,0.56
842,0.00011200000000000001,0.52,0.58
843,0.00011232000000000001,0.52,0.58
844,0.00011264,0.54,0.6
845,0.00011296,0.56,0.6
846,0.00011328,0.58,0.62
847,0.0001136,0.6,0.64
848,0.00011392,0.6,0.64
849,0.00011423999999999999,0.62,0.66
850,0.00011455999999999999,0.62,0.68
851,0.00011487999999999998,0.62,0.68
852,0.00011519999999999998,0.64,0.7000000000000001
853,0.00011551999999999998,0.66,0.7000000000000001
854,0.00011583999999999998,0.68,0.72
855,0.00011615999999999997,0.68,0.72
856,0.00011647999999999997,0.68,0.74
857,0.00011680000000000002,0.7000000000000001,0.76
858,0.00011712000000000002,0.72,0.76
859,0.00011744000000000001,0.72,0.78
860,0.00011776000000000001,0.74,0.8
861,0.00011808000000000001,0.76,0.8
862,0.0001184,0.76,0.8200000000000001
863,0.00011872,0.78,0.8200000000000001
864,0.00011904,0.8,0.84
865,0.00011936,0.8,0.86
866,0.00011967999999999999,0.8200000000000001,0.86
867,0.00011999999999999999,0.8200000000000001,0.88
868,0.00012031999999999999,0.84,0.88
869,0.00012063999999999998,0.86,0.9
870,0.00012095999999999998,0.86,0.92
871,0.00012127999999999998,0.88,0.9400000000000001
872,0.00012159999999999997,0.88,0.9400000000000001
873,0.00012191999999999997,0.9,0.9400000000000001
874,0.00012224000000000002,0.92,0.96
875,0.00012256000000000002,0.92,0.98
876,0.00012288000000000002,0.9400000000000001,1.0
877,0.0001232,0.9400000000000001,1.0
878,0.00012352,0.96,1.02
879,0.00012384,0.96,1.04
880,0.00012416,0.98,1.04
881,0.00012448,1.0,1.06
882,0.0001248,1.0,1.08
883,0.00012512,1.02,1.08
884,0.00012544,1.02,1.1
885,0.00012576,1.02,1.1
886,0.00012607999999999999,1.06,1.12
887,0.00012639999999999998,1.06,1.1400000000000001
888,0.00012671999999999998,1.06,1.1400000000000001
889,0.00012703999999999998,1.08,1.16
890,0.00012735999999999997,1.1,1.16
891,0.00012767999999999997,1.12,1.18
892,0.00012800000000000002,1.1,1.2
893,0.00012832000000000002,1.1400000000000001,1.22
894,0.00012864000000000002,1.1400000000000001,1.22
895,0.00012896,1.16,1.24
896,0.00012928,1.18,1.26
897,0.0001296,1.18,1.24
898,0.00012992,1.2,1.28
899,0.00013024,1.2,1.3
900,0.00013056,1.22,1.32
901,0.00013088,1.24,1.32
902,0.0001312,1.24,1.32
903,0.00013152,1.26,1.34
904,0.00013183999999999998,1.28,1.36
905,0.00013215999999999998,1.28,1.36
906,0.00013247999999999998,1.3,1.3800000000000001
907,0.00013279999999999998,1.28,1.4000000000000001
908,0.00013311999999999997,1.32,1.4000000000000001
909,0.00013343999999999997,1.32,1.42
910,0.00013376000000000002,1.34,1.42
911,0.00013408000000000002,1.36,1.44
912,0.00013440000000000001,1.36,1.46
913,0.00013472,1.3800000000000001,1.46
914,0.00013504,1.3800000000000001,1.48
915,0.00013536,1.4000000000000001,1.5
916,0.00013568,1.42,1.5
917,0.000136,1.42,1.52
918,0.00013632,1.44,1.52
919,0.00013664,1.44,1.54
920,0.00013696,1.46,1.56
921,0.00013728,1.48,1.54
922,0.00013759999999999998,1.48,1.58
923,0.00013791999999999998,1.5,1.58
924,0.00013823999999999998,1.5,1.6
925,0.00013855999999999997,1.52,1.62
926,0.00013887999999999997,1.54,1.62
927,0.00013920000000000002,1.54,1.6400000000000001
928,0.00013952000000000002,1.54,1.6600000000000001
929,0.00013984000000000002,1.58,1.6600000000000001
930,0.00014016,1.56,1.68
931,0.00014048,1.6,1.7
932,0.0001408,1.6,1.7
933,0.00014112,1.62,1.72
934,0.00014144,1.62,1.72
935,0.00014176,1.6400000000000001,1.74
936,0.00014208,1.6600000000000001,1.76
937,0.0001424,1.6600000000000001,1.74
938,0.00014272,1.68,1.78
939,0.00014303999999999999,1.68,1.78
940,0.00014335999999999998,1.7,1.8
941,0.00014367999999999998,1.72,1.8
942,0.00014399999999999998,1.72,1.82
943,0.00014431999999999997,1.74,1.84
944,0.00014463999999999997,1.76,1.86
945,0.00014496000000000002,1.76,1.86
946,0.00014528000000000002,1.76,1.8800000000000001
947,0.00014560000000000002,1.78,1.9000000000000001
948,0.00014592,1.8,1.9000000000000001
949,0.00014624,1.8,1.9000000000000001
950,0.00014656,1.82,1.94
951,0.00014688,1.84,1.94
952,0.0001472,1.84,1.96
953,0.00014752,1.86,1.96
954,0.00014784,1.86,1.96
955,0.00014816,1.8800000000000001,2.0
956,0.00014848,1.9000000000000001,2.0
957,0.00014879999999999998,1.9000000000000001,2.02
958,0.00014911999999999998,1.92,2.02
959,0.00014943999999999998,1.94,2.04
960,0.00014975999999999998,1.94,2.06
961,0.00015007999999999997,1.96,2.06
962,0.00015039999999999997,1.98,2.08
963,0.00015072000000000002,1.98,2.1
964,0.00015104000000000002,1.98,2.1
965,0.00015136000000000001,2.02,2.1
966,0.00015168,2.02,2.14
967,0.000152,2.04,2.16
968,0.00015232,2.04,2.16
969,0.00015264,2.04,2.18
970,0.00015296,2.08,2.2
971,0.00015328,2.08,2.2
972,0.0001536,2.1,2.22
973,0.00015392,2.1,2.22
974,0.00015424,2.1,2.24
975,0.00015455999999999998,2.14,2.2600000000000002
976,0.00015487999999999998,2.12,2.2600000000000002
977,0.00015519999999999998,2.14,2.2800000000000002
978,0.00015551999999999997,2.16,2.3000000000000003
979,0.00015583999999999997,2.16,2.3000000000000003
980,0.00015616000000000002,2.18,2.32
981,0.00015648000000000002,2.2,2.32
982,0.00015680000000000002,2.22,2.34
983,0.00015712000000000001,2.22,2.36
984,0.00015744,2.24,2.36
985,0.00015776,2.24,2.36
986,0.00015808,2.2600000000000002,2.4
987,0.0001584,2.2800000000000002,2.4
988,0.00015872,2.2800000000000002,2.42
989,0.00015904,2.2800000000000002,2.42
990,0.00015936,2.32,2.44
991,0.00015968,2.32,2.46
992,0.00015999999999999999,2.34,2.46
993,0.00016031999999999998,2.34,2.48
994,0.00016063999999999998,2.36,2.5
995,0.00016095999999999998,2.38,2.52
996,0.00016127999999999997,2.36,2.52
997,0.00016159999999999997,2.4,2.52
998,0.00016192000000000002,2.4,2.54
999,0.00016224000000000002,2.42,2.54
1000,0.00016256000000000002,2.42,2.58
1001,0.00016288,2.44,2.58
1002,0.0001632,2.46,2.6
1003,0.00016352,2.46,2.6
1004,0.00016384,2.46,2.6
1005,0.00016416,2.5,2.62
1006,0.00016448,2.5,2.64
1007,0.0001648,2.5,2.66
1008,0.00016512,2.52,2.66
1009,0.00016544,2.52,2.66
1010,0.00016575999999999999,2.56,2.68
1011,0.00016607999999999998,2.56,2.72
1012,0.00016639999999999998,2.56,2.72
1013,0.00016671999999999998,2.58,2.72
1014,0.00016703999999999997,2.58,2.74
1015,0.00016735999999999997,2.6,2.74
1016,0.00016768000000000002,2.62,2.7600000000000002
1017,0.00016800000000000002,2.64,2.7800000000000002
1018,0.00016832000000000001,2.64,2.7800000000000002
1019,0.00016864,2.66,2.8000000000000003
1020,0.00016896,2.66,2.82
1021,0.00016928,2.68,2.82
1022,0.0001696,2.7,2.84
1023,0.00016992,2.7,2.84
1024,0.00017024,2.72,2.86
1025,0.00017056,2.74,2.88
1026,0.00017088,2.74,2.9
1027,0.0001712,2.74,2.9
1028,0.00017151999999999998,2.7800000000000002,2.92
1029,0.00017183999999999998,2.7800000000000002,2.94
1030,0.00017215999999999998,2.7800000000000002,2.94
1031,0.00017247999999999997,2.8000000000000003,2.96
1032,0.00017279999999999997,2.8000000000000003,2.98
1033,0.00017312000000000002,2.82,2.98
1034,0.00017344000000000002,2.84,2.98
1035,0.00017376000000000002,2.84,3.0
1036,0.00017408000000000001,2.88,3.02
1037,0.0001744,2.88,3.02
1038,0.00017472,2.88,3.04
1039,0.00017504,2.9,3.06
1040,0.00017536,2.9,3.08
1041,0.00017568,2.92,3.1
1042,0.000176,2.94,3.1
1043,0.00017632,2.96,3.1
1044,0.00017664,2.96,3.12
1045,0.00017695999999999999,2.96,3.14
1046,0.00017727999999999998,2.98,3.14
1047,0.00017759999999999998,2.98,3.16
1048,0.00017791999999999998,3.0,3.18
1049,0.00017823999999999997,3.02,3.18
1050,0.00017855999999999997,3.04,3.2
1051,0.00017888000000000002,3.06,3.22
1052,0.00017920000000000002,3.04,3.22
1053,0.00017952000000000002,3.06,3.24
1054,0.00017984,3.08,3.2600000000000002
1055,0.00018016,3.08,3.2800000000000002
1056,0.00018048,3.1,3.2800000000000002
1057,0.0001808,3.12,3.2800000000000002
1058,0.00018112,3.14,3.3000000000000003
1059,0.00018144,3.14,3.3200000000000003
1060,0.00018176,3.16,3.3200000000000003
1061,0.00018208,3.16,3.36
1062,0.0001824,3.18,3.34
1063,0.00018271999999999999,3.2,3.36
1064,0.00018303999999999998,3.2,3.38
1065,0.00018335999999999998,3.22,3.38
1066,0.00018367999999999998,3.22,3.4
1067,0.00018399999999999997,3.2600000000000002,3.42
1068,0.00018431999999999997,3.2600000000000002,3.44
1069,0.00018464000000000002,3.2600000000000002,3.44
1070,0.00018496000000000002,3.2800000000000002,3.46
1071,0.00018528000000000001,3.3000000000000003,3.46
1072,0.0001856,3.3000000000000003,3.48
1073,0.00018592,3.3200000000000003,3.48
1074,0.00018624,3.3200000000000003,3.5
1075,0.00018656,3.34,3.52
1076,0.00018688,3.36,3.52
1077,0.0001872,3.36,3.54
1078,0.00018752,3.38,3.56
1079,0.00018784,3.38,3.56
1080,0.00018816,3.42,3.58
1081,0.00018847999999999998,3.4,3.6
1082,0.00018879999999999998,3.42,3.6
1083,0.00018911999999999998,3.44,3.62
1084,0.00018943999999999998,3.44,3.64
1085,0.00018975999999999997,3.48,3.64
1086,0.00019008000000000002,3.48,3.66
1087,0.00019040000000000002,3.48,3.68
1088,0.00019072000000000002,3.5,3.68
1089,0.00019104000000000001,3.5,3.7
1090,0.00019136,3.52,3.72
1091,0.00019168,3.54,3.72
1092,0.000192,3.54,3.74
1093,0.00019232,3.56,3.7600000000000002
1094,0.00019264,3.56,3.7600000000000002
1095,0.00019296,3.58,3.7800000000000002
1096,0.00019328,3.6,3.8000000000000003
1097,0.0001936,3.6,3.8000000000000003
1098,0.00019392,3.62,3.8200000000000003
1099,0.00019423999999999998,3.64,3.84
1100,0.00019455999999999998,3.64,3.84
1101,0.00019487999999999998,3.66,3.86
1102,0.00019519999999999997,3.66,3.86
1103,0.00019551999999999997,3.68,3.88
1104,0.00019584000000000002,3.68,3.9
1105,0.00019616000000000002,3.72,3.9
1106,0.00019648000000000002,3.74,3.9
1107,0.0001968,3.74,3.92
1108,0.00019712,3.74,3.94
1109,0.00019744,3.7600000000000002,3.94
1110,0.00019776,3.7600000000000002,3.98
1111,0.00019808,3.7800000000000002,3.98
1112,0.0001984,3.8000000000000003,3.98
1113,0.00019872,3.8000000000000003,4.0
1114,0.00019904,3.84,4.04
1115,0.00019936,3.84,4.04
1116,0.00019967999999999999,3.84,4.04
1117,0.00019999999999999998,3.84,4.0600000000000005
1118,0.00020031999999999998,3.86,4.08
1119,0.00020063999999999998,3.88,4.08
1120,0.00020095999999999997,3.9,4.1
1121,0.00020127999999999997,3.9,4.12
1122,0.00020160000000000002,3.92,4.12
1123,0.00020192000000000002,3.92,4.14
1124,0.00020224000000000002,3.96,4.14
1125,0.00020256,3.96,4.18
1126,0.00020288,3.98,4.18
1127,0.0002032,3.98,4.2
1128,0.00020352,3.98,4.2
1129,0.00020384,4.0,4.22
1130,0.00020416,4.0200000000000005,4.22
1131,0.00020448,4.0200000000000005,4.24
1132,0.0002048,4.04,4.26
1133,0.00020512,4.0600000000000005,4.26
1134,0.00020543999999999998,4.0600000000000005,4.28
1135,0.00020575999999999998,4.08,4.28
1136,0.00020607999999999998,4.08,4.3
1137,0.00020639999999999998,4.1,4.32
1138,0.00020671999999999997,4.1,4.32
1139,0.00020704000000000002,4.12,4.34
1140,0.00020736000000000002,4.14,4.36
1141,0.00020768000000000002,4.16,4.38
1142,0.00020800000000000001,4.18,4.38
1143,0.00020832,4.18,4.4
1144,0.00020864,4.18,4.4
1145,0.00020896,4.2,4.42
1146,0.00020928,4.2,4.44
1147,0.0002096,4.22,4.44
1148,0.00020992,4.24,4.46
1149,0.00021024,4.24,4.48
1150,0.00021056,4.26,4.48
1151,0.00021088,4.28,4.5
1152,0.00021119999999999998,4.28,4.5200000000000005
1153,0.00021151999999999998,4.3,4.5200000000000005
1154,0.00021183999999999998,4.3,4.54
1155,0.00021215999999999997,4.32,4.5600000000000005
1156,0.00021247999999999997,4.34,4.5600000000000005
1157,0.00021280000000000002,4.34,4.58
1158,0.00021312000000000002,4.36,4.6000000000000005
1159,0.00021344000000000002,4.38,4.6000000000000005
1160,0.00021376,4.38,4.62
1161,0.00021408,4.4,4.62
1162,0.0002144,4.4,4.64
1163,0.00021472,4.42,4.64
1164,0.00021504,4.44,4.66
1165,0.00021536,4.44,4.68
1166,0.00021568,4.46,4.7
1167,0.000216,4.46,4.7
1168,0.00021632,4.48,4.72
1169,0.00021663999999999999,4.48,4.72
1170,0.00021695999999999998,4.5,4.74
1171,0.00021727999999999998,4.5200000000000005,4.74
1172,0.00021759999999999998,4.54,4.76
1173,0.00021791999999999997,4.54,4.78
1174,0.00021823999999999997,4.5600000000000005,4.8
1175,0.00021856000000000002,4.5600000000000005,4.8
1176,0.00021888000000000002,4.6000000000000005,4.82
1177,0.00021920000000000002,4.6000000000000005,4.82
1178,0.00021952,4.6000000000000005,4.84
1179,0.00021984,4.62,4.86
1180,0.00022016,4.62,4.86
1181,0.00022048,4.64,4.88
1182,0.0002208,4.68,4.88
1183,0.00022112,4.66,4.9
1184,0.00022144,4.68,4.92
1185,0.00022176,4.68,4.94
1186,0.00022208,4.7,4.94
1187,0.00022239999999999998,4.72,4.96
1188,0.00022271999999999998,4.72,1.78
1189,0.00022303999999999998,3.0,0.06
1190,0.00022335999999999998,1.72,0.08
1191,0.00022367999999999997,1.02,0.08
1192,0.00022400000000000002,0.64,0.08
1193,0.00022432000000000002,0.42,0.1
1194,0.00022464000000000002,0.32,0.1
1195,0.00022496000000000001,0.24,0.12
1196,0.00022528,0.2,0.14
1197,0.0002256,0.2,0.12
1198,0.00022592,0.18,0.16
1199,0.00022624,0.18,0.16
1200,0.00022656,0.18,0.18
1201,0.00022688,0.2,0.2
1202,0.0002272,0.2,0.22
1203,0.00022752,0.22,0.22
1204,0.00022784,0.22,0.24
1205,0.00022815999999999998,0.22,0.24
1206,0.00022847999999999998,0.24,0.26
1207,0.00022879999999999998,0.24,0.28
1208,0.00022911999999999997,0.26,0.28
1209,0.00022943999999999997,0.28,0.3
1210,0.00022976000000000002,0.28,0.32
1211,0.00023008000000000002,0.3,0.32
1212,0.00023040000000000002,0.3,0.34
1213,0.00023072000000000001,0.32,0.36
1214,0.00023104,0.34,0.36
1215,0.00023136,0.34,0.36
1216,0.00023168,0.36,0.38
1217,0.000232,0.36,0.4
1218,0.00023232,0.38,0.42
1219,0.00023264,0.38,0.42
1220,0.00023296,0.4,0.44
1221,0.00023328,0.42,0.44
1222,0.00023359999999999999,0.42,0.44
1223,0.00023391999999999998,0.42,0.48
1224,0.00023423999999999998,0.46,0.48
1225,0.00023455999999999998,0.46,0.5
1226,0.00023487999999999997,0.46,0.52
1227,0.00023519999999999997,0.48,0.52
1228,0.00023552000000000002,0.48,0.54
1229,0.00023584000000000002,0.5,0.54
1230,0.00023616000000000002,0.5,0.56
1231,0.00023648,0.52,0.58
1232,0.0002368,0.54,0.58
1233,0.00023712,0.54,0.6
1234,0.00023744,0.56,0.62
1235,0.00023776,0.58,0.62
1236,0.00023808,0.6,0.62
1237,0.0002384,0.6,0.62
1238,0.00023872,0.6,0.66
1239,0.00023904,0.62,0.66
1240,0.00023935999999999999,0.64,0.68
1241,0.00023967999999999998,0.64,0.7000000000000001
1242,0.00023999999999999998,0.66,0.7000000000000001
1243,0.00024031999999999998,0.68,0.72
1244,0.00024063999999999997,0.68,0.74
1245,0.00024096000000000002,0.7000000000000001,0.74
1246,0.00024128000000000002,0.7000000000000001,0.76
1247,0.00024160000000000002,0.72,0.78
1248,0.00024192000000000001,0.72,0.78
1249,0.00024224,0.74,0.8
1250,0.00024256,0.76,0.78
1251,0.00024288,0.76,0.8
1252,0.0002432,0.78,0.8200000000000001
1253,0.00024352,0.78,0.84
1254,0.00024384,0.8,0.84
1255,0.00024416,0.8200000000000001,0.86
1256,0.00024448,0.8,0.88
1257,0.0002448,0.84,0.88
1258,0.00024512,0.84,0.9
1259,0.00024544,0.86,0.92
1260,0.00024576,0.86,0.9400000000000001
1261,0.00024608,0.88,0.9400000000000001
1262,0.00024639999999999997,0.9,0.96
1263,0.00024672,0.9,0.98
1264,0.00024704,0.92,0.98
1265,0.00024736,0.9400000000000001,1.0
1266,0.00024768,0.9400000000000001,1.0
1267,0.000248,0.96,1.0
1268,0.00024832,0.96,1.04
1269,0.00024864,0.98,1.04
1270,0.00024896,0.98,1.06
1271,0.00024928,1.0,1.08
1272,0.0002496,1.02,1.08
1273,0.00024992,1.02,1.08
1274,0.00025024,1.04,1.12
1275,0.00025056,1.04,1.12
1276,0.00025088,1.06,1.1400000000000001
1277,0.0002512,1.06,1.1400000000000001
1278,0.00025152,1.08,1.1400000000000001
1279,0.00025184,1.1,1.18
1280,0.00025215999999999997,1.12,1.18
1281,0.00025248,1.12,1.2
1282,0.0002528,1.1400000000000001,1.22
1283,0.00025312,1.1400000000000001,1.22
1284,0.00025344,1.16,1.22
1285,0.00025376,1.16,1.24
1286,0.00025408,1.18,1.26
1287,0.0002544,1.18,1.26
1288,0.00025472,1.2,1.28
1289,0.00025504,1.22,1.3
1290,0.00025536,1.22,1.32
1291,0.00025568,1.24,1.32
1292,0.000256,1.26,1.34
1293,0.00025632,1.26,1.36
1294,0.00025664,1.28,1.36
1295,0.00025696,1.28,1.3800000000000001
1296,0.00025728,1.3,1.4000000000000001
1297,0.0002576,1.32,1.4000000000000001
1298,0.00025792,1.32,1.42
1299,0.00025824,1.34,1.42
1300,0.00025856,1.34,1.44
1301,0.00025888,1.36,1.46
1302,0.0002592,1.36,1.46
1303,0.00025952,1.3800000000000001,1.48
1304,0.00025984,1.4000000000000001,1.48
1305,0.00026016,1.42,1.5
1306,0.00026048,1.42,1.52
1307,0.0002608,1.44,1.52
1308,0.00026112,1.44,1.54
1309,0.00026144,1.46,1.54
1310,0.00026176,1.46,1.54
1311,0.00026208,1.48,1.58
1312,0.0002624,1.5,1.6
1313,0.00026272,1.5,1.6
1314,0.00026304,1.52,1.6
1315,0.00026335999999999997,1.54,1.62
1316,0.00026368,1.54,1.6400000000000001
1317,0.000264,1.54,1.6600000000000001
1318,0.00026432,1.56,1.6600000000000001
1319,0.00026464,1.58,1.6600000000000001
1320,0.00026496,1.58,1.68
1321,0.00026528,1.6,1.68
1322,0.0002656,1.62,1.7
1323,0.00026592,1.62,1.72
1324,0.00026624,1.6400000000000001,1.74
1325,0.00026656,1.6600000000000001,1.76
1326,0.00026688,1.6600000000000001,1.76
1327,0.0002672,1.68,1.78
1328,0.00026752,1.68,1.78
1329,0.00026784,1.7,1.8
1330,0.00026816,1.72,1.82
1331,0.00026848,1.72,1.82
1332,0.0002688,1.74,1.82
1333,0.00026912,1.74,1.84
1334,0.00026944,1.76,1.86
1335,0.00026976,1.78,1.8800000000000001
1336,0.00027008,1.78,1.8800000000000001
1337,0.0002704,1.8,1.9000000000000001
1338,0.00027072,1.8,1.92
1339,0.00027104,1.82,1.92
1340,0.00027136,1.84,1.94
1341,0.00027168,1.84,1.96
1342,0.000272,1.86,1.96
1343,0.00027232,1.8800000000000001,1.98
1344,0.00027264,1.8800000000000001,1.98
1345,0.00027296,1.9000000000000001,2.0
1346,0.00027328,1.92,2.02
1347,0.0002736,1.92,2.04
1348,0.00027392,1.92,2.04
1349,0.00027424,1.94,2.06
1350,0.00027456,1.96,2.06
1351,0.00027488,1.96,2.08
1352,0.0002752,1.96,2.1
1353,0.00027552,2.0,2.1
1354,0.00027584,2.0,2.12
1355,0.00027616,2.02,2.14
1356,0.00027648,2.02,2.14
1357,0.0002768,2.04,2.16
1358,0.00027712,2.06,2.18
1359,0.00027744,2.06,2.18
1360,0.00027776,2.08,2.2
1361,0.00027808,2.1,2.22
1362,0.0002784,2.1,2.22
1363,0.00027872,2.12,2.22
1364,0.00027904,2.12,2.24
1365,0.00027936,2.14,2.2600000000000002
1366,0.00027968,2.14,2.2600000000000002
1367,0.00028,2.16,2.3000000000000003
1368,0.00028031999999999997,2.18,2.3000000000000003
1369,0.00028064,2.18,2.32
1370,0.00028096,2.2,2.32
1371,0.00028128,2.22,2.32
1372,0.0002816,2.22,2.34
1373,0.00028192,2.24,2.34
1374,0.00028224,2.2600000000000002,2.38
1375,0.00028256,2.24,2.38
1376,0.00028288,2.2800000000000002,2.4
1377,0.0002832,2.2800000000000002,2.42
1378,0.00028352,2.3000000000000003,2.42
1379,0.00028384,2.32,2.44
1380,0.00028416,2.32,2.46
1381,0.00028448,2.32,2.46
1382,0.0002848,2.34,2.48
1383,0.00028512,2.36,2.48
1384,0.00028544,2.38,2.5
1385,0.00028576,2.38,2.5
1386,0.00028608,2.4,2.54
1387,0.0002864,2.4,2.52
1388,0.00028672,2.42,2.54
1389,0.00028704,2.42,2.56
1390,0.00028736,2.44,2.56
1391,0.00028768,2.46,2.58
1392,0.000288,2.46,2.62
1393,0.00028832,2.48,2.6
1394,0.00028864,2.48,2.62
1395,0.00028896,2.5,2.64
1396,0.00028928,2.5,2.66
1397,0.0002896,2.52,2.66
1398,0.00028992,2.52,2.68
1399,0.00029024,2.54,2.68
1400,0.00029056,2.54,2.7
1401,0.00029088,2.56,2.7
1402,0.0002912,2.58,2.72
1403,0.00029152,2.58,2.74
1404,0.00029184,2.6,2.74
1405,0.00029216,2.6,2.7600000000000002
1406,0.00029248,2.62,2.7600000000000002
1407,0.0002928,2.64,2.7800000000000002
1408,0.00029312,2.64,2.8000000000000003
1409,0.00029344,2.66,2.82
1410,0.00029376,2.68,2.82
1411,0.00029408,2.68,2.84
1412,0.0002944,2.7,2.84
1413,0.00029472,2.7,2.86
1414,0.00029504,2.72,2.88
1415,0.00029536,2.74,2.88
1416,0.00029568,2.74,2.9
1417,0.000296,2.7600000000000002,2.92
1418,0.00029632,2.7600000000000002,2.92
1419,0.00029664,2.8000000000000003,2.94
1420,0.00029696,2.8000000000000003,2.94
1421,0.00029727999999999997,2.8000000000000003,2.96
1422,0.0002976,2.82,2.98
1423,0.00029792,2.84,2.98
1424,0.00029824,2.86,3.0
1425,0.00029856,2.86,3.02
1426,0.00029888,2.88,3.02
1427,0.0002992,2.88,3.04
1428,0.00029952,2.9,3.06
1429,0.00029984,2.9,3.06
1430,0.00030016,2.9,3.08
1431,0.00030048,2.92,3.1
1432,0.0003008,2.94,3.12
1433,0.00030112,2.96,3.12
1434,0.00030144,2.96,3.12
1435,0.00030176,2.96,3.14
1436,0.00030208,3.0,3.16
1437,0.0003024,3.02,3.18
1438,0.00030272,3.02,3.18
1439,0.00030304,3.02,3.2
1440,0.00030336,3.06,3.22
1441,0.00030368,3.04,3.22
1442,0.000304,3.06,3.24
1443,0.00030432,3.08,3.24
1444,0.00030464,3.1,3.2600000000000002
1445,0.00030496,3.1,3.2800000000000002
1446,0.00030528,3.12,3.2800000000000002
1447,0.0003056,3.12,3.3000000000000003
1448,0.00030592,3.14,3.3000000000000003
1449,0.00030624,3.16,3.3200000000000003
1450,0.00030656,3.16,3.36
1451,0.00030688,3.18,3.36
1452,0.0003072,3.18,3.36
1453,0.00030752,3.2,3.38
1454,0.00030784,3.22,3.38
1455,0.00030816,3.22,3.4
1456,0.00030848,3.24,3.44
1457,0.0003088,3.24,3.42
1458,0.00030912,3.2600000000000002,3.44
1459,0.00030944,3.2800000000000002,3.46
1460,0.00030976,3.2800000000000002,3.46
1461,0.00031008,3.3000000000000003,3.48
1462,0.0003104,3.3200000000000003,3.5
1463,0.00031072,3.34,3.5
1464,0.00031104,3.34,3.52
1465,0.00031136,3.34,3.52
1466,0.00031168,3.36,3.54
1467,0.000312,3.38,3.56
1468,0.00031232,3.38,3.56
1469,0.00031264,3.4,3.58
1470,0.00031296,3.4,3.6
1471,0.00031328,3.42,3.6
1472,0.0003136,3.44,3.62
1473,0.00031392,3.44,3.64
1474,0.00031424,3.46,3.64
1475,0.00031456,3.46,3.66
1476,0.00031488,3.48,3.68
1477,0.0003152,3.5,3.68
1478,0.00031552,3.5,3.7
1479,0.00031584,3.52,3.7
1480,0.00031616,3.54,3.72
1481,0.00031648,3.56,3.74
1482,0.0003168,3.56,3.74
1483,0.00031712,3.56,3.7600000000000002
1484,0.00031744,3.6,3.7800000000000002
1485,0.00031776,3.58,3.7800000000000002
1486,0.00031808,3.62,3.8000000000000003
1487,0.0003184,3.62,3.8200000000000003
1488,0.00031872,3.62,3.84
1489,0.00031904,3.64,3.84
1490,0.00031936,3.66,3.86
1491,0.00031968,3.68,3.86
1492,0.00032,3.68,3.88
1493,0.00032032,3.7,3.9
1494,0.00032064,3.7,3.9
1495,0.00032096,3.74,3.92
1496,0.00032128,3.74,3.92
1497,0.0003216,3.7600000000000002,3.94
1498,0.00032192,3.7600000000000002,3.96
1499,0.00032224,3.7600000000000002,3.98
1500,0.00032256,3.7800000000000002,4.0
1501,0.00032288,3.7800000000000002,4.0
1502,0.0003232,3.8000000000000003,4.0
1503,0.00032352,3.8200000000000003,4.0200000000000005
1504,0.00032384,3.8200000000000003,4.0200000000000005
1505,0.00032416,3.86,4.04
1506,0.00032448,3.86,4.0600000000000005
1507,0.0003248,3.86,4.0600000000000005
1508,0.00032512,3.88,4.08
1509,0.00032544,3.88,4.08
1510,0.00032576,3.9,4.1
1511,0.00032608,3.92,4.12
1512,0.0003264,3.92,4.14
1513,0.00032672,3.94,4.14
1514,0.00032704,3.96,4.16
1515,0.00032736,3.96,4.18
1516,0.00032768,3.98,4.18
1517,0.000328,3.98,4.22
1518,0.00032832,4.0,4.2
1519,0.00032864,4.0200000000000005,4.22
1520,0.00032896,4.0200000000000005,4.24
1521,0.00032928,4.0600000000000005,4.24
1522,0.0003296,4.0600000000000005,4.28
1523,0.00032992,4.0600000000000005,4.28
1524,0.00033024,4.0600000000000005,4.28
1525,0.00033056,4.08,4.3
1526,0.00033088,4.1,4.32
1527,0.00033120000000000003,4.12,4.32
1528,0.00033151999999999997,4.12,4.34
1529,0.00033184,4.14,4.36
1530,0.00033215999999999996,4.14,4.38
1531,0.00033248,4.18,4.38
1532,0.00033279999999999996,4.16,4.38
1533,0.00033312,4.18,4.4
1534,0.00033343999999999995,4.2,4.42
1535,0.00033376,4.22,4.42
1536,0.00033408000000000005,4.22,4.44
1537,0.0003344,4.24,4.46
1538,0.00033472000000000005,4.26,4.48
1539,0.00033504,4.28,4.48
1540,0.00033536000000000004,4.26,4.48
1541,0.00033568,4.28,4.5
1542,0.00033600000000000004,4.3,4.5200000000000005
1543,0.00033632,4.3,4.5200000000000005
1544,0.00033664000000000003,4.34,4.54
1545,0.00033695999999999997,4.34,4.5600000000000005
1546,0.00033728,4.34,4.58
1547,0.00033759999999999997,4.36,4.6000000000000005
1548,0.00033792,4.38,4.6000000000000005
1549,0.00033823999999999996,4.38,4.62
1550,0.00033856,4.4,4.62
1551,0.00033887999999999995,4.4,4.64
1552,0.0003392,4.42,4.64
1553,0.00033951999999999995,4.44,4.66
1554,0.00033984,4.46,4.68
1555,0.00034016000000000005,4.46,4.7
1556,0.00034048,4.46,4.7
1557,0.00034080000000000004,4.48,4.72
1558,0.00034112,4.5,4.72
1559,0.00034144000000000004,4.5,4.74
1560,0.00034176,4.5200000000000005,4.74
1561,0.00034208000000000003,4.5200000000000005,4.76
1562,0.0003424,4.54,4.78
1563,0.00034272,4.5600000000000005,4.8
1564,0.00034303999999999997,4.5600000000000005,4.8
1565,0.00034336,4.58,4.82
1566,0.00034367999999999996,4.58,4.82
1567,0.000344,4.6000000000000005,4.84
1568,0.00034431999999999996,4.6000000000000005,4.86
1569,0.00034464,4.62,4.86
1570,0.00034495999999999995,4.64,4.88
1571,0.00034528,4.64,4.88
1572,0.00034560000000000005,4.66,4.9
1573,0.00034592,4.68,4.92
1574,0.00034624000000000005,4.7,4.92
1575,0.00034656,4.7,4.94
1576,0.00034688000000000004,4.72,4.94
1577,0.0003472,4.74,4.96
1578,0.00034752000000000003,3.2800000000000002,0.1
1579,0.00034784,1.86,0.08
1580,0.00034816000000000003,1.1,0.08
1581,0.00034847999999999997,0.68,0.08
1582,0.0003488,0.46,0.1
1583,0.00034911999999999996,0.32,0.08
1584,0.00034944,0.24,0.12
1585,0.00034975999999999996,0.22,0.14
1586,0.00035008,0.2,0.14
1587,0.00035039999999999995,0.18,0.16
1588,0.00035072,0.2,0.16
1589,0.00035104000000000005,0.2,0.18
1590,0.00035136,0.2,0.2
1591,0.00035168000000000005,0.2,0.2
1592,0.000352,0.22,0.22
1593,0.00035232000000000004,0.22,0.24
1594,0.00035264,0.24,0.26
1595,0.00035296000000000004,0.24,0.26
1596,0.00035328,0.24,0.28
1597,0.00035360000000000003,0.26,0.26
1598,0.00035391999999999997,0.28,0.3
1599,0.00035424,0.28,0.3
1600,0.00035455999999999997,0.3,0.32
1601,0.00035488,0.3,0.34
1602,0.00035519999999999996,0.32,0.34
1603,0.00035552,0.32,0.36
1604,0.00035583999999999995,0.34,0.36
1605,0.00035616,0.36,0.38
1606,0.00035647999999999995,0.36,0.4
1607,0.0003568,0.38,0.38
1608,0.00035712000000000005,0.38,0.42
1609,0.00035744,0.4,0.44
1610,0.00035776000000000004,0.4,0.44
1611,0.00035808,0.42,0.46
1612,0.00035840000000000004,0.44,0.46
1613,0.00035872,0.44,0.48
1614,0.00035904000000000003,0.46,0.48
1615,0.00035936,0.46,0.5
1616,0.00035968,0.48,0.52
1617,0.00035999999999999997,0.48,0.54
1618,0.00036032,0.5,0.54
1619,0.00036063999999999996,0.52,0.56
1620,0.00036096,0.52,0.58
1621,0.00036127999999999996,0.54,0.56
1622,0.0003616,0.54,0.58
1623,0.00036191999999999995,0.56,0.6
1624,0.00036224,0.58,0.62
1625,0.00036256000000000005,0.58,0.62
1626,0.00036288,0.6,0.64
1627,0.00036320000000000005,0.6,0.64
1628,0.00036352,0.62,0.66
1629,0.00036384000000000004,0.64,0.68
1630,0.00036416,0.64,0.68
1631,0.00036448000000000003,0.66,0.7000000000000001
1632,0.0003648,0.66,0.72
1633,0.00036512000000000003,0.68,0.72
1634,0.00036543999999999997,0.68,0.74
1635,0.00036576,0.7000000000000001,0.76
1636,0.00036607999999999996,0.72,0.76
1637,0.0003664,0.72,0.78
1638,0.00036671999999999996,0.74,0.8
1639,0.00036704,0.74,0.8
1640,0.00036735999999999995,0.76,0.8200000000000001
1641,0.00036768,0.78,0.8200000000000001
1642,0.00036800000000000005,0.78,0.84
1643,0.00036832,0.8,0.84
1644,0.00036864000000000005,0.8200000000000001,0.86
1645,0.00036896,0.8200000000000001,0.86
1646,0.00036928000000000004,0.8200000000000001,0.88
1647,0.0003696,0.84,0.9
1648,0.00036992000000000004,0.86,0.92
1649,0.00037024,0.88,0.92
1650,0.00037056000000000003,0.88,0.9400000000000001
1651,0.00037087999999999997,0.88,0.96
1652,0.0003712,0.88,0.96
1653,0.00037151999999999997,0.92,0.98
1654,0.00037184,0.92,0.98
1655,0.00037215999999999996,0.9400000000000001,1.0
1656,0.00037248,0.9400000000000001,1.02
1657,0.00037279999999999995,0.96,1.02
1658,0.00037312,0.96,1.04
1659,0.00037343999999999995,0.98,1.06
1660,0.00037376,1.0,1.06
1661,0.00037408000000000005,1.02,1.08
1662,0.0003744,1.02,1.1
1663,0.00037472000000000004,1.04,1.1
1664,0.00037504,1.04,1.12
1665,0.00037536000000000004,1.06,1.1400000000000001
1666,0.00037568,1.06,1.12
1667,0.00037600000000000003,1.08,1.1400000000000001
1668,0.00037632,1.08,1.16
1669,0.00037664,1.12,1.18
1670,0.00037695999999999997,1.12,1.18
1671,0.00037728,1.12,1.2
1672,0.00037759999999999996,1.1400000000000001,1.22
1673,0.00037792,1.16,1.22
1674,0.00037823999999999996,1.16,1.24
1675,0.00037856,1.18,1.26
1676,0.00037887999999999995,1.2,1.26
1677,0.0003792,1.2,1.28
1678,0.00037952000000000005,1.22,1.28
1679,0.00037984,1.22,1.3
1680,0.00038016000000000005,1.22,1.3
1681,0.00038048,1.26,1.34
1682,0.00038080000000000004,1.26,1.34
1683,0.00038112,1.28,1.36
1684,0.00038144000000000003,1.28,1.3800000000000001
1685,0.00038176,1.3,1.3800000000000001
1686,0.00038208000000000003,1.32,1.4000000000000001
1687,0.00038239999999999997,1.32,1.4000000000000001
1688,0.00038272,1.34,1.44
1689,0.00038303999999999996,1.34,1.44
1690,0.00038336,1.36,1.44
1691,0.00038367999999999996,1.3800000000000001,1.46
1692,0.000384,1.3800000000000001,1.48
1693,0.00038431999999999995,1.4000000000000001,1.48
1694,0.00038464,1.4000000000000001,1.5
1695,0.00038496000000000005,1.4000000000000001,1.52
1696,0.00038528,1.44,1.52
1697,0.00038560000000000005,1.44,1.54
1698,0.00038592,1.46,1.54
1699,0.00038624000000000004,1.46,1.56
1700,0.00038656,1.48,1.56
1701,0.00038688000000000004,1.48,1.58
1702,0.0003872,1.5,1.6
1703,0.00038752000000000003,1.52,1.6
1704,0.00038784,1.52,1.62
1705,0.00038816,1.54,1.6400000000000001
1706,0.00038847999999999997,1.56,1.6400000000000001
1707,0.0003888,1.56,1.6600000000000001
1708,0.00038911999999999996,1.58,1.6600000000000001
1709,0.00038944,1.58,1.68
1710,0.00038975999999999995,1.6,1.7
1711,0.00039008,1.62,1.72
1712,0.00039039999999999995,1.62,1.72
1713,0.00039072,1.6400000000000001,1.74
1714,0.00039104000000000005,1.6400000000000001,1.74
1715,0.00039136,1.6600000000000001,1.76
1716,0.00039168000000000004,1.6600000000000001,1.78
1717,0.000392,1.68,1.78
1718,0.00039232000000000004,1.7,1.8
1719,0.00039264,1.72,1.82
1720,0.00039296000000000003,1.72,1.82
1721,0.00039328,1.74,1.84
1722,0.0003936,1.74,1.86
1723,0.00039391999999999997,1.76,1.86
1724,0.00039424,1.76,1.8800000000000001
1725,0.00039455999999999996,1.78,1.8800000000000001
1726,0.00039488,1.8,1.9000000000000001
1727,0.00039519999999999996,1.8,1.92
1728,0.00039552,1.82,1.94
1729,0.00039583999999999995,1.84,1.94
1730,0.00039616,1.84,1.96
1731,0.00039648000000000005,1.84,1.96
1732,0.0003968,1.86,1.98
1733,0.00039712000000000005,1.8800000000000001,1.98
1734,0.00039744,1.8800000000000001,2.0
1735,0.00039776000000000004,1.9000000000000001,2.02
1736,0.00039808,1.92,2.02
1737,0.00039840000000000003,1.92,2.04
1738,0.00039872,1.94,2.06
1739,0.00039904000000000003,1.94,2.06
1740,0.00039935999999999997,1.96,2.08
1741,0.00039968,1.98,2.1
1742,0.00039999999999999996,1.98,2.1
1743,0.00040032,2.0,2.1
1744,0.00040063999999999996,2.02,2.14
1745,0.00040096,2.02,2.14
1746,0.00040127999999999995,2.04,2.14
1747,0.0004016,2.04,2.18
1748,0.00040192000000000005,2.06,2.18
1749,0.00040224,2.08,2.18
1750,0.00040256000000000005,2.08,2.2
1751,0.00040288,2.1,2.2
1752,0.00040320000000000004,2.12,2.24
1753,0.00040352,2.1,2.24
1754,0.00040384000000000004,2.14,2.24
1755,0.00040416,2.14,2.2600000000000002
1756,0.00040448000000000003,2.16,2.2800000000000002
1757,0.0004048,2.18,2.3000000000000003
1758,0.00040512,2.2,2.3000000000000003
1759,0.00040543999999999997,2.2,2.32
1760,0.00040576,2.22,2.34
1761,0.00040607999999999996,2.2,2.36
1762,0.0004064,2.24,2.36
1763,0.00040671999999999995,2.24,2.38
1764,0.00040704,2.2600000000000002,2.38
1765,0.00040735999999999995,2.2600000000000002,2.4
1766,0.00040768,2.2600000000000002,2.42
1767,0.00040800000000000005,2.2800000000000002,2.42
1768,0.00040832,2.3000000000000003,2.44
1769,0.00040864000000000004,2.32,2.44
1770,0.00040896,2.34,2.46
1771,0.00040928000000000004,2.34,2.48
1772,0.0004096,2.36,2.5
1773,0.00040992000000000003,2.36,2.5
1774,0.00041024,2.36,2.5
1775,0.00041056,2.4,2.52
1776,0.00041087999999999997,2.4,2.54
1777,0.0004112,2.4,2.56
1778,0.00041151999999999996,2.42,2.56
1779,0.00041184,2.42,2.56
1780,0.00041215999999999996,2.44,2.58
1781,0.00041248,2.46,2.6
1782,0.00041279999999999995,2.48,2.6
1783,0.00041312,2.48,2.62
1784,0.00041344000000000005,2.5,2.64
1785,0.00041376,2.5,2.66
1786,0.00041408000000000005,2.52,2.66
1787,0.0004144,2.52,2.66
1788,0.00041472000000000004,2.56,2.68
1789,0.00041504,2.54,2.7
1790,0.00041536000000000003,2.56,2.7
1791,0.00041568,2.58,2.72
1792,0.00041600000000000003,2.58,2.74
1793,0.00041631999999999997,2.62,2.74
1794,0.00041664,2.62,2.7600000000000002
1795,0.00041695999999999997,2.62,2.7800000000000002
1796,0.00041728,2.64,2.7800000000000002
1797,0.00041759999999999996,2.64,2.8000000000000003
1798,0.00041792,2.66,2.8000000000000003
1799,0.00041823999999999995,2.68,2.82
1800,0.00041856,2.7,2.84
1801,0.00041888000000000006,2.7,2.84
1802,0.0004192,2.7,2.86
1803,0.00041952000000000005,2.72,2.86
1804,0.00041984,2.7600000000000002,2.88
1805,0.00042016000000000004,2.74,2.9
1806,0.00042048,2.7600000000000002,2.9
1807,0.00042080000000000004,2.7800000000000002,2.92
1808,0.00042112,2.7800000000000002,2.94
1809,0.00042144000000000003,2.8000000000000003,2.94
1810,0.00042176,2.82,2.96
1811,0.00042208,2.82,2.98
1812,0.00042239999999999997,2.82,2.98
1813,0.00042272,2.84,3.0
1814,0.00042303999999999996,2.84,3.02
1815,0.00042336,2.86,3.02
1816,0.00042367999999999996,2.88,3.04
1817,0.000424,2.9,3.06
1818,0.00042431999999999995,2.9,3.06
1819,0.00042464,2.92,3.08
1820,0.00042496000000000005,2.92,3.1
1821,0.00042528,2.94,3.1
1822,0.00042560000000000005,2.94,3.12
1823,0.00042592,2.96,3.12
1824,0.00042624000000000004,2.98,3.14
1825,0.00042656,2.98,3.16
1826,0.00042688000000000003,3.0,3.16
1827,0.0004272,3.02,3.18
1828,0.00042752,3.02,3.2
1829,0.00042783999999999997,3.04,3.22
1830,0.00042816,3.04,3.22
1831,0.00042847999999999996,3.06,3.24
1832,0.0004288,3.08,3.2600000000000002
1833,0.00042911999999999996,3.1,3.2600000000000002
1834,0.00042944,3.1,3.2600000000000002
1835,0.00042975999999999995,3.12,3.3000000000000003
1836,0.00043008,3.12,3.3000000000000003
1837,0.00043040000000000005,3.14,3.3000000000000003
1838,0.00043072,3.14,3.3200000000000003
1839,0.00043104000000000005,3.16,3.3200000000000003
1840,0.00043136,3.18,3.36
1841,0.00043168000000000004,3.18,3.36
1842,0.000432,3.2,3.38
1843,0.00043232000000000003,3.2,3.38
1844,0.00043264,3.24,3.4
1845,0.00043296000000000003,3.24,3.42
1846,0.00043327999999999997,3.2600000000000002,3.42
1847,0.0004336,3.2600000000000002,3.44
1848,0.00043391999999999997,3.2800000000000002,3.44
1849,0.00043424,3.3000000000000003,3.46
1850,0.00043455999999999996,3.3200000000000003,3.46
1851,0.00043488,3.3200000000000003,3.48
1852,0.00043519999999999995,3.3200000000000003,3.5
1853,0.00043552,3.36,3.52
1854,0.00043584000000000006,3.34,3.52
1855,0.00043616,3.36,3.54
1856,0.00043648000000000005,3.38,3.56
1857,0.0004368,3.38,3.56
1858,0.00043712000000000004,3.4,3.58
1859,0.00043744,3.4,3.58
1860,0.00043776000000000004,3.44,3.6
1861,0.00043808,3.44,3.62
1862,0.00043840000000000003,3.44,3.62
1863,0.00043872,3.46,3.64
1864,0.00043904,3.48,3.66
1865,0.00043935999999999997,3.48,3.68
1866,0.00043968,3.5,3.68
1867,0.00043999999999999996,3.5,3.7
1868,0.00044032,3.52,3.72
1869,0.00044063999999999996,3.54,3.72
1870,0.00044096,3.56,3.74
1871,0.00044127999999999995,3.56,3.74
1872,0.0004416,3.56,3.7600000000000002
1873,0.00044192000000000005,3.58,3.7800000000000002
1874,0.00044224,3.58,3.7800000000000002
1875,0.00044256000000000005,3.6,3.8000000000000003
1876,0.00044288,3.62,3.8200000000000003
1877,0.00044320000000000004,3.62,3.8200000000000003
1878,0.00044352,3.64,3.84
1879,0.00044384000000000003,3.64,3.84
1880,0.00044416,3.66,3.86
1881,0.00044448,3.68,3.88
1882,0.00044479999999999997,3.68,3.88
1883,0.00044512,3.7,3.9
1884,0.00044543999999999996,3.72,3.92
1885,0.00044576,3.72,3.92
1886,0.00044607999999999996,3.7600000000000002,3.94
1887,0.0004464,3.7600000000000002,3.94
1888,0.00044671999999999995,3.7600000000000002,3.96
1889,0.00044704,3.7800000000000002,3.98
1890,0.00044736000000000005,3.7800000000000002,3.98
1891,0.00044768,3.8000000000000003,4.0
1892,0.00044800000000000005,3.8200000000000003,4.0200000000000005
1893,0.00044832,3.8200000000000003,4.0200000000000005
1894,0.00044864000000000004,3.84,4.0200000000000005
1895,0.00044896,3.84,4.04
1896,0.00044928000000000004,3.86,4.0600000000000005
1897,0.0004496,3.88,4.08
1898,0.00044992000000000003,3.88,4.1
1899,0.00045023999999999997,3.9,4.1
1900,0.00045056,3.9,4.12
1901,0.00045087999999999997,3.92,4.12
1902,0.0004512,3.94,4.16
1903,0.00045151999999999996,3.94,4.16
1904,0.00045184,3.98,4.16
1905,0.00045215999999999995,3.96,4.18
1906,0.00045248,3.98,4.2
1907,0.00045280000000000006,4.0,4.22
1908,0.00045312,4.0200000000000005,4.22
1909,0.00045344000000000005,4.04,4.22
1910,0.00045376,4.04,4.24
1911,0.00045408000000000004,4.04,4.26
1912,0.0004544,4.0600000000000005,4.26
1913,0.00045472000000000004,4.08,4.28
1914,0.00045504,4.08,4.3
1915,0.00045536000000000003,4.1,4.3
1916,0.00045568,4.12,4.32
1917,0.000456,4.12,4.34
1918,0.00045631999999999997,4.14,4.36
1919,0.00045664,4.14,4.36
1920,0.00045695999999999996,4.16,4.38
1921,0.00045728,4.16,4.4
1922,0.00045759999999999996,4.18,4.4
1923,0.00045792,4.2,4.42
1924,0.00045823999999999995,4.2,4.42
1925,0.00045856,4.22,4.44
1926,0.00045888000000000005,4.24,4.46
1927,0.0004592,4.26,4.46
1928,0.00045952000000000005,4.26,4.48
1929,0.00045984,4.26,4.5
1930,0.00046016000000000004,4.28,4.5
1931,0.00046048,4.3,4.5200000000000005
1932,0.00046080000000000003,4.3,4.5200000000000005
1933,0.00046112,4.32,4.54
1934,0.00046144000000000003,4.32,4.5600000000000005
1935,0.00046175999999999997,4.34,4.5600000000000005
1936,0.00046208,4.36,4.58
1937,0.00046239999999999996,4.36,4.6000000000000005
1938,0.00046272,4.38,4.6000000000000005
1939,0.00046303999999999996,4.4,4.62
1940,0.00046336,4.4,4.64
1941,0.00046367999999999995,4.42,4.64
1942,0.000464,4.42,4.66
1943,0.00046432000000000005,4.44,4.66
1944,0.00046464,4.46,4.68
1945,0.00046496000000000005,4.46,4.7
1946,0.00046528,4.48,4.7
1947,0.00046560000000000004,4.5,4.72
1948,0.00046592,4.5,4.72
1949,0.00046624000000000004,4.5,4.74
1950,0.00046656,4.5200000000000005,4.76
1951,0.00046688000000000003,4.54,4.78
1952,0.00046719999999999997,4.5600000000000005,4.78
1953,0.00046752,4.58,4.8
1954,0.00046783999999999997,4.5600000000000005,4.82
1955,0.00046816,4.6000000000000005,4.82
1956,0.00046847999999999996,4.6000000000000005,4.84
1957,0.0004688,4.62,4.86
1958,0.00046911999999999995,4.62,4.86
1959,0.00046944,4.64,4.88
1960,0.00046976000000000006,4.66,4.88
1961,0.00047008,4.68,4.9
1962,0.00047040000000000005,4.68,4.9
1963,0.00047072,4.68,4.92
1964,0.00047104000000000004,4.7,4.94
1965,0.00047136,4.72,4.96
1966,0.00047168000000000004,4.72,4.96
1967,0.000472,3.64,0.08
1968,0.00047232000000000003,2.06,0.08
1969,0.00047264,1.2,0.08
1970,0.00047296,0.74,0.08
1971,0.00047327999999999997,0.48,0.1
1972,0.0004736,0.34,0.1
1973,0.00047391999999999996,0.26,0.12
1974,0.00047424,0.22,0.12
1975,0.00047455999999999996,0.2,0.14
1976,0.00047488,0.2,0.16
1977,0.00047519999999999995,0.18,0.16
1978,0.00047552,0.2,0.18
1979,0.00047584000000000005,0.2,0.2
1980,0.00047616,0.2,0.2
1981,0.00047648000000000005,0.2,0.22
1982,0.0004768,0.22,0.24
1983,0.00047712000000000004,0.22,0.24
1984,0.00047744,0.24,0.26
1985,0.00047776000000000003,0.26,0.28
1986,0.00047808,0.26,0.28
1987,0.00047840000000000003,0.28,0.3
1988,0.00047871999999999997,0.28,0.32
1989,0.00047904,0.3,0.32
1990,0.00047935999999999996,0.3,0.34
1991,0.00047968,0.3,0.34
1992,0.00047999999999999996,0.32,0.36
1993,0.00048032,0.34,0.38
1994,0.00048063999999999995,0.36,0.36
1995,0.00048096,0.36,0.4
1996,0.00048128000000000005,0.36,0.4
1997,0.0004816,0.38,0.42
1998,0.00048192000000000005,0.4,0.44
1999,0.00048224,0.4,0.44
