,time,v1,v2
0,-0.01584,3.56,3.74
1,-0.015824,3.58,3.74
2,-0.015808,3.58,3.7600000000000002
3,-0.015792,3.6,3.7600000000000002
4,-0.015776,3.62,3.7800000000000002
5,-0.01576,3.62,3.8000000000000003
6,-0.015744,3.64,3.8000000000000003
7,-0.015728,3.64,3.8200000000000003
8,-0.015712,3.66,3.8200000000000003
9,-0.015696,3.68,3.84
10,-0.01568,3.7,3.86
11,-0.015664,3.7,3.86
12,-0.015648,3.7,3.88
13,-0.015632,3.72,3.9
14,-0.015616,3.72,3.9
15,-0.0156,3.7600000000000002,3.92
16,-0.015584,3.7800000000000002,3.94
17,-0.015568,3.7600000000000002,3.94
18,-0.015552,3.7800000000000002,3.94
19,-0.015536,3.8000000000000003,3.96
20,-0.015519999999999999,3.8000000000000003,3.96
21,-0.015504,3.8000000000000003,4.0
22,-0.015488,3.8200000000000003,4.0
23,-0.015472,3.84,4.0200000000000005
24,-0.015456,3.84,4.0200000000000005
25,-0.01544,3.86,4.0200000000000005
26,-0.015424,3.88,4.04
27,-0.015408,3.88,4.0600000000000005
28,-0.015392,3.9,4.0600000000000005
29,-0.015376,3.92,4.08
30,-0.01536,3.92,4.1
31,-0.015344,3.92,4.1
32,-0.015328,3.94,4.12
33,-0.015312,3.96,4.12
34,-0.015296,3.98,4.14
35,-0.01528,3.98,4.16
36,-0.015264,4.0,4.16
37,-0.015248,4.0,4.18
38,-0.015232,4.0200000000000005,4.2
39,-0.015216,4.0200000000000005,4.2
40,-0.0152,4.04,4.22
41,-0.015184,4.0600000000000005,4.24
42,-0.015168,4.0600000000000005,4.24
43,-0.015152,4.08,4.26
44,-0.015136,4.1,4.26
45,-0.01512,4.1,4.3
46,-0.015104,4.1,4.3
47,-0.015088,4.12,4.3
48,-0.015072,4.14,4.32
49,-0.015056,4.14,4.34
50,-0.01504,4.16,4.34
51,-0.015024,4.18,4.36
52,-0.015008,4.18,4.38
53,-0.014992,4.2,4.38
54,-0.014976,4.22,4.4
55,-0.01496,4.22,4.4
56,-0.014944,4.24,4.42
57,-0.014928,4.24,4.42
58,-0.014912,4.24,4.44
59,-0.014896,4.28,4.46
60,-0.01488,4.28,4.48
61,-0.014864,4.3,4.48
62,-0.014848,4.3,4.5
63,-0.014832,4.32,4.5200000000000005
64,-0.014816,4.32,4.5200000000000005
65,-0.0148,4.36,4.5200000000000005
66,-0.014784,4.34,4.54
67,-0.014768,4.36,4.5600000000000005
68,-0.014752,4.38,4.58
69,-0.014735999999999999,4.38,4.58
70,-0.01472,4.4,4.6000000000000005
71,-0.014704,4.4,4.6000000000000005
72,-0.014688,4.44,4.62
73,-0.014672,4.42,4.64
74,-0.014656,4.44,4.64
75,-0.01464,4.46,4.66
76,-0.014624,4.46,4.66
77,-0.014608,4.48,4.66
78,-0.014592,4.48,4.68
79,-0.014576,4.5,4.7
80,-0.01456,4.5,4.7
81,-0.014544,4.5200000000000005,4.72
82,-0.014528,4.54,4.74
83,-0.014512,4.54,4.74
84,-0.014496,4.5600000000000005,4.76
85,-0.01448,4.58,4.76
86,-0.014464,4.58,4.78
87,-0.014447999999999999,4.58,4.8
88,-0.014432,4.6000000000000005,4.82
89,-0.014416,4.62,4.82
90,-0.0144,4.62,4.84
91,-0.014384000000000001,4.64,4.84
92,-0.014368,4.66,4.86
93,-0.014352,4.66,4.88
94,-0.014336,4.68,4.88
95,-0.01432,4.7,4.88
96,-0.014304,4.72,4.92
97,-0.014288,4.72,4.92
98,-0.014272,4.72,4.94
99,-0.014256,4.74,4.94
100,-0.01424,4.76,4.96
101,-0.014224,0.06,0.04
102,-0.014208,0.04,0.02
103,-0.014192,0.02,0.04
104,-0.014176,0.02,0.04
105,-0.01416,0.04,0.06
106,-0.014144,0.06,0.08
107,-0.014128,0.06,0.08
108,-0.014112,0.08,0.1
109,-0.014096000000000001,0.1,0.12
110,-0.01408,0.1,0.12
111,-0.014064,0.12,0.14
112,-0.014048,0.12,0.14
113,-0.014032,0.14,0.16
114,-0.014016,0.16,0.18
115,-0.014,0.18,0.18
116,-0.013984,0.18,0.2
117,-0.013968,0.18,0.22
118,-0.013951999999999999,0.2,0.22
119,-0.013936,0.22,0.24
120,-0.01392,0.22,0.24
121,-0.013904,0.24,0.26
122,-0.013888,0.24,0.28
123,-0.013872,0.26,0.28
124,-0.013856,0.26,0.28
125,-0.01384,0.28,0.3
126,-0.013824,0.3,0.32
127,-0.013808,0.3,0.34
128,-0.013792,0.32,0.34
129,-0.013776,0.34,0.36
130,-0.01376,0.34,0.36
131,-0.013744,0.36,0.38
132,-0.013728,0.36,0.38
133,-0.013712,0.38,0.4
134,-0.013696,0.4,0.42
135,-0.01368,0.4,0.42
136,-0.013663999999999999,0.4,0.42
137,-0.013648,0.44,0.44
138,-0.013632,0.44,0.46
139,-0.013616,0.44,0.48
140,-0.013600000000000001,0.46,0.5
141,-0.013584,0.48,0.5
142,-0.013568,0.48,0.52
143,-0.013552,0.5,0.54
144,-0.013536,0.5,0.54
145,-0.01352,0.52,0.56
146,-0.013504,0.54,0.56
147,-0.013488,0.56,0.58
148,-0.013472,0.56,0.58
149,-0.013456,0.58,0.58
150,-0.01344,0.58,0.6
151,-0.013424,0.58,0.62
152,-0.013408,0.6,0.62
153,-0.013392,0.62,0.64
154,-0.013375999999999999,0.64,0.66
155,-0.01336,0.64,0.66
156,-0.013344,0.66,0.68
157,-0.013328,0.68,0.7000000000000001
158,-0.013312000000000001,0.68,0.7000000000000001
159,-0.013296,0.7000000000000001,0.72
160,-0.01328,0.7000000000000001,0.74
161,-0.013264,0.72,0.74
162,-0.013248,0.72,0.76
163,-0.013232,0.72,0.78
164,-0.013216,0.76,0.78
165,-0.0132,0.74,0.8
166,-0.013184,0.78,0.8
167,-0.013168,0.8,0.8200000000000001
168,-0.013152,0.8,0.8200000000000001
169,-0.013136,0.8200000000000001,0.84
170,-0.01312,0.8200000000000001,0.86
171,-0.013104000000000001,0.84,0.86
172,-0.013088,0.84,0.88
173,-0.013072,0.84,0.9
174,-0.013056,0.86,0.9
175,-0.01304,0.88,0.92
176,-0.013024,0.9,0.92
177,-0.013008,0.9,0.9400000000000001
178,-0.012992,0.92,0.96
179,-0.012976,0.9400000000000001,0.96
180,-0.01296,0.9400000000000001,0.98
181,-0.012944,0.96,1.0
182,-0.012928,0.96,1.02
183,-0.012912,0.98,1.0
184,-0.012896,1.0,1.02
185,-0.012879999999999999,1.0,1.04
186,-0.012864,1.02,1.06
187,-0.012848,1.02,1.06
188,-0.012832,1.04,1.08
189,-0.012816000000000001,1.04,1.1
190,-0.0128,1.06,1.1
191,-0.012784,1.08,1.12
192,-0.012768,1.08,1.12
193,-0.012752,1.1,1.12
194,-0.012736,1.1,1.16
195,-0.01272,1.12,1.16
196,-0.012704,1.12,1.18
197,-0.012688,1.1400000000000001,1.2
198,-0.012672,1.16,1.2
199,-0.012656,1.18,1.2
200,-0.01264,1.18,1.24
201,-0.012624,1.2,1.24
202,-0.012608,1.2,1.26
203,-0.012591999999999999,1.22,1.26
204,-0.012576,1.24,1.28
205,-0.01256,1.24,1.28
206,-0.012544,1.26,1.3
207,-0.012528000000000001,1.26,1.3
208,-0.012512,1.28,1.34
209,-0.012496,1.28,1.32
210,-0.01248,1.3,1.36
211,-0.012464,1.3,1.36
212,-0.012448,1.32,1.3800000000000001
213,-0.012432,1.32,1.4000000000000001
214,-0.012416,1.34,1.4000000000000001
215,-0.0124,1.36,1.42
216,-0.012384,1.36,1.44
217,-0.012368,1.3800000000000001,1.44
218,-0.012352,1.3800000000000001,1.46
219,-0.012336,1.4000000000000001,1.46
220,-0.012320000000000001,1.42,1.48
221,-0.012304,1.42,1.5
222,-0.012288,1.44,1.5
223,-0.012272,1.44,1.52
224,-0.012256,1.46,1.52
225,-0.012240000000000001,1.48,1.54
226,-0.012224,1.48,1.56
227,-0.012208,1.5,1.56
228,-0.012192,1.5,1.58
229,-0.012176,1.52,1.58
230,-0.01216,1.54,1.6
231,-0.012144,1.54,1.6
232,-0.012128,1.56,1.62
233,-0.012112,1.56,1.6400000000000001
234,-0.012095999999999999,1.58,1.6400000000000001
235,-0.01208,1.6,1.6600000000000001
236,-0.012064,1.6,1.68
237,-0.012048,1.6,1.68
238,-0.012032000000000001,1.62,1.7
239,-0.012016,1.6400000000000001,1.72
240,-0.012,1.6400000000000001,1.72
241,-0.011984,1.6600000000000001,1.74
242,-0.011968,1.68,1.74
243,-0.011952,1.68,1.76
244,-0.011936,1.7,1.78
245,-0.01192,1.7,1.76
246,-0.011904000000000001,1.72,1.8
247,-0.011888,1.72,1.78
248,-0.011872,1.74,1.82
249,-0.011856,1.74,1.84
250,-0.01184,1.76,1.84
251,-0.011824000000000001,1.78,1.86
252,-0.011807999999999999,1.8,1.86
253,-0.011792,1.8,1.8800000000000001
254,-0.011776,1.82,1.8800000000000001
255,-0.01176,1.82,1.9000000000000001
256,-0.011744000000000001,1.82,1.9000000000000001
257,-0.011727999999999999,1.84,1.94
258,-0.011712,1.86,1.94
259,-0.011696,1.8800000000000001,1.96
260,-0.01168,1.8800000000000001,1.96
261,-0.011664,1.9000000000000001,1.98
262,-0.011648,1.9000000000000001,1.98
263,-0.011632,1.92,2.0
264,-0.011616000000000001,1.94,2.02
265,-0.0116,1.94,2.02
266,-0.011584,1.96,2.02
267,-0.011568,1.96,2.04
268,-0.011552,1.98,2.06
269,-0.011536000000000001,2.0,2.08
270,-0.011519999999999999,2.0,2.1
271,-0.011504,2.02,2.1
272,-0.011488,2.04,2.12
273,-0.011472,2.04,2.12
274,-0.011456000000000001,2.06,2.14
275,-0.01144,2.06,2.16
276,-0.011424,2.08,2.18
277,-0.011408,2.08,2.18
278,-0.011392,2.1,2.2
279,-0.011376,2.12,2.2
280,-0.01136,2.12,2.22
281,-0.011344,2.14,2.22
282,-0.011328000000000001,2.14,2.22
283,-0.011312,2.16,2.2600000000000002
284,-0.011296,2.18,2.2600000000000002
285,-0.01128,2.18,2.2800000000000002
286,-0.011264,2.18,2.3000000000000003
287,-0.011248000000000001,2.2,2.3000000000000003
288,-0.011231999999999999,2.22,2.32
289,-0.011216,2.22,2.34
290,-0.0112,2.24,2.34
291,-0.011184,2.2600000000000002,2.34
292,-0.011168,2.2600000000000002,2.36
293,-0.011152,2.2600000000000002,2.36
294,-0.011136,2.2800000000000002,2.38
295,-0.011120000000000001,2.3000000000000003,2.4
296,-0.011104,2.32,2.42
297,-0.011088,2.3000000000000003,2.42
298,-0.011072,2.34,2.44
299,-0.011056,2.34,2.44
300,-0.011040000000000001,2.34,2.46
301,-0.011023999999999999,2.36,2.48
302,-0.011008,2.38,2.48
303,-0.010992,2.38,2.48
304,-0.010976,2.42,2.5
305,-0.010960000000000001,2.42,2.52
306,-0.010943999999999999,2.42,2.52
307,-0.010928,2.42,2.54
308,-0.010912,2.44,2.56
309,-0.010896,2.46,2.56
310,-0.01088,2.46,2.58
311,-0.010864,2.48,2.6
312,-0.010848,2.5,2.6
313,-0.010832000000000001,2.48,2.62
314,-0.010816,2.5,2.62
315,-0.0108,2.52,2.64
316,-0.010784,2.54,2.64
317,-0.010768,2.54,2.66
318,-0.010752000000000001,2.56,2.66
319,-0.010735999999999999,2.56,2.68
320,-0.01072,2.58,2.7
321,-0.010704,2.58,2.7
322,-0.010688,2.6,2.74
323,-0.010672000000000001,2.62,2.72
324,-0.010656,2.62,2.7600000000000002
325,-0.01064,2.64,2.7600000000000002
326,-0.010624,2.66,2.7800000000000002
327,-0.010608,2.66,2.7800000000000002
328,-0.010592,2.68,2.8000000000000003
329,-0.010576,2.7,2.82
330,-0.01056,2.68,2.82
331,-0.010544000000000001,2.7,2.84
332,-0.010528,2.72,2.84
333,-0.010512,2.74,2.86
334,-0.010496,2.74,2.86
335,-0.01048,2.7600000000000002,2.9
336,-0.010464000000000001,2.7800000000000002,2.88
337,-0.010447999999999999,2.7800000000000002,2.9
338,-0.010432,2.8000000000000003,2.92
339,-0.010416,2.8000000000000003,2.92
340,-0.0104,2.82,2.94
341,-0.010384000000000001,2.82,2.96
342,-0.010368,2.84,2.96
343,-0.010352,2.86,2.98
344,-0.010336000000000001,2.86,3.0
345,-0.01032,2.88,3.02
346,-0.010304,2.9,3.02
347,-0.010288,2.9,3.02
348,-0.010272,2.9,3.04
349,-0.010256000000000001,2.92,3.06
350,-0.010239999999999999,2.92,3.06
351,-0.010224,2.94,3.08
352,-0.010208,2.94,3.1
353,-0.010192,2.96,3.1
354,-0.010176000000000001,3.0,3.12
355,-0.010159999999999999,2.98,3.14
356,-0.010144,3.0,3.16
357,-0.010128,3.0,3.16
358,-0.010112,3.04,3.16
359,-0.010096,3.02,3.18
360,-0.01008,3.06,3.2
361,-0.010064,3.06,3.2
362,-0.010048000000000001,3.06,3.22
363,-0.010032,3.1,3.22
364,-0.010016,3.1,3.24
365,-0.01,3.12,3.24
366,-0.009984,3.12,3.2800000000000002
367,-0.009968000000000001,3.14,3.2800000000000002
368,-0.009951999999999999,3.14,3.3000000000000003
369,-0.009936,3.16,3.3000000000000003
370,-0.00992,3.16,3.3200000000000003
371,-0.009904,3.18,3.3200000000000003
372,-0.009888000000000001,3.2,3.34
373,-0.009872,3.22,3.36
374,-0.009856,3.22,3.36
375,-0.00984,3.24,3.38
376,-0.009824,3.24,3.38
377,-0.009808,3.2600000000000002,3.4
378,-0.009792,3.2800000000000002,3.42
379,-0.009776,3.3000000000000003,3.42
380,-0.009760000000000001,3.3000000000000003,3.44
381,-0.009744,3.3000000000000003,3.44
382,-0.009728,3.3200000000000003,3.46
383,-0.009712,3.3200000000000003,3.48
384,-0.009696,3.36,3.48
385,-0.009680000000000001,3.36,3.5
386,-0.009663999999999999,3.38,3.52
387,-0.009648,3.38,3.52
388,-0.009632,3.38,3.54
389,-0.009616,3.42,3.54
390,-0.009600000000000001,3.42,3.56
391,-0.009584,3.42,3.56
392,-0.009568,3.42,3.58
393,-0.009552000000000001,3.44,3.6
394,-0.009536,3.46,3.6
395,-0.00952,3.46,3.64
396,-0.009504,3.48,3.64
397,-0.009488,3.5,3.64
398,-0.009472000000000001,3.5,3.66
399,-0.009455999999999999,3.52,3.66
400,-0.00944,3.52,3.7
401,-0.009424,3.54,3.7
402,-0.009408,3.54,3.72
403,-0.009392000000000001,3.56,3.72
404,-0.009375999999999999,3.58,3.74
405,-0.00936,3.58,3.74
406,-0.009344,3.6,3.7600000000000002
407,-0.009328,3.6,3.7800000000000002
408,-0.009312,3.62,3.7800000000000002
409,-0.009296,3.64,3.8000000000000003
410,-0.00928,3.64,3.8200000000000003
411,-0.009264000000000001,3.66,3.84
412,-0.009248,3.66,3.84
413,-0.009232,3.68,3.84
414,-0.009216,3.7,3.86
415,-0.0092,3.72,3.88
416,-0.009184000000000001,3.72,3.88
417,-0.009167999999999999,3.72,3.9
418,-0.009152,3.74,3.92
419,-0.009136,3.7600000000000002,3.92
420,-0.00912,3.7600000000000002,3.92
421,-0.009104000000000001,3.7800000000000002,3.94
422,-0.009088,3.7800000000000002,3.96
423,-0.009072,3.8000000000000003,3.96
424,-0.009056,3.8000000000000003,3.98
425,-0.00904,3.8200000000000003,4.0
426,-0.009024,3.84,4.0200000000000005
427,-0.009008,3.84,4.0200000000000005
428,-0.008992,3.88,4.04
429,-0.008976000000000001,3.88,4.04
430,-0.00896,3.88,4.04
431,-0.008944,3.9,4.0600000000000005
432,-0.008928,3.9,4.08
433,-0.008912,3.92,4.08
434,-0.008896000000000001,3.92,4.1
435,-0.008879999999999999,3.94,4.12
436,-0.008864,3.96,4.12
437,-0.008848,3.96,4.14
438,-0.008832,3.98,4.16
439,-0.008816000000000001,4.0,4.16
440,-0.0088,4.0,4.18
441,-0.008784,4.0200000000000005,4.18
442,-0.008768000000000001,4.0200000000000005,4.2
443,-0.008752,4.04,4.22
444,-0.008736,4.04,4.22
445,-0.00872,4.0600000000000005,4.24
446,-0.008704,4.08,4.26
447,-0.008688000000000001,4.08,4.26
448,-0.008672,4.1,4.28
449,-0.008656,4.1,4.28
450,-0.00864,4.12,4.32
451,-0.008624,4.14,4.32
452,-0.008608000000000001,4.14,4.32
453,-0.008591999999999999,4.16,4.34
454,-0.008576,4.16,4.36
455,-0.00856,4.18,4.36
456,-0.008544,4.18,4.38
457,-0.008528,4.2,4.4
458,-0.008512,4.22,4.4
459,-0.008496,4.24,4.42
460,-0.008480000000000001,4.24,4.44
461,-0.008464,4.24,4.44
462,-0.008448,4.26,4.46
463,-0.008432,4.28,4.46
464,-0.008416,4.28,4.48
465,-0.008400000000000001,4.3,4.5
466,-0.008383999999999999,4.3,4.5200000000000005
467,-0.008368,4.32,4.5200000000000005
468,-0.008352,4.32,4.5200000000000005
469,-0.008336,4.34,4.54
470,-0.008320000000000001,4.36,4.5600000000000005
471,-0.008304,4.36,4.5600000000000005
472,-0.008288,4.38,4.58
473,-0.008272,4.38,4.58
474,-0.008256,4.42,4.6000000000000005
475,-0.00824,4.42,4.62
476,-0.008224,4.44,4.62
477,-0.008208,4.44,4.64
478,-0.008192000000000001,4.44,4.66
479,-0.008176,4.46,4.66
480,-0.00816,4.46,4.68
481,-0.008144,4.48,4.68
482,-0.008128,4.5,4.7
483,-0.008112000000000001,4.5,4.72
484,-0.008095999999999999,4.5200000000000005,4.72
485,-0.00808,4.5200000000000005,4.74
486,-0.008064,4.54,4.74
487,-0.008048,4.5600000000000005,4.76
488,-0.008032000000000001,4.5600000000000005,4.78
489,-0.008016,4.58,4.78
490,-0.008,4.6000000000000005,4.8
491,-0.007984,4.6000000000000005,4.8
492,-0.007968000000000001,4.62,4.82
493,-0.007952,4.62,4.84
494,-0.007936,4.64,4.84
495,-0.00792,4.64,4.86
496,-0.007904,4.66,4.88
497,-0.007888000000000001,4.68,4.88
498,-0.007872,4.68,4.9
499,-0.007856,4.7,4.9
500,-0.00784,4.72,4.92
501,-0.007824000000000001,4.72,4.92
502,-0.007808000000000001,4.74,4.94
503,-0.007792,4.76,4.96
504,-0.007776,0.36,0.04
505,-0.0077599999999999995,0.02,0.02
506,-0.007744000000000001,0.02,0.02
507,-0.0077280000000000005,0.04,0.04
508,-0.007712,0.04,0.06
509,-0.007696,0.06,0.08
510,-0.007680000000000001,0.06,0.06
511,-0.007664000000000001,0.08,0.08
512,-0.007648,0.08,0.1
513,-0.007632,0.1,0.12
514,-0.0076159999999999995,0.12,0.12
515,-0.007600000000000001,0.14,0.14
516,-0.0075840000000000005,0.14,0.16
517,-0.007568,0.14,0.16
518,-0.007552,0.16,0.18
519,-0.007536000000000001,0.18,0.2
520,-0.007520000000000001,0.18,0.2
521,-0.007504,0.2,0.22
522,-0.007488,0.2,0.22
523,-0.0074719999999999995,0.22,0.24
524,-0.007456000000000001,0.24,0.26
525,-0.00744,0.24,0.26
526,-0.007424,0.26,0.28
527,-0.007408,0.26,0.28
528,-0.007392000000000001,0.28,0.3
529,-0.007376000000000001,0.3,0.32
530,-0.00736,0.3,0.32
531,-0.007344,0.32,0.34
532,-0.0073279999999999994,0.32,0.34
533,-0.007312000000000001,0.34,0.36
534,-0.007296,0.36,0.38
535,-0.00728,0.36,0.38
536,-0.007264,0.38,0.4
537,-0.007248000000000001,0.38,0.4
538,-0.007232000000000001,0.4,0.42
539,-0.007216,0.42,0.44
540,-0.0072,0.42,0.46
541,-0.007184000000000001,0.44,0.44
542,-0.007168000000000001,0.44,0.46
543,-0.007152,0.46,0.48
544,-0.007136,0.46,0.5
545,-0.00712,0.48,0.5
546,-0.007104000000000001,0.5,0.52
547,-0.0070880000000000006,0.5,0.54
548,-0.007072,0.52,0.54
549,-0.007056,0.54,0.56
550,-0.007040000000000001,0.54,0.58
551,-0.007024000000000001,0.56,0.58
552,-0.007008,0.56,0.58
553,-0.006992,0.58,0.6
554,-0.0069759999999999996,0.58,0.62
555,-0.006960000000000001,0.6,0.64
556,-0.0069440000000000005,0.62,0.64
557,-0.006928,0.62,0.66
558,-0.006912,0.64,0.66
559,-0.006896000000000001,0.66,0.68
560,-0.006880000000000001,0.68,0.7000000000000001
561,-0.006864,0.68,0.7000000000000001
562,-0.006848,0.7000000000000001,0.72
563,-0.0068319999999999995,0.7000000000000001,0.74
564,-0.006816000000000001,0.72,0.74
565,-0.0068000000000000005,0.72,0.76
566,-0.006784,0.74,0.78
567,-0.006768,0.76,0.78
568,-0.006752000000000001,0.76,0.8
569,-0.006736000000000001,0.78,0.8
570,-0.00672,0.78,0.8200000000000001
571,-0.006704,0.8,0.84
572,-0.0066879999999999995,0.8200000000000001,0.84
573,-0.006672000000000001,0.8200000000000001,0.86
574,-0.0066560000000000005,0.8200000000000001,0.88
575,-0.00664,0.84,0.88
576,-0.006624,0.86,0.9
577,-0.006608000000000001,0.88,0.92
578,-0.006592000000000001,0.88,0.92
579,-0.006576,0.9,0.92
580,-0.00656,0.9,0.9400000000000001
581,-0.0065439999999999995,0.92,0.96
582,-0.006528000000000001,0.92,0.98
583,-0.006512,0.9400000000000001,0.98
584,-0.006496,0.9400000000000001,1.0
585,-0.00648,0.96,1.02
586,-0.006464000000000001,0.98,1.0
587,-0.006448000000000001,0.98,1.04
588,-0.006432,1.0,1.04
589,-0.006416,1.02,1.06
590,-0.006400000000000001,1.02,1.08
591,-0.006384000000000001,1.02,1.08
592,-0.006368,1.04,1.08
593,-0.006352,1.06,1.1
594,-0.006336,1.06,1.12
595,-0.006320000000000001,1.08,1.1400000000000001
596,-0.006304000000000001,1.1,1.12
597,-0.006288,1.12,1.16
598,-0.006272,1.12,1.16
599,-0.006256000000000001,1.1400000000000001,1.18
600,-0.006240000000000001,1.1400000000000001,1.2
601,-0.006224,1.16,1.2
602,-0.006208,1.16,1.22
603,-0.006192,1.16,1.24
604,-0.006176000000000001,1.18,1.22
605,-0.0061600000000000005,1.2,1.24
606,-0.006144,1.22,1.26
607,-0.006128,1.22,1.28
608,-0.006112000000000001,1.24,1.3
609,-0.006096000000000001,1.26,1.32
610,-0.00608,1.26,1.32
611,-0.006064,1.28,1.34
612,-0.0060479999999999996,1.28,1.34
613,-0.006032000000000001,1.3,1.36
614,-0.0060160000000000005,1.32,1.36
615,-0.006,1.32,1.3800000000000001
616,-0.005984,1.32,1.4000000000000001
617,-0.005968000000000001,1.34,1.4000000000000001
618,-0.005952000000000001,1.36,1.42
619,-0.005936,1.36,1.42
620,-0.00592,1.3800000000000001,1.44
621,-0.0059039999999999995,1.4000000000000001,1.44
622,-0.005888000000000001,1.4000000000000001,1.46
623,-0.0058720000000000005,1.4000000000000001,1.48
624,-0.005856,1.42,1.48
625,-0.00584,1.44,1.5
626,-0.005824000000000001,1.44,1.52
627,-0.005808000000000001,1.46,1.52
628,-0.005792,1.46,1.54
629,-0.005776,1.48,1.54
630,-0.005760000000000001,1.48,1.54
631,-0.005744000000000001,1.52,1.58
632,-0.0057280000000000005,1.52,1.58
633,-0.005712,1.54,1.6
634,-0.005696,1.54,1.62
635,-0.005680000000000001,1.56,1.62
636,-0.005664000000000001,1.56,1.6400000000000001
637,-0.005648,1.58,1.6400000000000001
638,-0.005632,1.58,1.6600000000000001
639,-0.005616000000000001,1.6,1.6600000000000001
640,-0.005600000000000001,1.6,1.6600000000000001
641,-0.005584,1.62,1.7
642,-0.005568,1.6400000000000001,1.7
643,-0.005552,1.6400000000000001,1.72
644,-0.005536000000000001,1.6600000000000001,1.74
645,-0.005520000000000001,1.68,1.74
646,-0.005504,1.68,1.76
647,-0.005488,1.68,1.76
648,-0.005472000000000001,1.7,1.76
649,-0.005456000000000001,1.72,1.8
650,-0.00544,1.72,1.8
651,-0.005424,1.74,1.82
652,-0.005408,1.74,1.82
653,-0.005392000000000001,1.78,1.82
654,-0.005376000000000001,1.78,1.86
655,-0.00536,1.78,1.86
656,-0.005344,1.8,1.8800000000000001
657,-0.005328000000000001,1.82,1.8800000000000001
658,-0.005312000000000001,1.82,1.9000000000000001
659,-0.005296,1.84,1.92
660,-0.00528,1.84,1.94
661,-0.005264,1.86,1.94
662,-0.005248000000000001,1.8800000000000001,1.96
663,-0.0052320000000000005,1.8800000000000001,1.96
664,-0.005216,1.9000000000000001,1.96
665,-0.0052,1.92,1.98
666,-0.005184000000000001,1.92,2.0
667,-0.005168000000000001,1.94,2.02
668,-0.005152,1.94,2.02
669,-0.005136,1.94,2.04
670,-0.0051199999999999996,1.96,2.04
671,-0.005104000000000001,1.98,2.06
672,-0.0050880000000000005,1.98,2.08
673,-0.005072,2.0,2.08
674,-0.005056,2.02,2.1
675,-0.005040000000000001,2.02,2.12
676,-0.005024000000000001,2.02,2.12
677,-0.005008,2.06,2.14
678,-0.004992,2.06,2.14
679,-0.004976000000000001,2.08,2.18
680,-0.004960000000000001,2.08,2.18
681,-0.0049440000000000005,2.1,2.18
682,-0.004928,2.12,2.18
683,-0.004912,2.12,2.2
684,-0.004896000000000001,2.14,2.22
685,-0.004880000000000001,2.14,2.24
686,-0.004864,2.16,2.2600000000000002
687,-0.004848,2.18,2.2600000000000002
688,-0.004832000000000001,2.16,2.2800000000000002
689,-0.004816000000000001,2.2,2.2800000000000002
690,-0.0048000000000000004,2.18,2.2800000000000002
691,-0.004784,2.22,2.3000000000000003
692,-0.004768,2.24,2.32
693,-0.004752000000000001,2.24,2.34
694,-0.004736000000000001,2.24,2.34
695,-0.00472,2.2600000000000002,2.36
696,-0.004704,2.2800000000000002,2.36
697,-0.004688000000000001,2.2800000000000002,2.36
698,-0.004672000000000001,2.3000000000000003,2.4
699,-0.004656,2.32,2.4
700,-0.00464,2.32,2.42
701,-0.004624,2.34,2.44
702,-0.004608000000000001,2.32,2.44
703,-0.004592000000000001,2.36,2.44
704,-0.004576,2.36,2.46
705,-0.00456,2.38,2.48
706,-0.004544000000000001,2.38,2.5
707,-0.004528000000000001,2.4,2.5
708,-0.004512,2.42,2.52
709,-0.004496,2.42,2.52
710,-0.00448,2.44,2.54
711,-0.004464000000000001,2.44,2.54
712,-0.0044480000000000006,2.46,2.56
713,-0.004432,2.46,2.58
714,-0.004416,2.48,2.58
715,-0.004400000000000001,2.48,2.6
716,-0.004384000000000001,2.5,2.6
717,-0.004368,2.5,2.62
718,-0.004352,2.52,2.64
719,-0.004336,2.54,2.64
720,-0.004320000000000001,2.54,2.68
721,-0.0043040000000000005,2.56,2.68
722,-0.004288,2.56,2.68
723,-0.004272,2.58,2.7
724,-0.004256000000000001,2.58,2.7
725,-0.004240000000000001,2.6,2.72
726,-0.004224,2.62,2.72
727,-0.004208,2.62,2.74
728,-0.004192000000000001,2.64,2.7600000000000002
729,-0.004176000000000001,2.64,2.7600000000000002
730,-0.0041600000000000005,2.66,2.7800000000000002
731,-0.004144,2.68,2.8000000000000003
732,-0.004128,2.68,2.8000000000000003
733,-0.004112000000000001,2.7,2.82
734,-0.004096000000000001,2.72,2.82
735,-0.00408,2.72,2.84
736,-0.004064,2.72,2.86
737,-0.004048000000000001,2.74,2.88
738,-0.004032000000000001,2.7600000000000002,2.88
739,-0.0040160000000000005,2.7800000000000002,2.9
740,-0.004,2.7800000000000002,2.9
741,-0.003984,2.7800000000000002,2.92
742,-0.003968000000000001,2.8000000000000003,2.94
743,-0.003952000000000001,2.8000000000000003,2.94
744,-0.003936,2.82,2.96
745,-0.00392,2.84,2.96
746,-0.0039040000000000012,2.84,2.98
747,-0.003888000000000001,2.86,2.98
748,-0.0038720000000000004,2.88,3.0
749,-0.003856,2.88,3.02
750,-0.0038399999999999997,2.9,3.04
751,-0.003824000000000001,2.9,3.04
752,-0.0038080000000000006,2.92,3.04
753,-0.0037920000000000002,2.92,3.06
754,-0.003776,2.94,3.08
755,-0.003760000000000001,2.96,3.1
756,-0.003744000000000001,2.96,3.1
757,-0.0037280000000000004,3.0,3.12
758,-0.003712,2.98,3.14
759,-0.0036959999999999996,3.02,3.14
760,-0.003680000000000001,3.02,3.16
761,-0.0036640000000000006,3.02,3.16
762,-0.003648,3.04,3.18
763,-0.003632,3.04,3.18
764,-0.003616000000000001,3.06,3.2
765,-0.0036000000000000008,3.08,3.22
766,-0.0035840000000000004,3.08,3.22
767,-0.003568,3.1,3.24
768,-0.0035519999999999996,3.12,3.2600000000000002
769,-0.003536000000000001,3.12,3.2600000000000002
770,-0.0035200000000000006,3.14,3.2800000000000002
771,-0.003504,3.14,3.3000000000000003
772,-0.0034879999999999998,3.16,3.3000000000000003
773,-0.003472000000000001,3.18,3.3200000000000003
774,-0.0034560000000000007,3.18,3.3200000000000003
775,-0.0034400000000000003,3.2,3.36
776,-0.003424,3.2,3.34
777,-0.0034080000000000013,3.24,3.36
778,-0.003392000000000001,3.24,3.38
779,-0.0033760000000000005,3.24,3.38
780,-0.00336,3.2600000000000002,3.4
781,-0.0033439999999999998,3.2600000000000002,3.42
782,-0.003328000000000001,3.2800000000000002,3.44
783,-0.0033120000000000007,3.3000000000000003,3.44
784,-0.0032960000000000003,3.3000000000000003,3.44
785,-0.00328,3.3200000000000003,3.46
786,-0.0032640000000000013,3.3200000000000003,3.46
787,-0.003248000000000001,3.34,3.48
788,-0.0032320000000000005,3.34,3.5
789,-0.003216,3.38,3.52
790,-0.0031999999999999997,3.38,3.52
791,-0.003184000000000001,3.38,3.52
792,-0.0031680000000000007,3.4,3.54
793,-0.0031520000000000003,3.4,3.56
794,-0.003136,3.42,3.56
795,-0.0031200000000000012,3.42,3.58
796,-0.003104000000000001,3.44,3.6
797,-0.0030880000000000005,3.46,3.6
798,-0.003072,3.48,3.62
799,-0.0030559999999999997,3.48,3.64
800,-0.003040000000000001,3.5,3.64
801,-0.0030240000000000006,3.5,3.66
802,-0.0030080000000000003,3.52,3.66
803,-0.002992,3.52,3.68
804,-0.002976000000000001,3.54,3.7
805,-0.002960000000000001,3.56,3.72
806,-0.0029440000000000004,3.56,3.72
807,-0.002928,3.56,3.74
808,-0.0029119999999999997,3.58,3.7600000000000002
809,-0.002896000000000001,3.58,3.7600000000000002
810,-0.0028800000000000006,3.62,3.7600000000000002
811,-0.0028640000000000002,3.62,3.7800000000000002
812,-0.002848,3.62,3.8000000000000003
813,-0.002832000000000001,3.64,3.8000000000000003
814,-0.002816000000000001,3.66,3.84
815,-0.0028000000000000004,3.66,3.84
816,-0.002784,3.68,3.84
817,-0.0027680000000000014,3.7,3.86
818,-0.002752000000000001,3.7,3.88
819,-0.0027360000000000006,3.72,3.88
820,-0.00272,3.74,3.9
821,-0.002704,3.74,3.92
822,-0.002688000000000001,3.7600000000000002,3.92
823,-0.0026720000000000008,3.7600000000000002,3.94
824,-0.0026560000000000004,3.7800000000000002,3.96
825,-0.00264,3.7800000000000002,3.96
826,-0.0026240000000000013,3.8000000000000003,3.96
827,-0.002608000000000001,3.8200000000000003,3.98
828,-0.0025920000000000006,3.84,3.98
829,-0.002576,3.84,4.0200000000000005
830,-0.0025599999999999998,3.84,4.0200000000000005
831,-0.002544000000000001,3.88,4.0200000000000005
832,-0.0025280000000000007,3.88,4.04
833,-0.0025120000000000003,3.88,4.0600000000000005
834,-0.002496,3.9,4.0600000000000005
835,-0.0024800000000000013,3.9,4.08
836,-0.002464000000000001,3.92,4.08
837,-0.0024480000000000005,3.92,4.1
838,-0.002432,3.94,4.12
839,-0.0024159999999999997,3.94,4.12
840,-0.002400000000000001,3.96,4.14
841,-0.0023840000000000007,3.98,4.16
842,-0.0023680000000000003,4.0,4.16
843,-0.002352,4.0,4.18
844,-0.0023360000000000013,4.0,4.2
845,-0.002320000000000001,4.0200000000000005,4.22
846,-0.0023040000000000005,4.04,4.22
847,-0.002288,4.0600000000000005,4.22
848,-0.0022719999999999997,4.08,4.24
849,-0.002256000000000001,4.08,4.24
850,-0.0022400000000000007,4.08,4.26
851,-0.0022240000000000003,4.1,4.28
852,-0.002208,4.1,4.28
853,-0.0021920000000000012,4.12,4.3
854,-0.002176000000000001,4.12,4.32
855,-0.0021600000000000005,4.14,4.32
856,-0.002144,4.14,4.36
857,-0.0021279999999999997,4.16,4.34
858,-0.002112000000000001,4.18,4.36
859,-0.0020960000000000006,4.2,4.38
860,-0.0020800000000000003,4.2,4.4
861,-0.002064,4.22,4.4
862,-0.002048000000000001,4.22,4.42
863,-0.002032000000000001,4.24,4.42
864,-0.0020160000000000004,4.24,4.44
865,-0.002,4.26,4.46
866,-0.0019840000000000014,4.26,4.46
867,-0.001968000000000001,4.28,4.48
868,-0.0019520000000000006,4.3,4.5
869,-0.0019360000000000002,4.3,4.5
870,-0.0019199999999999998,4.32,4.5200000000000005
871,-0.0019040000000000012,4.34,4.5200000000000005
872,-0.0018880000000000008,4.34,4.54
873,-0.0018720000000000004,4.36,4.5600000000000005
874,-0.001856,4.36,4.5600000000000005
875,-0.0018400000000000014,4.38,4.58
876,-0.001824000000000001,4.4,4.6000000000000005
877,-0.0018080000000000006,4.4,4.6000000000000005
878,-0.0017920000000000002,4.42,4.62
879,-0.0017759999999999998,4.42,4.64
880,-0.0017600000000000011,4.44,4.64
881,-0.0017440000000000008,4.44,4.66
882,-0.0017280000000000004,4.46,4.66
883,-0.001712,4.46,4.68
884,-0.0016960000000000013,4.48,4.68
885,-0.001680000000000001,4.5,4.7
886,-0.0016640000000000005,4.5,4.72
887,-0.0016480000000000002,4.5200000000000005,4.72
888,-0.0016319999999999998,4.5200000000000005,4.74
889,-0.0016160000000000011,4.54,4.74
890,-0.0016000000000000007,4.5600000000000005,4.76
891,-0.0015840000000000003,4.58,4.76
892,-0.001568,4.58,4.78
893,-0.0015520000000000013,4.6000000000000005,4.8
894,-0.001536000000000001,4.6000000000000005,4.8
895,-0.0015200000000000005,4.62,4.82
896,-0.0015040000000000001,4.62,4.84
897,-0.0014879999999999997,4.66,4.84
898,-0.001472000000000001,4.64,4.86
899,-0.0014560000000000007,4.66,4.86
900,-0.0014400000000000003,4.68,4.88
901,-0.001424,4.68,4.9
902,-0.0014080000000000013,4.7,4.9
903,-0.0013920000000000009,4.7,4.92
904,-0.0013760000000000005,4.72,4.94
905,-0.00136,4.72,4.94
906,-0.0013439999999999997,4.74,4.94
907,-0.001328000000000001,4.76,4.96
908,-0.0013120000000000007,0.04,0.04
909,-0.0012960000000000003,0.02,0.04
910,-0.0012799999999999999,0.02,0.04
911,-0.0012640000000000012,0.04,0.04
912,-0.0012480000000000008,0.04,0.06
913,-0.0012320000000000005,0.06,0.08
914,-0.001216,0.08,0.1
915,-0.0012000000000000014,0.08,0.1
916,-0.001184000000000001,0.1,0.12
917,-0.0011680000000000006,0.12,0.14
918,-0.0011520000000000002,0.12,0.14
919,-0.0011359999999999999,0.12,0.16
920,-0.0011200000000000012,0.16,0.16
921,-0.0011040000000000008,0.16,0.18
922,-0.0010880000000000004,0.16,0.18
923,-0.001072,0.18,0.2
924,-0.0010560000000000014,0.2,0.22
925,-0.001040000000000001,0.22,0.24
926,-0.0010240000000000006,0.2,0.24
927,-0.0010080000000000002,0.22,0.26
928,-0.0009919999999999998,0.24,0.26
929,-0.0009760000000000012,0.24,0.28
930,-0.0009600000000000008,0.26,0.28
931,-0.0009440000000000004,0.28,0.3
932,-0.000928,0.28,0.32
933,-0.0009120000000000014,0.3,0.32
934,-0.000896000000000001,0.32,0.34
935,-0.0008800000000000006,0.32,0.34
936,-0.0008640000000000002,0.34,0.34
937,-0.0008479999999999998,0.34,0.38
938,-0.0008320000000000011,0.36,0.38
939,-0.0008160000000000008,0.38,0.4
940,-0.0008000000000000004,0.38,0.42
941,-0.000784,0.4,0.42
942,-0.0007680000000000013,0.4,0.42
943,-0.0007520000000000009,0.42,0.44
944,-0.0007360000000000005,0.44,0.46
945,-0.0007200000000000002,0.44,0.48
946,-0.0007039999999999998,0.46,0.48
947,-0.0006880000000000011,0.48,0.5
948,-0.0006720000000000007,0.48,0.5
949,-0.0006560000000000003,0.5,0.52
950,-0.0006399999999999999,0.5,0.54
951,-0.0006240000000000013,0.52,0.54
952,-0.0006080000000000009,0.52,0.56
953,-0.0005920000000000005,0.54,0.58
954,-0.0005760000000000001,0.56,0.58
955,-0.0005600000000000015,0.56,0.6
956,-0.0005440000000000011,0.56,0.6
957,-0.0005280000000000007,0.58,0.62
958,-0.0005120000000000003,0.6,0.64
959,-0.0004959999999999999,0.62,0.62
960,-0.00048000000000000126,0.62,0.66
961,-0.00046400000000000087,0.64,0.66
962,-0.0004480000000000005,0.64,0.68
963,-0.0004320000000000001,0.68,0.7000000000000001
964,-0.00041600000000000144,0.68,0.7000000000000001
965,-0.00040000000000000105,0.68,0.72
966,-0.00038400000000000066,0.7000000000000001,0.72
967,-0.00036800000000000027,0.7000000000000001,0.74
968,-0.0003519999999999999,0.72,0.74
969,-0.00033600000000000123,0.74,0.76
970,-0.00032000000000000084,0.74,0.78
971,-0.00030400000000000045,0.76,0.8
972,-0.00028800000000000006,0.78,0.8
973,-0.0002720000000000014,0.78,0.8200000000000001
974,-0.000256000000000001,0.8,0.8200000000000001
975,-0.00024000000000000063,0.8200000000000001,0.84
976,-0.00022400000000000024,0.8200000000000001,0.86
977,-0.00020799999999999985,0.84,0.86
978,-0.0001920000000000012,0.84,0.88
979,-0.00017599999999999907,0.86,0.9
980,-0.00016000000000000042,0.86,0.9
981,-0.00014400000000000177,0.88,0.92
982,-0.00012799999999999964,0.88,0.92
983,-0.00011200000000000099,0.9,0.9400000000000001
984,-9.600000000000233e-05,0.9,0.96
985,-8.000000000000021e-05,0.92,0.96
986,-6.400000000000156e-05,0.9400000000000001,0.98
987,-4.799999999999943e-05,0.9400000000000001,1.0
988,-3.200000000000078e-05,0.96,1.0
989,-1.6000000000002124e-05,0.96,1.02
990,0.0,0.98,1.04
991,1.5999999999998654e-05,1.0,1.04
992,3.200000000000078e-05,1.0,1.06
993,4.799999999999943e-05,1.02,1.06
994,6.399999999999809e-05,1.04,1.08
995,8.000000000000021e-05,1.06,1.1
996,9.599999999999886e-05,1.06,1.1
997,0.00011200000000000099,1.06,1.1
998,0.00012799999999999964,1.06,1.12
999,0.0001439999999999983,1.1,1.12
1000,0.00016000000000000042,1.1,1.1400000000000001
1001,0.00017599999999999907,1.1,1.16
1002,0.00019199999999999773,1.12,1.18
1003,0.00020799999999999985,1.1400000000000001,1.18
1004,0.0002239999999999985,1.1400000000000001,1.2
1005,0.00024000000000000063,1.16,1.2
1006,0.0002559999999999993,1.16,1.22
1007,0.00027199999999999794,1.18,1.24
1008,0.00028800000000000006,1.2,1.24
1009,0.0003039999999999987,1.2,1.26
1010,0.00032000000000000084,1.22,1.28
1011,0.0003359999999999995,1.24,1.28
1012,0.00035199999999999815,1.24,1.3
1013,0.00036800000000000027,1.26,1.32
1014,0.0003839999999999989,1.28,1.32
1015,0.00040000000000000105,1.28,1.34
1016,0.0004159999999999997,1.3,1.36
1017,0.00043199999999999836,1.3,1.34
1018,0.0004480000000000005,1.32,1.3800000000000001
1019,0.00046399999999999914,1.32,1.4000000000000001
1020,0.0004799999999999978,1.34,1.4000000000000001
1021,0.0004959999999999999,1.36,1.42
1022,0.0005119999999999986,1.36,1.42
1023,0.0005280000000000007,1.36,1.44
1024,0.0005439999999999993,1.4000000000000001,1.46
1025,0.000559999999999998,1.4000000000000001,1.46
1026,0.0005760000000000001,1.4000000000000001,1.48
1027,0.0005919999999999988,1.42,1.48
1028,0.0006080000000000009,1.42,1.48
1029,0.0006239999999999996,1.44,1.5
1030,0.0006399999999999982,1.46,1.52
1031,0.0006560000000000003,1.46,1.52
1032,0.000671999999999999,1.48,1.54
1033,0.0006879999999999976,1.5,1.54
1034,0.0007039999999999998,1.5,1.58
1035,0.0007199999999999984,1.52,1.58
1036,0.0007360000000000005,1.52,1.6
1037,0.0007519999999999992,1.54,1.62
1038,0.0007679999999999979,1.56,1.62
1039,0.000784,1.56,1.6400000000000001
1040,0.0007999999999999986,1.58,1.6400000000000001
1041,0.0008160000000000008,1.58,1.6600000000000001
1042,0.0008319999999999994,1.6,1.6600000000000001
1043,0.0008479999999999981,1.6,1.68
1044,0.0008640000000000002,1.62,1.7
1045,0.0008799999999999988,1.6400000000000001,1.7
1046,0.000896000000000001,1.6400000000000001,1.72
1047,0.0009119999999999996,1.6600000000000001,1.74
1048,0.0009279999999999983,1.6600000000000001,1.74
1049,0.0009440000000000004,1.6600000000000001,1.76
1050,0.000959999999999999,1.7,1.78
1051,0.0009759999999999977,1.7,1.78
1052,0.0009919999999999998,1.72,1.8
1053,0.0010079999999999985,1.72,1.78
1054,0.0010240000000000006,1.74,1.82
1055,0.0010399999999999993,1.76,1.82
1056,0.001055999999999998,1.76,1.84
1057,0.001072,1.78,1.86
1058,0.0010879999999999987,1.78,1.86
1059,0.0011040000000000008,1.8,1.8800000000000001
1060,0.0011199999999999995,1.82,1.9000000000000001
1061,0.0011359999999999981,1.82,1.9000000000000001
1062,0.0011520000000000002,1.82,1.92
1063,0.001167999999999999,1.84,1.92
1064,0.001184000000000001,1.86,1.92
1065,0.0011999999999999997,1.86,1.96
1066,0.0012159999999999983,1.8800000000000001,1.96
1067,0.0012320000000000005,1.9000000000000001,1.96
1068,0.0012479999999999991,1.8800000000000001,1.98
1069,0.0012639999999999978,1.92,2.0
1070,0.0012799999999999999,1.94,2.02
1071,0.0012959999999999985,1.94,2.02
1072,0.0013120000000000007,1.96,2.04
1073,0.0013279999999999993,1.96,2.04
1074,0.001343999999999998,1.98,2.08
1075,0.00136,2.0,2.08
1076,0.0013759999999999988,2.0,2.08
1077,0.0013920000000000009,2.02,2.1
1078,0.0014079999999999995,2.02,2.1
1079,0.0014239999999999982,2.04,2.12
1080,0.0014400000000000003,2.04,2.14
1081,0.001455999999999999,2.06,2.14
1082,0.0014719999999999976,2.08,2.16
1083,0.0014879999999999997,2.08,2.18
1084,0.0015039999999999984,2.08,2.2
1085,0.0015200000000000005,2.12,2.18
1086,0.0015359999999999992,2.12,2.22
1087,0.0015519999999999978,2.14,2.22
1088,0.001568,2.14,2.24
1089,0.0015839999999999986,2.16,2.24
1090,0.0016000000000000007,2.16,2.2600000000000002
1091,0.0016159999999999994,2.18,2.2600000000000002
1092,0.001631999999999998,2.18,2.2800000000000002
1093,0.0016480000000000002,2.2,2.3000000000000003
1094,0.0016639999999999988,2.22,2.32
1095,0.001680000000000001,2.22,2.32
1096,0.0016959999999999996,2.24,2.34
1097,0.0017119999999999982,2.24,2.34
1098,0.0017280000000000004,2.2600000000000002,2.36
1099,0.001743999999999999,2.2600000000000002,2.38
1100,0.0017599999999999977,2.2800000000000002,2.38
1101,0.0017759999999999998,2.3000000000000003,2.4
1102,0.0017919999999999985,2.3000000000000003,2.4
1103,0.0018080000000000006,2.32,2.42
1104,0.0018239999999999992,2.34,2.42
1105,0.0018399999999999979,2.34,2.42
1106,0.001856,2.34,2.46
1107,0.0018719999999999987,2.36,2.48
1108,0.0018880000000000008,2.38,2.48
1109,0.0019039999999999994,2.38,2.5
1110,0.001919999999999998,2.38,2.5
1111,0.0019360000000000002,2.4,2.5
1112,0.0019519999999999989,2.42,2.52
1113,0.001968000000000001,2.44,2.54
1114,0.0019839999999999997,2.44,2.54
1115,0.0019999999999999983,2.46,2.56
1116,0.0020160000000000004,2.46,2.58
1117,0.002031999999999999,2.48,2.6
1118,0.0020479999999999977,2.5,2.6
1119,0.002064,2.5,2.6
1120,0.0020799999999999985,2.5,2.62
1121,0.0020960000000000006,2.52,2.62
1122,0.0021119999999999993,2.52,2.66
1123,0.002127999999999998,2.54,2.68
1124,0.002144,2.56,2.66
1125,0.0021599999999999987,2.58,2.68
1126,0.002176000000000001,2.58,2.7
1127,0.0021919999999999995,2.58,2.7
1128,0.002207999999999998,2.6,2.72
1129,0.0022240000000000003,2.62,2.74
1130,0.002239999999999999,2.62,2.7600000000000002
1131,0.0022559999999999976,2.64,2.7600000000000002
1132,0.0022719999999999997,2.64,2.7600000000000002
1133,0.0022879999999999984,2.66,2.8000000000000003
1134,0.0023040000000000005,2.66,2.8000000000000003
1135,0.002319999999999999,2.68,2.82
1136,0.002335999999999998,2.68,2.82
1137,0.002352,2.7,2.82
1138,0.0023679999999999986,2.7,2.84
1139,0.0023840000000000007,2.72,2.86
1140,0.0023999999999999994,2.74,2.88
1141,0.002415999999999998,2.74,2.88
1142,0.002432,2.7800000000000002,2.88
1143,0.002447999999999999,2.7800000000000002,2.9
1144,0.002464000000000001,2.7800000000000002,2.92
1145,0.0024799999999999996,2.8000000000000003,2.94
1146,0.0024959999999999982,2.8000000000000003,2.96
1147,0.0025120000000000003,2.82,2.94
1148,0.002527999999999999,2.82,2.96
1149,0.0025439999999999977,2.84,2.98
1150,0.0025599999999999998,2.86,2.98
1151,0.0025759999999999984,2.86,3.0
1152,0.0025920000000000006,2.88,3.02
1153,0.002607999999999999,2.88,3.04
1154,0.002623999999999998,2.9,3.04
1155,0.00264,2.92,3.04
1156,0.0026559999999999986,2.92,3.06
1157,0.0026720000000000008,2.94,3.08
1158,0.0026879999999999994,2.94,3.1
1159,0.002703999999999998,2.96,3.1
1160,0.00272,2.98,3.12
1161,0.002735999999999999,3.0,3.12
1162,0.002752000000000001,3.0,3.14
1163,0.0027679999999999996,3.0,3.14
1164,0.0027839999999999983,3.04,3.16
1165,0.0028000000000000004,3.02,3.18
1166,0.002815999999999999,3.04,3.18
1167,0.0028319999999999977,3.06,3.2
1168,0.002848,3.06,3.22
1169,0.0028639999999999985,3.08,3.22
1170,0.0028800000000000006,3.1,3.2600000000000002
1171,0.0028959999999999993,3.1,3.24
1172,0.002911999999999998,3.12,3.2600000000000002
1173,0.002928,3.14,3.2800000000000002
1174,0.0029439999999999987,3.14,3.2800000000000002
1175,0.002960000000000001,3.16,3.3000000000000003
1176,0.0029759999999999995,3.16,3.3200000000000003
1177,0.002991999999999998,3.18,3.34
1178,0.0030080000000000003,3.18,3.34
1179,0.003023999999999999,3.2,3.36
1180,0.0030399999999999976,3.22,3.36
1181,0.0030559999999999997,3.22,3.38
1182,0.0030719999999999983,3.24,3.38
1183,0.0030880000000000005,3.24,3.4
1184,0.003103999999999999,3.2600000000000002,3.42
1185,0.0031199999999999978,3.2600000000000002,3.42
1186,0.003136,3.2800000000000002,3.44
1187,0.0031519999999999986,3.3000000000000003,3.44
1188,0.0031680000000000007,3.3200000000000003,3.46
1189,0.0031839999999999993,3.34,3.46
1190,0.003199999999999998,3.34,3.48
1191,0.003216,3.34,3.48
1192,0.0032319999999999988,3.36,3.5
1193,0.003248000000000001,3.36,3.52
1194,0.0032639999999999995,3.38,3.54
1195,0.003279999999999998,3.38,3.54
1196,0.0032960000000000003,3.4,3.56
1197,0.003311999999999999,3.42,3.58
1198,0.0033279999999999976,3.42,3.58
1199,0.0033439999999999998,3.44,3.6
1200,0.0033599999999999984,3.44,3.6
1201,0.0033760000000000005,3.46,3.62
1202,0.003391999999999999,3.48,3.62
1203,0.003407999999999998,3.48,3.66
1204,0.003424,3.5,3.66
1205,0.0034399999999999986,3.52,3.68
1206,0.0034560000000000007,3.52,3.7
1207,0.0034719999999999994,3.54,3.7
1208,0.003487999999999998,3.56,3.72
1209,0.003504,3.56,3.72
1210,0.003519999999999999,3.58,3.74
1211,0.0035359999999999975,3.58,3.74
1212,0.0035519999999999996,3.58,3.7600000000000002
1213,0.0035679999999999983,3.6,3.7800000000000002
1214,0.0035840000000000004,3.6,3.7800000000000002
1215,0.003599999999999999,3.62,3.8000000000000003
1216,0.0036159999999999977,3.64,3.8200000000000003
1217,0.003632,3.66,3.8200000000000003
1218,0.0036479999999999985,3.66,3.84
1219,0.0036640000000000006,3.68,3.84
1220,0.0036799999999999992,3.68,3.86
1221,0.003695999999999998,3.7,3.86
1222,0.003712,3.72,3.88
1223,0.0037279999999999987,3.72,3.9
1224,0.003744000000000001,3.74,3.9
1225,0.0037599999999999995,3.74,3.92
1226,0.003775999999999998,3.7600000000000002,3.92
1227,0.0037920000000000002,3.7600000000000002,3.94
1228,0.003807999999999999,3.7800000000000002,3.96
1229,0.0038239999999999975,3.8000000000000003,3.96
1230,0.0038399999999999997,3.8000000000000003,3.98
1231,0.0038559999999999983,3.8200000000000003,3.98
1232,0.0038720000000000004,3.84,4.0
1233,0.003887999999999999,3.84,4.0200000000000005
1234,0.0039039999999999977,3.84,4.0200000000000005
1235,0.00392,3.86,4.04
1236,0.0039359999999999985,3.88,4.04
1237,0.003952000000000001,3.88,4.0600000000000005
1238,0.003967999999999999,3.9,4.08
1239,0.003983999999999998,3.9,4.08
1240,0.004,3.92,4.1
1241,0.004015999999999999,3.94,4.1
1242,0.004032000000000001,3.94,4.14
1243,0.0040479999999999995,3.96,4.14
1244,0.004063999999999998,3.98,4.14
1245,0.00408,3.98,4.16
1246,0.004095999999999999,4.0,4.16
1247,0.004111999999999998,4.0200000000000005,4.2
1248,0.004128,4.0200000000000005,4.2
1249,0.004143999999999998,4.04,4.22
1250,0.0041600000000000005,4.04,4.22
1251,0.004175999999999999,4.0600000000000005,4.24
1252,0.004191999999999998,4.0600000000000005,4.26
1253,0.004208,4.1,4.26
1254,0.004223999999999999,4.1,4.26
1255,0.004240000000000001,4.1,4.28
1256,0.004255999999999999,4.12,4.3
1257,0.004271999999999998,4.12,4.3
1258,0.004288,4.14,4.32
1259,0.004303999999999999,4.16,4.34
1260,0.0043199999999999975,4.16,4.34
1261,0.004336,4.18,4.36
1262,0.004351999999999998,4.18,4.38
1263,0.004368,4.2,4.38
1264,0.004383999999999999,4.2,4.42
1265,0.004399999999999998,4.22,4.42
1266,0.004416,4.22,4.44
1267,0.0044319999999999984,4.24,4.44
1268,0.0044480000000000006,4.24,4.46
1269,0.004463999999999999,4.26,4.46
1270,0.004479999999999998,4.28,4.48
1271,0.004496,4.28,4.48
1272,0.004511999999999999,4.3,4.5
1273,0.004528000000000001,4.32,4.5200000000000005
1274,0.004543999999999999,4.32,4.5200000000000005
1275,0.004559999999999998,4.34,4.54
1276,0.004576,4.34,4.54
1277,0.004591999999999999,4.36,4.5600000000000005
1278,0.0046079999999999975,4.38,4.5600000000000005
1279,0.004624,4.38,4.58
1280,0.004639999999999998,4.4,4.6000000000000005
1281,0.004656,4.4,4.6000000000000005
1282,0.004671999999999999,4.44,4.62
1283,0.004687999999999998,4.44,4.62
1284,0.004704,4.44,4.64
1285,0.0047199999999999985,4.46,4.66
1286,0.004736000000000001,4.46,4.66
1287,0.004751999999999999,4.48,4.68
1288,0.004767999999999998,4.5,4.7
1289,0.004784,4.5,4.7
1290,0.004799999999999999,4.5200000000000005,4.72
1291,0.004816000000000001,4.54,4.72
1292,0.0048319999999999995,4.54,4.74
1293,0.004847999999999998,4.54,4.74
1294,0.004864,4.5600000000000005,4.76
1295,0.004879999999999999,4.58,4.78
1296,0.004895999999999998,4.58,4.78
1297,0.004912,4.6000000000000005,4.8
1298,0.004927999999999998,4.6000000000000005,4.82
1299,0.0049440000000000005,4.62,4.82
1300,0.004959999999999999,4.62,4.84
1301,0.004975999999999998,4.64,4.84
1302,0.004992,4.66,4.88
1303,0.0050079999999999986,4.66,4.88
1304,0.005024000000000001,4.68,4.9
1305,0.005039999999999999,4.68,4.9
1306,0.005055999999999998,4.7,4.92
1307,0.005072,4.72,4.92
1308,0.005087999999999999,4.74,4.94
1309,0.005103999999999997,4.74,4.94
1310,0.0051199999999999996,4.76,4.96
1311,0.005135999999999998,0.04,0.04
1312,0.005152,0.04,0.02
1313,0.005167999999999999,0.04,0.04
1314,0.005183999999999998,0.04,0.04
1315,0.0052,0.04,0.06
1316,0.005215999999999998,0.06,0.08
1317,0.0052320000000000005,0.06,0.08
1318,0.005247999999999999,0.08,0.1
1319,0.005263999999999998,0.1,0.12
1320,0.00528,0.12,0.12
1321,0.005295999999999999,0.12,0.14
1322,0.005312000000000001,0.14,0.16
1323,0.005327999999999999,0.12,0.16
1324,0.005343999999999998,0.16,0.18
1325,0.00536,0.16,0.2
1326,0.005375999999999999,0.18,0.2
1327,0.0053919999999999975,0.2,0.22
1328,0.005408,0.2,0.22
1329,0.005423999999999998,0.22,0.24
1330,0.00544,0.22,0.26
1331,0.005455999999999999,0.24,0.26
1332,0.005471999999999998,0.24,0.28
1333,0.005488,0.26,0.28
1334,0.0055039999999999985,0.28,0.3
1335,0.005520000000000001,0.28,0.32
1336,0.005535999999999999,0.3,0.32
1337,0.005551999999999998,0.32,0.34
1338,0.005568,0.32,0.34
1339,0.005583999999999999,0.34,0.36
1340,0.005600000000000001,0.34,0.36
1341,0.0056159999999999995,0.36,0.36
1342,0.005631999999999998,0.38,0.4
1343,0.005648,0.38,0.4
1344,0.005663999999999999,0.4,0.42
1345,0.0056799999999999976,0.4,0.44
1346,0.005696,0.42,0.44
1347,0.005711999999999998,0.42,0.46
1348,0.0057280000000000005,0.44,0.48
1349,0.005743999999999999,0.44,0.48
1350,0.005759999999999998,0.46,0.48
1351,0.005776,0.48,0.5
1352,0.0057919999999999985,0.48,0.5
1353,0.005808000000000001,0.5,0.52
1354,0.005823999999999999,0.5,0.54
1355,0.005839999999999998,0.52,0.56
1356,0.005856,0.54,0.56
1357,0.005871999999999999,0.54,0.58
1358,0.005887999999999997,0.56,0.6
1359,0.0059039999999999995,0.56,0.6
1360,0.005919999999999998,0.58,0.62
1361,0.005936,0.6,0.64
1362,0.005951999999999999,0.62,0.64
1363,0.005967999999999998,0.62,0.64
1364,0.005984,0.64,0.66
1365,0.005999999999999998,0.64,0.68
1366,0.0060160000000000005,0.66,0.68
1367,0.006031999999999999,0.66,0.7000000000000001
1368,0.006047999999999998,0.68,0.7000000000000001
1369,0.006064,0.7000000000000001,0.72
1370,0.006079999999999999,0.7000000000000001,0.74
1371,0.006096000000000001,0.72,0.76
1372,0.006111999999999999,0.74,0.76
1373,0.006127999999999998,0.76,0.78
1374,0.006144,0.76,0.78
1375,0.006159999999999999,0.76,0.8
1376,0.0061759999999999975,0.78,0.8200000000000001
1377,0.006192,0.8,0.8200000000000001
1378,0.006207999999999998,0.8,0.84
1379,0.006224,0.8200000000000001,0.86
1380,0.006239999999999999,0.8200000000000001,0.86
1381,0.006255999999999998,0.84,0.86
1382,0.006272,0.86,0.9
1383,0.0062879999999999985,0.84,0.9
1384,0.006304000000000001,0.88,0.92
1385,0.006319999999999999,0.88,0.92
1386,0.006335999999999998,0.9,0.9400000000000001
1387,0.006352,0.9,0.9400000000000001
1388,0.006367999999999999,0.92,0.96
1389,0.006384000000000001,0.9400000000000001,0.98
1390,0.0063999999999999994,0.9400000000000001,0.98
1391,0.006415999999999998,0.96,1.0
1392,0.006432,0.98,1.0
1393,0.006447999999999999,0.98,1.02
1394,0.0064639999999999975,0.98,1.04
1395,0.00648,1.0,1.04
1396,0.006495999999999998,1.0,1.06
1397,0.006512,1.04,1.08
1398,0.006527999999999999,1.04,1.08
1399,0.006543999999999998,1.04,1.1
1400,0.00656,1.06,1.12
1401,0.0065759999999999985,1.08,1.12
1402,0.006592000000000001,1.1,1.1400000000000001
1403,0.006607999999999999,1.1,1.1400000000000001
1404,0.006623999999999998,1.12,1.16
1405,0.00664,1.1,1.16
1406,0.006655999999999999,1.1400000000000001,1.18
1407,0.006671999999999997,1.1400000000000001,1.18
1408,0.0066879999999999995,1.16,1.22
1409,0.006703999999999998,1.18,1.22
1410,0.00672,1.18,1.24
1411,0.006735999999999999,1.2,1.24
1412,0.006751999999999998,1.22,1.26
1413,0.006768,1.22,1.28
1414,0.006783999999999998,1.24,1.28
1415,0.0068000000000000005,1.22,1.3
1416,0.006815999999999999,1.26,1.32
1417,0.006831999999999998,1.26,1.32
1418,0.006848,1.28,1.34
1419,0.006863999999999999,1.28,1.36
1420,0.006880000000000001,1.3,1.36
1421,0.006895999999999999,1.32,1.36
1422,0.006911999999999998,1.32,1.3800000000000001
1423,0.006928,1.34,1.4000000000000001
1424,0.006943999999999999,1.34,1.42
1425,0.0069599999999999974,1.34,1.42
1426,0.0069759999999999996,1.3800000000000001,1.42
1427,0.006991999999999998,1.3800000000000001,1.44
1428,0.007008,1.4000000000000001,1.46
1429,0.007023999999999999,1.4000000000000001,1.48
1430,0.007039999999999998,1.42,1.48
1431,0.007056,1.44,1.5
1432,0.007071999999999998,1.44,1.48
1433,0.0070880000000000006,1.46,1.52
1434,0.007103999999999999,1.46,1.54
1435,0.007119999999999998,1.46,1.52
1436,0.007136,1.48,1.56
1437,0.007151999999999999,1.5,1.56
1438,0.007168000000000001,1.52,1.58
1439,0.007183999999999999,1.5,1.58
1440,0.007199999999999998,1.54,1.6
1441,0.007216,1.54,1.62
1442,0.007231999999999999,1.56,1.62
1443,0.0072479999999999975,1.58,1.6400000000000001
1444,0.007264,1.58,1.6600000000000001
1445,0.007279999999999998,1.6,1.6600000000000001
1446,0.007296,1.6,1.68
1447,0.007311999999999999,1.6,1.68
1448,0.007327999999999998,1.6400000000000001,1.7
1449,0.007344,1.6400000000000001,1.72
1450,0.0073599999999999985,1.6600000000000001,1.72
1451,0.007376000000000001,1.6600000000000001,1.74
1452,0.007391999999999999,1.68,1.74
1453,0.007407999999999998,1.68,1.76
1454,0.007424,1.7,1.78
1455,0.007439999999999999,1.72,1.78
1456,0.007455999999999997,1.72,1.8
1457,0.0074719999999999995,1.74,1.82
1458,0.007487999999999998,1.76,1.82
1459,0.007504,1.74,1.84
1460,0.007519999999999999,1.76,1.84
1461,0.0075359999999999976,1.78,1.86
1462,0.007552,1.78,1.8800000000000001
1463,0.007567999999999998,1.8,1.86
1464,0.0075840000000000005,1.82,1.9000000000000001
1465,0.007599999999999999,1.84,1.9000000000000001
1466,0.007615999999999998,1.84,1.92
1467,0.007632,1.86,1.94
1468,0.0076479999999999985,1.86,1.96
1469,0.007664000000000001,1.8800000000000001,1.96
1470,0.007679999999999999,1.8800000000000001,1.98
1471,0.007695999999999998,1.9000000000000001,1.98
1472,0.007712,1.92,1.98
1473,0.007727999999999999,1.92,2.0
1474,0.007743999999999997,1.94,2.02
1475,0.0077599999999999995,1.96,2.04
1476,0.007775999999999998,1.96,2.04
1477,0.007792,1.98,2.04
1478,0.007807999999999999,1.98,2.08
1479,0.007823999999999998,2.0,2.08
1480,0.00784,2.0,2.08
1481,0.007855999999999998,2.02,2.12
1482,0.007872,2.04,2.12
1483,0.007888,2.04,2.14
1484,0.007903999999999998,2.06,2.12
1485,0.00792,2.06,2.16
1486,0.007935999999999999,2.08,2.18
1487,0.007952,2.1,2.2
1488,0.007968,2.12,2.2
1489,0.007983999999999998,2.12,2.22
1490,0.008,2.12,2.22
1491,0.008015999999999999,2.14,2.24
1492,0.008031999999999997,2.14,2.24
1493,0.008048,2.16,2.2600000000000002
1494,0.008063999999999998,2.18,2.2600000000000002
1495,0.00808,2.2,2.2800000000000002
1496,0.008095999999999999,2.2,2.3000000000000003
1497,0.008111999999999998,2.2,2.3000000000000003
1498,0.008128,2.2,2.32
1499,0.008143999999999998,2.22,2.32
1500,0.00816,2.24,2.32
1501,0.008176,2.2600000000000002,2.36
1502,0.008191999999999998,2.2600000000000002,2.36
1503,0.008208,2.2600000000000002,2.38
1504,0.008223999999999999,2.3000000000000003,2.4
1505,0.008239999999999997,2.3000000000000003,2.4
1506,0.008256,2.32,2.42
1507,0.008271999999999998,2.34,2.42
1508,0.008288,2.34,2.44
1509,0.008303999999999999,2.34,2.46
1510,0.008319999999999998,2.36,2.46
1511,0.008336,2.38,2.48
1512,0.008351999999999998,2.38,2.5
1513,0.008368,2.4,2.5
1514,0.008383999999999999,2.4,2.5
1515,0.008399999999999998,2.42,2.54
1516,0.008416,2.44,2.52
1517,0.008431999999999999,2.44,2.54
1518,0.008448,2.46,2.56
1519,0.008464,2.46,2.56
1520,0.008479999999999998,2.48,2.58
1521,0.008496,2.48,2.58
1522,0.008511999999999999,2.5,2.6
1523,0.008527999999999997,2.5,2.62
1524,0.008544,2.5,2.64
1525,0.008559999999999998,2.52,2.64
1526,0.008576,2.54,2.66
1527,0.008591999999999999,2.56,2.66
1528,0.008607999999999998,2.56,2.68
1529,0.008624,2.58,2.7
1530,0.008639999999999998,2.58,2.7
1531,0.008656,2.6,2.72
1532,0.008672,2.62,2.74
1533,0.008687999999999998,2.64,2.74
1534,0.008704,2.62,2.7600000000000002
1535,0.008719999999999999,2.64,2.7600000000000002
1536,0.008736,2.66,2.7800000000000002
1537,0.008752,2.68,2.7800000000000002
1538,0.008767999999999998,2.68,2.8000000000000003
1539,0.008784,2.7,2.8000000000000003
1540,0.008799999999999999,2.72,2.84
1541,0.008815999999999997,2.72,2.84
1542,0.008832,2.72,2.84
1543,0.008847999999999998,2.74,2.86
1544,0.008864,2.74,2.86
1545,0.008879999999999999,2.7600000000000002,2.88
1546,0.008895999999999998,2.7800000000000002,2.9
1547,0.008912,2.7800000000000002,2.92
1548,0.008927999999999998,2.8000000000000003,2.94
1549,0.008944,2.8000000000000003,2.94
1550,0.00896,2.82,2.94
1551,0.008975999999999998,2.82,2.98
1552,0.008992,2.84,2.98
1553,0.009007999999999999,2.86,2.98
1554,0.009023999999999997,2.86,3.0
1555,0.00904,2.88,3.0
1556,0.009055999999999998,2.9,3.02
1557,0.009072,2.92,3.04
1558,0.009087999999999999,2.92,3.06
1559,0.009103999999999998,2.92,3.06
1560,0.00912,2.94,3.08
1561,0.009135999999999998,2.94,3.1
1562,0.009152,2.96,3.1
1563,0.009167999999999999,2.98,3.1
1564,0.009183999999999998,2.98,3.12
1565,0.0092,3.0,3.12
1566,0.009215999999999998,3.0,3.14
1567,0.009232,3.04,3.16
1568,0.009248,3.04,3.18
1569,0.009263999999999998,3.04,3.18
1570,0.00928,3.06,3.2
1571,0.009295999999999999,3.06,3.2
1572,0.009311999999999997,3.08,3.22
1573,0.009328,3.1,3.24
1574,0.009343999999999998,3.1,3.24
1575,0.00936,3.12,3.2800000000000002
1576,0.009375999999999999,3.12,3.2800000000000002
1577,0.009391999999999998,3.14,3.2800000000000002
1578,0.009408,3.16,3.3000000000000003
1579,0.009423999999999998,3.16,3.3000000000000003
1580,0.00944,3.18,3.3200000000000003
1581,0.009455999999999999,3.18,3.3200000000000003
1582,0.009471999999999998,3.2,3.34
1583,0.009488,3.22,3.38
1584,0.009503999999999999,3.22,3.38
1585,0.009519999999999997,3.22,3.38
1586,0.009536,3.24,3.4
1587,0.009551999999999998,3.2600000000000002,3.42
1588,0.009568,3.2800000000000002,3.42
1589,0.009583999999999999,3.2800000000000002,3.42
1590,0.009599999999999997,3.3000000000000003,3.44
1591,0.009616,3.3200000000000003,3.46
1592,0.009631999999999998,3.3200000000000003,3.46
1593,0.009648,3.34,3.48
1594,0.009663999999999999,3.36,3.48
1595,0.009679999999999998,3.36,3.5
1596,0.009696,3.38,3.52
1597,0.009711999999999998,3.38,3.52
1598,0.009728,3.4,3.56
1599,0.009744,3.4,3.54
1600,0.009759999999999998,3.42,3.56
1601,0.009776,3.42,3.58
1602,0.009791999999999999,3.46,3.6
1603,0.009807999999999997,3.44,3.6
1604,0.009824,3.46,3.6
1605,0.009839999999999998,3.48,3.62
1606,0.009856,3.48,3.64
1607,0.009871999999999999,3.5,3.66
1608,0.009887999999999997,3.52,3.66
1609,0.009904,3.52,3.68
1610,0.009919999999999998,3.52,3.7
1611,0.009936,3.54,3.72
1612,0.009951999999999999,3.56,3.72
1613,0.009967999999999998,3.56,3.74
1614,0.009984,3.6,3.74
1615,0.009999999999999998,3.58,3.7600000000000002
1616,0.010016,3.6,3.7800000000000002
1617,0.010032,3.62,3.7800000000000002
1618,0.010047999999999998,3.62,3.8000000000000003
1619,0.010064,3.64,3.8000000000000003
1620,0.010079999999999999,3.66,3.8200000000000003
1621,0.010095999999999997,3.68,3.8200000000000003
1622,0.010112,3.68,3.84
1623,0.010127999999999998,3.68,3.86
1624,0.010144,3.72,3.88
1625,0.010159999999999999,3.7,3.88
1626,0.010175999999999998,3.72,3.9
1627,0.010192,3.74,3.9
1628,0.010207999999999998,3.74,3.92
1629,0.010224,3.7600000000000002,3.92
1630,0.010239999999999999,3.7800000000000002,3.94
1631,0.010255999999999998,3.7800000000000002,3.94
1632,0.010272,3.8000000000000003,3.96
1633,0.010287999999999999,3.8000000000000003,3.98
1634,0.010303999999999997,3.8200000000000003,3.98
1635,0.01032,3.84,4.0
1636,0.010335999999999998,3.84,4.0200000000000005
1637,0.010352,3.84,4.0200000000000005
1638,0.010367999999999999,3.86,4.04
1639,0.010383999999999997,3.88,4.04
1640,0.0104,3.88,4.0600000000000005
1641,0.010415999999999998,3.9,4.0600000000000005
1642,0.010432,3.92,4.08
1643,0.010447999999999999,3.92,4.1
1644,0.010463999999999998,3.94,4.1
1645,0.01048,3.96,4.12
1646,0.010495999999999998,3.96,4.14
1647,0.010512,3.98,4.14
1648,0.010528,3.98,4.16
1649,0.010543999999999998,4.0,4.18
1650,0.01056,4.0200000000000005,4.2
1651,0.010575999999999999,4.04,4.2
1652,0.010591999999999997,4.0200000000000005,4.2
1653,0.010608,4.04,4.22
1654,0.010623999999999998,4.0600000000000005,4.24
1655,0.01064,4.08,4.24
1656,0.010655999999999999,4.08,4.26
1657,0.010671999999999997,4.1,4.28
1658,0.010688,4.1,4.28
1659,0.010703999999999998,4.12,4.3
1660,0.01072,4.14,4.3
1661,0.010735999999999999,4.14,4.32
1662,0.010751999999999998,4.14,4.34
1663,0.010768,4.16,4.34
1664,0.010783999999999998,4.18,4.36
1665,0.0108,4.18,4.38
1666,0.010816,4.2,4.38
1667,0.010831999999999998,4.2,4.38
1668,0.010848,4.22,4.4
1669,0.010863999999999999,4.24,4.42
1670,0.010879999999999997,4.24,4.44
1671,0.010896,4.26,4.46
1672,0.010911999999999998,4.26,4.46
1673,0.010928,4.28,4.48
1674,0.010943999999999999,4.28,4.48
1675,0.010959999999999998,4.3,4.5
1676,0.010976,4.32,4.5200000000000005
1677,0.010991999999999998,4.32,4.5200000000000005
1678,0.011008,4.34,4.54
1679,0.011023999999999999,4.34,4.54
1680,0.011039999999999998,4.36,4.5600000000000005
1681,0.011056,4.36,4.58
1682,0.011071999999999999,4.38,4.58
1683,0.011087999999999997,4.4,4.62
1684,0.011104,4.4,4.6000000000000005
1685,0.011119999999999998,4.42,4.62
1686,0.011136,4.42,4.62
1687,0.011151999999999999,4.44,4.66
1688,0.011167999999999997,4.44,4.66
1689,0.011184,4.46,4.68
1690,0.011199999999999998,4.48,4.68
1691,0.011216,4.48,4.68
1692,0.011231999999999999,4.5,4.7
1693,0.011247999999999998,4.5,4.72
1694,0.011264,4.54,4.72
1695,0.011279999999999998,4.54,4.74
1696,0.011296,4.54,4.76
1697,0.011312,4.5600000000000005,4.76
1698,0.011327999999999998,4.58,4.78
1699,0.011344,4.58,4.8
1700,0.011359999999999999,4.6000000000000005,4.8
1701,0.011375999999999997,4.62,4.82
1702,0.011392,4.62,4.82
1703,0.011407999999999998,4.64,4.84
1704,0.011424,4.64,4.86
1705,0.011439999999999999,4.66,4.88
1706,0.011455999999999997,4.66,4.88
1707,0.011472,4.68,4.88
1708,0.011487999999999998,4.7,4.9
1709,0.011504,4.7,4.92
1710,0.011519999999999999,4.72,4.92
1711,0.011535999999999998,4.72,4.94
1712,0.011552,4.74,4.94
1713,0.011567999999999998,4.76,4.96
1714,0.011584,0.06,0.04
1715,0.0116,0.02,0.04
1716,0.011615999999999998,0.02,0.04
1717,0.011632,0.04,0.04
1718,0.011647999999999999,0.04,0.06
1719,0.011663999999999997,0.06,0.06
1720,0.01168,0.06,0.08
1721,0.011695999999999998,0.08,0.1
1722,0.011712,0.1,0.1
1723,0.011727999999999999,0.12,0.12
1724,0.011743999999999997,0.1,0.14
1725,0.01176,0.14,0.14
1726,0.011775999999999998,0.14,0.16
1727,0.011792,0.14,0.18
1728,0.011807999999999999,0.18,0.18
1729,0.011823999999999998,0.18,0.2
1730,0.01184,0.18,0.22
1731,0.011855999999999998,0.2,0.22
1732,0.011871999999999997,0.22,0.24
1733,0.011888,0.22,0.26
1734,0.011903999999999998,0.24,0.24
1735,0.01192,0.26,0.28
1736,0.011935999999999999,0.26,0.28
1737,0.011951999999999997,0.28,0.3
1738,0.011968,0.28,0.3
1739,0.011983999999999998,0.3,0.32
1740,0.012,0.3,0.34
1741,0.012015999999999999,0.32,0.34
1742,0.012031999999999998,0.34,0.36
1743,0.012048,0.34,0.38
1744,0.012063999999999998,0.36,0.38
1745,0.01208,0.36,0.38
1746,0.012095999999999999,0.38,0.4
1747,0.012111999999999998,0.38,0.42
1748,0.012128,0.4,0.42
1749,0.012143999999999999,0.42,0.44
1750,0.012159999999999997,0.42,0.44
1751,0.012176,0.44,0.46
1752,0.012191999999999998,0.44,0.48
1753,0.012208,0.46,0.48
1754,0.012223999999999999,0.46,0.5
1755,0.012239999999999997,0.48,0.52
1756,0.012256,0.5,0.52
1757,0.012271999999999998,0.52,0.54
1758,0.012288,0.52,0.56
1759,0.012303999999999999,0.54,0.56
1760,0.012319999999999998,0.54,0.58
1761,0.012336,0.56,0.58
1762,0.012351999999999998,0.58,0.6
1763,0.012368,0.58,0.62
1764,0.012384,0.6,0.62
1765,0.012399999999999998,0.62,0.64
1766,0.012416,0.62,0.64
1767,0.012431999999999999,0.64,0.66
1768,0.012447999999999997,0.64,0.68
1769,0.012464,0.66,0.68
1770,0.012479999999999998,0.66,0.7000000000000001
1771,0.012496,0.68,0.72
1772,0.012511999999999999,0.7000000000000001,0.72
1773,0.012527999999999997,0.7000000000000001,0.72
1774,0.012544,0.72,0.74
1775,0.012559999999999998,0.74,0.76
1776,0.012576,0.74,0.78
1777,0.012591999999999999,0.76,0.78
1778,0.012607999999999998,0.76,0.8
1779,0.012624,0.78,0.8200000000000001
1780,0.012639999999999998,0.8,0.8200000000000001
1781,0.012655999999999997,0.8,0.8200000000000001
1782,0.012672,0.8,0.84
1783,0.012687999999999998,0.84,0.86
1784,0.012704,0.84,0.86
1785,0.012719999999999999,0.86,0.88
1786,0.012735999999999997,0.86,0.9
1787,0.012752,0.88,0.92
1788,0.012767999999999998,0.9,0.92
1789,0.012784,0.9,0.9400000000000001
1790,0.012799999999999999,0.92,0.9400000000000001
1791,0.012815999999999998,0.92,0.96
1792,0.012832,0.9400000000000001,0.98
1793,0.012847999999999998,0.9400000000000001,0.98
1794,0.012864,0.96,0.98
1795,0.012879999999999999,0.96,1.02
1796,0.012895999999999998,0.98,1.02
1797,0.012912,1.0,1.02
1798,0.012927999999999999,1.02,1.04
1799,0.012943999999999997,1.02,1.06
1800,0.01296,1.04,1.06
1801,0.012975999999999998,1.04,1.08
1802,0.012992,1.06,1.1
1803,0.013007999999999999,1.06,1.12
1804,0.013023999999999997,1.08,1.12
1805,0.01304,1.1,1.1400000000000001
1806,0.013055999999999998,1.1,1.1400000000000001
1807,0.013072,1.1,1.1400000000000001
1808,0.013087999999999999,1.12,1.16
1809,0.013103999999999998,1.1400000000000001,1.18
1810,0.01312,1.1400000000000001,1.2
1811,0.013135999999999998,1.16,1.2
1812,0.013152,1.16,1.22
1813,0.013168,1.18,1.22
1814,0.013183999999999998,1.2,1.24
1815,0.0132,1.2,1.26
1816,0.013215999999999999,1.22,1.28
1817,0.013231999999999997,1.24,1.28
1818,0.013248,1.24,1.3
1819,0.013263999999999998,1.26,1.3
1820,0.01328,1.26,1.32
1821,0.013295999999999999,1.28,1.34
1822,0.013311999999999997,1.28,1.34
1823,0.013328,1.3,1.34
1824,0.013343999999999998,1.32,1.36
1825,0.01336,1.32,1.3800000000000001
1826,0.013375999999999999,1.34,1.4000000000000001
1827,0.013391999999999998,1.34,1.42
1828,0.013408,1.36,1.4000000000000001
1829,0.013423999999999998,1.36,1.42
1830,0.013439999999999997,1.3800000000000001,1.44
1831,0.013456,1.4000000000000001,1.46
1832,0.013471999999999998,1.4000000000000001,1.46
1833,0.013488,1.42,1.48
1834,0.013503999999999999,1.42,1.5
1835,0.013519999999999997,1.44,1.5
1836,0.013536,1.46,1.52
1837,0.013551999999999998,1.46,1.54
1838,0.013568,1.48,1.54
1839,0.013583999999999999,1.48,1.56
1840,0.013599999999999998,1.48,1.56
1841,0.013616,1.52,1.58
1842,0.013631999999999998,1.52,1.58
1843,0.013648,1.54,1.6
1844,0.013663999999999999,1.54,1.62
1845,0.013679999999999998,1.56,1.62
1846,0.013696,1.58,1.6400000000000001
1847,0.013711999999999998,1.58,1.6600000000000001
1848,0.013727999999999997,1.6,1.6600000000000001
1849,0.013744,1.6,1.6600000000000001
1850,0.013759999999999998,1.6,1.68
1851,0.013776,1.62,1.68
1852,0.013791999999999999,1.6400000000000001,1.7
1853,0.013807999999999997,1.6600000000000001,1.72
1854,0.013824,1.6600000000000001,1.72
1855,0.013839999999999998,1.68,1.74
1856,0.013856,1.7,1.76
1857,0.013871999999999999,1.7,1.76
1858,0.013887999999999998,1.72,1.76
1859,0.013904,1.72,1.8
1860,0.013919999999999998,1.72,1.8
1861,0.013936,1.74,1.82
1862,0.013951999999999999,1.76,1.84
1863,0.013967999999999998,1.76,1.84
1864,0.013984,1.78,1.86
1865,0.013999999999999999,1.8,1.86
1866,0.014015999999999997,1.8,1.86
1867,0.014032,1.82,1.9000000000000001
1868,0.014047999999999998,1.84,1.9000000000000001
1869,0.014064,1.84,1.92
1870,0.014079999999999999,1.86,1.94
1871,0.014095999999999997,1.86,1.94
1872,0.014112,1.8800000000000001,1.96
1873,0.014127999999999998,1.8800000000000001,1.98
1874,0.014144,1.9000000000000001,1.96
1875,0.014159999999999999,1.92,2.0
1876,0.014175999999999998,1.9000000000000001,2.0
1877,0.014192,1.94,2.0
1878,0.014207999999999998,1.94,2.04
1879,0.014223999999999997,1.96,2.04
1880,0.01424,1.98,2.06
1881,0.014255999999999998,1.98,2.06
1882,0.014272,2.0,2.08
1883,0.014287999999999999,2.0,2.08
1884,0.014303999999999997,2.02,2.1
1885,0.01432,2.04,2.12
1886,0.014335999999999998,2.04,2.14
1887,0.014352,2.06,2.14
1888,0.014367999999999999,2.06,2.16
1889,0.014383999999999997,2.08,2.18
1890,0.0144,2.08,2.18
1891,0.014415999999999998,2.08,2.18
1892,0.014432,2.12,2.2
1893,0.014447999999999999,2.12,2.22
1894,0.014463999999999998,2.14,2.22
1895,0.01448,2.14,2.24
1896,0.014495999999999998,2.16,2.2600000000000002
1897,0.014511999999999997,2.16,2.2600000000000002
1898,0.014528,2.2,2.2800000000000002
1899,0.014543999999999998,2.18,2.3000000000000003
1900,0.01456,2.2,2.3000000000000003
1901,0.014575999999999999,2.22,2.32
1902,0.014591999999999997,2.24,2.32
1903,0.014608,2.24,2.32
1904,0.014623999999999998,2.2600000000000002,2.36
1905,0.01464,2.2600000000000002,2.36
1906,0.014655999999999999,2.2800000000000002,2.38
1907,0.014671999999999998,2.3000000000000003,2.38
1908,0.014688,2.2800000000000002,2.4
1909,0.014703999999999998,2.32,2.42
1910,0.014719999999999997,2.3000000000000003,2.4
1911,0.014735999999999999,2.34,2.44
1912,0.014751999999999998,2.34,2.44
1913,0.014768,2.36,2.46
1914,0.014783999999999999,2.38,2.48
1915,0.014799999999999997,2.38,2.48
1916,0.014816,2.38,2.5
1917,0.014831999999999998,2.4,2.5
1918,0.014848,2.42,2.52
1919,0.014863999999999999,2.42,2.54
1920,0.014879999999999997,2.44,2.54
1921,0.014896,2.46,2.56
1922,0.014911999999999998,2.46,2.56
1923,0.014928,2.48,2.58
1924,0.014943999999999999,2.48,2.6
1925,0.014959999999999998,2.5,2.6
1926,0.014976,2.5,2.62
1927,0.014991999999999998,2.5,2.62
1928,0.015007999999999997,2.52,2.64
1929,0.015024,2.52,2.66
1930,0.015039999999999998,2.54,2.66
1931,0.015056,2.56,2.68
1932,0.015071999999999999,2.56,2.68
1933,0.015087999999999997,2.58,2.7
1934,0.015104,2.58,2.7
1935,0.015119999999999998,2.6,2.72
1936,0.015136,2.62,2.74
1937,0.015151999999999999,2.62,2.74
1938,0.015167999999999997,2.64,2.7600000000000002
1939,0.015184,2.64,2.7800000000000002
1940,0.015199999999999998,2.66,2.7800000000000002
1941,0.015216,2.68,2.8000000000000003
1942,0.015231999999999999,2.68,2.8000000000000003
1943,0.015247999999999998,2.68,2.82
1944,0.015264,2.7,2.84
1945,0.015279999999999998,2.72,2.84
1946,0.015295999999999997,2.74,2.86
1947,0.015312,2.74,2.86
1948,0.015327999999999998,2.7600000000000002,2.88
1949,0.015344,2.7600000000000002,2.9
1950,0.015359999999999999,2.7800000000000002,2.9
1951,0.015375999999999997,2.8000000000000003,2.92
1952,0.015392,2.82,2.94
1953,0.015407999999999998,2.82,2.94
1954,0.015424,2.82,2.94
1955,0.015439999999999995,2.84,2.96
1956,0.015455999999999998,2.84,2.98
1957,0.015472,2.86,3.0
1958,0.015488000000000002,2.88,3.0
1959,0.015503999999999997,2.88,3.02
1960,0.015519999999999999,2.9,3.02
1961,0.015536000000000001,2.92,3.04
1962,0.015551999999999996,2.92,3.06
1963,0.015567999999999999,2.94,3.08
1964,0.015584,2.94,3.08
1965,0.015599999999999996,2.96,3.08
1966,0.015615999999999998,2.98,3.1
1967,0.015632,2.98,3.12
1968,0.015647999999999995,3.0,3.14
1969,0.015663999999999997,3.0,3.14
1970,0.01568,3.02,3.16
1971,0.015696,3.02,3.18
1972,0.015711999999999997,3.04,3.2
1973,0.015728,3.06,3.2
1974,0.015744,3.06,3.2
1975,0.015759999999999996,3.08,3.22
1976,0.015776,3.08,3.22
1977,0.015792,3.1,3.24
1978,0.015807999999999996,3.12,3.2600000000000002
1979,0.015823999999999998,3.14,3.2600000000000002
1980,0.01584,3.14,3.2800000000000002
1981,0.015856000000000002,3.16,3.3000000000000003
1982,0.015871999999999997,3.16,3.3000000000000003
1983,0.015888,3.18,3.3200000000000003
1984,0.015904,3.18,3.34
1985,0.015919999999999997,3.2,3.34
1986,0.015936,3.22,3.34
1987,0.015952,3.22,3.36
1988,0.015967999999999996,3.24,3.38
1989,0.015983999999999998,3.24,3.4
1990,0.016,3.2800000000000002,3.4
1991,0.016015999999999996,3.2600000000000002,3.4
1992,0.016031999999999998,3.2800000000000002,3.42
1993,0.016048,3.3000000000000003,3.44
1994,0.016064000000000002,3.3000000000000003,3.46
1995,0.016079999999999997,3.3200000000000003,3.48
1996,0.016096,3.34,3.46
1997,0.016112,3.34,3.5
1998,0.016127999999999997,3.36,3.5
1999,0.016144,3.36,3.5
