,time,v1,v2
0,0.000154432,1.8,2.2800000000000002
1,0.00015444,1.8,2.3000000000000003
2,0.000154448,1.82,2.32
3,0.000154456,1.82,2.34
4,0.000154464,1.82,2.36
5,0.000154472,1.84,2.36
6,0.00015448,1.84,2.4
7,0.000154488,1.84,2.4
8,0.000154496,1.86,2.42
9,0.000154504,1.86,2.44
10,0.00015451200000000001,1.8800000000000001,2.46
11,0.00015452,1.8800000000000001,2.46
12,0.000154528,1.8800000000000001,2.5
13,0.000154536,1.9000000000000001,2.5
14,0.000154544,1.9000000000000001,2.54
15,0.000154552,1.92,2.54
16,0.00015456,1.92,2.56
17,0.000154568,1.92,2.58
18,0.000154576,1.92,2.6
19,0.000154584,1.94,2.62
20,0.000154592,1.96,2.62
21,0.0001546,1.96,2.64
22,0.000154608,1.98,2.66
23,0.000154616,1.98,2.68
24,0.000154624,1.98,2.7
25,0.000154632,2.02,2.7
26,0.00015464,2.02,2.72
27,0.00015464800000000001,2.02,2.74
28,0.000154656,2.02,2.7600000000000002
29,0.000154664,2.04,2.7600000000000002
30,0.000154672,2.06,2.7800000000000002
31,0.00015468,2.06,2.8000000000000003
32,0.000154688,2.08,2.82
33,0.000154696,2.08,2.84
34,0.000154704,2.1,2.86
35,0.000154712,2.1,2.86
36,0.00015472,2.12,2.9
37,0.000154728,2.12,2.9
38,0.000154736,2.14,2.92
39,0.000154744,2.14,2.94
40,0.000154752,2.16,2.96
41,0.00015476,2.18,2.98
42,0.000154768,2.18,2.98
43,0.000154776,2.2,3.02
44,0.00015478400000000001,2.2,3.02
45,0.000154792,2.22,3.04
46,0.0001548,2.22,3.06
47,0.000154808,2.24,3.08
48,0.000154816,2.24,3.1
49,0.000154824,2.2600000000000002,3.1
50,0.000154832,2.2800000000000002,3.14
51,0.00015484,2.2800000000000002,3.14
52,0.000154848,2.3000000000000003,3.16
53,0.000154856,2.3000000000000003,3.2
54,0.000154864,2.3000000000000003,3.2
55,0.000154872,2.34,3.22
56,0.00015488,2.34,3.24
57,0.000154888,2.34,3.2600000000000002
58,0.000154896,2.38,3.2800000000000002
59,0.000154904,2.38,3.3000000000000003
60,0.000154912,2.38,3.3200000000000003
61,0.00015492000000000001,2.4,3.3200000000000003
62,0.000154928,2.42,3.34
63,0.000154936,2.42,3.36
64,0.000154944,2.42,3.38
65,0.000154952,2.44,3.4
66,0.00015496,2.46,3.42
67,0.000154968,2.46,3.42
68,0.000154976,2.48,3.46
69,0.000154984,2.48,3.46
70,0.000154992,2.52,3.48
71,0.000155,2.52,3.5
72,0.000155008,2.54,3.52
73,0.000155016,2.54,3.52
74,0.000155024,2.54,3.54
75,0.000155032,2.58,3.58
76,0.00015504,2.58,3.58
77,0.000155048,2.6,3.6
78,0.00015505600000000001,2.6,3.6
79,0.000155064,2.62,3.64
80,0.000155072,2.64,3.66
81,0.00015508,2.64,3.66
82,0.000155088,2.66,3.68
83,0.000155096,2.68,3.7
84,0.000155104,2.68,3.72
85,0.000155112,2.7,3.74
86,0.00015512,2.72,3.74
87,0.000155128,2.74,3.7600000000000002
88,0.000155136,2.74,3.7800000000000002
89,0.000155144,2.74,3.8000000000000003
90,0.000155152,2.7800000000000002,3.84
91,0.00015516,2.7800000000000002,3.84
92,0.000155168,2.8000000000000003,3.84
93,0.000155176,2.8000000000000003,3.88
94,0.000155184,2.82,3.88
95,0.00015519200000000001,2.84,3.9
96,0.0001552,2.84,3.92
97,0.000155208,2.86,3.94
98,0.000155216,2.88,3.96
99,0.000155224,2.88,3.98
100,0.000155232,2.92,4.0
101,0.00015524,2.92,4.0
102,0.000155248,2.94,4.04
103,0.000155256,2.94,4.04
104,0.000155264,2.98,4.0600000000000005
105,0.000155272,2.96,4.08
106,0.00015528,3.0,4.1
107,0.000155288,3.0,4.12
108,0.000155296,3.0,4.12
109,0.000155304,3.04,4.14
110,0.000155312,3.04,4.16
111,0.00015532,3.06,4.18
112,0.00015532800000000001,3.08,4.2
113,0.000155336,3.08,4.2
114,0.000155344,3.1,4.22
115,0.000155352,3.12,4.24
116,0.00015536,3.14,4.26
117,0.000155368,3.16,4.28
118,0.000155376,3.16,4.32
119,0.000155384,3.18,4.32
120,0.000155392,3.18,4.34
121,0.0001554,3.22,4.36
122,0.000155408,3.22,4.38
123,0.000155416,3.24,4.38
124,0.000155424,3.24,4.4
125,0.000155432,3.2800000000000002,4.42
126,0.00015544,3.2800000000000002,4.44
127,0.000155448,3.3000000000000003,4.44
128,0.000155456,3.3000000000000003,4.48
129,0.00015546400000000001,3.3200000000000003,4.5
130,0.000155472,3.34,4.5
131,0.00015548,3.36,4.5200000000000005
132,0.000155488,3.38,4.54
133,0.000155496,3.38,4.5600000000000005
134,0.000155504,3.4,4.58
135,0.000155512,3.42,4.6000000000000005
136,0.00015552,3.44,4.62
137,0.000155528,3.44,4.62
138,0.000155536,3.46,4.64
139,0.000155544,3.48,4.66
140,0.000155552,3.48,4.68
141,0.00015556,3.5,4.68
142,0.000155568,3.52,4.72
143,0.000155576,3.52,4.72
144,0.000155584,3.54,4.76
145,0.000155592,3.56,4.76
146,0.00015560000000000001,3.56,4.78
147,0.000155608,3.58,4.8
148,0.000155616,3.6,4.82
149,0.000155624,3.62,4.84
150,0.000155632,3.62,4.84
151,0.00015564,3.64,4.86
152,0.000155648,3.66,4.88
153,0.000155656,3.68,4.9
154,0.000155664,3.7,4.92
155,0.000155672,3.6,4.76
156,0.00015568,3.6,1.24
157,0.000155688,3.52,-0.04
158,0.000155696,3.48,0.9400000000000001
159,0.000155704,3.42,-0.04
160,0.000155712,3.34,0.18
161,0.00015572,3.3200000000000003,0.36
162,0.000155728,3.24,-0.04
163,0.00015573600000000001,3.22,0.42
164,0.000155744,3.16,0.12
165,0.000155752,3.12,0.22
166,0.00015576,3.06,0.32
167,0.000155768,3.02,0.18
168,0.000155776,2.98,0.32
169,0.000155784,2.92,0.26
170,0.000155792,2.88,0.3
171,0.0001558,2.86,0.34
172,0.000155808,2.8000000000000003,0.32
173,0.000155816,2.7600000000000002,0.36
174,0.000155824,2.74,0.38
175,0.000155832,2.7,0.38
176,0.00015584,2.66,0.4
177,0.000155848,2.62,0.4
178,0.000155856,2.6,0.44
179,0.000155864,2.56,0.46
180,0.00015587200000000001,2.52,0.46
181,0.00015588,2.5,0.5
182,0.000155888,2.46,0.5
183,0.000155896,2.44,0.5
184,0.000155904,2.4,0.54
185,0.000155912,2.38,0.56
186,0.00015592,2.36,0.56
187,0.000155928,2.32,0.58
188,0.000155936,2.32,0.6
189,0.000155944,2.2800000000000002,0.62
190,0.000155952,2.2600000000000002,0.62
191,0.00015596,2.22,0.66
192,0.000155968,2.2,0.66
193,0.000155976,2.18,0.68
194,0.000155984,2.16,0.7000000000000001
195,0.000155992,2.14,0.7000000000000001
196,0.000156,2.12,0.74
197,0.00015600800000000001,2.08,0.74
198,0.000156016,2.08,0.76
199,0.000156024,2.06,0.78
200,0.000156032,2.04,0.8
201,0.00015604,2.02,0.8200000000000001
202,0.000156048,2.0,0.84
203,0.000156056,2.0,0.86
204,0.000156064,1.98,0.86
205,0.000156072,1.96,0.88
206,0.00015608,1.94,0.9
207,0.000156088,1.92,0.92
208,0.000156096,1.92,0.9400000000000001
209,0.000156104,1.8800000000000001,0.96
210,0.000156112,1.8800000000000001,0.98
211,0.00015612,1.86,0.98
212,0.000156128,1.84,1.0
213,0.000156136,1.84,1.02
214,0.00015614400000000001,1.84,1.04
215,0.000156152,1.82,1.04
216,0.00015616,1.82,1.06
217,0.000156168,1.8,1.08
218,0.000156176,1.78,1.1
219,0.000156184,1.76,1.12
220,0.000156192,1.78,1.1400000000000001
221,0.0001562,1.74,1.1400000000000001
222,0.000156208,1.74,1.16
223,0.000156216,1.74,1.16
224,0.000156224,1.74,1.2
225,0.000156232,1.72,1.22
226,0.00015624,1.72,1.22
227,0.000156248,1.72,1.24
228,0.000156256,1.7,1.26
229,0.000156264,1.7,1.28
230,0.000156272,1.7,1.3
231,0.00015628000000000001,1.68,1.3
232,0.000156288,1.7,1.34
233,0.000156296,1.68,1.34
234,0.000156304,1.68,1.3800000000000001
235,0.000156312,1.68,1.3800000000000001
236,0.00015632,1.6600000000000001,1.4000000000000001
237,0.000156328,1.6600000000000001,1.42
238,0.000156336,1.6400000000000001,1.42
239,0.000156344,1.6600000000000001,1.46
240,0.000156352,1.6600000000000001,1.46
241,0.00015636,1.6400000000000001,1.48
242,0.000156368,1.6600000000000001,1.48
243,0.000156376,1.6400000000000001,1.52
244,0.000156384,1.6400000000000001,1.52
245,0.000156392,1.6400000000000001,1.54
246,0.0001564,1.6400000000000001,1.56
247,0.000156408,1.6400000000000001,1.58
248,0.000156416,1.6400000000000001,1.6
249,0.000156424,1.6400000000000001,1.62
250,0.000156432,1.6400000000000001,1.62
251,0.00015644,1.6400000000000001,1.6600000000000001
252,0.000156448,1.6400000000000001,1.6600000000000001
253,0.000156456,1.62,1.68
254,0.000156464,1.6400000000000001,1.7
255,0.000156472,1.6400000000000001,1.7
256,0.00015648,1.6400000000000001,1.74
257,0.000156488,1.6400000000000001,1.76
258,0.000156496,1.6400000000000001,1.76
259,0.000156504,1.6400000000000001,1.78
260,0.000156512,1.6600000000000001,1.78
261,0.00015652,1.6600000000000001,1.8
262,0.000156528,1.6600000000000001,1.84
263,0.000156536,1.6600000000000001,1.84
264,0.000156544,1.6600000000000001,1.86
265,0.00015655200000000001,1.6600000000000001,1.8800000000000001
266,0.00015656,1.6600000000000001,1.9000000000000001
267,0.000156568,1.6600000000000001,1.92
268,0.000156576,1.6600000000000001,1.92
269,0.000156584,1.6600000000000001,1.94
270,0.000156592,1.68,1.96
271,0.0001566,1.68,1.98
272,0.000156608,1.7,2.0
273,0.000156616,1.68,2.02
274,0.000156624,1.7,2.02
275,0.000156632,1.7,2.04
276,0.00015664,1.72,2.08
277,0.000156648,1.72,2.08
278,0.000156656,1.7,2.12
279,0.000156664,1.72,2.12
280,0.000156672,1.74,2.14
281,0.00015668,1.74,2.16
282,0.000156688,1.74,2.18
283,0.000156696,1.76,2.18
284,0.000156704,1.76,2.2
285,0.000156712,1.76,2.22
286,0.00015672,1.78,2.24
287,0.000156728,1.78,2.2600000000000002
288,0.000156736,1.78,2.2600000000000002
289,0.000156744,1.8,2.3000000000000003
290,0.000156752,1.8,2.3000000000000003
291,0.00015676,1.8,2.32
292,0.000156768,1.8,2.34
293,0.000156776,1.82,2.36
294,0.000156784,1.82,2.38
295,0.000156792,1.84,2.38
296,0.0001568,1.84,2.4
297,0.000156808,1.86,2.42
298,0.000156816,1.86,2.44
299,0.00015682400000000002,1.86,2.46
300,0.000156832,1.8800000000000001,2.48
301,0.00015684,1.8800000000000001,2.5
302,0.000156848,1.9000000000000001,2.52
303,0.000156856,1.9000000000000001,2.54
304,0.000156864,1.9000000000000001,2.54
305,0.000156872,1.92,2.58
306,0.00015688,1.92,2.58
307,0.000156888,1.92,2.6
308,0.000156896,1.94,2.62
309,0.000156904,1.96,2.62
310,0.000156912,1.96,2.66
311,0.00015692,1.98,2.66
312,0.000156928,1.98,2.68
313,0.000156936,1.98,2.7
314,0.000156944,2.0,2.7
315,0.000156952,2.02,2.72
316,0.00015696,2.02,2.7600000000000002
317,0.000156968,2.02,2.7600000000000002
318,0.000156976,2.04,2.7800000000000002
319,0.000156984,2.06,2.7800000000000002
320,0.000156992,2.06,2.82
321,0.000157,2.06,2.82
322,0.000157008,2.08,2.84
323,0.000157016,2.1,2.88
324,0.000157024,2.1,2.88
325,0.000157032,2.12,2.9
326,0.00015704,2.12,2.92
327,0.000157048,2.12,2.92
328,0.000157056,2.14,2.94
329,0.000157064,2.14,2.98
330,0.000157072,2.18,2.98
331,0.00015708,2.18,3.0
332,0.000157088,2.18,3.02
333,0.00015709600000000002,2.2,3.04
334,0.000157104,2.22,3.04
335,0.000157112,2.22,3.08
336,0.00015712000000000001,2.24,3.08
337,0.000157128,2.24,3.1
338,0.000157136,2.24,3.12
339,0.000157144,2.2800000000000002,3.14
340,0.000157152,2.2800000000000002,3.16
341,0.00015716,2.3000000000000003,3.18
342,0.000157168,2.3000000000000003,3.18
343,0.000157176,2.32,3.22
344,0.000157184,2.32,3.22
345,0.000157192,2.34,3.24
346,0.0001572,2.36,3.2600000000000002
347,0.000157208,2.36,3.2800000000000002
348,0.000157216,2.36,3.3000000000000003
349,0.000157224,2.38,3.3000000000000003
350,0.000157232,2.4,3.34
351,0.00015724,2.42,3.34
352,0.000157248,2.42,3.38
353,0.00015725600000000001,2.42,3.38
354,0.000157264,2.46,3.4
355,0.000157272,2.46,3.42
356,0.00015728,2.48,3.44
357,0.000157288,2.48,3.46
358,0.000157296,2.48,3.46
359,0.000157304,2.52,3.48
360,0.000157312,2.52,3.5
361,0.00015732,2.54,3.52
362,0.000157328,2.54,3.54
363,0.000157336,2.54,3.54
364,0.000157344,2.58,3.58
365,0.000157352,2.58,3.58
366,0.00015736,2.6,3.6
367,0.00015736800000000002,2.62,3.62
368,0.000157376,2.62,3.64
369,0.000157384,2.62,3.66
370,0.00015739200000000001,2.66,3.66
371,0.0001574,2.66,3.7
372,0.000157408,2.68,3.7
373,0.000157416,2.68,3.72
374,0.000157424,2.7,3.74
375,0.000157432,2.72,3.7600000000000002
376,0.00015744,2.72,3.7800000000000002
377,0.000157448,2.74,3.8000000000000003
378,0.000157456,2.7600000000000002,3.8000000000000003
379,0.000157464,2.7600000000000002,3.8200000000000003
380,0.000157472,2.7800000000000002,3.84
381,0.00015748,2.8000000000000003,3.86
382,0.000157488,2.8000000000000003,3.88
383,0.000157496,2.82,3.9
384,0.000157504,2.84,3.92
385,0.000157512,2.84,3.94
386,0.00015752,2.88,3.94
387,0.00015752800000000001,2.88,3.96
388,0.000157536,2.9,3.98
389,0.000157544,2.92,4.0
390,0.000157552,2.92,4.0200000000000005
391,0.00015756,2.94,4.0200000000000005
392,0.000157568,2.96,4.0600000000000005
393,0.000157576,2.96,4.0600000000000005
394,0.000157584,2.98,4.1
395,0.000157592,3.0,4.1
396,0.0001576,3.0,4.12
397,0.000157608,3.02,4.12
398,0.000157616,3.04,4.14
399,0.000157624,3.04,4.16
400,0.000157632,3.06,4.18
401,0.00015764,3.08,4.2
402,0.000157648,3.1,4.22
403,0.000157656,3.1,4.24
404,0.00015766400000000001,3.12,4.26
405,0.000157672,3.14,4.28
406,0.00015768,3.14,4.3
407,0.000157688,3.16,4.3
408,0.000157696,3.18,4.32
409,0.000157704,3.2,4.34
410,0.000157712,3.22,4.36
411,0.00015772,3.22,4.38
412,0.000157728,3.24,4.38
413,0.000157736,3.2600000000000002,4.42
414,0.000157744,3.2600000000000002,4.42
415,0.000157752,3.2800000000000002,4.44
416,0.00015776,3.3000000000000003,4.46
417,0.000157768,3.3200000000000003,4.48
418,0.000157776,3.3200000000000003,4.5
419,0.000157784,3.34,4.5200000000000005
420,0.000157792,3.36,4.54
421,0.00015780000000000001,3.36,4.5600000000000005
422,0.000157808,3.4,4.58
423,0.000157816,3.4,4.58
424,0.000157824,3.42,4.6000000000000005
425,0.000157832,3.44,4.62
426,0.00015784,3.44,4.64
427,0.000157848,3.46,4.66
428,0.000157856,3.48,4.66
429,0.000157864,3.48,4.68
430,0.000157872,3.5,4.7
431,0.00015788,3.52,4.72
432,0.000157888,3.52,4.74
433,0.000157896,3.56,4.76
434,0.000157904,3.56,4.78
435,0.000157912,3.58,4.78
436,0.00015792,3.58,4.8
437,0.000157928,3.6,4.84
438,0.00015793600000000001,3.62,4.84
439,0.000157944,3.64,4.86
440,0.000157952,3.64,4.86
441,0.00015796,3.66,4.88
442,0.000157968,3.68,4.9
443,0.000157976,3.7,4.92
444,0.000157984,3.62,4.74
445,0.000157992,3.6,1.22
446,0.000158,3.5,-0.04
447,0.000158008,3.48,0.92
448,0.000158016,3.42,-0.04
449,0.000158024,3.36,0.2
450,0.000158032,3.3200000000000003,0.36
451,0.00015804,3.24,-0.04
452,0.000158048,3.22,0.42
453,0.000158056,3.16,0.12
454,0.000158064,3.12,0.22
455,0.00015807200000000001,3.06,0.32
456,0.00015808,3.02,0.18
457,0.000158088,2.98,0.34
458,0.000158096,2.94,0.28
459,0.000158104,2.9,0.3
460,0.000158112,2.86,0.36
461,0.00015812,2.8000000000000003,0.32
462,0.000158128,2.7800000000000002,0.38
463,0.000158136,2.74,0.36
464,0.000158144,2.7,0.38
465,0.000158152,2.66,0.42
466,0.00015816,2.62,0.42
467,0.000158168,2.6,0.44
468,0.000158176,2.56,0.46
469,0.000158184,2.52,0.48
470,0.000158192,2.5,0.48
471,0.0001582,2.48,0.5
472,0.00015820800000000001,2.44,0.52
473,0.000158216,2.42,0.54
474,0.000158224,2.38,0.54
475,0.000158232,2.36,0.58
476,0.00015824,2.32,0.6
477,0.000158248,2.3000000000000003,0.6
478,0.000158256,2.2800000000000002,0.62
479,0.000158264,2.2600000000000002,0.62
480,0.000158272,2.24,0.64
481,0.00015828,2.22,0.66
482,0.000158288,2.18,0.68
483,0.000158296,2.16,0.7000000000000001
484,0.000158304,2.14,0.7000000000000001
485,0.000158312,2.12,0.74
486,0.00015832,2.1,0.74
487,0.000158328,2.08,0.78
488,0.000158336,2.06,0.8
489,0.00015834400000000001,2.04,0.8
490,0.000158352,2.02,0.8200000000000001
491,0.00015836,2.0,0.84
492,0.000158368,2.0,0.84
493,0.000158376,1.98,0.86
494,0.000158384,1.94,0.88
495,0.000158392,1.94,0.9
496,0.0001584,1.92,0.92
497,0.000158408,1.92,0.9400000000000001
498,0.000158416,1.9000000000000001,0.96
499,0.000158424,1.8800000000000001,0.96
500,0.000158432,1.8800000000000001,0.98
501,0.00015844,1.86,1.0
502,0.000158448,1.86,1.02
503,0.000158456,1.84,1.04
504,0.000158464,1.82,1.04
505,0.000158472,1.82,1.06
506,0.00015848000000000001,1.8,1.08
507,0.000158488,1.8,1.1
508,0.000158496,1.78,1.12
509,0.000158504,1.78,1.12
510,0.000158512,1.76,1.1400000000000001
511,0.00015852,1.74,1.16
512,0.000158528,1.74,1.18
513,0.000158536,1.74,1.2
514,0.000158544,1.72,1.22
515,0.000158552,1.72,1.24
516,0.00015856,1.72,1.24
517,0.000158568,1.7,1.28
518,0.000158576,1.7,1.28
519,0.000158584,1.7,1.32
520,0.000158592,1.7,1.32
521,0.0001586,1.7,1.34
522,0.000158608,1.68,1.36
523,0.00015861600000000001,1.68,1.36
524,0.000158624,1.68,1.4000000000000001
525,0.000158632,1.68,1.4000000000000001
526,0.00015864,1.6600000000000001,1.42
527,0.000158648,1.6600000000000001,1.44
528,0.000158656,1.6600000000000001,1.46
529,0.000158664,1.6600000000000001,1.48
530,0.000158672,1.6600000000000001,1.48
531,0.00015868,1.6600000000000001,1.5
532,0.000158688,1.6600000000000001,1.5
533,0.000158696,1.6600000000000001,1.54
534,0.000158704,1.6600000000000001,1.56
535,0.000158712,1.6600000000000001,1.58
536,0.00015872,1.6400000000000001,1.6
537,0.000158728,1.6400000000000001,1.6
538,0.000158736,1.6400000000000001,1.62
539,0.000158744,1.6400000000000001,1.62
540,0.00015875200000000001,1.6400000000000001,1.6600000000000001
541,0.00015876,1.6400000000000001,1.6600000000000001
542,0.000158768,1.6400000000000001,1.68
543,0.000158776,1.6600000000000001,1.7
544,0.000158784,1.6400000000000001,1.72
545,0.000158792,1.6400000000000001,1.74
546,0.0001588,1.6600000000000001,1.76
547,0.000158808,1.6600000000000001,1.78
548,0.000158816,1.6600000000000001,1.78
549,0.000158824,1.6600000000000001,1.8
550,0.000158832,1.6400000000000001,1.82
551,0.00015884,1.6600000000000001,1.84
552,0.000158848,1.6600000000000001,1.86
553,0.000158856,1.6600000000000001,1.86
554,0.000158864,1.6600000000000001,1.8800000000000001
555,0.000158872,1.68,1.9000000000000001
556,0.00015888,1.68,1.92
557,0.00015888800000000001,1.6600000000000001,1.94
558,0.000158896,1.68,1.94
559,0.000158904,1.68,1.96
560,0.000158912,1.7,2.0
561,0.00015892,1.7,2.0
562,0.000158928,1.7,2.02
563,0.000158936,1.72,2.04
564,0.000158944,1.72,2.04
565,0.000158952,1.72,2.08
566,0.00015896,1.7,2.08
567,0.000158968,1.72,2.12
568,0.000158976,1.74,2.12
569,0.000158984,1.72,2.14
570,0.000158992,1.74,2.16
571,0.000159,1.74,2.18
572,0.000159008,1.76,2.2
573,0.000159016,1.76,2.22
574,0.00015902400000000001,1.76,2.22
575,0.000159032,1.78,2.2600000000000002
576,0.00015904,1.78,2.2600000000000002
577,0.000159048,1.78,2.2800000000000002
578,0.000159056,1.78,2.3000000000000003
579,0.000159064,1.8,2.32
580,0.000159072,1.8,2.34
581,0.00015908,1.82,2.34
582,0.000159088,1.82,2.38
583,0.000159096,1.84,2.38
584,0.000159104,1.84,2.4
585,0.000159112,1.84,2.42
586,0.00015912,1.84,2.44
587,0.000159128,1.86,2.44
588,0.000159136,1.86,2.48
589,0.000159144,1.8800000000000001,2.48
590,0.000159152,1.8800000000000001,2.5
591,0.00015916000000000001,1.9000000000000001,2.52
592,0.000159168,1.9000000000000001,2.54
593,0.000159176,1.92,2.56
594,0.000159184,1.92,2.56
595,0.000159192,1.94,2.58
596,0.0001592,1.94,2.6
597,0.000159208,1.96,2.62
598,0.000159216,1.96,2.64
599,0.000159224,1.98,2.64
600,0.000159232,1.98,2.68
601,0.00015924,1.98,2.7
602,0.000159248,2.0,2.7
603,0.000159256,2.0,2.72
604,0.000159264,2.02,2.74
605,0.000159272,2.02,2.74
606,0.00015928,2.04,2.7800000000000002
607,0.000159288,2.06,2.7800000000000002
608,0.00015929600000000001,2.06,2.8000000000000003
609,0.000159304,2.06,2.82
610,0.000159312,2.06,2.84
611,0.00015932,2.08,2.86
612,0.000159328,2.1,2.86
613,0.000159336,2.1,2.88
614,0.000159344,2.12,2.9
615,0.000159352,2.12,2.92
616,0.00015936,2.14,2.94
617,0.000159368,2.14,2.96
618,0.000159376,2.16,2.98
619,0.000159384,2.18,2.98
620,0.000159392,2.16,3.0
621,0.0001594,2.2,3.02
622,0.000159408,2.2,3.04
623,0.000159416,2.22,3.06
624,0.000159424,2.24,3.08
625,0.00015943200000000001,2.24,3.1
626,0.00015944,2.2600000000000002,3.1
627,0.000159448,2.2600000000000002,3.12
628,0.000159456,2.2800000000000002,3.14
629,0.000159464,2.2800000000000002,3.16
630,0.000159472,2.3000000000000003,3.16
631,0.00015948,2.3000000000000003,3.2
632,0.000159488,2.32,3.2
633,0.000159496,2.32,3.22
634,0.000159504,2.34,3.24
635,0.000159512,2.36,3.2800000000000002
636,0.00015952,2.36,3.2800000000000002
637,0.000159528,2.38,3.3000000000000003
638,0.000159536,2.38,3.3200000000000003
639,0.000159544,2.4,3.34
640,0.000159552,2.42,3.36
641,0.00015956,2.42,3.36
642,0.00015956800000000001,2.44,3.38
643,0.000159576,2.44,3.4
644,0.000159584,2.46,3.42
645,0.000159592,2.48,3.44
646,0.0001596,2.48,3.46
647,0.000159608,2.48,3.46
648,0.000159616,2.52,3.5
649,0.000159624,2.52,3.5
650,0.000159632,2.54,3.54
651,0.00015964,2.56,3.54
652,0.000159648,2.56,3.56
653,0.000159656,2.58,3.58
654,0.000159664,2.58,3.58
655,0.000159672,2.6,3.6
656,0.00015968,2.62,3.62
657,0.000159688,2.64,3.64
658,0.000159696,2.64,3.66
659,0.00015970400000000001,2.64,3.66
660,0.000159712,2.66,3.7
661,0.00015972,2.68,3.72
662,0.000159728,2.68,3.74
663,0.000159736,2.7,3.74
664,0.000159744,2.7,3.7800000000000002
665,0.000159752,2.72,3.7800000000000002
666,0.00015976,2.7600000000000002,3.8000000000000003
667,0.000159768,2.7600000000000002,3.8200000000000003
668,0.000159776,2.7600000000000002,3.84
669,0.000159784,2.7800000000000002,3.84
670,0.000159792,2.8000000000000003,3.86
671,0.0001598,2.8000000000000003,3.88
672,0.000159808,2.84,3.9
673,0.000159816,2.84,3.92
674,0.000159824,2.86,3.94
675,0.000159832,2.86,3.94
676,0.00015984000000000001,2.88,3.96
677,0.000159848,2.9,3.98
678,0.000159856,2.92,4.0
679,0.000159864,2.92,4.0200000000000005
680,0.000159872,2.94,4.04
681,0.00015988,2.94,4.0600000000000005
682,0.000159888,2.98,4.0600000000000005
683,0.000159896,2.98,4.08
684,0.000159904,3.0,4.1
685,0.000159912,3.0,4.12
686,0.00015992,3.02,4.14
687,0.000159928,3.04,4.16
688,0.000159936,3.06,4.18
689,0.000159944,3.06,4.2
690,0.000159952,3.08,4.2
691,0.00015996,3.08,4.24
692,0.000159968,3.1,4.24
693,0.00015997600000000001,3.14,4.26
694,0.000159984,3.14,4.28
695,0.000159992,3.16,4.3
696,0.00016,3.16,4.3
697,0.000160008,3.18,4.32
698,0.000160016,3.2,4.34
699,0.000160024,3.22,4.36
700,0.000160032,3.22,4.38
701,0.00016004,3.2600000000000002,4.4
702,0.000160048,3.2600000000000002,4.42
703,0.000160056,3.2600000000000002,4.44
704,0.000160064,3.2800000000000002,4.46
705,0.000160072,3.3200000000000003,4.46
706,0.00016008,3.3200000000000003,4.48
707,0.000160088,3.3200000000000003,4.5
708,0.000160096,3.34,4.5200000000000005
709,0.000160104,3.36,4.5200000000000005
710,0.00016011200000000001,3.38,4.5600000000000005
711,0.00016012,3.38,4.58
712,0.000160128,3.4,4.58
713,0.000160136,3.42,4.6000000000000005
714,0.000160144,3.44,4.62
715,0.000160152,3.44,4.64
716,0.00016016,3.46,4.66
717,0.000160168,3.48,4.66
718,0.000160176,3.48,4.7
719,0.000160184,3.5,4.68
720,0.000160192,3.52,4.72
721,0.0001602,3.52,4.74
722,0.000160208,3.54,4.76
723,0.000160216,3.56,4.76
724,0.000160224,3.58,4.8
725,0.000160232,3.6,4.82
726,0.00016024,3.6,4.82
727,0.00016024800000000001,3.62,4.84
728,0.000160256,3.64,4.86
729,0.000160264,3.66,4.88
730,0.000160272,3.68,4.88
731,0.00016028,3.68,4.9
732,0.000160288,3.7,4.74
733,0.000160296,3.62,1.22
734,0.000160304,3.62,-0.04
735,0.000160312,3.5,0.92
736,0.00016032,3.48,-0.04
737,0.000160328,3.42,0.2
738,0.000160336,3.36,0.34
739,0.000160344,3.3200000000000003,-0.04
740,0.000160352,3.2600000000000002,0.4
741,0.00016036,3.22,0.12
742,0.000160368,3.16,0.2
743,0.000160376,3.12,0.32
744,0.00016038400000000001,3.08,0.18
745,0.000160392,3.02,0.32
746,0.0001604,2.98,0.26
747,0.000160408,2.94,0.28
748,0.000160416,2.9,0.34
749,0.000160424,2.86,0.3
750,0.000160432,2.82,0.36
751,0.00016044,2.7800000000000002,0.36
752,0.000160448,2.74,0.36
753,0.000160456,2.7,0.4
754,0.000160464,2.66,0.4
755,0.000160472,2.64,0.42
756,0.00016048,2.6,0.44
757,0.000160488,2.56,0.44
758,0.000160496,2.54,0.48
759,0.000160504,2.5,0.48
760,0.000160512,2.48,0.5
761,0.00016052,2.44,0.52
762,0.000160528,2.42,0.54
763,0.000160536,2.38,0.56
764,0.000160544,2.36,0.58
765,0.000160552,2.34,0.58
766,0.00016056,2.32,0.6
767,0.000160568,2.2800000000000002,0.62
768,0.000160576,2.2600000000000002,0.64
769,0.000160584,2.24,0.64
770,0.000160592,2.22,0.66
771,0.0001606,2.18,0.68
772,0.000160608,2.16,0.68
773,0.000160616,2.14,0.72
774,0.000160624,2.14,0.74
775,0.000160632,2.1,0.74
776,0.00016064,2.08,0.76
777,0.000160648,2.08,0.78
778,0.00016065600000000001,2.06,0.8
779,0.000160664,2.04,0.8200000000000001
780,0.000160672,2.0,0.84
781,0.00016068,2.0,0.86
782,0.000160688,1.98,0.86
783,0.000160696,1.96,0.88
784,0.000160704,1.94,0.9
785,0.000160712,1.94,0.92
786,0.00016072,1.92,0.9400000000000001
787,0.000160728,1.9000000000000001,0.96
788,0.000160736,1.9000000000000001,0.96
789,0.000160744,1.8800000000000001,0.98
790,0.000160752,1.86,1.0
791,0.00016076,1.84,1.02
792,0.000160768,1.84,1.04
793,0.000160776,1.84,1.06
794,0.000160784,1.82,1.08
795,0.000160792,1.82,1.08
796,0.0001608,1.8,1.1
797,0.000160808,1.78,1.12
798,0.000160816,1.78,1.12
799,0.000160824,1.78,1.16
800,0.000160832,1.76,1.16
801,0.00016084,1.76,1.18
802,0.000160848,1.74,1.2
803,0.000160856,1.72,1.22
804,0.000160864,1.72,1.24
805,0.000160872,1.72,1.26
806,0.00016088,1.72,1.28
807,0.000160888,1.7,1.28
808,0.000160896,1.7,1.32
809,0.000160904,1.7,1.32
810,0.000160912,1.68,1.34
811,0.00016092,1.68,1.36
812,0.00016092800000000002,1.68,1.3800000000000001
813,0.000160936,1.68,1.3800000000000001
814,0.000160944,1.68,1.4000000000000001
815,0.000160952,1.6600000000000001,1.42
816,0.00016096,1.6600000000000001,1.44
817,0.000160968,1.6600000000000001,1.46
818,0.000160976,1.6600000000000001,1.48
819,0.000160984,1.6600000000000001,1.48
820,0.000160992,1.6600000000000001,1.52
821,0.000161,1.6600000000000001,1.52
822,0.000161008,1.6600000000000001,1.52
823,0.000161016,1.6600000000000001,1.56
824,0.000161024,1.6600000000000001,1.58
825,0.000161032,1.6400000000000001,1.58
826,0.00016104,1.6600000000000001,1.6
827,0.000161048,1.6400000000000001,1.62
828,0.000161056,1.6400000000000001,1.6400000000000001
829,0.000161064,1.6400000000000001,1.6600000000000001
830,0.000161072,1.6400000000000001,1.68
831,0.00016108,1.6600000000000001,1.68
832,0.000161088,1.6400000000000001,1.7
833,0.000161096,1.6600000000000001,1.72
834,0.000161104,1.6400000000000001,1.74
835,0.000161112,1.6600000000000001,1.76
836,0.00016112,1.6600000000000001,1.76
837,0.000161128,1.6600000000000001,1.78
838,0.000161136,1.6600000000000001,1.8
839,0.000161144,1.6600000000000001,1.82
840,0.000161152,1.6600000000000001,1.82
841,0.00016116,1.6600000000000001,1.86
842,0.000161168,1.6600000000000001,1.8800000000000001
843,0.000161176,1.6600000000000001,1.9000000000000001
844,0.000161184,1.68,1.9000000000000001
845,0.000161192,1.6600000000000001,1.92
846,0.00016120000000000002,1.68,1.94
847,0.000161208,1.68,1.96
848,0.000161216,1.7,1.96
849,0.00016122400000000001,1.7,2.0
850,0.000161232,1.7,2.0
851,0.00016124,1.7,2.02
852,0.000161248,1.7,2.04
853,0.000161256,1.72,2.06
854,0.000161264,1.72,2.08
855,0.000161272,1.72,2.1
856,0.00016128,1.74,2.12
857,0.000161288,1.74,2.12
858,0.000161296,1.74,2.16
859,0.000161304,1.74,2.16
860,0.000161312,1.76,2.18
861,0.00016132,1.76,2.2
862,0.000161328,1.76,2.22
863,0.000161336,1.76,2.24
864,0.000161344,1.78,2.2600000000000002
865,0.000161352,1.78,2.2600000000000002
866,0.00016136000000000001,1.8,2.2800000000000002
867,0.000161368,1.8,2.3000000000000003
868,0.000161376,1.8,2.32
869,0.000161384,1.8,2.34
870,0.000161392,1.82,2.34
871,0.0001614,1.82,2.36
872,0.000161408,1.84,2.38
873,0.000161416,1.84,2.4
874,0.000161424,1.86,2.42
875,0.000161432,1.86,2.44
876,0.00016144,1.86,2.46
877,0.000161448,1.8800000000000001,2.48
878,0.000161456,1.8800000000000001,2.48
879,0.000161464,1.8800000000000001,2.5
880,0.00016147200000000002,1.9000000000000001,2.52
881,0.00016148,1.92,2.54
882,0.000161488,1.92,2.56
883,0.00016149600000000001,1.92,2.56
884,0.000161504,1.94,2.6
885,0.000161512,1.94,2.62
886,0.00016152,1.96,2.62
887,0.000161528,1.96,2.64
888,0.000161536,1.98,2.64
889,0.000161544,1.98,2.68
890,0.000161552,2.0,2.68
891,0.00016156,1.98,2.7
892,0.000161568,2.02,2.72
893,0.000161576,2.02,2.74
894,0.000161584,2.02,2.74
895,0.000161592,2.04,2.7600000000000002
896,0.0001616,2.04,2.8000000000000003
897,0.000161608,2.06,2.8000000000000003
898,0.000161616,2.06,2.82
899,0.000161624,2.08,2.84
900,0.00016163200000000001,2.1,2.86
901,0.00016164,2.08,2.88
902,0.000161648,2.12,2.88
903,0.000161656,2.12,2.9
904,0.000161664,2.12,2.92
905,0.000161672,2.14,2.94
906,0.00016168,2.16,2.96
907,0.000161688,2.16,2.98
908,0.000161696,2.18,3.0
909,0.000161704,2.18,3.0
910,0.000161712,2.18,3.02
911,0.00016172,2.22,3.02
912,0.000161728,2.22,3.06
913,0.000161736,2.24,3.08
914,0.00016174400000000002,2.24,3.1
915,0.000161752,2.24,3.1
916,0.00016176,2.2600000000000002,3.12
917,0.00016176800000000001,2.2600000000000002,3.14
918,0.000161776,2.3000000000000003,3.16
919,0.000161784,2.3000000000000003,3.18
920,0.000161792,2.32,3.2
921,0.0001618,2.32,3.22
922,0.000161808,2.34,3.24
923,0.000161816,2.34,3.24
924,0.000161824,2.36,3.2600000000000002
925,0.000161832,2.36,3.2800000000000002
926,0.00016184,2.38,3.3000000000000003
927,0.000161848,2.4,3.3200000000000003
928,0.000161856,2.42,3.34
929,0.000161864,2.42,3.36
930,0.000161872,2.44,3.36
931,0.00016188,2.46,3.38
932,0.000161888,2.46,3.42
933,0.000161896,2.48,3.42
934,0.00016190400000000001,2.48,3.44
935,0.000161912,2.5,3.46
936,0.00016192,2.5,3.48
937,0.000161928,2.52,3.48
938,0.000161936,2.52,3.5
939,0.000161944,2.54,3.52
940,0.000161952,2.54,3.54
941,0.00016196,2.58,3.54
942,0.000161968,2.58,3.56
943,0.000161976,2.6,3.58
944,0.000161984,2.6,3.62
945,0.000161992,2.62,3.62
946,0.000162,2.62,3.64
947,0.000162008,2.64,3.66
948,0.00016201600000000002,2.66,3.68
949,0.000162024,2.66,3.7
950,0.000162032,2.68,3.7
951,0.00016204000000000001,2.7,3.72
952,0.000162048,2.7,3.74
953,0.000162056,2.74,3.7600000000000002
954,0.000162064,2.74,3.7800000000000002
955,0.000162072,2.74,3.8000000000000003
956,0.00016208,2.7600000000000002,3.8200000000000003
957,0.000162088,2.7800000000000002,3.84
958,0.000162096,2.8000000000000003,3.86
959,0.000162104,2.8000000000000003,3.86
960,0.000162112,2.82,3.88
961,0.00016212,2.82,3.9
962,0.000162128,2.86,3.92
963,0.000162136,2.86,3.94
964,0.000162144,2.88,3.94
965,0.000162152,2.9,3.96
966,0.00016216,2.9,3.98
967,0.000162168,2.92,4.0
968,0.00016217600000000001,2.94,4.0200000000000005
969,0.000162184,2.94,4.04
970,0.000162192,2.96,4.04
971,0.0001622,2.96,4.08
972,0.000162208,2.98,4.08
973,0.000162216,3.0,4.12
974,0.000162224,3.02,4.14
975,0.000162232,3.02,4.14
976,0.00016224,3.04,4.16
977,0.000162248,3.06,4.18
978,0.000162256,3.06,4.2
979,0.000162264,3.08,4.22
980,0.000162272,3.1,4.24
981,0.00016228,3.12,4.24
982,0.00016228800000000002,3.14,4.26
983,0.000162296,3.14,4.28
984,0.000162304,3.16,4.3
985,0.00016231200000000001,3.16,4.32
986,0.00016232,3.2,4.32
987,0.000162328,3.2,4.34
988,0.000162336,3.24,4.36
989,0.000162344,3.24,4.38
990,0.000162352,3.24,4.4
991,0.00016236,3.2600000000000002,4.42
992,0.000162368,3.2600000000000002,4.42
993,0.000162376,3.3000000000000003,4.46
994,0.000162384,3.3200000000000003,4.46
995,0.000162392,3.34,4.48
996,0.0001624,3.34,4.5
997,0.000162408,3.36,4.5200000000000005
998,0.000162416,3.36,4.5200000000000005
999,0.000162424,3.36,4.54
1000,0.000162432,3.4,4.5600000000000005
1001,0.00016244,3.4,4.6000000000000005
1002,0.00016244800000000001,3.42,4.6000000000000005
1003,0.000162456,3.44,4.62
1004,0.000162464,3.44,4.64
1005,0.000162472,3.48,4.66
1006,0.00016248,3.48,4.68
1007,0.000162488,3.5,4.68
1008,0.000162496,3.5,4.7
1009,0.000162504,3.52,4.72
1010,0.000162512,3.54,4.74
1011,0.00016252,3.56,4.76
1012,0.000162528,3.56,4.78
1013,0.000162536,3.58,4.8
1014,0.000162544,3.6,4.8
1015,0.000162552,3.62,4.82
1016,0.00016256000000000002,3.64,4.84
1017,0.000162568,3.64,4.86
1018,0.000162576,3.68,4.88
1019,0.00016258400000000001,3.68,4.9
1020,0.000162592,3.7,4.9
1021,0.0001626,3.72,4.76
1022,0.000162608,3.62,1.24
1023,0.000162616,3.62,-0.04
1024,0.000162624,3.5,0.92
1025,0.000162632,3.5,-0.04
1026,0.00016264,3.42,0.18
1027,0.000162648,3.36,0.36
1028,0.000162656,3.34,-0.04
1029,0.000162664,3.2600000000000002,0.4
1030,0.000162672,3.22,0.1
1031,0.00016268,3.16,0.2
1032,0.000162688,3.12,0.32
1033,0.000162696,3.08,0.18
1034,0.000162704,3.04,0.32
1035,0.000162712,2.98,0.28
1036,0.00016272000000000001,2.94,0.3
1037,0.000162728,2.9,0.34
1038,0.000162736,2.86,0.3
1039,0.000162744,2.82,0.36
1040,0.000162752,2.7800000000000002,0.36
1041,0.00016276,2.74,0.38
1042,0.000162768,2.7,0.4
1043,0.000162776,2.68,0.4
1044,0.000162784,2.64,0.42
1045,0.000162792,2.6,0.46
1046,0.0001628,2.58,0.46
1047,0.000162808,2.54,0.48
1048,0.000162816,2.5,0.48
1049,0.000162824,2.48,0.52
1050,0.00016283200000000002,2.46,0.54
1051,0.00016284,2.42,0.54
1052,0.000162848,2.4,0.56
1053,0.00016285600000000001,2.36,0.58
1054,0.000162864,2.34,0.6
1055,0.000162872,2.32,0.62
1056,0.00016288,2.3000000000000003,0.62
1057,0.000162888,2.2600000000000002,0.64
1058,0.000162896,2.24,0.66
1059,0.000162904,2.22,0.68
1060,0.000162912,2.2,0.68
1061,0.00016292,2.18,0.7000000000000001
1062,0.000162928,2.16,0.72
1063,0.000162936,2.12,0.74
1064,0.000162944,2.1,0.74
1065,0.000162952,2.1,0.78
1066,0.00016296,2.08,0.8
1067,0.000162968,2.04,0.8
1068,0.000162976,2.04,0.8200000000000001
1069,0.000162984,2.02,0.84
1070,0.00016299200000000001,2.0,0.86
1071,0.000163,1.98,0.88
1072,0.000163008,1.96,0.9
1073,0.000163016,1.96,0.92
1074,0.000163024,1.94,0.92
1075,0.000163032,1.94,0.9400000000000001
1076,0.00016304,1.92,0.96
1077,0.000163048,1.8800000000000001,0.96
1078,0.000163056,1.8800000000000001,1.0
1079,0.000163064,1.8800000000000001,1.0
1080,0.000163072,1.84,1.02
1081,0.00016308,1.84,1.04
1082,0.000163088,1.84,1.06
1083,0.000163096,1.82,1.06
1084,0.00016310400000000002,1.82,1.08
1085,0.000163112,1.8,1.12
1086,0.00016312,1.78,1.12
1087,0.00016312800000000001,1.78,1.1400000000000001
1088,0.000163136,1.76,1.16
1089,0.000163144,1.76,1.18
1090,0.000163152,1.76,1.18
1091,0.00016316,1.76,1.2
1092,0.000163168,1.72,1.22
1093,0.000163176,1.74,1.24
1094,0.000163184,1.72,1.26
1095,0.000163192,1.72,1.28
1096,0.0001632,1.72,1.3
1097,0.000163208,1.7,1.3
1098,0.000163216,1.7,1.32
1099,0.000163224,1.7,1.34
1100,0.000163232,1.68,1.36
1101,0.00016324,1.68,1.3800000000000001
1102,0.000163248,1.68,1.4000000000000001
1103,0.000163256,1.68,1.42
1104,0.00016326400000000001,1.68,1.44
1105,0.000163272,1.6600000000000001,1.44
1106,0.00016328,1.6600000000000001,1.46
1107,0.000163288,1.6600000000000001,1.48
1108,0.000163296,1.6600000000000001,1.5
1109,0.000163304,1.6600000000000001,1.5
1110,0.000163312,1.6600000000000001,1.52
1111,0.00016332,1.6400000000000001,1.54
1112,0.000163328,1.6600000000000001,1.56
1113,0.000163336,1.6600000000000001,1.56
1114,0.000163344,1.6600000000000001,1.6
1115,0.000163352,1.6400000000000001,1.62
1116,0.00016336,1.6600000000000001,1.62
1117,0.000163368,1.6600000000000001,1.6400000000000001
1118,0.00016337600000000002,1.6600000000000001,1.6600000000000001
1119,0.000163384,1.6600000000000001,1.6600000000000001
1120,0.000163392,1.6600000000000001,1.68
1121,0.00016340000000000001,1.6400000000000001,1.7
1122,0.000163408,1.6600000000000001,1.72
1123,0.000163416,1.6600000000000001,1.74
1124,0.000163424,1.6600000000000001,1.74
1125,0.000163432,1.6600000000000001,1.78
1126,0.00016344,1.6600000000000001,1.8
1127,0.000163448,1.6600000000000001,1.82
1128,0.000163456,1.6600000000000001,1.82
1129,0.000163464,1.6600000000000001,1.84
1130,0.000163472,1.6600000000000001,1.86
1131,0.00016348,1.68,1.8800000000000001
1132,0.000163488,1.68,1.8800000000000001
1133,0.000163496,1.68,1.92
1134,0.000163504,1.68,1.92
1135,0.000163512,1.68,1.94
1136,0.00016352,1.7,1.96
1137,0.000163528,1.7,1.98
1138,0.00016353600000000001,1.68,2.0
1139,0.000163544,1.7,2.0
1140,0.000163552,1.72,2.04
1141,0.00016356,1.72,2.04
1142,0.000163568,1.72,2.06
1143,0.000163576,1.72,2.08
1144,0.000163584,1.74,2.08
1145,0.000163592,1.74,2.12
1146,0.0001636,1.74,2.14
1147,0.000163608,1.76,2.14
1148,0.000163616,1.74,2.18
1149,0.000163624,1.76,2.18
1150,0.000163632,1.76,2.2
1151,0.00016364,1.78,2.22
1152,0.00016364800000000002,1.76,2.22
1153,0.000163656,1.78,2.2600000000000002
1154,0.000163664,1.8,2.2600000000000002
1155,0.00016367200000000001,1.8,2.2800000000000002
1156,0.00016368,1.8,2.3000000000000003
1157,0.000163688,1.82,2.32
1158,0.000163696,1.82,2.34
1159,0.000163704,1.84,2.36
1160,0.000163712,1.84,2.36
1161,0.00016372,1.84,2.38
1162,0.000163728,1.86,2.4
1163,0.000163736,1.86,2.42
1164,0.000163744,1.86,2.44
1165,0.000163752,1.86,2.46
1166,0.00016376,1.86,2.46
1167,0.000163768,1.8800000000000001,2.5
1168,0.000163776,1.9000000000000001,2.5
1169,0.000163784,1.9000000000000001,2.52
1170,0.000163792,1.92,2.54
1171,0.0001638,1.92,2.56
1172,0.00016380800000000001,1.92,2.56
1173,0.000163816,1.94,2.58
1174,0.000163824,1.94,2.6
1175,0.000163832,1.96,2.62
1176,0.00016384,1.96,2.64
1177,0.000163848,1.96,2.66
1178,0.000163856,2.0,2.68
1179,0.000163864,2.0,2.68
1180,0.000163872,2.02,2.72
1181,0.00016388,2.0,2.72
1182,0.000163888,2.02,2.74
1183,0.000163896,2.04,2.74
1184,0.000163904,2.04,2.7800000000000002
1185,0.000163912,2.04,2.7800000000000002
1186,0.00016392000000000002,2.06,2.8000000000000003
1187,0.000163928,2.06,2.82
1188,0.000163936,2.08,2.84
1189,0.00016394400000000001,2.1,2.84
1190,0.000163952,2.1,2.88
1191,0.00016396,2.1,2.88
1192,0.000163968,2.14,2.9
1193,0.000163976,2.12,2.92
1194,0.000163984,2.14,2.94
1195,0.000163992,2.16,2.96
1196,0.000164,2.18,2.98
1197,0.000164008,2.18,3.0
1198,0.000164016,2.2,3.0
1199,0.000164024,2.2,3.02
1200,0.000164032,2.22,3.04
1201,0.00016404,2.24,3.06
1202,0.000164048,2.24,3.08
1203,0.000164056,2.2600000000000002,3.1
1204,0.000164064,2.2600000000000002,3.1
1205,0.000164072,2.2800000000000002,3.12
1206,0.00016408,2.3000000000000003,3.14
1207,0.000164088,2.3000000000000003,3.18
1208,0.000164096,2.3000000000000003,3.18
1209,0.000164104,2.32,3.18
1210,0.000164112,2.32,3.22
1211,0.00016412,2.34,3.24
1212,0.000164128,2.36,3.2600000000000002
1213,0.000164136,2.36,3.2600000000000002
1214,0.000164144,2.38,3.2800000000000002
1215,0.000164152,2.4,3.3000000000000003
1216,0.00016416,2.4,3.3200000000000003
1217,0.000164168,2.4,3.34
1218,0.000164176,2.42,3.36
1219,0.000164184,2.42,3.38
1220,0.00016419200000000002,2.46,3.38
1221,0.0001642,2.46,3.42
1222,0.000164208,2.48,3.44
1223,0.00016421600000000001,2.48,3.44
1224,0.000164224,2.48,3.46
1225,0.000164232,2.52,3.48
1226,0.00016424,2.52,3.48
1227,0.000164248,2.52,3.5
1228,0.000164256,2.54,3.52
1229,0.000164264,2.56,3.54
1230,0.000164272,2.58,3.56
1231,0.00016428,2.58,3.58
1232,0.000164288,2.58,3.6
1233,0.000164296,2.6,3.62
1234,0.000164304,2.62,3.64
1235,0.000164312,2.64,3.64
1236,0.00016432,2.66,3.66
1237,0.000164328,2.66,3.68
1238,0.000164336,2.68,3.7
1239,0.000164344,2.68,3.7
1240,0.000164352,2.7,3.72
1241,0.00016436,2.7,3.74
1242,0.000164368,2.72,3.7800000000000002
1243,0.000164376,2.74,3.7800000000000002
1244,0.000164384,2.74,3.8000000000000003
1245,0.000164392,2.7800000000000002,3.8200000000000003
1246,0.0001644,2.7800000000000002,3.84
1247,0.000164408,2.8000000000000003,3.84
1248,0.000164416,2.8000000000000003,3.86
1249,0.000164424,2.82,3.9
1250,0.000164432,2.84,3.9
1251,0.00016444,2.86,3.92
1252,0.000164448,2.86,3.94
1253,0.000164456,2.88,3.96
1254,0.000164464,2.9,3.96
1255,0.000164472,2.92,4.0
1256,0.00016448,2.92,4.0
1257,0.00016448800000000001,2.92,4.0200000000000005
1258,0.000164496,2.96,4.04
1259,0.000164504,2.96,4.0600000000000005
1260,0.000164512,3.0,4.0600000000000005
1261,0.00016452,2.98,4.08
1262,0.000164528,3.02,4.1
1263,0.000164536,3.02,4.12
1264,0.000164544,3.02,4.14
1265,0.000164552,3.04,4.18
1266,0.00016456,3.08,4.18
1267,0.000164568,3.08,4.2
1268,0.000164576,3.1,4.22
1269,0.000164584,3.1,4.22
1270,0.000164592,3.12,4.24
1271,0.0001646,3.14,4.26
1272,0.000164608,3.16,4.28
1273,0.000164616,3.18,4.3
1274,0.000164624,3.18,4.3
1275,0.000164632,3.2,4.34
1276,0.00016464,3.2,4.36
1277,0.000164648,3.24,4.36
1278,0.000164656,3.24,4.38
1279,0.000164664,3.24,4.4
1280,0.000164672,3.2800000000000002,4.42
1281,0.00016468,3.2800000000000002,4.44
1282,0.000164688,3.3000000000000003,4.46
1283,0.000164696,3.3200000000000003,4.48
1284,0.000164704,3.3200000000000003,4.48
1285,0.000164712,3.34,4.5
1286,0.00016472,3.36,4.5200000000000005
1287,0.000164728,3.38,4.54
1288,0.000164736,3.4,4.5600000000000005
1289,0.000164744,3.4,4.58
1290,0.000164752,3.42,4.6000000000000005
1291,0.00016476000000000001,3.44,4.62
1292,0.000164768,3.46,4.62
1293,0.000164776,3.46,4.64
1294,0.000164784,3.46,4.66
1295,0.000164792,3.48,4.68
1296,0.0001648,3.5,4.68
1297,0.000164808,3.52,4.7
1298,0.000164816,3.54,4.72
1299,0.000164824,3.54,4.74
1300,0.000164832,3.56,4.76
1301,0.00016484,3.58,4.78
1302,0.000164848,3.58,4.8
1303,0.000164856,3.6,4.82
1304,0.000164864,3.62,4.84
1305,0.000164872,3.62,4.84
1306,0.00016488,3.66,4.86
1307,0.000164888,3.66,4.88
1308,0.000164896,3.68,4.9
1309,0.000164904,3.7,4.92
1310,0.000164912,3.6,4.76
1311,0.00016492,3.6,1.28
1312,0.000164928,3.5,-0.04
1313,0.000164936,3.48,0.9400000000000001
1314,0.000164944,3.42,-0.04
1315,0.000164952,3.36,0.18
1316,0.00016496,3.3200000000000003,0.36
1317,0.000164968,3.2600000000000002,-0.04
1318,0.000164976,3.22,0.4
1319,0.000164984,3.16,0.12
1320,0.000164992,3.1,0.22
1321,0.000165,3.06,0.32
1322,0.000165008,3.02,0.18
1323,0.000165016,2.96,0.34
1324,0.000165024,2.94,0.28
1325,0.00016503200000000002,2.9,0.28
1326,0.00016504,2.86,0.34
1327,0.000165048,2.82,0.32
1328,0.000165056,2.7800000000000002,0.38
1329,0.000165064,2.74,0.38
1330,0.000165072,2.7,0.38
1331,0.00016508,2.66,0.42
1332,0.000165088,2.62,0.4
1333,0.000165096,2.58,0.44
1334,0.000165104,2.56,0.46
1335,0.000165112,2.52,0.46
1336,0.00016512,2.5,0.48
1337,0.000165128,2.46,0.5
1338,0.000165136,2.44,0.52
1339,0.000165144,2.42,0.54
1340,0.000165152,2.38,0.56
1341,0.00016516,2.36,0.56
1342,0.000165168,2.32,0.58
1343,0.000165176,2.3000000000000003,0.6
1344,0.000165184,2.2800000000000002,0.6
1345,0.000165192,2.2600000000000002,0.62
1346,0.0001652,2.22,0.64
1347,0.000165208,2.2,0.66
1348,0.000165216,2.18,0.68
1349,0.000165224,2.16,0.7000000000000001
1350,0.000165232,2.14,0.72
1351,0.00016524,2.12,0.72
1352,0.000165248,2.1,0.74
1353,0.000165256,2.08,0.76
1354,0.000165264,2.06,0.78
1355,0.000165272,2.04,0.78
1356,0.00016528,2.02,0.8200000000000001
1357,0.000165288,2.0,0.8200000000000001
1358,0.000165296,2.0,0.84
1359,0.00016530400000000002,1.96,0.86
1360,0.000165312,1.96,0.88
1361,0.00016532,1.94,0.9
1362,0.00016532800000000001,1.92,0.92
1363,0.000165336,1.92,0.92
1364,0.000165344,1.9000000000000001,0.9400000000000001
1365,0.000165352,1.8800000000000001,0.96
1366,0.00016536,1.8800000000000001,0.98
1367,0.000165368,1.86,1.0
1368,0.000165376,1.84,1.02
1369,0.000165384,1.84,1.02
1370,0.000165392,1.82,1.04
1371,0.0001654,1.82,1.06
1372,0.000165408,1.78,1.08
1373,0.000165416,1.8,1.1
1374,0.000165424,1.76,1.1
1375,0.000165432,1.78,1.1400000000000001
1376,0.00016544,1.74,1.1400000000000001
1377,0.000165448,1.76,1.16
1378,0.000165456,1.74,1.18
1379,0.00016546400000000001,1.74,1.2
1380,0.000165472,1.74,1.22
1381,0.00016548,1.72,1.22
1382,0.000165488,1.72,1.26
1383,0.000165496,1.7,1.26
1384,0.000165504,1.7,1.28
1385,0.000165512,1.68,1.3
1386,0.00016552,1.68,1.32
1387,0.000165528,1.68,1.32
1388,0.000165536,1.68,1.34
1389,0.000165544,1.6600000000000001,1.36
1390,0.000165552,1.6600000000000001,1.3800000000000001
1391,0.00016556,1.6600000000000001,1.3800000000000001
1392,0.000165568,1.6600000000000001,1.42
1393,0.00016557600000000002,1.6600000000000001,1.42
1394,0.000165584,1.6600000000000001,1.44
1395,0.000165592,1.6400000000000001,1.46
1396,0.00016560000000000001,1.6600000000000001,1.48
1397,0.000165608,1.6600000000000001,1.5
1398,0.000165616,1.6400000000000001,1.5
1399,0.000165624,1.6400000000000001,1.52
1400,0.000165632,1.6400000000000001,1.54
1401,0.00016564,1.6400000000000001,1.56
1402,0.000165648,1.6400000000000001,1.58
1403,0.000165656,1.6400000000000001,1.58
1404,0.000165664,1.6400000000000001,1.6
1405,0.000165672,1.6400000000000001,1.62
1406,0.00016568,1.6400000000000001,1.6400000000000001
1407,0.000165688,1.6400000000000001,1.6600000000000001
1408,0.000165696,1.6400000000000001,1.68
1409,0.000165704,1.6400000000000001,1.68
1410,0.000165712,1.6400000000000001,1.72
1411,0.00016572,1.6400000000000001,1.72
1412,0.000165728,1.6400000000000001,1.74
1413,0.00016573600000000001,1.6400000000000001,1.76
1414,0.000165744,1.6400000000000001,1.78
1415,0.000165752,1.6600000000000001,1.8
1416,0.00016576,1.6600000000000001,1.82
1417,0.000165768,1.6400000000000001,1.84
1418,0.000165776,1.6600000000000001,1.84
1419,0.000165784,1.6400000000000001,1.86
1420,0.000165792,1.6600000000000001,1.8800000000000001
1421,0.0001658,1.6600000000000001,1.9000000000000001
1422,0.000165808,1.6600000000000001,1.92
1423,0.000165816,1.68,1.92
1424,0.000165824,1.68,1.94
1425,0.000165832,1.68,1.96
1426,0.00016584,1.68,1.98
1427,0.00016584800000000002,1.68,2.0
1428,0.000165856,1.68,2.02
1429,0.000165864,1.7,2.04
1430,0.00016587200000000001,1.7,2.04
1431,0.00016588,1.72,2.06
1432,0.000165888,1.72,2.08
1433,0.000165896,1.72,2.1
1434,0.000165904,1.72,2.12
1435,0.000165912,1.74,2.14
1436,0.00016592,1.72,2.16
1437,0.000165928,1.74,2.18
1438,0.000165936,1.76,2.18
1439,0.000165944,1.76,2.2
1440,0.000165952,1.76,2.22
1441,0.00016596,1.76,2.22
1442,0.000165968,1.78,2.2600000000000002
1443,0.000165976,1.78,2.2600000000000002
1444,0.000165984,1.8,2.2800000000000002
1445,0.000165992,1.78,2.3000000000000003
1446,0.000166,1.8,2.32
1447,0.00016600800000000001,1.82,2.34
1448,0.000166016,1.82,2.36
1449,0.000166024,1.84,2.38
1450,0.000166032,1.82,2.4
1451,0.00016604,1.84,2.4
1452,0.000166048,1.86,2.44
1453,0.000166056,1.86,2.44
1454,0.000166064,1.86,2.46
1455,0.000166072,1.8800000000000001,2.46
1456,0.00016608,1.8800000000000001,2.48
1457,0.000166088,1.9000000000000001,2.5
1458,0.000166096,1.9000000000000001,2.54
1459,0.000166104,1.9000000000000001,2.54
1460,0.000166112,1.92,2.56
1461,0.00016612000000000002,1.92,2.58
1462,0.000166128,1.94,2.58
1463,0.000166136,1.94,2.62
1464,0.00016614400000000001,1.96,2.62
1465,0.000166152,1.98,2.64
1466,0.00016616,1.96,2.66
1467,0.000166168,1.98,2.68
1468,0.000166176,1.98,2.7
1469,0.000166184,2.0,2.72
1470,0.000166192,2.02,2.72
1471,0.0001662,2.0,2.74
1472,0.000166208,2.04,2.7600000000000002
1473,0.000166216,2.04,2.7800000000000002
1474,0.000166224,2.06,2.7800000000000002
1475,0.000166232,2.04,2.82
1476,0.00016624,2.08,2.84
1477,0.000166248,2.08,2.84
1478,0.000166256,2.08,2.86
1479,0.000166264,2.12,2.88
1480,0.000166272,2.1,2.9
1481,0.00016628000000000001,2.12,2.9
1482,0.000166288,2.12,2.92
1483,0.000166296,2.14,2.94
1484,0.000166304,2.16,2.96
1485,0.000166312,2.18,2.98
1486,0.00016632,2.18,3.0
1487,0.000166328,2.18,3.02
1488,0.000166336,2.2,3.02
1489,0.000166344,2.2,3.04
1490,0.000166352,2.22,3.06
1491,0.00016636,2.22,3.08
1492,0.000166368,2.24,3.1
1493,0.000166376,2.24,3.12
1494,0.000166384,2.2600000000000002,3.14
1495,0.00016639200000000002,2.2800000000000002,3.16
1496,0.0001664,2.2800000000000002,3.16
1497,0.000166408,2.3000000000000003,3.2
1498,0.00016641600000000001,2.3000000000000003,3.2
1499,0.000166424,2.34,3.22
1500,0.000166432,2.34,3.24
1501,0.00016644,2.34,3.2600000000000002
1502,0.000166448,2.36,3.2800000000000002
1503,0.000166456,2.38,3.2800000000000002
1504,0.000166464,2.38,3.3000000000000003
1505,0.000166472,2.4,3.3200000000000003
1506,0.00016648,2.42,3.34
1507,0.000166488,2.42,3.36
1508,0.000166496,2.42,3.38
1509,0.000166504,2.46,3.38
1510,0.000166512,2.46,3.42
1511,0.00016652,2.48,3.44
1512,0.000166528,2.48,3.44
1513,0.000166536,2.48,3.46
1514,0.000166544,2.52,3.48
1515,0.00016655200000000001,2.52,3.5
1516,0.00016656,2.52,3.52
1517,0.000166568,2.56,3.52
1518,0.000166576,2.56,3.54
1519,0.000166584,2.56,3.56
1520,0.000166592,2.58,3.58
1521,0.0001666,2.6,3.6
1522,0.000166608,2.6,3.62
1523,0.000166616,2.62,3.64
1524,0.000166624,2.64,3.64
1525,0.000166632,2.66,3.66
1526,0.00016664,2.66,3.68
1527,0.000166648,2.66,3.7
1528,0.000166656,2.7,3.72
1529,0.00016666400000000002,2.7,3.74
1530,0.000166672,2.72,3.7600000000000002
1531,0.00016668,2.72,3.7800000000000002
1532,0.00016668800000000001,2.74,3.8000000000000003
1533,0.000166696,2.7600000000000002,3.8000000000000003
1534,0.000166704,2.7600000000000002,3.8200000000000003
1535,0.000166712,2.7800000000000002,3.84
1536,0.00016672,2.8000000000000003,3.86
1537,0.000166728,2.8000000000000003,3.88
1538,0.000166736,2.82,3.88
1539,0.000166744,2.84,3.9
1540,0.000166752,2.84,3.92
1541,0.00016676,2.86,3.94
1542,0.000166768,2.88,3.96
1543,0.000166776,2.9,3.98
1544,0.000166784,2.92,3.98
1545,0.000166792,2.92,4.0
1546,0.0001668,2.94,4.0200000000000005
1547,0.000166808,2.94,4.04
1548,0.000166816,2.96,4.0600000000000005
1549,0.00016682400000000001,2.98,4.08
1550,0.000166832,2.98,4.1
1551,0.00016684,3.0,4.12
1552,0.000166848,3.02,4.12
1553,0.000166856,3.02,4.16
1554,0.000166864,3.04,4.16
1555,0.000166872,3.06,4.18
1556,0.00016688,3.08,4.2
1557,0.000166888,3.1,4.22
1558,0.000166896,3.1,4.24
1559,0.000166904,3.12,4.26
1560,0.000166912,3.14,4.26
1561,0.00016692,3.16,4.28
1562,0.000166928,3.16,4.3
1563,0.00016693600000000002,3.18,4.32
1564,0.000166944,3.2,4.34
1565,0.000166952,3.2,4.36
1566,0.00016696000000000001,3.24,4.38
1567,0.000166968,3.24,4.4
1568,0.000166976,3.2600000000000002,4.42
1569,0.000166984,3.2600000000000002,4.42
1570,0.000166992,3.2800000000000002,4.44
1571,0.000167,3.3000000000000003,4.46
1572,0.000167008,3.3200000000000003,4.48
1573,0.000167016,3.34,4.5
1574,0.000167024,3.34,4.5200000000000005
1575,0.000167032,3.36,4.5200000000000005
1576,0.00016704,3.38,4.54
1577,0.000167048,3.38,4.5600000000000005
1578,0.000167056,3.4,4.58
1579,0.000167064,3.42,4.6000000000000005
1580,0.000167072,3.42,4.62
1581,0.00016708,3.44,4.62
1582,0.000167088,3.46,4.64
1583,0.00016709600000000001,3.48,4.66
1584,0.000167104,3.48,4.68
1585,0.000167112,3.5,4.7
1586,0.00016712,3.52,4.7
1587,0.000167128,3.52,4.72
1588,0.000167136,3.54,4.74
1589,0.000167144,3.56,4.78
1590,0.000167152,3.58,4.78
1591,0.00016716,3.58,4.8
1592,0.000167168,3.6,4.82
1593,0.000167176,3.62,4.84
1594,0.000167184,3.64,4.86
1595,0.000167192,3.64,4.86
1596,0.0001672,3.68,4.88
1597,0.00016720800000000002,3.68,4.92
1598,0.000167216,3.7,4.92
1599,0.000167224,3.6,4.74
1600,0.00016723200000000001,3.62,1.2
1601,0.00016724,3.5,-0.04
1602,0.000167248,3.48,0.9400000000000001
1603,0.000167256,3.42,-0.04
1604,0.000167264,3.36,0.22
1605,0.000167272,3.3200000000000003,0.36
1606,0.00016728,3.2600000000000002,-0.04
1607,0.000167288,3.2,0.42
1608,0.000167296,3.16,0.12
1609,0.000167304,3.1,0.22
1610,0.000167312,3.08,0.32
1611,0.00016732,3.02,0.18
1612,0.000167328,2.98,0.34
1613,0.000167336,2.94,0.28
1614,0.000167344,2.9,0.3
1615,0.000167352,2.86,0.36
1616,0.00016736,2.8000000000000003,0.32
1617,0.00016736800000000001,2.7800000000000002,0.38
1618,0.000167376,2.74,0.38
1619,0.000167384,2.7,0.38
1620,0.000167392,2.66,0.42
1621,0.0001674,2.62,0.4
1622,0.000167408,2.6,0.42
1623,0.000167416,2.56,0.46
1624,0.000167424,2.54,0.46
1625,0.000167432,2.5,0.5
1626,0.00016744,2.48,0.5
1627,0.000167448,2.44,0.52
1628,0.000167456,2.42,0.54
1629,0.000167464,2.38,0.56
1630,0.000167472,2.36,0.58
1631,0.00016748000000000002,2.34,0.58
1632,0.000167488,2.3000000000000003,0.6
1633,0.000167496,2.2800000000000002,0.62
1634,0.00016750400000000001,2.2600000000000002,0.64
1635,0.000167512,2.24,0.64
1636,0.00016752,2.22,0.66
1637,0.000167528,2.18,0.68
1638,0.000167536,2.16,0.7000000000000001
1639,0.000167544,2.14,0.7000000000000001
1640,0.000167552,2.12,0.72
1641,0.00016756,2.1,0.74
1642,0.000167568,2.08,0.76
1643,0.000167576,2.06,0.78
1644,0.000167584,2.04,0.8
1645,0.000167592,2.02,0.8200000000000001
1646,0.0001676,2.02,0.8200000000000001
1647,0.000167608,2.0,0.84
1648,0.000167616,1.96,0.86
1649,0.000167624,1.96,0.88
1650,0.000167632,1.94,0.9
1651,0.00016764000000000001,1.92,0.92
1652,0.000167648,1.92,0.9400000000000001
1653,0.000167656,1.9000000000000001,0.9400000000000001
1654,0.000167664,1.8800000000000001,0.98
1655,0.000167672,1.86,0.98
1656,0.00016768,1.86,1.0
1657,0.000167688,1.84,1.02
1658,0.000167696,1.84,1.02
1659,0.000167704,1.82,1.06
1660,0.000167712,1.82,1.06
1661,0.00016772,1.8,1.08
1662,0.000167728,1.8,1.1
1663,0.000167736,1.78,1.12
1664,0.000167744,1.76,1.12
1665,0.00016775200000000002,1.76,1.1400000000000001
1666,0.00016776,1.76,1.16
1667,0.000167768,1.74,1.18
1668,0.00016777600000000001,1.74,1.2
1669,0.000167784,1.72,1.22
1670,0.000167792,1.72,1.24
1671,0.0001678,1.72,1.24
1672,0.000167808,1.72,1.26
1673,0.000167816,1.7,1.28
1674,0.000167824,1.7,1.3
1675,0.000167832,1.68,1.32
1676,0.00016784,1.68,1.34
1677,0.000167848,1.68,1.36
1678,0.000167856,1.68,1.36
1679,0.000167864,1.6600000000000001,1.4000000000000001
1680,0.000167872,1.6600000000000001,1.42
1681,0.00016788,1.68,1.42
1682,0.000167888,1.6600000000000001,1.44
1683,0.000167896,1.6600000000000001,1.44
1684,0.000167904,1.6600000000000001,1.48
1685,0.00016791200000000001,1.6400000000000001,1.48
1686,0.00016792,1.6600000000000001,1.5
1687,0.000167928,1.6400000000000001,1.52
1688,0.000167936,1.6600000000000001,1.54
1689,0.000167944,1.6400000000000001,1.54
1690,0.000167952,1.6400000000000001,1.56
1691,0.00016796,1.6400000000000001,1.58
1692,0.000167968,1.6400000000000001,1.6
1693,0.000167976,1.6400000000000001,1.62
1694,0.000167984,1.6400000000000001,1.6400000000000001
1695,0.000167992,1.6400000000000001,1.6400000000000001
1696,0.000168,1.6400000000000001,1.6600000000000001
1697,0.000168008,1.6400000000000001,1.68
1698,0.000168016,1.6400000000000001,1.7
1699,0.00016802400000000002,1.6400000000000001,1.7
1700,0.000168032,1.6600000000000001,1.74
1701,0.00016804,1.6600000000000001,1.74
1702,0.00016804800000000001,1.6600000000000001,1.76
1703,0.000168056,1.6600000000000001,1.78
1704,0.000168064,1.6400000000000001,1.8
1705,0.000168072,1.6600000000000001,1.8
1706,0.00016808,1.6600000000000001,1.84
1707,0.000168088,1.6600000000000001,1.84
1708,0.000168096,1.6600000000000001,1.8800000000000001
1709,0.000168104,1.6600000000000001,1.8800000000000001
1710,0.000168112,1.68,1.9000000000000001
1711,0.00016812,1.68,1.92
1712,0.000168128,1.6600000000000001,1.92
1713,0.000168136,1.68,1.96
1714,0.000168144,1.7,1.98
1715,0.000168152,1.7,1.98
1716,0.00016816,1.7,2.0
1717,0.000168168,1.7,2.02
1718,0.000168176,1.7,2.04
1719,0.00016818400000000001,1.72,2.06
1720,0.000168192,1.72,2.06
1721,0.0001682,1.7,2.1
1722,0.000168208,1.72,2.12
1723,0.000168216,1.72,2.12
1724,0.000168224,1.72,2.14
1725,0.000168232,1.74,2.16
1726,0.00016824,1.74,2.16
1727,0.000168248,1.76,2.18
1728,0.000168256,1.76,2.2
1729,0.000168264,1.78,2.22
1730,0.000168272,1.78,2.24
1731,0.00016828,1.78,2.2600000000000002
1732,0.000168288,1.8,2.2600000000000002
1733,0.00016829600000000002,1.8,2.2800000000000002
1734,0.000168304,1.8,2.3000000000000003
1735,0.000168312,1.82,2.32
1736,0.00016832000000000001,1.82,2.34
1737,0.000168328,1.82,2.36
1738,0.000168336,1.84,2.38
1739,0.000168344,1.84,2.4
1740,0.000168352,1.84,2.42
1741,0.00016836,1.86,2.42
1742,0.000168368,1.86,2.44
1743,0.000168376,1.86,2.46
1744,0.000168384,1.86,2.48
1745,0.000168392,1.8800000000000001,2.5
1746,0.0001684,1.8800000000000001,2.52
1747,0.000168408,1.9000000000000001,2.52
1748,0.000168416,1.92,2.56
1749,0.000168424,1.92,2.56
1750,0.000168432,1.94,2.58
1751,0.00016844,1.94,2.6
1752,0.000168448,1.94,2.62
1753,0.00016845600000000001,1.96,2.62
1754,0.000168464,1.96,2.66
1755,0.000168472,1.98,2.68
1756,0.00016848,2.0,2.68
1757,0.000168488,2.0,2.7
1758,0.000168496,2.0,2.72
1759,0.000168504,2.0,2.74
1760,0.000168512,2.02,2.74
1761,0.00016852,2.04,2.7800000000000002
1762,0.000168528,2.04,2.8000000000000003
1763,0.000168536,2.04,2.8000000000000003
1764,0.000168544,2.08,2.82
1765,0.000168552,2.08,2.84
1766,0.00016856,2.08,2.84
1767,0.00016856800000000002,2.08,2.86
1768,0.000168576,2.1,2.88
1769,0.000168584,2.1,2.9
1770,0.00016859200000000001,2.12,2.92
1771,0.0001686,2.14,2.92
1772,0.000168608,2.16,2.96
1773,0.000168616,2.16,2.96
1774,0.000168624,2.18,2.98
1775,0.000168632,2.16,3.0
1776,0.00016864,2.2,3.02
1777,0.000168648,2.2,3.04
1778,0.000168656,2.22,3.06
1779,0.000168664,2.22,3.06
1780,0.000168672,2.22,3.1
1781,0.00016868,2.2600000000000002,3.1
1782,0.000168688,2.2600000000000002,3.12
1783,0.000168696,2.2600000000000002,3.16
1784,0.000168704,2.2800000000000002,3.16
1785,0.000168712,2.3000000000000003,3.18
1786,0.00016872,2.3000000000000003,3.2
1787,0.00016872800000000001,2.32,3.2
1788,0.000168736,2.32,3.22
1789,0.000168744,2.34,3.24
1790,0.000168752,2.36,3.2600000000000002
1791,0.00016876,2.38,3.2800000000000002
1792,0.000168768,2.38,3.3000000000000003
1793,0.000168776,2.38,3.3200000000000003
1794,0.000168784,2.4,3.34
1795,0.000168792,2.4,3.34
1796,0.0001688,2.42,3.36
1797,0.000168808,2.44,3.38
1798,0.000168816,2.46,3.42
1799,0.000168824,2.46,3.42
1800,0.000168832,2.48,3.44
1801,0.00016884000000000002,2.5,3.46
1802,0.000168848,2.5,3.46
1803,0.000168856,2.52,3.48
1804,0.00016886400000000001,2.54,3.5
1805,0.000168872,2.52,3.52
1806,0.00016888,2.54,3.52
1807,0.000168888,2.56,3.56
1808,0.000168896,2.58,3.56
1809,0.000168904,2.6,3.58
1810,0.000168912,2.6,3.6
1811,0.00016892,2.62,3.62
1812,0.000168928,2.62,3.64
1813,0.000168936,2.64,3.66
1814,0.000168944,2.64,3.68
1815,0.000168952,2.66,3.7
1816,0.00016896,2.68,3.72
1817,0.000168968,2.68,3.72
1818,0.000168976,2.72,3.74
1819,0.000168984,2.7,3.7600000000000002
1820,0.000168992,2.74,3.7800000000000002
1821,0.000169,2.74,3.8000000000000003
1822,0.000169008,2.7600000000000002,3.8200000000000003
1823,0.000169016,2.7800000000000002,3.8200000000000003
1824,0.000169024,2.8000000000000003,3.84
1825,0.000169032,2.8000000000000003,3.86
1826,0.00016904,2.8000000000000003,3.88
1827,0.000169048,2.82,3.9
1828,0.000169056,2.84,3.92
1829,0.000169064,2.86,3.94
1830,0.000169072,2.88,3.94
1831,0.00016908,2.88,3.98
1832,0.000169088,2.9,3.98
1833,0.000169096,2.92,4.0
1834,0.000169104,2.92,4.0200000000000005
1835,0.00016911200000000002,2.92,4.0200000000000005
1836,0.00016912,2.96,4.0600000000000005
1837,0.000169128,2.98,4.08
1838,0.00016913600000000002,2.98,4.1
1839,0.000169144,2.98,4.1
1840,0.000169152,3.0,4.12
1841,0.00016916,3.02,4.14
1842,0.000169168,3.02,4.16
1843,0.000169176,3.06,4.16
1844,0.000169184,3.06,4.2
1845,0.000169192,3.08,4.22
1846,0.0001692,3.08,4.24
1847,0.000169208,3.12,4.24
1848,0.000169216,3.12,4.26
1849,0.000169224,3.14,4.28
1850,0.000169232,3.16,4.3
1851,0.00016924,3.18,4.3
1852,0.000169248,3.18,4.34
1853,0.000169256,3.2,4.34
1854,0.000169264,3.22,4.36
1855,0.000169272,3.24,4.38
1856,0.00016928,3.24,4.4
1857,0.000169288,3.2600000000000002,4.42
1858,0.000169296,3.2600000000000002,4.44
1859,0.000169304,3.2800000000000002,4.46
1860,0.000169312,3.3000000000000003,4.46
1861,0.00016932,3.3200000000000003,4.48
1862,0.000169328,3.3200000000000003,4.5
1863,0.000169336,3.34,4.5200000000000005
1864,0.000169344,3.36,4.5200000000000005
1865,0.000169352,3.38,4.54
1866,0.00016936,3.4,4.5600000000000005
1867,0.000169368,3.4,4.58
1868,0.000169376,3.42,4.62
1869,0.000169384,3.44,4.62
1870,0.000169392,3.46,4.64
1871,0.0001694,3.46,4.66
1872,0.00016940800000000002,3.48,4.66
1873,0.000169416,3.5,4.68
1874,0.000169424,3.5,4.7
1875,0.00016943200000000001,3.52,4.72
1876,0.00016944,3.54,4.74
1877,0.000169448,3.54,4.76
1878,0.000169456,3.56,4.78
1879,0.000169464,3.58,4.78
1880,0.000169472,3.58,4.8
1881,0.00016948,3.62,4.82
1882,0.000169488,3.62,4.84
1883,0.000169496,3.64,4.86
1884,0.000169504,3.66,4.88
1885,0.000169512,3.66,4.88
1886,0.00016952,3.7,4.92
1887,0.000169528,3.7,4.72
1888,0.000169536,3.62,1.18
1889,0.000169544,3.62,-0.04
1890,0.000169552,3.5,0.92
1891,0.00016956,3.48,-0.04
1892,0.00016956800000000001,3.42,0.2
1893,0.000169576,3.36,0.34
1894,0.000169584,3.3200000000000003,-0.04
1895,0.000169592,3.2600000000000002,0.4
1896,0.0001696,3.2,0.1
1897,0.000169608,3.16,0.2
1898,0.000169616,3.1,0.3
1899,0.000169624,3.06,0.16
1900,0.000169632,3.02,0.32
1901,0.00016964,2.98,0.26
1902,0.000169648,2.92,0.28
1903,0.000169656,2.9,0.34
1904,0.000169664,2.86,0.3
1905,0.000169672,2.82,0.36
1906,0.00016968000000000002,2.7800000000000002,0.36
1907,0.000169688,2.74,0.38
1908,0.000169696,2.7,0.4
1909,0.00016970400000000001,2.66,0.4
1910,0.000169712,2.64,0.44
1911,0.00016972,2.6,0.44
1912,0.000169728,2.58,0.46
1913,0.000169736,2.54,0.48
1914,0.000169744,2.5,0.48
1915,0.000169752,2.48,0.5
1916,0.00016976,2.44,0.52
1917,0.000169768,2.42,0.54
1918,0.000169776,2.38,0.56
1919,0.000169784,2.36,0.58
1920,0.000169792,2.34,0.58
1921,0.0001698,2.32,0.6
1922,0.000169808,2.2800000000000002,0.62
1923,0.000169816,2.2600000000000002,0.64
1924,0.000169824,2.24,0.66
1925,0.000169832,2.22,0.66
1926,0.00016984000000000001,2.18,0.68
1927,0.000169848,2.16,0.7000000000000001
1928,0.000169856,2.14,0.72
1929,0.000169864,2.12,0.74
1930,0.000169872,2.1,0.74
1931,0.00016988,2.08,0.76
1932,0.000169888,2.06,0.78
1933,0.000169896,2.04,0.8
1934,0.000169904,2.02,0.8200000000000001
1935,0.000169912,2.0,0.84
1936,0.00016992,1.98,0.84
1937,0.00016992800000000002,1.98,0.86
1938,0.000169936,1.96,0.88
1939,0.000169944,1.96,0.9
1940,0.00016995200000000002,1.92,0.92
1941,0.00016996,1.92,0.9400000000000001
1942,0.000169968,1.9000000000000001,0.96
1943,0.00016997600000000001,1.8800000000000001,0.98
1944,0.000169984,1.8800000000000001,0.98
1945,0.000169992,1.86,1.0
1946,0.00017,1.84,1.02
1947,0.000170008,1.84,1.04
1948,0.000170016,1.82,1.06
1949,0.000170024,1.82,1.06
1950,0.000170032,1.8,1.1
1951,0.00017004,1.78,1.1
1952,0.000170048,1.78,1.12
1953,0.000170056,1.78,1.1400000000000001
1954,0.000170064,1.78,1.1400000000000001
1955,0.000170072,1.76,1.18
1956,0.00017008,1.74,1.18
1957,0.000170088,1.72,1.2
1958,0.000170096,1.74,1.22
1959,0.000170104,1.72,1.24
1960,0.00017011200000000001,1.72,1.26
1961,0.00017012,1.7,1.28
1962,0.000170128,1.7,1.28
1963,0.000170136,1.7,1.32
1964,0.000170144,1.7,1.32
1965,0.000170152,1.68,1.34
1966,0.00017016,1.68,1.36
1967,0.000170168,1.68,1.3800000000000001
1968,0.000170176,1.68,1.3800000000000001
1969,0.000170184,1.68,1.4000000000000001
1970,0.000170192,1.6600000000000001,1.42
1971,0.00017020000000000002,1.6600000000000001,1.44
1972,0.000170208,1.6600000000000001,1.46
1973,0.000170216,1.6600000000000001,1.48
1974,0.00017022400000000002,1.6600000000000001,1.5
1975,0.000170232,1.6400000000000001,1.5
1976,0.00017024,1.6600000000000001,1.52
1977,0.00017024800000000001,1.6600000000000001,1.54
1978,0.000170256,1.6600000000000001,1.56
1979,0.000170264,1.6600000000000001,1.56
1980,0.000170272,1.6400000000000001,1.58
1981,0.00017028,1.6600000000000001,1.6
1982,0.000170288,1.6400000000000001,1.6
1983,0.000170296,1.6400000000000001,1.6400000000000001
1984,0.000170304,1.6600000000000001,1.6600000000000001
1985,0.000170312,1.6400000000000001,1.68
1986,0.00017032,1.6400000000000001,1.68
1987,0.000170328,1.6400000000000001,1.7
1988,0.000170336,1.6600000000000001,1.72
1989,0.000170344,1.6600000000000001,1.74
1990,0.000170352,1.6600000000000001,1.76
1991,0.00017036,1.6400000000000001,1.78
1992,0.000170368,1.6600000000000001,1.78
1993,0.000170376,1.6600000000000001,1.8
1994,0.00017038400000000001,1.6600000000000001,1.82
1995,0.000170392,1.6600000000000001,1.84
1996,0.0001704,1.6600000000000001,1.86
1997,0.000170408,1.6600000000000001,1.8800000000000001
1998,0.000170416,1.68,1.8800000000000001
1999,0.000170424,1.68,1.92
