,time,v1,v2
0,0.000154432,1.28,1.22
1,0.00015444,1.28,1.22
2,0.000154448,1.28,1.22
3,0.000154456,1.28,1.26
4,0.000154464,1.28,1.26
5,0.000154472,1.28,1.26
6,0.00015448,1.28,1.28
7,0.000154488,1.28,1.3
8,0.000154496,1.28,1.3
9,0.000154504,1.28,1.3
10,0.00015451200000000001,1.28,1.3
11,0.00015452,1.28,1.32
12,0.000154528,1.28,1.34
13,0.000154536,1.28,1.34
14,0.000154544,1.28,1.36
15,0.000154552,1.28,1.36
16,0.00015456,1.3,1.36
17,0.000154568,1.28,1.3800000000000001
18,0.000154576,1.3,1.4000000000000001
19,0.000154584,1.3,1.4000000000000001
20,0.000154592,1.3,1.4000000000000001
21,0.0001546,1.3,1.42
22,0.000154608,1.3,1.42
23,0.000154616,1.3,1.44
24,0.000154624,1.3,1.44
25,0.000154632,1.32,1.44
26,0.00015464,1.3,1.46
27,0.00015464800000000001,1.3,1.46
28,0.000154656,1.32,1.48
29,0.000154664,1.32,1.48
30,0.000154672,1.32,1.5
31,0.00015468,1.32,1.5
32,0.000154688,1.32,1.52
33,0.000154696,1.32,1.52
34,0.000154704,1.32,1.52
35,0.000154712,1.34,1.54
36,0.00015472,1.34,1.54
37,0.000154728,1.34,1.54
38,0.000154736,1.34,1.56
39,0.000154744,1.34,1.58
40,0.000154752,1.36,1.58
41,0.00015476,1.34,1.6
42,0.000154768,1.34,1.58
43,0.000154776,1.36,1.6
44,0.00015478400000000001,1.36,1.6
45,0.000154792,1.36,1.6400000000000001
46,0.0001548,1.3800000000000001,1.6400000000000001
47,0.000154808,1.36,1.6400000000000001
48,0.000154816,1.36,1.6400000000000001
49,0.000154824,1.3800000000000001,1.6600000000000001
50,0.000154832,1.3800000000000001,1.68
51,0.00015484,1.4000000000000001,1.68
52,0.000154848,1.4000000000000001,1.68
53,0.000154856,1.3800000000000001,1.68
54,0.000154864,1.4000000000000001,1.72
55,0.000154872,1.4000000000000001,1.72
56,0.00015488,1.4000000000000001,1.72
57,0.000154888,1.42,1.74
58,0.000154896,1.42,1.74
59,0.000154904,1.42,1.76
60,0.000154912,1.42,1.74
61,0.00015492000000000001,1.42,1.76
62,0.000154928,1.44,1.78
63,0.000154936,1.44,1.8
64,0.000154944,1.44,1.8
65,0.000154952,1.46,1.8
66,0.00015496,1.46,1.82
67,0.000154968,1.46,1.82
68,0.000154976,1.46,1.84
69,0.000154984,1.46,1.84
70,0.000154992,1.48,1.86
71,0.000155,1.48,1.86
72,0.000155008,1.48,1.8800000000000001
73,0.000155016,1.5,1.8800000000000001
74,0.000155024,1.48,1.8800000000000001
75,0.000155032,1.5,1.9000000000000001
76,0.00015504,1.5,1.9000000000000001
77,0.000155048,1.5,1.92
78,0.00015505600000000001,1.5,1.92
79,0.000155064,1.54,1.92
80,0.000155072,1.52,1.96
81,0.00015508,1.52,1.94
82,0.000155088,1.54,1.96
83,0.000155096,1.54,1.96
84,0.000155104,1.56,1.98
85,0.000155112,1.56,2.0
86,0.00015512,1.56,2.0
87,0.000155128,1.56,2.02
88,0.000155136,1.58,2.02
89,0.000155144,1.56,2.04
90,0.000155152,1.58,2.02
91,0.00015516,1.6,2.06
92,0.000155168,1.6,2.04
93,0.000155176,1.6,2.06
94,0.000155184,1.62,2.08
95,0.00015519200000000001,1.62,2.08
96,0.0001552,1.62,2.1
97,0.000155208,1.62,2.1
98,0.000155216,1.62,2.12
99,0.000155224,1.62,2.1
100,0.000155232,1.6400000000000001,2.14
101,0.00015524,1.6600000000000001,2.14
102,0.000155248,1.6400000000000001,2.14
103,0.000155256,1.6600000000000001,2.16
104,0.000155264,1.68,2.16
105,0.000155272,1.68,2.16
106,0.00015528,1.7,2.18
107,0.000155288,1.7,2.18
108,0.000155296,1.7,2.2
109,0.000155304,1.7,2.22
110,0.000155312,1.7,2.22
111,0.00015532,1.72,2.24
112,0.00015532800000000001,1.72,2.2600000000000002
113,0.000155336,1.74,2.2600000000000002
114,0.000155344,1.74,2.2600000000000002
115,0.000155352,1.74,2.2600000000000002
116,0.00015536,1.76,2.2600000000000002
117,0.000155368,1.74,2.2800000000000002
118,0.000155376,1.76,2.3000000000000003
119,0.000155384,1.76,2.3000000000000003
120,0.000155392,1.78,2.32
121,0.0001554,1.78,2.3000000000000003
122,0.000155408,1.8,2.34
123,0.000155416,1.8,2.34
124,0.000155424,1.8,2.36
125,0.000155432,1.82,2.34
126,0.00015544,1.82,2.38
127,0.000155448,1.84,2.36
128,0.000155456,1.84,2.38
129,0.00015546400000000001,1.84,2.38
130,0.000155472,1.84,2.4
131,0.00015548,1.86,2.42
132,0.000155488,1.86,2.42
133,0.000155496,1.8800000000000001,2.44
134,0.000155504,1.86,2.44
135,0.000155512,1.9000000000000001,2.44
136,0.00015552,1.9000000000000001,2.46
137,0.000155528,1.9000000000000001,2.46
138,0.000155536,1.92,2.46
139,0.000155544,1.92,2.48
140,0.000155552,1.92,2.5
141,0.00015556,1.92,2.5
142,0.000155568,1.94,2.5
143,0.000155576,1.94,2.52
144,0.000155584,1.94,2.54
145,0.000155592,1.94,2.54
146,0.00015560000000000001,1.96,2.56
147,0.000155608,1.98,2.56
148,0.000155616,1.98,2.58
149,0.000155624,1.98,2.56
150,0.000155632,2.0,2.58
151,0.00015564,2.0,2.58
152,0.000155648,2.02,2.6
153,0.000155656,2.02,2.6
154,0.000155664,2.04,2.62
155,0.000155672,2.04,2.64
156,0.00015568,2.04,2.64
157,0.000155688,2.06,2.66
158,0.000155696,2.06,2.64
159,0.000155704,2.06,2.66
160,0.000155712,2.08,2.68
161,0.00015572,2.08,2.7
162,0.000155728,2.08,2.68
163,0.00015573600000000001,2.1,2.7
164,0.000155744,2.1,2.7
165,0.000155752,2.1,2.7
166,0.00015576,2.1,2.74
167,0.000155768,2.12,2.72
168,0.000155776,2.14,2.74
169,0.000155784,2.14,2.74
170,0.000155792,2.14,2.7800000000000002
171,0.0001558,2.14,2.7600000000000002
172,0.000155808,2.16,2.7800000000000002
173,0.000155816,2.18,2.8000000000000003
174,0.000155824,2.16,2.8000000000000003
175,0.000155832,2.16,2.82
176,0.00015584,2.2,2.82
177,0.000155848,2.2,2.82
178,0.000155856,2.22,2.84
179,0.000155864,2.22,2.84
180,0.00015587200000000001,2.22,2.84
181,0.00015588,2.24,2.86
182,0.000155888,2.24,2.88
183,0.000155896,2.24,2.86
184,0.000155904,2.2600000000000002,2.88
185,0.000155912,2.2600000000000002,2.88
186,0.00015592,2.2800000000000002,2.9
187,0.000155928,2.2600000000000002,2.92
188,0.000155936,2.3000000000000003,2.92
189,0.000155944,2.2800000000000002,2.92
190,0.000155952,2.3000000000000003,2.96
191,0.00015596,2.32,2.96
192,0.000155968,2.32,2.96
193,0.000155976,2.32,2.98
194,0.000155984,2.34,2.98
195,0.000155992,2.34,2.98
196,0.000156,2.34,3.0
197,0.00015600800000000001,2.36,3.0
198,0.000156016,2.38,3.02
199,0.000156024,2.36,3.02
200,0.000156032,2.38,3.04
201,0.00015604,2.4,3.04
202,0.000156048,2.4,3.04
203,0.000156056,2.4,3.06
204,0.000156064,2.42,3.08
205,0.000156072,2.42,3.08
206,0.00015608,2.42,3.08
207,0.000156088,2.44,3.1
208,0.000156096,2.44,3.1
209,0.000156104,2.46,3.12
210,0.000156112,2.46,3.12
211,0.00015612,2.48,3.14
212,0.000156128,2.46,3.16
213,0.000156136,2.48,3.16
214,0.00015614400000000001,2.5,3.18
215,0.000156152,2.5,3.16
216,0.00015616,2.5,3.18
217,0.000156168,2.5,3.18
218,0.000156176,2.52,3.2
219,0.000156184,2.54,3.22
220,0.000156192,2.52,3.22
221,0.0001562,2.54,3.22
222,0.000156208,2.56,3.24
223,0.000156216,2.56,3.24
224,0.000156224,2.56,3.2600000000000002
225,0.000156232,2.58,3.2600000000000002
226,0.00015624,2.58,3.2800000000000002
227,0.000156248,2.6,3.2800000000000002
228,0.000156256,2.6,3.2800000000000002
229,0.000156264,2.6,3.3000000000000003
230,0.000156272,2.6,3.3000000000000003
231,0.00015628000000000001,2.62,3.34
232,0.000156288,2.64,3.3200000000000003
233,0.000156296,2.64,3.34
234,0.000156304,2.64,3.34
235,0.000156312,2.66,3.36
236,0.00015632,2.66,3.38
237,0.000156328,2.68,3.38
238,0.000156336,2.68,3.38
239,0.000156344,2.68,3.4
240,0.000156352,2.7,3.4
241,0.00015636,2.72,3.42
242,0.000156368,2.72,3.42
243,0.000156376,2.72,3.44
244,0.000156384,2.74,3.44
245,0.000156392,2.74,3.44
246,0.0001564,2.74,3.46
247,0.000156408,2.7600000000000002,3.46
248,0.000156416,2.7600000000000002,3.48
249,0.000156424,2.7800000000000002,3.48
250,0.000156432,2.7800000000000002,3.48
251,0.00015644,2.8000000000000003,3.5
252,0.000156448,2.8000000000000003,3.5
253,0.000156456,2.82,3.52
254,0.000156464,2.8000000000000003,3.52
255,0.000156472,2.84,3.54
256,0.00015648,2.82,3.54
257,0.000156488,2.84,3.56
258,0.000156496,2.84,3.56
259,0.000156504,2.86,3.56
260,0.000156512,2.88,3.58
261,0.00015652,2.88,3.6
262,0.000156528,2.88,3.6
263,0.000156536,2.9,3.6
264,0.000156544,2.9,3.62
265,0.00015655200000000001,2.9,3.62
266,0.00015656,2.92,3.64
267,0.000156568,2.92,3.64
268,0.000156576,2.94,3.66
269,0.000156584,2.94,3.66
270,0.000156592,2.94,3.68
271,0.0001566,2.96,3.68
272,0.000156608,2.96,3.7
273,0.000156616,2.98,3.7
274,0.000156624,2.98,3.72
275,0.000156632,2.98,3.72
276,0.00015664,3.0,3.72
277,0.000156648,3.0,3.74
278,0.000156656,3.0,3.7600000000000002
279,0.000156664,3.02,3.7600000000000002
280,0.000156672,3.04,3.7600000000000002
281,0.00015668,3.04,3.7800000000000002
282,0.000156688,3.04,3.7800000000000002
283,0.000156696,3.06,3.8000000000000003
284,0.000156704,3.06,3.8000000000000003
285,0.000156712,3.08,3.8200000000000003
286,0.00015672,3.1,3.8200000000000003
287,0.000156728,3.08,3.84
288,0.000156736,3.1,3.84
289,0.000156744,3.1,3.84
290,0.000156752,3.12,3.86
291,0.00015676,3.14,3.88
292,0.000156768,3.14,3.88
293,0.000156776,3.14,3.9
294,0.000156784,3.14,3.9
295,0.000156792,3.16,3.92
296,0.0001568,3.18,3.92
297,0.000156808,3.18,3.92
298,0.000156816,3.18,3.94
299,0.00015682400000000002,3.2,3.94
300,0.000156832,3.2,3.96
301,0.00015684,3.2,3.96
302,0.000156848,3.24,3.98
303,0.000156856,3.24,3.98
304,0.000156864,3.24,3.98
305,0.000156872,3.2600000000000002,4.0
306,0.00015688,3.2600000000000002,4.0
307,0.000156888,3.2600000000000002,4.0200000000000005
308,0.000156896,3.2800000000000002,4.0200000000000005
309,0.000156904,3.2800000000000002,4.04
310,0.000156912,3.2800000000000002,4.04
311,0.00015692,3.3000000000000003,4.0600000000000005
312,0.000156928,3.3000000000000003,4.0600000000000005
313,0.000156936,3.3200000000000003,4.08
314,0.000156944,3.3200000000000003,4.08
315,0.000156952,3.3200000000000003,4.1
316,0.00015696,3.36,4.1
317,0.000156968,3.34,4.1
318,0.000156976,3.36,4.12
319,0.000156984,3.36,4.12
320,0.000156992,3.38,4.14
321,0.000157,3.4,4.14
322,0.000157008,3.38,4.14
323,0.000157016,3.4,4.16
324,0.000157024,3.4,4.18
325,0.000157032,3.42,4.18
326,0.00015704,3.44,4.18
327,0.000157048,3.42,4.2
328,0.000157056,3.44,4.2
329,0.000157064,3.44,4.22
330,0.000157072,3.46,4.22
331,0.00015708,3.46,4.24
332,0.000157088,3.46,4.24
333,0.00015709600000000002,3.48,4.24
334,0.000157104,3.48,4.26
335,0.000157112,3.5,4.28
336,0.00015712000000000001,3.5,4.28
337,0.000157128,3.52,4.3
338,0.000157136,3.52,4.3
339,0.000157144,3.52,4.32
340,0.000157152,3.54,4.32
341,0.00015716,3.54,4.32
342,0.000157168,3.56,4.34
343,0.000157176,3.56,4.34
344,0.000157184,3.56,4.36
345,0.000157192,3.58,4.36
346,0.0001572,3.58,4.38
347,0.000157208,3.6,4.38
348,0.000157216,3.6,4.4
349,0.000157224,3.62,4.4
350,0.000157232,3.62,4.42
351,0.00015724,3.62,4.42
352,0.000157248,3.64,4.42
353,0.00015725600000000001,3.64,4.44
354,0.000157264,3.66,4.44
355,0.000157272,3.66,4.46
356,0.00015728,3.68,4.46
357,0.000157288,3.68,4.46
358,0.000157296,3.7,4.48
359,0.000157304,3.72,4.5
360,0.000157312,3.7,4.5
361,0.00015732,3.72,4.5
362,0.000157328,3.74,4.5200000000000005
363,0.000157336,3.74,4.5200000000000005
364,0.000157344,3.74,4.54
365,0.000157352,3.7600000000000002,4.54
366,0.00015736,3.7600000000000002,4.5600000000000005
367,0.00015736800000000002,3.7800000000000002,4.5600000000000005
368,0.000157376,3.7800000000000002,4.58
369,0.000157384,3.7800000000000002,4.58
370,0.00015739200000000001,3.8000000000000003,4.6000000000000005
371,0.0001574,3.8000000000000003,4.62
372,0.000157408,3.8200000000000003,4.6000000000000005
373,0.000157416,3.8200000000000003,4.62
374,0.000157424,3.8200000000000003,4.62
375,0.000157432,3.84,4.64
376,0.00015744,3.84,4.64
377,0.000157448,3.86,4.66
378,0.000157456,3.86,4.66
379,0.000157464,3.88,4.68
380,0.000157472,3.9,4.68
381,0.00015748,3.9,4.68
382,0.000157488,3.9,4.7
383,0.000157496,3.9,4.7
384,0.000157504,3.92,4.72
385,0.000157512,3.94,4.72
386,0.00015752,3.94,4.74
387,0.00015752800000000001,3.94,4.74
388,0.000157536,3.94,4.78
389,0.000157544,3.98,4.76
390,0.000157552,3.96,4.78
391,0.00015756,3.98,4.78
392,0.000157568,3.98,4.8
393,0.000157576,4.0,4.82
394,0.000157584,4.0,4.82
395,0.000157592,4.0200000000000005,4.82
396,0.0001576,4.0200000000000005,4.84
397,0.000157608,4.04,4.84
398,0.000157616,4.04,4.86
399,0.000157624,4.0600000000000005,4.86
400,0.000157632,4.0600000000000005,4.86
401,0.00015764,4.0600000000000005,4.88
402,0.000157648,4.08,4.9
403,0.000157656,4.08,4.9
404,0.00015766400000000001,4.1,4.9
405,0.000157672,4.1,4.9
406,0.00015768,4.1,4.92
407,0.000157688,4.12,4.94
408,0.000157696,4.12,4.94
409,0.000157704,4.1,3.72
410,0.000157712,4.0600000000000005,0.08
411,0.00015772,3.94,0.24
412,0.000157728,3.92,0.52
413,0.000157736,3.84,-0.04
414,0.000157744,3.7800000000000002,0.52
415,0.000157752,3.72,0.0
416,0.00015776,3.66,0.1
417,0.000157768,3.6,0.3
418,0.000157776,3.54,0.0
419,0.000157784,3.5,0.26
420,0.000157792,3.44,0.14
421,0.00015780000000000001,3.4,0.16
422,0.000157808,3.34,0.24
423,0.000157816,3.3000000000000003,0.16
424,0.000157824,3.2600000000000002,0.22
425,0.000157832,3.2,0.22
426,0.00015784,3.16,0.2
427,0.000157848,3.1,0.26
428,0.000157856,3.06,0.24
429,0.000157864,3.02,0.26
430,0.000157872,2.98,0.26
431,0.00015788,2.94,0.26
432,0.000157888,2.88,0.28
433,0.000157896,2.86,0.28
434,0.000157904,2.82,0.28
435,0.000157912,2.7800000000000002,0.3
436,0.00015792,2.74,0.3
437,0.000157928,2.7,0.3
438,0.00015793600000000001,2.66,0.32
439,0.000157944,2.62,0.34
440,0.000157952,2.6,0.34
441,0.00015796,2.56,0.34
442,0.000157968,2.52,0.34
443,0.000157976,2.5,0.36
444,0.000157984,2.46,0.36
445,0.000157992,2.44,0.38
446,0.000158,2.4,0.38
447,0.000158008,2.36,0.38
448,0.000158016,2.34,0.42
449,0.000158024,2.32,0.42
450,0.000158032,2.2800000000000002,0.42
451,0.00015804,2.2600000000000002,0.42
452,0.000158048,2.24,0.44
453,0.000158056,2.2,0.44
454,0.000158064,2.18,0.44
455,0.00015807200000000001,2.16,0.46
456,0.00015808,2.14,0.48
457,0.000158088,2.1,0.48
458,0.000158096,2.08,0.48
459,0.000158104,2.06,0.5
460,0.000158112,2.04,0.5
461,0.00015812,2.02,0.5
462,0.000158128,1.98,0.52
463,0.000158136,1.98,0.52
464,0.000158144,1.96,0.54
465,0.000158152,1.92,0.54
466,0.00015816,1.9000000000000001,0.54
467,0.000158168,1.8800000000000001,0.56
468,0.000158176,1.8800000000000001,0.58
469,0.000158184,1.84,0.58
470,0.000158192,1.84,0.6
471,0.0001582,1.82,0.58
472,0.00015820800000000001,1.78,0.6
473,0.000158216,1.78,0.62
474,0.000158224,1.76,0.62
475,0.000158232,1.74,0.62
476,0.00015824,1.72,0.64
477,0.000158248,1.72,0.66
478,0.000158256,1.7,0.66
479,0.000158264,1.68,0.66
480,0.000158272,1.6600000000000001,0.66
481,0.00015828,1.6600000000000001,0.68
482,0.000158288,1.6400000000000001,0.7000000000000001
483,0.000158296,1.6400000000000001,0.7000000000000001
484,0.000158304,1.62,0.72
485,0.000158312,1.6,0.72
486,0.00015832,1.6,0.72
487,0.000158328,1.58,0.74
488,0.000158336,1.56,0.74
489,0.00015834400000000001,1.56,0.76
490,0.000158352,1.54,0.76
491,0.00015836,1.54,0.78
492,0.000158368,1.52,0.78
493,0.000158376,1.52,0.78
494,0.000158384,1.5,0.8
495,0.000158392,1.5,0.8
496,0.0001584,1.48,0.8200000000000001
497,0.000158408,1.48,0.8200000000000001
498,0.000158416,1.46,0.84
499,0.000158424,1.46,0.84
500,0.000158432,1.44,0.86
501,0.00015844,1.44,0.86
502,0.000158448,1.44,0.88
503,0.000158456,1.42,0.88
504,0.000158464,1.42,0.88
505,0.000158472,1.42,0.9
506,0.00015848000000000001,1.4000000000000001,0.9
507,0.000158488,1.4000000000000001,0.92
508,0.000158496,1.3800000000000001,0.92
509,0.000158504,1.3800000000000001,0.9400000000000001
510,0.000158512,1.3800000000000001,0.9400000000000001
511,0.00015852,1.3800000000000001,0.96
512,0.000158528,1.36,0.96
513,0.000158536,1.36,0.96
514,0.000158544,1.36,0.98
515,0.000158552,1.34,0.98
516,0.00015856,1.36,1.0
517,0.000158568,1.34,1.0
518,0.000158576,1.34,1.02
519,0.000158584,1.34,1.02
520,0.000158592,1.34,1.04
521,0.0001586,1.32,1.04
522,0.000158608,1.32,1.06
523,0.00015861600000000001,1.32,1.06
524,0.000158624,1.32,1.06
525,0.000158632,1.32,1.08
526,0.00015864,1.32,1.08
527,0.000158648,1.32,1.1
528,0.000158656,1.3,1.1
529,0.000158664,1.3,1.1
530,0.000158672,1.3,1.12
531,0.00015868,1.3,1.1400000000000001
532,0.000158688,1.3,1.1400000000000001
533,0.000158696,1.3,1.16
534,0.000158704,1.3,1.1400000000000001
535,0.000158712,1.3,1.16
536,0.00015872,1.28,1.18
537,0.000158728,1.28,1.18
538,0.000158736,1.28,1.18
539,0.000158744,1.28,1.2
540,0.00015875200000000001,1.28,1.22
541,0.00015876,1.28,1.22
542,0.000158768,1.28,1.24
543,0.000158776,1.28,1.24
544,0.000158784,1.28,1.26
545,0.000158792,1.26,1.26
546,0.0001588,1.28,1.28
547,0.000158808,1.28,1.28
548,0.000158816,1.28,1.28
549,0.000158824,1.28,1.3
550,0.000158832,1.28,1.3
551,0.00015884,1.28,1.32
552,0.000158848,1.28,1.32
553,0.000158856,1.3,1.34
554,0.000158864,1.3,1.34
555,0.000158872,1.28,1.36
556,0.00015888,1.28,1.36
557,0.00015888800000000001,1.28,1.36
558,0.000158896,1.28,1.3800000000000001
559,0.000158904,1.3,1.3800000000000001
560,0.000158912,1.3,1.4000000000000001
561,0.00015892,1.3,1.4000000000000001
562,0.000158928,1.3,1.42
563,0.000158936,1.3,1.42
564,0.000158944,1.28,1.44
565,0.000158952,1.3,1.44
566,0.00015896,1.3,1.44
567,0.000158968,1.3,1.46
568,0.000158976,1.3,1.46
569,0.000158984,1.32,1.48
570,0.000158992,1.32,1.5
571,0.000159,1.32,1.5
572,0.000159008,1.3,1.5
573,0.000159016,1.32,1.52
574,0.00015902400000000001,1.32,1.52
575,0.000159032,1.32,1.54
576,0.00015904,1.32,1.52
577,0.000159048,1.34,1.54
578,0.000159056,1.32,1.56
579,0.000159064,1.34,1.56
580,0.000159072,1.34,1.56
581,0.00015908,1.34,1.58
582,0.000159088,1.34,1.6
583,0.000159096,1.36,1.6
584,0.000159104,1.36,1.6
585,0.000159112,1.34,1.62
586,0.00015912,1.36,1.62
587,0.000159128,1.36,1.62
588,0.000159136,1.36,1.6400000000000001
589,0.000159144,1.3800000000000001,1.6600000000000001
590,0.000159152,1.3800000000000001,1.6600000000000001
591,0.00015916000000000001,1.3800000000000001,1.68
592,0.000159168,1.4000000000000001,1.68
593,0.000159176,1.4000000000000001,1.68
594,0.000159184,1.4000000000000001,1.7
595,0.000159192,1.4000000000000001,1.7
596,0.0001592,1.3800000000000001,1.72
597,0.000159208,1.4000000000000001,1.72
598,0.000159216,1.4000000000000001,1.74
599,0.000159224,1.42,1.74
600,0.000159232,1.4000000000000001,1.74
601,0.00015924,1.42,1.76
602,0.000159248,1.42,1.78
603,0.000159256,1.42,1.78
604,0.000159264,1.42,1.8
605,0.000159272,1.44,1.8
606,0.00015928,1.44,1.8
607,0.000159288,1.44,1.82
608,0.00015929600000000001,1.46,1.82
609,0.000159304,1.46,1.82
610,0.000159312,1.46,1.84
611,0.00015932,1.48,1.86
612,0.000159328,1.46,1.86
613,0.000159336,1.48,1.8800000000000001
614,0.000159344,1.48,1.8800000000000001
615,0.000159352,1.48,1.8800000000000001
616,0.00015936,1.48,1.9000000000000001
617,0.000159368,1.5,1.92
618,0.000159376,1.52,1.9000000000000001
619,0.000159384,1.52,1.94
620,0.000159392,1.5,1.94
621,0.0001594,1.54,1.94
622,0.000159408,1.52,1.96
623,0.000159416,1.54,1.96
624,0.000159424,1.54,1.98
625,0.00015943200000000001,1.56,1.98
626,0.00015944,1.56,1.98
627,0.000159448,1.56,2.02
628,0.000159456,1.56,2.0
629,0.000159464,1.56,2.02
630,0.000159472,1.58,2.02
631,0.00015948,1.58,2.04
632,0.000159488,1.58,2.04
633,0.000159496,1.6,2.06
634,0.000159504,1.6,2.06
635,0.000159512,1.6,2.08
636,0.00015952,1.62,2.08
637,0.000159528,1.62,2.1
638,0.000159536,1.6400000000000001,2.1
639,0.000159544,1.6400000000000001,2.12
640,0.000159552,1.6400000000000001,2.12
641,0.00015956,1.6400000000000001,2.14
642,0.00015956800000000001,1.6600000000000001,2.14
643,0.000159576,1.6600000000000001,2.14
644,0.000159584,1.6600000000000001,2.16
645,0.000159592,1.6600000000000001,2.18
646,0.0001596,1.6600000000000001,2.16
647,0.000159608,1.68,2.18
648,0.000159616,1.68,2.2
649,0.000159624,1.7,2.2
650,0.000159632,1.7,2.2
651,0.00015964,1.72,2.22
652,0.000159648,1.72,2.22
653,0.000159656,1.72,2.24
654,0.000159664,1.74,2.2600000000000002
655,0.000159672,1.74,2.2600000000000002
656,0.00015968,1.74,2.2600000000000002
657,0.000159688,1.76,2.2600000000000002
658,0.000159696,1.74,2.2800000000000002
659,0.00015970400000000001,1.78,2.3000000000000003
660,0.000159712,1.78,2.3000000000000003
661,0.00015972,1.78,2.3000000000000003
662,0.000159728,1.8,2.32
663,0.000159736,1.8,2.34
664,0.000159744,1.8,2.34
665,0.000159752,1.8,2.36
666,0.00015976,1.82,2.36
667,0.000159768,1.82,2.36
668,0.000159776,1.82,2.38
669,0.000159784,1.82,2.38
670,0.000159792,1.84,2.4
671,0.0001598,1.84,2.4
672,0.000159808,1.86,2.42
673,0.000159816,1.86,2.42
674,0.000159824,1.86,2.42
675,0.000159832,1.8800000000000001,2.44
676,0.00015984000000000001,1.8800000000000001,2.44
677,0.000159848,1.9000000000000001,2.46
678,0.000159856,1.9000000000000001,2.48
679,0.000159864,1.9000000000000001,2.48
680,0.000159872,1.92,2.48
681,0.00015988,1.92,2.48
682,0.000159888,1.92,2.5
683,0.000159896,1.92,2.5
684,0.000159904,1.94,2.52
685,0.000159912,1.96,2.52
686,0.00015992,1.96,2.54
687,0.000159928,1.96,2.54
688,0.000159936,1.96,2.54
689,0.000159944,1.96,2.56
690,0.000159952,2.0,2.56
691,0.00015996,2.0,2.58
692,0.000159968,2.0,2.6
693,0.00015997600000000001,2.02,2.6
694,0.000159984,2.0,2.6
695,0.000159992,2.04,2.62
696,0.00016,2.02,2.62
697,0.000160008,2.04,2.64
698,0.000160016,2.06,2.64
699,0.000160024,2.04,2.64
700,0.000160032,2.06,2.68
701,0.00016004,2.08,2.68
702,0.000160048,2.08,2.68
703,0.000160056,2.08,2.68
704,0.000160064,2.1,2.7
705,0.000160072,2.1,2.72
706,0.00016008,2.1,2.72
707,0.000160088,2.12,2.72
708,0.000160096,2.12,2.74
709,0.000160104,2.14,2.74
710,0.00016011200000000001,2.14,2.7600000000000002
711,0.00016012,2.14,2.7600000000000002
712,0.000160128,2.16,2.7600000000000002
713,0.000160136,2.14,2.7800000000000002
714,0.000160144,2.18,2.7800000000000002
715,0.000160152,2.18,2.7800000000000002
716,0.00016016,2.18,2.82
717,0.000160168,2.2,2.82
718,0.000160176,2.2,2.82
719,0.000160184,2.2,2.84
720,0.000160192,2.22,2.84
721,0.0001602,2.22,2.84
722,0.000160208,2.24,2.88
723,0.000160216,2.24,2.86
724,0.000160224,2.2600000000000002,2.88
725,0.000160232,2.2600000000000002,2.9
726,0.00016024,2.2600000000000002,2.9
727,0.00016024800000000001,2.2800000000000002,2.92
728,0.000160256,2.2800000000000002,2.92
729,0.000160264,2.2800000000000002,2.92
730,0.000160272,2.2800000000000002,2.94
731,0.00016028,2.3000000000000003,2.94
732,0.000160288,2.3000000000000003,2.96
733,0.000160296,2.32,2.96
734,0.000160304,2.32,2.98
735,0.000160312,2.34,2.98
736,0.00016032,2.34,3.0
737,0.000160328,2.34,2.98
738,0.000160336,2.36,3.0
739,0.000160344,2.36,3.02
740,0.000160352,2.38,3.02
741,0.00016036,2.38,3.04
742,0.000160368,2.38,3.04
743,0.000160376,2.4,3.06
744,0.00016038400000000001,2.4,3.06
745,0.000160392,2.4,3.06
746,0.0001604,2.42,3.08
747,0.000160408,2.42,3.1
748,0.000160416,2.44,3.1
749,0.000160424,2.44,3.12
750,0.000160432,2.46,3.12
751,0.00016044,2.46,3.12
752,0.000160448,2.44,3.14
753,0.000160456,2.48,3.14
754,0.000160464,2.48,3.16
755,0.000160472,2.48,3.16
756,0.00016048,2.5,3.18
757,0.000160488,2.5,3.18
758,0.000160496,2.5,3.18
759,0.000160504,2.52,3.2
760,0.000160512,2.52,3.22
761,0.00016052,2.54,3.22
762,0.000160528,2.54,3.22
763,0.000160536,2.54,3.24
764,0.000160544,2.56,3.2600000000000002
765,0.000160552,2.56,3.2600000000000002
766,0.00016056,2.58,3.2600000000000002
767,0.000160568,2.58,3.2800000000000002
768,0.000160576,2.6,3.2800000000000002
769,0.000160584,2.58,3.3000000000000003
770,0.000160592,2.6,3.3000000000000003
771,0.0001606,2.62,3.3000000000000003
772,0.000160608,2.62,3.3200000000000003
773,0.000160616,2.62,3.3200000000000003
774,0.000160624,2.64,3.34
775,0.000160632,2.66,3.34
776,0.00016064,2.64,3.36
777,0.000160648,2.66,3.36
778,0.00016065600000000001,2.68,3.38
779,0.000160664,2.68,3.38
780,0.000160672,2.68,3.4
781,0.00016068,2.68,3.4
782,0.000160688,2.7,3.42
783,0.000160696,2.7,3.42
784,0.000160704,2.72,3.42
785,0.000160712,2.72,3.44
786,0.00016072,2.74,3.44
787,0.000160728,2.74,3.44
788,0.000160736,2.74,3.46
789,0.000160744,2.7600000000000002,3.48
790,0.000160752,2.7800000000000002,3.48
791,0.00016076,2.7800000000000002,3.5
792,0.000160768,2.8000000000000003,3.5
793,0.000160776,2.8000000000000003,3.5
794,0.000160784,2.82,3.52
795,0.000160792,2.8000000000000003,3.52
796,0.0001608,2.82,3.54
797,0.000160808,2.84,3.54
798,0.000160816,2.84,3.56
799,0.000160824,2.86,3.56
800,0.000160832,2.84,3.56
801,0.00016084,2.86,3.58
802,0.000160848,2.86,3.58
803,0.000160856,2.88,3.6
804,0.000160864,2.88,3.6
805,0.000160872,2.88,3.62
806,0.00016088,2.92,3.64
807,0.000160888,2.92,3.64
808,0.000160896,2.92,3.64
809,0.000160904,2.92,3.66
810,0.000160912,2.94,3.68
811,0.00016092,2.94,3.68
812,0.00016092800000000002,2.94,3.68
813,0.000160936,2.96,3.7
814,0.000160944,2.96,3.7
815,0.000160952,2.98,3.72
816,0.00016096,2.98,3.72
817,0.000160968,2.98,3.74
818,0.000160976,3.02,3.74
819,0.000160984,3.0,3.74
820,0.000160992,3.02,3.7600000000000002
821,0.000161,3.04,3.7800000000000002
822,0.000161008,3.02,3.7800000000000002
823,0.000161016,3.04,3.7800000000000002
824,0.000161024,3.06,3.8000000000000003
825,0.000161032,3.06,3.8000000000000003
826,0.00016104,3.06,3.8200000000000003
827,0.000161048,3.08,3.8200000000000003
828,0.000161056,3.08,3.84
829,0.000161064,3.1,3.84
830,0.000161072,3.12,3.86
831,0.00016108,3.12,3.86
832,0.000161088,3.12,3.86
833,0.000161096,3.14,3.88
834,0.000161104,3.14,3.88
835,0.000161112,3.16,3.9
836,0.00016112,3.16,3.9
837,0.000161128,3.16,3.9
838,0.000161136,3.18,3.92
839,0.000161144,3.18,3.94
840,0.000161152,3.2,3.94
841,0.00016116,3.2,3.94
842,0.000161168,3.2,3.96
843,0.000161176,3.22,3.96
844,0.000161184,3.24,3.98
845,0.000161192,3.24,4.0
846,0.00016120000000000002,3.24,4.0
847,0.000161208,3.2600000000000002,4.0
848,0.000161216,3.2600000000000002,4.0
849,0.00016122400000000001,3.2800000000000002,4.0200000000000005
850,0.000161232,3.2800000000000002,4.0200000000000005
851,0.00016124,3.2800000000000002,4.04
852,0.000161248,3.3000000000000003,4.04
853,0.000161256,3.3000000000000003,4.0600000000000005
854,0.000161264,3.3000000000000003,4.08
855,0.000161272,3.34,4.08
856,0.00016128,3.34,4.08
857,0.000161288,3.34,4.1
858,0.000161296,3.34,4.12
859,0.000161304,3.36,4.1
860,0.000161312,3.36,4.12
861,0.00016132,3.38,4.14
862,0.000161328,3.38,4.14
863,0.000161336,3.4,4.16
864,0.000161344,3.4,4.16
865,0.000161352,3.4,4.16
866,0.00016136000000000001,3.42,4.18
867,0.000161368,3.42,4.18
868,0.000161376,3.42,4.2
869,0.000161384,3.44,4.2
870,0.000161392,3.44,4.22
871,0.0001614,3.46,4.22
872,0.000161408,3.46,4.24
873,0.000161416,3.48,4.24
874,0.000161424,3.48,4.24
875,0.000161432,3.48,4.26
876,0.00016144,3.5,4.28
877,0.000161448,3.5,4.28
878,0.000161456,3.52,4.28
879,0.000161464,3.52,4.3
880,0.00016147200000000002,3.54,4.3
881,0.00016148,3.54,4.32
882,0.000161488,3.54,4.32
883,0.00016149600000000001,3.56,4.34
884,0.000161504,3.56,4.36
885,0.000161512,3.58,4.36
886,0.00016152,3.58,4.38
887,0.000161528,3.6,4.36
888,0.000161536,3.58,4.38
889,0.000161544,3.62,4.38
890,0.000161552,3.62,4.4
891,0.00016156,3.62,4.42
892,0.000161568,3.62,4.42
893,0.000161576,3.64,4.42
894,0.000161584,3.64,4.44
895,0.000161592,3.66,4.46
896,0.0001616,3.66,4.46
897,0.000161608,3.68,4.46
898,0.000161616,3.68,4.48
899,0.000161624,3.7,4.48
900,0.00016163200000000001,3.7,4.5
901,0.00016164,3.7,4.5
902,0.000161648,3.74,4.5
903,0.000161656,3.72,4.5200000000000005
904,0.000161664,3.72,4.5200000000000005
905,0.000161672,3.7600000000000002,4.54
906,0.00016168,3.7600000000000002,4.54
907,0.000161688,3.7600000000000002,4.5600000000000005
908,0.000161696,3.7600000000000002,4.5600000000000005
909,0.000161704,3.7800000000000002,4.58
910,0.000161712,3.8000000000000003,4.6000000000000005
911,0.00016172,3.8000000000000003,4.58
912,0.000161728,3.8000000000000003,4.6000000000000005
913,0.000161736,3.8200000000000003,4.62
914,0.00016174400000000002,3.8200000000000003,4.62
915,0.000161752,3.8200000000000003,4.64
916,0.00016176,3.84,4.64
917,0.00016176800000000001,3.86,4.64
918,0.000161776,3.86,4.66
919,0.000161784,3.86,4.66
920,0.000161792,3.86,4.68
921,0.0001618,3.88,4.68
922,0.000161808,3.88,4.7
923,0.000161816,3.9,4.7
924,0.000161824,3.9,4.7
925,0.000161832,3.92,4.72
926,0.00016184,3.94,4.74
927,0.000161848,3.94,4.72
928,0.000161856,3.94,4.74
929,0.000161864,3.96,4.76
930,0.000161872,3.96,4.76
931,0.00016188,3.96,4.78
932,0.000161888,3.96,4.78
933,0.000161896,4.0,4.8
934,0.00016190400000000001,3.98,4.8
935,0.000161912,4.0200000000000005,4.8
936,0.00016192,4.0200000000000005,4.82
937,0.000161928,4.0200000000000005,4.82
938,0.000161936,4.0200000000000005,4.84
939,0.000161944,4.04,4.84
940,0.000161952,4.04,4.86
941,0.00016196,4.0600000000000005,4.88
942,0.000161968,4.0600000000000005,4.88
943,0.000161976,4.08,4.9
944,0.000161984,4.08,4.9
945,0.000161992,4.1,4.9
946,0.000162,4.12,4.92
947,0.000162008,4.1,4.92
948,0.00016201600000000002,4.1,4.94
949,0.000162024,4.12,4.94
950,0.000162032,4.1,3.72
951,0.00016204000000000001,4.0600000000000005,0.06
952,0.000162048,3.94,0.24
953,0.000162056,3.92,0.52
954,0.000162064,3.84,-0.04
955,0.000162072,3.7800000000000002,0.52
956,0.00016208,3.74,0.0
957,0.000162088,3.66,0.08
958,0.000162096,3.6,0.32
959,0.000162104,3.54,0.0
960,0.000162112,3.5,0.26
961,0.00016212,3.44,0.16
962,0.000162128,3.4,0.16
963,0.000162136,3.34,0.24
964,0.000162144,3.3000000000000003,0.14
965,0.000162152,3.24,0.22
966,0.00016216,3.2,0.22
967,0.000162168,3.14,0.2
968,0.00016217600000000001,3.1,0.26
969,0.000162184,3.06,0.22
970,0.000162192,3.02,0.26
971,0.0001622,2.96,0.26
972,0.000162208,2.92,0.26
973,0.000162216,2.9,0.28
974,0.000162224,2.86,0.28
975,0.000162232,2.8000000000000003,0.28
976,0.00016224,2.7800000000000002,0.3
977,0.000162248,2.72,0.3
978,0.000162256,2.68,0.32
979,0.000162264,2.66,0.32
980,0.000162272,2.62,0.34
981,0.00016228,2.58,0.34
982,0.00016228800000000002,2.54,0.34
983,0.000162296,2.52,0.34
984,0.000162304,2.48,0.36
985,0.00016231200000000001,2.46,0.38
986,0.00016232,2.44,0.38
987,0.000162328,2.4,0.38
988,0.000162336,2.38,0.4
989,0.000162344,2.34,0.4
990,0.000162352,2.32,0.4
991,0.00016236,2.2800000000000002,0.42
992,0.000162368,2.2600000000000002,0.44
993,0.000162376,2.24,0.44
994,0.000162384,2.2,0.44
995,0.000162392,2.18,0.44
996,0.0001624,2.14,0.46
997,0.000162408,2.12,0.48
998,0.000162416,2.1,0.48
999,0.000162424,2.08,0.48
1000,0.000162432,2.06,0.5
1001,0.00016244,2.04,0.5
1002,0.00016244800000000001,2.02,0.5
1003,0.000162456,1.98,0.52
1004,0.000162464,1.96,0.52
1005,0.000162472,1.94,0.54
1006,0.00016248,1.94,0.56
1007,0.000162488,1.9000000000000001,0.56
1008,0.000162496,1.9000000000000001,0.56
1009,0.000162504,1.86,0.58
1010,0.000162512,1.84,0.58
1011,0.00016252,1.84,0.6
1012,0.000162528,1.82,0.6
1013,0.000162536,1.8,0.6
1014,0.000162544,1.78,0.62
1015,0.000162552,1.76,0.62
1016,0.00016256000000000002,1.76,0.64
1017,0.000162568,1.74,0.64
1018,0.000162576,1.72,0.66
1019,0.00016258400000000001,1.7,0.66
1020,0.000162592,1.68,0.66
1021,0.0001626,1.68,0.68
1022,0.000162608,1.6600000000000001,0.68
1023,0.000162616,1.6400000000000001,0.7000000000000001
1024,0.000162624,1.6400000000000001,0.7000000000000001
1025,0.000162632,1.62,0.72
1026,0.00016264,1.6,0.72
1027,0.000162648,1.58,0.74
1028,0.000162656,1.56,0.72
1029,0.000162664,1.56,0.74
1030,0.000162672,1.56,0.76
1031,0.00016268,1.54,0.76
1032,0.000162688,1.54,0.78
1033,0.000162696,1.52,0.78
1034,0.000162704,1.5,0.8
1035,0.000162712,1.5,0.8
1036,0.00016272000000000001,1.48,0.8200000000000001
1037,0.000162728,1.48,0.8200000000000001
1038,0.000162736,1.48,0.8200000000000001
1039,0.000162744,1.46,0.84
1040,0.000162752,1.46,0.84
1041,0.00016276,1.44,0.84
1042,0.000162768,1.42,0.86
1043,0.000162776,1.44,0.88
1044,0.000162784,1.42,0.88
1045,0.000162792,1.42,0.9
1046,0.0001628,1.42,0.9
1047,0.000162808,1.4000000000000001,0.9
1048,0.000162816,1.3800000000000001,0.92
1049,0.000162824,1.4000000000000001,0.92
1050,0.00016283200000000002,1.3800000000000001,0.9400000000000001
1051,0.00016284,1.3800000000000001,0.9400000000000001
1052,0.000162848,1.3800000000000001,0.96
1053,0.00016285600000000001,1.36,0.96
1054,0.000162864,1.36,0.96
1055,0.000162872,1.36,0.98
1056,0.00016288,1.36,0.98
1057,0.000162888,1.34,1.0
1058,0.000162896,1.34,1.0
1059,0.000162904,1.34,1.02
1060,0.000162912,1.34,1.02
1061,0.00016292,1.32,1.04
1062,0.000162928,1.32,1.04
1063,0.000162936,1.32,1.04
1064,0.000162944,1.32,1.06
1065,0.000162952,1.32,1.08
1066,0.00016296,1.32,1.08
1067,0.000162968,1.32,1.08
1068,0.000162976,1.3,1.1
1069,0.000162984,1.3,1.1
1070,0.00016299200000000001,1.28,1.12
1071,0.000163,1.3,1.12
1072,0.000163008,1.3,1.12
1073,0.000163016,1.28,1.12
1074,0.000163024,1.3,1.1400000000000001
1075,0.000163032,1.28,1.16
1076,0.00016304,1.28,1.18
1077,0.000163048,1.28,1.18
1078,0.000163056,1.28,1.18
1079,0.000163064,1.28,1.2
1080,0.000163072,1.28,1.18
1081,0.00016308,1.28,1.22
1082,0.000163088,1.28,1.22
1083,0.000163096,1.26,1.24
1084,0.00016310400000000002,1.28,1.24
1085,0.000163112,1.28,1.26
1086,0.00016312,1.28,1.26
1087,0.00016312800000000001,1.28,1.26
1088,0.000163136,1.28,1.28
1089,0.000163144,1.28,1.28
1090,0.000163152,1.28,1.3
1091,0.00016316,1.26,1.32
1092,0.000163168,1.28,1.3
1093,0.000163176,1.26,1.34
1094,0.000163184,1.28,1.34
1095,0.000163192,1.28,1.34
1096,0.0001632,1.28,1.36
1097,0.000163208,1.28,1.36
1098,0.000163216,1.28,1.36
1099,0.000163224,1.28,1.3800000000000001
1100,0.000163232,1.3,1.3800000000000001
1101,0.00016324,1.3,1.4000000000000001
1102,0.000163248,1.3,1.4000000000000001
1103,0.000163256,1.3,1.42
1104,0.00016326400000000001,1.28,1.42
1105,0.000163272,1.3,1.44
1106,0.00016328,1.3,1.44
1107,0.000163288,1.3,1.46
1108,0.000163296,1.32,1.46
1109,0.000163304,1.32,1.46
1110,0.000163312,1.32,1.48
1111,0.00016332,1.3,1.48
1112,0.000163328,1.32,1.5
1113,0.000163336,1.32,1.5
1114,0.000163344,1.32,1.5
1115,0.000163352,1.32,1.52
1116,0.00016336,1.32,1.54
1117,0.000163368,1.32,1.54
1118,0.00016337600000000002,1.34,1.54
1119,0.000163384,1.34,1.56
1120,0.000163392,1.34,1.56
1121,0.00016340000000000001,1.34,1.58
1122,0.000163408,1.34,1.58
1123,0.000163416,1.34,1.6
1124,0.000163424,1.36,1.6
1125,0.000163432,1.36,1.6
1126,0.00016344,1.36,1.62
1127,0.000163448,1.36,1.6400000000000001
1128,0.000163456,1.36,1.6400000000000001
1129,0.000163464,1.36,1.6400000000000001
1130,0.000163472,1.36,1.6600000000000001
1131,0.00016348,1.3800000000000001,1.6600000000000001
1132,0.000163488,1.3800000000000001,1.68
1133,0.000163496,1.3800000000000001,1.68
1134,0.000163504,1.4000000000000001,1.7
1135,0.000163512,1.3800000000000001,1.7
1136,0.00016352,1.3800000000000001,1.7
1137,0.000163528,1.4000000000000001,1.72
1138,0.00016353600000000001,1.4000000000000001,1.74
1139,0.000163544,1.42,1.72
1140,0.000163552,1.4000000000000001,1.74
1141,0.00016356,1.4000000000000001,1.74
1142,0.000163568,1.42,1.76
1143,0.000163576,1.44,1.78
1144,0.000163584,1.44,1.76
1145,0.000163592,1.44,1.78
1146,0.0001636,1.44,1.8
1147,0.000163608,1.46,1.8
1148,0.000163616,1.46,1.8
1149,0.000163624,1.46,1.84
1150,0.000163632,1.46,1.84
1151,0.00016364,1.48,1.84
1152,0.00016364800000000002,1.48,1.84
1153,0.000163656,1.48,1.86
1154,0.000163664,1.48,1.86
1155,0.00016367200000000001,1.48,1.8800000000000001
1156,0.00016368,1.5,1.8800000000000001
1157,0.000163688,1.5,1.9000000000000001
1158,0.000163696,1.5,1.9000000000000001
1159,0.000163704,1.52,1.92
1160,0.000163712,1.52,1.94
1161,0.00016372,1.5,1.92
1162,0.000163728,1.52,1.94
1163,0.000163736,1.54,1.96
1164,0.000163744,1.52,1.96
1165,0.000163752,1.54,1.98
1166,0.00016376,1.54,1.98
1167,0.000163768,1.56,2.0
1168,0.000163776,1.56,2.0
1169,0.000163784,1.56,2.0
1170,0.000163792,1.58,2.02
1171,0.0001638,1.58,2.02
1172,0.00016380800000000001,1.58,2.04
1173,0.000163816,1.58,2.06
1174,0.000163824,1.6,2.04
1175,0.000163832,1.58,2.08
1176,0.00016384,1.6,2.08
1177,0.000163848,1.6,2.08
1178,0.000163856,1.62,2.1
1179,0.000163864,1.62,2.1
1180,0.000163872,1.6400000000000001,2.12
1181,0.00016388,1.62,2.1
1182,0.000163888,1.6400000000000001,2.14
1183,0.000163896,1.6600000000000001,2.14
1184,0.000163904,1.6600000000000001,2.14
1185,0.000163912,1.6600000000000001,2.14
1186,0.00016392000000000002,1.6600000000000001,2.16
1187,0.000163928,1.68,2.18
1188,0.000163936,1.68,2.18
1189,0.00016394400000000001,1.68,2.18
1190,0.000163952,1.7,2.2
1191,0.00016396,1.7,2.22
1192,0.000163968,1.72,2.22
1193,0.000163976,1.72,2.22
1194,0.000163984,1.72,2.24
1195,0.000163992,1.72,2.24
1196,0.000164,1.74,2.2600000000000002
1197,0.000164008,1.74,2.2600000000000002
1198,0.000164016,1.76,2.2600000000000002
1199,0.000164024,1.74,2.2800000000000002
1200,0.000164032,1.76,2.2800000000000002
1201,0.00016404,1.78,2.2800000000000002
1202,0.000164048,1.78,2.3000000000000003
1203,0.000164056,1.78,2.32
1204,0.000164064,1.8,2.32
1205,0.000164072,1.8,2.34
1206,0.00016408,1.8,2.34
1207,0.000164088,1.8,2.36
1208,0.000164096,1.82,2.36
1209,0.000164104,1.82,2.38
1210,0.000164112,1.84,2.38
1211,0.00016412,1.84,2.4
1212,0.000164128,1.86,2.4
1213,0.000164136,1.86,2.4
1214,0.000164144,1.86,2.4
1215,0.000164152,1.86,2.42
1216,0.00016416,1.8800000000000001,2.44
1217,0.000164168,1.8800000000000001,2.46
1218,0.000164176,1.9000000000000001,2.44
1219,0.000164184,1.9000000000000001,2.46
1220,0.00016419200000000002,1.9000000000000001,2.48
1221,0.0001642,1.92,2.48
1222,0.000164208,1.92,2.48
1223,0.00016421600000000001,1.92,2.5
1224,0.000164224,1.92,2.52
1225,0.000164232,1.94,2.5
1226,0.00016424,1.96,2.54
1227,0.000164248,1.96,2.54
1228,0.000164256,1.96,2.54
1229,0.000164264,1.98,2.56
1230,0.000164272,1.98,2.56
1231,0.00016428,2.0,2.58
1232,0.000164288,2.0,2.58
1233,0.000164296,2.0,2.58
1234,0.000164304,2.02,2.6
1235,0.000164312,2.0,2.62
1236,0.00016432,2.02,2.6
1237,0.000164328,2.04,2.64
1238,0.000164336,2.04,2.62
1239,0.000164344,2.06,2.66
1240,0.000164352,2.06,2.66
1241,0.00016436,2.06,2.66
1242,0.000164368,2.08,2.68
1243,0.000164376,2.08,2.68
1244,0.000164384,2.08,2.68
1245,0.000164392,2.08,2.7
1246,0.0001644,2.1,2.72
1247,0.000164408,2.12,2.72
1248,0.000164416,2.12,2.72
1249,0.000164424,2.12,2.74
1250,0.000164432,2.14,2.74
1251,0.00016444,2.14,2.74
1252,0.000164448,2.14,2.7600000000000002
1253,0.000164456,2.16,2.7600000000000002
1254,0.000164464,2.16,2.7800000000000002
1255,0.000164472,2.16,2.7800000000000002
1256,0.00016448,2.18,2.8000000000000003
1257,0.00016448800000000001,2.18,2.8000000000000003
1258,0.000164496,2.2,2.82
1259,0.000164504,2.18,2.82
1260,0.000164512,2.22,2.84
1261,0.00016452,2.2,2.84
1262,0.000164528,2.22,2.86
1263,0.000164536,2.22,2.86
1264,0.000164544,2.24,2.88
1265,0.000164552,2.24,2.88
1266,0.00016456,2.2600000000000002,2.88
1267,0.000164568,2.2600000000000002,2.9
1268,0.000164576,2.2600000000000002,2.92
1269,0.000164584,2.2800000000000002,2.9
1270,0.000164592,2.2800000000000002,2.92
1271,0.0001646,2.3000000000000003,2.92
1272,0.000164608,2.3000000000000003,2.94
1273,0.000164616,2.32,2.94
1274,0.000164624,2.3000000000000003,2.96
1275,0.000164632,2.32,2.96
1276,0.00016464,2.34,2.98
1277,0.000164648,2.34,2.98
1278,0.000164656,2.34,3.0
1279,0.000164664,2.36,3.0
1280,0.000164672,2.34,3.02
1281,0.00016468,2.38,3.02
1282,0.000164688,2.38,3.04
1283,0.000164696,2.38,3.04
1284,0.000164704,2.4,3.06
1285,0.000164712,2.4,3.06
1286,0.00016472,2.4,3.06
1287,0.000164728,2.42,3.08
1288,0.000164736,2.42,3.1
1289,0.000164744,2.42,3.1
1290,0.000164752,2.44,3.1
1291,0.00016476000000000001,2.46,3.1
1292,0.000164768,2.46,3.12
1293,0.000164776,2.46,3.14
1294,0.000164784,2.48,3.16
1295,0.000164792,2.46,3.16
1296,0.0001648,2.48,3.16
1297,0.000164808,2.5,3.16
1298,0.000164816,2.5,3.18
1299,0.000164824,2.5,3.18
1300,0.000164832,2.52,3.2
1301,0.00016484,2.52,3.2
1302,0.000164848,2.52,3.22
1303,0.000164856,2.52,3.22
1304,0.000164864,2.56,3.24
1305,0.000164872,2.56,3.24
1306,0.00016488,2.56,3.24
1307,0.000164888,2.58,3.2600000000000002
1308,0.000164896,2.58,3.2600000000000002
1309,0.000164904,2.58,3.2800000000000002
1310,0.000164912,2.6,3.3000000000000003
1311,0.00016492,2.62,3.3000000000000003
1312,0.000164928,2.62,3.3000000000000003
1313,0.000164936,2.62,3.3200000000000003
1314,0.000164944,2.62,3.34
1315,0.000164952,2.64,3.34
1316,0.00016496,2.64,3.34
1317,0.000164968,2.64,3.36
1318,0.000164976,2.66,3.36
1319,0.000164984,2.66,3.38
1320,0.000164992,2.68,3.38
1321,0.000165,2.7,3.38
1322,0.000165008,2.68,3.4
1323,0.000165016,2.7,3.4
1324,0.000165024,2.72,3.42
1325,0.00016503200000000002,2.72,3.42
1326,0.00016504,2.72,3.44
1327,0.000165048,2.74,3.46
1328,0.000165056,2.7600000000000002,3.46
1329,0.000165064,2.7600000000000002,3.46
1330,0.000165072,2.7800000000000002,3.46
1331,0.00016508,2.7600000000000002,3.48
1332,0.000165088,2.7800000000000002,3.5
1333,0.000165096,2.8000000000000003,3.5
1334,0.000165104,2.8000000000000003,3.5
1335,0.000165112,2.8000000000000003,3.52
1336,0.00016512,2.8000000000000003,3.54
1337,0.000165128,2.82,3.54
1338,0.000165136,2.82,3.54
1339,0.000165144,2.84,3.56
1340,0.000165152,2.84,3.58
1341,0.00016516,2.84,3.58
1342,0.000165168,2.86,3.58
1343,0.000165176,2.86,3.6
1344,0.000165184,2.88,3.6
1345,0.000165192,2.88,3.6
1346,0.0001652,2.9,3.62
1347,0.000165208,2.9,3.62
1348,0.000165216,2.9,3.64
1349,0.000165224,2.92,3.64
1350,0.000165232,2.92,3.66
1351,0.00016524,2.94,3.68
1352,0.000165248,2.94,3.68
1353,0.000165256,2.94,3.68
1354,0.000165264,2.96,3.7
1355,0.000165272,2.96,3.7
1356,0.00016528,2.98,3.72
1357,0.000165288,3.0,3.72
1358,0.000165296,3.0,3.74
1359,0.00016530400000000002,3.0,3.74
1360,0.000165312,3.0,3.7600000000000002
1361,0.00016532,3.02,3.7600000000000002
1362,0.00016532800000000001,3.02,3.7800000000000002
1363,0.000165336,3.04,3.7800000000000002
1364,0.000165344,3.06,3.7800000000000002
1365,0.000165352,3.04,3.8000000000000003
1366,0.00016536,3.08,3.8000000000000003
1367,0.000165368,3.08,3.8200000000000003
1368,0.000165376,3.08,3.8200000000000003
1369,0.000165384,3.08,3.84
1370,0.000165392,3.1,3.84
1371,0.0001654,3.1,3.84
1372,0.000165408,3.12,3.86
1373,0.000165416,3.12,3.88
1374,0.000165424,3.12,3.88
1375,0.000165432,3.14,3.88
1376,0.00016544,3.14,3.9
1377,0.000165448,3.16,3.9
1378,0.000165456,3.16,3.92
1379,0.00016546400000000001,3.16,3.92
1380,0.000165472,3.2,3.94
1381,0.00016548,3.18,3.94
1382,0.000165488,3.2,3.94
1383,0.000165496,3.2,3.96
1384,0.000165504,3.22,3.98
1385,0.000165512,3.24,3.98
1386,0.00016552,3.24,4.0
1387,0.000165528,3.24,3.98
1388,0.000165536,3.2600000000000002,4.0
1389,0.000165544,3.2600000000000002,4.0
1390,0.000165552,3.2600000000000002,4.0200000000000005
1391,0.00016556,3.2800000000000002,4.0200000000000005
1392,0.000165568,3.2800000000000002,4.04
1393,0.00016557600000000002,3.3000000000000003,4.04
1394,0.000165584,3.3000000000000003,4.04
1395,0.000165592,3.3000000000000003,4.0600000000000005
1396,0.00016560000000000001,3.3200000000000003,4.08
1397,0.000165608,3.3200000000000003,4.08
1398,0.000165616,3.34,4.1
1399,0.000165624,3.34,4.1
1400,0.000165632,3.36,4.12
1401,0.00016564,3.38,4.12
1402,0.000165648,3.38,4.12
1403,0.000165656,3.38,4.14
1404,0.000165664,3.4,4.16
1405,0.000165672,3.4,4.16
1406,0.00016568,3.4,4.18
1407,0.000165688,3.42,4.18
1408,0.000165696,3.44,4.18
1409,0.000165704,3.42,4.2
1410,0.000165712,3.44,4.22
1411,0.00016572,3.46,4.22
1412,0.000165728,3.44,4.22
1413,0.00016573600000000001,3.48,4.24
1414,0.000165744,3.46,4.24
1415,0.000165752,3.48,4.26
1416,0.00016576,3.5,4.26
1417,0.000165768,3.5,4.26
1418,0.000165776,3.5,4.3
1419,0.000165784,3.52,4.3
1420,0.000165792,3.52,4.3
1421,0.0001658,3.54,4.3
1422,0.000165808,3.54,4.32
1423,0.000165816,3.56,4.32
1424,0.000165824,3.56,4.34
1425,0.000165832,3.56,4.36
1426,0.00016584,3.58,4.34
1427,0.00016584800000000002,3.58,4.38
1428,0.000165856,3.58,4.38
1429,0.000165864,3.6,4.38
1430,0.00016587200000000001,3.6,4.4
1431,0.00016588,3.62,4.4
1432,0.000165888,3.62,4.42
1433,0.000165896,3.62,4.42
1434,0.000165904,3.66,4.42
1435,0.000165912,3.66,4.42
1436,0.00016592,3.66,4.46
1437,0.000165928,3.66,4.46
1438,0.000165936,3.68,4.46
1439,0.000165944,3.68,4.48
1440,0.000165952,3.7,4.48
1441,0.00016596,3.72,4.48
1442,0.000165968,3.7,4.5
1443,0.000165976,3.72,4.5
1444,0.000165984,3.72,4.5200000000000005
1445,0.000165992,3.74,4.5200000000000005
1446,0.000166,3.7600000000000002,4.54
1447,0.00016600800000000001,3.7600000000000002,4.54
1448,0.000166016,3.7600000000000002,4.5600000000000005
1449,0.000166024,3.7800000000000002,4.5600000000000005
1450,0.000166032,3.7800000000000002,4.5600000000000005
1451,0.00016604,3.8000000000000003,4.58
1452,0.000166048,3.8000000000000003,4.6000000000000005
1453,0.000166056,3.8200000000000003,4.6000000000000005
1454,0.000166064,3.8200000000000003,4.62
1455,0.000166072,3.84,4.62
1456,0.00016608,3.84,4.62
1457,0.000166088,3.84,4.62
1458,0.000166096,3.84,4.66
1459,0.000166104,3.86,4.66
1460,0.000166112,3.88,4.66
1461,0.00016612000000000002,3.88,4.66
1462,0.000166128,3.88,4.68
1463,0.000166136,3.9,4.7
1464,0.00016614400000000001,3.9,4.7
1465,0.000166152,3.92,4.7
1466,0.00016616,3.92,4.72
1467,0.000166168,3.92,4.72
1468,0.000166176,3.92,4.74
1469,0.000166184,3.94,4.74
1470,0.000166192,3.94,4.74
1471,0.0001662,3.96,4.78
1472,0.000166208,3.96,4.78
1473,0.000166216,3.98,4.8
1474,0.000166224,4.0,4.8
1475,0.000166232,4.0,4.8
1476,0.00016624,4.0,4.82
1477,0.000166248,4.0200000000000005,4.82
1478,0.000166256,4.0200000000000005,4.84
1479,0.000166264,4.0200000000000005,4.86
1480,0.000166272,4.04,4.84
1481,0.00016628000000000001,4.04,4.86
1482,0.000166288,4.0600000000000005,4.86
1483,0.000166296,4.0600000000000005,4.88
1484,0.000166304,4.08,4.88
1485,0.000166312,4.08,4.9
1486,0.00016632,4.08,4.9
1487,0.000166328,4.1,4.92
1488,0.000166336,4.1,4.92
1489,0.000166344,4.12,4.92
1490,0.000166352,4.12,4.94
1491,0.00016636,4.08,3.7600000000000002
1492,0.000166368,4.0600000000000005,0.08
1493,0.000166376,3.94,0.22
1494,0.000166384,3.92,0.54
1495,0.00016639200000000002,3.84,-0.04
1496,0.0001664,3.7800000000000002,0.5
1497,0.000166408,3.72,0.0
1498,0.00016641600000000001,3.66,0.08
1499,0.000166424,3.6,0.32
1500,0.000166432,3.54,0.0
1501,0.00016644,3.5,0.26
1502,0.000166448,3.44,0.14
1503,0.000166456,3.4,0.14
1504,0.000166464,3.34,0.26
1505,0.000166472,3.3000000000000003,0.14
1506,0.00016648,3.24,0.22
1507,0.000166488,3.2,0.22
1508,0.000166496,3.14,0.2
1509,0.000166504,3.1,0.24
1510,0.000166512,3.06,0.22
1511,0.00016652,3.02,0.24
1512,0.000166528,2.98,0.26
1513,0.000166536,2.92,0.26
1514,0.000166544,2.88,0.28
1515,0.00016655200000000001,2.84,0.28
1516,0.00016656,2.8000000000000003,0.28
1517,0.000166568,2.7600000000000002,0.3
1518,0.000166576,2.74,0.28
1519,0.000166584,2.7,0.32
1520,0.000166592,2.66,0.3
1521,0.0001666,2.62,0.32
1522,0.000166608,2.58,0.32
1523,0.000166616,2.56,0.34
1524,0.000166624,2.52,0.36
1525,0.000166632,2.5,0.36
1526,0.00016664,2.46,0.38
1527,0.000166648,2.42,0.36
1528,0.000166656,2.4,0.38
1529,0.00016666400000000002,2.38,0.4
1530,0.000166672,2.34,0.4
1531,0.00016668,2.32,0.42
1532,0.00016668800000000001,2.2800000000000002,0.42
1533,0.000166696,2.24,0.42
1534,0.000166704,2.22,0.44
1535,0.000166712,2.2,0.44
1536,0.00016672,2.18,0.46
1537,0.000166728,2.16,0.46
1538,0.000166736,2.12,0.46
1539,0.000166744,2.1,0.48
1540,0.000166752,2.08,0.48
1541,0.00016676,2.06,0.5
1542,0.000166768,2.02,0.5
1543,0.000166776,2.0,0.5
1544,0.000166784,2.0,0.52
1545,0.000166792,1.98,0.52
1546,0.0001668,1.96,0.52
1547,0.000166808,1.92,0.54
1548,0.000166816,1.92,0.56
1549,0.00016682400000000001,1.8800000000000001,0.56
1550,0.000166832,1.86,0.58
1551,0.00016684,1.86,0.58
1552,0.000166848,1.84,0.6
1553,0.000166856,1.8,0.6
1554,0.000166864,1.8,0.6
1555,0.000166872,1.78,0.62
1556,0.00016688,1.76,0.62
1557,0.000166888,1.76,0.62
1558,0.000166896,1.72,0.64
1559,0.000166904,1.72,0.66
1560,0.000166912,1.68,0.66
1561,0.00016692,1.68,0.66
1562,0.000166928,1.6600000000000001,0.68
1563,0.00016693600000000002,1.6600000000000001,0.68
1564,0.000166944,1.6400000000000001,0.7000000000000001
1565,0.000166952,1.62,0.7000000000000001
1566,0.00016696000000000001,1.62,0.7000000000000001
1567,0.000166968,1.58,0.72
1568,0.000166976,1.58,0.74
1569,0.000166984,1.56,0.72
1570,0.000166992,1.56,0.74
1571,0.000167,1.56,0.76
1572,0.000167008,1.54,0.76
1573,0.000167016,1.54,0.76
1574,0.000167024,1.52,0.78
1575,0.000167032,1.52,0.78
1576,0.00016704,1.48,0.8
1577,0.000167048,1.5,0.8
1578,0.000167056,1.48,0.8200000000000001
1579,0.000167064,1.46,0.8200000000000001
1580,0.000167072,1.46,0.84
1581,0.00016708,1.44,0.84
1582,0.000167088,1.44,0.86
1583,0.00016709600000000001,1.44,0.86
1584,0.000167104,1.42,0.86
1585,0.000167112,1.42,0.88
1586,0.00016712,1.42,0.88
1587,0.000167128,1.4000000000000001,0.9
1588,0.000167136,1.4000000000000001,0.9
1589,0.000167144,1.4000000000000001,0.92
1590,0.000167152,1.3800000000000001,0.9400000000000001
1591,0.00016716,1.3800000000000001,0.9400000000000001
1592,0.000167168,1.36,0.9400000000000001
1593,0.000167176,1.36,0.96
1594,0.000167184,1.36,0.96
1595,0.000167192,1.36,0.98
1596,0.0001672,1.36,0.98
1597,0.00016720800000000002,1.34,0.98
1598,0.000167216,1.34,1.0
1599,0.000167224,1.34,1.0
1600,0.00016723200000000001,1.34,1.0
1601,0.00016724,1.32,1.02
1602,0.000167248,1.34,1.02
1603,0.000167256,1.32,1.04
1604,0.000167264,1.32,1.06
1605,0.000167272,1.32,1.06
1606,0.00016728,1.32,1.08
1607,0.000167288,1.32,1.08
1608,0.000167296,1.3,1.08
1609,0.000167304,1.3,1.08
1610,0.000167312,1.3,1.1
1611,0.00016732,1.3,1.12
1612,0.000167328,1.3,1.12
1613,0.000167336,1.3,1.1400000000000001
1614,0.000167344,1.28,1.1400000000000001
1615,0.000167352,1.28,1.1400000000000001
1616,0.00016736,1.3,1.16
1617,0.00016736800000000001,1.3,1.16
1618,0.000167376,1.28,1.18
1619,0.000167384,1.28,1.18
1620,0.000167392,1.28,1.2
1621,0.0001674,1.28,1.2
1622,0.000167408,1.28,1.2
1623,0.000167416,1.28,1.22
1624,0.000167424,1.28,1.22
1625,0.000167432,1.28,1.24
1626,0.00016744,1.28,1.26
1627,0.000167448,1.28,1.24
1628,0.000167456,1.28,1.26
1629,0.000167464,1.28,1.28
1630,0.000167472,1.26,1.28
1631,0.00016748000000000002,1.28,1.3
1632,0.000167488,1.26,1.3
1633,0.000167496,1.28,1.32
1634,0.00016750400000000001,1.28,1.32
1635,0.000167512,1.28,1.34
1636,0.00016752,1.28,1.34
1637,0.000167528,1.28,1.36
1638,0.000167536,1.28,1.36
1639,0.000167544,1.3,1.3800000000000001
1640,0.000167552,1.26,1.3800000000000001
1641,0.00016756,1.28,1.3800000000000001
1642,0.000167568,1.3,1.4000000000000001
1643,0.000167576,1.28,1.4000000000000001
1644,0.000167584,1.3,1.42
1645,0.000167592,1.3,1.42
1646,0.0001676,1.28,1.44
1647,0.000167608,1.3,1.44
1648,0.000167616,1.3,1.46
1649,0.000167624,1.3,1.46
1650,0.000167632,1.3,1.46
1651,0.00016764000000000001,1.32,1.48
1652,0.000167648,1.32,1.48
1653,0.000167656,1.3,1.48
1654,0.000167664,1.32,1.5
1655,0.000167672,1.32,1.5
1656,0.00016768,1.32,1.52
1657,0.000167688,1.32,1.52
1658,0.000167696,1.32,1.54
1659,0.000167704,1.34,1.54
1660,0.000167712,1.32,1.56
1661,0.00016772,1.34,1.56
1662,0.000167728,1.34,1.58
1663,0.000167736,1.34,1.58
1664,0.000167744,1.34,1.6
1665,0.00016775200000000002,1.36,1.6
1666,0.00016776,1.36,1.62
1667,0.000167768,1.36,1.6
1668,0.00016777600000000001,1.36,1.62
1669,0.000167784,1.36,1.62
1670,0.000167792,1.36,1.6400000000000001
1671,0.0001678,1.36,1.6400000000000001
1672,0.000167808,1.3800000000000001,1.6600000000000001
1673,0.000167816,1.36,1.6600000000000001
1674,0.000167824,1.3800000000000001,1.6600000000000001
1675,0.000167832,1.3800000000000001,1.68
1676,0.00016784,1.3800000000000001,1.68
1677,0.000167848,1.4000000000000001,1.7
1678,0.000167856,1.4000000000000001,1.72
1679,0.000167864,1.4000000000000001,1.72
1680,0.000167872,1.4000000000000001,1.74
1681,0.00016788,1.42,1.74
1682,0.000167888,1.42,1.76
1683,0.000167896,1.42,1.76
1684,0.000167904,1.42,1.78
1685,0.00016791200000000001,1.42,1.76
1686,0.00016792,1.44,1.78
1687,0.000167928,1.44,1.78
1688,0.000167936,1.46,1.82
1689,0.000167944,1.44,1.8
1690,0.000167952,1.46,1.82
1691,0.00016796,1.46,1.84
1692,0.000167968,1.48,1.84
1693,0.000167976,1.48,1.86
1694,0.000167984,1.46,1.86
1695,0.000167992,1.48,1.8800000000000001
1696,0.000168,1.48,1.86
1697,0.000168008,1.48,1.9000000000000001
1698,0.000168016,1.5,1.9000000000000001
1699,0.00016802400000000002,1.5,1.9000000000000001
1700,0.000168032,1.52,1.92
1701,0.00016804,1.52,1.92
1702,0.00016804800000000001,1.52,1.92
1703,0.000168056,1.52,1.94
1704,0.000168064,1.54,1.94
1705,0.000168072,1.54,1.96
1706,0.00016808,1.54,1.98
1707,0.000168088,1.56,1.98
1708,0.000168096,1.56,1.98
1709,0.000168104,1.56,2.0
1710,0.000168112,1.56,2.02
1711,0.00016812,1.58,2.02
1712,0.000168128,1.58,2.02
1713,0.000168136,1.58,2.04
1714,0.000168144,1.6,2.04
1715,0.000168152,1.6,2.06
1716,0.00016816,1.6,2.06
1717,0.000168168,1.6,2.08
1718,0.000168176,1.6,2.08
1719,0.00016818400000000001,1.62,2.08
1720,0.000168192,1.62,2.1
1721,0.0001682,1.62,2.1
1722,0.000168208,1.62,2.12
1723,0.000168216,1.6400000000000001,2.14
1724,0.000168224,1.6400000000000001,2.14
1725,0.000168232,1.6600000000000001,2.14
1726,0.00016824,1.6600000000000001,2.16
1727,0.000168248,1.6600000000000001,2.16
1728,0.000168256,1.68,2.18
1729,0.000168264,1.68,2.18
1730,0.000168272,1.68,2.2
1731,0.00016828,1.7,2.2
1732,0.000168288,1.7,2.22
1733,0.00016829600000000002,1.7,2.22
1734,0.000168304,1.7,2.22
1735,0.000168312,1.72,2.22
1736,0.00016832000000000001,1.74,2.2600000000000002
1737,0.000168328,1.74,2.24
1738,0.000168336,1.76,2.2600000000000002
1739,0.000168344,1.74,2.2800000000000002
1740,0.000168352,1.74,2.2800000000000002
1741,0.00016836,1.78,2.3000000000000003
1742,0.000168368,1.78,2.3000000000000003
1743,0.000168376,1.78,2.32
1744,0.000168384,1.8,2.32
1745,0.000168392,1.8,2.32
1746,0.0001684,1.8,2.34
1747,0.000168408,1.8,2.34
1748,0.000168416,1.82,2.34
1749,0.000168424,1.82,2.38
1750,0.000168432,1.82,2.36
1751,0.00016844,1.84,2.38
1752,0.000168448,1.84,2.4
1753,0.00016845600000000001,1.84,2.4
1754,0.000168464,1.86,2.42
1755,0.000168472,1.84,2.42
1756,0.00016848,1.8800000000000001,2.42
1757,0.000168488,1.8800000000000001,2.42
1758,0.000168496,1.8800000000000001,2.44
1759,0.000168504,1.9000000000000001,2.46
1760,0.000168512,1.9000000000000001,2.46
1761,0.00016852,1.9000000000000001,2.48
1762,0.000168528,1.92,2.48
1763,0.000168536,1.92,2.48
1764,0.000168544,1.94,2.48
1765,0.000168552,1.92,2.52
1766,0.00016856,1.94,2.52
1767,0.00016856800000000002,1.96,2.52
1768,0.000168576,1.96,2.52
1769,0.000168584,1.96,2.54
1770,0.00016859200000000001,1.98,2.54
1771,0.0001686,1.98,2.56
1772,0.000168608,2.0,2.58
1773,0.000168616,2.0,2.58
1774,0.000168624,2.0,2.58
1775,0.000168632,2.02,2.6
1776,0.00016864,2.02,2.6
1777,0.000168648,2.02,2.6
1778,0.000168656,2.02,2.62
1779,0.000168664,2.04,2.64
1780,0.000168672,2.04,2.66
1781,0.00016868,2.06,2.66
1782,0.000168688,2.06,2.66
1783,0.000168696,2.06,2.68
1784,0.000168704,2.06,2.68
1785,0.000168712,2.08,2.68
1786,0.00016872,2.1,2.7
1787,0.00016872800000000001,2.1,2.72
1788,0.000168736,2.12,2.7
1789,0.000168744,2.12,2.72
1790,0.000168752,2.12,2.72
1791,0.00016876,2.14,2.74
1792,0.000168768,2.12,2.7600000000000002
1793,0.000168776,2.14,2.7600000000000002
1794,0.000168784,2.16,2.7800000000000002
1795,0.000168792,2.16,2.7800000000000002
1796,0.0001688,2.16,2.7800000000000002
1797,0.000168808,2.16,2.7800000000000002
1798,0.000168816,2.18,2.8000000000000003
1799,0.000168824,2.18,2.8000000000000003
1800,0.000168832,2.2,2.82
1801,0.00016884000000000002,2.2,2.82
1802,0.000168848,2.22,2.84
1803,0.000168856,2.22,2.84
1804,0.00016886400000000001,2.22,2.84
1805,0.000168872,2.24,2.88
1806,0.00016888,2.24,2.86
1807,0.000168888,2.2600000000000002,2.88
1808,0.000168896,2.2600000000000002,2.9
1809,0.000168904,2.2800000000000002,2.9
1810,0.000168912,2.2800000000000002,2.92
1811,0.00016892,2.2800000000000002,2.92
1812,0.000168928,2.3000000000000003,2.94
1813,0.000168936,2.2800000000000002,2.94
1814,0.000168944,2.32,2.94
1815,0.000168952,2.32,2.96
1816,0.00016896,2.32,2.96
1817,0.000168968,2.34,2.96
1818,0.000168976,2.34,2.98
1819,0.000168984,2.34,3.0
1820,0.000168992,2.36,3.0
1821,0.000169,2.36,3.02
1822,0.000169008,2.38,3.02
1823,0.000169016,2.36,3.02
1824,0.000169024,2.4,3.04
1825,0.000169032,2.4,3.06
1826,0.00016904,2.4,3.06
1827,0.000169048,2.4,3.06
1828,0.000169056,2.42,3.08
1829,0.000169064,2.42,3.08
1830,0.000169072,2.44,3.08
1831,0.00016908,2.44,3.1
1832,0.000169088,2.46,3.12
1833,0.000169096,2.46,3.12
1834,0.000169104,2.46,3.12
1835,0.00016911200000000002,2.48,3.14
1836,0.00016912,2.48,3.14
1837,0.000169128,2.48,3.16
1838,0.00016913600000000002,2.5,3.16
1839,0.000169144,2.48,3.18
1840,0.000169152,2.5,3.2
1841,0.00016916,2.52,3.2
1842,0.000169168,2.54,3.2
1843,0.000169176,2.52,3.22
1844,0.000169184,2.52,3.24
1845,0.000169192,2.56,3.24
1846,0.0001692,2.56,3.2600000000000002
1847,0.000169208,2.56,3.24
1848,0.000169216,2.56,3.2800000000000002
1849,0.000169224,2.58,3.2800000000000002
1850,0.000169232,2.58,3.2800000000000002
1851,0.00016924,2.58,3.3000000000000003
1852,0.000169248,2.62,3.3000000000000003
1853,0.000169256,2.6,3.3200000000000003
1854,0.000169264,2.64,3.3200000000000003
1855,0.000169272,2.62,3.3200000000000003
1856,0.00016928,2.64,3.3200000000000003
1857,0.000169288,2.66,3.36
1858,0.000169296,2.66,3.36
1859,0.000169304,2.66,3.36
1860,0.000169312,2.68,3.36
1861,0.00016932,2.68,3.38
1862,0.000169328,2.68,3.38
1863,0.000169336,2.7,3.4
1864,0.000169344,2.7,3.42
1865,0.000169352,2.7,3.42
1866,0.00016936,2.72,3.42
1867,0.000169368,2.74,3.44
1868,0.000169376,2.74,3.44
1869,0.000169384,2.74,3.46
1870,0.000169392,2.74,3.46
1871,0.0001694,2.7600000000000002,3.48
1872,0.00016940800000000002,2.7800000000000002,3.48
1873,0.000169416,2.7800000000000002,3.48
1874,0.000169424,2.7800000000000002,3.5
1875,0.00016943200000000001,2.8000000000000003,3.52
1876,0.00016944,2.8000000000000003,3.52
1877,0.000169448,2.8000000000000003,3.54
1878,0.000169456,2.82,3.52
1879,0.000169464,2.82,3.56
1880,0.000169472,2.84,3.56
1881,0.00016948,2.84,3.58
1882,0.000169488,2.86,3.56
1883,0.000169496,2.86,3.58
1884,0.000169504,2.86,3.6
1885,0.000169512,2.88,3.6
1886,0.00016952,2.88,3.6
1887,0.000169528,2.9,3.62
1888,0.000169536,2.9,3.62
1889,0.000169544,2.9,3.64
1890,0.000169552,2.92,3.66
1891,0.00016956,2.94,3.66
1892,0.00016956800000000001,2.94,3.68
1893,0.000169576,2.96,3.68
1894,0.000169584,2.94,3.68
1895,0.000169592,2.96,3.7
1896,0.0001696,2.98,3.7
1897,0.000169608,2.98,3.72
1898,0.000169616,3.0,3.72
1899,0.000169624,2.98,3.72
1900,0.000169632,3.02,3.74
1901,0.00016964,3.0,3.74
1902,0.000169648,3.02,3.7600000000000002
1903,0.000169656,3.02,3.7800000000000002
1904,0.000169664,3.04,3.7800000000000002
1905,0.000169672,3.04,3.8000000000000003
1906,0.00016968000000000002,3.06,3.8000000000000003
1907,0.000169688,3.06,3.8000000000000003
1908,0.000169696,3.08,3.8200000000000003
1909,0.00016970400000000001,3.08,3.8200000000000003
1910,0.000169712,3.08,3.84
1911,0.00016972,3.1,3.84
1912,0.000169728,3.1,3.84
1913,0.000169736,3.1,3.86
1914,0.000169744,3.12,3.86
1915,0.000169752,3.14,3.88
1916,0.00016976,3.14,3.88
1917,0.000169768,3.14,3.9
1918,0.000169776,3.16,3.9
1919,0.000169784,3.18,3.92
1920,0.000169792,3.16,3.92
1921,0.0001698,3.18,3.94
1922,0.000169808,3.18,3.94
1923,0.000169816,3.2,3.94
1924,0.000169824,3.22,3.96
1925,0.000169832,3.22,3.98
1926,0.00016984000000000001,3.22,3.98
1927,0.000169848,3.22,4.0
1928,0.000169856,3.24,4.0
1929,0.000169864,3.24,4.0
1930,0.000169872,3.2600000000000002,4.0200000000000005
1931,0.00016988,3.2600000000000002,4.0200000000000005
1932,0.000169888,3.2800000000000002,4.04
1933,0.000169896,3.2800000000000002,4.04
1934,0.000169904,3.2800000000000002,4.04
1935,0.000169912,3.3000000000000003,4.0600000000000005
1936,0.00016992,3.3200000000000003,4.08
1937,0.00016992800000000002,3.3200000000000003,4.08
1938,0.000169936,3.34,4.08
1939,0.000169944,3.34,4.1
1940,0.00016995200000000002,3.34,4.1
1941,0.00016996,3.36,4.1
1942,0.000169968,3.36,4.12
1943,0.00016997600000000001,3.36,4.12
1944,0.000169984,3.38,4.14
1945,0.000169992,3.38,4.14
1946,0.00017,3.4,4.14
1947,0.000170008,3.4,4.16
1948,0.000170016,3.42,4.18
1949,0.000170024,3.44,4.2
1950,0.000170032,3.42,4.2
1951,0.00017004,3.44,4.2
1952,0.000170048,3.44,4.22
1953,0.000170056,3.46,4.22
1954,0.000170064,3.46,4.22
1955,0.000170072,3.46,4.24
1956,0.00017008,3.48,4.24
1957,0.000170088,3.48,4.28
1958,0.000170096,3.48,4.28
1959,0.000170104,3.5,4.28
1960,0.00017011200000000001,3.52,4.28
1961,0.00017012,3.52,4.3
1962,0.000170128,3.52,4.3
1963,0.000170136,3.54,4.32
1964,0.000170144,3.54,4.34
1965,0.000170152,3.56,4.34
1966,0.00017016,3.56,4.34
1967,0.000170168,3.56,4.36
1968,0.000170176,3.58,4.36
1969,0.000170184,3.58,4.38
1970,0.000170192,3.6,4.38
1971,0.00017020000000000002,3.6,4.38
1972,0.000170208,3.62,4.42
1973,0.000170216,3.62,4.4
1974,0.00017022400000000002,3.64,4.42
1975,0.000170232,3.64,4.42
1976,0.00017024,3.66,4.42
1977,0.00017024800000000001,3.66,4.44
1978,0.000170256,3.66,4.46
1979,0.000170264,3.68,4.46
1980,0.000170272,3.68,4.48
1981,0.00017028,3.68,4.48
1982,0.000170288,3.7,4.48
1983,0.000170296,3.7,4.48
1984,0.000170304,3.72,4.5200000000000005
1985,0.000170312,3.72,4.5200000000000005
1986,0.00017032,3.74,4.5200000000000005
1987,0.000170328,3.74,4.54
1988,0.000170336,3.7600000000000002,4.54
1989,0.000170344,3.7800000000000002,4.5600000000000005
1990,0.000170352,3.7600000000000002,4.5600000000000005
1991,0.00017036,3.7800000000000002,4.5600000000000005
1992,0.000170368,3.8000000000000003,4.58
1993,0.000170376,3.8000000000000003,4.6000000000000005
1994,0.00017038400000000001,3.8000000000000003,4.6000000000000005
1995,0.000170392,3.8200000000000003,4.6000000000000005
1996,0.0001704,3.8200000000000003,4.62
1997,0.000170408,3.84,4.62
1998,0.000170416,3.84,4.64
1999,0.000170424,3.86,4.64
