,time,v1,v2
0,0.000161432,2.1,2.8000000000000003
1,0.000161433,2.1,2.82
2,0.000161434,2.1,2.82
3,0.000161435,2.1,2.82
4,0.00016143600000000002,2.1,2.82
5,0.000161437,2.1,2.84
6,0.00016143800000000002,2.1,2.84
7,0.000161439,2.1,2.84
8,0.00016144,2.1,2.84
9,0.00016144100000000002,2.1,2.84
10,0.000161442,2.1,2.86
11,0.00016144300000000002,2.12,2.86
12,0.000161444,2.12,2.86
13,0.000161445,2.12,2.86
14,0.000161446,2.12,2.86
15,0.000161447,2.12,2.88
16,0.00016144800000000002,2.1,2.88
17,0.000161449,2.1,2.88
18,0.00016145000000000002,2.12,2.88
19,0.000161451,2.12,2.9
20,0.000161452,2.12,2.9
21,0.00016145300000000001,2.12,2.9
22,0.000161454,2.12,2.9
23,0.00016145500000000002,2.12,2.92
24,0.000161456,2.12,2.92
25,0.000161457,2.12,2.92
26,0.000161458,2.12,2.92
27,0.000161459,2.12,2.92
28,0.00016146000000000002,2.12,2.92
29,0.000161461,2.12,2.92
30,0.00016146200000000002,2.14,2.94
31,0.000161463,2.14,2.94
32,0.000161464,2.14,2.94
33,0.000161465,2.14,2.94
34,0.000161466,2.14,2.94
35,0.00016146700000000002,2.12,2.96
36,0.000161468,2.12,2.96
37,0.00016146900000000002,2.12,2.96
38,0.00016147,2.14,2.96
39,0.000161471,2.14,2.96
40,0.00016147200000000002,2.14,2.98
41,0.000161473,2.14,2.98
42,0.00016147400000000002,2.14,2.98
43,0.000161475,2.14,2.98
44,0.000161476,2.14,2.98
45,0.000161477,2.14,2.98
46,0.000161478,2.16,3.0
47,0.00016147900000000002,2.16,3.0
48,0.00016148,2.16,3.0
49,0.00016148100000000002,2.16,3.0
50,0.000161482,2.16,3.02
51,0.000161483,2.16,3.02
52,0.00016148400000000001,2.16,3.02
53,0.000161485,2.16,3.02
54,0.00016148600000000002,2.16,3.02
55,0.000161487,2.16,3.02
56,0.000161488,2.16,3.02
57,0.000161489,2.18,3.04
58,0.00016149,2.18,3.04
59,0.00016149100000000002,2.18,3.04
60,0.000161492,2.16,3.04
61,0.00016149300000000002,2.16,3.06
62,0.000161494,2.18,3.06
63,0.000161495,2.18,3.08
64,0.00016149600000000001,2.18,3.08
65,0.000161497,2.18,3.08
66,0.00016149800000000002,2.18,3.08
67,0.000161499,2.18,3.08
68,0.0001615,2.18,3.08
69,0.000161501,2.18,3.08
70,0.000161502,2.18,3.1
71,0.00016150300000000002,2.2,3.1
72,0.000161504,2.2,3.1
73,0.00016150500000000002,2.2,3.1
74,0.000161506,2.18,3.1
75,0.000161507,2.18,3.12
76,0.000161508,2.2,3.12
77,0.000161509,2.2,3.12
78,0.00016151000000000002,2.2,3.12
79,0.000161511,2.2,3.12
80,0.00016151200000000002,2.2,3.14
81,0.000161513,2.22,3.14
82,0.000161514,2.22,3.14
83,0.00016151500000000001,2.22,3.14
84,0.000161516,2.22,3.16
85,0.00016151700000000002,2.22,3.16
86,0.000161518,2.22,3.16
87,0.000161519,2.22,3.16
88,0.00016152,2.2,3.16
89,0.000161521,2.2,3.18
90,0.00016152200000000002,2.2,3.18
91,0.000161523,2.22,3.18
92,0.00016152400000000002,2.22,3.18
93,0.000161525,2.22,3.18
94,0.000161526,2.22,3.18
95,0.00016152700000000001,2.22,3.2
96,0.000161528,2.24,3.2
97,0.00016152900000000002,2.24,3.2
98,0.00016153,2.22,3.2
99,0.000161531,2.24,3.2
100,0.000161532,2.24,3.22
101,0.000161533,2.24,3.22
102,0.00016153400000000002,2.24,3.22
103,0.000161535,2.24,3.22
104,0.00016153600000000002,2.2600000000000002,3.24
105,0.000161537,2.2600000000000002,3.24
106,0.000161538,2.2600000000000002,3.24
107,0.000161539,2.2600000000000002,3.24
108,0.00016154,2.2600000000000002,3.24
109,0.00016154100000000002,2.24,3.2600000000000002
110,0.000161542,2.24,3.2600000000000002
111,0.00016154300000000002,2.24,3.2600000000000002
112,0.000161544,2.2600000000000002,3.2800000000000002
113,0.000161545,2.2600000000000002,3.2800000000000002
114,0.00016154600000000001,2.2600000000000002,3.2800000000000002
115,0.000161547,2.2600000000000002,3.2800000000000002
116,0.00016154800000000002,2.2600000000000002,3.2800000000000002
117,0.000161549,2.2800000000000002,3.2800000000000002
118,0.00016155,2.2800000000000002,3.2800000000000002
119,0.000161551,2.2600000000000002,3.2800000000000002
120,0.000161552,2.2600000000000002,3.3000000000000003
121,0.00016155300000000002,2.2800000000000002,3.3000000000000003
122,0.000161554,2.2800000000000002,3.3000000000000003
123,0.00016155500000000002,2.2800000000000002,3.3000000000000003
124,0.000161556,2.2800000000000002,3.3200000000000003
125,0.000161557,2.2800000000000002,3.3200000000000003
126,0.00016155800000000001,2.2800000000000002,3.3200000000000003
127,0.000161559,2.2800000000000002,3.3200000000000003
128,0.00016156000000000002,2.2800000000000002,3.3200000000000003
129,0.000161561,2.2800000000000002,3.3200000000000003
130,0.000161562,2.2800000000000002,3.3200000000000003
131,0.000161563,2.3000000000000003,3.34
132,0.000161564,2.3000000000000003,3.34
133,0.00016156500000000002,2.3000000000000003,3.34
134,0.000161566,2.2800000000000002,3.34
135,0.00016156700000000002,2.2800000000000002,3.36
136,0.000161568,2.2800000000000002,3.36
137,0.000161569,2.3000000000000003,3.36
138,0.00016157,2.3000000000000003,3.36
139,0.000161571,2.3000000000000003,3.36
140,0.00016157200000000002,2.3000000000000003,3.38
141,0.000161573,2.3000000000000003,3.38
142,0.00016157400000000002,2.32,3.38
143,0.000161575,2.32,3.4
144,0.000161576,2.32,3.4
145,0.00016157700000000002,2.3000000000000003,3.4
146,0.000161578,2.3000000000000003,3.4
147,0.00016157900000000002,2.32,3.4
148,0.00016158,2.32,3.42
149,0.000161581,2.32,3.42
150,0.000161582,2.32,3.42
151,0.000161583,2.32,3.42
152,0.00016158400000000002,2.34,3.42
153,0.000161585,2.34,3.42
154,0.00016158600000000002,2.34,3.42
155,0.000161587,2.32,3.42
156,0.000161588,2.32,3.44
157,0.00016158900000000001,2.32,3.44
158,0.00016159,2.34,3.44
159,0.00016159100000000002,2.34,3.44
160,0.000161592,2.34,3.46
161,0.000161593,2.34,3.46
162,0.000161594,2.34,3.46
163,0.000161595,2.36,3.46
164,0.00016159600000000002,2.36,3.48
165,0.000161597,2.36,3.48
166,0.00016159800000000002,2.34,3.48
167,0.000161599,2.34,3.48
168,0.0001616,2.36,3.48
169,0.000161601,2.36,3.48
170,0.000161602,2.36,3.5
171,0.00016160300000000002,2.36,3.5
172,0.000161604,2.36,3.5
173,0.00016160500000000002,2.38,3.5
174,0.000161606,2.38,3.52
175,0.000161607,2.38,3.52
176,0.00016160800000000002,2.38,3.52
177,0.000161609,2.38,3.52
178,0.00016161000000000002,2.38,3.52
179,0.000161611,2.38,3.54
180,0.000161612,2.38,3.54
181,0.000161613,2.4,3.54
182,0.000161614,2.4,3.54
183,0.00016161500000000002,2.4,3.54
184,0.000161616,2.38,3.54
185,0.00016161700000000002,2.38,3.54
186,0.000161618,2.38,3.54
187,0.000161619,2.4,3.56
188,0.00016162000000000001,2.4,3.56
189,0.000161621,2.4,3.56
190,0.00016162200000000002,2.4,3.56
191,0.000161623,2.4,3.58
192,0.000161624,2.42,3.58
193,0.000161625,2.42,3.58
194,0.000161626,2.4,3.58
195,0.00016162700000000002,2.42,3.58
196,0.000161628,2.42,3.6
197,0.00016162900000000002,2.42,3.6
198,0.00016163,2.42,3.6
199,0.000161631,2.42,3.62
200,0.00016163200000000001,2.44,3.62
201,0.000161633,2.44,3.62
202,0.00016163400000000002,2.44,3.62
203,0.000161635,2.42,3.62
204,0.000161636,2.42,3.64
205,0.000161637,2.42,3.64
206,0.000161638,2.44,3.64
207,0.00016163900000000002,2.44,3.64
208,0.00016164,2.44,3.64
209,0.00016164100000000002,2.44,3.64
210,0.000161642,2.44,3.64
211,0.000161643,2.44,3.66
212,0.000161644,2.44,3.66
213,0.000161645,2.46,3.66
214,0.00016164600000000002,2.46,3.68
215,0.000161647,2.44,3.68
216,0.00016164800000000002,2.44,3.68
217,0.000161649,2.46,3.68
218,0.00016165,2.46,3.68
219,0.00016165100000000001,2.46,3.68
220,0.000161652,2.46,3.68
221,0.00016165300000000002,2.46,3.7
222,0.000161654,2.48,3.7
223,0.000161655,2.48,3.7
224,0.000161656,2.48,3.72
225,0.000161657,2.46,3.72
226,0.00016165800000000002,2.46,3.72
227,0.000161659,2.48,3.74
228,0.00016166000000000002,2.48,3.74
229,0.000161661,2.48,3.74
230,0.000161662,2.48,3.74
231,0.00016166300000000001,2.48,3.74
232,0.000161664,2.48,3.74
233,0.00016166500000000002,2.5,3.74
234,0.000161666,2.5,3.74
235,0.000161667,2.5,3.74
236,0.000161668,2.5,3.74
237,0.000161669,2.5,3.7600000000000002
238,0.00016167000000000002,2.5,3.7600000000000002
239,0.000161671,2.52,3.7800000000000002
240,0.00016167200000000002,2.52,3.7800000000000002
241,0.000161673,2.52,3.7800000000000002
242,0.000161674,2.5,3.7800000000000002
243,0.000161675,2.5,3.7800000000000002
244,0.000161676,2.5,3.7800000000000002
245,0.00016167700000000002,2.52,3.7800000000000002
246,0.000161678,2.52,3.8000000000000003
247,0.00016167900000000002,2.52,3.8000000000000003
248,0.00016168,2.52,3.8000000000000003
249,0.000161681,2.52,3.8200000000000003
250,0.00016168200000000001,2.52,3.8200000000000003
251,0.000161683,2.52,3.8200000000000003
252,0.00016168400000000002,2.52,3.8200000000000003
253,0.000161685,2.54,3.84
254,0.000161686,2.54,3.84
255,0.000161687,2.54,3.84
256,0.000161688,2.54,3.84
257,0.00016168900000000002,2.56,3.84
258,0.00016169,2.56,3.84
259,0.00016169100000000002,2.56,3.84
260,0.000161692,2.54,3.84
261,0.000161693,2.54,3.86
262,0.00016169400000000001,2.54,3.86
263,0.000161695,2.54,3.86
264,0.00016169600000000002,2.56,3.86
265,0.000161697,2.56,3.88
266,0.000161698,2.56,3.88
267,0.000161699,2.56,3.88
268,0.0001617,2.56,3.88
269,0.00016170100000000002,2.56,3.88
270,0.000161702,2.56,3.88
271,0.00016170300000000002,2.56,3.9
272,0.000161704,2.56,3.9
273,0.000161705,2.58,3.9
274,0.000161706,2.58,3.92
275,0.000161707,2.58,3.92
276,0.00016170800000000002,2.58,3.92
277,0.000161709,2.58,3.92
278,0.00016171000000000002,2.58,3.92
279,0.000161711,2.58,3.92
280,0.000161712,2.58,3.92
281,0.00016171300000000002,2.58,3.94
282,0.000161714,2.6,3.94
283,0.00016171500000000002,2.6,3.94
284,0.000161716,2.6,3.94
285,0.000161717,2.6,3.94
286,0.000161718,2.6,3.94
287,0.000161719,2.6,3.96
288,0.00016172000000000002,2.6,3.96
289,0.000161721,2.6,3.96
290,0.00016172200000000002,2.6,3.96
291,0.000161723,2.6,3.98
292,0.000161724,2.62,3.98
293,0.00016172500000000001,2.62,3.98
294,0.000161726,2.62,4.0
295,0.00016172700000000002,2.62,4.0
296,0.000161728,2.62,4.0
297,0.000161729,2.64,4.0
298,0.00016173,2.64,4.0
299,0.000161731,2.64,4.0200000000000005
300,0.00016173200000000002,2.64,4.0200000000000005
301,0.000161733,2.64,4.0200000000000005
302,0.00016173400000000002,2.64,4.0200000000000005
303,0.000161735,2.64,4.0200000000000005
304,0.000161736,2.64,4.04
305,0.00016173700000000001,2.64,4.04
306,0.000161738,2.66,4.04
307,0.00016173900000000002,2.66,4.04
308,0.00016174,2.66,4.04
309,0.00016174100000000002,2.66,4.0600000000000005
310,0.000161742,2.66,4.0600000000000005
311,0.000161743,2.66,4.0600000000000005
312,0.00016174400000000002,2.66,4.0600000000000005
313,0.000161745,2.66,4.0600000000000005
314,0.00016174600000000002,2.66,4.08
315,0.000161747,2.66,4.08
316,0.000161748,2.68,4.08
317,0.000161749,2.68,4.08
318,0.00016175,2.68,4.08
319,0.00016175100000000002,2.68,4.08
320,0.000161752,2.68,4.1
321,0.00016175300000000002,2.7,4.1
322,0.000161754,2.7,4.1
323,0.000161755,2.7,4.1
324,0.00016175600000000001,2.68,4.1
325,0.000161757,2.68,4.12
326,0.00016175800000000002,2.68,4.12
327,0.000161759,2.7,4.12
328,0.00016176,2.7,4.12
329,0.000161761,2.7,4.12
330,0.000161762,2.7,4.14
331,0.00016176300000000002,2.7,4.14
332,0.000161764,2.72,4.14
333,0.00016176500000000002,2.72,4.14
334,0.000161766,2.72,4.14
335,0.000161767,2.72,4.16
336,0.00016176800000000001,2.72,4.16
337,0.000161769,2.72,4.16
338,0.00016177000000000002,2.72,4.16
339,0.000161771,2.72,4.16
340,0.000161772,2.72,4.18
341,0.000161773,2.74,4.18
342,0.000161774,2.74,4.18
343,0.00016177500000000002,2.74,4.18
344,0.000161776,2.74,4.18
345,0.00016177700000000002,2.74,4.2
346,0.000161778,2.74,4.2
347,0.000161779,2.74,4.2
348,0.00016178,2.74,4.2
349,0.000161781,2.7600000000000002,4.22
350,0.00016178200000000002,2.7600000000000002,4.22
351,0.000161783,2.7600000000000002,4.22
352,0.00016178400000000002,2.7600000000000002,4.22
353,0.000161785,2.7600000000000002,4.22
354,0.000161786,2.7600000000000002,4.24
355,0.00016178700000000001,2.7600000000000002,4.24
356,0.000161788,2.7600000000000002,4.24
357,0.00016178900000000002,2.7600000000000002,4.24
358,0.00016179,2.7800000000000002,4.24
359,0.000161791,2.7800000000000002,4.26
360,0.000161792,2.7800000000000002,4.26
361,0.000161793,2.7800000000000002,4.26
362,0.00016179400000000002,2.7800000000000002,4.26
363,0.000161795,2.7800000000000002,4.26
364,0.00016179600000000002,2.7800000000000002,4.26
365,0.000161797,2.7800000000000002,4.28
366,0.000161798,2.7800000000000002,4.28
367,0.00016179900000000001,2.8000000000000003,4.28
368,0.0001618,2.8000000000000003,4.3
369,0.00016180100000000002,2.8000000000000003,4.3
370,0.000161802,2.8000000000000003,4.3
371,0.000161803,2.8000000000000003,4.3
372,0.000161804,2.82,4.3
373,0.000161805,2.8000000000000003,4.3
374,0.00016180600000000002,2.8000000000000003,4.3
375,0.000161807,2.82,4.32
376,0.00016180800000000002,2.82,4.32
377,0.000161809,2.82,4.32
378,0.00016181,2.82,4.32
379,0.000161811,2.82,4.34
380,0.000161812,2.84,4.34
381,0.00016181300000000002,2.84,4.34
382,0.000161814,2.84,4.34
383,0.00016181500000000002,2.84,4.34
384,0.000161816,2.84,4.36
385,0.000161817,2.84,4.36
386,0.00016181800000000001,2.84,4.36
387,0.000161819,2.84,4.36
388,0.00016182000000000002,2.84,4.36
389,0.000161821,2.84,4.36
390,0.000161822,2.86,4.36
391,0.000161823,2.86,4.38
392,0.000161824,2.86,4.38
393,0.00016182500000000002,2.86,4.38
394,0.000161826,2.86,4.4
395,0.00016182700000000002,2.86,4.4
396,0.000161828,2.86,4.4
397,0.000161829,2.86,4.4
398,0.00016183000000000001,2.88,4.4
399,0.000161831,2.88,4.4
400,0.00016183200000000002,2.88,4.42
401,0.000161833,2.88,4.42
402,0.000161834,2.9,4.42
403,0.000161835,2.88,4.42
404,0.000161836,2.88,4.44
405,0.00016183700000000002,2.9,4.44
406,0.000161838,2.9,4.44
407,0.00016183900000000002,2.9,4.46
408,0.00016184,2.9,4.46
409,0.000161841,2.9,4.46
410,0.000161842,2.92,4.46
411,0.000161843,2.92,4.46
412,0.00016184400000000002,2.9,4.46
413,0.000161845,2.9,4.46
414,0.00016184600000000002,2.9,4.46
415,0.000161847,2.92,4.48
416,0.000161848,2.92,4.48
417,0.00016184900000000002,2.92,4.48
418,0.00016185,2.92,4.48
419,0.00016185100000000002,2.92,4.48
420,0.000161852,2.94,4.5
421,0.000161853,2.94,4.5
422,0.000161854,2.94,4.5
423,0.000161855,2.94,4.5
424,0.00016185600000000002,2.94,4.5
425,0.000161857,2.94,4.5200000000000005
426,0.00016185800000000002,2.94,4.5200000000000005
427,0.000161859,2.96,4.5200000000000005
428,0.00016186,2.96,4.5200000000000005
429,0.00016186100000000001,2.96,4.5200000000000005
430,0.000161862,2.96,4.54
431,0.00016186300000000002,2.96,4.54
432,0.000161864,2.98,4.54
433,0.000161865,2.98,4.5600000000000005
434,0.000161866,2.96,4.5600000000000005
435,0.000161867,2.96,4.5600000000000005
436,0.00016186800000000002,2.98,4.5600000000000005
437,0.000161869,2.98,4.5600000000000005
438,0.00016187000000000002,2.98,4.5600000000000005
439,0.000161871,2.98,4.5600000000000005
440,0.000161872,2.98,4.58
441,0.00016187300000000001,3.0,4.58
442,0.000161874,3.0,4.58
443,0.00016187500000000002,2.98,4.6000000000000005
444,0.000161876,2.98,4.6000000000000005
445,0.00016187700000000002,3.0,4.6000000000000005
446,0.000161878,3.0,4.6000000000000005
447,0.000161879,3.0,4.62
448,0.00016188000000000002,3.0,4.62
449,0.000161881,3.0,4.62
450,0.00016188200000000002,3.0,4.62
451,0.000161883,3.02,4.62
452,0.000161884,3.02,4.62
453,0.000161885,3.02,4.62
454,0.000161886,3.02,4.64
455,0.00016188700000000002,3.02,4.64
456,0.000161888,3.02,4.64
457,0.00016188900000000002,3.04,4.64
458,0.00016189,3.04,4.64
459,0.000161891,3.04,4.66
460,0.00016189200000000001,3.04,4.66
461,0.000161893,3.04,4.66
462,0.00016189400000000002,3.04,4.66
463,0.000161895,3.06,4.66
464,0.000161896,3.06,4.68
465,0.000161897,3.06,4.68
466,0.000161898,3.06,4.68
467,0.00016189900000000002,3.06,4.68
468,0.0001619,3.06,4.7
469,0.00016190100000000002,3.06,4.7
470,0.000161902,3.06,4.7
471,0.000161903,3.06,4.7
472,0.00016190400000000001,3.08,4.7
473,0.000161905,3.08,4.7
474,0.00016190600000000002,3.08,4.72
475,0.000161907,3.08,4.72
476,0.000161908,3.08,4.72
477,0.000161909,3.1,4.72
478,0.00016191,3.1,4.72
479,0.00016191100000000002,3.1,4.74
480,0.000161912,3.1,4.74
481,0.00016191300000000002,3.1,4.74
482,0.000161914,3.1,4.74
483,0.000161915,3.1,4.74
484,0.000161916,3.1,4.76
485,0.000161917,3.1,4.76
486,0.00016191800000000002,3.12,4.76
487,0.000161919,3.12,4.76
488,0.00016192000000000002,3.12,4.76
489,0.000161921,3.12,4.78
490,0.000161922,3.14,4.78
491,0.00016192300000000001,3.14,4.78
492,0.000161924,3.14,4.8
493,0.00016192500000000002,3.14,4.8
494,0.000161926,3.14,4.8
495,0.000161927,3.14,4.8
496,0.000161928,3.14,4.8
497,0.000161929,3.14,4.8
498,0.00016193000000000002,3.14,4.82
499,0.000161931,3.14,4.82
500,0.00016193200000000002,3.14,4.82
501,0.000161933,3.14,4.82
502,0.000161934,3.16,4.82
503,0.00016193500000000001,3.16,4.82
504,0.000161936,3.16,4.82
505,0.00016193700000000002,3.16,4.82
506,0.000161938,3.16,4.84
507,0.000161939,3.16,4.84
508,0.00016194,3.16,4.84
509,0.000161941,3.18,4.86
510,0.00016194200000000002,3.18,4.86
511,0.000161943,3.18,4.86
512,0.00016194400000000002,3.18,4.88
513,0.000161945,3.18,4.88
514,0.000161946,3.2,4.88
515,0.000161947,3.18,4.88
516,0.000161948,3.18,4.88
517,0.00016194900000000002,3.2,4.88
518,0.00016195,3.2,4.88
519,0.00016195100000000002,3.2,4.9
520,0.000161952,3.2,4.9
521,0.000161953,3.2,4.9
522,0.00016195400000000002,3.2,4.9
523,0.000161955,3.22,4.9
524,0.00016195600000000002,3.22,4.88
525,0.000161957,3.22,4.82
526,0.000161958,3.22,4.68
527,0.000161959,3.22,4.46
528,0.00016196,3.22,4.12
529,0.00016196100000000002,3.24,3.7
530,0.000161962,3.24,3.18
531,0.00016196300000000002,3.24,2.64
532,0.000161964,3.24,2.1
533,0.000161965,3.22,1.56
534,0.00016196600000000001,3.22,1.06
535,0.000161967,3.2,0.62
536,0.00016196800000000002,3.2,0.28
537,0.000161969,3.18,0.06
538,0.00016197,3.16,-0.04
539,0.000161971,3.16,-0.04
540,0.000161972,3.16,-0.04
541,0.00016197300000000002,3.16,-0.04
542,0.000161974,3.16,-0.04
543,0.00016197500000000002,3.18,-0.02
544,0.000161976,3.18,0.1
545,0.000161977,3.18,0.26
546,0.000161978,3.18,0.48
547,0.000161979,3.16,0.7000000000000001
548,0.00016198000000000002,3.14,0.86
549,0.000161981,3.12,0.9400000000000001
550,0.00016198200000000002,3.1,0.9400000000000001
551,0.000161983,3.08,0.88
552,0.000161984,3.06,0.74
553,0.00016198500000000002,3.06,0.56
554,0.000161986,3.06,0.36
555,0.00016198700000000002,3.06,0.18
556,0.000161988,3.06,0.04
557,0.000161989,3.06,-0.04
558,0.00016199,3.08,-0.04
559,0.000161991,3.08,-0.04
560,0.00016199200000000002,3.06,-0.04
561,0.000161993,3.06,-0.04
562,0.00016199400000000002,3.06,-0.04
563,0.000161995,3.04,-0.04
564,0.000161996,3.02,0.04
565,0.00016199700000000001,3.02,0.16
566,0.000161998,3.02,0.28
567,0.00016199900000000002,3.0,0.42
568,0.000162,3.0,0.52
569,0.000162001,3.0,0.6
570,0.000162002,3.0,0.62
571,0.000162003,3.0,0.62
572,0.00016200400000000002,2.98,0.58
573,0.000162005,2.98,0.5
574,0.00016200600000000002,2.98,0.4
575,0.000162007,2.96,0.3
576,0.000162008,2.94,0.18
577,0.00016200900000000001,2.94,0.1
578,0.00016201,2.94,0.02
579,0.00016201100000000002,2.94,-0.02
580,0.000162012,2.92,-0.04
581,0.00016201300000000002,2.92,-0.02
582,0.000162014,2.92,0.02
583,0.000162015,2.92,0.08
584,0.00016201600000000002,2.92,0.16
585,0.000162017,2.92,0.24
586,0.00016201800000000002,2.9,0.32
587,0.000162019,2.9,0.38
588,0.00016202,2.9,0.44
589,0.000162021,2.9,0.48
590,0.000162022,2.88,0.5
591,0.00016202300000000002,2.88,0.52
592,0.000162024,2.88,0.5
593,0.00016202500000000002,2.86,0.46
594,0.000162026,2.86,0.42
595,0.000162027,2.84,0.36
596,0.00016202800000000001,2.84,0.32
597,0.000162029,2.84,0.26
598,0.00016203000000000002,2.84,0.22
599,0.000162031,2.84,0.18
600,0.000162032,2.82,0.18
601,0.000162033,2.82,0.18
602,0.000162034,2.82,0.2
603,0.00016203500000000002,2.82,0.22
604,0.000162036,2.82,0.26
605,0.00016203700000000002,2.8000000000000003,0.32
606,0.000162038,2.8000000000000003,0.36
607,0.000162039,2.8000000000000003,0.4
608,0.00016204000000000001,2.7800000000000002,0.44
609,0.000162041,2.7800000000000002,0.48
610,0.00016204200000000002,2.7800000000000002,0.48
611,0.000162043,2.7800000000000002,0.5
612,0.000162044,2.7800000000000002,0.5
613,0.000162045,2.7800000000000002,0.48
614,0.000162046,2.7600000000000002,0.46
615,0.00016204700000000002,2.7600000000000002,0.44
616,0.000162048,2.74,0.4
617,0.00016204900000000002,2.74,0.38
618,0.00016205,2.74,0.36
619,0.000162051,2.72,0.34
620,0.000162052,2.72,0.32
621,0.000162053,2.72,0.32
622,0.00016205400000000002,2.72,0.34
623,0.000162055,2.72,0.36
624,0.00016205600000000002,2.7,0.38
625,0.000162057,2.7,0.4
626,0.000162058,2.7,0.42
627,0.00016205900000000001,2.7,0.44
628,0.00016206,2.7,0.46
629,0.00016206100000000002,2.7,0.48
630,0.000162062,2.68,0.5
631,0.000162063,2.68,0.52
632,0.000162064,2.68,0.52
633,0.000162065,2.66,0.52
634,0.00016206600000000002,2.66,0.52
635,0.000162067,2.66,0.5
636,0.00016206800000000002,2.66,0.48
637,0.000162069,2.64,0.48
638,0.00016207,2.64,0.46
639,0.00016207100000000001,2.64,0.46
640,0.000162072,2.64,0.44
641,0.00016207300000000002,2.64,0.44
642,0.000162074,2.64,0.46
643,0.000162075,2.62,0.46
644,0.000162076,2.62,0.48
645,0.000162077,2.62,0.48
646,0.00016207800000000002,2.62,0.5
647,0.000162079,2.6,0.52
648,0.00016208000000000002,2.6,0.54
649,0.000162081,2.6,0.56
650,0.000162082,2.6,0.56
651,0.000162083,2.6,0.56
652,0.000162084,2.6,0.58
653,0.00016208500000000002,2.58,0.58
654,0.000162086,2.58,0.58
655,0.00016208700000000002,2.58,0.56
656,0.000162088,2.58,0.56
657,0.000162089,2.58,0.56
658,0.00016209000000000002,2.56,0.56
659,0.000162091,2.56,0.54
660,0.00016209200000000002,2.56,0.54
661,0.000162093,2.56,0.54
662,0.000162094,2.54,0.54
663,0.000162095,2.54,0.56
664,0.000162096,2.54,0.56
665,0.00016209700000000002,2.54,0.56
666,0.000162098,2.54,0.58
667,0.00016209900000000002,2.54,0.58
668,0.0001621,2.54,0.6
669,0.000162101,2.52,0.6
670,0.00016210200000000001,2.52,0.62
671,0.000162103,2.52,0.62
672,0.00016210400000000002,2.52,0.64
673,0.000162105,2.52,0.64
674,0.000162106,2.5,0.64
675,0.000162107,2.5,0.64
676,0.000162108,2.5,0.64
677,0.00016210900000000002,2.5,0.64
678,0.00016211,2.5,0.64
679,0.00016211100000000002,2.48,0.64
680,0.000162112,2.48,0.62
681,0.000162113,2.48,0.62
682,0.000162114,2.48,0.64
683,0.000162115,2.48,0.64
684,0.00016211600000000002,2.48,0.64
685,0.000162117,2.46,0.64
686,0.00016211800000000002,2.46,0.66
687,0.000162119,2.46,0.66
688,0.00016212,2.46,0.68
689,0.00016212100000000002,2.46,0.68
690,0.000162122,2.46,0.68
691,0.00016212300000000002,2.44,0.68
692,0.000162124,2.44,0.7000000000000001
693,0.000162125,2.44,0.7000000000000001
694,0.000162126,2.44,0.7000000000000001
695,0.000162127,2.44,0.7000000000000001
696,0.00016212800000000002,2.42,0.7000000000000001
697,0.000162129,2.42,0.72
698,0.00016213000000000002,2.42,0.72
699,0.000162131,2.42,0.72
700,0.000162132,2.42,0.72
701,0.00016213300000000001,2.4,0.72
702,0.000162134,2.4,0.72
703,0.00016213500000000002,2.4,0.72
704,0.000162136,2.4,0.74
705,0.000162137,2.4,0.74
706,0.000162138,2.4,0.74
707,0.000162139,2.4,0.74
708,0.00016214000000000002,2.4,0.74
709,0.000162141,2.38,0.76
710,0.00016214200000000002,2.38,0.76
711,0.000162143,2.38,0.76
712,0.000162144,2.38,0.76
713,0.00016214500000000001,2.38,0.76
714,0.000162146,2.36,0.78
715,0.00016214700000000002,2.36,0.78
716,0.000162148,2.36,0.78
717,0.000162149,2.36,0.78
718,0.00016215,2.36,0.8
719,0.000162151,2.36,0.8
720,0.00016215200000000002,2.36,0.8
721,0.000162153,2.34,0.8
722,0.00016215400000000002,2.34,0.8
723,0.000162155,2.34,0.8200000000000001
724,0.000162156,2.34,0.8200000000000001
725,0.000162157,2.32,0.8200000000000001
726,0.000162158,2.32,0.8200000000000001
727,0.00016215900000000002,2.32,0.8200000000000001
728,0.00016216,2.32,0.84
729,0.00016216100000000002,2.32,0.84
730,0.000162162,2.32,0.84
731,0.000162163,2.32,0.84
732,0.00016216400000000001,2.32,0.86
733,0.000162165,2.32,0.86
734,0.00016216600000000002,2.32,0.86
735,0.000162167,2.3000000000000003,0.86
736,0.000162168,2.3000000000000003,0.86
737,0.000162169,2.3000000000000003,0.86
738,0.00016217,2.3000000000000003,0.86
739,0.00016217100000000002,2.3000000000000003,0.88
740,0.000162172,2.3000000000000003,0.88
741,0.00016217300000000002,2.3000000000000003,0.88
742,0.000162174,2.3000000000000003,0.88
743,0.000162175,2.3000000000000003,0.9
744,0.00016217600000000001,2.3000000000000003,0.9
745,0.000162177,2.2800000000000002,0.9
746,0.00016217800000000002,2.2800000000000002,0.9
747,0.000162179,2.2800000000000002,0.9
748,0.00016218,2.2800000000000002,0.92
749,0.000162181,2.2800000000000002,0.92
750,0.000162182,2.2800000000000002,0.92
751,0.00016218300000000002,2.2600000000000002,0.92
752,0.000162184,2.2600000000000002,0.92
753,0.00016218500000000002,2.2600000000000002,0.9400000000000001
754,0.000162186,2.2600000000000002,0.9400000000000001
755,0.000162187,2.2600000000000002,0.9400000000000001
756,0.000162188,2.24,0.9400000000000001
757,0.000162189,2.24,0.9400000000000001
758,0.00016219000000000002,2.2600000000000002,0.9400000000000001
759,0.000162191,2.2600000000000002,0.9400000000000001
760,0.00016219200000000002,2.2600000000000002,0.96
761,0.000162193,2.24,0.96
762,0.000162194,2.24,0.96
763,0.00016219500000000001,2.24,0.98
764,0.000162196,2.24,0.98
765,0.00016219700000000002,2.24,0.98
766,0.000162198,2.22,0.98
767,0.000162199,2.22,0.98
768,0.0001622,2.22,0.98
769,0.000162201,2.22,1.0
770,0.00016220200000000002,2.22,1.0
771,0.000162203,2.22,1.0
772,0.00016220400000000002,2.22,1.0
773,0.000162205,2.22,1.0
774,0.000162206,2.2,1.02
775,0.00016220700000000001,2.2,1.02
776,0.000162208,2.2,1.02
777,0.00016220900000000002,2.2,1.02
778,0.00016221,2.2,1.02
779,0.000162211,2.2,1.02
780,0.000162212,2.2,1.02
781,0.000162213,2.2,1.04
782,0.00016221400000000002,2.2,1.04
783,0.000162215,2.18,1.04
784,0.00016221600000000002,2.18,1.04
785,0.000162217,2.18,1.04
786,0.000162218,2.18,1.06
787,0.000162219,2.18,1.06
788,0.00016222,2.18,1.06
789,0.00016222100000000002,2.18,1.08
790,0.000162222,2.18,1.08
791,0.00016222300000000002,2.16,1.08
792,0.000162224,2.16,1.08
793,0.000162225,2.16,1.08
794,0.00016222600000000002,2.16,1.1
795,0.000162227,2.16,1.08
796,0.00016222800000000002,2.14,1.08
797,0.000162229,2.14,1.1
798,0.00016223,2.14,1.1
799,0.000162231,2.16,1.1
800,0.000162232,2.16,1.1
801,0.00016223300000000002,2.16,1.12
802,0.000162234,2.16,1.12
803,0.00016223500000000002,2.16,1.12
804,0.000162236,2.16,1.12
805,0.000162237,2.14,1.12
806,0.00016223800000000001,2.14,1.1400000000000001
807,0.000162239,2.14,1.1400000000000001
808,0.00016224000000000002,2.14,1.1400000000000001
809,0.000162241,2.14,1.1400000000000001
810,0.000162242,2.14,1.16
811,0.000162243,2.14,1.16
812,0.000162244,2.14,1.16
813,0.00016224500000000002,2.14,1.16
814,0.000162246,2.14,1.18
815,0.00016224700000000002,2.12,1.18
816,0.000162248,2.12,1.16
817,0.000162249,2.12,1.18
818,0.00016225000000000001,2.12,1.18
819,0.000162251,2.12,1.18
820,0.00016225200000000002,2.12,1.18
821,0.000162253,2.12,1.2
822,0.00016225400000000002,2.12,1.2
823,0.000162255,2.12,1.2
824,0.000162256,2.12,1.2
825,0.00016225700000000002,2.12,1.22
826,0.000162258,2.12,1.22
827,0.00016225900000000002,2.1,1.22
828,0.00016226,2.1,1.22
829,0.000162261,2.1,1.22
830,0.000162262,2.1,1.22
831,0.000162263,2.1,1.22
832,0.00016226400000000002,2.1,1.24
833,0.000162265,2.1,1.24
834,0.00016226600000000002,2.1,1.24
835,0.000162267,2.1,1.24
836,0.000162268,2.08,1.24
837,0.00016226900000000001,2.08,1.26
838,0.00016227,2.08,1.26
839,0.00016227100000000002,2.08,1.26
840,0.000162272,2.08,1.26
841,0.000162273,2.08,1.28
842,0.000162274,2.08,1.28
843,0.000162275,2.08,1.28
844,0.00016227600000000002,2.08,1.3
845,0.000162277,2.08,1.3
846,0.00016227800000000002,2.08,1.3
847,0.000162279,2.06,1.3
848,0.00016228,2.06,1.3
849,0.00016228100000000001,2.06,1.32
850,0.000162282,2.06,1.32
851,0.00016228300000000002,2.06,1.32
852,0.000162284,2.04,1.32
853,0.000162285,2.04,1.32
854,0.000162286,2.04,1.34
855,0.000162287,2.06,1.34
856,0.00016228800000000002,2.06,1.34
857,0.000162289,2.06,1.34
858,0.00016229000000000002,2.06,1.34
859,0.000162291,2.06,1.34
860,0.000162292,2.06,1.34
861,0.000162293,2.06,1.36
862,0.000162294,2.06,1.36
863,0.00016229500000000002,2.06,1.36
864,0.000162296,2.06,1.36
865,0.00016229700000000002,2.06,1.36
866,0.000162298,2.06,1.3800000000000001
867,0.000162299,2.06,1.3800000000000001
868,0.00016230000000000001,2.04,1.3800000000000001
869,0.000162301,2.04,1.3800000000000001
870,0.00016230200000000002,2.04,1.3800000000000001
871,0.000162303,2.04,1.4000000000000001
872,0.000162304,2.04,1.4000000000000001
873,0.000162305,2.02,1.4000000000000001
874,0.000162306,2.02,1.4000000000000001
875,0.00016230700000000002,2.02,1.4000000000000001
876,0.000162308,2.04,1.42
877,0.00016230900000000002,2.04,1.42
878,0.00016231,2.04,1.42
879,0.000162311,2.02,1.44
880,0.00016231200000000001,2.02,1.44
881,0.000162313,2.02,1.44
882,0.00016231400000000002,2.02,1.42
883,0.000162315,2.02,1.44
884,0.000162316,2.02,1.44
885,0.000162317,2.02,1.44
886,0.000162318,2.04,1.44
887,0.00016231900000000002,2.04,1.44
888,0.00016232,2.02,1.46
889,0.00016232100000000002,2.02,1.46
890,0.000162322,2.02,1.46
891,0.000162323,2.02,1.48
892,0.000162324,2.02,1.48
893,0.000162325,2.0,1.48
894,0.00016232600000000002,2.0,1.48
895,0.000162327,2.02,1.5
896,0.00016232800000000002,2.02,1.5
897,0.000162329,2.0,1.48
898,0.00016233,2.0,1.5
899,0.00016233100000000001,2.0,1.5
900,0.000162332,2.0,1.5
901,0.00016233300000000002,2.0,1.5
902,0.000162334,2.0,1.5
903,0.000162335,2.0,1.52
904,0.000162336,2.02,1.52
905,0.000162337,2.0,1.52
906,0.00016233800000000002,2.0,1.52
907,0.000162339,2.0,1.54
908,0.00016234000000000002,2.0,1.54
909,0.000162341,2.0,1.54
910,0.000162342,2.0,1.54
911,0.00016234300000000001,2.0,1.56
912,0.000162344,2.0,1.56
913,0.00016234500000000002,2.0,1.56
914,0.000162346,1.98,1.56
915,0.000162347,1.98,1.56
916,0.000162348,1.98,1.56
917,0.000162349,2.0,1.56
918,0.00016235000000000002,2.0,1.58
919,0.000162351,2.0,1.58
920,0.00016235200000000002,2.0,1.58
921,0.000162353,2.0,1.58
922,0.000162354,2.0,1.58
923,0.000162355,2.0,1.6
924,0.000162356,1.98,1.6
925,0.00016235700000000002,1.98,1.6
926,0.000162358,1.98,1.6
927,0.00016235900000000002,1.98,1.6
928,0.00016236,1.98,1.62
929,0.000162361,1.98,1.62
930,0.00016236200000000002,1.98,1.62
931,0.000162363,1.98,1.62
932,0.00016236400000000002,1.98,1.6400000000000001
933,0.000162365,1.98,1.6400000000000001
934,0.000162366,1.98,1.6400000000000001
935,0.000162367,1.98,1.6400000000000001
936,0.000162368,1.98,1.6400000000000001
937,0.00016236900000000002,1.98,1.6600000000000001
938,0.00016237,1.98,1.6600000000000001
939,0.00016237100000000002,1.98,1.6600000000000001
940,0.000162372,1.96,1.6600000000000001
941,0.000162373,1.96,1.6600000000000001
942,0.00016237400000000001,1.98,1.6600000000000001
943,0.000162375,1.96,1.6600000000000001
944,0.00016237600000000002,1.96,1.68
945,0.000162377,1.96,1.68
946,0.000162378,1.96,1.68
947,0.000162379,1.96,1.68
948,0.00016238,1.96,1.68
949,0.00016238100000000002,1.96,1.7
950,0.000162382,1.96,1.7
951,0.00016238300000000002,1.96,1.7
952,0.000162384,1.96,1.7
953,0.000162385,1.96,1.72
954,0.00016238600000000001,1.96,1.72
955,0.000162387,1.96,1.72
956,0.00016238800000000002,1.96,1.72
957,0.000162389,1.96,1.72
958,0.00016239,1.96,1.74
959,0.000162391,1.96,1.74
960,0.000162392,1.96,1.74
961,0.00016239300000000002,1.96,1.74
962,0.000162394,1.96,1.74
963,0.00016239500000000002,1.96,1.74
964,0.000162396,1.96,1.76
965,0.000162397,1.96,1.76
966,0.000162398,1.96,1.76
967,0.000162399,1.96,1.76
968,0.00016240000000000002,1.96,1.76
969,0.000162401,1.96,1.78
970,0.00016240200000000002,1.96,1.78
971,0.000162403,1.96,1.78
972,0.000162404,1.94,1.78
973,0.00016240500000000001,1.94,1.8
974,0.000162406,1.96,1.8
975,0.00016240700000000002,1.96,1.8
976,0.000162408,1.96,1.8
977,0.000162409,1.96,1.8
978,0.00016241,1.96,1.8
979,0.000162411,1.96,1.8
980,0.00016241200000000002,1.96,1.82
981,0.000162413,1.96,1.82
982,0.00016241400000000002,1.94,1.82
983,0.000162415,1.94,1.82
984,0.000162416,1.96,1.84
985,0.00016241700000000001,1.96,1.84
986,0.000162418,1.96,1.84
987,0.00016241900000000002,1.96,1.84
988,0.00016242,1.96,1.84
989,0.000162421,1.96,1.86
990,0.000162422,1.96,1.86
991,0.000162423,1.96,1.86
992,0.00016242400000000002,1.94,1.86
993,0.000162425,1.94,1.8800000000000001
994,0.00016242600000000002,1.96,1.8800000000000001
995,0.000162427,1.96,1.8800000000000001
996,0.000162428,1.96,1.8800000000000001
997,0.000162429,1.96,1.8800000000000001
998,0.00016243,1.94,1.9000000000000001
999,0.00016243100000000002,1.94,1.9000000000000001
1000,0.000162432,1.94,1.9000000000000001
1001,0.00016243300000000002,1.94,1.9000000000000001
1002,0.000162434,1.94,1.9000000000000001
1003,0.000162435,1.94,1.92
1004,0.00016243600000000001,1.94,1.92
1005,0.000162437,1.94,1.92
1006,0.00016243800000000002,1.96,1.92
1007,0.000162439,1.96,1.92
1008,0.00016244,1.96,1.92
1009,0.000162441,1.96,1.94
1010,0.000162442,1.96,1.94
1011,0.00016244300000000002,1.96,1.94
1012,0.000162444,1.96,1.94
1013,0.00016244500000000002,1.96,1.94
1014,0.000162446,1.96,1.96
1015,0.000162447,1.96,1.96
1016,0.00016244800000000001,1.96,1.96
1017,0.000162449,1.96,1.96
1018,0.00016245000000000002,1.96,1.96
1019,0.000162451,1.96,1.98
1020,0.000162452,1.96,1.98
1021,0.000162453,1.94,1.98
1022,0.000162454,1.94,1.98
1023,0.00016245500000000002,1.94,1.98
1024,0.000162456,1.94,2.0
1025,0.00016245700000000002,1.94,2.0
1026,0.000162458,1.94,2.0
1027,0.000162459,1.94,2.0
1028,0.00016246,1.94,2.0
1029,0.000162461,1.96,2.02
1030,0.00016246200000000002,1.96,2.02
1031,0.000162463,1.96,2.02
1032,0.00016246400000000002,1.96,2.04
1033,0.000162465,1.96,2.04
1034,0.000162466,1.96,2.04
1035,0.00016246700000000002,1.96,2.06
1036,0.000162468,1.96,2.06
1037,0.00016246900000000002,1.94,2.06
1038,0.00016247,1.94,2.06
1039,0.000162471,1.94,2.04
1040,0.000162472,1.94,2.04
1041,0.000162473,1.94,2.06
1042,0.00016247400000000002,1.94,2.06
1043,0.000162475,1.94,2.06
1044,0.00016247600000000002,1.94,2.06
1045,0.000162477,1.96,2.06
1046,0.000162478,1.96,2.08
1047,0.00016247900000000001,1.96,2.08
1048,0.00016248,1.96,2.08
1049,0.00016248100000000002,1.96,2.08
1050,0.000162482,1.94,2.1
1051,0.000162483,1.94,2.1
1052,0.000162484,1.96,2.1
1053,0.000162485,1.96,2.12
1054,0.00016248600000000002,1.96,2.12
1055,0.000162487,1.96,2.12
1056,0.00016248800000000002,1.96,2.12
1057,0.000162489,1.96,2.12
1058,0.00016249,1.96,2.12
1059,0.000162491,1.96,2.12
1060,0.000162492,1.94,2.14
1061,0.00016249300000000002,1.94,2.14
1062,0.000162494,1.96,2.14
1063,0.00016249500000000002,1.96,2.14
1064,0.000162496,1.96,2.14
1065,0.000162497,1.96,2.16
1066,0.00016249800000000002,1.96,2.16
1067,0.000162499,1.96,2.16
1068,0.00016250000000000002,1.96,2.16
1069,0.000162501,1.96,2.18
1070,0.000162502,1.96,2.18
1071,0.000162503,1.96,2.18
1072,0.000162504,1.96,2.18
1073,0.00016250500000000002,1.96,2.2
1074,0.000162506,1.96,2.2
1075,0.00016250700000000002,1.96,2.2
1076,0.000162508,1.94,2.2
1077,0.000162509,1.94,2.2
1078,0.00016251000000000001,1.94,2.22
1079,0.000162511,1.96,2.22
1080,0.00016251200000000002,1.96,2.22
1081,0.000162513,1.96,2.22
1082,0.000162514,1.96,2.22
1083,0.000162515,1.96,2.22
1084,0.000162516,1.98,2.22
1085,0.00016251700000000002,1.98,2.22
1086,0.000162518,1.98,2.24
1087,0.00016251900000000002,1.98,2.24
1088,0.00016252,1.96,2.24
1089,0.000162521,1.96,2.2600000000000002
1090,0.00016252200000000001,1.98,2.2600000000000002
1091,0.000162523,1.98,2.2600000000000002
1092,0.00016252400000000002,1.98,2.2600000000000002
1093,0.000162525,1.98,2.2600000000000002
1094,0.00016252600000000002,1.98,2.2600000000000002
1095,0.000162527,1.98,2.2800000000000002
1096,0.000162528,1.98,2.2800000000000002
1097,0.00016252900000000002,1.98,2.2800000000000002
1098,0.00016253,1.96,2.2800000000000002
1099,0.00016253100000000002,1.96,2.2800000000000002
1100,0.000162532,1.98,2.3000000000000003
1101,0.000162533,1.98,2.3000000000000003
1102,0.000162534,1.98,2.3000000000000003
1103,0.000162535,1.98,2.3000000000000003
1104,0.00016253600000000002,1.98,2.3000000000000003
1105,0.000162537,1.96,2.32
1106,0.00016253800000000002,1.96,2.32
1107,0.000162539,1.98,2.32
1108,0.00016254,1.98,2.32
1109,0.00016254100000000001,1.98,2.34
1110,0.000162542,1.98,2.34
1111,0.00016254300000000002,1.98,2.34
1112,0.000162544,1.98,2.34
1113,0.000162545,1.98,2.34
1114,0.000162546,1.98,2.36
1115,0.000162547,1.98,2.36
1116,0.00016254800000000002,1.98,2.36
1117,0.000162549,1.98,2.36
1118,0.00016255000000000002,1.98,2.36
1119,0.000162551,1.98,2.38
1120,0.000162552,1.98,2.38
1121,0.00016255300000000001,1.98,2.38
1122,0.000162554,1.98,2.38
1123,0.00016255500000000002,1.98,2.38
1124,0.000162556,1.98,2.4
1125,0.000162557,2.0,2.4
1126,0.000162558,2.0,2.4
1127,0.000162559,2.0,2.4
1128,0.00016256000000000002,2.0,2.4
1129,0.000162561,2.0,2.4
1130,0.00016256200000000002,2.0,2.42
1131,0.000162563,2.0,2.42
1132,0.000162564,2.0,2.42
1133,0.000162565,2.0,2.42
1134,0.000162566,1.98,2.42
1135,0.00016256700000000002,1.98,2.44
1136,0.000162568,1.98,2.44
1137,0.00016256900000000002,2.0,2.44
1138,0.00016257,2.0,2.44
1139,0.000162571,2.0,2.44
1140,0.00016257200000000001,2.0,2.46
1141,0.000162573,2.0,2.46
1142,0.00016257400000000002,2.0,2.46
1143,0.000162575,2.0,2.46
1144,0.000162576,2.0,2.46
1145,0.000162577,2.0,2.46
1146,0.000162578,2.0,2.48
1147,0.00016257900000000002,2.0,2.48
1148,0.00016258,2.0,2.48
1149,0.00016258100000000002,2.0,2.48
1150,0.000162582,2.0,2.5
1151,0.000162583,2.02,2.5
1152,0.00016258400000000001,2.02,2.5
1153,0.000162585,2.02,2.5
1154,0.00016258600000000002,2.02,2.5
1155,0.000162587,2.02,2.5
1156,0.000162588,2.02,2.5
1157,0.000162589,2.02,2.52
1158,0.00016259,2.0,2.52
1159,0.00016259100000000002,2.0,2.52
1160,0.000162592,2.02,2.52
1161,0.00016259300000000002,2.02,2.52
1162,0.000162594,2.02,2.54
1163,0.000162595,2.02,2.54
1164,0.000162596,2.02,2.54
1165,0.000162597,2.02,2.54
1166,0.00016259800000000002,2.02,2.54
1167,0.000162599,2.0,2.54
1168,0.00016260000000000002,2.02,2.56
1169,0.000162601,2.02,2.56
1170,0.000162602,2.02,2.56
1171,0.00016260300000000002,2.02,2.58
1172,0.000162604,2.02,2.58
1173,0.00016260500000000002,2.02,2.58
1174,0.000162606,2.02,2.58
1175,0.000162607,2.02,2.6
1176,0.000162608,2.02,2.6
1177,0.000162609,2.04,2.6
1178,0.00016261000000000002,2.04,2.6
1179,0.000162611,2.02,2.6
1180,0.00016261200000000002,2.02,2.6
1181,0.000162613,2.02,2.6
1182,0.000162614,2.04,2.6
1183,0.00016261500000000001,2.04,2.62
1184,0.000162616,2.04,2.62
1185,0.00016261700000000002,2.04,2.62
1186,0.000162618,2.04,2.62
1187,0.000162619,2.06,2.62
1188,0.00016262,2.06,2.64
1189,0.000162621,2.06,2.64
1190,0.00016262200000000002,2.06,2.64
1191,0.000162623,2.06,2.66
1192,0.00016262400000000002,2.06,2.66
1193,0.000162625,2.06,2.66
1194,0.000162626,2.06,2.66
1195,0.000162627,2.06,2.66
1196,0.000162628,2.06,2.68
1197,0.00016262900000000002,2.06,2.68
1198,0.00016263,2.06,2.68
1199,0.00016263100000000002,2.06,2.68
1200,0.000162632,2.06,2.68
1201,0.000162633,2.04,2.7
1202,0.00016263400000000002,2.04,2.7
1203,0.000162635,2.04,2.7
1204,0.00016263600000000002,2.06,2.7
1205,0.000162637,2.06,2.7
1206,0.000162638,2.06,2.72
1207,0.000162639,2.06,2.72
1208,0.00016264,2.06,2.72
1209,0.00016264100000000002,2.08,2.72
1210,0.000162642,2.08,2.72
1211,0.00016264300000000002,2.08,2.74
1212,0.000162644,2.08,2.74
1213,0.000162645,2.08,2.74
1214,0.00016264600000000001,2.08,2.74
1215,0.000162647,2.08,2.74
1216,0.00016264800000000002,2.08,2.74
1217,0.000162649,2.08,2.7600000000000002
1218,0.00016265,2.06,2.7600000000000002
1219,0.000162651,2.06,2.7600000000000002
1220,0.000162652,2.08,2.7600000000000002
1221,0.00016265300000000002,2.08,2.7600000000000002
1222,0.000162654,2.08,2.7800000000000002
1223,0.00016265500000000002,2.08,2.7800000000000002
1224,0.000162656,2.08,2.7800000000000002
1225,0.000162657,2.08,2.7800000000000002
1226,0.00016265800000000001,2.08,2.7800000000000002
1227,0.000162659,2.08,2.7800000000000002
1228,0.00016266000000000002,2.08,2.8000000000000003
1229,0.000162661,2.08,2.8000000000000003
1230,0.000162662,2.1,2.8000000000000003
1231,0.000162663,2.1,2.8000000000000003
1232,0.000162664,2.08,2.8000000000000003
1233,0.00016266500000000002,2.1,2.82
1234,0.000162666,2.1,2.82
1235,0.00016266700000000002,2.1,2.82
1236,0.000162668,2.1,2.82
1237,0.000162669,2.1,2.82
1238,0.00016267,2.12,2.84
1239,0.000162671,2.1,2.84
1240,0.00016267200000000002,2.1,2.84
1241,0.000162673,2.1,2.84
1242,0.00016267400000000002,2.1,2.84
1243,0.000162675,2.1,2.84
1244,0.000162676,2.1,2.86
1245,0.00016267700000000001,2.1,2.86
1246,0.000162678,2.12,2.86
1247,0.00016267900000000002,2.12,2.86
1248,0.00016268,2.1,2.86
1249,0.000162681,2.1,2.88
1250,0.000162682,2.12,2.88
1251,0.000162683,2.12,2.88
1252,0.00016268400000000002,2.12,2.88
1253,0.000162685,2.12,2.9
1254,0.00016268600000000002,2.12,2.9
1255,0.000162687,2.12,2.9
1256,0.000162688,2.12,2.9
1257,0.00016268900000000001,2.12,2.9
1258,0.00016269,2.12,2.92
1259,0.00016269100000000002,2.12,2.92
1260,0.000162692,2.12,2.92
1261,0.000162693,2.12,2.92
1262,0.000162694,2.12,2.92
1263,0.000162695,2.12,2.94
1264,0.00016269600000000002,2.12,2.94
1265,0.000162697,2.12,2.94
1266,0.00016269800000000002,2.14,2.94
1267,0.000162699,2.14,2.94
1268,0.0001627,2.14,2.96
1269,0.000162701,2.14,2.96
1270,0.000162702,2.14,2.96
1271,0.00016270300000000002,2.16,2.96
1272,0.000162704,2.16,2.98
1273,0.00016270500000000002,2.16,2.98
1274,0.000162706,2.16,2.98
1275,0.000162707,2.16,2.98
1276,0.00016270800000000001,2.16,2.98
1277,0.000162709,2.16,2.98
1278,0.00016271000000000002,2.14,2.98
1279,0.000162711,2.14,2.98
1280,0.000162712,2.14,3.0
1281,0.000162713,2.16,3.0
1282,0.000162714,2.16,3.02
1283,0.00016271500000000002,2.16,3.02
1284,0.000162716,2.16,3.02
1285,0.00016271700000000002,2.16,3.02
1286,0.000162718,2.18,3.02
1287,0.000162719,2.18,3.04
1288,0.00016272000000000001,2.18,3.04
1289,0.000162721,2.18,3.04
1290,0.00016272200000000002,2.18,3.04
1291,0.000162723,2.18,3.04
1292,0.000162724,2.16,3.04
1293,0.000162725,2.16,3.04
1294,0.000162726,2.16,3.04
1295,0.00016272700000000002,2.18,3.06
1296,0.000162728,2.18,3.06
1297,0.00016272900000000002,2.18,3.06
1298,0.00016273,2.18,3.06
1299,0.000162731,2.18,3.08
1300,0.000162732,2.2,3.08
1301,0.000162733,2.2,3.08
1302,0.00016273400000000002,2.2,3.1
1303,0.000162735,2.2,3.1
1304,0.00016273600000000002,2.2,3.1
1305,0.000162737,2.2,3.1
1306,0.000162738,2.2,3.12
1307,0.00016273900000000002,2.2,3.12
1308,0.00016274,2.2,3.12
1309,0.00016274100000000002,2.2,3.12
1310,0.000162742,2.2,3.12
1311,0.000162743,2.2,3.12
1312,0.000162744,2.22,3.12
1313,0.000162745,2.22,3.14
1314,0.00016274600000000002,2.22,3.14
1315,0.000162747,2.2,3.14
1316,0.00016274800000000002,2.2,3.14
1317,0.000162749,2.22,3.14
1318,0.00016275,2.22,3.16
1319,0.00016275100000000001,2.22,3.16
1320,0.000162752,2.22,3.16
1321,0.00016275300000000002,2.22,3.16
1322,0.000162754,2.22,3.16
1323,0.000162755,2.22,3.18
1324,0.000162756,2.22,3.18
1325,0.000162757,2.22,3.18
1326,0.00016275800000000002,2.22,3.2
1327,0.000162759,2.24,3.2
1328,0.00016276000000000002,2.24,3.2
1329,0.000162761,2.22,3.2
1330,0.000162762,2.22,3.2
1331,0.00016276300000000001,2.24,3.2
1332,0.000162764,2.24,3.2
1333,0.00016276500000000002,2.24,3.22
1334,0.000162766,2.24,3.22
1335,0.00016276700000000002,2.24,3.22
1336,0.000162768,2.24,3.22
1337,0.000162769,2.24,3.22
1338,0.00016277000000000002,2.2600000000000002,3.24
1339,0.000162771,2.2600000000000002,3.24
1340,0.00016277200000000002,2.2600000000000002,3.24
1341,0.000162773,2.24,3.24
1342,0.000162774,2.24,3.2600000000000002
1343,0.000162775,2.2600000000000002,3.2600000000000002
1344,0.000162776,2.2600000000000002,3.2600000000000002
1345,0.00016277700000000002,2.2600000000000002,3.2600000000000002
1346,0.000162778,2.2600000000000002,3.2800000000000002
1347,0.00016277900000000002,2.2600000000000002,3.2800000000000002
1348,0.00016278,2.2800000000000002,3.2800000000000002
1349,0.000162781,2.2800000000000002,3.2800000000000002
1350,0.00016278200000000001,2.2800000000000002,3.2800000000000002
1351,0.000162783,2.2800000000000002,3.2800000000000002
1352,0.00016278400000000002,2.2800000000000002,3.3000000000000003
1353,0.000162785,2.2800000000000002,3.3000000000000003
1354,0.000162786,2.2800000000000002,3.3000000000000003
1355,0.000162787,2.2600000000000002,3.3000000000000003
1356,0.000162788,2.2600000000000002,3.3200000000000003
1357,0.00016278900000000002,2.2600000000000002,3.3000000000000003
1358,0.00016279,2.2800000000000002,3.3200000000000003
1359,0.00016279100000000002,2.2800000000000002,3.3200000000000003
1360,0.000162792,2.2800000000000002,3.3200000000000003
1361,0.000162793,2.2800000000000002,3.3200000000000003
1362,0.00016279400000000001,2.3000000000000003,3.34
1363,0.000162795,2.3000000000000003,3.34
1364,0.00016279600000000002,2.3000000000000003,3.34
1365,0.000162797,2.3000000000000003,3.34
1366,0.00016279800000000002,2.3000000000000003,3.34
1367,0.000162799,2.3000000000000003,3.34
1368,0.0001628,2.3000000000000003,3.36
1369,0.00016280100000000002,2.3000000000000003,3.36
1370,0.000162802,2.3000000000000003,3.36
1371,0.00016280300000000002,2.3000000000000003,3.36
1372,0.000162804,2.3000000000000003,3.36
1373,0.000162805,2.3000000000000003,3.38
1374,0.000162806,2.3000000000000003,3.38
1375,0.000162807,2.32,3.38
1376,0.00016280800000000002,2.32,3.4
1377,0.000162809,2.32,3.4
1378,0.00016281000000000002,2.32,3.4
1379,0.000162811,2.32,3.4
1380,0.000162812,2.32,3.4
1381,0.00016281300000000001,2.34,3.42
1382,0.000162814,2.34,3.42
1383,0.00016281500000000002,2.34,3.42
1384,0.000162816,2.34,3.42
1385,0.000162817,2.34,3.42
1386,0.000162818,2.34,3.44
1387,0.000162819,2.34,3.44
1388,0.00016282000000000002,2.32,3.44
1389,0.000162821,2.32,3.44
1390,0.00016282200000000002,2.32,3.44
1391,0.000162823,2.34,3.44
1392,0.000162824,2.34,3.44
1393,0.00016282500000000001,2.34,3.46
1394,0.000162826,2.34,3.46
1395,0.00016282700000000002,2.36,3.46
1396,0.000162828,2.36,3.46
1397,0.000162829,2.36,3.46
1398,0.00016283,2.36,3.48
1399,0.000162831,2.36,3.48
1400,0.00016283200000000002,2.36,3.48
1401,0.000162833,2.36,3.48
1402,0.00016283400000000002,2.36,3.48
1403,0.000162835,2.36,3.5
1404,0.000162836,2.36,3.5
1405,0.000162837,2.38,3.5
1406,0.000162838,2.38,3.52
1407,0.00016283900000000002,2.38,3.52
1408,0.00016284,2.38,3.52
1409,0.00016284100000000002,2.38,3.52
1410,0.000162842,2.38,3.52
1411,0.000162843,2.38,3.52
1412,0.00016284400000000001,2.38,3.52
1413,0.000162845,2.38,3.54
1414,0.00016284600000000002,2.38,3.54
1415,0.000162847,2.38,3.56
1416,0.000162848,2.38,3.56
1417,0.000162849,2.38,3.56
1418,0.00016285,2.38,3.56
1419,0.00016285100000000002,2.38,3.56
1420,0.000162852,2.4,3.56
1421,0.00016285300000000002,2.4,3.56
1422,0.000162854,2.4,3.56
1423,0.000162855,2.4,3.58
1424,0.00016285600000000001,2.4,3.58
1425,0.000162857,2.42,3.58
1426,0.00016285800000000002,2.42,3.58
1427,0.000162859,2.4,3.6
1428,0.00016286,2.4,3.6
1429,0.000162861,2.42,3.6
1430,0.000162862,2.42,3.6
1431,0.00016286300000000002,2.42,3.6
1432,0.000162864,2.42,3.6
1433,0.00016286500000000002,2.42,3.62
1434,0.000162866,2.44,3.62
1435,0.000162867,2.44,3.62
1436,0.000162868,2.42,3.62
1437,0.000162869,2.42,3.64
1438,0.00016287000000000002,2.44,3.64
1439,0.000162871,2.44,3.64
1440,0.00016287200000000002,2.44,3.64
1441,0.000162873,2.44,3.64
1442,0.000162874,2.44,3.66
1443,0.00016287500000000002,2.44,3.66
1444,0.000162876,2.44,3.66
1445,0.00016287700000000002,2.44,3.66
1446,0.000162878,2.46,3.66
1447,0.000162879,2.46,3.66
1448,0.00016288,2.46,3.68
1449,0.000162881,2.46,3.68
1450,0.00016288200000000002,2.46,3.68
1451,0.000162883,2.46,3.68
1452,0.00016288400000000002,2.46,3.68
1453,0.000162885,2.46,3.7
1454,0.000162886,2.46,3.7
1455,0.00016288700000000001,2.46,3.7
1456,0.000162888,2.48,3.7
1457,0.00016288900000000002,2.48,3.7
1458,0.00016289,2.48,3.72
1459,0.000162891,2.46,3.72
1460,0.000162892,2.46,3.72
1461,0.000162893,2.48,3.74
1462,0.00016289400000000002,2.48,3.74
1463,0.000162895,2.48,3.74
1464,0.00016289600000000002,2.48,3.74
1465,0.000162897,2.48,3.74
1466,0.000162898,2.48,3.74
1467,0.00016289900000000001,2.48,3.74
1468,0.0001629,2.48,3.74
1469,0.00016290100000000002,2.48,3.7600000000000002
1470,0.000162902,2.5,3.7600000000000002
1471,0.00016290300000000002,2.5,3.7600000000000002
1472,0.000162904,2.5,3.7600000000000002
1473,0.000162905,2.5,3.7600000000000002
1474,0.00016290600000000002,2.5,3.7800000000000002
1475,0.000162907,2.52,3.7800000000000002
1476,0.00016290800000000002,2.52,3.7800000000000002
1477,0.000162909,2.52,3.8000000000000003
1478,0.00016291,2.52,3.8000000000000003
1479,0.000162911,2.52,3.8000000000000003
1480,0.000162912,2.52,3.8000000000000003
1481,0.00016291300000000002,2.52,3.8000000000000003
1482,0.000162914,2.52,3.8200000000000003
1483,0.00016291500000000002,2.52,3.8200000000000003
1484,0.000162916,2.52,3.8200000000000003
1485,0.000162917,2.52,3.8200000000000003
1486,0.00016291800000000001,2.52,3.8200000000000003
1487,0.000162919,2.52,3.84
1488,0.00016292000000000002,2.52,3.84
1489,0.000162921,2.54,3.84
1490,0.000162922,2.54,3.84
1491,0.000162923,2.54,3.86
1492,0.000162924,2.54,3.86
1493,0.00016292500000000002,2.54,3.86
1494,0.000162926,2.54,3.86
1495,0.00016292700000000002,2.54,3.86
1496,0.000162928,2.56,3.86
1497,0.000162929,2.56,3.86
1498,0.00016293000000000001,2.56,3.86
1499,0.000162931,2.56,3.88
1500,0.00016293200000000002,2.56,3.88
1501,0.000162933,2.56,3.88
1502,0.000162934,2.56,3.9
1503,0.000162935,2.56,3.9
1504,0.000162936,2.56,3.9
1505,0.00016293700000000002,2.58,3.9
1506,0.000162938,2.58,3.9
1507,0.00016293900000000002,2.58,3.9
1508,0.00016294,2.58,3.92
1509,0.000162941,2.58,3.92
1510,0.000162942,2.58,3.92
1511,0.000162943,2.58,3.92
1512,0.00016294400000000002,2.58,3.94
1513,0.000162945,2.58,3.94
1514,0.00016294600000000002,2.58,3.94
1515,0.000162947,2.58,3.94
1516,0.000162948,2.6,3.96
1517,0.00016294900000000001,2.6,3.96
1518,0.00016295,2.6,3.96
1519,0.00016295100000000002,2.6,3.96
1520,0.000162952,2.6,3.96
1521,0.000162953,2.62,3.96
1522,0.000162954,2.62,3.98
1523,0.000162955,2.62,3.98
1524,0.00016295600000000002,2.62,3.98
1525,0.000162957,2.62,3.98
1526,0.00016295800000000002,2.62,3.98
1527,0.000162959,2.62,3.98
1528,0.00016296,2.62,4.0
1529,0.00016296100000000001,2.62,4.0
1530,0.000162962,2.62,4.0
1531,0.00016296300000000002,2.62,4.0
1532,0.000162964,2.62,4.0200000000000005
1533,0.000162965,2.62,4.0200000000000005
1534,0.000162966,2.62,4.0200000000000005
1535,0.000162967,2.64,4.0200000000000005
1536,0.00016296800000000002,2.64,4.04
1537,0.000162969,2.64,4.0200000000000005
1538,0.00016297000000000002,2.64,4.0200000000000005
1539,0.000162971,2.64,4.04
1540,0.000162972,2.64,4.04
1541,0.000162973,2.64,4.04
1542,0.000162974,2.64,4.04
1543,0.00016297500000000002,2.66,4.0600000000000005
1544,0.000162976,2.66,4.0600000000000005
1545,0.00016297700000000002,2.66,4.0600000000000005
1546,0.000162978,2.66,4.0600000000000005
1547,0.000162979,2.68,4.08
1548,0.00016298000000000002,2.68,4.08
1549,0.000162981,2.68,4.08
1550,0.00016298200000000002,2.68,4.08
1551,0.000162983,2.68,4.08
1552,0.000162984,2.68,4.1
1553,0.000162985,2.68,4.1
1554,0.000162986,2.68,4.1
1555,0.00016298700000000002,2.68,4.1
1556,0.000162988,2.68,4.12
1557,0.00016298900000000002,2.68,4.12
1558,0.00016299,2.7,4.12
1559,0.000162991,2.7,4.12
1560,0.00016299200000000001,2.7,4.12
1561,0.000162993,2.7,4.12
1562,0.00016299400000000002,2.7,4.12
1563,0.000162995,2.7,4.12
1564,0.000162996,2.7,4.14
1565,0.000162997,2.7,4.14
1566,0.000162998,2.7,4.14
1567,0.00016299900000000002,2.72,4.14
1568,0.000163,2.72,4.14
1569,0.00016300100000000002,2.72,4.16
1570,0.000163002,2.72,4.16
1571,0.000163003,2.72,4.16
1572,0.000163004,2.74,4.16
1573,0.000163005,2.74,4.18
1574,0.00016300600000000002,2.74,4.18
1575,0.000163007,2.74,4.18
1576,0.00016300800000000002,2.74,4.18
1577,0.000163009,2.74,4.18
1578,0.00016301,2.74,4.2
1579,0.00016301100000000002,2.74,4.2
1580,0.000163012,2.74,4.2
1581,0.00016301300000000002,2.7600000000000002,4.2
1582,0.000163014,2.7600000000000002,4.2
1583,0.000163015,2.7600000000000002,4.22
1584,0.000163016,2.7600000000000002,4.22
1585,0.000163017,2.7600000000000002,4.22
1586,0.00016301800000000002,2.7600000000000002,4.24
1587,0.000163019,2.7600000000000002,4.24
1588,0.00016302000000000002,2.7600000000000002,4.24
1589,0.000163021,2.7600000000000002,4.24
1590,0.000163022,2.7600000000000002,4.26
1591,0.00016302300000000001,2.7800000000000002,4.26
1592,0.000163024,2.7800000000000002,4.26
1593,0.00016302500000000002,2.7800000000000002,4.26
1594,0.000163026,2.7800000000000002,4.26
1595,0.000163027,2.7800000000000002,4.26
1596,0.000163028,2.7800000000000002,4.26
1597,0.000163029,2.8000000000000003,4.28
1598,0.00016303000000000002,2.8000000000000003,4.28
1599,0.000163031,2.8000000000000003,4.28
1600,0.00016303200000000002,2.8000000000000003,4.28
1601,0.000163033,2.8000000000000003,4.28
1602,0.000163034,2.8000000000000003,4.3
1603,0.00016303500000000001,2.82,4.3
1604,0.000163036,2.82,4.3
1605,0.00016303700000000002,2.82,4.3
1606,0.000163038,2.8000000000000003,4.3
1607,0.00016303900000000002,2.8000000000000003,4.32
1608,0.00016304,2.8000000000000003,4.32
1609,0.000163041,2.82,4.32
1610,0.00016304200000000002,2.82,4.32
1611,0.000163043,2.82,4.34
1612,0.00016304400000000002,2.82,4.34
1613,0.000163045,2.82,4.34
1614,0.000163046,2.82,4.34
1615,0.000163047,2.84,4.34
1616,0.000163048,2.84,4.36
1617,0.00016304900000000002,2.84,4.36
1618,0.00016305,2.84,4.36
1619,0.00016305100000000002,2.84,4.36
1620,0.000163052,2.86,4.36
1621,0.000163053,2.86,4.38
1622,0.00016305400000000001,2.86,4.38
1623,0.000163055,2.86,4.38
1624,0.00016305600000000002,2.86,4.38
1625,0.000163057,2.88,4.4
1626,0.000163058,2.88,4.4
1627,0.000163059,2.88,4.4
1628,0.00016306,2.88,4.4
1629,0.00016306100000000002,2.88,4.4
1630,0.000163062,2.88,4.4
1631,0.00016306300000000002,2.88,4.4
1632,0.000163064,2.88,4.4
1633,0.000163065,2.88,4.42
1634,0.00016306600000000001,2.88,4.42
1635,0.000163067,2.88,4.42
1636,0.00016306800000000002,2.9,4.42
1637,0.000163069,2.9,4.42
1638,0.00016307,2.9,4.44
1639,0.000163071,2.9,4.44
1640,0.000163072,2.9,4.44
1641,0.00016307300000000002,2.9,4.44
1642,0.000163074,2.92,4.44
1643,0.00016307500000000002,2.9,4.46
1644,0.000163076,2.9,4.46
1645,0.000163077,2.92,4.46
1646,0.000163078,2.92,4.46
1647,0.000163079,2.92,4.48
1648,0.00016308000000000002,2.92,4.48
1649,0.000163081,2.92,4.48
1650,0.00016308200000000002,2.94,4.48
1651,0.000163083,2.94,4.5
1652,0.000163084,2.94,4.5
1653,0.00016308500000000001,2.94,4.5
1654,0.000163086,2.94,4.5
1655,0.00016308700000000002,2.94,4.5
1656,0.000163088,2.94,4.5
1657,0.000163089,2.94,4.5200000000000005
1658,0.00016309,2.94,4.5200000000000005
1659,0.000163091,2.94,4.5200000000000005
1660,0.00016309200000000002,2.94,4.5200000000000005
1661,0.000163093,2.96,4.54
1662,0.00016309400000000002,2.96,4.54
1663,0.000163095,2.96,4.54
1664,0.000163096,2.96,4.54
1665,0.00016309700000000001,2.96,4.54
1666,0.000163098,2.98,4.5600000000000005
1667,0.00016309900000000002,2.98,4.5600000000000005
1668,0.0001631,2.96,4.5600000000000005
1669,0.000163101,2.96,4.58
1670,0.000163102,2.96,4.58
1671,0.000163103,2.98,4.58
1672,0.00016310400000000002,2.98,4.58
1673,0.000163105,2.98,4.58
1674,0.00016310600000000002,2.98,4.58
1675,0.000163107,3.0,4.58
1676,0.000163108,3.0,4.58
1677,0.000163109,3.0,4.58
1678,0.00016311,3.0,4.6000000000000005
1679,0.00016311100000000002,3.0,4.6000000000000005
1680,0.000163112,3.0,4.6000000000000005
1681,0.00016311300000000002,3.0,4.6000000000000005
1682,0.000163114,3.0,4.62
1683,0.000163115,3.0,4.62
1684,0.00016311600000000002,3.02,4.62
1685,0.000163117,3.02,4.62
1686,0.00016311800000000002,3.02,4.62
1687,0.000163119,3.02,4.62
1688,0.00016312,3.02,4.62
1689,0.000163121,3.02,4.64
1690,0.000163122,3.02,4.64
1691,0.00016312300000000002,3.04,4.64
1692,0.000163124,3.04,4.64
1693,0.00016312500000000002,3.04,4.66
1694,0.000163126,3.04,4.66
1695,0.000163127,3.04,4.66
1696,0.00016312800000000001,3.06,4.66
1697,0.000163129,3.06,4.66
1698,0.00016313000000000002,3.06,4.66
1699,0.000163131,3.06,4.68
1700,0.000163132,3.06,4.68
1701,0.000163133,3.06,4.68
1702,0.000163134,3.06,4.7
1703,0.00016313500000000002,3.06,4.7
1704,0.000163136,3.06,4.7
1705,0.00016313700000000002,3.06,4.7
1706,0.000163138,3.08,4.7
1707,0.000163139,3.08,4.7
1708,0.00016314,3.08,4.72
1709,0.000163141,3.08,4.72
1710,0.00016314200000000002,3.08,4.72
1711,0.000163143,3.1,4.72
1712,0.00016314400000000002,3.1,4.74
1713,0.000163145,3.1,4.74
1714,0.000163146,3.1,4.74
1715,0.00016314700000000002,3.1,4.74
1716,0.000163148,3.1,4.74
1717,0.00016314900000000002,3.1,4.74
1718,0.00016315,3.1,4.76
1719,0.000163151,3.1,4.76
1720,0.000163152,3.12,4.76
1721,0.000163153,3.12,4.76
1722,0.00016315400000000002,3.12,4.78
1723,0.000163155,3.12,4.78
1724,0.00016315600000000002,3.12,4.78
1725,0.000163157,3.14,4.78
1726,0.000163158,3.14,4.78
1727,0.00016315900000000001,3.14,4.8
1728,0.00016316,3.14,4.8
1729,0.00016316100000000002,3.14,4.8
1730,0.000163162,3.14,4.82
1731,0.000163163,3.14,4.82
1732,0.000163164,3.14,4.82
1733,0.000163165,3.14,4.82
1734,0.00016316600000000002,3.16,4.82
1735,0.000163167,3.16,4.82
1736,0.00016316800000000002,3.16,4.82
1737,0.000163169,3.16,4.84
1738,0.00016317,3.16,4.84
1739,0.00016317100000000001,3.16,4.84
1740,0.000163172,3.16,4.84
1741,0.00016317300000000002,3.16,4.86
1742,0.000163174,3.18,4.86
1743,0.000163175,3.18,4.86
1744,0.000163176,3.18,4.86
1745,0.000163177,3.18,4.86
1746,0.00016317800000000002,3.18,4.88
1747,0.000163179,3.2,4.88
1748,0.00016318000000000002,3.18,4.88
1749,0.000163181,3.18,4.88
1750,0.000163182,3.18,4.88
1751,0.000163183,3.2,4.9
1752,0.000163184,3.2,4.9
1753,0.00016318500000000002,3.22,4.9
1754,0.000163186,3.22,4.92
1755,0.00016318700000000002,3.22,4.9
1756,0.000163188,3.22,4.88
1757,0.000163189,3.22,4.8
1758,0.00016319000000000001,3.22,4.64
1759,0.000163191,3.22,4.4
1760,0.00016319200000000002,3.22,4.04
1761,0.000163193,3.22,3.58
1762,0.000163194,3.24,3.06
1763,0.000163195,3.24,2.52
1764,0.000163196,3.22,1.98
1765,0.00016319700000000002,3.22,1.44
1766,0.000163198,3.2,0.96
1767,0.00016319900000000002,3.2,0.54
1768,0.0001632,3.18,0.22
1769,0.000163201,3.16,0.02
1770,0.00016320200000000001,3.16,-0.04
1771,0.000163203,3.14,-0.04
1772,0.00016320400000000002,3.16,-0.04
1773,0.000163205,3.16,-0.04
1774,0.000163206,3.16,-0.04
1775,0.000163207,3.18,-0.02
1776,0.000163208,3.18,0.12
1777,0.00016320900000000002,3.18,0.32
1778,0.00016321,3.16,0.54
1779,0.00016321100000000002,3.16,0.74
1780,0.000163212,3.14,0.88
1781,0.000163213,3.12,0.96
1782,0.000163214,3.1,0.9400000000000001
1783,0.000163215,3.08,0.84
1784,0.00016321600000000002,3.08,0.7000000000000001
1785,0.000163217,3.06,0.52
1786,0.00016321800000000002,3.06,0.32
1787,0.000163219,3.06,0.14
1788,0.00016322,3.06,0.02
1789,0.00016322100000000001,3.06,-0.04
1790,0.000163222,3.08,-0.04
1791,0.00016322300000000002,3.08,-0.04
1792,0.000163224,3.06,-0.04
1793,0.000163225,3.06,-0.04
1794,0.000163226,3.04,-0.04
1795,0.000163227,3.04,-0.02
1796,0.00016322800000000002,3.02,0.06
1797,0.000163229,3.02,0.18
1798,0.00016323000000000002,3.0,0.32
1799,0.000163231,3.0,0.44
1800,0.000163232,3.0,0.54
1801,0.00016323300000000001,3.0,0.6
1802,0.000163234,2.98,0.62
1803,0.00016323500000000002,2.98,0.6
1804,0.000163236,2.98,0.54
1805,0.000163237,2.98,0.46
1806,0.000163238,2.96,0.36
1807,0.000163239,2.96,0.26
1808,0.00016324000000000002,2.94,0.16
1809,0.000163241,2.94,0.06
1810,0.00016324200000000002,2.94,0.0
1811,0.000163243,2.94,-0.04
1812,0.000163244,2.92,-0.04
1813,0.000163245,2.92,-0.02
1814,0.000163246,2.92,0.02
1815,0.00016324700000000002,2.92,0.08
1816,0.000163248,2.92,0.16
1817,0.00016324900000000002,2.92,0.24
1818,0.00016325,2.9,0.32
1819,0.000163251,2.9,0.4
1820,0.00016325200000000002,2.9,0.46
1821,0.000163253,2.9,0.5
1822,0.00016325400000000002,2.88,0.52
1823,0.000163255,2.88,0.5
1824,0.000163256,2.86,0.48
1825,0.000163257,2.86,0.46
1826,0.000163258,2.84,0.4
1827,0.00016325900000000002,2.84,0.36
1828,0.00016326,2.84,0.3
1829,0.00016326100000000002,2.84,0.24
1830,0.000163262,2.84,0.22
1831,0.000163263,2.84,0.18
1832,0.00016326400000000001,2.84,0.18
1833,0.000163265,2.82,0.18
1834,0.00016326600000000002,2.82,0.2
1835,0.000163267,2.82,0.22
1836,0.000163268,2.8000000000000003,0.26
1837,0.000163269,2.8000000000000003,0.32
1838,0.00016327,2.8000000000000003,0.36
1839,0.00016327100000000002,2.8000000000000003,0.4
1840,0.000163272,2.7800000000000002,0.44
1841,0.00016327300000000002,2.7800000000000002,0.46
1842,0.000163274,2.7800000000000002,0.48
1843,0.000163275,2.7800000000000002,0.48
1844,0.00016327600000000001,2.7600000000000002,0.48
1845,0.000163277,2.7600000000000002,0.46
1846,0.00016327800000000002,2.7600000000000002,0.44
1847,0.000163279,2.7600000000000002,0.42
1848,0.00016328000000000002,2.7600000000000002,0.38
1849,0.000163281,2.74,0.36
1850,0.000163282,2.74,0.34
1851,0.00016328300000000002,2.74,0.32
1852,0.000163284,2.72,0.32
1853,0.00016328500000000002,2.72,0.32
1854,0.000163286,2.72,0.34
1855,0.000163287,2.72,0.36
1856,0.000163288,2.7,0.38
1857,0.000163289,2.7,0.4
1858,0.00016329000000000002,2.7,0.42
1859,0.000163291,2.7,0.46
1860,0.00016329200000000002,2.68,0.48
1861,0.000163293,2.68,0.5
1862,0.000163294,2.68,0.5
1863,0.00016329500000000001,2.66,0.52
1864,0.000163296,2.66,0.52
1865,0.00016329700000000002,2.66,0.5
1866,0.000163298,2.66,0.5
1867,0.000163299,2.66,0.48
1868,0.0001633,2.66,0.48
1869,0.000163301,2.64,0.46
1870,0.00016330200000000002,2.64,0.44
1871,0.000163303,2.64,0.44
1872,0.00016330400000000002,2.62,0.44
1873,0.000163305,2.62,0.44
1874,0.000163306,2.62,0.44
1875,0.00016330700000000001,2.62,0.46
1876,0.000163308,2.62,0.46
1877,0.00016330900000000002,2.62,0.48
1878,0.00016331,2.62,0.5
1879,0.00016331100000000002,2.6,0.52
1880,0.000163312,2.6,0.52
1881,0.000163313,2.6,0.54
1882,0.00016331400000000002,2.6,0.54
1883,0.000163315,2.6,0.56
1884,0.00016331600000000002,2.6,0.56
1885,0.000163317,2.58,0.56
1886,0.000163318,2.58,0.56
1887,0.000163319,2.58,0.56
1888,0.00016332,2.58,0.56
1889,0.00016332100000000002,2.56,0.56
1890,0.000163322,2.56,0.54
1891,0.00016332300000000002,2.56,0.54
1892,0.000163324,2.56,0.54
1893,0.000163325,2.56,0.54
1894,0.00016332600000000001,2.54,0.54
1895,0.000163327,2.54,0.54
1896,0.00016332800000000002,2.54,0.56
1897,0.000163329,2.54,0.56
1898,0.00016333,2.54,0.56
1899,0.000163331,2.52,0.58
1900,0.000163332,2.52,0.6
1901,0.00016333300000000002,2.52,0.6
1902,0.000163334,2.52,0.62
1903,0.00016333500000000002,2.52,0.62
1904,0.000163336,2.5,0.64
1905,0.000163337,2.5,0.64
1906,0.00016333800000000001,2.5,0.64
1907,0.000163339,2.5,0.64
1908,0.00016334000000000002,2.5,0.62
1909,0.000163341,2.48,0.62
1910,0.000163342,2.48,0.62
1911,0.000163343,2.48,0.62
1912,0.000163344,2.48,0.64
1913,0.00016334500000000002,2.48,0.64
1914,0.000163346,2.48,0.64
1915,0.00016334700000000002,2.46,0.64
1916,0.000163348,2.46,0.64
1917,0.000163349,2.46,0.64
1918,0.00016335,2.46,0.66
1919,0.000163351,2.46,0.66
1920,0.00016335200000000002,2.46,0.66
1921,0.000163353,2.44,0.68
1922,0.00016335400000000002,2.44,0.68
1923,0.000163355,2.44,0.68
1924,0.000163356,2.44,0.68
1925,0.00016335700000000001,2.44,0.7000000000000001
1926,0.000163358,2.42,0.7000000000000001
1927,0.00016335900000000002,2.42,0.7000000000000001
1928,0.00016336,2.42,0.7000000000000001
1929,0.000163361,2.42,0.7000000000000001
1930,0.000163362,2.42,0.7000000000000001
1931,0.000163363,2.42,0.72
1932,0.00016336400000000002,2.42,0.72
1933,0.000163365,2.4,0.72
1934,0.00016336600000000002,2.4,0.72
1935,0.000163367,2.4,0.72
1936,0.000163368,2.4,0.74
1937,0.00016336900000000001,2.4,0.74
1938,0.00016337,2.38,0.74
1939,0.00016337100000000002,2.4,0.74
1940,0.000163372,2.4,0.76
1941,0.000163373,2.38,0.76
1942,0.000163374,2.38,0.76
1943,0.000163375,2.38,0.76
1944,0.00016337600000000002,2.38,0.76
1945,0.000163377,2.38,0.78
1946,0.00016337800000000002,2.36,0.78
1947,0.000163379,2.36,0.78
1948,0.00016338,2.36,0.78
1949,0.000163381,2.36,0.78
1950,0.000163382,2.36,0.8
1951,0.00016338300000000002,2.36,0.8
1952,0.000163384,2.34,0.8
1953,0.00016338500000000002,2.34,0.8
1954,0.000163386,2.34,0.8
1955,0.000163387,2.34,0.8
1956,0.00016338800000000002,2.34,0.8
1957,0.000163389,2.32,0.8200000000000001
1958,0.00016339000000000002,2.32,0.8200000000000001
1959,0.000163391,2.34,0.8200000000000001
1960,0.000163392,2.34,0.8200000000000001
1961,0.000163393,2.32,0.84
1962,0.000163394,2.32,0.84
1963,0.00016339500000000002,2.32,0.84
1964,0.000163396,2.32,0.84
1965,0.00016339700000000002,2.32,0.86
1966,0.000163398,2.32,0.86
1967,0.000163399,2.3000000000000003,0.86
1968,0.00016340000000000001,2.3000000000000003,0.86
1969,0.000163401,2.3000000000000003,0.88
1970,0.00016340200000000002,2.3000000000000003,0.88
1971,0.000163403,2.3000000000000003,0.88
1972,0.000163404,2.2800000000000002,0.88
1973,0.000163405,2.2800000000000002,0.88
1974,0.000163406,2.3000000000000003,0.88
1975,0.00016340700000000002,2.3000000000000003,0.88
1976,0.000163408,2.3000000000000003,0.88
1977,0.00016340900000000002,2.2800000000000002,0.9
1978,0.00016341,2.2800000000000002,0.9
1979,0.000163411,2.2800000000000002,0.9
1980,0.00016341200000000001,2.2800000000000002,0.9
1981,0.000163413,2.2600000000000002,0.92
1982,0.00016341400000000002,2.2600000000000002,0.92
1983,0.000163415,2.2600000000000002,0.92
1984,0.000163416,2.2600000000000002,0.92
1985,0.000163417,2.24,0.92
1986,0.000163418,2.24,0.9400000000000001
1987,0.00016341900000000002,2.2600000000000002,0.92
1988,0.00016342,2.2600000000000002,0.9400000000000001
1989,0.00016342100000000002,2.2600000000000002,0.9400000000000001
1990,0.000163422,2.24,0.9400000000000001
1991,0.000163423,2.24,0.9400000000000001
1992,0.000163424,2.24,0.9400000000000001
1993,0.000163425,2.24,0.96
1994,0.00016342600000000002,2.24,0.96
1995,0.000163427,2.22,0.96
1996,0.00016342800000000002,2.22,0.96
1997,0.000163429,2.22,0.96
1998,0.00016343,2.22,0.98
1999,0.00016343100000000001,2.22,0.98
