,time,v1,v2
0,0.000146432,2.42,2.86
1,0.000146448,2.44,2.86
2,0.00014646399999999999,2.44,2.86
3,0.00014648,2.44,2.88
4,0.000146496,2.46,2.9
5,0.000146512,2.48,2.88
6,0.000146528,2.48,2.92
7,0.000146544,2.5,2.92
8,0.00014656,2.5,2.92
9,0.000146576,2.5,2.92
10,0.000146592,2.5,2.96
11,0.000146608,2.52,2.96
12,0.00014662399999999998,2.52,2.98
13,0.00014664,2.52,2.98
14,0.000146656,2.54,2.98
15,0.000146672,2.56,2.98
16,0.000146688,2.56,3.0
17,0.000146704,2.58,3.0
18,0.00014672,2.6,3.04
19,0.00014673599999999999,2.6,3.02
20,0.000146752,2.6,3.04
21,0.000146768,2.6,3.04
22,0.000146784,2.62,3.06
23,0.0001468,2.64,3.06
24,0.000146816,2.64,3.08
25,0.000146832,2.64,3.08
26,0.000146848,2.66,3.1
27,0.000146864,2.66,3.1
28,0.00014688,2.68,3.12
29,0.00014689599999999998,2.7,3.12
30,0.000146912,2.7,3.14
31,0.000146928,2.7,3.16
32,0.000146944,2.72,3.16
33,0.00014696,2.72,3.16
34,0.000146976,2.74,3.2
35,0.000146992,2.74,3.2
36,0.00014700799999999999,2.74,3.2
37,0.000147024,2.7600000000000002,3.22
38,0.00014704,2.7800000000000002,3.22
39,0.000147056,2.7800000000000002,3.24
40,0.000147072,2.7800000000000002,3.24
41,0.000147088,2.8000000000000003,3.2600000000000002
42,0.000147104,2.8000000000000003,3.2600000000000002
43,0.00014712,2.82,3.2800000000000002
44,0.000147136,2.84,3.2800000000000002
45,0.000147152,2.82,3.2800000000000002
46,0.00014716799999999998,2.84,3.3000000000000003
47,0.000147184,2.84,3.3200000000000003
48,0.0001472,2.86,3.3000000000000003
49,0.000147216,2.88,3.3200000000000003
50,0.000147232,2.88,3.34
51,0.000147248,2.88,3.36
52,0.000147264,2.9,3.36
53,0.00014727999999999999,2.9,3.36
54,0.000147296,2.92,3.38
55,0.000147312,2.94,3.38
56,0.000147328,2.94,3.4
57,0.000147344,2.94,3.42
58,0.00014736,2.96,3.42
59,0.000147376,2.96,3.44
60,0.000147392,2.98,3.44
61,0.000147408,2.98,3.44
62,0.000147424,3.0,3.46
63,0.00014743999999999998,2.98,3.46
64,0.000147456,3.0,3.48
65,0.000147472,3.02,3.48
66,0.000147488,3.02,3.5
67,0.000147504,3.04,3.5
68,0.00014752,3.04,3.52
69,0.000147536,3.06,3.52
70,0.00014755199999999999,3.06,3.54
71,0.000147568,3.08,3.54
72,0.000147584,3.08,3.56
73,0.0001476,3.1,3.56
74,0.000147616,3.1,3.58
75,0.000147632,3.12,3.58
76,0.000147648,3.12,3.6
77,0.000147664,3.12,3.6
78,0.00014768,3.16,3.6
79,0.000147696,3.14,3.62
80,0.00014771199999999998,3.16,3.64
81,0.000147728,3.16,3.64
82,0.000147744,3.18,3.64
83,0.00014776,3.18,3.66
84,0.000147776,3.2,3.68
85,0.000147792,3.2,3.68
86,0.000147808,3.22,3.7
87,0.00014782399999999999,3.22,3.7
88,0.00014784,3.24,3.7
89,0.000147856,3.24,3.72
90,0.000147872,3.24,3.72
91,0.000147888,3.2800000000000002,3.74
92,0.000147904,3.2800000000000002,3.7600000000000002
93,0.00014792,3.2800000000000002,3.7600000000000002
94,0.000147936,3.2800000000000002,3.7800000000000002
95,0.000147952,3.3000000000000003,3.7800000000000002
96,0.000147968,3.3000000000000003,3.8000000000000003
97,0.00014798399999999998,3.3200000000000003,3.8000000000000003
98,0.000148,3.3200000000000003,3.8000000000000003
99,0.000148016,3.3200000000000003,3.8200000000000003
100,0.000148032,3.34,3.84
101,0.000148048,3.36,3.84
102,0.000148064,3.36,3.86
103,0.00014808,3.38,3.86
104,0.00014809599999999999,3.38,3.86
105,0.000148112,3.38,3.88
106,0.000148128,3.42,3.88
107,0.000148144,3.4,3.9
108,0.00014816,3.44,3.9
109,0.000148176,3.44,3.92
110,0.000148192,3.46,3.92
111,0.000148208,3.44,3.94
112,0.000148224,3.46,3.96
113,0.00014824,3.48,3.96
114,0.00014825599999999998,3.48,3.98
115,0.000148272,3.48,3.96
116,0.000148288,3.48,3.98
117,0.000148304,3.5,3.98
118,0.00014832,3.52,4.0
119,0.000148336,3.52,4.0
120,0.000148352,3.52,4.04
121,0.00014836799999999999,3.54,4.04
122,0.000148384,3.54,4.04
123,0.0001484,3.56,4.04
124,0.000148416,3.58,4.08
125,0.000148432,3.56,4.0600000000000005
126,0.000148448,3.58,4.1
127,0.000148464,3.58,4.08
128,0.00014848,3.6,4.1
129,0.000148496,3.6,4.1
130,0.000148512,3.62,4.12
131,0.00014852799999999998,3.62,4.12
132,0.000148544,3.66,4.14
133,0.00014856,3.64,4.14
134,0.000148576,3.66,4.16
135,0.000148592,3.66,4.16
136,0.000148608,3.68,4.18
137,0.000148624,3.7,4.18
138,0.00014863999999999999,3.7,4.2
139,0.000148656,3.7,4.2
140,0.000148672,3.72,4.22
141,0.000148688,3.72,4.22
142,0.000148704,3.74,4.24
143,0.00014872,3.74,4.24
144,0.000148736,3.7600000000000002,4.24
145,0.000148752,3.7600000000000002,4.28
146,0.000148768,3.7600000000000002,4.26
147,0.000148784,3.7800000000000002,4.28
148,0.00014879999999999998,3.8000000000000003,4.28
149,0.000148816,3.8000000000000003,4.32
150,0.000148832,3.8200000000000003,4.32
151,0.000148848,3.8200000000000003,4.32
152,0.000148864,3.84,4.34
153,0.00014888,3.8200000000000003,4.34
154,0.000148896,3.84,4.36
155,0.00014891199999999999,3.86,4.36
156,0.000148928,3.86,4.36
157,0.000148944,3.88,4.38
158,0.00014896,3.9,4.4
159,0.000148976,3.9,4.4
160,0.000148992,3.9,4.42
161,0.000149008,3.9,4.42
162,0.000149024,3.92,4.44
163,0.00014904,3.92,4.44
164,0.000149056,3.96,4.46
165,0.00014907199999999998,3.96,4.46
166,0.000149088,3.96,4.48
167,0.000149104,3.96,4.48
168,0.00014912,3.98,4.5
169,0.000149136,3.98,4.5
170,0.000149152,4.0,4.5200000000000005
171,0.000149168,4.0,4.5200000000000005
172,0.000149184,4.0200000000000005,4.54
173,0.0001492,4.04,4.54
174,0.000149216,4.0200000000000005,4.5600000000000005
175,0.000149232,4.04,4.5600000000000005
176,0.000149248,4.0600000000000005,4.58
177,0.000149264,4.0600000000000005,4.58
178,0.00014928,4.08,4.6000000000000005
179,0.000149296,4.08,4.6000000000000005
180,0.000149312,4.08,4.6000000000000005
181,0.000149328,4.1,4.62
182,0.00014934399999999999,4.1,4.64
183,0.00014936,4.12,4.64
184,0.000149376,4.12,4.64
185,0.000149392,4.14,4.66
186,0.000149408,4.14,4.66
187,0.000149424,4.14,4.68
188,0.00014944,4.16,4.68
189,0.000149456,4.16,4.7
190,0.000149472,4.18,4.7
191,0.000149488,4.18,4.72
192,0.000149504,4.18,4.72
193,0.00014952,4.2,4.74
194,0.000149536,4.22,4.74
195,0.000149552,4.22,4.76
196,0.000149568,4.22,4.78
197,0.000149584,4.24,4.78
198,0.0001496,4.24,4.78
199,0.00014961599999999999,4.28,4.82
200,0.000149632,4.28,4.8
201,0.000149648,4.28,4.82
202,0.000149664,4.28,4.82
203,0.00014968,4.32,4.84
204,0.000149696,4.3,4.84
205,0.000149712,4.32,4.86
206,0.000149728,4.32,4.86
207,0.000149744,4.34,4.88
208,0.00014976,4.34,4.88
209,0.00014977599999999998,4.34,4.9
210,0.000149792,4.36,4.9
211,0.000149808,4.36,4.92
212,0.000149824,4.38,4.92
213,0.00014984,4.4,4.94
214,0.000149856,4.4,4.94
215,0.000149872,4.3,4.5200000000000005
216,0.00014988799999999999,4.12,-0.04
217,0.000149904,4.0,-0.04
218,0.00014992,3.86,0.18
219,0.000149936,3.7600000000000002,0.34
220,0.000149952,3.66,0.16
221,0.000149968,3.54,0.04
222,0.000149984,3.44,0.12
223,0.00015,3.34,0.16
224,0.000150016,3.24,0.18
225,0.000150032,3.14,0.16
226,0.00015004799999999998,3.06,0.18
227,0.000150064,2.96,0.18
228,0.00015008,2.88,0.2
229,0.000150096,2.8000000000000003,0.2
230,0.000150112,2.72,0.2
231,0.000150128,2.64,0.2
232,0.000150144,2.56,0.22
233,0.00015015999999999999,2.5,0.24
234,0.000150176,2.44,0.24
235,0.000150192,2.38,0.24
236,0.000150208,2.32,0.26
237,0.000150224,2.2600000000000002,0.26
238,0.00015024,2.2,0.26
239,0.000150256,2.14,0.28
240,0.000150272,2.1,0.28
241,0.000150288,2.04,0.28
242,0.000150304,1.98,0.3
243,0.00015031999999999998,1.94,0.32
244,0.000150336,1.8800000000000001,0.32
245,0.000150352,1.84,0.32
246,0.000150368,1.82,0.34
247,0.000150384,1.76,0.34
248,0.0001504,1.72,0.36
249,0.000150416,1.68,0.36
250,0.00015043199999999999,1.6400000000000001,0.36
251,0.000150448,1.62,0.38
252,0.000150464,1.58,0.4
253,0.00015048,1.56,0.4
254,0.000150496,1.52,0.4
255,0.000150512,1.48,0.4
256,0.000150528,1.46,0.42
257,0.000150544,1.42,0.42
258,0.00015056,1.4000000000000001,0.44
259,0.000150576,1.36,0.46
260,0.00015059199999999998,1.36,0.46
261,0.000150608,1.32,0.48
262,0.000150624,1.3,0.48
263,0.00015064,1.28,0.48
264,0.000150656,1.24,0.5
265,0.000150672,1.24,0.5
266,0.000150688,1.22,0.52
267,0.00015070399999999999,1.2,0.52
268,0.00015072,1.18,0.54
269,0.000150736,1.16,0.54
270,0.000150752,1.16,0.56
271,0.000150768,1.1400000000000001,0.56
272,0.000150784,1.12,0.58
273,0.0001508,1.12,0.58
274,0.000150816,1.08,0.6
275,0.000150832,1.08,0.6
276,0.000150848,1.08,0.62
277,0.00015086399999999998,1.06,0.62
278,0.00015088,1.04,0.62
279,0.000150896,1.04,0.64
280,0.000150912,1.04,0.66
281,0.000150928,1.02,0.66
282,0.000150944,1.02,0.68
283,0.00015096,1.0,0.68
284,0.00015097599999999999,1.0,0.68
285,0.000150992,0.98,0.7000000000000001
286,0.000151008,0.98,0.72
287,0.000151024,0.98,0.72
288,0.00015104,0.96,0.72
289,0.000151056,0.96,0.74
290,0.000151072,0.96,0.74
291,0.000151088,0.96,0.76
292,0.000151104,0.9400000000000001,0.76
293,0.00015112,0.9400000000000001,0.76
294,0.00015113599999999998,0.96,0.78
295,0.000151152,0.9400000000000001,0.8
296,0.000151168,0.9400000000000001,0.8
297,0.000151184,0.9400000000000001,0.8
298,0.0001512,0.9400000000000001,0.8200000000000001
299,0.000151216,0.9400000000000001,0.84
300,0.000151232,0.92,0.84
301,0.00015124799999999999,0.9400000000000001,0.84
302,0.000151264,0.92,0.86
303,0.00015128,0.92,0.86
304,0.000151296,0.92,0.88
305,0.000151312,0.92,0.88
306,0.000151328,0.92,0.9
307,0.000151344,0.92,0.9
308,0.00015136,0.92,0.92
309,0.000151376,0.9400000000000001,0.92
310,0.000151392,0.9400000000000001,0.9400000000000001
311,0.00015140799999999998,0.9400000000000001,0.96
312,0.000151424,0.9400000000000001,0.96
313,0.00015144,0.9400000000000001,0.96
314,0.000151456,0.9400000000000001,0.98
315,0.000151472,0.9400000000000001,0.98
316,0.000151488,0.9400000000000001,1.0
317,0.000151504,0.9400000000000001,1.0
318,0.00015151999999999999,0.9400000000000001,1.0
319,0.000151536,0.96,1.02
320,0.000151552,0.96,1.04
321,0.000151568,0.96,1.04
322,0.000151584,0.96,1.06
323,0.0001516,0.96,1.06
324,0.000151616,0.96,1.08
325,0.000151632,0.98,1.08
326,0.000151648,0.96,1.1
327,0.000151664,0.98,1.1
328,0.00015167999999999998,0.96,1.12
329,0.000151696,0.98,1.1
330,0.000151712,1.0,1.1400000000000001
331,0.000151728,1.0,1.1400000000000001
332,0.000151744,1.0,1.1400000000000001
333,0.00015176,1.0,1.16
334,0.000151776,1.02,1.16
335,0.00015179199999999999,1.02,1.18
336,0.000151808,1.02,1.18
337,0.000151824,1.02,1.18
338,0.00015184,1.02,1.22
339,0.000151856,1.04,1.22
340,0.000151872,1.04,1.22
341,0.000151888,1.04,1.24
342,0.000151904,1.06,1.26
343,0.00015192,1.06,1.26
344,0.000151936,1.06,1.28
345,0.00015195199999999998,1.06,1.3
346,0.000151968,1.08,1.28
347,0.000151984,1.08,1.3
348,0.000152,1.1,1.32
349,0.000152016,1.1,1.3
350,0.000152032,1.1,1.34
351,0.000152048,1.12,1.34
352,0.00015206399999999999,1.12,1.34
353,0.00015208,1.12,1.34
354,0.000152096,1.12,1.36
355,0.000152112,1.1400000000000001,1.36
356,0.000152128,1.12,1.3800000000000001
357,0.000152144,1.16,1.4000000000000001
358,0.00015216,1.16,1.4000000000000001
359,0.000152176,1.16,1.42
360,0.000152192,1.16,1.44
361,0.000152208,1.16,1.44
362,0.00015222399999999998,1.16,1.44
363,0.00015224,1.2,1.44
364,0.000152256,1.2,1.46
365,0.000152272,1.2,1.48
366,0.000152288,1.2,1.48
367,0.000152304,1.22,1.5
368,0.00015232,1.22,1.48
369,0.00015233599999999999,1.24,1.52
370,0.000152352,1.24,1.52
371,0.000152368,1.24,1.52
372,0.000152384,1.26,1.54
373,0.0001524,1.24,1.56
374,0.000152416,1.28,1.56
375,0.000152432,1.28,1.58
376,0.000152448,1.28,1.58
377,0.000152464,1.3,1.6
378,0.00015248,1.3,1.6
379,0.00015249599999999998,1.3,1.6
380,0.000152512,1.32,1.62
381,0.000152528,1.32,1.62
382,0.000152544,1.32,1.62
383,0.00015256,1.34,1.6400000000000001
384,0.000152576,1.34,1.6600000000000001
385,0.000152592,1.34,1.6600000000000001
386,0.00015260799999999999,1.36,1.68
387,0.000152624,1.36,1.68
388,0.00015264,1.3800000000000001,1.68
389,0.00015265599999999998,1.3800000000000001,1.7
390,0.000152672,1.3800000000000001,1.7
391,0.000152688,1.4000000000000001,1.72
392,0.000152704,1.4000000000000001,1.74
393,0.00015272,1.42,1.74
394,0.000152736,1.42,1.76
395,0.000152752,1.44,1.76
396,0.00015276799999999998,1.44,1.78
397,0.000152784,1.46,1.78
398,0.0001528,1.48,1.78
399,0.000152816,1.48,1.8
400,0.000152832,1.48,1.82
401,0.000152848,1.48,1.82
402,0.000152864,1.5,1.82
403,0.00015287999999999999,1.5,1.84
404,0.000152896,1.52,1.86
405,0.000152912,1.52,1.86
406,0.00015292799999999998,1.54,1.8800000000000001
407,0.000152944,1.52,1.86
408,0.00015296,1.56,1.8800000000000001
409,0.000152976,1.56,1.9000000000000001
410,0.000152992,1.56,1.9000000000000001
411,0.000153008,1.58,1.92
412,0.000153024,1.58,1.92
413,0.00015303999999999998,1.58,1.94
414,0.000153056,1.6,1.94
415,0.000153072,1.6,1.96
416,0.000153088,1.62,1.98
417,0.000153104,1.62,1.98
418,0.00015312,1.6400000000000001,2.0
419,0.000153136,1.6400000000000001,2.0
420,0.000153152,1.6600000000000001,2.0
421,0.000153168,1.6600000000000001,2.0
422,0.000153184,1.6600000000000001,2.02
423,0.00015319999999999998,1.68,2.04
424,0.000153216,1.68,2.04
425,0.000153232,1.7,2.06
426,0.000153248,1.7,2.06
427,0.000153264,1.7,2.08
428,0.00015328,1.72,2.1
429,0.000153296,1.74,2.1
430,0.00015331199999999998,1.72,2.1
431,0.000153328,1.76,2.12
432,0.000153344,1.76,2.12
433,0.00015336,1.76,2.14
434,0.000153376,1.76,2.16
435,0.000153392,1.78,2.16
436,0.000153408,1.8,2.16
437,0.000153424,1.8,2.18
438,0.00015344,1.82,2.16
439,0.000153456,1.82,2.2
440,0.00015347199999999998,1.82,2.2
441,0.000153488,1.84,2.22
442,0.000153504,1.84,2.22
443,0.00015352,1.86,2.24
444,0.000153536,1.86,2.24
445,0.000153552,1.8800000000000001,2.2600000000000002
446,0.000153568,1.8800000000000001,2.2600000000000002
447,0.00015358399999999999,1.9000000000000001,2.2600000000000002
448,0.0001536,1.9000000000000001,2.2800000000000002
449,0.000153616,1.9000000000000001,2.3000000000000003
450,0.000153632,1.92,2.3000000000000003
451,0.000153648,1.92,2.3000000000000003
452,0.000153664,1.94,2.32
453,0.00015368,1.94,2.34
454,0.000153696,1.96,2.34
455,0.000153712,1.96,2.36
456,0.000153728,1.98,2.36
457,0.00015374399999999998,1.98,2.38
458,0.00015376,2.0,2.36
459,0.000153776,2.0,2.38
460,0.000153792,2.0,2.4
461,0.000153808,2.02,2.4
462,0.000153824,2.02,2.42
463,0.00015384,2.04,2.42
464,0.00015385599999999999,2.04,2.44
465,0.000153872,2.06,2.44
466,0.000153888,2.06,2.44
467,0.000153904,2.06,2.46
468,0.00015392,2.08,2.48
469,0.000153936,2.08,2.48
470,0.000153952,2.1,2.5
471,0.000153968,2.1,2.5
472,0.000153984,2.12,2.52
473,0.000154,2.12,2.54
474,0.00015401599999999998,2.14,2.52
475,0.000154032,2.14,2.54
476,0.000154048,2.14,2.54
477,0.000154064,2.16,2.58
478,0.00015408,2.16,2.56
479,0.000154096,2.18,2.56
480,0.000154112,2.18,2.58
481,0.00015412799999999999,2.18,2.6
482,0.000154144,2.2,2.6
483,0.00015416,2.22,2.62
484,0.000154176,2.24,2.62
485,0.000154192,2.22,2.64
486,0.000154208,2.24,2.66
487,0.000154224,2.2600000000000002,2.66
488,0.00015424,2.2600000000000002,2.66
489,0.000154256,2.2600000000000002,2.68
490,0.000154272,2.2800000000000002,2.7
491,0.00015428799999999998,2.3000000000000003,2.7
492,0.000154304,2.3000000000000003,2.7
493,0.00015432,2.3000000000000003,2.72
494,0.000154336,2.32,2.72
495,0.000154352,2.3000000000000003,2.72
496,0.000154368,2.32,2.7600000000000002
497,0.000154384,2.34,2.74
498,0.00015439999999999999,2.34,2.7600000000000002
499,0.000154416,2.36,2.7600000000000002
500,0.000154432,2.38,2.7800000000000002
501,0.000154448,2.36,2.7800000000000002
502,0.000154464,2.38,2.8000000000000003
503,0.00015448,2.38,2.8000000000000003
504,0.000154496,2.4,2.82
505,0.000154512,2.42,2.84
506,0.000154528,2.42,2.84
507,0.000154544,2.42,2.84
508,0.00015455999999999998,2.42,2.88
509,0.000154576,2.44,2.86
510,0.000154592,2.46,2.86
511,0.000154608,2.46,2.88
512,0.000154624,2.46,2.9
513,0.00015464,2.46,2.92
514,0.000154656,2.5,2.92
515,0.00015467199999999999,2.5,2.94
516,0.000154688,2.52,2.94
517,0.000154704,2.5,2.94
518,0.00015472,2.54,2.96
519,0.000154736,2.54,2.96
520,0.000154752,2.54,2.96
521,0.000154768,2.54,2.98
522,0.000154784,2.56,2.98
523,0.0001548,2.58,3.0
524,0.000154816,2.58,3.02
525,0.00015483199999999998,2.58,3.02
526,0.000154848,2.6,3.02
527,0.000154864,2.6,3.04
528,0.00015488,2.6,3.04
529,0.000154896,2.62,3.06
530,0.000154912,2.62,3.08
531,0.000154928,2.66,3.08
532,0.00015494399999999999,2.66,3.08
533,0.00015496,2.66,3.1
534,0.000154976,2.68,3.12
535,0.000154992,2.68,3.12
536,0.000155008,2.68,3.12
537,0.000155024,2.68,3.14
538,0.00015504,2.7,3.14
539,0.000155056,2.72,3.18
540,0.000155072,2.72,3.18
541,0.000155088,2.74,3.18
542,0.00015510399999999998,2.74,3.2
543,0.00015512,2.7600000000000002,3.22
544,0.000155136,2.7600000000000002,3.2
545,0.000155152,2.7600000000000002,3.22
546,0.000155168,2.7600000000000002,3.24
547,0.000155184,2.7800000000000002,3.24
548,0.0001552,2.8000000000000003,3.2600000000000002
549,0.00015521599999999999,2.8000000000000003,3.2600000000000002
550,0.000155232,2.82,3.2800000000000002
551,0.000155248,2.82,3.2800000000000002
552,0.000155264,2.84,3.3000000000000003
553,0.00015528,2.84,3.3000000000000003
554,0.000155296,2.86,3.3200000000000003
555,0.000155312,2.88,3.3200000000000003
556,0.000155328,2.86,3.3200000000000003
557,0.000155344,2.88,3.34
558,0.00015536,2.88,3.36
559,0.00015537599999999998,2.92,3.36
560,0.000155392,2.9,3.36
561,0.000155408,2.92,3.38
562,0.000155424,2.92,3.38
563,0.00015544,2.92,3.4
564,0.000155456,2.94,3.4
565,0.000155472,2.94,3.44
566,0.00015548799999999999,2.96,3.44
567,0.000155504,2.96,3.44
568,0.00015552,2.98,3.46
569,0.000155536,3.0,3.46
570,0.000155552,2.98,3.48
571,0.000155568,3.02,3.48
572,0.000155584,3.02,3.48
573,0.0001556,3.02,3.5
574,0.000155616,3.04,3.5
575,0.000155632,3.06,3.52
576,0.00015564799999999998,3.06,3.52
577,0.000155664,3.08,3.54
578,0.00015568,3.06,3.54
579,0.000155696,3.08,3.56
580,0.000155712,3.08,3.56
581,0.000155728,3.1,3.56
582,0.000155744,3.12,3.58
583,0.00015575999999999999,3.14,3.6
584,0.000155776,3.12,3.6
585,0.000155792,3.14,3.62
586,0.000155808,3.14,3.62
587,0.000155824,3.16,3.62
588,0.00015584,3.16,3.64
589,0.000155856,3.2,3.64
590,0.000155872,3.18,3.66
591,0.000155888,3.2,3.68
592,0.000155904,3.22,3.68
593,0.00015591999999999998,3.22,3.7
594,0.000155936,3.22,3.7
595,0.000155952,3.24,3.7
596,0.000155968,3.2600000000000002,3.72
597,0.000155984,3.2600000000000002,3.74
598,0.000156,3.2600000000000002,3.74
599,0.000156016,3.2600000000000002,3.74
600,0.00015603199999999999,3.2800000000000002,3.7600000000000002
601,0.000156048,3.3000000000000003,3.7800000000000002
602,0.000156064,3.3000000000000003,3.7800000000000002
603,0.00015608,3.3000000000000003,3.7800000000000002
604,0.000156096,3.3200000000000003,3.8000000000000003
605,0.000156112,3.34,3.8000000000000003
606,0.000156128,3.34,3.8200000000000003
607,0.000156144,3.34,3.84
608,0.00015616,3.36,3.84
609,0.000156176,3.36,3.84
610,0.00015619199999999998,3.36,3.86
611,0.000156208,3.38,3.86
612,0.000156224,3.4,3.88
613,0.00015624,3.4,3.88
614,0.000156256,3.4,3.9
615,0.000156272,3.42,3.9
616,0.000156288,3.42,3.92
617,0.00015630399999999999,3.46,3.92
618,0.00015632,3.44,3.94
619,0.000156336,3.44,3.94
620,0.000156352,3.46,3.96
621,0.000156368,3.48,3.96
622,0.000156384,3.48,3.98
623,0.0001564,3.5,3.98
624,0.000156416,3.5,3.98
625,0.000156432,3.52,4.0
626,0.000156448,3.52,4.0200000000000005
627,0.00015646399999999998,3.52,4.0200000000000005
628,0.00015648,3.54,4.0200000000000005
629,0.000156496,3.56,4.04
630,0.000156512,3.56,4.04
631,0.000156528,3.56,4.0600000000000005
632,0.000156544,3.58,4.0600000000000005
633,0.00015656,3.58,4.08
634,0.00015657599999999999,3.6,4.1
635,0.000156592,3.6,4.1
636,0.000156608,3.62,4.1
637,0.000156624,3.62,4.12
638,0.00015664,3.64,4.12
639,0.000156656,3.66,4.14
640,0.000156672,3.64,4.14
641,0.000156688,3.66,4.16
642,0.000156704,3.66,4.16
643,0.00015672,3.68,4.18
644,0.00015673599999999998,3.68,4.18
645,0.000156752,3.7,4.2
646,0.000156768,3.72,4.22
647,0.000156784,3.72,4.22
648,0.0001568,3.72,4.22
649,0.000156816,3.74,4.24
650,0.000156832,3.74,4.24
651,0.00015684799999999999,3.74,4.26
652,0.000156864,3.7600000000000002,4.28
653,0.00015688,3.7800000000000002,4.28
654,0.000156896,3.7800000000000002,4.28
655,0.000156912,3.7800000000000002,4.3
656,0.000156928,3.8000000000000003,4.3
657,0.000156944,3.8000000000000003,4.32
658,0.00015696,3.8200000000000003,4.32
659,0.000156976,3.8200000000000003,4.32
660,0.000156992,3.84,4.34
661,0.00015700799999999998,3.84,4.36
662,0.000157024,3.86,4.36
663,0.00015704,3.88,4.38
664,0.000157056,3.88,4.38
665,0.000157072,3.88,4.38
666,0.000157088,3.9,4.4
667,0.000157104,3.9,4.42
668,0.00015712,3.9,4.42
669,0.000157136,3.94,4.42
670,0.000157152,3.92,4.44
671,0.000157168,3.94,4.46
672,0.000157184,3.94,4.46
673,0.0001572,3.96,4.48
674,0.000157216,3.96,4.48
675,0.000157232,3.98,4.5
676,0.000157248,3.98,4.5
677,0.000157264,4.0,4.5200000000000005
678,0.00015727999999999998,4.0,4.5200000000000005
679,0.000157296,4.0,4.54
680,0.000157312,4.0200000000000005,4.54
681,0.000157328,4.04,4.54
682,0.000157344,4.04,4.5600000000000005
683,0.00015736,4.0600000000000005,4.58
684,0.000157376,4.0600000000000005,4.58
685,0.000157392,4.08,4.58
686,0.000157408,4.08,4.6000000000000005
687,0.000157424,4.08,4.6000000000000005
688,0.00015744,4.1,4.62
689,0.000157456,4.1,4.62
690,0.000157472,4.12,4.64
691,0.000157488,4.12,4.64
692,0.000157504,4.14,4.66
693,0.00015752,4.16,4.66
694,0.000157536,4.16,4.68
695,0.00015755199999999999,4.16,4.68
696,0.000157568,4.18,4.7
697,0.000157584,4.2,4.7
698,0.0001576,4.2,4.72
699,0.000157616,4.2,4.72
700,0.000157632,4.2,4.76
701,0.000157648,4.22,4.74
702,0.000157664,4.22,4.76
703,0.00015768,4.24,4.78
704,0.000157696,4.24,4.78
705,0.000157712,4.26,4.78
706,0.000157728,4.28,4.8
707,0.000157744,4.28,4.8
708,0.00015776,4.28,4.82
709,0.000157776,4.3,4.82
710,0.000157792,4.3,4.86
711,0.000157808,4.3,4.84
712,0.00015782399999999999,4.32,4.86
713,0.00015784,4.34,4.86
714,0.000157856,4.34,4.86
715,0.000157872,4.34,4.88
716,0.000157888,4.34,4.9
717,0.000157904,4.36,4.9
718,0.00015792,4.38,4.9
719,0.000157936,4.38,4.92
720,0.000157952,4.4,4.92
721,0.000157968,4.4,4.94
722,0.000157984,4.3,4.5200000000000005
723,0.000158,4.14,-0.04
724,0.000158016,4.0,-0.04
725,0.000158032,3.88,0.16
726,0.000158048,3.7600000000000002,0.34
727,0.000158064,3.66,0.16
728,0.00015808,3.54,0.06
729,0.00015809599999999999,3.44,0.12
730,0.000158112,3.34,0.18
731,0.000158128,3.24,0.18
732,0.000158144,3.14,0.16
733,0.00015816,3.04,0.18
734,0.000158176,2.96,0.18
735,0.000158192,2.88,0.2
736,0.000158208,2.8000000000000003,0.18
737,0.000158224,2.72,0.2
738,0.00015824,2.64,0.22
739,0.000158256,2.58,0.22
740,0.000158272,2.5,0.22
741,0.000158288,2.44,0.24
742,0.000158304,2.38,0.26
743,0.00015832,2.32,0.26
744,0.000158336,2.2600000000000002,0.26
745,0.000158352,2.2,0.28
746,0.00015836799999999999,2.14,0.28
747,0.000158384,2.1,0.28
748,0.0001584,2.04,0.28
749,0.000158416,2.0,0.3
750,0.000158432,1.94,0.32
751,0.000158448,1.9000000000000001,0.32
752,0.000158464,1.84,0.32
753,0.00015848,1.82,0.34
754,0.000158496,1.78,0.34
755,0.000158512,1.72,0.36
756,0.000158528,1.68,0.36
757,0.000158544,1.6600000000000001,0.38
758,0.00015856,1.62,0.38
759,0.000158576,1.58,0.38
760,0.000158592,1.54,0.4
761,0.000158608,1.52,0.4
762,0.000158624,1.48,0.4
763,0.00015863999999999999,1.44,0.42
764,0.000158656,1.44,0.44
765,0.000158672,1.4000000000000001,0.44
766,0.000158688,1.3800000000000001,0.44
767,0.000158704,1.34,0.46
768,0.00015872,1.32,0.48
769,0.000158736,1.3,0.48
770,0.000158752,1.28,0.48
771,0.000158768,1.26,0.5
772,0.000158784,1.24,0.52
773,0.0001588,1.24,0.52
774,0.000158816,1.2,0.54
775,0.000158832,1.18,0.54
776,0.000158848,1.18,0.54
777,0.000158864,1.1400000000000001,0.56
778,0.00015888,1.1400000000000001,0.56
779,0.000158896,1.12,0.58
780,0.00015891199999999999,1.1,0.58
781,0.000158928,1.1,0.6
782,0.000158944,1.1,0.6
783,0.00015896,1.08,0.62
784,0.000158976,1.06,0.62
785,0.000158992,1.06,0.62
786,0.000159008,1.04,0.64
787,0.000159024,1.02,0.64
788,0.00015904,1.02,0.64
789,0.000159056,1.02,0.66
790,0.000159072,1.0,0.68
791,0.000159088,1.0,0.68
792,0.000159104,1.0,0.7000000000000001
793,0.00015912,0.98,0.7000000000000001
794,0.000159136,0.98,0.72
795,0.000159152,0.96,0.72
796,0.000159168,0.96,0.72
797,0.00015918399999999999,0.96,0.74
798,0.0001592,0.96,0.74
799,0.000159216,0.96,0.76
800,0.000159232,0.9400000000000001,0.78
801,0.000159248,0.9400000000000001,0.78
802,0.000159264,0.9400000000000001,0.8
803,0.00015928,0.9400000000000001,0.8
804,0.000159296,0.9400000000000001,0.8200000000000001
805,0.000159312,0.9400000000000001,0.8200000000000001
806,0.000159328,0.9400000000000001,0.8200000000000001
807,0.000159344,0.9400000000000001,0.84
808,0.00015936,0.92,0.84
809,0.000159376,0.92,0.86
810,0.000159392,0.92,0.88
811,0.000159408,0.92,0.88
812,0.000159424,0.9400000000000001,0.88
813,0.00015944,0.92,0.9
814,0.00015945599999999999,0.92,0.9
815,0.000159472,0.9400000000000001,0.9
816,0.000159488,0.9400000000000001,0.92
817,0.000159504,0.9400000000000001,0.9400000000000001
818,0.00015952,0.92,0.9400000000000001
819,0.000159536,0.9400000000000001,0.96
820,0.000159552,0.9400000000000001,0.96
821,0.000159568,0.9400000000000001,0.98
822,0.000159584,0.92,0.98
823,0.0001596,0.9400000000000001,1.0
824,0.000159616,0.9400000000000001,1.0
825,0.000159632,0.9400000000000001,1.02
826,0.000159648,0.9400000000000001,1.02
827,0.000159664,0.9400000000000001,1.04
828,0.00015968,0.96,1.04
829,0.000159696,0.96,1.06
830,0.000159712,0.96,1.06
831,0.00015972799999999999,0.96,1.08
832,0.000159744,0.96,1.08
833,0.00015976,0.96,1.1
834,0.000159776,0.98,1.1
835,0.000159792,0.98,1.12
836,0.000159808,0.98,1.12
837,0.000159824,0.98,1.12
838,0.00015984,0.98,1.1400000000000001
839,0.000159856,1.0,1.16
840,0.000159872,1.0,1.16
841,0.000159888,1.02,1.16
842,0.000159904,1.0,1.16
843,0.00015992,1.02,1.18
844,0.000159936,1.02,1.18
845,0.000159952,1.02,1.2
846,0.000159968,1.04,1.22
847,0.000159984,1.04,1.22
848,0.00015999999999999999,1.04,1.24
849,0.000160016,1.06,1.24
850,0.000160032,1.04,1.24
851,0.000160048,1.06,1.26
852,0.000160064,1.06,1.28
853,0.00016008,1.08,1.28
854,0.000160096,1.06,1.3
855,0.000160112,1.08,1.32
856,0.000160128,1.1,1.32
857,0.000160144,1.1,1.32
858,0.00016016,1.1,1.34
859,0.000160176,1.12,1.36
860,0.000160192,1.12,1.36
861,0.000160208,1.12,1.36
862,0.000160224,1.1400000000000001,1.3800000000000001
863,0.00016024,1.1400000000000001,1.4000000000000001
864,0.000160256,1.1400000000000001,1.4000000000000001
865,0.00016027199999999999,1.16,1.4000000000000001
866,0.000160288,1.16,1.42
867,0.000160304,1.16,1.44
868,0.00016032,1.18,1.44
869,0.000160336,1.18,1.44
870,0.000160352,1.2,1.46
871,0.000160368,1.2,1.46
872,0.000160384,1.2,1.48
873,0.0001604,1.2,1.48
874,0.000160416,1.2,1.5
875,0.000160432,1.22,1.5
876,0.000160448,1.22,1.52
877,0.000160464,1.24,1.52
878,0.00016048,1.26,1.52
879,0.000160496,1.26,1.52
880,0.000160512,1.26,1.54
881,0.000160528,1.28,1.56
882,0.00016054399999999999,1.26,1.56
883,0.00016056,1.28,1.58
884,0.000160576,1.3,1.58
885,0.000160592,1.3,1.58
886,0.000160608,1.32,1.6
887,0.000160624,1.32,1.62
888,0.00016064,1.32,1.62
889,0.000160656,1.32,1.62
890,0.000160672,1.34,1.6400000000000001
891,0.000160688,1.34,1.6600000000000001
892,0.000160704,1.36,1.68
893,0.00016072,1.36,1.68
894,0.000160736,1.3800000000000001,1.68
895,0.000160752,1.36,1.7
896,0.000160768,1.3800000000000001,1.72
897,0.000160784,1.3800000000000001,1.72
898,0.0001608,1.4000000000000001,1.72
899,0.00016081599999999999,1.42,1.72
900,0.000160832,1.42,1.74
901,0.000160848,1.44,1.76
902,0.00016086399999999998,1.44,1.78
903,0.00016088,1.46,1.78
904,0.000160896,1.46,1.78
905,0.000160912,1.46,1.8
906,0.000160928,1.48,1.8
907,0.000160944,1.48,1.82
908,0.00016096,1.48,1.82
909,0.000160976,1.5,1.84
910,0.000160992,1.5,1.84
911,0.000161008,1.52,1.84
912,0.000161024,1.52,1.86
913,0.00016104,1.54,1.86
914,0.000161056,1.54,1.86
915,0.000161072,1.56,1.8800000000000001
916,0.00016108799999999999,1.54,1.9000000000000001
917,0.000161104,1.58,1.92
918,0.00016112,1.58,1.92
919,0.00016113599999999998,1.58,1.92
920,0.000161152,1.58,1.94
921,0.000161168,1.6,1.94
922,0.000161184,1.6,1.96
923,0.0001612,1.62,1.96
924,0.000161216,1.62,1.98
925,0.000161232,1.62,1.98
926,0.00016124799999999998,1.6400000000000001,1.98
927,0.000161264,1.6600000000000001,2.0
928,0.00016128,1.6600000000000001,2.02
929,0.000161296,1.68,2.02
930,0.000161312,1.68,2.02
931,0.000161328,1.68,2.06
932,0.000161344,1.7,2.06
933,0.00016136,1.7,2.06
934,0.000161376,1.72,2.08
935,0.000161392,1.72,2.1
936,0.00016140799999999998,1.72,2.1
937,0.000161424,1.74,2.1
938,0.00016144,1.74,2.12
939,0.000161456,1.76,2.12
940,0.000161472,1.76,2.14
941,0.000161488,1.78,2.14
942,0.000161504,1.78,2.14
943,0.00016151999999999998,1.8,2.18
944,0.000161536,1.8,2.18
945,0.000161552,1.82,2.18
946,0.000161568,1.82,2.2
947,0.000161584,1.84,2.2
948,0.0001616,1.82,2.22
949,0.000161616,1.84,2.22
950,0.000161632,1.86,2.22
951,0.000161648,1.86,2.24
952,0.000161664,1.8800000000000001,2.24
953,0.00016167999999999998,1.8800000000000001,2.2600000000000002
954,0.000161696,1.9000000000000001,2.2800000000000002
955,0.000161712,1.9000000000000001,2.2800000000000002
956,0.000161728,1.9000000000000001,2.2800000000000002
957,0.000161744,1.9000000000000001,2.3000000000000003
958,0.00016176,1.92,2.3000000000000003
959,0.000161776,1.94,2.32
960,0.000161792,1.94,2.32
961,0.000161808,1.96,2.34
962,0.000161824,1.96,2.34
963,0.00016184,1.96,2.36
964,0.000161856,1.98,2.38
965,0.000161872,1.98,2.38
966,0.000161888,2.0,2.38
967,0.000161904,2.02,2.4
968,0.00016192,2.02,2.4
969,0.000161936,2.02,2.42
970,0.00016195199999999998,2.04,2.42
971,0.000161968,2.04,2.44
972,0.000161984,2.06,2.46
973,0.000162,2.06,2.46
974,0.000162016,2.08,2.46
975,0.000162032,2.06,2.48
976,0.000162048,2.08,2.5
977,0.000162064,2.08,2.5
978,0.00016208,2.12,2.5
979,0.000162096,2.1,2.52
980,0.000162112,2.12,2.52
981,0.000162128,2.14,2.52
982,0.000162144,2.14,2.54
983,0.00016216,2.16,2.54
984,0.000162176,2.16,2.56
985,0.000162192,2.16,2.56
986,0.000162208,2.18,2.58
987,0.00016222399999999998,2.18,2.58
988,0.00016224,2.2,2.62
989,0.000162256,2.2,2.6
990,0.000162272,2.22,2.6
991,0.000162288,2.22,2.62
992,0.000162304,2.24,2.62
993,0.00016232,2.24,2.64
994,0.000162336,2.24,2.66
995,0.000162352,2.2600000000000002,2.68
996,0.000162368,2.2800000000000002,2.66
997,0.000162384,2.2800000000000002,2.68
998,0.0001624,2.2800000000000002,2.7
999,0.000162416,2.3000000000000003,2.7
1000,0.000162432,2.3000000000000003,2.72
1001,0.000162448,2.32,2.72
1002,0.000162464,2.32,2.74
1003,0.00016248,2.34,2.74
1004,0.00016249599999999998,2.32,2.74
1005,0.000162512,2.36,2.7600000000000002
1006,0.000162528,2.36,2.7800000000000002
1007,0.000162544,2.36,2.8000000000000003
1008,0.00016256,2.38,2.8000000000000003
1009,0.000162576,2.38,2.8000000000000003
1010,0.000162592,2.4,2.8000000000000003
1011,0.000162608,2.4,2.84
1012,0.000162624,2.42,2.82
1013,0.00016264,2.42,2.84
1014,0.000162656,2.44,2.84
1015,0.000162672,2.42,2.86
1016,0.000162688,2.46,2.86
1017,0.000162704,2.44,2.88
1018,0.00016272,2.46,2.88
1019,0.000162736,2.48,2.9
1020,0.000162752,2.48,2.9
1021,0.00016276799999999998,2.5,2.92
1022,0.000162784,2.5,2.94
1023,0.0001628,2.5,2.94
1024,0.000162816,2.52,2.96
1025,0.000162832,2.52,2.94
1026,0.000162848,2.52,2.96
1027,0.000162864,2.54,2.96
1028,0.00016288,2.54,2.98
1029,0.000162896,2.56,3.0
1030,0.000162912,2.58,3.0
1031,0.000162928,2.56,3.02
1032,0.000162944,2.58,3.04
1033,0.00016296,2.6,3.04
1034,0.000162976,2.6,3.04
1035,0.000162992,2.6,3.06
1036,0.000163008,2.62,3.06
1037,0.000163024,2.64,3.06
1038,0.00016303999999999998,2.66,3.08
1039,0.000163056,2.64,3.1
1040,0.000163072,2.66,3.1
1041,0.000163088,2.66,3.1
1042,0.000163104,2.68,3.12
1043,0.00016312,2.68,3.12
1044,0.000163136,2.7,3.16
1045,0.000163152,2.7,3.14
1046,0.000163168,2.72,3.16
1047,0.000163184,2.72,3.16
1048,0.0001632,2.72,3.18
1049,0.000163216,2.7600000000000002,3.18
1050,0.000163232,2.74,3.22
1051,0.000163248,2.7600000000000002,3.2
1052,0.000163264,2.7600000000000002,3.22
1053,0.00016328,2.8000000000000003,3.22
1054,0.000163296,2.7800000000000002,3.24
1055,0.00016331199999999998,2.82,3.2600000000000002
1056,0.000163328,2.8000000000000003,3.2600000000000002
1057,0.000163344,2.8000000000000003,3.2800000000000002
1058,0.00016336,2.84,3.2800000000000002
1059,0.000163376,2.82,3.3000000000000003
1060,0.000163392,2.84,3.3000000000000003
1061,0.000163408,2.84,3.3000000000000003
1062,0.000163424,2.86,3.3200000000000003
1063,0.00016344,2.86,3.34
1064,0.000163456,2.88,3.34
1065,0.000163472,2.9,3.34
1066,0.000163488,2.9,3.38
1067,0.000163504,2.9,3.36
1068,0.00016352,2.92,3.38
1069,0.000163536,2.92,3.4
1070,0.000163552,2.94,3.4
1071,0.000163568,2.94,3.4
1072,0.00016358399999999998,2.96,3.42
1073,0.0001636,2.98,3.42
1074,0.000163616,2.98,3.44
1075,0.000163632,2.98,3.46
1076,0.000163648,2.98,3.46
1077,0.000163664,3.0,3.46
1078,0.00016368,3.0,3.48
1079,0.000163696,3.02,3.48
1080,0.000163712,3.02,3.5
1081,0.000163728,3.04,3.5
1082,0.000163744,3.06,3.52
1083,0.00016376,3.06,3.52
1084,0.000163776,3.06,3.54
1085,0.000163792,3.08,3.54
1086,0.000163808,3.08,3.56
1087,0.000163824,3.1,3.56
1088,0.00016384,3.1,3.58
1089,0.00016385599999999998,3.12,3.58
1090,0.000163872,3.12,3.6
1091,0.000163888,3.14,3.62
1092,0.000163904,3.14,3.62
1093,0.00016392,3.16,3.62
1094,0.000163936,3.16,3.64
1095,0.000163952,3.16,3.64
1096,0.00016396799999999999,3.18,3.66
1097,0.000163984,3.18,3.66
1098,0.000164,3.2,3.66
1099,0.000164016,3.2,3.68
1100,0.000164032,3.22,3.7
1101,0.000164048,3.22,3.7
1102,0.000164064,3.24,3.7
1103,0.00016408,3.24,3.72
1104,0.000164096,3.2600000000000002,3.74
1105,0.000164112,3.2600000000000002,3.74
1106,0.00016412799999999998,3.2800000000000002,3.7600000000000002
1107,0.000164144,3.3000000000000003,3.7600000000000002
1108,0.00016416,3.3000000000000003,3.7800000000000002
1109,0.000164176,3.3000000000000003,3.7800000000000002
1110,0.000164192,3.3200000000000003,3.7800000000000002
1111,0.000164208,3.3200000000000003,3.8000000000000003
1112,0.000164224,3.3200000000000003,3.8200000000000003
1113,0.00016423999999999999,3.34,3.8200000000000003
1114,0.000164256,3.34,3.84
1115,0.000164272,3.36,3.84
1116,0.000164288,3.36,3.84
1117,0.000164304,3.38,3.86
1118,0.00016432,3.38,3.86
1119,0.000164336,3.4,3.86
1120,0.000164352,3.4,3.88
1121,0.000164368,3.42,3.9
1122,0.000164384,3.42,3.9
1123,0.00016439999999999998,3.42,3.92
1124,0.000164416,3.44,3.94
1125,0.000164432,3.44,3.94
1126,0.000164448,3.46,3.96
1127,0.000164464,3.46,3.96
1128,0.00016448,3.48,3.98
1129,0.000164496,3.5,3.98
1130,0.00016451199999999999,3.5,3.98
1131,0.000164528,3.52,4.0
1132,0.000164544,3.52,4.0
1133,0.00016456,3.52,4.0
1134,0.000164576,3.54,4.0200000000000005
1135,0.000164592,3.54,4.04
1136,0.000164608,3.54,4.0600000000000005
1137,0.000164624,3.56,4.04
1138,0.00016464,3.56,4.0600000000000005
1139,0.000164656,3.58,4.08
1140,0.00016467199999999998,3.58,4.08
1141,0.000164688,3.6,4.1
1142,0.000164704,3.62,4.1
1143,0.00016472,3.62,4.12
1144,0.000164736,3.62,4.12
1145,0.000164752,3.62,4.12
1146,0.000164768,3.64,4.16
1147,0.00016478399999999999,3.64,4.14
1148,0.0001648,3.66,4.16
1149,0.000164816,3.66,4.16
1150,0.000164832,3.68,4.18
1151,0.000164848,3.68,4.2
1152,0.000164864,3.7,4.2
1153,0.00016488,3.7,4.22
1154,0.000164896,3.72,4.22
1155,0.000164912,3.72,4.24
1156,0.000164928,3.74,4.26
1157,0.00016494399999999998,3.74,4.26
1158,0.00016496,3.7600000000000002,4.26
1159,0.000164976,3.7600000000000002,4.26
1160,0.000164992,3.7800000000000002,4.28
1161,0.000165008,3.7800000000000002,4.28
1162,0.000165024,3.7800000000000002,4.3
1163,0.00016504,3.8200000000000003,4.3
1164,0.00016505599999999999,3.8200000000000003,4.32
1165,0.000165072,3.8200000000000003,4.32
1166,0.000165088,3.84,4.34
1167,0.000165104,3.84,4.34
1168,0.00016512,3.84,4.36
1169,0.000165136,3.84,4.36
1170,0.000165152,3.86,4.38
1171,0.000165168,3.88,4.4
1172,0.000165184,3.88,4.38
1173,0.0001652,3.88,4.42
1174,0.00016521599999999998,3.9,4.42
1175,0.000165232,3.9,4.42
1176,0.000165248,3.92,4.42
1177,0.000165264,3.94,4.44
1178,0.00016528,3.94,4.46
1179,0.000165296,3.94,4.46
1180,0.000165312,3.96,4.48
1181,0.000165328,3.96,4.48
1182,0.000165344,3.98,4.5
1183,0.00016536,3.98,4.5
1184,0.000165376,4.0,4.5200000000000005
1185,0.000165392,4.0200000000000005,4.5200000000000005
1186,0.000165408,4.0200000000000005,4.5200000000000005
1187,0.000165424,4.0200000000000005,4.54
1188,0.00016544,4.04,4.5600000000000005
1189,0.000165456,4.04,4.5600000000000005
1190,0.000165472,4.04,4.58
1191,0.00016548799999999998,4.0600000000000005,4.58
1192,0.000165504,4.0600000000000005,4.58
1193,0.00016552,4.08,4.6000000000000005
1194,0.000165536,4.08,4.62
1195,0.000165552,4.1,4.62
1196,0.000165568,4.1,4.64
1197,0.000165584,4.1,4.64
1198,0.0001656,4.12,4.66
1199,0.000165616,4.14,4.66
1200,0.000165632,4.14,4.66
1201,0.000165648,4.14,4.68
1202,0.000165664,4.16,4.68
1203,0.00016568,4.18,4.7
1204,0.000165696,4.18,4.7
1205,0.000165712,4.18,4.7
1206,0.000165728,4.22,4.72
1207,0.000165744,4.2,4.74
1208,0.00016575999999999999,4.22,4.74
1209,0.000165776,4.22,4.76
1210,0.000165792,4.22,4.76
1211,0.000165808,4.24,4.78
1212,0.000165824,4.26,4.78
1213,0.00016584,4.26,4.8
1214,0.000165856,4.26,4.82
1215,0.000165872,4.28,4.82
1216,0.000165888,4.28,4.82
1217,0.000165904,4.3,4.84
1218,0.00016592,4.3,4.84
1219,0.000165936,4.32,4.86
1220,0.000165952,4.34,4.86
1221,0.000165968,4.36,4.88
1222,0.000165984,4.34,4.88
1223,0.000166,4.36,4.9
1224,0.000166016,4.36,4.9
1225,0.00016603199999999999,4.38,4.92
1226,0.000166048,4.38,4.94
1227,0.000166064,4.4,4.92
1228,0.00016608,4.42,4.94
1229,0.000166096,4.3,4.54
1230,0.000166112,4.14,-0.04
1231,0.000166128,4.0,-0.04
1232,0.000166144,3.88,0.18
1233,0.00016616,3.7600000000000002,0.34
1234,0.000166176,3.66,0.16
1235,0.000166192,3.54,0.06
1236,0.000166208,3.44,0.1
1237,0.000166224,3.34,0.16
1238,0.00016624,3.24,0.18
1239,0.000166256,3.14,0.16
1240,0.000166272,3.04,0.16
1241,0.000166288,2.96,0.18
1242,0.00016630399999999999,2.88,0.2
1243,0.00016632,2.8000000000000003,0.2
1244,0.000166336,2.72,0.2
1245,0.000166352,2.64,0.22
1246,0.000166368,2.56,0.22
1247,0.000166384,2.5,0.22
1248,0.0001664,2.44,0.22
1249,0.000166416,2.38,0.24
1250,0.000166432,2.32,0.24
1251,0.000166448,2.2600000000000002,0.26
1252,0.000166464,2.2,0.28
1253,0.00016648,2.14,0.28
1254,0.000166496,2.08,0.3
1255,0.000166512,2.04,0.3
1256,0.000166528,2.0,0.3
1257,0.000166544,1.94,0.32
1258,0.00016656,1.8800000000000001,0.32
1259,0.00016657599999999999,1.86,0.34
1260,0.000166592,1.8,0.34
1261,0.000166608,1.78,0.36
1262,0.000166624,1.72,0.36
1263,0.00016664,1.68,0.36
1264,0.000166656,1.6400000000000001,0.38
1265,0.000166672,1.62,0.38
1266,0.000166688,1.58,0.4
1267,0.000166704,1.54,0.4
1268,0.00016672,1.52,0.42
1269,0.000166736,1.48,0.42
1270,0.000166752,1.46,0.42
1271,0.000166768,1.44,0.44
1272,0.000166784,1.4000000000000001,0.44
1273,0.0001668,1.3800000000000001,0.44
1274,0.000166816,1.34,0.46
1275,0.000166832,1.32,0.48
1276,0.00016684799999999999,1.3,0.48
1277,0.000166864,1.28,0.48
1278,0.00016688,1.26,0.48
1279,0.000166896,1.24,0.52
1280,0.000166912,1.22,0.52
1281,0.000166928,1.2,0.52
1282,0.000166944,1.18,0.54
1283,0.00016696,1.18,0.54
1284,0.000166976,1.16,0.56
1285,0.000166992,1.1400000000000001,0.56
1286,0.000167008,1.12,0.56
1287,0.000167024,1.12,0.58
1288,0.00016704,1.1,0.6
1289,0.000167056,1.1,0.6
1290,0.000167072,1.08,0.62
1291,0.000167088,1.04,0.62
1292,0.000167104,1.06,0.62
1293,0.00016711999999999999,1.02,0.64
1294,0.000167136,1.04,0.64
1295,0.000167152,1.02,0.66
1296,0.000167168,1.0,0.68
1297,0.000167184,1.02,0.68
1298,0.0001672,1.0,0.68
1299,0.000167216,1.0,0.7000000000000001
1300,0.000167232,0.98,0.7000000000000001
1301,0.000167248,0.98,0.72
1302,0.000167264,0.98,0.72
1303,0.00016728,0.96,0.74
1304,0.000167296,0.96,0.74
1305,0.000167312,0.9400000000000001,0.74
1306,0.000167328,0.9400000000000001,0.76
1307,0.000167344,0.9400000000000001,0.76
1308,0.00016736,0.9400000000000001,0.78
1309,0.000167376,0.9400000000000001,0.8
1310,0.00016739199999999999,0.9400000000000001,0.8
1311,0.000167408,0.9400000000000001,0.8
1312,0.000167424,0.9400000000000001,0.8200000000000001
1313,0.00016744,0.9400000000000001,0.84
1314,0.000167456,0.92,0.84
1315,0.000167472,0.9400000000000001,0.84
1316,0.000167488,0.9400000000000001,0.86
1317,0.000167504,0.9400000000000001,0.88
1318,0.00016752,0.92,0.88
1319,0.000167536,0.92,0.9
1320,0.000167552,0.92,0.9
1321,0.000167568,0.92,0.92
1322,0.000167584,0.92,0.92
1323,0.0001676,0.92,0.92
1324,0.000167616,0.92,0.9400000000000001
1325,0.000167632,0.9400000000000001,0.9400000000000001
1326,0.000167648,0.9400000000000001,0.96
1327,0.00016766399999999999,0.9400000000000001,0.96
1328,0.00016768,0.9400000000000001,0.98
1329,0.000167696,0.9400000000000001,0.98
1330,0.000167712,0.9400000000000001,1.0
1331,0.000167728,0.9400000000000001,1.0
1332,0.000167744,0.9400000000000001,1.02
1333,0.00016776,0.9400000000000001,1.02
1334,0.000167776,0.96,1.04
1335,0.000167792,0.96,1.04
1336,0.000167808,0.96,1.04
1337,0.000167824,0.96,1.08
1338,0.00016784,0.9400000000000001,1.08
1339,0.000167856,0.96,1.08
1340,0.000167872,0.96,1.08
1341,0.000167888,0.98,1.1
1342,0.000167904,0.98,1.12
1343,0.00016792,0.98,1.12
1344,0.00016793599999999999,1.0,1.12
1345,0.000167952,1.0,1.1400000000000001
1346,0.000167968,1.0,1.16
1347,0.00016798399999999998,1.0,1.1400000000000001
1348,0.000168,1.0,1.16
1349,0.000168016,1.0,1.18
1350,0.000168032,1.02,1.18
1351,0.000168048,1.02,1.2
1352,0.000168064,1.04,1.2
1353,0.00016808,1.04,1.22
1354,0.000168096,1.04,1.22
1355,0.000168112,1.04,1.24
1356,0.000168128,1.06,1.26
1357,0.000168144,1.06,1.26
1358,0.00016816,1.06,1.26
1359,0.000168176,1.06,1.28
1360,0.000168192,1.08,1.28
1361,0.00016820799999999999,1.08,1.3
1362,0.000168224,1.1,1.32
1363,0.00016824,1.1,1.32
1364,0.00016825599999999998,1.1,1.34
1365,0.000168272,1.12,1.32
1366,0.000168288,1.12,1.34
1367,0.000168304,1.12,1.36
1368,0.00016832,1.12,1.3800000000000001
1369,0.000168336,1.1400000000000001,1.3800000000000001
1370,0.000168352,1.1400000000000001,1.4000000000000001
1371,0.000168368,1.1400000000000001,1.3800000000000001
1372,0.000168384,1.16,1.42
1373,0.0001684,1.16,1.42
1374,0.000168416,1.16,1.42
1375,0.000168432,1.18,1.44
1376,0.000168448,1.18,1.44
1377,0.000168464,1.18,1.44
1378,0.00016847999999999999,1.2,1.46
1379,0.000168496,1.2,1.48
1380,0.000168512,1.2,1.48
1381,0.00016852799999999998,1.22,1.5
1382,0.000168544,1.24,1.5
1383,0.00016856,1.24,1.52
1384,0.000168576,1.24,1.52
1385,0.000168592,1.26,1.54
1386,0.000168608,1.26,1.54
1387,0.000168624,1.26,1.56
1388,0.00016864,1.26,1.56
1389,0.000168656,1.28,1.58
1390,0.000168672,1.28,1.58
1391,0.000168688,1.3,1.58
1392,0.000168704,1.3,1.6
1393,0.00016872,1.32,1.6
1394,0.000168736,1.32,1.62
1395,0.00016875199999999999,1.32,1.62
1396,0.000168768,1.34,1.6400000000000001
1397,0.000168784,1.34,1.6400000000000001
1398,0.00016879999999999998,1.34,1.6600000000000001
1399,0.000168816,1.36,1.6600000000000001
1400,0.000168832,1.3800000000000001,1.68
1401,0.000168848,1.3800000000000001,1.7
1402,0.000168864,1.36,1.7
1403,0.00016888,1.3800000000000001,1.7
1404,0.000168896,1.4000000000000001,1.7
1405,0.000168912,1.4000000000000001,1.72
1406,0.000168928,1.42,1.74
1407,0.000168944,1.42,1.74
1408,0.00016896,1.44,1.76
1409,0.000168976,1.44,1.76
1410,0.000168992,1.44,1.76
1411,0.000169008,1.46,1.78
1412,0.00016902399999999999,1.46,1.8
1413,0.00016904,1.48,1.8
1414,0.000169056,1.48,1.8
1415,0.00016907199999999998,1.5,1.8
1416,0.000169088,1.48,1.84
1417,0.000169104,1.5,1.84
1418,0.00016912,1.5,1.86
1419,0.000169136,1.52,1.86
1420,0.000169152,1.54,1.86
1421,0.000169168,1.54,1.8800000000000001
1422,0.000169184,1.54,1.9000000000000001
1423,0.0001692,1.54,1.8800000000000001
1424,0.000169216,1.56,1.92
1425,0.000169232,1.58,1.9000000000000001
1426,0.000169248,1.58,1.92
1427,0.000169264,1.58,1.94
1428,0.00016928,1.58,1.96
1429,0.00016929599999999999,1.6,1.94
1430,0.000169312,1.62,1.96
1431,0.000169328,1.6400000000000001,1.96
1432,0.00016934399999999998,1.6400000000000001,1.98
1433,0.00016936,1.6400000000000001,2.0
1434,0.000169376,1.6400000000000001,2.0
1435,0.000169392,1.6600000000000001,2.02
1436,0.000169408,1.6600000000000001,2.02
1437,0.000169424,1.68,2.04
1438,0.00016944,1.68,2.06
1439,0.000169456,1.7,2.04
1440,0.000169472,1.7,2.06
1441,0.000169488,1.72,2.08
1442,0.000169504,1.7,2.08
1443,0.00016952,1.72,2.08
1444,0.000169536,1.72,2.12
1445,0.000169552,1.76,2.12
1446,0.000169568,1.74,2.12
1447,0.000169584,1.76,2.14
1448,0.0001696,1.76,2.14
1449,0.00016961599999999998,1.78,2.16
1450,0.000169632,1.78,2.18
1451,0.000169648,1.8,2.18
1452,0.000169664,1.8,2.18
1453,0.00016968,1.82,2.2
1454,0.000169696,1.84,2.2
1455,0.000169712,1.84,2.22
1456,0.000169728,1.84,2.22
1457,0.000169744,1.86,2.24
1458,0.00016976,1.86,2.24
1459,0.000169776,1.86,2.2600000000000002
1460,0.000169792,1.8800000000000001,2.2600000000000002
1461,0.000169808,1.8800000000000001,2.2800000000000002
1462,0.000169824,1.8800000000000001,2.2800000000000002
1463,0.00016984,1.9000000000000001,2.3000000000000003
1464,0.000169856,1.9000000000000001,2.3000000000000003
1465,0.000169872,1.94,2.32
1466,0.00016988799999999998,1.94,2.32
1467,0.000169904,1.94,2.32
1468,0.00016992,1.94,2.34
1469,0.000169936,1.96,2.36
1470,0.000169952,1.98,2.36
1471,0.000169968,1.98,2.38
1472,0.000169984,2.0,2.36
1473,0.00017,2.0,2.38
1474,0.000170016,2.0,2.4
1475,0.000170032,2.02,2.42
1476,0.000170048,2.02,2.42
1477,0.000170064,2.04,2.42
1478,0.00017008,2.04,2.42
1479,0.000170096,2.06,2.46
1480,0.000170112,2.06,2.46
1481,0.000170128,2.06,2.46
1482,0.000170144,2.08,2.46
1483,0.00017015999999999998,2.08,2.5
1484,0.000170176,2.1,2.5
1485,0.000170192,2.1,2.5
1486,0.000170208,2.12,2.52
1487,0.000170224,2.12,2.52
1488,0.00017024,2.12,2.52
1489,0.000170256,2.12,2.54
1490,0.000170272,2.14,2.54
1491,0.000170288,2.16,2.56
1492,0.000170304,2.18,2.56
1493,0.00017032,2.18,2.58
1494,0.000170336,2.18,2.58
1495,0.000170352,2.2,2.62
1496,0.000170368,2.2,2.62
1497,0.000170384,2.22,2.6
1498,0.0001704,2.22,2.64
1499,0.000170416,2.22,2.64
1500,0.00017043199999999998,2.22,2.64
1501,0.000170448,2.2600000000000002,2.64
1502,0.000170464,2.2600000000000002,2.66
1503,0.00017048,2.2800000000000002,2.68
1504,0.000170496,2.2800000000000002,2.7
1505,0.000170512,2.2800000000000002,2.7
1506,0.000170528,2.3000000000000003,2.7
1507,0.000170544,2.3000000000000003,2.72
1508,0.00017056,2.32,2.72
1509,0.000170576,2.32,2.74
1510,0.000170592,2.32,2.74
1511,0.000170608,2.32,2.7600000000000002
1512,0.000170624,2.34,2.7600000000000002
1513,0.00017064,2.34,2.7800000000000002
1514,0.000170656,2.36,2.8000000000000003
1515,0.000170672,2.38,2.7800000000000002
1516,0.000170688,2.4,2.8000000000000003
1517,0.00017070399999999998,2.4,2.8000000000000003
1518,0.00017072,2.4,2.82
1519,0.000170736,2.42,2.82
1520,0.000170752,2.42,2.82
1521,0.000170768,2.44,2.84
1522,0.000170784,2.42,2.86
1523,0.0001708,2.46,2.86
1524,0.000170816,2.46,2.88
1525,0.000170832,2.46,2.88
1526,0.000170848,2.48,2.9
1527,0.000170864,2.48,2.9
1528,0.00017088,2.5,2.9
1529,0.000170896,2.5,2.92
1530,0.000170912,2.52,2.94
1531,0.000170928,2.52,2.96
1532,0.000170944,2.52,2.96
1533,0.00017096,2.52,2.98
1534,0.00017097599999999998,2.54,2.96
1535,0.000170992,2.54,2.98
1536,0.000171008,2.56,2.98
1537,0.000171024,2.58,3.0
1538,0.00017104,2.58,3.02
1539,0.000171056,2.58,3.02
1540,0.000171072,2.6,3.02
1541,0.000171088,2.6,3.04
1542,0.000171104,2.62,3.04
1543,0.00017112,2.62,3.06
1544,0.000171136,2.64,3.08
1545,0.000171152,2.64,3.08
1546,0.000171168,2.64,3.08
1547,0.000171184,2.68,3.12
1548,0.0001712,2.66,3.1
1549,0.000171216,2.68,3.12
1550,0.000171232,2.68,3.14
1551,0.00017124799999999998,2.7,3.14
1552,0.000171264,2.7,3.16
1553,0.00017128,2.72,3.16
1554,0.000171296,2.74,3.16
1555,0.000171312,2.74,3.18
1556,0.000171328,2.7600000000000002,3.2
1557,0.000171344,2.7600000000000002,3.2
1558,0.00017136,2.7600000000000002,3.22
1559,0.000171376,2.7800000000000002,3.22
1560,0.000171392,2.7600000000000002,3.22
1561,0.000171408,2.7800000000000002,3.24
1562,0.000171424,2.8000000000000003,3.24
1563,0.00017144,2.82,3.2600000000000002
1564,0.000171456,2.82,3.2600000000000002
1565,0.000171472,2.82,3.2800000000000002
1566,0.000171488,2.84,3.3000000000000003
1567,0.000171504,2.84,3.3000000000000003
1568,0.00017151999999999998,2.86,3.3000000000000003
1569,0.000171536,2.86,3.3000000000000003
1570,0.000171552,2.88,3.34
1571,0.000171568,2.88,3.34
1572,0.000171584,2.9,3.34
1573,0.0001716,2.9,3.36
1574,0.000171616,2.9,3.36
1575,0.000171632,2.92,3.38
1576,0.000171648,2.92,3.38
1577,0.000171664,2.94,3.4
1578,0.00017168,2.94,3.42
1579,0.000171696,2.96,3.42
1580,0.000171712,2.98,3.42
1581,0.000171728,2.98,3.44
1582,0.000171744,2.98,3.46
1583,0.00017176,3.0,3.46
1584,0.000171776,3.0,3.48
1585,0.00017179199999999998,3.0,3.48
1586,0.000171808,3.02,3.48
1587,0.000171824,3.02,3.5
1588,0.00017184,3.04,3.5
1589,0.000171856,3.06,3.52
1590,0.000171872,3.06,3.52
1591,0.000171888,3.06,3.54
1592,0.000171904,3.06,3.54
1593,0.00017192,3.08,3.56
1594,0.000171936,3.1,3.56
1595,0.000171952,3.1,3.58
1596,0.000171968,3.12,3.58
1597,0.000171984,3.14,3.6
1598,0.000172,3.12,3.6
1599,0.000172016,3.14,3.62
1600,0.000172032,3.16,3.62
1601,0.000172048,3.16,3.64
1602,0.00017206399999999998,3.18,3.64
1603,0.00017208,3.2,3.66
1604,0.000172096,3.18,3.66
1605,0.000172112,3.2,3.68
1606,0.000172128,3.2,3.68
1607,0.000172144,3.22,3.7
1608,0.00017216,3.22,3.7
1609,0.000172176,3.2600000000000002,3.72
1610,0.000172192,3.24,3.72
1611,0.000172208,3.2800000000000002,3.74
1612,0.000172224,3.2600000000000002,3.74
1613,0.00017224,3.2800000000000002,3.7600000000000002
1614,0.000172256,3.2800000000000002,3.7600000000000002
1615,0.000172272,3.3000000000000003,3.7800000000000002
1616,0.000172288,3.3000000000000003,3.7800000000000002
1617,0.000172304,3.3200000000000003,3.7800000000000002
1618,0.00017232,3.34,3.8000000000000003
1619,0.00017233599999999998,3.3200000000000003,3.8200000000000003
1620,0.000172352,3.34,3.8200000000000003
1621,0.000172368,3.36,3.84
1622,0.000172384,3.36,3.84
1623,0.0001724,3.36,3.84
1624,0.000172416,3.38,3.86
1625,0.000172432,3.38,3.86
1626,0.000172448,3.4,3.88
1627,0.000172464,3.42,3.88
1628,0.00017248,3.4,3.9
1629,0.000172496,3.44,3.92
1630,0.000172512,3.44,3.92
1631,0.000172528,3.44,3.92
1632,0.000172544,3.44,3.94
1633,0.00017256,3.46,3.94
1634,0.000172576,3.46,3.96
1635,0.000172592,3.48,3.98
1636,0.00017260799999999998,3.48,3.96
1637,0.000172624,3.48,3.98
1638,0.00017264,3.5,4.0
1639,0.000172656,3.52,4.0
1640,0.000172672,3.54,4.0200000000000005
1641,0.000172688,3.54,4.0200000000000005
1642,0.000172704,3.54,4.0200000000000005
1643,0.00017272,3.56,4.0600000000000005
1644,0.000172736,3.56,4.04
1645,0.000172752,3.58,4.0600000000000005
1646,0.000172768,3.58,4.08
1647,0.000172784,3.58,4.0600000000000005
1648,0.0001728,3.6,4.1
1649,0.000172816,3.6,4.1
1650,0.000172832,3.62,4.12
1651,0.000172848,3.62,4.12
1652,0.000172864,3.64,4.14
1653,0.00017287999999999998,3.64,4.14
1654,0.000172896,3.64,4.16
1655,0.000172912,3.66,4.16
1656,0.000172928,3.66,4.18
1657,0.000172944,3.68,4.18
1658,0.00017296,3.68,4.18
1659,0.000172976,3.7,4.2
1660,0.000172992,3.7,4.22
1661,0.000173008,3.72,4.24
1662,0.000173024,3.72,4.22
1663,0.00017304,3.74,4.24
1664,0.000173056,3.74,4.24
1665,0.000173072,3.74,4.26
1666,0.000173088,3.7600000000000002,4.26
1667,0.000173104,3.7800000000000002,4.28
1668,0.00017312,3.7800000000000002,4.28
1669,0.000173136,3.8000000000000003,4.28
1670,0.00017315199999999998,3.8000000000000003,4.3
1671,0.000173168,3.8000000000000003,4.32
1672,0.000173184,3.8200000000000003,4.32
1673,0.0001732,3.84,4.34
1674,0.000173216,3.84,4.34
1675,0.000173232,3.86,4.36
1676,0.000173248,3.86,4.36
1677,0.000173264,3.88,4.38
1678,0.00017328,3.88,4.38
1679,0.000173296,3.9,4.4
1680,0.000173312,3.88,4.4
1681,0.000173328,3.9,4.42
1682,0.000173344,3.9,4.42
1683,0.00017336,3.92,4.44
1684,0.000173376,3.92,4.44
1685,0.000173392,3.94,4.46
1686,0.000173408,3.94,4.46
1687,0.00017342399999999998,3.96,4.48
1688,0.00017344,3.98,4.48
1689,0.000173456,3.96,4.5
1690,0.000173472,3.98,4.5
1691,0.000173488,3.98,4.5200000000000005
1692,0.000173504,4.0200000000000005,4.5200000000000005
1693,0.00017352,4.0200000000000005,4.54
1694,0.000173536,4.0200000000000005,4.5600000000000005
1695,0.000173552,4.0200000000000005,4.5600000000000005
1696,0.000173568,4.04,4.5600000000000005
1697,0.000173584,4.0600000000000005,4.5600000000000005
1698,0.0001736,4.0600000000000005,4.58
1699,0.000173616,4.0600000000000005,4.58
1700,0.000173632,4.08,4.6000000000000005
1701,0.000173648,4.08,4.62
1702,0.000173664,4.1,4.62
1703,0.00017368,4.1,4.64
1704,0.00017369599999999998,4.12,4.64
1705,0.000173712,4.12,4.64
1706,0.000173728,4.14,4.66
1707,0.000173744,4.14,4.68
1708,0.00017376,4.14,4.68
1709,0.000173776,4.16,4.7
1710,0.000173792,4.16,4.7
1711,0.000173808,4.18,4.7
1712,0.000173824,4.18,4.72
1713,0.00017384,4.2,4.72
1714,0.000173856,4.22,4.74
1715,0.000173872,4.22,4.76
1716,0.000173888,4.22,4.76
1717,0.000173904,4.24,4.78
1718,0.00017392,4.24,4.78
1719,0.000173936,4.26,4.78
1720,0.000173952,4.26,4.8
1721,0.00017396799999999999,4.28,4.8
1722,0.000173984,4.28,4.82
1723,0.000174,4.28,4.84
1724,0.000174016,4.3,4.84
1725,0.000174032,4.3,4.84
1726,0.000174048,4.32,4.86
1727,0.000174064,4.34,4.86
1728,0.00017408,4.36,4.88
1729,0.000174096,4.34,4.88
1730,0.000174112,4.36,4.88
1731,0.000174128,4.36,4.9
1732,0.000174144,4.38,4.92
1733,0.00017416,4.38,4.92
1734,0.000174176,4.4,4.94
1735,0.000174192,4.42,4.94
1736,0.000174208,4.3,4.48
1737,0.000174224,4.14,-0.04
1738,0.00017423999999999999,4.0,-0.04
1739,0.000174256,3.86,0.16
1740,0.000174272,3.7600000000000002,0.34
1741,0.000174288,3.66,0.18
1742,0.000174304,3.54,0.06
1743,0.00017432,3.42,0.12
1744,0.000174336,3.34,0.18
1745,0.000174352,3.24,0.18
1746,0.000174368,3.14,0.16
1747,0.000174384,3.04,0.18
1748,0.0001744,2.96,0.18
1749,0.000174416,2.88,0.2
1750,0.000174432,2.8000000000000003,0.2
1751,0.000174448,2.72,0.22
1752,0.000174464,2.64,0.22
1753,0.00017448,2.58,0.22
1754,0.000174496,2.5,0.24
1755,0.00017451199999999999,2.44,0.24
1756,0.000174528,2.38,0.24
1757,0.000174544,2.32,0.26
1758,0.00017456,2.2600000000000002,0.26
1759,0.000174576,2.2,0.28
1760,0.000174592,2.14,0.28
1761,0.000174608,2.1,0.28
1762,0.000174624,2.04,0.3
1763,0.00017464,1.98,0.3
1764,0.000174656,1.94,0.32
1765,0.000174672,1.9000000000000001,0.32
1766,0.000174688,1.84,0.34
1767,0.000174704,1.82,0.34
1768,0.00017472,1.76,0.34
1769,0.000174736,1.72,0.36
1770,0.000174752,1.68,0.38
1771,0.000174768,1.6400000000000001,0.38
1772,0.00017478399999999999,1.6,0.4
1773,0.0001748,1.58,0.4
1774,0.000174816,1.54,0.4
1775,0.000174832,1.52,0.42
1776,0.000174848,1.48,0.42
1777,0.000174864,1.46,0.44
1778,0.00017488,1.42,0.42
1779,0.000174896,1.4000000000000001,0.44
1780,0.000174912,1.3800000000000001,0.46
1781,0.000174928,1.36,0.46
1782,0.000174944,1.34,0.46
1783,0.00017496,1.3,0.48
1784,0.000174976,1.28,0.5
1785,0.000174992,1.26,0.48
1786,0.000175008,1.24,0.5
1787,0.000175024,1.22,0.52
1788,0.00017504,1.2,0.54
1789,0.00017505599999999999,1.18,0.54
1790,0.000175072,1.18,0.56
1791,0.000175088,1.1400000000000001,0.56
1792,0.000175104,1.1400000000000001,0.58
1793,0.00017512,1.12,0.58
1794,0.000175136,1.12,0.58
1795,0.000175152,1.1,0.6
1796,0.000175168,1.08,0.6
1797,0.000175184,1.08,0.62
1798,0.0001752,1.06,0.62
1799,0.000175216,1.04,0.64
1800,0.000175232,1.02,0.64
1801,0.000175248,1.04,0.64
1802,0.000175264,1.02,0.66
1803,0.00017528,1.02,0.66
1804,0.000175296,1.0,0.68
1805,0.000175312,1.0,0.68
1806,0.00017532799999999999,1.0,0.7000000000000001
1807,0.000175344,0.98,0.72
1808,0.00017536,0.98,0.72
1809,0.000175376,0.96,0.72
1810,0.000175392,0.96,0.74
1811,0.000175408,0.96,0.74
1812,0.000175424,0.9400000000000001,0.76
1813,0.00017544,0.9400000000000001,0.76
1814,0.000175456,0.9400000000000001,0.78
1815,0.000175472,0.9400000000000001,0.78
1816,0.000175488,0.96,0.8
1817,0.000175504,0.9400000000000001,0.8
1818,0.00017552,0.9400000000000001,0.8200000000000001
1819,0.000175536,0.92,0.8200000000000001
1820,0.000175552,0.92,0.84
1821,0.000175568,0.92,0.84
1822,0.000175584,0.9400000000000001,0.84
1823,0.00017559999999999999,0.92,0.86
1824,0.000175616,0.92,0.88
1825,0.000175632,0.92,0.88
1826,0.000175648,0.92,0.88
1827,0.000175664,0.92,0.9
1828,0.00017568,0.92,0.92
1829,0.000175696,0.92,0.92
1830,0.000175712,0.92,0.9400000000000001
1831,0.000175728,0.92,0.9400000000000001
1832,0.000175744,0.9400000000000001,0.96
1833,0.00017576,0.9400000000000001,0.96
1834,0.000175776,0.9400000000000001,0.96
1835,0.000175792,0.9400000000000001,0.98
1836,0.000175808,0.9400000000000001,0.98
1837,0.000175824,0.9400000000000001,1.0
1838,0.00017584,0.9400000000000001,1.0
1839,0.000175856,0.9400000000000001,1.02
1840,0.00017587199999999999,0.9400000000000001,1.04
1841,0.000175888,0.96,1.04
1842,0.000175904,0.96,1.04
1843,0.00017592,0.96,1.06
1844,0.000175936,0.96,1.06
1845,0.000175952,0.96,1.08
1846,0.000175968,0.96,1.08
1847,0.000175984,0.96,1.1
1848,0.000176,0.98,1.1
1849,0.000176016,0.96,1.12
1850,0.000176032,1.0,1.12
1851,0.000176048,1.0,1.1400000000000001
1852,0.000176064,1.0,1.1400000000000001
1853,0.00017608,0.98,1.16
1854,0.000176096,1.0,1.16
1855,0.000176112,1.0,1.18
1856,0.000176128,1.02,1.16
1857,0.00017614399999999999,1.02,1.2
1858,0.00017616,1.02,1.2
1859,0.000176176,1.02,1.22
1860,0.000176192,1.04,1.22
1861,0.000176208,1.04,1.24
1862,0.000176224,1.06,1.22
1863,0.00017624,1.06,1.26
1864,0.000176256,1.06,1.26
1865,0.000176272,1.06,1.28
1866,0.000176288,1.06,1.28
1867,0.000176304,1.08,1.28
1868,0.00017632,1.08,1.3
1869,0.000176336,1.1,1.3
1870,0.000176352,1.1,1.32
1871,0.000176368,1.1,1.34
1872,0.000176384,1.12,1.34
1873,0.0001764,1.12,1.36
1874,0.00017641599999999999,1.1,1.36
1875,0.000176432,1.12,1.3800000000000001
1876,0.000176448,1.1400000000000001,1.3800000000000001
1877,0.000176464,1.1400000000000001,1.4000000000000001
1878,0.00017648,1.1400000000000001,1.4000000000000001
1879,0.000176496,1.16,1.4000000000000001
1880,0.000176512,1.16,1.42
1881,0.000176528,1.16,1.44
1882,0.000176544,1.18,1.42
1883,0.00017656,1.16,1.44
1884,0.000176576,1.2,1.46
1885,0.000176592,1.2,1.46
1886,0.000176608,1.18,1.48
1887,0.000176624,1.22,1.48
1888,0.00017664,1.2,1.5
1889,0.000176656,1.22,1.5
1890,0.000176672,1.24,1.52
1891,0.00017668799999999999,1.24,1.52
1892,0.000176704,1.26,1.54
1893,0.00017672,1.26,1.54
1894,0.000176736,1.26,1.56
1895,0.000176752,1.28,1.56
1896,0.000176768,1.26,1.58
1897,0.000176784,1.28,1.58
1898,0.0001768,1.3,1.6
1899,0.000176816,1.3,1.6
1900,0.000176832,1.32,1.62
1901,0.000176848,1.32,1.62
1902,0.000176864,1.32,1.62
1903,0.00017688,1.32,1.6400000000000001
1904,0.000176896,1.34,1.6600000000000001
1905,0.000176912,1.36,1.6400000000000001
1906,0.000176928,1.36,1.68
1907,0.000176944,1.3800000000000001,1.68
1908,0.00017695999999999999,1.3800000000000001,1.68
1909,0.000176976,1.3800000000000001,1.7
1910,0.000176992,1.3800000000000001,1.7
1911,0.00017700799999999998,1.4000000000000001,1.72
1912,0.000177024,1.4000000000000001,1.74
1913,0.00017704,1.42,1.72
1914,0.000177056,1.42,1.74
1915,0.00017707200000000001,1.44,1.76
1916,0.000177088,1.44,1.76
1917,0.000177104,1.44,1.78
1918,0.00017712,1.44,1.76
1919,0.000177136,1.46,1.8
1920,0.000177152,1.48,1.8
1921,0.000177168,1.48,1.8
1922,0.000177184,1.48,1.82
1923,0.0001772,1.48,1.82
1924,0.000177216,1.5,1.84
1925,0.00017723199999999999,1.5,1.86
1926,0.000177248,1.52,1.86
1927,0.000177264,1.54,1.86
1928,0.00017727999999999998,1.54,1.8800000000000001
1929,0.000177296,1.56,1.8800000000000001
1930,0.000177312,1.56,1.9000000000000001
1931,0.000177328,1.56,1.92
1932,0.00017734400000000002,1.58,1.92
1933,0.00017736,1.58,1.92
1934,0.000177376,1.58,1.94
1935,0.000177392,1.6,1.96
1936,0.000177408,1.6,1.96
1937,0.000177424,1.62,1.98
1938,0.00017744,1.62,1.98
1939,0.000177456,1.6400000000000001,2.0
1940,0.000177472,1.6400000000000001,2.0
1941,0.000177488,1.6400000000000001,2.02
1942,0.00017750399999999999,1.6600000000000001,2.02
1943,0.00017752,1.68,2.02
1944,0.000177536,1.68,2.04
1945,0.00017755199999999998,1.68,2.04
1946,0.000177568,1.68,2.06
1947,0.000177584,1.7,2.08
1948,0.0001776,1.72,2.08
1949,0.00017761600000000002,1.72,2.08
1950,0.000177632,1.74,2.08
1951,0.000177648,1.74,2.1
1952,0.000177664,1.76,2.12
1953,0.00017768,1.76,2.12
1954,0.000177696,1.76,2.14
1955,0.000177712,1.76,2.14
1956,0.000177728,1.78,2.16
1957,0.000177744,1.78,2.16
1958,0.00017776,1.8,2.18
1959,0.000177776,1.82,2.18
1960,0.000177792,1.82,2.2
1961,0.000177808,1.84,2.2
1962,0.00017782399999999998,1.84,2.22
1963,0.00017784,1.84,2.22
1964,0.000177856,1.84,2.24
1965,0.000177872,1.86,2.24
1966,0.00017788800000000002,1.86,2.2600000000000002
1967,0.000177904,1.8800000000000001,2.2600000000000002
1968,0.00017792,1.9000000000000001,2.2600000000000002
1969,0.000177936,1.9000000000000001,2.2800000000000002
1970,0.000177952,1.9000000000000001,2.3000000000000003
1971,0.000177968,1.92,2.2800000000000002
1972,0.000177984,1.92,2.3000000000000003
1973,0.000178,1.94,2.32
1974,0.000178016,1.96,2.34
1975,0.000178032,1.96,2.34
1976,0.000178048,1.96,2.36
1977,0.000178064,1.98,2.36
1978,0.00017808,1.98,2.36
1979,0.00017809599999999998,2.0,2.38
1980,0.000178112,2.0,2.38
1981,0.000178128,2.0,2.38
1982,0.000178144,2.02,2.4
1983,0.00017816000000000002,2.02,2.4
1984,0.000178176,2.02,2.42
1985,0.000178192,2.04,2.44
1986,0.000178208,2.06,2.46
1987,0.000178224,2.06,2.46
1988,0.00017824,2.06,2.46
1989,0.000178256,2.08,2.48
1990,0.000178272,2.1,2.5
1991,0.000178288,2.1,2.5
1992,0.000178304,2.1,2.5
1993,0.00017832,2.12,2.5
1994,0.000178336,2.12,2.52
1995,0.000178352,2.14,2.52
1996,0.00017836799999999998,2.14,2.52
1997,0.000178384,2.16,2.54
1998,0.0001784,2.16,2.56
1999,0.000178416,2.16,2.56
