,time,v1,v2
0,8.24e-05,1.7,1.86
1,8.248e-05,1.7,1.8800000000000001
2,8.256e-05,1.72,1.9000000000000001
3,8.264e-05,1.72,1.9000000000000001
4,8.272e-05,1.76,1.92
5,8.28e-05,1.76,1.94
6,8.287999999999999e-05,1.78,1.94
7,8.295999999999999e-05,1.8,1.96
8,8.303999999999999e-05,1.8,1.98
9,8.312e-05,1.8,2.0
10,8.32e-05,1.84,2.02
11,8.328e-05,1.84,2.02
12,8.336e-05,1.86,2.04
13,8.344e-05,1.8800000000000001,2.04
14,8.352e-05,1.8800000000000001,2.06
15,8.36e-05,1.9000000000000001,2.08
16,8.368e-05,1.92,2.08
17,8.376e-05,1.92,2.1
18,8.384e-05,1.94,2.12
19,8.392e-05,1.96,2.14
20,8.4e-05,1.96,2.14
21,8.408e-05,1.98,2.16
22,8.416e-05,2.0,2.18
23,8.423999999999999e-05,2.0,2.2
24,8.431999999999999e-05,2.02,2.2
25,8.439999999999999e-05,2.02,2.22
26,8.447999999999999e-05,2.04,2.24
27,8.456e-05,2.06,2.24
28,8.464e-05,2.06,2.24
29,8.472e-05,2.08,2.2600000000000002
30,8.48e-05,2.08,2.2800000000000002
31,8.488e-05,2.12,2.3000000000000003
32,8.496e-05,2.12,2.32
33,8.504e-05,2.14,2.32
34,8.512e-05,2.14,2.32
35,8.52e-05,2.16,2.36
36,8.528e-05,2.18,2.36
37,8.536e-05,2.18,2.38
38,8.544e-05,2.2,2.4
39,8.552e-05,2.22,2.42
40,8.56e-05,2.22,2.42
41,8.567999999999999e-05,2.22,2.44
42,8.575999999999999e-05,2.2600000000000002,2.46
43,8.583999999999999e-05,2.2600000000000002,2.48
44,8.591999999999999e-05,2.2800000000000002,2.46
45,8.6e-05,2.3000000000000003,2.5
46,8.608e-05,2.2800000000000002,2.52
47,8.616e-05,2.32,2.54
48,8.624e-05,2.32,2.52
49,8.632e-05,2.34,2.56
50,8.64e-05,2.36,2.56
51,8.648e-05,2.38,2.58
52,8.656e-05,2.38,2.58
53,8.664e-05,2.4,2.6
54,8.672e-05,2.4,2.62
55,8.68e-05,2.42,2.62
56,8.688e-05,2.44,2.64
57,8.696e-05,2.46,2.66
58,8.704e-05,2.46,2.66
59,8.711999999999999e-05,2.48,2.7
60,8.719999999999999e-05,2.48,2.7
61,8.727999999999999e-05,2.5,2.7
62,8.736e-05,2.5,2.74
63,8.744e-05,2.5,2.74
64,8.752e-05,2.52,2.74
65,8.76e-05,2.54,2.7800000000000002
66,8.768e-05,2.56,2.7800000000000002
67,8.776e-05,2.58,2.7800000000000002
68,8.784e-05,2.6,2.82
69,8.792e-05,2.6,2.82
70,8.8e-05,2.6,2.84
71,8.808e-05,2.62,2.86
72,8.816e-05,2.64,2.84
73,8.824e-05,2.64,2.86
74,8.832e-05,2.66,2.88
75,8.84e-05,2.66,2.9
76,8.847999999999999e-05,2.68,2.9
77,8.855999999999999e-05,2.7,2.92
78,8.863999999999999e-05,2.72,2.94
79,8.872e-05,2.74,2.96
80,8.879999999999999e-05,2.74,2.96
81,8.888e-05,2.74,2.98
82,8.896e-05,2.7600000000000002,3.0
83,8.904e-05,2.7800000000000002,3.0
84,8.912e-05,2.8000000000000003,3.02
85,8.92e-05,2.82,3.04
86,8.928e-05,2.82,3.06
87,8.936e-05,2.82,3.06
88,8.944e-05,2.86,3.08
89,8.952e-05,2.86,3.1
90,8.96e-05,2.88,3.1
91,8.968e-05,2.88,3.12
92,8.976e-05,2.92,3.14
93,8.984e-05,2.92,3.16
94,8.991999999999999e-05,2.94,3.18
95,8.999999999999999e-05,2.94,3.18
96,9.008e-05,2.96,3.18
97,9.015999999999999e-05,2.96,3.2
98,9.024e-05,2.98,3.22
99,9.032e-05,2.98,3.24
100,9.04e-05,3.0,3.24
101,9.048e-05,3.02,3.2800000000000002
102,9.056e-05,3.02,3.2800000000000002
103,9.064e-05,3.04,3.3000000000000003
104,9.072e-05,3.06,3.3000000000000003
105,9.08e-05,3.08,3.34
106,9.088e-05,3.08,3.34
107,9.096e-05,3.1,3.34
108,9.104e-05,3.1,3.36
109,9.112e-05,3.12,3.38
110,9.12e-05,3.14,3.4
111,9.128e-05,3.16,3.4
112,9.135999999999999e-05,3.18,3.42
113,9.143999999999999e-05,3.18,3.42
114,9.151999999999999e-05,3.2,3.44
115,9.16e-05,3.2,3.46
116,9.168e-05,3.22,3.48
117,9.176e-05,3.24,3.48
118,9.184e-05,3.24,3.5
119,9.192e-05,3.2600000000000002,3.52
120,9.2e-05,3.2800000000000002,3.52
121,9.208e-05,3.2800000000000002,3.54
122,9.216e-05,3.3200000000000003,3.56
123,9.224e-05,3.3200000000000003,3.56
124,9.232e-05,3.3200000000000003,3.58
125,9.24e-05,3.34,3.6
126,9.248e-05,3.36,3.6
127,9.256e-05,3.36,3.62
128,9.264e-05,3.38,3.64
129,9.271999999999999e-05,3.4,3.66
130,9.279999999999999e-05,3.4,3.66
131,9.287999999999999e-05,3.44,3.68
132,9.296e-05,3.44,3.7
133,9.303999999999999e-05,3.44,3.72
134,9.312e-05,3.46,3.72
135,9.32e-05,3.48,3.74
136,9.328e-05,3.5,3.74
137,9.336e-05,3.5,3.7600000000000002
138,9.344e-05,3.52,3.7800000000000002
139,9.352e-05,3.52,3.7800000000000002
140,9.36e-05,3.54,3.8200000000000003
141,9.368e-05,3.56,3.8200000000000003
142,9.376e-05,3.56,3.84
143,9.384e-05,3.6,3.86
144,9.392e-05,3.58,3.86
145,9.4e-05,3.6,3.88
146,9.408e-05,3.62,3.88
147,9.415999999999999e-05,3.62,3.9
148,9.423999999999999e-05,3.64,3.92
149,9.432e-05,3.66,3.92
150,9.439999999999999e-05,3.68,3.94
151,9.448e-05,3.68,3.96
152,9.456e-05,3.7,3.98
153,9.464e-05,3.72,3.98
154,9.472e-05,3.72,4.0200000000000005
155,9.48e-05,3.74,4.0200000000000005
156,9.488e-05,3.74,4.04
157,9.496e-05,3.7600000000000002,4.04
158,9.504e-05,3.7800000000000002,4.0600000000000005
159,9.512e-05,3.8000000000000003,4.08
160,9.52e-05,3.8000000000000003,4.08
161,9.528e-05,3.84,4.08
162,9.536e-05,3.84,4.1
163,9.544e-05,3.86,4.12
164,9.552e-05,3.86,4.14
165,9.559999999999999e-05,3.86,4.16
166,9.567999999999999e-05,3.88,4.16
167,9.575999999999999e-05,3.9,4.2
168,9.584e-05,3.9,4.2
169,9.592e-05,3.92,4.22
170,9.6e-05,3.94,4.22
171,9.608e-05,3.96,4.24
172,9.616e-05,3.96,4.26
173,9.624e-05,3.98,4.26
174,9.632e-05,4.0,4.28
175,9.64e-05,4.0,4.28
176,9.648e-05,4.0200000000000005,4.3
177,9.656e-05,4.04,4.32
178,9.664e-05,4.0600000000000005,4.32
179,9.672e-05,4.0600000000000005,4.34
180,9.68e-05,4.08,4.36
181,9.688e-05,4.08,4.38
182,9.696e-05,4.1,4.4
183,9.703999999999999e-05,4.1,4.4
184,9.711999999999999e-05,4.12,4.42
185,9.72e-05,4.16,4.44
186,9.727999999999999e-05,4.14,4.46
187,9.736e-05,4.18,4.46
188,9.744e-05,4.18,4.48
189,9.752e-05,4.18,4.5
190,9.76e-05,4.2,4.5
191,9.768e-05,4.22,4.5200000000000005
192,9.776e-05,4.24,4.54
193,9.784e-05,4.24,4.54
194,9.792e-05,4.24,4.5600000000000005
195,9.8e-05,4.28,4.58
196,9.808e-05,4.28,4.6000000000000005
197,9.816e-05,4.3,4.6000000000000005
198,9.824e-05,4.32,4.62
199,9.832e-05,4.32,4.64
200,9.839999999999999e-05,4.34,4.64
201,9.847999999999999e-05,4.36,4.66
202,9.856e-05,4.36,4.68
203,9.863999999999999e-05,4.38,4.68
204,9.872e-05,4.4,4.72
205,9.879999999999999e-05,4.4,4.72
206,9.888e-05,4.42,4.74
207,9.896e-05,4.42,4.74
208,9.904e-05,4.44,4.76
209,9.912e-05,4.44,4.76
210,9.92e-05,4.46,4.78
211,9.928e-05,4.48,4.78
212,9.936e-05,4.5,4.82
213,9.944e-05,4.5,4.82
214,9.952e-05,4.5200000000000005,4.84
215,9.96e-05,4.54,4.84
216,9.968e-05,4.54,4.86
217,9.976e-05,4.5600000000000005,4.88
218,9.983999999999999e-05,4.58,4.88
219,9.992e-05,4.58,4.9
220,9.999999999999999e-05,4.6000000000000005,4.92
221,0.00010008,4.62,4.94
222,0.00010015999999999999,4.64,4.94
223,0.00010024,4.5600000000000005,-0.04
224,0.00010032,3.86,0.06
225,0.0001004,3.3200000000000003,0.1
226,0.00010048,2.86,0.1
227,0.00010056,2.48,0.12
228,0.00010064,2.16,0.12
229,0.00010072,1.9000000000000001,0.14
230,0.0001008,1.6400000000000001,0.12
231,0.00010088,1.46,0.16
232,0.00010096,1.3,0.16
233,0.00010104,1.16,0.18
234,0.00010112,1.02,0.2
235,0.0001012,0.92,0.2
236,0.00010127999999999999,0.84,0.22
237,0.00010135999999999999,0.76,0.22
238,0.00010144,0.7000000000000001,0.24
239,0.00010151999999999999,0.64,0.24
240,0.0001016,0.6,0.26
241,0.00010168,0.56,0.28
242,0.00010176,0.52,0.28
243,0.00010184,0.5,0.3
244,0.00010192,0.48,0.32
245,0.000102,0.46,0.34
246,0.00010208,0.46,0.34
247,0.00010216,0.44,0.36
248,0.00010224,0.44,0.36
249,0.00010232,0.42,0.36
250,0.0001024,0.44,0.4
251,0.00010248,0.44,0.4
252,0.00010256,0.44,0.42
253,0.00010263999999999999,0.44,0.44
254,0.00010271999999999999,0.44,0.44
255,0.0001028,0.44,0.46
256,0.00010287999999999999,0.44,0.48
257,0.00010296,0.46,0.5
258,0.00010303999999999999,0.46,0.5
259,0.00010312,0.48,0.52
260,0.0001032,0.48,0.54
261,0.00010328,0.5,0.54
262,0.00010336,0.5,0.56
263,0.00010344,0.52,0.58
264,0.00010352,0.52,0.6
265,0.0001036,0.54,0.6
266,0.00010368,0.54,0.62
267,0.00010376,0.56,0.62
268,0.00010384,0.56,0.64
269,0.00010392,0.58,0.66
270,0.000104,0.6,0.68
271,0.00010407999999999999,0.6,0.7000000000000001
272,0.00010416,0.62,0.7000000000000001
273,0.00010423999999999999,0.62,0.72
274,0.00010432,0.64,0.72
275,0.00010439999999999999,0.64,0.74
276,0.00010448,0.68,0.76
277,0.00010456,0.68,0.78
278,0.00010464,0.68,0.8
279,0.00010472,0.7000000000000001,0.78
280,0.0001048,0.72,0.8200000000000001
281,0.00010488,0.72,0.8200000000000001
282,0.00010496,0.74,0.84
283,0.00010504,0.76,0.86
284,0.00010512,0.76,0.88
285,0.0001052,0.78,0.88
286,0.00010528,0.8,0.9
287,0.00010536,0.8,0.9
288,0.00010544,0.8200000000000001,0.9400000000000001
289,0.00010551999999999999,0.84,0.9400000000000001
290,0.00010559999999999999,0.8200000000000001,0.96
291,0.00010568,0.86,0.98
292,0.00010575999999999999,0.88,0.98
293,0.00010584,0.88,1.0
294,0.00010592,0.9,1.0
295,0.000106,0.92,1.02
296,0.00010608,0.92,1.04
297,0.00010616,0.9400000000000001,1.04
298,0.00010624,0.9400000000000001,1.08
299,0.00010632,0.96,1.08
300,0.0001064,0.96,1.1
301,0.00010648,0.98,1.1
302,0.00010656,1.0,1.12
303,0.00010664,1.02,1.1400000000000001
304,0.00010672,1.02,1.16
305,0.0001068,1.04,1.16
306,0.00010687999999999999,1.06,1.18
307,0.00010695999999999999,1.04,1.2
308,0.00010704,1.08,1.2
309,0.00010711999999999999,1.1,1.22
310,0.0001072,1.1,1.24
311,0.00010727999999999999,1.12,1.26
312,0.00010736,1.12,1.26
313,0.00010744,1.1400000000000001,1.26
314,0.00010752,1.16,1.3
315,0.0001076,1.16,1.3
316,0.00010768,1.18,1.32
317,0.00010776,1.2,1.34
318,0.00010784,1.18,1.34
319,0.00010792,1.22,1.36
320,0.000108,1.22,1.3800000000000001
321,0.00010808,1.24,1.4000000000000001
322,0.00010816,1.26,1.4000000000000001
323,0.00010824,1.26,1.42
324,0.00010831999999999999,1.28,1.44
325,0.0001084,1.3,1.44
326,0.00010847999999999999,1.3,1.46
327,0.00010856,1.32,1.48
328,0.00010863999999999999,1.34,1.5
329,0.00010872,1.34,1.5
330,0.0001088,1.36,1.5
331,0.00010888,1.3800000000000001,1.52
332,0.00010896,1.3800000000000001,1.54
333,0.00010904,1.4000000000000001,1.56
334,0.00010912,1.4000000000000001,1.56
335,0.0001092,1.42,1.58
336,0.00010928,1.44,1.6
337,0.00010936,1.44,1.6
338,0.00010944,1.46,1.62
339,0.00010952,1.48,1.6400000000000001
340,0.0001096,1.5,1.6600000000000001
341,0.00010968,1.5,1.6600000000000001
342,0.00010975999999999999,1.52,1.68
343,0.00010983999999999999,1.52,1.68
344,0.00010992,1.54,1.7
345,0.00010999999999999999,1.54,1.72
346,0.00011008,1.56,1.74
347,0.00011016,1.58,1.74
348,0.00011024,1.6,1.76
349,0.00011032,1.6,1.78
350,0.0001104,1.62,1.78
351,0.00011048,1.6400000000000001,1.8
352,0.00011056,1.6400000000000001,1.82
353,0.00011064,1.6600000000000001,1.82
354,0.00011072,1.6600000000000001,1.84
355,0.0001108,1.68,1.86
356,0.00011088,1.7,1.8800000000000001
357,0.00011096,1.72,1.86
358,0.00011104,1.72,1.9000000000000001
359,0.00011111999999999999,1.74,1.92
360,0.00011119999999999999,1.76,1.92
361,0.00011128,1.76,1.94
362,0.00011135999999999999,1.78,1.96
363,0.00011144,1.78,1.96
364,0.00011151999999999999,1.8,1.98
365,0.0001116,1.8,2.0
366,0.00011168,1.84,2.0
367,0.00011176,1.84,2.02
368,0.00011184,1.86,2.04
369,0.00011192,1.8800000000000001,2.06
370,0.000112,1.8800000000000001,2.06
371,0.00011208,1.9000000000000001,2.08
372,0.00011216,1.9000000000000001,2.1
373,0.00011224,1.92,2.1
374,0.00011232,1.94,2.12
375,0.0001124,1.96,2.14
376,0.00011248,1.96,2.14
377,0.00011255999999999999,1.96,2.16
378,0.00011264,1.98,2.18
379,0.00011271999999999999,2.0,2.2
380,0.0001128,2.02,2.2
381,0.00011287999999999999,2.02,2.22
382,0.00011296,2.04,2.24
383,0.00011303999999999999,2.06,2.24
384,0.00011312,2.06,2.2600000000000002
385,0.0001132,2.06,2.2800000000000002
386,0.00011328,2.1,2.2800000000000002
387,0.00011336,2.1,2.3000000000000003
388,0.00011344,2.14,2.3000000000000003
389,0.00011352,2.14,2.32
390,0.0001136,2.14,2.34
391,0.00011368,2.14,2.36
392,0.00011376,2.18,2.36
393,0.00011384000000000001,2.18,2.38
394,0.00011392,2.2,2.38
395,0.000114,2.22,2.42
396,0.00011407999999999999,2.22,2.42
397,0.00011416,2.22,2.44
398,0.00011423999999999999,2.24,2.46
399,0.00011432,2.2600000000000002,2.46
400,0.00011439999999999999,2.2800000000000002,2.48
401,0.00011448,2.2800000000000002,2.5
402,0.00011456,2.3000000000000003,2.5
403,0.00011464,2.32,2.52
404,0.00011472,2.34,2.54
405,0.0001148,2.32,2.54
406,0.00011488,2.36,2.56
407,0.00011496,2.38,2.58
408,0.00011504,2.38,2.6
409,0.00011512,2.4,2.6
410,0.0001152,2.4,2.62
411,0.00011528,2.42,2.62
412,0.00011536000000000001,2.44,2.64
413,0.00011543999999999999,2.46,2.64
414,0.00011552,2.46,2.68
415,0.00011559999999999999,2.46,2.68
416,0.00011568,2.48,2.68
417,0.00011575999999999999,2.48,2.72
418,0.00011584,2.5,2.74
419,0.00011591999999999999,2.52,2.74
420,0.000116,2.52,2.74
421,0.00011608,2.54,2.7600000000000002
422,0.00011616,2.56,2.7800000000000002
423,0.00011624,2.56,2.7800000000000002
424,0.00011632,2.58,2.8000000000000003
425,0.0001164,2.6,2.82
426,0.00011648,2.6,2.82
427,0.00011656,2.62,2.84
428,0.00011664,2.62,2.88
429,0.00011672000000000001,2.64,2.86
430,0.00011679999999999999,2.66,2.88
431,0.00011688,2.66,2.9
432,0.00011695999999999999,2.68,2.92
433,0.00011704,2.7,2.92
434,0.00011711999999999999,2.7,2.94
435,0.0001172,2.72,2.96
436,0.00011727999999999999,2.74,2.96
437,0.00011736,2.7600000000000002,2.98
438,0.00011744,2.7600000000000002,3.0
439,0.00011752,2.7800000000000002,3.02
440,0.0001176,2.7800000000000002,3.02
441,0.00011768,2.8000000000000003,3.04
442,0.00011776,2.82,3.06
443,0.00011784,2.84,3.06
444,0.00011792,2.86,3.08
445,0.000118,2.86,3.08
446,0.00011808000000000001,2.88,3.1
447,0.00011816,2.88,3.12
448,0.00011824,2.9,3.14
449,0.00011831999999999999,2.92,3.16
450,0.0001184,2.92,3.16
451,0.00011847999999999999,2.94,3.18
452,0.00011856,2.96,3.18
453,0.00011863999999999999,2.96,3.2
454,0.00011872,2.98,3.22
455,0.0001188,2.98,3.24
456,0.00011888,3.0,3.24
457,0.00011896,3.02,3.2600000000000002
458,0.00011904,3.04,3.2800000000000002
459,0.00011912,3.04,3.3000000000000003
460,0.0001192,3.06,3.3000000000000003
461,0.00011928,3.06,3.3200000000000003
462,0.00011936,3.08,3.3200000000000003
463,0.00011944,3.1,3.34
464,0.00011952,3.12,3.36
465,0.00011960000000000001,3.12,3.38
466,0.00011967999999999999,3.16,3.38
467,0.00011976,3.14,3.4
468,0.00011983999999999999,3.16,3.42
469,0.00011992,3.18,3.42
470,0.00011999999999999999,3.18,3.44
471,0.00012008,3.2,3.46
472,0.00012015999999999999,3.24,3.48
473,0.00012024,3.22,3.48
474,0.00012032,3.2600000000000002,3.5
475,0.0001204,3.2600000000000002,3.5
476,0.00012048,3.2800000000000002,3.52
477,0.00012056,3.3000000000000003,3.54
478,0.00012064,3.3000000000000003,3.54
479,0.00012072,3.3200000000000003,3.56
480,0.0001208,3.34,3.6
481,0.00012088,3.36,3.6
482,0.00012096000000000001,3.36,3.6
483,0.00012103999999999999,3.36,3.62
484,0.00012112,3.38,3.64
485,0.00012119999999999999,3.4,3.64
486,0.00012128,3.42,3.66
487,0.00012135999999999999,3.42,3.68
488,0.00012144,3.44,3.7
489,0.00012151999999999999,3.44,3.7
490,0.0001216,3.48,3.72
491,0.00012168,3.48,3.74
492,0.00012176,3.48,3.7600000000000002
493,0.00012184,3.5,3.7600000000000002
494,0.00012192,3.52,3.7800000000000002
495,0.000122,3.52,3.8000000000000003
496,0.00012208,3.54,3.8200000000000003
497,0.00012216,3.56,3.8200000000000003
498,0.00012224,3.58,3.84
499,0.00012232,3.58,3.86
500,0.0001224,3.58,3.88
501,0.00012248,3.6,3.88
502,0.00012256,3.62,3.88
503,0.00012264,3.62,3.9
504,0.00012272,3.64,3.92
505,0.0001228,3.66,3.94
506,0.00012288,3.66,3.94
507,0.00012296,3.68,3.96
508,0.00012304,3.7,3.98
509,0.00012312,3.7,3.98
510,0.0001232,3.72,4.0
511,0.00012328,3.74,4.0
512,0.00012335999999999998,3.74,4.0200000000000005
513,0.00012344,3.7600000000000002,4.04
514,0.00012352,3.7800000000000002,4.0600000000000005
515,0.0001236,3.7800000000000002,4.0600000000000005
516,0.00012367999999999998,3.8000000000000003,4.08
517,0.00012376,3.8200000000000003,4.1
518,0.00012384,3.8200000000000003,4.1
519,0.00012392,3.84,4.12
520,0.000124,3.86,4.14
521,0.00012408,3.86,4.14
522,0.00012416,3.9,4.16
523,0.00012424,3.9,4.18
524,0.00012432,3.9,4.2
525,0.0001244,3.92,4.2
526,0.00012448,3.94,4.22
527,0.00012456000000000001,3.94,4.24
528,0.00012464,3.96,4.24
529,0.00012471999999999998,3.98,4.26
530,0.0001248,4.0,4.28
531,0.00012488,4.0,4.28
532,0.00012496,4.0200000000000005,4.3
533,0.00012503999999999998,4.04,4.32
534,0.00012512,4.04,4.32
535,0.0001252,4.0600000000000005,4.34
536,0.00012528,4.08,4.36
537,0.00012536,4.08,4.38
538,0.00012544,4.1,4.4
539,0.00012552,4.1,4.4
540,0.0001256,4.12,4.42
541,0.00012568,4.14,4.42
542,0.00012576,4.14,4.46
543,0.00012584,4.16,4.46
544,0.00012592000000000001,4.18,4.48
545,0.000126,4.18,4.5
546,0.00012607999999999999,4.2,4.5
547,0.00012616,4.22,4.5200000000000005
548,0.00012624,4.22,4.5200000000000005
549,0.00012632,4.24,4.54
550,0.00012639999999999998,4.26,4.5600000000000005
551,0.00012648,4.28,4.58
552,0.00012656,4.3,4.6000000000000005
553,0.00012664,4.32,4.6000000000000005
554,0.00012672,4.3,4.62
555,0.0001268,4.32,4.62
556,0.00012688,4.34,4.64
557,0.00012696,4.36,4.64
558,0.00012704,4.36,4.68
559,0.00012712,4.38,4.68
560,0.0001272,4.38,4.7
561,0.00012728000000000001,4.4,4.72
562,0.00012736,4.42,4.72
563,0.00012743999999999999,4.42,4.74
564,0.00012752,4.44,4.76
565,0.0001276,4.46,4.76
566,0.00012768,4.48,4.78
567,0.00012775999999999998,4.48,4.8
568,0.00012784,4.5,4.82
569,0.00012792,4.5,4.82
570,0.000128,4.5200000000000005,4.84
571,0.00012808,4.54,4.84
572,0.00012816,4.54,4.86
573,0.00012824,4.5600000000000005,4.86
574,0.00012832,4.58,4.88
575,0.0001284,4.58,4.9
576,0.00012848,4.6000000000000005,4.92
577,0.00012856,4.62,4.94
578,0.00012864,4.64,4.94
579,0.00012872,4.54,-0.04
580,0.0001288,3.86,0.06
581,0.00012888,3.3200000000000003,0.1
582,0.00012896,2.86,0.1
583,0.00012904,2.48,0.1
584,0.00012911999999999998,2.16,0.12
585,0.0001292,1.9000000000000001,0.14
586,0.00012928,1.6600000000000001,0.14
587,0.00012936,1.46,0.14
588,0.00012944,1.28,0.16
589,0.00012952,1.1400000000000001,0.18
590,0.0001296,1.04,0.18
591,0.00012968,0.92,0.2
592,0.00012976,0.84,0.2
593,0.00012984,0.76,0.22
594,0.00012992,0.7000000000000001,0.24
595,0.00013,0.64,0.24
596,0.00013008,0.58,0.26
597,0.00013016,0.56,0.26
598,0.00013024,0.52,0.28
599,0.00013032,0.5,0.3
600,0.0001304,0.48,0.32
601,0.00013047999999999998,0.46,0.32
602,0.00013056,0.46,0.32
603,0.00013064,0.44,0.36
604,0.00013072,0.44,0.36
605,0.0001308,0.44,0.38
606,0.00013088,0.44,0.4
607,0.00013096,0.44,0.4
608,0.00013104,0.42,0.42
609,0.00013112,0.44,0.44
610,0.0001312,0.44,0.44
611,0.00013128,0.44,0.46
612,0.00013136,0.46,0.46
613,0.00013144,0.46,0.48
614,0.00013152,0.46,0.5
615,0.0001316,0.48,0.52
616,0.00013168,0.48,0.54
617,0.00013176,0.5,0.54
618,0.00013183999999999998,0.5,0.56
619,0.00013192,0.52,0.58
620,0.000132,0.52,0.58
621,0.00013208,0.52,0.6
622,0.00013215999999999998,0.54,0.62
623,0.00013224,0.54,0.64
624,0.00013232,0.56,0.64
625,0.0001324,0.56,0.66
626,0.00013248,0.58,0.68
627,0.00013256,0.6,0.7000000000000001
628,0.00013264,0.62,0.7000000000000001
629,0.00013272,0.62,0.72
630,0.0001328,0.64,0.74
631,0.00013288,0.64,0.74
632,0.00013296,0.66,0.76
633,0.00013304000000000001,0.68,0.78
634,0.00013312,0.68,0.78
635,0.00013319999999999999,0.7000000000000001,0.8
636,0.00013328,0.72,0.8200000000000001
637,0.00013336,0.72,0.8200000000000001
638,0.00013344,0.72,0.84
639,0.00013351999999999998,0.74,0.86
640,0.0001336,0.76,0.86
641,0.00013368,0.78,0.88
642,0.00013376,0.8,0.88
643,0.00013384,0.8,0.92
644,0.00013392,0.8200000000000001,0.92
645,0.000134,0.8200000000000001,0.9400000000000001
646,0.00013408,0.84,0.96
647,0.00013416,0.86,0.98
648,0.00013424,0.86,0.98
649,0.00013432,0.88,1.0
650,0.00013440000000000001,0.9,1.02
651,0.00013448,0.92,1.04
652,0.00013455999999999999,0.92,1.04
653,0.00013464,0.9400000000000001,1.06
654,0.00013472,0.9400000000000001,1.08
655,0.0001348,0.96,1.08
656,0.00013487999999999998,0.96,1.08
657,0.00013496,0.98,1.1
658,0.00013504,1.0,1.12
659,0.00013512,1.02,1.1400000000000001
660,0.0001352,1.02,1.16
661,0.00013528,1.04,1.16
662,0.00013536,1.04,1.18
663,0.00013544,1.06,1.2
664,0.00013552,1.08,1.22
665,0.0001356,1.1,1.22
666,0.00013568,1.1,1.24
667,0.00013576000000000001,1.12,1.26
668,0.00013584,1.12,1.26
669,0.00013591999999999999,1.12,1.28
670,0.000136,1.16,1.3
671,0.00013608,1.16,1.32
672,0.00013616,1.18,1.32
673,0.00013623999999999998,1.18,1.34
674,0.00013632,1.18,1.36
675,0.0001364,1.22,1.36
676,0.00013648,1.22,1.3800000000000001
677,0.00013656,1.24,1.4000000000000001
678,0.00013664,1.26,1.42
679,0.00013672,1.26,1.42
680,0.0001368,1.28,1.44
681,0.00013688,1.3,1.44
682,0.00013696,1.3,1.46
683,0.00013704,1.32,1.48
684,0.00013712,1.34,1.48
685,0.0001372,1.34,1.5
686,0.00013728,1.36,1.5
687,0.00013736,1.3800000000000001,1.52
688,0.00013744,1.3800000000000001,1.54
689,0.00013752,1.4000000000000001,1.56
690,0.00013759999999999998,1.42,1.56
691,0.00013768,1.42,1.58
692,0.00013776,1.42,1.6
693,0.00013784,1.44,1.62
694,0.00013792,1.46,1.62
695,0.000138,1.48,1.6400000000000001
696,0.00013808,1.5,1.6400000000000001
697,0.00013816,1.5,1.6600000000000001
698,0.00013824,1.52,1.68
699,0.00013832,1.52,1.7
700,0.0001384,1.54,1.7
701,0.00013848,1.56,1.72
702,0.00013856,1.56,1.74
703,0.00013864,1.58,1.74
704,0.00013872,1.6,1.76
705,0.0001388,1.6,1.78
706,0.00013888,1.62,1.76
707,0.00013895999999999998,1.6400000000000001,1.8
708,0.00013904,1.6400000000000001,1.82
709,0.00013912,1.6600000000000001,1.82
710,0.0001392,1.6600000000000001,1.82
711,0.00013928,1.68,1.86
712,0.00013936,1.7,1.86
713,0.00013944,1.72,1.86
714,0.00013952,1.72,1.8800000000000001
715,0.0001396,1.74,1.92
716,0.00013968,1.76,1.92
717,0.00013976,1.76,1.94
718,0.00013984,1.78,1.96
719,0.00013992,1.8,1.96
720,0.00014,1.8,2.0
721,0.00014008,1.82,2.0
722,0.00014016,1.84,2.02
723,0.00014024,1.84,2.02
724,0.00014031999999999998,1.86,2.04
725,0.0001404,1.8800000000000001,2.04
726,0.00014048,1.8800000000000001,2.06
727,0.00014056,1.9000000000000001,2.08
728,0.00014063999999999998,1.92,2.1
729,0.00014072,1.92,2.12
730,0.0001408,1.94,2.14
731,0.00014088,1.94,2.14
732,0.00014096,1.96,2.14
733,0.00014104,1.98,2.18
734,0.00014112,2.0,2.18
735,0.0001412,2.0,2.2
736,0.00014128,2.02,2.2
737,0.00014136,2.02,2.22
738,0.00014144,2.04,2.22
739,0.00014152000000000001,2.06,2.24
740,0.0001416,2.08,2.2600000000000002
741,0.00014167999999999999,2.08,2.2600000000000002
742,0.00014176,2.1,2.2800000000000002
743,0.00014184,2.12,2.3000000000000003
744,0.00014192,2.12,2.32
745,0.00014199999999999998,2.14,2.32
746,0.00014208,2.14,2.34
747,0.00014216,2.14,2.36
748,0.00014224,2.18,2.36
749,0.00014232,2.18,2.38
750,0.0001424,2.2,2.38
751,0.00014248,2.2,2.42
752,0.00014256,2.24,2.42
753,0.00014264,2.24,2.44
754,0.00014272,2.24,2.46
755,0.0001428,2.2600000000000002,2.46
756,0.00014288000000000001,2.2800000000000002,2.48
757,0.00014296,2.2800000000000002,2.5
758,0.00014303999999999999,2.3000000000000003,2.5
759,0.00014312,2.32,2.52
760,0.0001432,2.34,2.52
761,0.00014328,2.34,2.54
762,0.00014335999999999998,2.36,2.56
763,0.00014344,2.38,2.58
764,0.00014352,2.38,2.6
765,0.0001436,2.4,2.62
766,0.00014367999999999998,2.4,2.62
767,0.00014376,2.42,2.62
768,0.00014384,2.44,2.66
769,0.00014392000000000002,2.44,2.64
770,0.000144,2.46,2.66
771,0.00014408,2.48,2.68
772,0.00014416,2.48,2.68
773,0.00014424000000000001,2.5,2.7
774,0.00014432,2.5,2.72
775,0.00014439999999999999,2.52,2.72
776,0.00014448,2.54,2.74
777,0.00014456,2.54,2.7600000000000002
778,0.00014464,2.56,2.7800000000000002
779,0.00014471999999999998,2.58,2.7800000000000002
780,0.0001448,2.6,2.8000000000000003
781,0.00014488,2.6,2.82
782,0.00014496,2.62,2.82
783,0.00014503999999999998,2.62,2.84
784,0.00014512,2.64,2.86
785,0.0001452,2.64,2.86
786,0.00014528000000000002,2.66,2.88
787,0.00014536,2.68,2.9
788,0.00014544,2.7,2.92
789,0.00014552,2.7,2.94
790,0.00014560000000000002,2.72,2.94
791,0.00014568,2.72,2.96
792,0.00014576,2.74,2.96
793,0.00014584,2.74,2.98
794,0.00014592,2.7600000000000002,2.98
795,0.000146,2.7800000000000002,3.0
796,0.00014607999999999998,2.8000000000000003,3.02
797,0.00014616,2.82,3.04
798,0.00014624,2.82,3.06
799,0.00014632,2.84,3.06
800,0.00014639999999999998,2.84,3.08
801,0.00014648,2.86,3.1
802,0.00014656,2.88,3.1
803,0.00014664,2.88,3.14
804,0.00014672,2.92,3.14
805,0.0001468,2.92,3.16
806,0.00014688,2.92,3.16
807,0.00014696000000000002,2.94,3.16
808,0.00014704,2.94,3.18
809,0.00014712,2.96,3.2
810,0.0001472,2.98,3.22
811,0.00014728,2.98,3.24
812,0.00014736,3.02,3.24
813,0.00014743999999999998,3.02,3.2600000000000002
814,0.00014752,3.04,3.2800000000000002
815,0.0001476,3.04,3.3000000000000003
816,0.00014768,3.06,3.3200000000000003
817,0.00014775999999999998,3.08,3.3200000000000003
818,0.00014784,3.08,3.34
819,0.00014792,3.1,3.34
820,0.000148,3.12,3.36
821,0.00014808,3.14,3.36
822,0.00014816,3.14,3.38
823,0.00014824,3.16,3.4
824,0.00014832000000000002,3.16,3.42
825,0.0001484,3.2,3.44
826,0.00014848,3.18,3.44
827,0.00014856,3.2,3.46
828,0.00014864,3.24,3.46
829,0.00014872,3.24,3.5
830,0.00014879999999999998,3.24,3.5
831,0.00014888,3.2600000000000002,3.52
832,0.00014896,3.2800000000000002,3.52
833,0.00014904,3.2800000000000002,3.54
834,0.00014911999999999998,3.3000000000000003,3.56
835,0.0001492,3.3200000000000003,3.56
836,0.00014928,3.3200000000000003,3.58
837,0.00014936,3.34,3.6
838,0.00014943999999999998,3.36,3.6
839,0.00014952,3.38,3.62
840,0.0001496,3.38,3.64
841,0.00014968000000000002,3.42,3.64
842,0.00014976,3.4,3.66
843,0.00014984,3.42,3.68
844,0.00014992,3.44,3.7
845,0.00015000000000000001,3.44,3.7
846,0.00015008,3.48,3.72
847,0.00015015999999999999,3.48,3.74
848,0.00015024,3.48,3.7600000000000002
849,0.00015032,3.5,3.7600000000000002
850,0.0001504,3.52,3.7800000000000002
851,0.00015047999999999998,3.52,3.8000000000000003
852,0.00015056,3.54,3.8000000000000003
853,0.00015064,3.56,3.8200000000000003
854,0.00015072,3.56,3.84
855,0.00015079999999999998,3.58,3.86
856,0.00015088,3.6,3.86
857,0.00015096,3.62,3.88
858,0.00015104000000000002,3.62,3.9
859,0.00015112,3.62,3.9
860,0.0001512,3.64,3.92
861,0.00015128,3.66,3.92
862,0.00015136000000000001,3.68,3.94
863,0.00015144,3.68,3.98
864,0.00015151999999999999,3.7,3.98
865,0.0001516,3.7,3.98
866,0.00015168,3.72,4.0
867,0.00015176,3.7600000000000002,4.0200000000000005
868,0.00015183999999999998,3.7600000000000002,4.0200000000000005
869,0.00015192,3.7600000000000002,4.04
870,0.000152,3.7800000000000002,4.0600000000000005
871,0.00015208,3.8000000000000003,4.08
872,0.00015215999999999998,3.8000000000000003,4.08
873,0.00015224,3.8200000000000003,4.1
874,0.00015232,3.8200000000000003,4.1
875,0.00015240000000000002,3.84,4.12
876,0.00015248,3.86,4.16
877,0.00015256,3.86,4.16
878,0.00015264,3.88,4.16
879,0.00015272000000000002,3.9,4.18
880,0.0001528,3.92,4.2
881,0.00015287999999999999,3.94,4.22
882,0.00015296,3.94,4.22
883,0.00015304,3.96,4.24
884,0.00015312,3.96,4.24
885,0.00015319999999999998,3.98,4.26
886,0.00015328,3.98,4.28
887,0.00015336,4.0,4.3
888,0.00015344,4.0200000000000005,4.3
889,0.00015351999999999998,4.0200000000000005,4.32
890,0.0001536,4.04,4.34
891,0.00015368,4.0600000000000005,4.34
892,0.00015376000000000002,4.0600000000000005,4.36
893,0.00015384,4.08,4.38
894,0.00015392,4.1,4.4
895,0.000154,4.1,4.4
896,0.00015408000000000002,4.12,4.42
897,0.00015416,4.14,4.44
898,0.00015424,4.14,4.46
899,0.00015432,4.18,4.46
900,0.0001544,4.18,4.48
901,0.00015448,4.18,4.5
902,0.00015455999999999998,4.2,4.5
903,0.00015464,4.22,4.5200000000000005
904,0.00015472,4.24,4.54
905,0.0001548,4.24,4.54
906,0.00015487999999999998,4.26,4.5600000000000005
907,0.00015496,4.26,4.5600000000000005
908,0.00015504,4.28,4.58
909,0.00015512,4.3,4.6000000000000005
910,0.0001552,4.32,4.62
911,0.00015528,4.32,4.64
912,0.00015536,4.34,4.66
913,0.00015544000000000002,4.36,4.64
914,0.00015552,4.36,4.68
915,0.0001556,4.38,4.7
916,0.00015568,4.38,4.7
917,0.00015576,4.4,4.7
918,0.00015584,4.4,4.74
919,0.00015591999999999998,4.42,4.74
920,0.000156,4.44,4.76
921,0.00015608,4.44,4.78
922,0.00015616,4.46,4.78
923,0.00015623999999999998,4.48,4.8
924,0.00015632,4.48,4.82
925,0.0001564,4.5,4.82
926,0.00015648,4.5200000000000005,4.86
927,0.00015656,4.54,4.84
928,0.00015664,4.54,4.86
929,0.00015672,4.5600000000000005,4.88
930,0.00015680000000000002,4.58,4.88
931,0.00015688,4.58,4.9
932,0.00015696,4.62,4.92
933,0.00015704,4.62,4.94
934,0.00015712000000000001,4.64,4.94
935,0.0001572,4.5600000000000005,-0.04
936,0.00015727999999999998,3.86,0.04
937,0.00015736,3.3200000000000003,0.1
938,0.00015744,2.86,0.12
939,0.00015752,2.48,0.12
940,0.00015759999999999998,2.16,0.12
941,0.00015768,1.8800000000000001,0.14
942,0.00015776,1.6600000000000001,0.14
943,0.00015784,1.46,0.16
944,0.00015791999999999998,1.28,0.16
945,0.000158,1.1400000000000001,0.18
946,0.00015808,1.02,0.18
947,0.00015816000000000002,0.92,0.18
948,0.00015824,0.84,0.22
949,0.00015832,0.76,0.22
950,0.0001584,0.7000000000000001,0.24
951,0.00015848000000000001,0.64,0.24
952,0.00015856,0.6,0.26
953,0.00015863999999999999,0.56,0.28
954,0.00015872,0.52,0.3
955,0.0001588,0.5,0.3
956,0.00015888,0.48,0.32
957,0.00015895999999999998,0.46,0.34
958,0.00015904,0.44,0.34
959,0.00015912,0.44,0.34
960,0.0001592,0.44,0.36
961,0.00015927999999999998,0.42,0.38
962,0.00015936,0.44,0.4
963,0.00015944,0.42,0.4
964,0.00015952000000000002,0.42,0.42
965,0.0001596,0.44,0.44
966,0.00015968,0.44,0.46
967,0.00015976,0.44,0.48
968,0.00015984000000000001,0.44,0.46
969,0.00015992,0.46,0.5
970,0.00015999999999999999,0.46,0.52
971,0.00016008,0.46,0.52
972,0.00016016,0.48,0.54
973,0.00016024,0.48,0.56
974,0.00016031999999999998,0.5,0.56
975,0.0001604,0.52,0.58
976,0.00016048,0.52,0.6
977,0.00016056,0.54,0.6
978,0.00016063999999999998,0.54,0.62
979,0.00016072,0.56,0.64
980,0.0001608,0.56,0.64
981,0.00016088000000000002,0.58,0.66
982,0.00016096,0.58,0.68
983,0.00016104,0.6,0.7000000000000001
984,0.00016112,0.62,0.7000000000000001
985,0.00016120000000000002,0.62,0.72
986,0.00016128,0.64,0.74
987,0.00016136,0.64,0.76
988,0.00016144,0.66,0.76
989,0.00016152,0.68,0.78
990,0.0001616,0.7000000000000001,0.78
991,0.00016167999999999998,0.7000000000000001,0.8
992,0.00016176,0.72,0.8200000000000001
993,0.00016184,0.72,0.8200000000000001
994,0.00016192,0.74,0.86
995,0.00016199999999999998,0.74,0.84
996,0.00016208,0.74,0.88
997,0.00016216,0.78,0.88
998,0.00016224000000000002,0.8,0.9
999,0.00016232,0.8,0.92
1000,0.0001624,0.8200000000000001,0.92
1001,0.00016248,0.8200000000000001,0.9400000000000001
1002,0.00016256000000000002,0.84,0.96
1003,0.00016264,0.86,0.96
1004,0.00016272,0.86,0.98
1005,0.0001628,0.88,1.0
1006,0.00016288,0.9,1.02
1007,0.00016296,0.9,1.04
1008,0.00016303999999999998,0.92,1.04
1009,0.00016312,0.92,1.06
1010,0.0001632,0.9400000000000001,1.08
1011,0.00016328,0.96,1.08
1012,0.00016335999999999998,0.96,1.1
1013,0.00016344,0.98,1.1
1014,0.00016352,1.0,1.12
1015,0.0001636,1.02,1.12
1016,0.00016368,1.02,1.16
1017,0.00016376,1.04,1.16
1018,0.00016384,1.04,1.16
1019,0.00016392000000000002,1.06,1.18
1020,0.000164,1.06,1.2
1021,0.00016408,1.08,1.22
1022,0.00016416,1.1,1.24
1023,0.00016424,1.1,1.24
1024,0.00016432,1.12,1.26
1025,0.00016439999999999998,1.1400000000000001,1.28
1026,0.00016448,1.16,1.3
1027,0.00016456,1.16,1.32
1028,0.00016464,1.18,1.32
1029,0.00016471999999999998,1.18,1.32
1030,0.0001648,1.2,1.34
1031,0.00016488,1.22,1.34
1032,0.00016496,1.22,1.3800000000000001
1033,0.00016504,1.22,1.4000000000000001
1034,0.00016512,1.26,1.4000000000000001
1035,0.0001652,1.26,1.42
1036,0.00016528000000000002,1.28,1.44
1037,0.00016536,1.3,1.44
1038,0.00016544,1.3,1.44
1039,0.00016552,1.32,1.48
1040,0.00016560000000000001,1.34,1.48
1041,0.00016568,1.32,1.5
1042,0.00016575999999999999,1.36,1.5
1043,0.00016584,1.36,1.52
1044,0.00016592,1.3800000000000001,1.54
1045,0.000166,1.4000000000000001,1.56
1046,0.00016607999999999998,1.4000000000000001,1.56
1047,0.00016616,1.42,1.58
1048,0.00016624,1.42,1.6
1049,0.00016632,1.44,1.6
1050,0.00016639999999999998,1.46,1.62
1051,0.00016648,1.48,1.6400000000000001
1052,0.00016656,1.48,1.6400000000000001
1053,0.00016664000000000002,1.5,1.6600000000000001
1054,0.00016672,1.5,1.68
1055,0.0001668,1.54,1.7
1056,0.00016688,1.54,1.7
1057,0.00016696000000000001,1.56,1.72
1058,0.00016704,1.56,1.74
1059,0.00016711999999999999,1.58,1.74
1060,0.0001672,1.6,1.76
1061,0.00016728,1.6,1.78
1062,0.00016736,1.62,1.78
1063,0.00016743999999999998,1.6400000000000001,1.78
1064,0.00016752,1.6400000000000001,1.82
1065,0.0001676,1.6600000000000001,1.82
1066,0.00016768,1.6600000000000001,1.84
1067,0.00016775999999999998,1.68,1.86
1068,0.00016784,1.7,1.8800000000000001
1069,0.00016792,1.7,1.8800000000000001
1070,0.00016800000000000002,1.72,1.8800000000000001
1071,0.00016808,1.74,1.92
1072,0.00016816,1.74,1.92
1073,0.00016824,1.74,1.94
1074,0.00016832000000000001,1.78,1.96
1075,0.0001684,1.78,1.96
1076,0.00016847999999999999,1.8,1.98
1077,0.00016856,1.82,2.0
1078,0.00016864,1.84,2.02
1079,0.00016872,1.84,2.02
1080,0.00016879999999999998,1.84,2.04
1081,0.00016888,1.86,2.04
1082,0.00016896,1.8800000000000001,2.06
1083,0.00016904,1.9000000000000001,2.08
1084,0.00016911999999999998,1.9000000000000001,2.1
1085,0.0001692,1.92,2.1
1086,0.00016928,1.94,2.12
1087,0.00016936000000000002,1.94,2.14
1088,0.00016944,1.96,2.14
1089,0.00016952,1.96,2.16
1090,0.0001696,1.98,2.18
1091,0.00016968000000000002,2.0,2.2
1092,0.00016976,2.02,2.2
1093,0.00016984,2.02,2.2
1094,0.00016992,2.04,2.22
1095,0.00017,2.06,2.24
1096,0.00017008,2.06,2.2600000000000002
1097,0.00017015999999999998,2.06,2.2600000000000002
1098,0.00017024,2.1,2.2800000000000002
1099,0.00017032,2.1,2.3000000000000003
1100,0.0001704,2.1,2.32
1101,0.00017047999999999998,2.12,2.34
1102,0.00017056,2.14,2.34
1103,0.00017064,2.16,2.36
1104,0.00017072000000000002,2.16,2.38
1105,0.0001708,2.18,2.4
1106,0.00017088,2.2,2.4
1107,0.00017096,2.22,2.4
1108,0.00017104000000000002,2.22,2.42
1109,0.00017112,2.22,2.42
1110,0.0001712,2.24,2.46
1111,0.00017128,2.2600000000000002,2.46
1112,0.00017136,2.2800000000000002,2.48
1113,0.00017144,2.2800000000000002,2.48
1114,0.00017151999999999998,2.3000000000000003,2.5
1115,0.0001716,2.32,2.52
1116,0.00017168,2.32,2.52
1117,0.00017176,2.32,2.54
1118,0.00017183999999999998,2.34,2.54
1119,0.00017192,2.36,2.56
1120,0.000172,2.38,2.6
1121,0.00017208,2.38,2.6
1122,0.00017216,2.4,2.62
1123,0.00017224,2.4,2.62
1124,0.00017232,2.42,2.64
1125,0.00017240000000000002,2.44,2.64
1126,0.00017248,2.46,2.66
1127,0.00017256,2.46,2.68
1128,0.00017264,2.48,2.7
1129,0.00017272,2.5,2.7
1130,0.0001728,2.5,2.74
1131,0.00017287999999999998,2.52,2.74
1132,0.00017296,2.54,2.74
1133,0.00017304,2.54,2.7600000000000002
1134,0.00017312,2.54,2.7800000000000002
1135,0.00017319999999999998,2.58,2.7800000000000002
1136,0.00017328,2.58,2.82
1137,0.00017336,2.58,2.82
1138,0.00017344,2.6,2.82
1139,0.00017352,2.62,2.84
1140,0.0001736,2.62,2.86
1141,0.00017368,2.64,2.86
1142,0.00017376000000000002,2.66,2.88
1143,0.00017384,2.66,2.9
1144,0.00017392,2.68,2.92
1145,0.000174,2.68,2.92
1146,0.00017408000000000001,2.7,2.96
1147,0.00017416,2.72,2.94
1148,0.00017423999999999999,2.74,2.96
1149,0.00017432,2.74,2.98
1150,0.0001744,2.7600000000000002,3.0
1151,0.00017448,2.7800000000000002,3.02
1152,0.00017455999999999998,2.8000000000000003,3.02
1153,0.00017464,2.82,3.02
1154,0.00017472,2.82,3.04
1155,0.0001748,2.82,3.06
1156,0.00017487999999999998,2.86,3.08
1157,0.00017496,2.86,3.1
1158,0.00017504,2.86,3.1
1159,0.00017512000000000002,2.88,3.12
1160,0.0001752,2.9,3.14
1161,0.00017528,2.9,3.14
1162,0.00017536,2.92,3.16
1163,0.00017544000000000001,2.94,3.18
1164,0.00017552,2.94,3.18
1165,0.00017559999999999999,2.96,3.2
1166,0.00017568,2.96,3.22
1167,0.00017576,2.98,3.24
1168,0.00017584,3.0,3.24
1169,0.00017591999999999998,3.02,3.2800000000000002
1170,0.000176,3.02,3.2800000000000002
1171,0.00017608,3.04,3.3000000000000003
1172,0.00017616,3.06,3.3200000000000003
1173,0.00017623999999999998,3.06,3.3200000000000003
1174,0.00017632,3.1,3.34
1175,0.0001764,3.1,3.36
1176,0.00017648000000000002,3.1,3.36
1177,0.00017656,3.12,3.38
1178,0.00017664,3.14,3.4
1179,0.00017672,3.14,3.4
1180,0.00017680000000000001,3.16,3.42
1181,0.00017688,3.18,3.44
1182,0.00017695999999999999,3.18,3.44
1183,0.00017704,3.22,3.46
1184,0.00017712,3.22,3.48
1185,0.0001772,3.22,3.48
1186,0.00017727999999999998,3.24,3.5
1187,0.00017736,3.2600000000000002,3.52
1188,0.00017744,3.2800000000000002,3.52
1189,0.00017752,3.2800000000000002,3.54
1190,0.00017759999999999998,3.3200000000000003,3.56
1191,0.00017768,3.3000000000000003,3.58
1192,0.00017776,3.3200000000000003,3.6
1193,0.00017784000000000002,3.34,3.6
1194,0.00017792,3.36,3.6
1195,0.000178,3.36,3.62
1196,0.00017808,3.4,3.64
1197,0.00017816000000000002,3.38,3.64
1198,0.00017824,3.4,3.66
1199,0.00017832,3.42,3.68
1200,0.0001784,3.44,3.7
1201,0.00017848,3.44,3.7
1202,0.00017856,3.44,3.74
1203,0.00017863999999999998,3.46,3.74
1204,0.00017872,3.48,3.74
1205,0.0001788,3.5,3.7600000000000002
1206,0.00017888,3.5,3.7800000000000002
1207,0.00017895999999999998,3.52,3.8000000000000003
1208,0.00017904,3.54,3.8200000000000003
1209,0.00017912,3.54,3.8200000000000003
1210,0.00017920000000000002,3.56,3.84
1211,0.00017928,3.58,3.84
1212,0.00017936,3.58,3.86
1213,0.00017944,3.6,3.88
1214,0.00017952000000000002,3.62,3.9
1215,0.0001796,3.62,3.9
1216,0.00017968,3.64,3.92
1217,0.00017976,3.66,3.92
1218,0.00017984,3.66,3.94
1219,0.00017992,3.68,3.98
1220,0.00017999999999999998,3.7,3.96
1221,0.00018008,3.72,3.98
1222,0.00018016,3.72,4.0
1223,0.00018024,3.74,4.0200000000000005
1224,0.00018031999999999998,3.74,4.0200000000000005
1225,0.0001804,3.7600000000000002,4.04
1226,0.00018048,3.7800000000000002,4.0600000000000005
1227,0.00018056,3.7800000000000002,4.0600000000000005
1228,0.00018064,3.8000000000000003,4.08
1229,0.00018072,3.8200000000000003,4.12
1230,0.0001808,3.8200000000000003,4.1
1231,0.00018088000000000002,3.84,4.12
1232,0.00018096,3.86,4.14
1233,0.00018104,3.86,4.14
1234,0.00018112,3.88,4.16
1235,0.0001812,3.9,4.18
1236,0.00018128,3.9,4.2
1237,0.00018135999999999998,3.92,4.2
1238,0.00018144,3.94,4.22
1239,0.00018152,3.94,4.24
1240,0.0001816,3.96,4.26
1241,0.00018167999999999998,3.98,4.26
1242,0.00018176,3.98,4.28
1243,0.00018184,4.0,4.3
1244,0.00018192,4.0200000000000005,4.3
1245,0.000182,4.0200000000000005,4.32
1246,0.00018208,4.04,4.34
1247,0.00018216,4.0600000000000005,4.34
1248,0.00018224000000000002,4.08,4.36
1249,0.00018232,4.08,4.38
1250,0.0001824,4.1,4.4
1251,0.00018248,4.1,4.4
1252,0.00018256000000000001,4.12,4.42
1253,0.00018264,4.14,4.44
1254,0.00018271999999999999,4.14,4.44
1255,0.0001828,4.16,4.46
1256,0.00018288,4.18,4.48
1257,0.00018296,4.18,4.5
1258,0.00018303999999999998,4.2,4.5
1259,0.00018312,4.2,4.5200000000000005
1260,0.0001832,4.22,4.54
1261,0.00018328,4.24,4.54
1262,0.00018335999999999998,4.26,4.58
1263,0.00018344,4.26,4.58
1264,0.00018352,4.28,4.58
1265,0.00018360000000000002,4.3,4.6000000000000005
1266,0.00018368,4.3,4.62
1267,0.00018376,4.32,4.64
1268,0.00018384,4.34,4.64
1269,0.00018392000000000001,4.34,4.66
1270,0.000184,4.36,4.66
1271,0.00018407999999999999,4.38,4.68
1272,0.00018416,4.4,4.7
1273,0.00018424,4.4,4.7
1274,0.00018432,4.42,4.74
1275,0.00018439999999999998,4.42,4.74
1276,0.00018448,4.44,4.76
1277,0.00018456,4.46,4.76
1278,0.00018464,4.46,4.78
1279,0.00018471999999999998,4.48,4.78
1280,0.0001848,4.5,4.82
1281,0.00018488,4.5,4.82
1282,0.00018496000000000002,4.5200000000000005,4.84
1283,0.00018504,4.54,4.86
1284,0.00018512,4.54,4.86
1285,0.0001852,4.58,4.88
1286,0.00018528000000000001,4.58,4.9
1287,0.00018536,4.58,4.9
1288,0.00018543999999999999,4.6000000000000005,4.92
1289,0.00018552,4.62,4.94
1290,0.0001856,4.62,4.94
1291,0.00018568,4.5600000000000005,-0.04
1292,0.00018575999999999998,3.92,0.04
1293,0.00018584,3.38,0.1
1294,0.00018592,2.9,0.12
1295,0.000186,2.52,0.12
1296,0.00018607999999999998,2.18,0.12
1297,0.00018616,1.92,0.14
1298,0.00018624,1.68,0.14
1299,0.00018632000000000002,1.48,0.16
1300,0.0001864,1.3,0.16
1301,0.00018648,1.16,0.18
1302,0.00018656,1.04,0.18
1303,0.00018664000000000002,0.9400000000000001,0.2
1304,0.00018672,0.84,0.22
1305,0.0001868,0.78,0.22
1306,0.00018688,0.7000000000000001,0.24
1307,0.00018696,0.64,0.24
1308,0.00018704,0.6,0.26
1309,0.00018711999999999998,0.56,0.26
1310,0.0001872,0.54,0.28
1311,0.00018728,0.5,0.3
1312,0.00018736,0.48,0.32
1313,0.00018743999999999998,0.48,0.32
1314,0.00018752,0.46,0.34
1315,0.0001876,0.44,0.36
1316,0.00018768000000000002,0.44,0.38
1317,0.00018776,0.44,0.38
1318,0.00018784,0.44,0.4
1319,0.00018792,0.42,0.4
1320,0.00018800000000000002,0.44,0.42
1321,0.00018808,0.44,0.44
1322,0.00018816,0.44,0.44
1323,0.00018824,0.44,0.46
1324,0.00018832,0.46,0.46
1325,0.0001884,0.46,0.5
1326,0.00018847999999999998,0.46,0.52
1327,0.00018856,0.46,0.52
1328,0.00018864,0.48,0.54
1329,0.00018872,0.48,0.56
1330,0.00018879999999999998,0.5,0.56
1331,0.00018888,0.5,0.58
1332,0.00018896,0.52,0.6
1333,0.00018904000000000002,0.54,0.6
1334,0.00018912,0.56,0.62
1335,0.0001892,0.56,0.64
1336,0.00018928,0.56,0.64
1337,0.00018936000000000002,0.58,0.66
1338,0.00018944,0.58,0.68
1339,0.00018952,0.6,0.68
1340,0.0001896,0.62,0.7000000000000001
1341,0.00018968,0.62,0.72
1342,0.00018976,0.64,0.74
1343,0.00018983999999999998,0.66,0.74
1344,0.00018992,0.66,0.76
1345,0.00019,0.68,0.78
1346,0.00019008,0.7000000000000001,0.78
1347,0.00019015999999999998,0.7000000000000001,0.78
1348,0.00019024,0.72,0.8200000000000001
1349,0.00019032,0.72,0.8200000000000001
1350,0.0001904,0.74,0.84
1351,0.00019048,0.76,0.86
1352,0.00019056,0.76,0.88
1353,0.00019064,0.78,0.9
1354,0.00019072000000000002,0.8,0.9
1355,0.0001908,0.8,0.9
1356,0.00019088,0.8200000000000001,0.92
1357,0.00019096,0.8200000000000001,0.9400000000000001
1358,0.00019104000000000001,0.84,0.96
1359,0.00019112,0.84,0.98
1360,0.00019119999999999999,0.86,0.98
1361,0.00019128,0.88,1.0
1362,0.00019136,0.9,1.02
1363,0.00019144,0.9,1.02
1364,0.00019151999999999998,0.92,1.02
1365,0.0001916,0.9400000000000001,1.04
1366,0.00019168,0.9400000000000001,1.08
1367,0.00019176,0.96,1.08
1368,0.00019183999999999998,0.96,1.1
1369,0.00019192,0.98,1.12
1370,0.000192,0.98,1.12
1371,0.00019208000000000002,1.0,1.1400000000000001
1372,0.00019216,1.02,1.1400000000000001
1373,0.00019224,1.04,1.16
1374,0.00019232,1.06,1.18
1375,0.00019240000000000001,1.04,1.2
1376,0.00019248,1.08,1.2
1377,0.00019255999999999999,1.08,1.22
1378,0.00019264,1.1,1.24
1379,0.00019272,1.1,1.26
1380,0.0001928,1.12,1.26
1381,0.00019287999999999998,1.1400000000000001,1.28
1382,0.00019296,1.16,1.3
1383,0.00019304,1.16,1.3
1384,0.00019312,1.18,1.32
1385,0.00019319999999999998,1.2,1.34
1386,0.00019328,1.2,1.36
1387,0.00019336,1.22,1.3800000000000001
1388,0.00019344000000000002,1.22,1.3800000000000001
1389,0.00019352,1.24,1.4000000000000001
1390,0.0001936,1.26,1.4000000000000001
1391,0.00019368,1.26,1.42
1392,0.00019376000000000002,1.28,1.44
1393,0.00019384,1.28,1.46
1394,0.00019392,1.32,1.46
1395,0.000194,1.32,1.48
1396,0.00019408,1.32,1.48
1397,0.00019416,1.34,1.5
1398,0.00019423999999999998,1.36,1.52
1399,0.00019432,1.36,1.52
1400,0.0001944,1.3800000000000001,1.54
1401,0.00019448,1.4000000000000001,1.56
1402,0.00019455999999999998,1.42,1.56
1403,0.00019464,1.42,1.58
1404,0.00019472,1.44,1.6
1405,0.00019480000000000002,1.46,1.6
1406,0.00019488,1.46,1.62
1407,0.00019496,1.46,1.6400000000000001
1408,0.00019504,1.48,1.6400000000000001
1409,0.00019512000000000002,1.5,1.6600000000000001
1410,0.0001952,1.52,1.68
1411,0.00019528,1.52,1.7
1412,0.00019536,1.54,1.7
1413,0.00019544,1.56,1.72
1414,0.00019552,1.56,1.72
1415,0.00019559999999999998,1.58,1.74
1416,0.00019568,1.6,1.76
1417,0.00019576,1.6,1.78
1418,0.00019584,1.62,1.78
1419,0.00019591999999999998,1.6400000000000001,1.8
1420,0.000196,1.6400000000000001,1.82
1421,0.00019608,1.6600000000000001,1.84
1422,0.00019616000000000002,1.6600000000000001,1.84
1423,0.00019624,1.68,1.86
1424,0.00019632,1.7,1.8800000000000001
1425,0.0001964,1.72,1.8800000000000001
1426,0.00019648000000000002,1.72,1.9000000000000001
1427,0.00019656,1.74,1.92
1428,0.00019664,1.76,1.92
1429,0.00019672,1.76,1.94
1430,0.0001968,1.78,1.96
1431,0.00019688,1.8,1.98
1432,0.00019695999999999998,1.8,1.98
1433,0.00019704,1.82,2.0
1434,0.00019712,1.82,2.0
1435,0.0001972,1.84,2.02
1436,0.00019727999999999998,1.86,2.04
1437,0.00019736,1.86,2.06
1438,0.00019744,1.8800000000000001,2.06
1439,0.00019752000000000002,1.8800000000000001,2.08
1440,0.0001976,1.92,2.1
1441,0.00019768,1.92,2.1
1442,0.00019776,1.94,2.12
1443,0.00019784000000000002,1.96,2.14
1444,0.00019792,1.98,2.14
1445,0.000198,1.98,2.16
1446,0.00019808,2.0,2.18
1447,0.00019816000000000001,2.0,2.2
1448,0.00019824,2.02,2.2
1449,0.00019831999999999999,2.04,2.22
1450,0.0001984,2.04,2.22
1451,0.00019848,2.06,2.24
1452,0.00019856,2.06,2.2600000000000002
1453,0.00019863999999999998,2.08,2.2600000000000002
1454,0.00019872,2.08,2.2800000000000002
1455,0.0001988,2.12,2.3000000000000003
1456,0.00019888,2.12,2.32
1457,0.00019896,2.14,2.32
1458,0.00019904,2.14,2.34
1459,0.00019912,2.16,2.34
1460,0.00019920000000000002,2.18,2.38
1461,0.00019928,2.18,2.38
1462,0.00019936,2.18,2.4
1463,0.00019944,2.22,2.42
1464,0.00019952000000000001,2.24,2.42
1465,0.0001996,2.24,2.44
1466,0.00019967999999999999,2.2600000000000002,2.44
1467,0.00019976,2.2600000000000002,2.46
1468,0.00019984,2.2800000000000002,2.48
1469,0.00019992,2.2800000000000002,2.5
1470,0.00019999999999999998,2.3000000000000003,2.5
1471,0.00020008,2.32,2.52
1472,0.00020016,2.34,2.54
1473,0.00020024,2.32,2.56
1474,0.00020031999999999998,2.36,2.56
1475,0.0002004,2.36,2.56
1476,0.00020048,2.38,2.58
1477,0.00020056000000000002,2.38,2.6
1478,0.00020064,2.4,2.62
1479,0.00020072,2.42,2.62
1480,0.0002008,2.44,2.64
1481,0.00020088000000000001,2.44,2.64
1482,0.00020096,2.46,2.66
1483,0.00020103999999999999,2.48,2.68
1484,0.00020112,2.48,2.68
1485,0.0002012,2.5,2.7
1486,0.00020128,2.5,2.72
1487,0.00020135999999999998,2.52,2.74
1488,0.00020144,2.54,2.74
1489,0.00020152,2.54,2.7600000000000002
1490,0.0002016,2.56,2.7800000000000002
1491,0.00020167999999999998,2.56,2.7800000000000002
1492,0.00020176,2.58,2.8000000000000003
1493,0.00020184,2.6,2.82
1494,0.00020192000000000002,2.62,2.82
1495,0.000202,2.62,2.84
1496,0.00020208,2.64,2.86
1497,0.00020216,2.64,2.86
1498,0.00020224000000000002,2.66,2.88
1499,0.00020232,2.66,2.92
1500,0.0002024,2.68,2.9
1501,0.00020248,2.7,2.94
1502,0.00020256,2.72,2.94
1503,0.00020264,2.74,2.96
1504,0.00020271999999999998,2.7600000000000002,2.96
1505,0.0002028,2.7600000000000002,2.98
1506,0.00020288,2.7600000000000002,3.0
1507,0.00020296,2.7800000000000002,3.0
1508,0.00020303999999999998,2.8000000000000003,3.02
1509,0.00020312,2.8000000000000003,3.04
1510,0.0002032,2.82,3.06
1511,0.00020328000000000002,2.84,3.06
1512,0.00020336,2.86,3.1
1513,0.00020344,2.86,3.1
1514,0.00020352,2.88,3.1
1515,0.00020360000000000002,2.88,3.12
1516,0.00020368,2.9,3.14
1517,0.00020376,2.92,3.14
1518,0.00020384,2.92,3.16
1519,0.00020392,2.94,3.18
1520,0.000204,2.96,3.18
1521,0.00020407999999999998,2.98,3.2
1522,0.00020416,2.98,3.22
1523,0.00020424,2.98,3.24
1524,0.00020432,3.02,3.24
1525,0.00020439999999999998,3.0,3.2600000000000002
1526,0.00020448,3.02,3.2800000000000002
1527,0.00020456,3.06,3.2800000000000002
1528,0.00020464,3.06,3.3000000000000003
1529,0.00020472,3.06,3.3200000000000003
1530,0.0002048,3.08,3.34
1531,0.00020488,3.1,3.34
1532,0.00020496,3.1,3.36
1533,0.00020504,3.12,3.38
1534,0.00020512,3.14,3.38
1535,0.0002052,3.16,3.4
1536,0.00020528,3.16,3.42
1537,0.00020536,3.18,3.44
1538,0.00020544,3.2,3.44
1539,0.00020552,3.22,3.46
1540,0.0002056,3.22,3.46
1541,0.00020568,3.24,3.48
1542,0.00020576,3.24,3.5
1543,0.00020584,3.2600000000000002,3.52
1544,0.00020592,3.2800000000000002,3.52
1545,0.000206,3.2800000000000002,3.54
1546,0.00020608,3.3000000000000003,3.56
1547,0.00020616,3.3200000000000003,3.56
1548,0.00020624,3.3200000000000003,3.58
1549,0.00020632,3.34,3.6
1550,0.0002064,3.36,3.62
1551,0.00020648,3.36,3.62
1552,0.00020656,3.38,3.64
1553,0.00020664,3.38,3.66
1554,0.00020672,3.4,3.66
1555,0.0002068,3.42,3.68
1556,0.00020688,3.44,3.7
1557,0.00020696,3.44,3.72
1558,0.00020704,3.46,3.72
1559,0.00020712,3.48,3.74
1560,0.0002072,3.5,3.7600000000000002
1561,0.00020728,3.5,3.7600000000000002
1562,0.00020736,3.5,3.7800000000000002
1563,0.00020744,3.52,3.8000000000000003
1564,0.00020752,3.54,3.8200000000000003
1565,0.0002076,3.56,3.8200000000000003
1566,0.00020768,3.58,3.84
1567,0.00020776,3.58,3.86
1568,0.00020784,3.58,3.86
1569,0.00020792,3.6,3.88
1570,0.000208,3.62,3.9
1571,0.00020808,3.64,3.9
1572,0.00020816,3.66,3.92
1573,0.00020824,3.66,3.94
1574,0.00020832,3.66,3.94
1575,0.0002084,3.68,3.96
1576,0.00020848,3.7,3.98
1577,0.00020856,3.7,3.98
1578,0.00020864,3.72,4.0
1579,0.00020872,3.74,4.0
1580,0.0002088,3.74,4.0200000000000005
1581,0.00020888,3.7800000000000002,4.04
1582,0.00020896,3.7800000000000002,4.0600000000000005
1583,0.00020904,3.7800000000000002,4.0600000000000005
1584,0.00020912,3.8000000000000003,4.08
1585,0.0002092,3.84,4.08
1586,0.00020928,3.84,4.1
1587,0.00020936,3.84,4.12
1588,0.00020944,3.86,4.14
1589,0.00020952,3.86,4.14
1590,0.0002096,3.88,4.16
1591,0.00020968,3.9,4.18
1592,0.00020976,3.92,4.2
1593,0.00020984,3.92,4.2
1594,0.00020992,3.94,4.22
1595,0.00021,3.96,4.24
1596,0.00021008,3.96,4.24
1597,0.00021016,3.98,4.26
1598,0.00021024,3.98,4.28
1599,0.00021032,4.0,4.28
1600,0.0002104,4.0200000000000005,4.3
1601,0.00021048,4.04,4.32
1602,0.00021056,4.0600000000000005,4.34
1603,0.00021064,4.0600000000000005,4.36
1604,0.00021072,4.08,4.36
1605,0.0002108,4.08,4.38
1606,0.00021088,4.1,4.4
1607,0.00021096,4.12,4.42
1608,0.00021104,4.12,4.42
1609,0.00021112,4.14,4.44
1610,0.0002112,4.14,4.46
1611,0.00021128,4.16,4.46
1612,0.00021136,4.18,4.48
1613,0.00021144,4.18,4.5
1614,0.00021152,4.2,4.5
1615,0.0002116,4.24,4.5200000000000005
1616,0.00021168,4.22,4.54
1617,0.00021176,4.24,4.54
1618,0.00021184,4.26,4.5600000000000005
1619,0.00021192,4.26,4.58
1620,0.000212,4.3,4.58
1621,0.00021208,4.3,4.62
1622,0.00021216,4.3,4.62
1623,0.00021224,4.32,4.62
1624,0.00021232,4.36,4.64
1625,0.0002124,4.34,4.66
1626,0.00021248,4.36,4.66
1627,0.00021256,4.38,4.68
1628,0.00021264,4.4,4.7
1629,0.00021272,4.4,4.7
1630,0.0002128,4.42,4.72
1631,0.00021288,4.42,4.74
1632,0.00021296,4.44,4.74
1633,0.00021304,4.46,4.76
1634,0.00021312,4.48,4.78
1635,0.0002132,4.48,4.8
1636,0.00021328,4.5,4.8
1637,0.00021336,4.5200000000000005,4.84
1638,0.00021344,4.54,4.84
1639,0.00021352,4.54,4.84
1640,0.0002136,4.54,4.86
1641,0.00021368,4.5600000000000005,4.88
1642,0.00021376,4.6000000000000005,4.9
1643,0.00021384,4.6000000000000005,4.9
1644,0.00021392,4.6000000000000005,4.92
1645,0.000214,4.62,4.94
1646,0.00021408,4.62,4.94
1647,0.00021416,4.5600000000000005,0.5
1648,0.00021424,3.92,0.16
1649,0.00021432,3.36,0.1
1650,0.0002144,2.9,0.1
1651,0.00021448,2.52,0.12
1652,0.00021456,2.2,0.12
1653,0.00021464,1.92,0.14
1654,0.00021472,1.68,0.14
1655,0.0002148,1.48,0.16
1656,0.00021488,1.3,0.16
1657,0.00021496,1.1400000000000001,0.18
1658,0.00021504,1.04,0.18
1659,0.00021512,0.9400000000000001,0.2
1660,0.0002152,0.84,0.22
1661,0.00021528,0.76,0.22
1662,0.00021536,0.7000000000000001,0.24
1663,0.00021544,0.64,0.26
1664,0.00021552,0.6,0.26
1665,0.0002156,0.56,0.28
1666,0.00021568,0.52,0.3
1667,0.00021576,0.5,0.3
1668,0.00021584,0.48,0.32
1669,0.00021592,0.48,0.32
1670,0.000216,0.46,0.34
1671,0.00021608,0.44,0.36
1672,0.00021616,0.44,0.36
1673,0.00021624,0.42,0.38
1674,0.00021632,0.44,0.38
1675,0.0002164,0.44,0.4
1676,0.00021648,0.42,0.42
1677,0.00021656,0.44,0.44
1678,0.00021664,0.44,0.44
1679,0.00021672,0.44,0.48
1680,0.0002168,0.46,0.48
1681,0.00021688,0.46,0.5
1682,0.00021696,0.46,0.5
1683,0.00021704,0.48,0.52
1684,0.00021712,0.48,0.54
1685,0.0002172,0.48,0.56
1686,0.00021728,0.5,0.56
1687,0.00021736,0.5,0.58
1688,0.00021744,0.52,0.6
1689,0.00021752,0.54,0.6
1690,0.0002176,0.56,0.62
1691,0.00021768,0.56,0.64
1692,0.00021776,0.56,0.62
1693,0.00021784,0.58,0.68
1694,0.00021792,0.6,0.68
1695,0.000218,0.6,0.7000000000000001
1696,0.00021808,0.62,0.7000000000000001
1697,0.00021816,0.62,0.7000000000000001
1698,0.00021824,0.64,0.74
1699,0.00021832,0.66,0.74
1700,0.0002184,0.66,0.76
1701,0.00021848,0.68,0.78
1702,0.00021856,0.68,0.8
1703,0.00021864,0.7000000000000001,0.8
1704,0.00021872,0.72,0.8200000000000001
1705,0.0002188,0.72,0.84
1706,0.00021888,0.72,0.86
1707,0.00021896,0.76,0.86
1708,0.00021904,0.76,0.86
1709,0.00021912,0.78,0.9
1710,0.0002192,0.78,0.9
1711,0.00021928,0.8,0.92
1712,0.00021936,0.8200000000000001,0.9400000000000001
1713,0.00021944,0.84,0.9400000000000001
1714,0.00021952,0.84,0.96
1715,0.0002196,0.86,0.98
1716,0.00021968,0.86,0.98
1717,0.00021976,0.88,1.0
1718,0.00021984,0.9,1.02
1719,0.00021992,0.9,1.02
1720,0.00022,0.92,1.04
1721,0.00022008,0.9400000000000001,1.06
1722,0.00022016,0.9400000000000001,1.06
1723,0.00022024,0.9400000000000001,1.08
1724,0.00022032,0.96,1.1
1725,0.0002204,0.96,1.1
1726,0.00022048,1.0,1.12
1727,0.00022056,1.0,1.1400000000000001
1728,0.00022064,1.02,1.16
1729,0.00022072,1.04,1.16
1730,0.0002208,1.04,1.18
1731,0.00022088,1.06,1.18
1732,0.00022096,1.08,1.2
1733,0.00022104,1.08,1.22
1734,0.00022112,1.1,1.24
1735,0.0002212,1.12,1.26
1736,0.00022128,1.12,1.26
1737,0.00022136,1.1400000000000001,1.28
1738,0.00022144,1.1400000000000001,1.3
1739,0.00022152,1.16,1.3
1740,0.0002216,1.16,1.32
1741,0.00022168,1.18,1.34
1742,0.00022176,1.2,1.36
1743,0.00022184,1.22,1.36
1744,0.00022192,1.22,1.3800000000000001
1745,0.000222,1.24,1.4000000000000001
1746,0.00022208,1.26,1.4000000000000001
1747,0.00022216,1.26,1.42
1748,0.00022224,1.26,1.44
1749,0.00022232,1.3,1.44
1750,0.0002224,1.3,1.46
1751,0.00022248,1.32,1.48
1752,0.00022256,1.32,1.48
1753,0.00022264,1.34,1.5
1754,0.00022272,1.36,1.52
1755,0.0002228,1.3800000000000001,1.54
1756,0.00022288,1.3800000000000001,1.54
1757,0.00022296,1.4000000000000001,1.56
1758,0.00022304,1.4000000000000001,1.56
1759,0.00022312,1.42,1.58
1760,0.0002232,1.44,1.6
1761,0.00022328,1.44,1.6
1762,0.00022336,1.46,1.62
1763,0.00022344,1.48,1.6400000000000001
1764,0.00022352,1.48,1.6400000000000001
1765,0.0002236,1.5,1.6600000000000001
1766,0.00022368,1.52,1.68
1767,0.00022376,1.54,1.7
1768,0.00022384,1.54,1.7
1769,0.00022392,1.56,1.72
1770,0.000224,1.56,1.74
1771,0.00022408,1.58,1.76
1772,0.00022416,1.6,1.76
1773,0.00022424,1.6,1.78
1774,0.00022432,1.62,1.78
1775,0.0002244,1.6400000000000001,1.8
1776,0.00022448,1.6400000000000001,1.82
1777,0.00022456,1.6600000000000001,1.82
1778,0.00022464,1.68,1.84
1779,0.00022472,1.68,1.86
1780,0.0002248,1.7,1.8800000000000001
1781,0.00022488,1.72,1.8800000000000001
1782,0.00022496,1.74,1.9000000000000001
1783,0.00022504,1.72,1.92
1784,0.00022512,1.74,1.94
1785,0.0002252,1.76,1.92
1786,0.00022528,1.78,1.96
1787,0.00022536,1.8,1.96
1788,0.00022544,1.8,2.0
1789,0.00022552,1.82,2.0
1790,0.0002256,1.84,2.02
1791,0.00022568,1.84,2.04
1792,0.00022576,1.86,2.04
1793,0.00022584,1.86,2.04
1794,0.00022592,1.8800000000000001,2.06
1795,0.000226,1.9000000000000001,2.08
1796,0.00022608,1.92,2.1
1797,0.00022616,1.92,2.12
1798,0.00022624,1.94,2.12
1799,0.00022632,1.96,2.14
1800,0.0002264,1.96,2.16
1801,0.00022648000000000001,1.98,2.18
1802,0.00022656,2.0,2.18
1803,0.00022664,2.0,2.18
1804,0.00022672,2.02,2.2
1805,0.0002268,2.04,2.22
1806,0.00022688,2.04,2.24
1807,0.00022696,2.06,2.24
1808,0.00022704,2.08,2.2600000000000002
1809,0.00022712,2.08,2.2800000000000002
1810,0.0002272,2.1,2.3000000000000003
1811,0.00022728,2.1,2.3000000000000003
1812,0.00022736,2.1,2.32
1813,0.00022744,2.12,2.34
1814,0.00022752,2.14,2.34
1815,0.0002276,2.18,2.36
1816,0.00022768,2.16,2.38
1817,0.00022776,2.18,2.38
1818,0.00022784,2.2,2.38
1819,0.00022792,2.22,2.42
1820,0.000228,2.22,2.44
1821,0.00022808,2.22,2.44
1822,0.00022816,2.2600000000000002,2.46
1823,0.00022824,2.2600000000000002,2.48
1824,0.00022832,2.2800000000000002,2.48
1825,0.0002284,2.3000000000000003,2.5
1826,0.00022848,2.3000000000000003,2.5
1827,0.00022856,2.3000000000000003,2.52
1828,0.00022864,2.32,2.52
1829,0.00022872,2.34,2.54
1830,0.0002288,2.36,2.56
1831,0.00022888,2.38,2.56
1832,0.00022896,2.38,2.58
1833,0.00022904,2.4,2.6
1834,0.00022912,2.4,2.62
1835,0.0002292,2.42,2.62
1836,0.00022928,2.44,2.64
1837,0.00022936,2.44,2.66
1838,0.00022944,2.46,2.66
1839,0.00022952,2.48,2.68
1840,0.0002296,2.48,2.7
1841,0.00022968,2.5,2.72
1842,0.00022976,2.52,2.72
1843,0.00022984,2.52,2.74
1844,0.00022992,2.52,2.7600000000000002
1845,0.00023,2.54,2.7600000000000002
1846,0.00023008,2.56,2.7800000000000002
1847,0.00023016,2.58,2.8000000000000003
1848,0.00023024,2.58,2.8000000000000003
1849,0.00023032,2.6,2.84
1850,0.0002304,2.62,2.82
1851,0.00023048,2.64,2.84
1852,0.00023056,2.64,2.86
1853,0.00023064,2.64,2.88
1854,0.00023072000000000001,2.66,2.9
1855,0.0002308,2.68,2.92
1856,0.00023088,2.68,2.92
1857,0.00023096,2.7,2.92
1858,0.00023104,2.7,2.94
1859,0.00023112,2.72,2.96
1860,0.0002312,2.7600000000000002,2.98
1861,0.00023128,2.7600000000000002,2.98
1862,0.00023136,2.7800000000000002,3.0
1863,0.00023144,2.7800000000000002,3.02
1864,0.00023152,2.7800000000000002,3.02
1865,0.0002316,2.8000000000000003,3.04
1866,0.00023168,2.82,3.04
1867,0.00023176,2.84,3.08
1868,0.00023184,2.84,3.08
1869,0.00023192,2.86,3.1
1870,0.000232,2.88,3.1
1871,0.00023208,2.88,3.12
1872,0.00023216,2.9,3.14
1873,0.00023224,2.92,3.16
1874,0.00023232,2.94,3.16
1875,0.0002324,2.94,3.2
1876,0.00023248,2.94,3.18
1877,0.00023256,2.96,3.2
1878,0.00023264,2.96,3.22
1879,0.00023272,2.98,3.24
1880,0.0002328,3.0,3.2600000000000002
1881,0.00023288,3.02,3.2600000000000002
1882,0.00023296,3.02,3.2800000000000002
1883,0.00023304,3.04,3.3000000000000003
1884,0.00023312,3.06,3.3000000000000003
1885,0.0002332,3.08,3.34
1886,0.00023328,3.08,3.34
1887,0.00023336,3.1,3.34
1888,0.00023344,3.12,3.36
1889,0.00023352,3.14,3.36
1890,0.0002336,3.14,3.38
1891,0.00023368,3.16,3.42
1892,0.00023376,3.18,3.42
1893,0.00023384,3.2,3.44
1894,0.00023392,3.2,3.46
1895,0.000234,3.2,3.46
1896,0.00023408,3.22,3.48
1897,0.00023416,3.22,3.48
1898,0.00023424,3.24,3.5
1899,0.00023432,3.2600000000000002,3.52
1900,0.0002344,3.2800000000000002,3.52
1901,0.00023448,3.3000000000000003,3.54
1902,0.00023456,3.3000000000000003,3.56
1903,0.00023464,3.3200000000000003,3.56
1904,0.00023472,3.3200000000000003,3.58
1905,0.0002348,3.34,3.6
1906,0.00023488,3.36,3.6
1907,0.00023496000000000001,3.38,3.62
1908,0.00023504,3.38,3.64
1909,0.00023512,3.4,3.64
1910,0.0002352,3.4,3.66
1911,0.00023528,3.42,3.68
1912,0.00023536,3.42,3.7
1913,0.00023544,3.44,3.7
1914,0.00023552,3.46,3.72
1915,0.0002356,3.48,3.74
1916,0.00023568,3.48,3.7600000000000002
1917,0.00023576,3.5,3.7800000000000002
1918,0.00023584,3.52,3.7800000000000002
1919,0.00023592,3.52,3.8000000000000003
1920,0.000236,3.54,3.8200000000000003
1921,0.00023608,3.56,3.8200000000000003
1922,0.00023616,3.58,3.84
1923,0.00023624,3.58,3.84
1924,0.00023632,3.58,3.86
1925,0.0002364,3.62,3.88
1926,0.00023648,3.62,3.9
1927,0.00023656,3.62,3.9
1928,0.00023664,3.66,3.92
1929,0.00023672,3.66,3.94
1930,0.0002368,3.68,3.94
1931,0.00023688,3.68,3.96
1932,0.00023696,3.7,3.96
1933,0.00023704,3.72,3.98
1934,0.00023712,3.72,4.0
1935,0.0002372,3.74,4.0200000000000005
1936,0.00023728,3.7600000000000002,4.0200000000000005
1937,0.00023736,3.7600000000000002,4.04
1938,0.00023744,3.7800000000000002,4.0600000000000005
1939,0.00023752,3.8000000000000003,4.0600000000000005
1940,0.0002376,3.8000000000000003,4.08
1941,0.00023768,3.8200000000000003,4.1
1942,0.00023776,3.8200000000000003,4.12
1943,0.00023784,3.84,4.12
1944,0.00023792,3.86,4.14
1945,0.000238,3.88,4.16
1946,0.00023808,3.88,4.16
1947,0.00023816,3.9,4.18
1948,0.00023824,3.92,4.2
1949,0.00023832,3.92,4.22
1950,0.0002384,3.94,4.22
1951,0.00023848,3.96,4.24
1952,0.00023856,3.96,4.24
1953,0.00023864,3.98,4.26
1954,0.00023872,3.98,4.28
1955,0.0002388,4.0,4.3
1956,0.00023888,4.0200000000000005,4.3
1957,0.00023896,4.04,4.32
1958,0.00023904,4.04,4.34
1959,0.00023912,4.0600000000000005,4.34
1960,0.00023920000000000001,4.08,4.36
1961,0.00023928,4.08,4.38
1962,0.00023936,4.1,4.4
1963,0.00023944,4.12,4.4
1964,0.00023952,4.12,4.42
1965,0.0002396,4.14,4.44
1966,0.00023968,4.14,4.46
1967,0.00023976,4.16,4.48
1968,0.00023984,4.18,4.48
1969,0.00023992,4.18,4.48
1970,0.00024,4.2,4.5
1971,0.00024008,4.22,4.5200000000000005
1972,0.00024016,4.22,4.54
1973,0.00024024,4.26,4.54
1974,0.00024032,4.26,4.5600000000000005
1975,0.0002404,4.26,4.5600000000000005
1976,0.00024048,4.28,4.58
1977,0.00024056,4.3,4.6000000000000005
1978,0.00024064,4.3,4.62
1979,0.00024072,4.32,4.62
1980,0.0002408,4.34,4.64
1981,0.00024088,4.36,4.66
1982,0.00024096,4.36,4.68
1983,0.00024104,4.38,4.68
1984,0.00024112,4.38,4.7
1985,0.0002412,4.4,4.72
1986,0.00024128,4.44,4.72
1987,0.00024136,4.42,4.74
1988,0.00024144,4.44,4.76
1989,0.00024152,4.46,4.78
1990,0.0002416,4.48,4.78
1991,0.00024168,4.48,4.8
1992,0.00024176,4.5200000000000005,4.82
1993,0.00024184,4.5,4.82
1994,0.00024192,4.5200000000000005,4.84
1995,0.000242,4.54,4.86
1996,0.00024208,4.54,4.86
1997,0.00024216,4.5600000000000005,4.88
1998,0.00024224,4.5600000000000005,4.9
1999,0.00024232,4.58,4.9
