,time,v1,v2
0,0.000146432,1.12,1.28
1,0.000146448,1.1400000000000001,1.3
2,0.00014646399999999999,1.1400000000000001,1.32
3,0.00014648,1.1400000000000001,1.34
4,0.000146496,1.16,1.36
5,0.000146512,1.16,1.34
6,0.000146528,1.1400000000000001,1.3800000000000001
7,0.000146544,1.16,1.3800000000000001
8,0.00014656,1.18,1.4000000000000001
9,0.000146576,1.18,1.42
10,0.000146592,1.18,1.42
11,0.000146608,1.2,1.44
12,0.00014662399999999998,1.2,1.44
13,0.00014664,1.2,1.44
14,0.000146656,1.22,1.48
15,0.000146672,1.22,1.48
16,0.000146688,1.22,1.48
17,0.000146704,1.24,1.52
18,0.00014672,1.24,1.52
19,0.00014673599999999999,1.24,1.52
20,0.000146752,1.26,1.56
21,0.000146768,1.26,1.56
22,0.000146784,1.26,1.58
23,0.0001468,1.28,1.6
24,0.000146816,1.28,1.6
25,0.000146832,1.3,1.62
26,0.000146848,1.3,1.6400000000000001
27,0.000146864,1.32,1.6400000000000001
28,0.00014688,1.32,1.6400000000000001
29,0.00014689599999999998,1.32,1.6600000000000001
30,0.000146912,1.32,1.68
31,0.000146928,1.34,1.7
32,0.000146944,1.34,1.72
33,0.00014696,1.36,1.72
34,0.000146976,1.3800000000000001,1.74
35,0.000146992,1.3800000000000001,1.76
36,0.00014700799999999999,1.3800000000000001,1.76
37,0.000147024,1.4000000000000001,1.78
38,0.00014704,1.4000000000000001,1.8
39,0.000147056,1.42,1.8
40,0.000147072,1.42,1.82
41,0.000147088,1.44,1.84
42,0.000147104,1.44,1.84
43,0.00014712,1.44,1.86
44,0.000147136,1.46,1.86
45,0.000147152,1.48,1.8800000000000001
46,0.00014716799999999998,1.48,1.9000000000000001
47,0.000147184,1.5,1.92
48,0.0001472,1.5,1.92
49,0.000147216,1.52,1.94
50,0.000147232,1.52,1.94
51,0.000147248,1.52,1.96
52,0.000147264,1.54,1.98
53,0.00014727999999999999,1.56,2.0
54,0.000147296,1.56,2.02
55,0.000147312,1.58,2.02
56,0.000147328,1.6,2.04
57,0.000147344,1.6,2.04
58,0.00014736,1.62,2.06
59,0.000147376,1.6,2.08
60,0.000147392,1.6400000000000001,2.08
61,0.000147408,1.6400000000000001,2.08
62,0.000147424,1.6600000000000001,2.12
63,0.00014743999999999998,1.6600000000000001,2.12
64,0.000147456,1.68,2.14
65,0.000147472,1.68,2.16
66,0.000147488,1.7,2.18
67,0.000147504,1.7,2.18
68,0.00014752,1.72,2.2
69,0.000147536,1.74,2.22
70,0.00014755199999999999,1.74,2.2
71,0.000147568,1.76,2.24
72,0.000147584,1.78,2.24
73,0.0001476,1.78,2.2600000000000002
74,0.000147616,1.8,2.2800000000000002
75,0.000147632,1.8,2.2800000000000002
76,0.000147648,1.8,2.3000000000000003
77,0.000147664,1.82,2.32
78,0.00014768,1.84,2.32
79,0.000147696,1.84,2.34
80,0.00014771199999999998,1.86,2.36
81,0.000147728,1.8800000000000001,2.38
82,0.000147744,1.8800000000000001,2.38
83,0.00014776,1.9000000000000001,2.4
84,0.000147776,1.9000000000000001,2.42
85,0.000147792,1.92,2.42
86,0.000147808,1.92,2.44
87,0.00014782399999999999,1.96,2.44
88,0.00014784,1.96,2.46
89,0.000147856,1.96,2.48
90,0.000147872,1.98,2.48
91,0.000147888,1.98,2.5
92,0.000147904,2.0,2.52
93,0.00014792,2.02,2.52
94,0.000147936,2.02,2.54
95,0.000147952,2.04,2.54
96,0.000147968,2.06,2.58
97,0.00014798399999999998,2.06,2.58
98,0.000148,2.08,2.6
99,0.000148016,2.08,2.6
100,0.000148032,2.1,2.62
101,0.000148048,2.12,2.62
102,0.000148064,2.12,2.64
103,0.00014808,2.14,2.66
104,0.00014809599999999999,2.14,2.66
105,0.000148112,2.16,2.7
106,0.000148128,2.16,2.7
107,0.000148144,2.18,2.7
108,0.00014816,2.2,2.72
109,0.000148176,2.2,2.74
110,0.000148192,2.22,2.7600000000000002
111,0.000148208,2.22,2.7600000000000002
112,0.000148224,2.24,2.7600000000000002
113,0.00014824,2.24,2.7800000000000002
114,0.00014825599999999998,2.2800000000000002,2.8000000000000003
115,0.000148272,2.2600000000000002,2.8000000000000003
116,0.000148288,2.3000000000000003,2.82
117,0.000148304,2.3000000000000003,2.86
118,0.00014832,2.32,2.86
119,0.000148336,2.32,2.86
120,0.000148352,2.34,2.88
121,0.00014836799999999999,2.36,2.88
122,0.000148384,2.36,2.9
123,0.0001484,2.38,2.92
124,0.000148416,2.38,2.92
125,0.000148432,2.4,2.94
126,0.000148448,2.42,2.96
127,0.000148464,2.42,2.98
128,0.00014848,2.44,3.0
129,0.000148496,2.44,3.0
130,0.000148512,2.46,3.02
131,0.00014852799999999998,2.48,3.02
132,0.000148544,2.48,3.04
133,0.00014856,2.5,3.06
134,0.000148576,2.5,3.08
135,0.000148592,2.5,3.08
136,0.000148608,2.52,3.1
137,0.000148624,2.54,3.1
138,0.00014863999999999999,2.54,3.12
139,0.000148656,2.56,3.14
140,0.000148672,2.58,3.14
141,0.000148688,2.58,3.16
142,0.000148704,2.6,3.16
143,0.00014872,2.6,3.2
144,0.000148736,2.62,3.22
145,0.000148752,2.64,3.22
146,0.000148768,2.64,3.24
147,0.000148784,2.66,3.24
148,0.00014879999999999998,2.68,3.2600000000000002
149,0.000148816,2.68,3.2600000000000002
150,0.000148832,2.7,3.2800000000000002
151,0.000148848,2.72,3.3000000000000003
152,0.000148864,2.72,3.3000000000000003
153,0.00014888,2.7600000000000002,3.34
154,0.000148896,2.74,3.34
155,0.00014891199999999999,2.7600000000000002,3.34
156,0.000148928,2.7800000000000002,3.38
157,0.000148944,2.7800000000000002,3.38
158,0.00014896,2.8000000000000003,3.38
159,0.000148976,2.8000000000000003,3.4
160,0.000148992,2.82,3.42
161,0.000149008,2.84,3.44
162,0.000149024,2.86,3.46
163,0.00014904,2.86,3.46
164,0.000149056,2.86,3.46
165,0.00014907199999999998,2.88,3.48
166,0.000149088,2.9,3.5
167,0.000149104,2.92,3.5
168,0.00014912,2.92,3.52
169,0.000149136,2.94,3.54
170,0.000149152,2.94,3.54
171,0.000149168,2.96,3.56
172,0.000149184,2.96,3.58
173,0.0001492,2.98,3.6
174,0.000149216,3.0,3.6
175,0.000149232,3.0,3.62
176,0.000149248,3.02,3.64
177,0.000149264,3.04,3.64
178,0.00014928,3.04,3.66
179,0.000149296,3.06,3.68
180,0.000149312,3.08,3.68
181,0.000149328,3.1,3.7
182,0.00014934399999999999,3.1,3.72
183,0.00014936,3.12,3.72
184,0.000149376,3.12,3.74
185,0.000149392,3.14,3.74
186,0.000149408,3.16,3.7600000000000002
187,0.000149424,3.16,3.7800000000000002
188,0.00014944,3.18,3.8000000000000003
189,0.000149456,3.18,3.8000000000000003
190,0.000149472,3.2,3.8200000000000003
191,0.000149488,3.22,3.84
192,0.000149504,3.22,3.84
193,0.00014952,3.24,3.86
194,0.000149536,3.2600000000000002,3.88
195,0.000149552,3.2800000000000002,3.9
196,0.000149568,3.2800000000000002,3.9
197,0.000149584,3.3000000000000003,3.9
198,0.0001496,3.3000000000000003,3.94
199,0.00014961599999999999,3.3200000000000003,3.94
200,0.000149632,3.34,3.96
201,0.000149648,3.34,3.96
202,0.000149664,3.36,3.98
203,0.00014968,3.36,3.98
204,0.000149696,3.38,4.0
205,0.000149712,3.4,4.0200000000000005
206,0.000149728,3.4,4.04
207,0.000149744,3.42,4.04
208,0.00014976,3.42,4.0600000000000005
209,0.00014977599999999998,3.44,4.0600000000000005
210,0.000149792,3.46,4.1
211,0.000149808,3.48,4.12
212,0.000149824,3.48,4.1
213,0.00014984,3.5,4.12
214,0.000149856,3.5,4.14
215,0.000149872,3.52,4.16
216,0.00014988799999999999,3.54,4.16
217,0.000149904,3.54,4.18
218,0.00014992,3.54,4.2
219,0.000149936,3.56,4.2
220,0.000149952,3.58,4.24
221,0.000149968,3.6,4.22
222,0.000149984,3.6,4.24
223,0.00015,3.62,4.26
224,0.000150016,3.64,4.26
225,0.000150032,3.66,4.28
226,0.00015004799999999998,3.66,4.3
227,0.000150064,3.66,4.3
228,0.00015008,3.68,4.32
229,0.000150096,3.68,4.34
230,0.000150112,3.7,4.38
231,0.000150128,3.72,4.38
232,0.000150144,3.72,4.38
233,0.00015015999999999999,3.74,4.4
234,0.000150176,3.7600000000000002,4.4
235,0.000150192,3.7600000000000002,4.42
236,0.000150208,3.7800000000000002,4.44
237,0.000150224,3.8000000000000003,4.46
238,0.00015024,3.8000000000000003,4.46
239,0.000150256,3.8200000000000003,4.48
240,0.000150272,3.84,4.5
241,0.000150288,3.84,4.5
242,0.000150304,3.84,4.5200000000000005
243,0.00015031999999999998,3.86,4.54
244,0.000150336,3.9,4.54
245,0.000150352,3.9,4.5600000000000005
246,0.000150368,3.9,4.58
247,0.000150384,3.92,4.58
248,0.0001504,3.92,4.6000000000000005
249,0.000150416,3.94,4.6000000000000005
250,0.00015043199999999999,3.96,4.62
251,0.000150448,3.96,4.62
252,0.000150464,3.98,4.66
253,0.00015048,4.0,4.66
254,0.000150496,4.0,4.66
255,0.000150512,4.0200000000000005,4.7
256,0.000150528,4.04,4.7
257,0.000150544,4.04,4.72
258,0.00015056,4.0600000000000005,4.74
259,0.000150576,4.08,4.74
260,0.00015059199999999998,4.08,4.76
261,0.000150608,4.1,4.78
262,0.000150624,4.1,4.78
263,0.00015064,4.12,4.8
264,0.000150656,4.14,4.82
265,0.000150672,4.14,4.84
266,0.000150688,4.16,4.84
267,0.00015070399999999999,4.18,4.86
268,0.00015072,4.18,4.86
269,0.000150736,4.2,4.88
270,0.000150752,4.22,4.9
271,0.000150768,4.22,4.9
272,0.000150784,4.24,4.92
273,0.0001508,4.24,4.92
274,0.000150816,4.26,4.94
275,0.000150832,4.28,0.86
276,0.000150848,4.22,0.88
277,0.00015086399999999998,4.08,0.26
278,0.00015088,3.98,-0.04
279,0.000150896,3.86,0.02
280,0.000150912,3.74,0.2
281,0.000150928,3.62,0.22
282,0.000150944,3.5,0.16
283,0.00015096,3.4,0.16
284,0.00015097599999999999,3.3000000000000003,0.18
285,0.000150992,3.22,0.22
286,0.000151008,3.12,0.22
287,0.000151024,3.02,0.22
288,0.00015104,2.94,0.24
289,0.000151056,2.86,0.26
290,0.000151072,2.7800000000000002,0.26
291,0.000151088,2.7,0.28
292,0.000151104,2.64,0.28
293,0.00015112,2.56,0.3
294,0.00015113599999999998,2.5,0.3
295,0.000151152,2.42,0.32
296,0.000151168,2.38,0.34
297,0.000151184,2.3000000000000003,0.34
298,0.0001512,2.24,0.36
299,0.000151216,2.18,0.36
300,0.000151232,2.14,0.38
301,0.00015124799999999999,2.1,0.38
302,0.000151264,2.04,0.4
303,0.00015128,1.98,0.42
304,0.000151296,1.94,0.42
305,0.000151312,1.9000000000000001,0.44
306,0.000151328,1.86,0.46
307,0.000151344,1.82,0.48
308,0.00015136,1.78,0.48
309,0.000151376,1.76,0.5
310,0.000151392,1.72,0.5
311,0.00015140799999999998,1.68,0.52
312,0.000151424,1.6400000000000001,0.54
313,0.00015144,1.6,0.54
314,0.000151456,1.56,0.56
315,0.000151472,1.56,0.56
316,0.000151488,1.52,0.58
317,0.000151504,1.5,0.6
318,0.00015151999999999999,1.48,0.6
319,0.000151536,1.44,0.62
320,0.000151552,1.42,0.62
321,0.000151568,1.4000000000000001,0.64
322,0.000151584,1.3800000000000001,0.64
323,0.0001516,1.3800000000000001,0.68
324,0.000151616,1.34,0.68
325,0.000151632,1.32,0.7000000000000001
326,0.000151648,1.32,0.7000000000000001
327,0.000151664,1.3,0.72
328,0.00015167999999999998,1.28,0.74
329,0.000151696,1.26,0.76
330,0.000151712,1.24,0.76
331,0.000151728,1.24,0.76
332,0.000151744,1.22,0.78
333,0.00015176,1.22,0.8
334,0.000151776,1.2,0.8200000000000001
335,0.00015179199999999999,1.18,0.8200000000000001
336,0.000151808,1.18,0.8200000000000001
337,0.000151824,1.16,0.86
338,0.00015184,1.16,0.86
339,0.000151856,1.16,0.88
340,0.000151872,1.16,0.9
341,0.000151888,1.12,0.9
342,0.000151904,1.1400000000000001,0.92
343,0.00015192,1.12,0.9400000000000001
344,0.000151936,1.12,0.9400000000000001
345,0.00015195199999999998,1.12,0.96
346,0.000151968,1.12,0.98
347,0.000151984,1.12,0.98
348,0.000152,1.12,0.98
349,0.000152016,1.1,1.0
350,0.000152032,1.1,1.02
351,0.000152048,1.08,1.02
352,0.00015206399999999999,1.08,1.06
353,0.00015208,1.1,1.06
354,0.000152096,1.1,1.08
355,0.000152112,1.1,1.1
356,0.000152128,1.1,1.1
357,0.000152144,1.1,1.12
358,0.00015216,1.1,1.12
359,0.000152176,1.1,1.1400000000000001
360,0.000152192,1.1,1.16
361,0.000152208,1.1,1.16
362,0.00015222399999999998,1.1,1.18
363,0.00015224,1.1,1.2
364,0.000152256,1.12,1.2
365,0.000152272,1.12,1.22
366,0.000152288,1.12,1.24
367,0.000152304,1.12,1.26
368,0.00015232,1.12,1.26
369,0.00015233599999999999,1.12,1.28
370,0.000152352,1.12,1.3
371,0.000152368,1.1400000000000001,1.28
372,0.000152384,1.1400000000000001,1.32
373,0.0001524,1.1400000000000001,1.34
374,0.000152416,1.1400000000000001,1.36
375,0.000152432,1.1400000000000001,1.36
376,0.000152448,1.16,1.3800000000000001
377,0.000152464,1.16,1.3800000000000001
378,0.00015248,1.18,1.3800000000000001
379,0.00015249599999999998,1.18,1.42
380,0.000152512,1.18,1.42
381,0.000152528,1.18,1.42
382,0.000152544,1.2,1.44
383,0.00015256,1.2,1.46
384,0.000152576,1.2,1.48
385,0.000152592,1.22,1.48
386,0.00015260799999999999,1.22,1.48
387,0.000152624,1.22,1.52
388,0.00015264,1.24,1.52
389,0.00015265599999999998,1.22,1.52
390,0.000152672,1.26,1.56
391,0.000152688,1.26,1.56
392,0.000152704,1.26,1.56
393,0.00015272,1.28,1.58
394,0.000152736,1.28,1.6
395,0.000152752,1.3,1.62
396,0.00015276799999999998,1.3,1.62
397,0.000152784,1.3,1.6400000000000001
398,0.0001528,1.32,1.6600000000000001
399,0.000152816,1.32,1.68
400,0.000152832,1.34,1.68
401,0.000152848,1.34,1.68
402,0.000152864,1.34,1.7
403,0.00015287999999999999,1.36,1.72
404,0.000152896,1.36,1.74
405,0.000152912,1.3800000000000001,1.76
406,0.00015292799999999998,1.4000000000000001,1.76
407,0.000152944,1.4000000000000001,1.78
408,0.00015296,1.42,1.78
409,0.000152976,1.42,1.8
410,0.000152992,1.42,1.8
411,0.000153008,1.44,1.82
412,0.000153024,1.44,1.84
413,0.00015303999999999998,1.46,1.86
414,0.000153056,1.46,1.8800000000000001
415,0.000153072,1.48,1.8800000000000001
416,0.000153088,1.48,1.9000000000000001
417,0.000153104,1.5,1.9000000000000001
418,0.00015312,1.5,1.92
419,0.000153136,1.52,1.94
420,0.000153152,1.52,1.94
421,0.000153168,1.54,1.98
422,0.000153184,1.56,1.98
423,0.00015319999999999998,1.56,2.0
424,0.000153216,1.58,2.0
425,0.000153232,1.58,2.02
426,0.000153248,1.58,2.04
427,0.000153264,1.6,2.04
428,0.00015328,1.6,2.06
429,0.000153296,1.62,2.06
430,0.00015331199999999998,1.6400000000000001,2.08
431,0.000153328,1.6400000000000001,2.1
432,0.000153344,1.6600000000000001,2.1
433,0.00015336,1.6600000000000001,2.12
434,0.000153376,1.68,2.14
435,0.000153392,1.7,2.16
436,0.000153408,1.7,2.18
437,0.000153424,1.7,2.18
438,0.00015344,1.72,2.2
439,0.000153456,1.72,2.2
440,0.00015347199999999998,1.74,2.2
441,0.000153488,1.76,2.22
442,0.000153504,1.78,2.24
443,0.00015352,1.78,2.2600000000000002
444,0.000153536,1.78,2.2800000000000002
445,0.000153552,1.8,2.2800000000000002
446,0.000153568,1.82,2.3000000000000003
447,0.00015358399999999999,1.82,2.3000000000000003
448,0.0001536,1.84,2.32
449,0.000153616,1.86,2.34
450,0.000153632,1.86,2.36
451,0.000153648,1.86,2.36
452,0.000153664,1.8800000000000001,2.38
453,0.00015368,1.8800000000000001,2.38
454,0.000153696,1.9000000000000001,2.4
455,0.000153712,1.92,2.42
456,0.000153728,1.94,2.44
457,0.00015374399999999998,1.94,2.44
458,0.00015376,1.94,2.46
459,0.000153776,1.96,2.48
460,0.000153792,1.98,2.48
461,0.000153808,1.98,2.5
462,0.000153824,2.0,2.5
463,0.00015384,2.02,2.52
464,0.00015385599999999999,2.02,2.52
465,0.000153872,2.04,2.56
466,0.000153888,2.04,2.56
467,0.000153904,2.04,2.56
468,0.00015392,2.08,2.58
469,0.000153936,2.08,2.6
470,0.000153952,2.1,2.62
471,0.000153968,2.1,2.64
472,0.000153984,2.12,2.66
473,0.000154,2.14,2.64
474,0.00015401599999999998,2.14,2.66
475,0.000154032,2.16,2.68
476,0.000154048,2.16,2.68
477,0.000154064,2.18,2.7
478,0.00015408,2.2,2.74
479,0.000154096,2.2,2.74
480,0.000154112,2.22,2.74
481,0.00015412799999999999,2.22,2.7600000000000002
482,0.000154144,2.24,2.7600000000000002
483,0.00015416,2.2600000000000002,2.8000000000000003
484,0.000154176,2.2600000000000002,2.8000000000000003
485,0.000154192,2.2800000000000002,2.8000000000000003
486,0.000154208,2.2800000000000002,2.82
487,0.000154224,2.3000000000000003,2.84
488,0.00015424,2.32,2.84
489,0.000154256,2.32,2.88
490,0.000154272,2.34,2.88
491,0.00015428799999999998,2.34,2.9
492,0.000154304,2.36,2.9
493,0.00015432,2.36,2.92
494,0.000154336,2.38,2.92
495,0.000154352,2.4,2.94
496,0.000154368,2.4,2.94
497,0.000154384,2.42,2.98
498,0.00015439999999999999,2.44,2.98
499,0.000154416,2.44,3.0
500,0.000154432,2.46,3.0
501,0.000154448,2.46,3.02
502,0.000154464,2.48,3.02
503,0.00015448,2.5,3.06
504,0.000154496,2.48,3.06
505,0.000154512,2.52,3.08
506,0.000154528,2.52,3.08
507,0.000154544,2.52,3.1
508,0.00015455999999999998,2.54,3.12
509,0.000154576,2.56,3.12
510,0.000154592,2.58,3.16
511,0.000154608,2.58,3.16
512,0.000154624,2.58,3.18
513,0.00015464,2.6,3.2
514,0.000154656,2.62,3.18
515,0.00015467199999999999,2.62,3.2
516,0.000154688,2.64,3.22
517,0.000154704,2.66,3.24
518,0.00015472,2.66,3.2600000000000002
519,0.000154736,2.68,3.2800000000000002
520,0.000154752,2.7,3.2800000000000002
521,0.000154768,2.72,3.3000000000000003
522,0.000154784,2.72,3.3000000000000003
523,0.0001548,2.74,3.3200000000000003
524,0.000154816,2.74,3.34
525,0.00015483199999999998,2.74,3.34
526,0.000154848,2.7600000000000002,3.36
527,0.000154864,2.7800000000000002,3.38
528,0.00015488,2.8000000000000003,3.4
529,0.000154896,2.8000000000000003,3.42
530,0.000154912,2.82,3.42
531,0.000154928,2.84,3.42
532,0.00015494399999999999,2.86,3.44
533,0.00015496,2.86,3.46
534,0.000154976,2.86,3.46
535,0.000154992,2.88,3.48
536,0.000155008,2.9,3.5
537,0.000155024,2.9,3.5
538,0.00015504,2.92,3.52
539,0.000155056,2.94,3.54
540,0.000155072,2.94,3.54
541,0.000155088,2.96,3.56
542,0.00015510399999999998,2.96,3.56
543,0.00015512,3.0,3.58
544,0.000155136,2.98,3.6
545,0.000155152,3.02,3.62
546,0.000155168,3.02,3.62
547,0.000155184,3.04,3.64
548,0.0001552,3.04,3.66
549,0.00015521599999999999,3.06,3.66
550,0.000155232,3.08,3.68
551,0.000155248,3.08,3.7
552,0.000155264,3.1,3.7
553,0.00015528,3.1,3.72
554,0.000155296,3.12,3.74
555,0.000155312,3.14,3.74
556,0.000155328,3.14,3.7600000000000002
557,0.000155344,3.16,3.7800000000000002
558,0.00015536,3.18,3.7800000000000002
559,0.00015537599999999998,3.18,3.8000000000000003
560,0.000155392,3.2,3.8200000000000003
561,0.000155408,3.22,3.84
562,0.000155424,3.24,3.84
563,0.00015544,3.24,3.86
564,0.000155456,3.2600000000000002,3.88
565,0.000155472,3.2800000000000002,3.88
566,0.00015548799999999999,3.2800000000000002,3.9
567,0.000155504,3.3000000000000003,3.9
568,0.00015552,3.3000000000000003,3.92
569,0.000155536,3.3200000000000003,3.94
570,0.000155552,3.34,3.94
571,0.000155568,3.34,3.96
572,0.000155584,3.36,3.96
573,0.0001556,3.36,4.0
574,0.000155616,3.4,4.0200000000000005
575,0.000155632,3.38,4.0200000000000005
576,0.00015564799999999998,3.42,4.0200000000000005
577,0.000155664,3.42,4.0600000000000005
578,0.00015568,3.42,4.0600000000000005
579,0.000155696,3.44,4.0600000000000005
580,0.000155712,3.44,4.1
581,0.000155728,3.46,4.1
582,0.000155744,3.48,4.1
583,0.00015575999999999999,3.5,4.12
584,0.000155776,3.5,4.14
585,0.000155792,3.52,4.14
586,0.000155808,3.52,4.16
587,0.000155824,3.54,4.18
588,0.00015584,3.54,4.18
589,0.000155856,3.56,4.2
590,0.000155872,3.58,4.22
591,0.000155888,3.58,4.22
592,0.000155904,3.6,4.24
593,0.00015591999999999998,3.62,4.26
594,0.000155936,3.62,4.26
595,0.000155952,3.64,4.28
596,0.000155968,3.64,4.3
597,0.000155984,3.66,4.3
598,0.000156,3.68,4.32
599,0.000156016,3.68,4.34
600,0.00015603199999999999,3.7,4.34
601,0.000156048,3.72,4.36
602,0.000156064,3.72,4.38
603,0.00015608,3.74,4.4
604,0.000156096,3.74,4.42
605,0.000156112,3.7600000000000002,4.42
606,0.000156128,3.7800000000000002,4.44
607,0.000156144,3.8000000000000003,4.44
608,0.00015616,3.8000000000000003,4.46
609,0.000156176,3.8000000000000003,4.48
610,0.00015619199999999998,3.8200000000000003,4.48
611,0.000156208,3.84,4.5
612,0.000156224,3.86,4.5200000000000005
613,0.00015624,3.86,4.54
614,0.000156256,3.88,4.54
615,0.000156272,3.9,4.5600000000000005
616,0.000156288,3.9,4.58
617,0.00015630399999999999,3.92,4.58
618,0.00015632,3.92,4.6000000000000005
619,0.000156336,3.94,4.62
620,0.000156352,3.96,4.62
621,0.000156368,3.96,4.64
622,0.000156384,3.98,4.64
623,0.0001564,3.98,4.66
624,0.000156416,4.0,4.66
625,0.000156432,4.0200000000000005,4.68
626,0.000156448,4.0200000000000005,4.72
627,0.00015646399999999998,4.0600000000000005,4.72
628,0.00015648,4.0600000000000005,4.72
629,0.000156496,4.0600000000000005,4.74
630,0.000156512,4.1,4.74
631,0.000156528,4.1,4.76
632,0.000156544,4.1,4.78
633,0.00015656,4.12,4.8
634,0.00015657599999999999,4.14,4.8
635,0.000156592,4.14,4.82
636,0.000156608,4.16,4.82
637,0.000156624,4.16,4.86
638,0.00015664,4.18,4.86
639,0.000156656,4.2,4.86
640,0.000156672,4.2,4.88
641,0.000156688,4.22,4.9
642,0.000156704,4.24,4.92
643,0.00015672,4.26,4.92
644,0.00015673599999999998,4.26,4.94
645,0.000156752,4.28,0.84
646,0.000156768,4.22,0.88
647,0.000156784,4.0600000000000005,0.26
648,0.0001568,3.96,-0.04
649,0.000156816,3.86,0.0
650,0.000156832,3.74,0.2
651,0.00015684799999999999,3.62,0.22
652,0.000156864,3.52,0.16
653,0.00015688,3.4,0.14
654,0.000156896,3.3000000000000003,0.18
655,0.000156912,3.2,0.2
656,0.000156928,3.12,0.22
657,0.000156944,3.02,0.22
658,0.00015696,2.94,0.24
659,0.000156976,2.86,0.24
660,0.000156992,2.7800000000000002,0.26
661,0.00015700799999999998,2.7,0.28
662,0.000157024,2.62,0.28
663,0.00015704,2.56,0.28
664,0.000157056,2.48,0.3
665,0.000157072,2.44,0.3
666,0.000157088,2.36,0.34
667,0.000157104,2.32,0.32
668,0.00015712,2.24,0.34
669,0.000157136,2.2,0.38
670,0.000157152,2.14,0.36
671,0.000157168,2.08,0.4
672,0.000157184,2.04,0.4
673,0.0001572,1.98,0.4
674,0.000157216,1.94,0.42
675,0.000157232,1.9000000000000001,0.42
676,0.000157248,1.86,0.44
677,0.000157264,1.82,0.46
678,0.00015727999999999998,1.78,0.48
679,0.000157296,1.74,0.5
680,0.000157312,1.72,0.5
681,0.000157328,1.68,0.52
682,0.000157344,1.6400000000000001,0.52
683,0.00015736,1.6,0.52
684,0.000157376,1.58,0.54
685,0.000157392,1.54,0.56
686,0.000157408,1.52,0.56
687,0.000157424,1.48,0.58
688,0.00015744,1.46,0.6
689,0.000157456,1.46,0.6
690,0.000157472,1.42,0.62
691,0.000157488,1.4000000000000001,0.64
692,0.000157504,1.3800000000000001,0.64
693,0.00015752,1.36,0.66
694,0.000157536,1.34,0.66
695,0.00015755199999999999,1.32,0.7000000000000001
696,0.000157568,1.32,0.7000000000000001
697,0.000157584,1.28,0.7000000000000001
698,0.0001576,1.28,0.74
699,0.000157616,1.26,0.74
700,0.000157632,1.24,0.76
701,0.000157648,1.24,0.78
702,0.000157664,1.22,0.78
703,0.00015768,1.2,0.8
704,0.000157696,1.2,0.8200000000000001
705,0.000157712,1.18,0.8200000000000001
706,0.000157728,1.18,0.8200000000000001
707,0.000157744,1.16,0.86
708,0.00015776,1.1400000000000001,0.86
709,0.000157776,1.16,0.86
710,0.000157792,1.1400000000000001,0.88
711,0.000157808,1.1400000000000001,0.9
712,0.00015782399999999999,1.1400000000000001,0.92
713,0.00015784,1.1400000000000001,0.9400000000000001
714,0.000157856,1.12,0.9400000000000001
715,0.000157872,1.12,0.96
716,0.000157888,1.12,0.96
717,0.000157904,1.1,0.98
718,0.00015792,1.08,1.0
719,0.000157936,1.1,1.0
720,0.000157952,1.1,1.02
721,0.000157968,1.1,1.04
722,0.000157984,1.1,1.04
723,0.000158,1.1,1.06
724,0.000158016,1.08,1.08
725,0.000158032,1.1,1.08
726,0.000158048,1.1,1.1
727,0.000158064,1.1,1.12
728,0.00015808,1.1,1.12
729,0.00015809599999999999,1.1,1.1400000000000001
730,0.000158112,1.08,1.1400000000000001
731,0.000158128,1.1,1.18
732,0.000158144,1.1,1.18
733,0.00015816,1.1,1.2
734,0.000158176,1.1,1.2
735,0.000158192,1.1,1.22
736,0.000158208,1.12,1.22
737,0.000158224,1.12,1.24
738,0.00015824,1.12,1.24
739,0.000158256,1.12,1.26
740,0.000158272,1.12,1.28
741,0.000158288,1.1400000000000001,1.3
742,0.000158304,1.1400000000000001,1.3
743,0.00015832,1.1400000000000001,1.34
744,0.000158336,1.1400000000000001,1.34
745,0.000158352,1.1400000000000001,1.36
746,0.00015836799999999999,1.16,1.36
747,0.000158384,1.16,1.3800000000000001
748,0.0001584,1.16,1.4000000000000001
749,0.000158416,1.18,1.42
750,0.000158432,1.18,1.42
751,0.000158448,1.2,1.42
752,0.000158464,1.2,1.44
753,0.00015848,1.2,1.46
754,0.000158496,1.2,1.46
755,0.000158512,1.22,1.48
756,0.000158528,1.2,1.5
757,0.000158544,1.22,1.5
758,0.00015856,1.22,1.52
759,0.000158576,1.24,1.54
760,0.000158592,1.26,1.56
761,0.000158608,1.26,1.56
762,0.000158624,1.26,1.58
763,0.00015863999999999999,1.28,1.6
764,0.000158656,1.28,1.6
765,0.000158672,1.28,1.62
766,0.000158688,1.3,1.62
767,0.000158704,1.3,1.6400000000000001
768,0.00015872,1.32,1.6600000000000001
769,0.000158736,1.32,1.6600000000000001
770,0.000158752,1.32,1.68
771,0.000158768,1.34,1.7
772,0.000158784,1.34,1.7
773,0.0001588,1.36,1.72
774,0.000158816,1.36,1.72
775,0.000158832,1.36,1.74
776,0.000158848,1.3800000000000001,1.76
777,0.000158864,1.3800000000000001,1.78
778,0.00015888,1.4000000000000001,1.78
779,0.000158896,1.42,1.8
780,0.00015891199999999999,1.42,1.82
781,0.000158928,1.42,1.82
782,0.000158944,1.44,1.84
783,0.00015896,1.46,1.86
784,0.000158976,1.46,1.86
785,0.000158992,1.48,1.8800000000000001
786,0.000159008,1.48,1.9000000000000001
787,0.000159024,1.48,1.9000000000000001
788,0.00015904,1.5,1.92
789,0.000159056,1.5,1.92
790,0.000159072,1.5,1.92
791,0.000159088,1.54,1.96
792,0.000159104,1.54,1.98
793,0.00015912,1.56,1.98
794,0.000159136,1.56,2.0
795,0.000159152,1.58,2.02
796,0.000159168,1.58,2.02
797,0.00015918399999999999,1.6,2.04
798,0.0001592,1.6,2.04
799,0.000159216,1.6,2.06
800,0.000159232,1.6400000000000001,2.1
801,0.000159248,1.6400000000000001,2.08
802,0.000159264,1.6600000000000001,2.1
803,0.00015928,1.6600000000000001,2.12
804,0.000159296,1.6600000000000001,2.14
805,0.000159312,1.68,2.14
806,0.000159328,1.7,2.16
807,0.000159344,1.72,2.16
808,0.00015936,1.72,2.18
809,0.000159376,1.74,2.18
810,0.000159392,1.74,2.22
811,0.000159408,1.76,2.22
812,0.000159424,1.76,2.24
813,0.00015944,1.78,2.2600000000000002
814,0.00015945599999999999,1.78,2.2600000000000002
815,0.000159472,1.8,2.2800000000000002
816,0.000159488,1.82,2.3000000000000003
817,0.000159504,1.82,2.3000000000000003
818,0.00015952,1.84,2.32
819,0.000159536,1.84,2.34
820,0.000159552,1.86,2.34
821,0.000159568,1.86,2.36
822,0.000159584,1.8800000000000001,2.36
823,0.0001596,1.9000000000000001,2.38
824,0.000159616,1.9000000000000001,2.4
825,0.000159632,1.92,2.42
826,0.000159648,1.92,2.42
827,0.000159664,1.92,2.44
828,0.00015968,1.94,2.46
829,0.000159696,1.96,2.46
830,0.000159712,1.96,2.48
831,0.00015972799999999999,1.98,2.48
832,0.000159744,2.0,2.5
833,0.00015976,2.02,2.5
834,0.000159776,2.0,2.52
835,0.000159792,2.04,2.54
836,0.000159808,2.04,2.54
837,0.000159824,2.06,2.58
838,0.00015984,2.06,2.58
839,0.000159856,2.08,2.6
840,0.000159872,2.1,2.6
841,0.000159888,2.1,2.6
842,0.000159904,2.1,2.62
843,0.00015992,2.12,2.64
844,0.000159936,2.12,2.66
845,0.000159952,2.16,2.66
846,0.000159968,2.14,2.68
847,0.000159984,2.16,2.7
848,0.00015999999999999999,2.18,2.72
849,0.000160016,2.2,2.72
850,0.000160032,2.22,2.74
851,0.000160048,2.22,2.74
852,0.000160064,2.22,2.7600000000000002
853,0.00016008,2.24,2.7800000000000002
854,0.000160096,2.2600000000000002,2.7800000000000002
855,0.000160112,2.2800000000000002,2.82
856,0.000160128,2.2800000000000002,2.82
857,0.000160144,2.2800000000000002,2.82
858,0.00016016,2.3000000000000003,2.86
859,0.000160176,2.3000000000000003,2.86
860,0.000160192,2.34,2.86
861,0.000160208,2.34,2.88
862,0.000160224,2.36,2.88
863,0.00016024,2.36,2.92
864,0.000160256,2.38,2.92
865,0.00016027199999999999,2.4,2.94
866,0.000160288,2.38,2.94
867,0.000160304,2.42,2.96
868,0.00016032,2.42,2.98
869,0.000160336,2.42,2.98
870,0.000160352,2.44,3.0
871,0.000160368,2.46,3.02
872,0.000160384,2.48,3.02
873,0.0001604,2.48,3.04
874,0.000160416,2.48,3.06
875,0.000160432,2.5,3.06
876,0.000160448,2.52,3.08
877,0.000160464,2.52,3.1
878,0.00016048,2.54,3.12
879,0.000160496,2.54,3.12
880,0.000160512,2.58,3.14
881,0.000160528,2.58,3.16
882,0.00016054399999999999,2.58,3.16
883,0.00016056,2.62,3.18
884,0.000160576,2.6,3.2
885,0.000160592,2.62,3.22
886,0.000160608,2.64,3.22
887,0.000160624,2.64,3.24
888,0.00016064,2.66,3.24
889,0.000160656,2.68,3.2800000000000002
890,0.000160672,2.7,3.2800000000000002
891,0.000160688,2.7,3.3000000000000003
892,0.000160704,2.7,3.3000000000000003
893,0.00016072,2.72,3.3200000000000003
894,0.000160736,2.74,3.34
895,0.000160752,2.74,3.34
896,0.000160768,2.7800000000000002,3.36
897,0.000160784,2.7800000000000002,3.38
898,0.0001608,2.7800000000000002,3.38
899,0.00016081599999999999,2.8000000000000003,3.4
900,0.000160832,2.82,3.42
901,0.000160848,2.84,3.42
902,0.00016086399999999998,2.84,3.44
903,0.00016088,2.86,3.46
904,0.000160896,2.86,3.46
905,0.000160912,2.88,3.46
906,0.000160928,2.9,3.48
907,0.000160944,2.9,3.5
908,0.00016096,2.92,3.5
909,0.000160976,2.92,3.52
910,0.000160992,2.94,3.54
911,0.000161008,2.94,3.56
912,0.000161024,2.96,3.56
913,0.00016104,2.98,3.58
914,0.000161056,3.0,3.6
915,0.000161072,3.0,3.6
916,0.00016108799999999999,3.0,3.62
917,0.000161104,3.02,3.64
918,0.00016112,3.04,3.66
919,0.00016113599999999998,3.06,3.66
920,0.000161152,3.06,3.68
921,0.000161168,3.08,3.68
922,0.000161184,3.1,3.7
923,0.0001612,3.1,3.72
924,0.000161216,3.12,3.74
925,0.000161232,3.12,3.74
926,0.00016124799999999998,3.14,3.7600000000000002
927,0.000161264,3.16,3.7800000000000002
928,0.00016128,3.18,3.7800000000000002
929,0.000161296,3.18,3.8000000000000003
930,0.000161312,3.2,3.8200000000000003
931,0.000161328,3.2,3.84
932,0.000161344,3.22,3.84
933,0.00016136,3.22,3.84
934,0.000161376,3.24,3.86
935,0.000161392,3.24,3.88
936,0.00016140799999999998,3.2600000000000002,3.88
937,0.000161424,3.2800000000000002,3.9
938,0.00016144,3.3000000000000003,3.92
939,0.000161456,3.3000000000000003,3.94
940,0.000161472,3.3200000000000003,3.94
941,0.000161488,3.3200000000000003,3.96
942,0.000161504,3.34,3.96
943,0.00016151999999999998,3.36,3.98
944,0.000161536,3.38,4.0
945,0.000161552,3.38,4.0200000000000005
946,0.000161568,3.4,4.0200000000000005
947,0.000161584,3.4,4.04
948,0.0001616,3.44,4.04
949,0.000161616,3.44,4.0600000000000005
950,0.000161632,3.44,4.08
951,0.000161648,3.46,4.08
952,0.000161664,3.46,4.1
953,0.00016167999999999998,3.48,4.12
954,0.000161696,3.5,4.12
955,0.000161712,3.52,4.14
956,0.000161728,3.52,4.16
957,0.000161744,3.54,4.16
958,0.00016176,3.54,4.18
959,0.000161776,3.56,4.2
960,0.000161792,3.56,4.2
961,0.000161808,3.58,4.22
962,0.000161824,3.6,4.24
963,0.00016184,3.62,4.24
964,0.000161856,3.62,4.26
965,0.000161872,3.64,4.28
966,0.000161888,3.64,4.28
967,0.000161904,3.66,4.3
968,0.00016192,3.66,4.32
969,0.000161936,3.68,4.32
970,0.00016195199999999998,3.7,4.34
971,0.000161968,3.72,4.36
972,0.000161984,3.72,4.38
973,0.000162,3.74,4.38
974,0.000162016,3.74,4.4
975,0.000162032,3.7600000000000002,4.42
976,0.000162048,3.7800000000000002,4.42
977,0.000162064,3.7800000000000002,4.44
978,0.00016208,3.8000000000000003,4.46
979,0.000162096,3.8000000000000003,4.46
980,0.000162112,3.8200000000000003,4.48
981,0.000162128,3.84,4.5
982,0.000162144,3.84,4.5
983,0.00016216,3.86,4.5200000000000005
984,0.000162176,3.88,4.54
985,0.000162192,3.88,4.54
986,0.000162208,3.9,4.5600000000000005
987,0.00016222399999999998,3.92,4.58
988,0.00016224,3.94,4.58
989,0.000162256,3.94,4.6000000000000005
990,0.000162272,3.94,4.62
991,0.000162288,3.96,4.62
992,0.000162304,3.98,4.64
993,0.00016232,4.0,4.66
994,0.000162336,4.0200000000000005,4.66
995,0.000162352,4.0200000000000005,4.68
996,0.000162368,4.04,4.7
997,0.000162384,4.04,4.72
998,0.0001624,4.04,4.72
999,0.000162416,4.0600000000000005,4.74
1000,0.000162432,4.0600000000000005,4.76
1001,0.000162448,4.08,4.76
1002,0.000162464,4.1,4.76
1003,0.00016248,4.12,4.78
1004,0.00016249599999999998,4.12,4.8
1005,0.000162512,4.14,4.82
1006,0.000162528,4.14,4.82
1007,0.000162544,4.16,4.84
1008,0.00016256,4.18,4.86
1009,0.000162576,4.18,4.88
1010,0.000162592,4.2,4.88
1011,0.000162608,4.22,4.9
1012,0.000162624,4.24,4.9
1013,0.00016264,4.26,4.92
1014,0.000162656,4.26,4.94
1015,0.000162672,4.26,4.58
1016,0.000162688,4.28,-0.04
1017,0.000162704,4.2,-0.04
1018,0.00016272,4.04,0.2
1019,0.000162736,3.9,0.34
1020,0.000162752,3.7800000000000002,0.16
1021,0.00016276799999999998,3.66,0.08
1022,0.000162784,3.56,0.12
1023,0.0001628,3.46,0.2
1024,0.000162816,3.36,0.2
1025,0.000162832,3.2600000000000002,0.2
1026,0.000162848,3.16,0.18
1027,0.000162864,3.06,0.22
1028,0.00016288,2.98,0.24
1029,0.000162896,2.9,0.24
1030,0.000162912,2.82,0.26
1031,0.000162928,2.74,0.26
1032,0.000162944,2.66,0.28
1033,0.00016296,2.6,0.28
1034,0.000162976,2.52,0.3
1035,0.000162992,2.46,0.3
1036,0.000163008,2.38,0.32
1037,0.000163024,2.34,0.34
1038,0.00016303999999999998,2.2800000000000002,0.34
1039,0.000163056,2.22,0.36
1040,0.000163072,2.16,0.38
1041,0.000163088,2.12,0.38
1042,0.000163104,2.06,0.4
1043,0.00016312,2.02,0.4
1044,0.000163136,1.98,0.42
1045,0.000163152,1.92,0.42
1046,0.000163168,1.8800000000000001,0.44
1047,0.000163184,1.84,0.44
1048,0.0001632,1.8,0.48
1049,0.000163216,1.76,0.48
1050,0.000163232,1.72,0.5
1051,0.000163248,1.7,0.52
1052,0.000163264,1.6600000000000001,0.52
1053,0.00016328,1.62,0.52
1054,0.000163296,1.6,0.54
1055,0.00016331199999999998,1.56,0.56
1056,0.000163328,1.54,0.56
1057,0.000163344,1.5,0.58
1058,0.00016336,1.48,0.6
1059,0.000163376,1.46,0.6
1060,0.000163392,1.44,0.6
1061,0.000163408,1.42,0.64
1062,0.000163424,1.4000000000000001,0.66
1063,0.00016344,1.3800000000000001,0.66
1064,0.000163456,1.36,0.66
1065,0.000163472,1.34,0.68
1066,0.000163488,1.3,0.7000000000000001
1067,0.000163504,1.3,0.72
1068,0.00016352,1.28,0.72
1069,0.000163536,1.26,0.74
1070,0.000163552,1.24,0.76
1071,0.000163568,1.24,0.76
1072,0.00016358399999999998,1.22,0.78
1073,0.0001636,1.22,0.8
1074,0.000163616,1.2,0.78
1075,0.000163632,1.2,0.8200000000000001
1076,0.000163648,1.18,0.84
1077,0.000163664,1.18,0.84
1078,0.00016368,1.16,0.84
1079,0.000163696,1.16,0.86
1080,0.000163712,1.16,0.88
1081,0.000163728,1.1400000000000001,0.9
1082,0.000163744,1.12,0.9
1083,0.00016376,1.1400000000000001,0.92
1084,0.000163776,1.12,0.9400000000000001
1085,0.000163792,1.12,0.96
1086,0.000163808,1.12,0.96
1087,0.000163824,1.12,0.98
1088,0.00016384,1.1,0.98
1089,0.00016385599999999998,1.1,1.0
1090,0.000163872,1.1,1.02
1091,0.000163888,1.08,1.02
1092,0.000163904,1.1,1.04
1093,0.00016392,1.1,1.04
1094,0.000163936,1.1,1.06
1095,0.000163952,1.1,1.08
1096,0.00016396799999999999,1.1,1.08
1097,0.000163984,1.1,1.1
1098,0.000164,1.1,1.12
1099,0.000164016,1.1,1.1400000000000001
1100,0.000164032,1.1,1.1400000000000001
1101,0.000164048,1.1,1.16
1102,0.000164064,1.08,1.18
1103,0.00016408,1.1,1.18
1104,0.000164096,1.1,1.2
1105,0.000164112,1.12,1.2
1106,0.00016412799999999998,1.12,1.22
1107,0.000164144,1.12,1.22
1108,0.00016416,1.12,1.26
1109,0.000164176,1.12,1.26
1110,0.000164192,1.12,1.26
1111,0.000164208,1.12,1.3
1112,0.000164224,1.1400000000000001,1.3
1113,0.00016423999999999999,1.1400000000000001,1.32
1114,0.000164256,1.1400000000000001,1.34
1115,0.000164272,1.1400000000000001,1.34
1116,0.000164288,1.16,1.36
1117,0.000164304,1.16,1.36
1118,0.00016432,1.16,1.3800000000000001
1119,0.000164336,1.18,1.4000000000000001
1120,0.000164352,1.18,1.42
1121,0.000164368,1.18,1.42
1122,0.000164384,1.18,1.42
1123,0.00016439999999999998,1.2,1.44
1124,0.000164416,1.2,1.48
1125,0.000164432,1.2,1.46
1126,0.000164448,1.2,1.5
1127,0.000164464,1.22,1.5
1128,0.00016448,1.22,1.52
1129,0.000164496,1.24,1.54
1130,0.00016451199999999999,1.24,1.56
1131,0.000164528,1.26,1.56
1132,0.000164544,1.26,1.56
1133,0.00016456,1.28,1.58
1134,0.000164576,1.28,1.58
1135,0.000164592,1.28,1.6
1136,0.000164608,1.3,1.62
1137,0.000164624,1.3,1.6400000000000001
1138,0.00016464,1.32,1.6400000000000001
1139,0.000164656,1.32,1.6600000000000001
1140,0.00016467199999999998,1.32,1.68
1141,0.000164688,1.34,1.68
1142,0.000164704,1.34,1.68
1143,0.00016472,1.34,1.7
1144,0.000164736,1.36,1.72
1145,0.000164752,1.3800000000000001,1.72
1146,0.000164768,1.36,1.76
1147,0.00016478399999999999,1.4000000000000001,1.78
1148,0.0001648,1.42,1.76
1149,0.000164816,1.4000000000000001,1.8
1150,0.000164832,1.42,1.8
1151,0.000164848,1.42,1.8
1152,0.000164864,1.44,1.82
1153,0.00016488,1.46,1.84
1154,0.000164896,1.46,1.86
1155,0.000164912,1.48,1.8800000000000001
1156,0.000164928,1.48,1.8800000000000001
1157,0.00016494399999999998,1.48,1.9000000000000001
1158,0.00016496,1.48,1.92
1159,0.000164976,1.5,1.94
1160,0.000164992,1.52,1.92
1161,0.000165008,1.52,1.94
1162,0.000165024,1.54,1.96
1163,0.00016504,1.56,1.98
1164,0.00016505599999999999,1.56,2.0
1165,0.000165072,1.56,2.0
1166,0.000165088,1.58,2.02
1167,0.000165104,1.58,2.02
1168,0.00016512,1.6,2.04
1169,0.000165136,1.62,2.06
1170,0.000165152,1.6400000000000001,2.08
1171,0.000165168,1.6400000000000001,2.08
1172,0.000165184,1.6400000000000001,2.1
1173,0.0001652,1.6400000000000001,2.12
1174,0.00016521599999999998,1.68,2.14
1175,0.000165232,1.68,2.14
1176,0.000165248,1.68,2.14
1177,0.000165264,1.7,2.16
1178,0.00016528,1.72,2.18
1179,0.000165296,1.72,2.2
1180,0.000165312,1.72,2.2
1181,0.000165328,1.74,2.2
1182,0.000165344,1.76,2.24
1183,0.00016536,1.78,2.24
1184,0.000165376,1.76,2.2600000000000002
1185,0.000165392,1.78,2.2800000000000002
1186,0.000165408,1.8,2.3000000000000003
1187,0.000165424,1.82,2.3000000000000003
1188,0.00016544,1.82,2.32
1189,0.000165456,1.84,2.32
1190,0.000165472,1.84,2.34
1191,0.00016548799999999998,1.86,2.36
1192,0.000165504,1.86,2.38
1193,0.00016552,1.8800000000000001,2.38
1194,0.000165536,1.9000000000000001,2.4
1195,0.000165552,1.9000000000000001,2.4
1196,0.000165568,1.92,2.42
1197,0.000165584,1.94,2.44
1198,0.0001656,1.94,2.46
1199,0.000165616,1.96,2.46
1200,0.000165632,1.96,2.48
1201,0.000165648,1.98,2.48
1202,0.000165664,2.0,2.5
1203,0.00016568,2.0,2.52
1204,0.000165696,2.02,2.52
1205,0.000165712,2.02,2.54
1206,0.000165728,2.02,2.54
1207,0.000165744,2.06,2.56
1208,0.00016575999999999999,2.06,2.58
1209,0.000165776,2.08,2.58
1210,0.000165792,2.08,2.6
1211,0.000165808,2.08,2.62
1212,0.000165824,2.1,2.62
1213,0.00016584,2.12,2.64
1214,0.000165856,2.14,2.64
1215,0.000165872,2.14,2.66
1216,0.000165888,2.16,2.68
1217,0.000165904,2.16,2.7
1218,0.00016592,2.18,2.7
1219,0.000165936,2.18,2.72
1220,0.000165952,2.2,2.74
1221,0.000165968,2.22,2.7600000000000002
1222,0.000165984,2.24,2.7600000000000002
1223,0.000166,2.24,2.7600000000000002
1224,0.000166016,2.24,2.7800000000000002
1225,0.00016603199999999999,2.2600000000000002,2.8000000000000003
1226,0.000166048,2.2800000000000002,2.8000000000000003
1227,0.000166064,2.3000000000000003,2.82
1228,0.00016608,2.2800000000000002,2.84
1229,0.000166096,2.32,2.86
1230,0.000166112,2.32,2.88
1231,0.000166128,2.34,2.88
1232,0.000166144,2.36,2.9
1233,0.00016616,2.36,2.92
1234,0.000166176,2.38,2.92
1235,0.000166192,2.38,2.92
1236,0.000166208,2.4,2.94
1237,0.000166224,2.42,2.96
1238,0.00016624,2.4,2.98
1239,0.000166256,2.44,2.98
1240,0.000166272,2.44,3.0
1241,0.000166288,2.46,3.02
1242,0.00016630399999999999,2.46,3.02
1243,0.00016632,2.48,3.04
1244,0.000166336,2.48,3.04
1245,0.000166352,2.5,3.06
1246,0.000166368,2.52,3.08
1247,0.000166384,2.52,3.08
1248,0.0001664,2.54,3.12
1249,0.000166416,2.54,3.12
1250,0.000166432,2.56,3.12
1251,0.000166448,2.58,3.14
1252,0.000166464,2.6,3.18
1253,0.00016648,2.6,3.18
1254,0.000166496,2.6,3.18
1255,0.000166512,2.62,3.2
1256,0.000166528,2.64,3.22
1257,0.000166544,2.64,3.24
1258,0.00016656,2.66,3.24
1259,0.00016657599999999999,2.68,3.2600000000000002
1260,0.000166592,2.7,3.2600000000000002
1261,0.000166608,2.7,3.2800000000000002
1262,0.000166624,2.7,3.3000000000000003
1263,0.00016664,2.72,3.3200000000000003
1264,0.000166656,2.74,3.3200000000000003
1265,0.000166672,2.74,3.34
1266,0.000166688,2.7600000000000002,3.36
1267,0.000166704,2.7800000000000002,3.36
1268,0.00016672,2.7800000000000002,3.38
1269,0.000166736,2.8000000000000003,3.38
1270,0.000166752,2.8000000000000003,3.4
1271,0.000166768,2.82,3.42
1272,0.000166784,2.82,3.44
1273,0.0001668,2.84,3.46
1274,0.000166816,2.86,3.46
1275,0.000166832,2.88,3.46
1276,0.00016684799999999999,2.88,3.48
1277,0.000166864,2.9,3.5
1278,0.00016688,2.9,3.52
1279,0.000166896,2.92,3.52
1280,0.000166912,2.94,3.54
1281,0.000166928,2.94,3.54
1282,0.000166944,2.96,3.58
1283,0.00016696,2.96,3.58
1284,0.000166976,2.98,3.58
1285,0.000166992,3.0,3.6
1286,0.000167008,3.0,3.62
1287,0.000167024,3.02,3.64
1288,0.00016704,3.04,3.64
1289,0.000167056,3.04,3.66
1290,0.000167072,3.06,3.68
1291,0.000167088,3.08,3.68
1292,0.000167104,3.08,3.7
1293,0.00016711999999999999,3.1,3.72
1294,0.000167136,3.12,3.72
1295,0.000167152,3.12,3.74
1296,0.000167168,3.14,3.7600000000000002
1297,0.000167184,3.16,3.7800000000000002
1298,0.0001672,3.16,3.7800000000000002
1299,0.000167216,3.18,3.8000000000000003
1300,0.000167232,3.18,3.8000000000000003
1301,0.000167248,3.22,3.8200000000000003
1302,0.000167264,3.22,3.84
1303,0.00016728,3.22,3.84
1304,0.000167296,3.24,3.86
1305,0.000167312,3.2600000000000002,3.88
1306,0.000167328,3.2600000000000002,3.88
1307,0.000167344,3.2800000000000002,3.9
1308,0.00016736,3.3000000000000003,3.92
1309,0.000167376,3.3200000000000003,3.92
1310,0.00016739199999999999,3.3200000000000003,3.94
1311,0.000167408,3.3200000000000003,3.96
1312,0.000167424,3.34,3.98
1313,0.00016744,3.36,4.0
1314,0.000167456,3.36,4.0
1315,0.000167472,3.38,4.0
1316,0.000167488,3.4,4.0200000000000005
1317,0.000167504,3.42,4.04
1318,0.00016752,3.42,4.04
1319,0.000167536,3.44,4.0600000000000005
1320,0.000167552,3.44,4.08
1321,0.000167568,3.44,4.08
1322,0.000167584,3.46,4.1
1323,0.0001676,3.48,4.12
1324,0.000167616,3.48,4.12
1325,0.000167632,3.52,4.14
1326,0.000167648,3.52,4.14
1327,0.00016766399999999999,3.54,4.16
1328,0.00016768,3.54,4.18
1329,0.000167696,3.56,4.2
1330,0.000167712,3.58,4.2
1331,0.000167728,3.58,4.24
1332,0.000167744,3.58,4.24
1333,0.00016776,3.62,4.26
1334,0.000167776,3.62,4.26
1335,0.000167792,3.62,4.28
1336,0.000167808,3.64,4.28
1337,0.000167824,3.64,4.3
1338,0.00016784,3.68,4.32
1339,0.000167856,3.68,4.34
1340,0.000167872,3.7,4.34
1341,0.000167888,3.7,4.36
1342,0.000167904,3.72,4.36
1343,0.00016792,3.74,4.38
1344,0.00016793599999999999,3.7600000000000002,4.4
1345,0.000167952,3.7600000000000002,4.42
1346,0.000167968,3.7800000000000002,4.42
1347,0.00016798399999999998,3.7800000000000002,4.44
1348,0.000168,3.8000000000000003,4.44
1349,0.000168016,3.8200000000000003,4.46
1350,0.000168032,3.84,4.48
1351,0.000168048,3.8200000000000003,4.48
1352,0.000168064,3.86,4.5
1353,0.00016808,3.86,4.5200000000000005
1354,0.000168096,3.88,4.5200000000000005
1355,0.000168112,3.9,4.54
1356,0.000168128,3.9,4.5600000000000005
1357,0.000168144,3.92,4.5600000000000005
1358,0.00016816,3.94,4.58
1359,0.000168176,3.94,4.6000000000000005
1360,0.000168192,3.94,4.62
1361,0.00016820799999999999,3.96,4.62
1362,0.000168224,3.96,4.64
1363,0.00016824,3.98,4.64
1364,0.00016825599999999998,4.0,4.66
1365,0.000168272,4.0,4.68
1366,0.000168288,4.04,4.68
1367,0.000168304,4.0200000000000005,4.7
1368,0.00016832,4.04,4.7
1369,0.000168336,4.0600000000000005,4.74
1370,0.000168352,4.08,4.74
1371,0.000168368,4.08,4.76
1372,0.000168384,4.1,4.78
1373,0.0001684,4.1,4.78
1374,0.000168416,4.12,4.8
1375,0.000168432,4.14,4.8
1376,0.000168448,4.14,4.82
1377,0.000168464,4.18,4.84
1378,0.00016847999999999999,4.18,4.86
1379,0.000168496,4.18,4.86
1380,0.000168512,4.2,4.88
1381,0.00016852799999999998,4.22,4.9
1382,0.000168544,4.22,4.9
1383,0.00016856,4.24,4.92
1384,0.000168576,4.24,4.92
1385,0.000168592,4.26,4.94
1386,0.000168608,4.28,0.78
1387,0.000168624,4.22,0.86
1388,0.00016864,4.08,0.26
1389,0.000168656,3.98,-0.04
1390,0.000168672,3.86,0.0
1391,0.000168688,3.74,0.2
1392,0.000168704,3.62,0.22
1393,0.00016872,3.5,0.16
1394,0.000168736,3.42,0.16
1395,0.00016875199999999999,3.3000000000000003,0.18
1396,0.000168768,3.22,0.22
1397,0.000168784,3.12,0.22
1398,0.00016879999999999998,3.02,0.22
1399,0.000168816,2.94,0.22
1400,0.000168832,2.86,0.24
1401,0.000168848,2.7800000000000002,0.24
1402,0.000168864,2.7,0.28
1403,0.00016888,2.64,0.28
1404,0.000168896,2.56,0.3
1405,0.000168912,2.5,0.3
1406,0.000168928,2.44,0.32
1407,0.000168944,2.36,0.32
1408,0.00016896,2.3000000000000003,0.34
1409,0.000168976,2.24,0.34
1410,0.000168992,2.2,0.36
1411,0.000169008,2.14,0.38
1412,0.00016902399999999999,2.1,0.38
1413,0.00016904,2.04,0.4
1414,0.000169056,2.0,0.42
1415,0.00016907199999999998,1.94,0.42
1416,0.000169088,1.9000000000000001,0.44
1417,0.000169104,1.86,0.46
1418,0.00016912,1.82,0.46
1419,0.000169136,1.78,0.48
1420,0.000169152,1.74,0.48
1421,0.000169168,1.72,0.48
1422,0.000169184,1.68,0.52
1423,0.0001692,1.6400000000000001,0.52
1424,0.000169216,1.6,0.54
1425,0.000169232,1.58,0.56
1426,0.000169248,1.56,0.56
1427,0.000169264,1.52,0.58
1428,0.00016928,1.5,0.6
1429,0.00016929599999999999,1.48,0.6
1430,0.000169312,1.46,0.62
1431,0.000169328,1.42,0.62
1432,0.00016934399999999998,1.4000000000000001,0.64
1433,0.00016936,1.3800000000000001,0.66
1434,0.000169376,1.36,0.66
1435,0.000169392,1.34,0.68
1436,0.000169408,1.32,0.7000000000000001
1437,0.000169424,1.3,0.7000000000000001
1438,0.00016944,1.3,0.72
1439,0.000169456,1.26,0.74
1440,0.000169472,1.24,0.74
1441,0.000169488,1.24,0.76
1442,0.000169504,1.24,0.76
1443,0.00016952,1.22,0.78
1444,0.000169536,1.2,0.8
1445,0.000169552,1.2,0.8200000000000001
1446,0.000169568,1.2,0.84
1447,0.000169584,1.18,0.84
1448,0.0001696,1.16,0.86
1449,0.00016961599999999998,1.16,0.86
1450,0.000169632,1.16,0.88
1451,0.000169648,1.1400000000000001,0.9
1452,0.000169664,1.1400000000000001,0.9
1453,0.00016968,1.12,0.92
1454,0.000169696,1.1400000000000001,0.92
1455,0.000169712,1.12,0.96
1456,0.000169728,1.12,0.96
1457,0.000169744,1.12,0.98
1458,0.00016976,1.12,0.98
1459,0.000169776,1.1,0.98
1460,0.000169792,1.1,1.0
1461,0.000169808,1.1,1.02
1462,0.000169824,1.1,1.04
1463,0.00016984,1.1,1.04
1464,0.000169856,1.1,1.06
1465,0.000169872,1.08,1.08
1466,0.00016988799999999998,1.08,1.08
1467,0.000169904,1.1,1.08
1468,0.00016992,1.1,1.12
1469,0.000169936,1.1,1.12
1470,0.000169952,1.1,1.12
1471,0.000169968,1.08,1.16
1472,0.000169984,1.1,1.16
1473,0.00017,1.1,1.18
1474,0.000170016,1.12,1.2
1475,0.000170032,1.12,1.2
1476,0.000170048,1.1,1.2
1477,0.000170064,1.12,1.22
1478,0.00017008,1.1,1.24
1479,0.000170096,1.12,1.26
1480,0.000170112,1.12,1.28
1481,0.000170128,1.12,1.28
1482,0.000170144,1.1400000000000001,1.28
1483,0.00017015999999999998,1.1400000000000001,1.32
1484,0.000170176,1.1400000000000001,1.34
1485,0.000170192,1.1400000000000001,1.34
1486,0.000170208,1.16,1.36
1487,0.000170224,1.16,1.3800000000000001
1488,0.00017024,1.16,1.3800000000000001
1489,0.000170256,1.16,1.4000000000000001
1490,0.000170272,1.18,1.4000000000000001
1491,0.000170288,1.18,1.42
1492,0.000170304,1.2,1.44
1493,0.00017032,1.2,1.44
1494,0.000170336,1.2,1.46
1495,0.000170352,1.2,1.48
1496,0.000170368,1.22,1.48
1497,0.000170384,1.24,1.5
1498,0.0001704,1.24,1.5
1499,0.000170416,1.24,1.52
1500,0.00017043199999999998,1.24,1.54
1501,0.000170448,1.26,1.54
1502,0.000170464,1.26,1.56
1503,0.00017048,1.26,1.58
1504,0.000170496,1.28,1.6
1505,0.000170512,1.28,1.6
1506,0.000170528,1.3,1.62
1507,0.000170544,1.3,1.6400000000000001
1508,0.00017056,1.3,1.62
1509,0.000170576,1.32,1.6600000000000001
1510,0.000170592,1.32,1.68
1511,0.000170608,1.32,1.68
1512,0.000170624,1.34,1.7
1513,0.00017064,1.34,1.72
1514,0.000170656,1.36,1.72
1515,0.000170672,1.3800000000000001,1.74
1516,0.000170688,1.3800000000000001,1.76
1517,0.00017070399999999998,1.3800000000000001,1.76
1518,0.00017072,1.4000000000000001,1.78
1519,0.000170736,1.42,1.78
1520,0.000170752,1.42,1.8
1521,0.000170768,1.42,1.82
1522,0.000170784,1.44,1.82
1523,0.0001708,1.44,1.84
1524,0.000170816,1.44,1.86
1525,0.000170832,1.48,1.86
1526,0.000170848,1.48,1.8800000000000001
1527,0.000170864,1.48,1.8800000000000001
1528,0.00017088,1.5,1.92
1529,0.000170896,1.5,1.92
1530,0.000170912,1.52,1.94
1531,0.000170928,1.52,1.96
1532,0.000170944,1.54,1.94
1533,0.00017096,1.56,1.98
1534,0.00017097599999999998,1.56,1.98
1535,0.000170992,1.56,2.0
1536,0.000171008,1.58,2.02
1537,0.000171024,1.58,2.04
1538,0.00017104,1.6,2.04
1539,0.000171056,1.62,2.06
1540,0.000171072,1.62,2.06
1541,0.000171088,1.6400000000000001,2.08
1542,0.000171104,1.6400000000000001,2.1
1543,0.00017112,1.6600000000000001,2.12
1544,0.000171136,1.6600000000000001,2.12
1545,0.000171152,1.68,2.14
1546,0.000171168,1.68,2.14
1547,0.000171184,1.7,2.18
1548,0.0001712,1.72,2.18
1549,0.000171216,1.72,2.18
1550,0.000171232,1.74,2.2
1551,0.00017124799999999998,1.74,2.22
1552,0.000171264,1.76,2.22
1553,0.00017128,1.76,2.24
1554,0.000171296,1.78,2.2600000000000002
1555,0.000171312,1.8,2.2600000000000002
1556,0.000171328,1.8,2.2800000000000002
1557,0.000171344,1.82,2.3000000000000003
1558,0.00017136,1.82,2.3000000000000003
1559,0.000171376,1.84,2.32
1560,0.000171392,1.84,2.32
1561,0.000171408,1.86,2.36
1562,0.000171424,1.86,2.36
1563,0.00017144,1.8800000000000001,2.36
1564,0.000171456,1.9000000000000001,2.38
1565,0.000171472,1.9000000000000001,2.4
1566,0.000171488,1.92,2.4
1567,0.000171504,1.94,2.44
1568,0.00017151999999999998,1.94,2.42
1569,0.000171536,1.94,2.44
1570,0.000171552,1.96,2.46
1571,0.000171568,1.98,2.48
1572,0.000171584,2.0,2.48
1573,0.0001716,2.0,2.5
1574,0.000171616,2.02,2.52
1575,0.000171632,2.02,2.54
1576,0.000171648,2.04,2.54
1577,0.000171664,2.06,2.56
1578,0.00017168,2.06,2.56
1579,0.000171696,2.08,2.58
1580,0.000171712,2.08,2.6
1581,0.000171728,2.1,2.6
1582,0.000171744,2.12,2.62
1583,0.00017176,2.12,2.64
1584,0.000171776,2.12,2.66
1585,0.00017179199999999998,2.14,2.66
1586,0.000171808,2.16,2.68
1587,0.000171824,2.16,2.68
1588,0.00017184,2.18,2.72
1589,0.000171856,2.18,2.72
1590,0.000171872,2.2,2.74
1591,0.000171888,2.2,2.74
1592,0.000171904,2.22,2.7600000000000002
1593,0.00017192,2.24,2.7600000000000002
1594,0.000171936,2.2600000000000002,2.7800000000000002
1595,0.000171952,2.2600000000000002,2.8000000000000003
1596,0.000171968,2.2600000000000002,2.8000000000000003
1597,0.000171984,2.3000000000000003,2.82
1598,0.000172,2.3000000000000003,2.84
1599,0.000172016,2.32,2.86
1600,0.000172032,2.3000000000000003,2.86
1601,0.000172048,2.34,2.88
1602,0.00017206399999999998,2.34,2.9
1603,0.00017208,2.36,2.9
1604,0.000172096,2.38,2.92
1605,0.000172112,2.38,2.92
1606,0.000172128,2.4,2.94
1607,0.000172144,2.4,2.96
1608,0.00017216,2.42,2.98
1609,0.000172176,2.44,2.98
1610,0.000172192,2.44,2.98
1611,0.000172208,2.46,3.0
1612,0.000172224,2.46,3.02
1613,0.00017224,2.48,3.04
1614,0.000172256,2.5,3.06
1615,0.000172272,2.48,3.06
1616,0.000172288,2.5,3.08
1617,0.000172304,2.52,3.08
1618,0.00017232,2.54,3.08
1619,0.00017233599999999998,2.54,3.12
1620,0.000172352,2.56,3.12
1621,0.000172368,2.58,3.14
1622,0.000172384,2.58,3.16
1623,0.0001724,2.58,3.18
1624,0.000172416,2.6,3.18
1625,0.000172432,2.62,3.2
1626,0.000172448,2.62,3.2
1627,0.000172464,2.64,3.22
1628,0.00017248,2.66,3.24
1629,0.000172496,2.68,3.2600000000000002
1630,0.000172512,2.68,3.2800000000000002
1631,0.000172528,2.68,3.2800000000000002
1632,0.000172544,2.7,3.2800000000000002
1633,0.00017256,2.72,3.3000000000000003
1634,0.000172576,2.72,3.3200000000000003
1635,0.000172592,2.7600000000000002,3.34
1636,0.00017260799999999998,2.7600000000000002,3.34
1637,0.000172624,2.7800000000000002,3.36
1638,0.00017264,2.7800000000000002,3.36
1639,0.000172656,2.8000000000000003,3.38
1640,0.000172672,2.8000000000000003,3.4
1641,0.000172688,2.82,3.4
1642,0.000172704,2.84,3.44
1643,0.00017272,2.84,3.44
1644,0.000172736,2.86,3.46
1645,0.000172752,2.86,3.46
1646,0.000172768,2.9,3.48
1647,0.000172784,2.9,3.48
1648,0.0001728,2.9,3.5
1649,0.000172816,2.92,3.52
1650,0.000172832,2.92,3.54
1651,0.000172848,2.96,3.54
1652,0.000172864,2.96,3.56
1653,0.00017287999999999998,2.98,3.56
1654,0.000172896,3.0,3.58
1655,0.000172912,2.98,3.6
1656,0.000172928,3.0,3.6
1657,0.000172944,3.0,3.62
1658,0.00017296,3.02,3.64
1659,0.000172976,3.04,3.64
1660,0.000172992,3.06,3.66
1661,0.000173008,3.06,3.68
1662,0.000173024,3.08,3.7
1663,0.00017304,3.1,3.7
1664,0.000173056,3.1,3.72
1665,0.000173072,3.12,3.74
1666,0.000173088,3.14,3.74
1667,0.000173104,3.14,3.7600000000000002
1668,0.00017312,3.16,3.7800000000000002
1669,0.000173136,3.16,3.7800000000000002
1670,0.00017315199999999998,3.2,3.8000000000000003
1671,0.000173168,3.22,3.8000000000000003
1672,0.000173184,3.22,3.8200000000000003
1673,0.0001732,3.24,3.84
1674,0.000173216,3.24,3.86
1675,0.000173232,3.24,3.86
1676,0.000173248,3.2600000000000002,3.88
1677,0.000173264,3.2800000000000002,3.9
1678,0.00017328,3.2800000000000002,3.92
1679,0.000173296,3.3000000000000003,3.92
1680,0.000173312,3.3200000000000003,3.94
1681,0.000173328,3.3200000000000003,3.94
1682,0.000173344,3.34,3.96
1683,0.00017336,3.34,3.98
1684,0.000173376,3.38,4.0
1685,0.000173392,3.38,4.0
1686,0.000173408,3.38,4.0
1687,0.00017342399999999998,3.4,4.0200000000000005
1688,0.00017344,3.42,4.04
1689,0.000173456,3.42,4.04
1690,0.000173472,3.44,4.0600000000000005
1691,0.000173488,3.44,4.08
1692,0.000173504,3.46,4.1
1693,0.00017352,3.48,4.1
1694,0.000173536,3.48,4.12
1695,0.000173552,3.5,4.14
1696,0.000173568,3.52,4.14
1697,0.000173584,3.52,4.18
1698,0.0001736,3.54,4.18
1699,0.000173616,3.56,4.18
1700,0.000173632,3.56,4.2
1701,0.000173648,3.58,4.22
1702,0.000173664,3.58,4.22
1703,0.00017368,3.58,4.24
1704,0.00017369599999999998,3.6,4.26
1705,0.000173712,3.62,4.26
1706,0.000173728,3.64,4.28
1707,0.000173744,3.66,4.28
1708,0.00017376,3.66,4.3
1709,0.000173776,3.68,4.32
1710,0.000173792,3.7,4.34
1711,0.000173808,3.7,4.34
1712,0.000173824,3.72,4.36
1713,0.00017384,3.72,4.38
1714,0.000173856,3.74,4.4
1715,0.000173872,3.7600000000000002,4.42
1716,0.000173888,3.7600000000000002,4.42
1717,0.000173904,3.7800000000000002,4.42
1718,0.00017392,3.7800000000000002,4.44
1719,0.000173936,3.8000000000000003,4.46
1720,0.000173952,3.8200000000000003,4.48
1721,0.00017396799999999999,3.8200000000000003,4.48
1722,0.000173984,3.84,4.5
1723,0.000174,3.84,4.5
1724,0.000174016,3.86,4.5200000000000005
1725,0.000174032,3.88,4.5200000000000005
1726,0.000174048,3.88,4.5600000000000005
1727,0.000174064,3.9,4.5600000000000005
1728,0.00017408,3.92,4.58
1729,0.000174096,3.92,4.58
1730,0.000174112,3.96,4.6000000000000005
1731,0.000174128,3.96,4.62
1732,0.000174144,3.96,4.62
1733,0.00017416,3.98,4.64
1734,0.000174176,4.0,4.66
1735,0.000174192,4.0,4.66
1736,0.000174208,4.0200000000000005,4.68
1737,0.000174224,4.0200000000000005,4.7
1738,0.00017423999999999999,4.04,4.72
1739,0.000174256,4.0600000000000005,4.72
1740,0.000174272,4.0600000000000005,4.74
1741,0.000174288,4.08,4.74
1742,0.000174304,4.1,4.76
1743,0.00017432,4.1,4.78
1744,0.000174336,4.12,4.8
1745,0.000174352,4.12,4.8
1746,0.000174368,4.14,4.82
1747,0.000174384,4.16,4.84
1748,0.0001744,4.18,4.84
1749,0.000174416,4.18,4.86
1750,0.000174432,4.2,4.88
1751,0.000174448,4.2,4.88
1752,0.000174464,4.22,4.9
1753,0.00017448,4.24,4.92
1754,0.000174496,4.24,4.92
1755,0.00017451199999999999,4.26,4.94
1756,0.000174528,4.26,4.58
1757,0.000174544,4.28,-0.04
1758,0.00017456,4.22,-0.04
1759,0.000174576,4.0600000000000005,0.2
1760,0.000174592,3.9,0.36
1761,0.000174608,3.8000000000000003,0.16
1762,0.000174624,3.68,0.08
1763,0.00017464,3.58,0.14
1764,0.000174656,3.46,0.2
1765,0.000174672,3.36,0.2
1766,0.000174688,3.2600000000000002,0.2
1767,0.000174704,3.16,0.2
1768,0.00017472,3.08,0.22
1769,0.000174736,2.98,0.24
1770,0.000174752,2.9,0.24
1771,0.000174768,2.82,0.26
1772,0.00017478399999999999,2.74,0.28
1773,0.0001748,2.68,0.28
1774,0.000174816,2.6,0.3
1775,0.000174832,2.52,0.3
1776,0.000174848,2.46,0.3
1777,0.000174864,2.4,0.32
1778,0.00017488,2.34,0.34
1779,0.000174896,2.2800000000000002,0.36
1780,0.000174912,2.22,0.36
1781,0.000174928,2.18,0.38
1782,0.000174944,2.12,0.38
1783,0.00017496,2.06,0.4
1784,0.000174976,2.02,0.42
1785,0.000174992,1.98,0.42
1786,0.000175008,1.94,0.42
1787,0.000175024,1.9000000000000001,0.46
1788,0.00017504,1.84,0.46
1789,0.00017505599999999999,1.8,0.48
1790,0.000175072,1.76,0.5
1791,0.000175088,1.74,0.5
1792,0.000175104,1.7,0.52
1793,0.00017512,1.6600000000000001,0.52
1794,0.000175136,1.62,0.54
1795,0.000175152,1.58,0.54
1796,0.000175168,1.56,0.56
1797,0.000175184,1.54,0.58
1798,0.0001752,1.52,0.58
1799,0.000175216,1.5,0.58
1800,0.000175232,1.46,0.62
1801,0.000175248,1.44,0.64
1802,0.000175264,1.42,0.64
1803,0.00017528,1.4000000000000001,0.64
1804,0.000175296,1.36,0.66
1805,0.000175312,1.36,0.66
1806,0.00017532799999999999,1.34,0.68
1807,0.000175344,1.3,0.7000000000000001
1808,0.00017536,1.3,0.7000000000000001
1809,0.000175376,1.28,0.72
1810,0.000175392,1.28,0.74
1811,0.000175408,1.26,0.76
1812,0.000175424,1.24,0.76
1813,0.00017544,1.22,0.78
1814,0.000175456,1.2,0.8
1815,0.000175472,1.2,0.8
1816,0.000175488,1.2,0.8200000000000001
1817,0.000175504,1.18,0.84
1818,0.00017552,1.16,0.84
1819,0.000175536,1.16,0.86
1820,0.000175552,1.16,0.86
1821,0.000175568,1.16,0.88
1822,0.000175584,1.12,0.9
1823,0.00017559999999999999,1.1400000000000001,0.9
1824,0.000175616,1.1400000000000001,0.92
1825,0.000175632,1.12,0.9400000000000001
1826,0.000175648,1.12,0.9400000000000001
1827,0.000175664,1.12,0.96
1828,0.00017568,1.12,0.96
1829,0.000175696,1.12,0.98
1830,0.000175712,1.1,1.0
1831,0.000175728,1.1,1.02
1832,0.000175744,1.1,1.02
1833,0.00017576,1.1,1.04
1834,0.000175776,1.1,1.06
1835,0.000175792,1.1,1.06
1836,0.000175808,1.1,1.08
1837,0.000175824,1.1,1.08
1838,0.00017584,1.1,1.1
1839,0.000175856,1.1,1.12
1840,0.00017587199999999999,1.08,1.12
1841,0.000175888,1.1,1.1400000000000001
1842,0.000175904,1.1,1.16
1843,0.00017592,1.1,1.18
1844,0.000175936,1.12,1.18
1845,0.000175952,1.1,1.18
1846,0.000175968,1.12,1.2
1847,0.000175984,1.12,1.22
1848,0.000176,1.12,1.24
1849,0.000176016,1.12,1.26
1850,0.000176032,1.12,1.26
1851,0.000176048,1.1400000000000001,1.26
1852,0.000176064,1.1400000000000001,1.3
1853,0.00017608,1.1400000000000001,1.3
1854,0.000176096,1.16,1.32
1855,0.000176112,1.1400000000000001,1.34
1856,0.000176128,1.1400000000000001,1.34
1857,0.00017614399999999999,1.16,1.36
1858,0.00017616,1.16,1.3800000000000001
1859,0.000176176,1.18,1.3800000000000001
1860,0.000176192,1.18,1.4000000000000001
1861,0.000176208,1.18,1.4000000000000001
1862,0.000176224,1.2,1.42
1863,0.00017624,1.2,1.42
1864,0.000176256,1.2,1.44
1865,0.000176272,1.2,1.46
1866,0.000176288,1.22,1.48
1867,0.000176304,1.22,1.5
1868,0.00017632,1.24,1.5
1869,0.000176336,1.24,1.52
1870,0.000176352,1.24,1.54
1871,0.000176368,1.26,1.54
1872,0.000176384,1.26,1.56
1873,0.0001764,1.26,1.58
1874,0.00017641599999999999,1.28,1.58
1875,0.000176432,1.28,1.6
1876,0.000176448,1.28,1.62
1877,0.000176464,1.3,1.62
1878,0.00017648,1.3,1.6400000000000001
1879,0.000176496,1.32,1.6400000000000001
1880,0.000176512,1.32,1.6600000000000001
1881,0.000176528,1.34,1.68
1882,0.000176544,1.34,1.68
1883,0.00017656,1.34,1.7
1884,0.000176576,1.36,1.72
1885,0.000176592,1.36,1.72
1886,0.000176608,1.3800000000000001,1.74
1887,0.000176624,1.3800000000000001,1.76
1888,0.00017664,1.3800000000000001,1.78
1889,0.000176656,1.4000000000000001,1.78
1890,0.000176672,1.42,1.78
1891,0.00017668799999999999,1.42,1.8
1892,0.000176704,1.44,1.82
1893,0.00017672,1.44,1.82
1894,0.000176736,1.46,1.84
1895,0.000176752,1.46,1.84
1896,0.000176768,1.48,1.8800000000000001
1897,0.000176784,1.48,1.8800000000000001
1898,0.0001768,1.48,1.9000000000000001
1899,0.000176816,1.5,1.92
1900,0.000176832,1.5,1.94
1901,0.000176848,1.52,1.92
1902,0.000176864,1.54,1.94
1903,0.00017688,1.54,1.98
1904,0.000176896,1.56,1.98
1905,0.000176912,1.56,1.98
1906,0.000176928,1.58,2.02
1907,0.000176944,1.58,2.02
1908,0.00017695999999999999,1.6,2.02
1909,0.000176976,1.6,2.04
1910,0.000176992,1.62,2.06
1911,0.00017700799999999998,1.6400000000000001,2.08
1912,0.000177024,1.6400000000000001,2.08
1913,0.00017704,1.6400000000000001,2.1
1914,0.000177056,1.6600000000000001,2.1
1915,0.00017707200000000001,1.6600000000000001,2.12
1916,0.000177088,1.68,2.14
1917,0.000177104,1.7,2.16
1918,0.00017712,1.7,2.18
1919,0.000177136,1.72,2.18
1920,0.000177152,1.72,2.2
1921,0.000177168,1.74,2.22
1922,0.000177184,1.74,2.22
1923,0.0001772,1.76,2.24
1924,0.000177216,1.78,2.2600000000000002
1925,0.00017723199999999999,1.78,2.2600000000000002
1926,0.000177248,1.8,2.2800000000000002
1927,0.000177264,1.8,2.2800000000000002
1928,0.00017727999999999998,1.82,2.3000000000000003
1929,0.000177296,1.84,2.32
1930,0.000177312,1.84,2.32
1931,0.000177328,1.86,2.34
1932,0.00017734400000000002,1.86,2.36
1933,0.00017736,1.8800000000000001,2.36
1934,0.000177376,1.8800000000000001,2.38
1935,0.000177392,1.9000000000000001,2.4
1936,0.000177408,1.92,2.4
1937,0.000177424,1.92,2.42
1938,0.00017744,1.94,2.42
1939,0.000177456,1.94,2.46
1940,0.000177472,1.96,2.48
1941,0.000177488,1.98,2.46
1942,0.00017750399999999999,1.98,2.48
1943,0.00017752,2.0,2.52
1944,0.000177536,2.0,2.5
1945,0.00017755199999999998,2.0,2.54
1946,0.000177568,2.04,2.54
1947,0.000177584,2.04,2.54
1948,0.0001776,2.06,2.56
1949,0.00017761600000000002,2.06,2.58
1950,0.000177632,2.06,2.6
1951,0.000177648,2.1,2.62
1952,0.000177664,2.1,2.62
1953,0.00017768,2.12,2.62
1954,0.000177696,2.12,2.64
1955,0.000177712,2.14,2.66
1956,0.000177728,2.16,2.68
1957,0.000177744,2.14,2.7
1958,0.00017776,2.18,2.7
1959,0.000177776,2.18,2.72
1960,0.000177792,2.18,2.72
1961,0.000177808,2.2,2.7600000000000002
1962,0.00017782399999999998,2.2,2.7600000000000002
1963,0.00017784,2.22,2.7600000000000002
1964,0.000177856,2.24,2.7800000000000002
1965,0.000177872,2.2600000000000002,2.8000000000000003
1966,0.00017788800000000002,2.2800000000000002,2.8000000000000003
1967,0.000177904,2.2800000000000002,2.82
1968,0.00017792,2.3000000000000003,2.84
1969,0.000177936,2.3000000000000003,2.84
1970,0.000177952,2.32,2.84
1971,0.000177968,2.34,2.88
1972,0.000177984,2.34,2.88
1973,0.000178,2.36,2.9
1974,0.000178016,2.36,2.92
1975,0.000178032,2.36,2.92
1976,0.000178048,2.4,2.94
1977,0.000178064,2.4,2.94
1978,0.00017808,2.4,2.96
1979,0.00017809599999999998,2.42,2.98
1980,0.000178112,2.44,3.0
1981,0.000178128,2.46,3.0
1982,0.000178144,2.46,3.02
1983,0.00017816000000000002,2.48,3.02
1984,0.000178176,2.48,3.04
1985,0.000178192,2.5,3.06
1986,0.000178208,2.5,3.06
1987,0.000178224,2.5,3.1
1988,0.00017824,2.54,3.08
1989,0.000178256,2.54,3.1
1990,0.000178272,2.54,3.12
1991,0.000178288,2.56,3.16
1992,0.000178304,2.58,3.16
1993,0.00017832,2.58,3.18
1994,0.000178336,2.6,3.2
1995,0.000178352,2.62,3.18
1996,0.00017836799999999998,2.64,3.2
1997,0.000178384,2.64,3.22
1998,0.0001784,2.64,3.24
1999,0.000178416,2.68,3.2600000000000002
