,time,v1,v2
0,2.4e-06,2.4,2.56
1,2.56e-06,2.4,2.58
2,2.72e-06,2.44,2.6
3,2.88e-06,2.46,2.6
4,3.0399999999999997e-06,2.46,2.62
5,3.2e-06,2.48,2.64
6,3.36e-06,2.48,2.66
7,3.52e-06,2.5,2.66
8,3.68e-06,2.5,2.68
9,3.84e-06,2.52,2.7
10,4e-06,2.54,2.7
11,4.16e-06,2.54,2.74
12,4.32e-06,2.56,2.7600000000000002
13,4.4799999999999995e-06,2.58,2.74
14,4.64e-06,2.58,2.7600000000000002
15,4.8e-06,2.62,2.7800000000000002
16,4.96e-06,2.62,2.8000000000000003
17,5.12e-06,2.64,2.82
18,5.28e-06,2.64,2.84
19,5.4400000000000004e-06,2.68,2.84
20,5.6e-06,2.68,2.86
21,5.76e-06,2.68,2.88
22,5.92e-06,2.7,2.88
23,6.079999999999999e-06,2.74,2.9
24,6.24e-06,2.74,2.92
25,6.4e-06,2.74,2.92
26,6.56e-06,2.7600000000000002,2.94
27,6.72e-06,2.7800000000000002,2.98
28,6.88e-06,2.7800000000000002,2.98
29,7.04e-06,2.82,3.0
30,7.2e-06,2.82,3.0
31,7.36e-06,2.82,3.02
32,7.52e-06,2.86,3.04
33,7.680000000000001e-06,2.86,3.04
34,7.84e-06,2.88,3.06
35,8e-06,2.9,3.08
36,8.16e-06,2.9,3.08
37,8.32e-06,2.92,3.1
38,8.48e-06,2.94,3.12
39,8.64e-06,2.94,3.14
40,8.8e-06,2.96,3.16
41,8.959999999999999e-06,2.98,3.16
42,9.12e-06,2.98,3.18
43,9.28e-06,3.02,3.2
44,9.440000000000001e-06,3.0,3.2
45,9.6e-06,3.02,3.24
46,9.76e-06,3.04,3.2600000000000002
47,9.92e-06,3.06,3.2600000000000002
48,1.0080000000000002e-05,3.08,3.2800000000000002
49,1.024e-05,3.1,3.3000000000000003
50,1.0399999999999999e-05,3.12,3.3000000000000003
51,1.056e-05,3.12,3.3200000000000003
52,1.0719999999999999e-05,3.14,3.34
53,1.0880000000000001e-05,3.14,3.36
54,1.104e-05,3.16,3.36
55,1.1200000000000001e-05,3.18,3.38
56,1.136e-05,3.18,3.4
57,1.1520000000000002e-05,3.2,3.42
58,1.168e-05,3.22,3.42
59,1.1839999999999998e-05,3.22,3.44
60,1.2e-05,3.2600000000000002,3.46
61,1.2159999999999999e-05,3.2600000000000002,3.46
62,1.232e-05,3.2800000000000002,3.5
63,1.2479999999999999e-05,3.2800000000000002,3.5
64,1.2640000000000001e-05,3.3200000000000003,3.52
65,1.28e-05,3.3200000000000003,3.54
66,1.2960000000000001e-05,3.34,3.54
67,1.312e-05,3.36,3.56
68,1.3280000000000002e-05,3.36,3.56
69,1.344e-05,3.38,3.6
70,1.3599999999999999e-05,3.4,3.6
71,1.376e-05,3.42,3.62
72,1.3919999999999999e-05,3.42,3.64
73,1.408e-05,3.44,3.64
74,1.424e-05,3.44,3.66
75,1.4400000000000001e-05,3.46,3.68
76,1.456e-05,3.48,3.7
77,1.4720000000000001e-05,3.48,3.7
78,1.488e-05,3.5,3.72
79,1.5040000000000002e-05,3.52,3.74
80,1.52e-05,3.54,3.7600000000000002
81,1.536e-05,3.54,3.7800000000000002
82,1.552e-05,3.58,3.7800000000000002
83,1.568e-05,3.58,3.8000000000000003
84,1.584e-05,3.58,3.8200000000000003
85,1.6e-05,3.6,3.8200000000000003
86,1.616e-05,3.62,3.84
87,1.632e-05,3.62,3.86
88,1.648e-05,3.64,3.86
89,1.664e-05,3.66,3.9
90,1.6800000000000002e-05,3.66,3.9
91,1.696e-05,3.68,3.92
92,1.712e-05,3.72,3.92
93,1.728e-05,3.72,3.94
94,1.744e-05,3.74,3.96
95,1.76e-05,3.74,3.98
96,1.7760000000000003e-05,3.7600000000000002,3.98
97,1.792e-05,3.7800000000000002,4.0200000000000005
98,1.808e-05,3.8000000000000003,4.0200000000000005
99,1.824e-05,3.8000000000000003,4.04
100,1.84e-05,3.8200000000000003,4.04
101,1.8560000000000002e-05,3.84,4.0600000000000005
102,1.872e-05,3.84,4.08
103,1.8880000000000002e-05,3.86,4.1
104,1.904e-05,3.86,4.12
105,1.9200000000000003e-05,3.88,4.12
106,1.936e-05,3.9,4.14
107,1.952e-05,3.92,4.16
108,1.968e-05,3.94,4.16
109,1.984e-05,3.94,4.18
110,2e-05,3.96,4.2
111,2.016e-05,3.98,4.22
112,2.0320000000000002e-05,4.0,4.24
113,2.048e-05,4.0,4.26
114,2.0640000000000002e-05,4.0200000000000005,4.26
115,2.08e-05,4.0200000000000005,4.28
116,2.0960000000000003e-05,4.04,4.3
117,2.112e-05,4.0600000000000005,4.3
118,2.128e-05,4.08,4.32
119,2.144e-05,4.08,4.34
120,2.16e-05,4.1,4.34
121,2.1760000000000002e-05,4.12,4.38
122,2.192e-05,4.14,4.38
123,2.2080000000000002e-05,4.14,4.4
124,2.224e-05,4.16,4.42
125,2.2400000000000002e-05,4.18,4.42
126,2.256e-05,4.18,4.44
127,2.2720000000000003e-05,4.2,4.46
128,2.288e-05,4.22,4.46
129,2.304e-05,4.24,4.48
130,2.32e-05,4.24,4.5
131,2.336e-05,4.26,4.5200000000000005
132,2.3520000000000002e-05,4.28,4.54
133,2.368e-05,4.28,4.54
134,2.3840000000000002e-05,4.3,4.5600000000000005
135,2.4e-05,4.32,4.58
136,2.4160000000000002e-05,4.32,4.58
137,2.432e-05,4.34,4.6000000000000005
138,2.4480000000000003e-05,4.36,4.62
139,2.464e-05,4.38,4.64
140,2.48e-05,4.38,4.66
141,2.496e-05,4.4,4.66
142,2.512e-05,4.42,4.68
143,2.5280000000000002e-05,4.42,4.68
144,2.544e-05,4.44,4.7
145,2.5600000000000002e-05,4.46,4.72
146,2.576e-05,4.48,4.74
147,2.5920000000000003e-05,4.48,4.74
148,2.608e-05,4.5,4.76
149,2.6240000000000003e-05,4.5200000000000005,4.8
150,2.64e-05,4.54,4.8
151,2.656e-05,4.54,4.82
152,2.672e-05,4.5600000000000005,4.82
153,2.688e-05,4.58,4.84
154,2.7040000000000002e-05,4.6000000000000005,4.86
155,2.72e-05,4.6000000000000005,4.86
156,2.7360000000000002e-05,4.62,4.88
157,2.752e-05,4.62,4.9
158,2.7680000000000003e-05,4.64,4.92
159,2.784e-05,4.66,4.92
160,2.8e-05,4.68,4.94
161,2.816e-05,4.7,4.96
162,2.832e-05,3.7,0.08
163,2.8480000000000002e-05,2.74,0.08
164,2.864e-05,2.08,0.1
165,2.8800000000000002e-05,1.58,0.1
166,2.896e-05,1.22,0.12
167,2.9120000000000002e-05,0.96,0.12
168,2.928e-05,0.78,0.14
169,2.9440000000000003e-05,0.62,0.14
170,2.96e-05,0.52,0.14
171,2.976e-05,0.44,0.18
172,2.992e-05,0.4,0.18
173,3.008e-05,0.36,0.2
174,3.0240000000000002e-05,0.34,0.22
175,3.04e-05,0.32,0.24
176,3.056e-05,0.3,0.24
177,3.072e-05,0.3,0.26
178,3.088e-05,0.3,0.28
179,3.104e-05,0.3,0.28
180,3.12e-05,0.3,0.3
181,3.136e-05,0.32,0.32
182,3.1519999999999996e-05,0.32,0.34
183,3.168e-05,0.34,0.36
184,3.184e-05,0.34,0.36
185,3.2e-05,0.34,0.38
186,3.216e-05,0.36,0.38
187,3.232e-05,0.36,0.42
188,3.248e-05,0.38,0.42
189,3.264e-05,0.4,0.44
190,3.28e-05,0.4,0.44
191,3.2959999999999996e-05,0.42,0.46
192,3.312e-05,0.44,0.48
193,3.328e-05,0.44,0.5
194,3.344e-05,0.46,0.52
195,3.36e-05,0.48,0.52
196,3.3759999999999995e-05,0.48,0.54
197,3.392e-05,0.5,0.56
198,3.408e-05,0.52,0.58
199,3.424e-05,0.52,0.58
200,3.4399999999999996e-05,0.54,0.6
201,3.456e-05,0.56,0.6
202,3.472e-05,0.58,0.62
203,3.488e-05,0.58,0.64
204,3.5039999999999997e-05,0.6,0.66
205,3.5199999999999995e-05,0.62,0.68
206,3.536e-05,0.62,0.68
207,3.552e-05,0.64,0.7000000000000001
208,3.568e-05,0.66,0.72
209,3.5839999999999996e-05,0.68,0.74
210,3.6e-05,0.68,0.74
211,3.616e-05,0.7000000000000001,0.76
212,3.632e-05,0.7000000000000001,0.78
213,3.6479999999999996e-05,0.72,0.8
214,3.6639999999999995e-05,0.74,0.8
215,3.68e-05,0.76,0.8200000000000001
216,3.696e-05,0.76,0.8200000000000001
217,3.712e-05,0.78,0.84
218,3.7279999999999995e-05,0.8,0.86
219,3.744e-05,0.8200000000000001,0.88
220,3.76e-05,0.8200000000000001,0.9
221,3.776e-05,0.8200000000000001,0.92
222,3.7919999999999996e-05,0.84,0.92
223,3.808e-05,0.86,0.9400000000000001
224,3.824e-05,0.88,0.96
225,3.84e-05,0.9,0.96
226,3.856e-05,0.9,0.98
227,3.8719999999999995e-05,0.92,1.0
228,3.888e-05,0.9400000000000001,1.02
229,3.904e-05,0.9400000000000001,1.04
230,3.92e-05,0.96,1.04
231,3.9359999999999996e-05,0.98,1.06
232,3.952e-05,0.98,1.08
233,3.968e-05,1.0,1.1
234,3.984e-05,1.02,1.1
235,3.9999999999999996e-05,1.04,1.12
236,4.0159999999999995e-05,1.04,1.1400000000000001
237,4.032e-05,1.06,1.16
238,4.048e-05,1.08,1.16
239,4.064e-05,1.08,1.18
240,4.0799999999999996e-05,1.1,1.18
241,4.096e-05,1.12,1.2
242,4.112e-05,1.12,1.22
243,4.128e-05,1.1400000000000001,1.22
244,4.1439999999999996e-05,1.16,1.24
245,4.16e-05,1.16,1.26
246,4.176e-05,1.18,1.28
247,4.192e-05,1.2,1.3
248,4.208e-05,1.2,1.3
249,4.2239999999999995e-05,1.22,1.32
250,4.24e-05,1.24,1.34
251,4.256e-05,1.26,1.36
252,4.272e-05,1.24,1.3800000000000001
253,4.2879999999999996e-05,1.28,1.3800000000000001
254,4.304e-05,1.28,1.4000000000000001
255,4.32e-05,1.3,1.4000000000000001
256,4.336e-05,1.32,1.44
257,4.352e-05,1.34,1.44
258,4.3679999999999995e-05,1.34,1.44
259,4.384e-05,1.36,1.48
260,4.4e-05,1.3800000000000001,1.48
261,4.416e-05,1.4000000000000001,1.5
262,4.4319999999999996e-05,1.4000000000000001,1.5
263,4.448e-05,1.42,1.54
264,4.464e-05,1.44,1.54
265,4.48e-05,1.44,1.56
266,4.4959999999999996e-05,1.44,1.56
267,4.5119999999999995e-05,1.48,1.58
268,4.528e-05,1.48,1.6
269,4.544e-05,1.5,1.62
270,4.56e-05,1.5,1.62
271,4.5759999999999996e-05,1.54,1.6600000000000001
272,4.592e-05,1.54,1.6600000000000001
273,4.608e-05,1.54,1.68
274,4.624e-05,1.58,1.68
275,4.6399999999999996e-05,1.58,1.7
276,4.656e-05,1.6,1.72
277,4.672e-05,1.62,1.74
278,4.688e-05,1.6400000000000001,1.74
279,4.704e-05,1.6400000000000001,1.76
280,4.7199999999999995e-05,1.6600000000000001,1.78
281,4.736e-05,1.6600000000000001,1.78
282,4.752e-05,1.6600000000000001,1.8
283,4.768e-05,1.7,1.82
284,4.7839999999999996e-05,1.7,1.84
285,4.8e-05,1.72,1.86
286,4.816e-05,1.74,1.86
287,4.832e-05,1.76,1.8800000000000001
288,4.848e-05,1.76,1.9000000000000001
289,4.8639999999999995e-05,1.78,1.92
290,4.88e-05,1.8,1.92
291,4.896e-05,1.8,1.94
292,4.912e-05,1.82,1.96
293,4.9279999999999996e-05,1.84,1.96
294,4.944e-05,1.84,1.98
295,4.96e-05,1.86,2.0
296,4.976e-05,1.8800000000000001,2.02
297,4.9919999999999996e-05,1.9000000000000001,2.02
298,5.008e-05,1.92,2.02
299,5.024e-05,1.92,2.06
300,5.04e-05,1.94,2.06
301,5.056e-05,1.94,2.08
302,5.0719999999999996e-05,1.96,2.1
303,5.088e-05,1.98,2.12
304,5.104e-05,2.0,2.14
305,5.12e-05,2.0,2.14
306,5.1359999999999996e-05,2.02,2.16
307,5.152e-05,2.02,2.18
308,5.168e-05,2.04,2.2
309,5.184e-05,2.06,2.2
310,5.2e-05,2.08,2.2
311,5.2159999999999995e-05,2.08,2.24
312,5.232e-05,2.12,2.2600000000000002
313,5.248e-05,2.12,2.2600000000000002
314,5.264e-05,2.14,2.2800000000000002
315,5.2799999999999996e-05,2.16,2.2800000000000002
316,5.296e-05,2.16,2.3000000000000003
317,5.312e-05,2.18,2.34
318,5.328e-05,2.18,2.34
319,5.3439999999999997e-05,2.2,2.36
320,5.3599999999999995e-05,2.22,2.36
321,5.376e-05,2.22,2.38
322,5.392e-05,2.24,2.4
323,5.408e-05,2.2600000000000002,2.42
324,5.4239999999999996e-05,2.2800000000000002,2.42
325,5.44e-05,2.2800000000000002,2.44
326,5.456e-05,2.3000000000000003,2.44
327,5.472e-05,2.32,2.48
328,5.4879999999999996e-05,2.32,2.48
329,5.504e-05,2.34,2.5
330,5.52e-05,2.34,2.5
331,5.536e-05,2.38,2.52
332,5.552e-05,2.38,2.54
333,5.5679999999999995e-05,2.38,2.54
334,5.584e-05,2.42,2.56
335,5.6e-05,2.42,2.58
336,5.616e-05,2.44,2.6
337,5.6319999999999996e-05,2.46,2.62
338,5.648e-05,2.46,2.62
339,5.664e-05,2.48,2.64
340,5.68e-05,2.5,2.66
341,5.696e-05,2.5,2.66
342,5.7119999999999995e-05,2.52,2.68
343,5.728e-05,2.52,2.7
344,5.744e-05,2.56,2.72
345,5.76e-05,2.56,2.72
346,5.7759999999999996e-05,2.58,2.74
347,5.792e-05,2.58,2.7600000000000002
348,5.808e-05,2.6,2.7800000000000002
349,5.824e-05,2.62,2.8000000000000003
350,5.8399999999999997e-05,2.62,2.8000000000000003
351,5.856e-05,2.64,2.82
352,5.872e-05,2.66,2.84
353,5.888e-05,2.66,2.84
354,5.904e-05,2.68,2.86
355,5.9199999999999996e-05,2.7,2.86
356,5.936e-05,2.7,2.88
357,5.952e-05,2.72,2.92
358,5.968e-05,2.74,2.94
359,5.9839999999999996e-05,2.7600000000000002,2.94
360,6e-05,2.7600000000000002,2.96
361,6.016e-05,2.7800000000000002,2.96
362,6.032e-05,2.8000000000000003,3.0
363,6.048e-05,2.82,3.0
364,6.0639999999999995e-05,2.84,3.02
365,6.08e-05,2.84,3.02
366,6.096e-05,2.86,3.06
367,6.112e-05,2.86,3.06
368,6.128e-05,2.88,3.08
369,6.144000000000001e-05,2.9,3.08
370,6.16e-05,2.9,3.1
371,6.176e-05,2.92,3.12
372,6.192e-05,2.94,3.12
373,6.208e-05,2.94,3.14
374,6.224e-05,2.96,3.16
375,6.24e-05,2.98,3.18
376,6.256e-05,2.98,3.2
377,6.272e-05,3.0,3.2
378,6.288000000000001e-05,3.04,3.22
379,6.304e-05,3.04,3.24
380,6.32e-05,3.04,3.24
381,6.336e-05,3.06,3.2600000000000002
382,6.352e-05,3.08,3.2800000000000002
383,6.368e-05,3.1,3.3000000000000003
384,6.384000000000001e-05,3.1,3.3000000000000003
385,6.400000000000001e-05,3.12,3.34
386,6.416000000000001e-05,3.14,3.34
387,6.432000000000001e-05,3.16,3.36
388,6.448e-05,3.18,3.36
389,6.464e-05,3.2,3.38
390,6.48e-05,3.2,3.42
391,6.496e-05,3.22,3.42
392,6.512e-05,3.22,3.42
393,6.528000000000001e-05,3.24,3.46
394,6.544000000000001e-05,3.2600000000000002,3.46
395,6.560000000000001e-05,3.2600000000000002,3.46
396,6.576000000000001e-05,3.2800000000000002,3.48
397,6.592e-05,3.3000000000000003,3.5
398,6.608e-05,3.3200000000000003,3.52
399,6.624e-05,3.3200000000000003,3.54
400,6.64e-05,3.34,3.56
401,6.656e-05,3.36,3.56
402,6.672000000000001e-05,3.38,3.58
403,6.688000000000001e-05,3.4,3.6
404,6.704000000000001e-05,3.4,3.6
405,6.720000000000001e-05,3.4,3.62
406,6.736e-05,3.42,3.64
407,6.752e-05,3.46,3.66
408,6.768e-05,3.44,3.66
409,6.784e-05,3.48,3.68
410,6.8e-05,3.5,3.7
411,6.816000000000001e-05,3.5,3.72
412,6.832000000000001e-05,3.5,3.74
413,6.848000000000001e-05,3.54,3.74
414,6.864000000000001e-05,3.54,3.7600000000000002
415,6.88e-05,3.56,3.7800000000000002
416,6.896e-05,3.56,3.7800000000000002
417,6.912e-05,3.58,3.8000000000000003
418,6.928e-05,3.58,3.8200000000000003
419,6.944e-05,3.6,3.84
420,6.960000000000001e-05,3.62,3.84
421,6.976000000000001e-05,3.64,3.86
422,6.992000000000001e-05,3.66,3.88
423,7.008e-05,3.66,3.9
424,7.024e-05,3.68,3.9
425,7.04e-05,3.7,3.94
426,7.056e-05,3.72,3.94
427,7.072e-05,3.72,3.96
428,7.088e-05,3.74,3.96
429,7.104000000000001e-05,3.7600000000000002,3.98
430,7.120000000000001e-05,3.7600000000000002,4.0
431,7.136000000000001e-05,3.7800000000000002,4.0
432,7.152e-05,3.8000000000000003,4.0200000000000005
433,7.168e-05,3.8200000000000003,4.04
434,7.184e-05,3.8200000000000003,4.0600000000000005
435,7.2e-05,3.84,4.08
436,7.216e-05,3.86,4.1
437,7.232000000000001e-05,3.86,4.1
438,7.248000000000001e-05,3.9,4.1
439,7.264000000000001e-05,3.9,4.12
440,7.280000000000001e-05,3.9,4.14
441,7.296e-05,3.92,4.16
442,7.312e-05,3.92,4.18
443,7.328e-05,3.94,4.2
444,7.344e-05,3.96,4.2
445,7.36e-05,3.98,4.22
446,7.376000000000001e-05,4.0,4.24
447,7.392000000000001e-05,4.0200000000000005,4.26
448,7.408000000000001e-05,4.0200000000000005,4.26
449,7.424000000000001e-05,4.04,4.28
450,7.44e-05,4.04,4.3
451,7.456e-05,4.0600000000000005,4.3
452,7.472e-05,4.08,4.32
453,7.488e-05,4.1,4.34
454,7.504e-05,4.12,4.36
455,7.520000000000001e-05,4.12,4.36
456,7.536000000000001e-05,4.14,4.38
457,7.552000000000001e-05,4.16,4.4
458,7.568000000000001e-05,4.18,4.42
459,7.584e-05,4.18,4.42
460,7.6e-05,4.2,4.44
461,7.616e-05,4.2,4.46
462,7.632e-05,4.22,4.48
463,7.648e-05,4.24,4.48
464,7.664000000000001e-05,4.26,4.5200000000000005
465,7.680000000000001e-05,4.26,4.5200000000000005
466,7.696000000000001e-05,4.28,4.54
467,7.712000000000001e-05,4.28,4.5600000000000005
468,7.728e-05,4.3,4.5600000000000005
469,7.744e-05,4.32,4.58
470,7.76e-05,4.34,4.6000000000000005
471,7.776e-05,4.36,4.6000000000000005
472,7.792e-05,4.36,4.62
473,7.808000000000001e-05,4.38,4.64
474,7.824000000000001e-05,4.4,4.66
475,7.840000000000001e-05,4.4,4.68
476,7.856000000000001e-05,4.42,4.7
477,7.872e-05,4.44,4.7
478,7.888e-05,4.44,4.7
479,7.904e-05,4.46,4.72
480,7.92e-05,4.48,4.74
481,7.936e-05,4.5,4.76
482,7.952000000000001e-05,4.5,4.78
483,7.968000000000001e-05,4.5200000000000005,4.78
484,7.984000000000001e-05,4.54,4.8
485,8e-05,4.54,4.82
486,8.016e-05,4.5600000000000005,4.84
487,8.032e-05,4.58,4.86
488,8.048e-05,4.6000000000000005,4.86
489,8.064e-05,4.6000000000000005,4.88
490,8.080000000000001e-05,4.62,4.88
491,8.096000000000001e-05,4.64,4.9
492,8.112000000000001e-05,4.66,4.92
493,8.128000000000001e-05,4.68,4.94
494,8.144e-05,4.68,4.96
495,8.16e-05,4.36,0.3
496,8.176e-05,3.22,0.1
497,8.192e-05,2.42,0.08
498,8.208e-05,1.84,0.1
499,8.224000000000001e-05,1.4000000000000001,0.1
500,8.240000000000001e-05,1.08,0.12
501,8.256000000000001e-05,0.86,0.12
502,8.272000000000001e-05,0.7000000000000001,0.14
503,8.288e-05,0.58,0.16
504,8.304e-05,0.5,0.16
505,8.32e-05,0.42,0.18
506,8.336e-05,0.38,0.2
507,8.352e-05,0.34,0.22
508,8.368000000000001e-05,0.32,0.22
509,8.384000000000001e-05,0.3,0.24
510,8.400000000000001e-05,0.3,0.26
511,8.416000000000001e-05,0.3,0.26
512,8.432e-05,0.3,0.28
513,8.448e-05,0.3,0.3
514,8.464e-05,0.32,0.3
515,8.48e-05,0.32,0.32
516,8.496e-05,0.32,0.34
517,8.512000000000001e-05,0.34,0.36
518,8.528000000000001e-05,0.34,0.36
519,8.544000000000001e-05,0.34,0.36
520,8.560000000000001e-05,0.36,0.4
521,8.576e-05,0.38,0.42
522,8.592e-05,0.4,0.42
523,8.608e-05,0.4,0.44
524,8.624e-05,0.42,0.46
525,8.64e-05,0.42,0.48
526,8.656000000000001e-05,0.44,0.5
527,8.672000000000001e-05,0.46,0.5
528,8.688000000000001e-05,0.46,0.52
529,8.704000000000001e-05,0.48,0.54
530,8.72e-05,0.5,0.54
531,8.736e-05,0.5,0.56
532,8.752e-05,0.52,0.58
533,8.768e-05,0.54,0.6
534,8.784e-05,0.54,0.6
535,8.800000000000001e-05,0.56,0.62
536,8.816000000000001e-05,0.58,0.64
537,8.832000000000001e-05,0.58,0.66
538,8.848e-05,0.6,0.66
539,8.864e-05,0.6,0.68
540,8.88e-05,0.62,0.7000000000000001
541,8.896e-05,0.64,0.7000000000000001
542,8.912e-05,0.64,0.72
543,8.928000000000001e-05,0.66,0.74
544,8.944000000000001e-05,0.68,0.76
545,8.960000000000001e-05,0.7000000000000001,0.78
546,8.976000000000001e-05,0.72,0.78
547,8.992e-05,0.72,0.8
548,9.008e-05,0.72,0.8200000000000001
549,9.024e-05,0.76,0.8200000000000001
550,9.04e-05,0.78,0.84
551,9.056e-05,0.78,0.86
552,9.072000000000001e-05,0.8,0.88
553,9.088000000000001e-05,0.8200000000000001,0.88
554,9.104000000000001e-05,0.8200000000000001,0.9
555,9.120000000000001e-05,0.84,0.92
556,9.136e-05,0.86,0.9400000000000001
557,9.152e-05,0.86,0.9400000000000001
558,9.168e-05,0.88,0.96
559,9.184e-05,0.9,0.98
560,9.2e-05,0.92,1.0
561,9.216000000000001e-05,0.92,1.0
562,9.232000000000001e-05,0.9400000000000001,1.02
563,9.248000000000001e-05,0.96,1.04
564,9.264000000000001e-05,0.96,1.06
565,9.28e-05,0.98,1.08
566,9.296e-05,1.0,1.08
567,9.312e-05,1.02,1.08
568,9.328e-05,1.02,1.12
569,9.344e-05,1.04,1.12
570,9.360000000000001e-05,1.06,1.1400000000000001
571,9.376000000000001e-05,1.06,1.16
572,9.392000000000001e-05,1.06,1.18
573,9.408000000000001e-05,1.08,1.18
574,9.424e-05,1.1,1.2
575,9.44e-05,1.12,1.2
576,9.456e-05,1.12,1.22
577,9.472e-05,1.16,1.24
578,9.488e-05,1.16,1.26
579,9.504000000000001e-05,1.18,1.28
580,9.520000000000001e-05,1.18,1.28
581,9.536000000000001e-05,1.2,1.3
582,9.552000000000001e-05,1.22,1.32
583,9.568e-05,1.24,1.34
584,9.584e-05,1.24,1.36
585,9.6e-05,1.26,1.36
586,9.616e-05,1.28,1.3800000000000001
587,9.632e-05,1.28,1.4000000000000001
588,9.648000000000001e-05,1.3,1.4000000000000001
589,9.664000000000001e-05,1.32,1.42
590,9.680000000000001e-05,1.32,1.44
591,9.696000000000001e-05,1.34,1.46
592,9.712e-05,1.36,1.46
593,9.728e-05,1.3800000000000001,1.48
594,9.744e-05,1.3800000000000001,1.5
595,9.76e-05,1.4000000000000001,1.5
596,9.776000000000001e-05,1.42,1.52
597,9.792000000000001e-05,1.42,1.54
598,9.808000000000001e-05,1.44,1.56
599,9.824000000000001e-05,1.46,1.56
600,9.84e-05,1.46,1.58
601,9.856e-05,1.48,1.6
602,9.872e-05,1.5,1.62
603,9.888e-05,1.5,1.62
604,9.904e-05,1.52,1.62
605,9.920000000000001e-05,1.54,1.6400000000000001
606,9.936000000000001e-05,1.56,1.6600000000000001
607,9.952000000000001e-05,1.58,1.68
608,9.968000000000001e-05,1.58,1.7
609,9.984e-05,1.6,1.72
610,0.0001,1.6,1.72
611,0.00010016,1.62,1.74
612,0.00010032,1.6400000000000001,1.76
613,0.00010048,1.6400000000000001,1.76
614,0.00010064000000000001,1.6600000000000001,1.78
615,0.00010080000000000001,1.68,1.78
616,0.00010096000000000001,1.7,1.82
617,0.00010112000000000001,1.7,1.82
618,0.00010128,1.72,1.84
619,0.00010144,1.74,1.86
620,0.0001016,1.76,1.8800000000000001
621,0.00010176,1.76,1.8800000000000001
622,0.00010192,1.78,1.9000000000000001
623,0.00010208000000000001,1.78,1.92
624,0.00010224000000000001,1.8,1.92
625,0.00010240000000000001,1.82,1.96
626,0.00010256000000000001,1.82,1.96
627,0.00010272,1.84,1.98
628,0.00010288,1.86,2.0
629,0.00010304,1.8800000000000001,2.0
630,0.0001032,1.8800000000000001,2.02
631,0.00010336,1.9000000000000001,2.04
632,0.00010352000000000001,1.92,2.04
633,0.00010368000000000001,1.92,2.06
634,0.00010384000000000001,1.94,2.08
635,0.00010400000000000001,1.96,2.1
636,0.00010416,1.98,2.12
637,0.00010432,2.0,2.12
638,0.00010448,2.0,2.14
639,0.00010464,2.02,2.14
640,0.0001048,2.04,2.18
641,0.00010496000000000001,2.02,2.18
642,0.00010512000000000001,2.06,2.2
643,0.00010528000000000001,2.08,2.22
644,0.00010544000000000001,2.08,2.24
645,0.0001056,2.1,2.24
646,0.00010576,2.12,2.2600000000000002
647,0.00010592,2.12,2.2800000000000002
648,0.00010608,2.14,2.3000000000000003
649,0.00010624000000000001,2.16,2.3000000000000003
650,0.00010640000000000001,2.16,2.32
651,0.00010656000000000001,2.18,2.34
652,0.00010672000000000001,2.2,2.36
653,0.00010688,2.22,2.36
654,0.00010704,2.22,2.36
655,0.0001072,2.24,2.4
656,0.00010736,2.2600000000000002,2.4
657,0.00010752,2.2600000000000002,2.42
658,0.00010768000000000001,2.2600000000000002,2.44
659,0.00010784000000000001,2.3000000000000003,2.46
660,0.00010800000000000001,2.32,2.46
661,0.00010816000000000001,2.32,2.46
662,0.00010832,2.34,2.48
663,0.00010848,2.36,2.52
664,0.00010864,2.36,2.52
665,0.0001088,2.38,2.52
666,0.00010896,2.4,2.54
667,0.00010912000000000001,2.4,2.56
668,0.00010928000000000001,2.4,2.58
669,0.00010944000000000001,2.44,2.6
670,0.00010960000000000001,2.44,2.6
671,0.00010976,2.46,2.62
672,0.00010992,2.46,2.64
673,0.00011008,2.48,2.66
674,0.00011024,2.5,2.66
675,0.0001104,2.52,2.68
676,0.00011056000000000001,2.52,2.7
677,0.00011072000000000001,2.54,2.7
678,0.00011088000000000001,2.56,2.72
679,0.00011104000000000001,2.56,2.74
680,0.0001112,2.58,2.7600000000000002
681,0.00011136,2.6,2.7600000000000002
682,0.00011152,2.6,2.7800000000000002
683,0.00011168,2.62,2.7800000000000002
684,0.00011184,2.64,2.8000000000000003
685,0.00011200000000000001,2.64,2.82
686,0.00011216000000000001,2.66,2.84
687,0.00011232000000000001,2.68,2.86
688,0.00011248000000000001,2.68,2.86
689,0.00011264,2.7,2.88
690,0.0001128,2.72,2.9
691,0.00011296,2.72,2.92
692,0.00011312,2.74,2.92
693,0.00011328000000000001,2.74,2.94
694,0.00011344000000000001,2.7800000000000002,2.94
695,0.00011360000000000001,2.8000000000000003,2.98
696,0.00011376000000000001,2.8000000000000003,2.98
697,0.00011392000000000001,2.82,3.0
698,0.00011408,2.82,3.02
699,0.00011424,2.84,3.04
700,0.0001144,2.88,3.04
701,0.00011456,2.88,3.08
702,0.00011472000000000001,2.88,3.08
703,0.00011488000000000001,2.9,3.1
704,0.00011504000000000001,2.92,3.1
705,0.00011520000000000001,2.94,3.14
706,0.00011536000000000001,2.94,3.14
707,0.00011552,2.96,3.16
708,0.00011568,2.96,3.16
709,0.00011584,2.98,3.2
710,0.000116,3.0,3.2
711,0.00011616000000000001,3.0,3.22
712,0.00011632000000000001,3.04,3.22
713,0.00011648000000000001,3.04,3.24
714,0.00011664000000000001,3.06,3.2600000000000002
715,0.0001168,3.08,3.2800000000000002
716,0.00011696,3.08,3.3000000000000003
717,0.00011712,3.12,3.3000000000000003
718,0.00011728,3.12,3.3200000000000003
719,0.00011744,3.14,3.34
720,0.00011760000000000001,3.16,3.34
721,0.00011776000000000001,3.16,3.36
722,0.00011792000000000001,3.18,3.38
723,0.00011808000000000001,3.18,3.4
724,0.00011824,3.2,3.4
725,0.0001184,3.22,3.42
726,0.00011856,3.22,3.44
727,0.00011872,3.24,3.46
728,0.00011888,3.2600000000000002,3.48
729,0.00011904000000000001,3.2800000000000002,3.48
730,0.00011920000000000001,3.2800000000000002,3.5
731,0.00011936000000000001,3.3000000000000003,3.52
732,0.00011952000000000001,3.3200000000000003,3.52
733,0.00011968,3.34,3.54
734,0.00011984,3.34,3.56
735,0.00012,3.36,3.56
736,0.00012016,3.38,3.58
737,0.00012032,3.38,3.6
738,0.00012048000000000001,3.4,3.62
739,0.00012064000000000001,3.44,3.64
740,0.00012080000000000001,3.44,3.64
741,0.00012096000000000001,3.44,3.66
742,0.00012112,3.46,3.66
743,0.00012128,3.48,3.68
744,0.00012144,3.48,3.7
745,0.0001216,3.5,3.72
746,0.00012176000000000001,3.52,3.74
747,0.00012192000000000001,3.54,3.74
748,0.00012208,3.54,3.7600000000000002
749,0.00012224,3.56,3.7800000000000002
750,0.0001224,3.58,3.8000000000000003
751,0.00012256,3.58,3.8200000000000003
752,0.00012272,3.6,3.8200000000000003
753,0.00012288,3.62,3.84
754,0.00012304,3.64,3.86
755,0.0001232,3.64,3.86
756,0.00012336,3.68,3.88
757,0.00012352,3.68,3.9
758,0.00012368,3.7,3.92
759,0.00012384,3.7,3.92
760,0.000124,3.72,3.94
761,0.00012416,3.72,3.96
762,0.00012432,3.74,3.98
763,0.00012448,3.7600000000000002,3.98
764,0.00012464,3.7800000000000002,4.0200000000000005
765,0.0001248,3.8000000000000003,4.04
766,0.00012496,3.8000000000000003,4.0200000000000005
767,0.00012512,3.8200000000000003,4.04
768,0.00012528000000000002,3.84,4.08
769,0.00012544000000000002,3.86,4.08
770,0.00012560000000000002,3.86,4.08
771,0.00012576000000000002,3.86,4.1
772,0.00012592000000000001,3.88,4.12
773,0.00012608,3.9,4.14
774,0.00012624,3.92,4.16
775,0.0001264,3.94,4.16
776,0.00012656,3.94,4.18
777,0.00012672,3.96,4.2
778,0.00012688,3.98,4.22
779,0.00012704,4.0,4.22
780,0.0001272,4.0200000000000005,4.26
781,0.00012736,4.0200000000000005,4.26
782,0.00012752,4.04,4.28
783,0.00012768,4.0600000000000005,4.28
784,0.00012784,4.0600000000000005,4.3
785,0.000128,4.08,4.32
786,0.00012816000000000002,4.08,4.32
787,0.00012832000000000002,4.1,4.36
788,0.00012848000000000002,4.12,4.36
789,0.00012864000000000002,4.14,4.38
790,0.00012880000000000001,4.14,4.4
791,0.00012896,4.16,4.4
792,0.00012912,4.18,4.42
793,0.00012928,4.2,4.44
794,0.00012944,4.2,4.46
795,0.0001296,4.24,4.48
796,0.00012976,4.24,4.48
797,0.00012992,4.24,4.5
798,0.00013008,4.26,4.5200000000000005
799,0.00013024,4.28,4.54
800,0.0001304,4.3,4.54
801,0.00013056,4.32,4.5600000000000005
802,0.00013072,4.32,4.58
803,0.00013088,4.34,4.58
804,0.00013104000000000002,4.34,4.62
805,0.00013120000000000002,4.36,4.62
806,0.00013136000000000002,4.38,4.64
807,0.00013152000000000001,4.38,4.64
808,0.00013168,4.4,4.66
809,0.00013184,4.42,4.68
810,0.000132,4.42,4.68
811,0.00013216,4.44,4.7
812,0.00013232,4.48,4.74
813,0.00013248,4.48,4.74
814,0.00013264,4.5,4.74
815,0.0001328,4.5,4.76
816,0.00013296,4.5200000000000005,4.78
817,0.00013312,4.54,4.8
818,0.00013328,4.54,4.82
819,0.00013344,4.5600000000000005,4.82
820,0.0001336,4.58,4.84
821,0.00013376000000000002,4.6000000000000005,4.86
822,0.00013392000000000002,4.6000000000000005,4.88
823,0.00013408000000000002,4.62,4.88
824,0.00013424000000000002,4.64,4.9
825,0.00013440000000000001,4.64,4.92
826,0.00013456,4.66,4.94
827,0.00013472,4.68,4.94
828,0.00013488,4.68,4.94
829,0.00013504,3.8000000000000003,0.12
830,0.0001352,2.82,0.08
831,0.00013536,2.12,0.1
832,0.00013552,1.62,0.1
833,0.00013568,1.26,0.1
834,0.00013584,1.0,0.12
835,0.000136,0.8,0.12
836,0.00013616,0.64,0.14
837,0.00013632,0.52,0.16
838,0.00013648,0.46,0.18
839,0.00013664000000000002,0.4,0.2
840,0.00013680000000000002,0.36,0.2
841,0.00013696000000000002,0.34,0.22
842,0.00013712000000000002,0.32,0.22
843,0.00013728000000000001,0.3,0.24
844,0.00013744,0.3,0.26
845,0.0001376,0.3,0.26
846,0.00013776,0.3,0.3
847,0.00013792,0.3,0.3
848,0.00013808,0.32,0.32
849,0.00013824,0.32,0.34
850,0.0001384,0.32,0.36
851,0.00013856,0.34,0.36
852,0.00013872,0.36,0.38
853,0.00013888,0.36,0.4
854,0.00013904,0.38,0.4
855,0.0001392,0.38,0.42
856,0.00013936,0.4,0.44
857,0.00013952000000000002,0.4,0.46
858,0.00013968000000000002,0.42,0.46
859,0.00013984000000000002,0.44,0.48
860,0.00014000000000000001,0.44,0.5
861,0.00014016,0.46,0.5
862,0.00014032,0.46,0.52
863,0.00014048,0.5,0.54
864,0.00014064,0.5,0.56
865,0.0001408,0.52,0.58
866,0.00014096,0.52,0.58
867,0.00014112,0.54,0.58
868,0.00014128,0.56,0.62
869,0.00014144,0.58,0.64
870,0.0001416,0.58,0.64
871,0.00014176,0.6,0.66
872,0.00014192,0.6,0.66
873,0.00014208,0.6,0.68
874,0.00014224000000000002,0.64,0.68
875,0.00014240000000000002,0.66,0.72
876,0.00014256000000000002,0.66,0.74
877,0.00014272000000000002,0.68,0.74
878,0.00014288000000000001,0.68,0.76
879,0.00014304,0.7000000000000001,0.76
880,0.0001432,0.7000000000000001,0.78
881,0.00014336,0.74,0.8
882,0.00014352,0.74,0.8200000000000001
883,0.00014368,0.76,0.8200000000000001
884,0.00014384,0.78,0.86
885,0.000144,0.8,0.86
886,0.00014416,0.8,0.88
887,0.00014432,0.8200000000000001,0.88
888,0.00014448,0.84,0.92
889,0.00014464,0.86,0.9400000000000001
890,0.0001448,0.86,0.9400000000000001
891,0.00014496,0.88,0.96
892,0.00014512000000000002,0.9,0.98
893,0.00014528000000000002,0.9,0.98
894,0.00014544000000000002,0.92,1.0
895,0.00014560000000000002,0.9400000000000001,1.02
896,0.00014576000000000001,0.9400000000000001,1.02
897,0.00014592,0.96,1.04
898,0.00014608,0.98,1.06
899,0.00014624,0.98,1.08
900,0.0001464,1.0,1.08
901,0.00014656,1.02,1.1
902,0.00014672,1.02,1.12
903,0.00014688,1.04,1.12
904,0.00014704,1.06,1.1400000000000001
905,0.0001472,1.08,1.16
906,0.00014736,1.08,1.18
907,0.00014752,1.1,1.18
908,0.00014768,1.12,1.2
909,0.00014784,1.1400000000000001,1.2
910,0.00014800000000000002,1.1400000000000001,1.22
911,0.00014816000000000002,1.16,1.24
912,0.00014832000000000002,1.16,1.26
913,0.00014848000000000001,1.16,1.28
914,0.00014864,1.2,1.3
915,0.0001488,1.22,1.32
916,0.00014896,1.22,1.32
917,0.00014912,1.24,1.34
918,0.00014928,1.26,1.36
919,0.00014944,1.26,1.36
920,0.0001496,1.28,1.3800000000000001
921,0.00014976,1.3,1.3800000000000001
922,0.00014992,1.32,1.4000000000000001
923,0.00015008,1.32,1.44
924,0.00015024,1.34,1.44
925,0.0001504,1.34,1.46
926,0.00015056,1.36,1.48
927,0.00015072000000000002,1.3800000000000001,1.48
928,0.00015088000000000002,1.3800000000000001,1.5
929,0.00015104000000000002,1.4000000000000001,1.52
930,0.00015120000000000002,1.42,1.52
931,0.00015136000000000001,1.42,1.54
932,0.00015152,1.44,1.56
933,0.00015168,1.46,1.56
934,0.00015184,1.48,1.6
935,0.000152,1.48,1.58
936,0.00015216,1.5,1.62
937,0.00015232,1.52,1.62
938,0.00015248,1.52,1.6400000000000001
939,0.00015264,1.54,1.6400000000000001
940,0.0001528,1.56,1.6600000000000001
941,0.00015296,1.58,1.68
942,0.00015312,1.58,1.7
943,0.00015328,1.58,1.72
944,0.00015344,1.6,1.74
945,0.00015360000000000002,1.62,1.74
946,0.00015376000000000002,1.6400000000000001,1.76
947,0.00015392000000000002,1.6600000000000001,1.78
948,0.00015408000000000002,1.6600000000000001,1.8
949,0.00015424000000000001,1.68,1.8
950,0.0001544,1.7,1.82
951,0.00015456,1.72,1.84
952,0.00015472,1.72,1.84
953,0.00015488,1.72,1.86
954,0.00015504,1.74,1.8800000000000001
955,0.0001552,1.76,1.9000000000000001
956,0.00015536,1.78,1.9000000000000001
957,0.00015552,1.8,1.92
958,0.00015568,1.82,1.94
959,0.00015584,1.82,1.96
960,0.000156,1.84,1.96
961,0.00015616,1.86,1.98
962,0.00015632,1.86,2.0
963,0.00015648000000000002,1.8800000000000001,2.0
964,0.00015664000000000002,1.9000000000000001,2.02
965,0.00015680000000000002,1.9000000000000001,2.04
966,0.00015696000000000002,1.92,2.04
967,0.00015712000000000001,1.94,2.06
968,0.00015728,1.96,2.08
969,0.00015744,1.96,2.1
970,0.0001576,1.98,2.12
971,0.00015776,2.0,2.14
972,0.00015792,2.02,2.14
973,0.00015808,2.02,2.16
974,0.00015824,2.04,2.18
975,0.0001584,2.04,2.2
976,0.00015856,2.06,2.2
977,0.00015872,2.08,2.22
978,0.00015888,2.08,2.24
979,0.00015904,2.1,2.2600000000000002
980,0.00015920000000000002,2.12,2.2600000000000002
981,0.00015936000000000002,2.14,2.2600000000000002
982,0.00015952000000000002,2.14,2.3000000000000003
983,0.00015968000000000002,2.16,2.3000000000000003
984,0.00015984000000000001,2.18,2.32
985,0.00016,2.18,2.34
986,0.00016016,2.2,2.36
987,0.00016032,2.22,2.38
988,0.00016048,2.24,2.38
989,0.00016064,2.2600000000000002,2.4
990,0.0001608,2.2600000000000002,2.42
991,0.00016096,2.2800000000000002,2.42
992,0.00016112,2.3000000000000003,2.44
993,0.00016128,2.3000000000000003,2.46
994,0.00016144,2.3000000000000003,2.48
995,0.0001616,2.32,2.48
996,0.00016176,2.34,2.5
997,0.00016192,2.34,2.5
998,0.00016208000000000002,2.38,2.52
999,0.00016224000000000002,2.38,2.54
1000,0.00016240000000000002,2.38,2.54
1001,0.00016256000000000002,2.42,2.58
1002,0.00016272000000000001,2.42,2.58
1003,0.00016288,2.44,2.6
1004,0.00016304,2.46,2.6
1005,0.0001632,2.46,2.62
1006,0.00016336,2.48,2.64
1007,0.00016352,2.5,2.64
1008,0.00016368,2.5,2.66
1009,0.00016384,2.52,2.68
1010,0.000164,2.52,2.7
1011,0.00016416,2.54,2.7
1012,0.00016432,2.56,2.72
1013,0.00016448,2.56,2.74
1014,0.00016464,2.6,2.7600000000000002
1015,0.0001648,2.6,2.7800000000000002
1016,0.00016496000000000002,2.62,2.7800000000000002
1017,0.00016512000000000002,2.64,2.8000000000000003
1018,0.00016528000000000002,2.64,2.82
1019,0.00016544000000000002,2.66,2.84
1020,0.00016560000000000001,2.68,2.86
1021,0.00016576,2.7,2.86
1022,0.00016592,2.7,2.86
1023,0.00016608,2.7,2.88
1024,0.00016624,2.72,2.9
1025,0.0001664,2.74,2.92
1026,0.00016656,2.7600000000000002,2.94
1027,0.00016672,2.7600000000000002,2.94
1028,0.00016688,2.7800000000000002,2.96
1029,0.00016704,2.8000000000000003,2.98
1030,0.0001672,2.8000000000000003,3.0
1031,0.00016736,2.82,3.0
1032,0.00016752,2.84,3.04
1033,0.00016768000000000002,2.86,3.04
1034,0.00016784000000000002,2.86,3.06
1035,0.00016800000000000002,2.88,3.06
1036,0.00016816000000000002,2.9,3.08
1037,0.00016832000000000001,2.9,3.1
1038,0.00016848,2.92,3.12
1039,0.00016864,2.94,3.12
1040,0.0001688,2.96,3.14
1041,0.00016896,2.96,3.16
1042,0.00016912,3.0,3.18
1043,0.00016928,3.0,3.18
1044,0.00016944,3.0,3.2
1045,0.0001696,3.02,3.24
1046,0.00016976,3.04,3.24
1047,0.00016992,3.06,3.2600000000000002
1048,0.00017008,3.06,3.2600000000000002
1049,0.00017024,3.08,3.3000000000000003
1050,0.0001704,3.1,3.3000000000000003
1051,0.00017056000000000002,3.12,3.3000000000000003
1052,0.00017072000000000002,3.12,3.3200000000000003
1053,0.00017088000000000002,3.14,3.34
1054,0.00017104000000000002,3.16,3.36
1055,0.00017120000000000001,3.16,3.36
1056,0.00017136,3.18,3.38
1057,0.00017152,3.2,3.4
1058,0.00017168,3.2,3.42
1059,0.00017184,3.22,3.44
1060,0.000172,3.24,3.44
1061,0.00017216,3.2600000000000002,3.48
1062,0.00017232,3.2600000000000002,3.48
1063,0.00017248,3.3000000000000003,3.48
1064,0.00017264,3.3200000000000003,3.52
1065,0.0001728,3.3200000000000003,3.52
1066,0.00017296,3.3200000000000003,3.52
1067,0.00017312,3.34,3.54
1068,0.00017328,3.36,3.56
1069,0.00017344000000000002,3.36,3.56
1070,0.00017360000000000002,3.38,3.58
1071,0.00017376000000000002,3.4,3.6
1072,0.00017392000000000002,3.4,3.62
1073,0.00017408000000000001,3.42,3.64
1074,0.00017424,3.44,3.66
1075,0.0001744,3.44,3.66
1076,0.00017456,3.48,3.7
1077,0.00017472,3.48,3.7
1078,0.00017488,3.5,3.72
1079,0.00017504,3.52,3.74
1080,0.0001752,3.52,3.74
1081,0.00017536,3.54,3.7600000000000002
1082,0.00017552,3.54,3.7800000000000002
1083,0.00017568,3.56,3.8000000000000003
1084,0.00017584,3.58,3.8000000000000003
1085,0.000176,3.6,3.8200000000000003
1086,0.00017616000000000002,3.6,3.84
1087,0.00017632000000000002,3.62,3.84
1088,0.00017648000000000002,3.64,3.86
1089,0.00017664000000000002,3.64,3.88
1090,0.00017680000000000001,3.66,3.88
1091,0.00017696,3.68,3.92
1092,0.00017712,3.7,3.92
1093,0.00017728,3.7,3.94
1094,0.00017744,3.72,3.96
1095,0.0001776,3.74,3.96
1096,0.00017776,3.7600000000000002,4.0
1097,0.00017792,3.7600000000000002,3.98
1098,0.00017808,3.7800000000000002,4.0
1099,0.00017824,3.8000000000000003,4.0200000000000005
1100,0.0001784,3.8000000000000003,4.04
1101,0.00017856,3.84,4.0600000000000005
1102,0.00017872,3.84,4.0600000000000005
1103,0.00017888,3.84,4.08
1104,0.00017904000000000002,3.86,4.08
1105,0.00017920000000000002,3.88,4.12
1106,0.00017936000000000002,3.88,4.12
1107,0.00017952000000000002,3.9,4.14
1108,0.00017968000000000001,3.94,4.16
1109,0.00017984,3.94,4.18
1110,0.00018,3.94,4.2
1111,0.00018016,3.96,4.2
1112,0.00018032,3.98,4.22
1113,0.00018048,4.0,4.24
1114,0.00018064,4.0200000000000005,4.26
1115,0.0001808,4.0200000000000005,4.26
1116,0.00018096,4.04,4.28
1117,0.00018112,4.0600000000000005,4.3
1118,0.00018128,4.0600000000000005,4.32
1119,0.00018144,4.1,4.32
1120,0.0001816,4.1,4.34
1121,0.00018176,4.1,4.36
1122,0.00018192000000000002,4.12,4.36
1123,0.00018208000000000002,4.14,4.38
1124,0.00018224000000000002,4.14,4.4
1125,0.00018240000000000002,4.16,4.42
1126,0.00018256000000000001,4.18,4.44
1127,0.00018272,4.2,4.44
1128,0.00018288,4.2,4.46
1129,0.00018304,4.22,4.48
1130,0.0001832,4.24,4.5
1131,0.00018336,4.24,4.5
1132,0.00018352,4.26,4.5200000000000005
1133,0.00018368,4.28,4.54
1134,0.00018384,4.3,4.5600000000000005
1135,0.000184,4.3,4.5600000000000005
1136,0.00018416,4.32,4.58
1137,0.00018432,4.34,4.6000000000000005
1138,0.00018448,4.36,4.62
1139,0.00018464000000000002,4.36,4.62
1140,0.00018480000000000002,4.38,4.64
1141,0.00018496000000000002,4.38,4.68
1142,0.00018512000000000002,4.4,4.68
1143,0.00018528000000000001,4.42,4.68
1144,0.00018544,4.42,4.7
1145,0.0001856,4.44,4.72
1146,0.00018576,4.46,4.72
1147,0.00018592,4.48,4.74
1148,0.00018608,4.48,4.76
1149,0.00018624,4.5,4.78
1150,0.0001864,4.5200000000000005,4.78
1151,0.00018656,4.5200000000000005,4.8
1152,0.00018672,4.54,4.82
1153,0.00018688,4.5600000000000005,4.82
1154,0.00018704,4.5600000000000005,4.84
1155,0.0001872,4.58,4.88
1156,0.00018736,4.6000000000000005,4.88
1157,0.00018752000000000002,4.62,4.88
1158,0.00018768000000000002,4.62,4.9
1159,0.00018784000000000002,4.64,4.92
1160,0.00018800000000000002,4.66,4.92
1161,0.00018816000000000001,4.68,4.94
1162,0.00018832,4.48,0.02
1163,0.00018848,3.3200000000000003,0.08
1164,0.00018864,2.48,0.1
1165,0.0001888,1.8800000000000001,0.08
1166,0.00018896,1.44,0.1
1167,0.00018912,1.12,0.12
1168,0.00018928,0.88,0.12
1169,0.00018944,0.72,0.14
1170,0.0001896,0.58,0.14
1171,0.00018976,0.5,0.16
1172,0.00018992,0.42,0.18
1173,0.00019008,0.38,0.2
1174,0.00019024,0.34,0.2
1175,0.00019040000000000002,0.32,0.2
1176,0.00019056000000000002,0.3,0.24
1177,0.00019072000000000002,0.3,0.24
1178,0.00019088000000000002,0.3,0.26
1179,0.00019104000000000001,0.28,0.28
1180,0.0001912,0.3,0.3
1181,0.00019136,0.3,0.3
1182,0.00019152,0.32,0.32
1183,0.00019168,0.32,0.34
1184,0.00019184,0.32,0.36
1185,0.000192,0.34,0.36
1186,0.00019216,0.34,0.38
1187,0.00019232,0.36,0.4
1188,0.00019248,0.36,0.4
1189,0.00019264,0.38,0.42
1190,0.0001928,0.4,0.44
1191,0.00019296,0.42,0.46
1192,0.00019312000000000002,0.42,0.48
1193,0.00019328000000000002,0.44,0.48
1194,0.00019344000000000002,0.44,0.5
1195,0.00019360000000000002,0.46,0.5
1196,0.00019376000000000002,0.48,0.54
1197,0.00019392000000000001,0.5,0.54
1198,0.00019408,0.5,0.56
1199,0.00019424,0.52,0.58
1200,0.0001944,0.52,0.6
1201,0.00019456,0.56,0.6
1202,0.00019472,0.54,0.6
1203,0.00019488,0.58,0.64
1204,0.00019504,0.58,0.64
1205,0.0001952,0.6,0.66
1206,0.00019536,0.62,0.68
1207,0.00019552,0.62,0.7000000000000001
1208,0.00019568,0.64,0.7000000000000001
1209,0.00019584,0.66,0.72
1210,0.00019600000000000002,0.68,0.74
1211,0.00019616000000000002,0.68,0.76
1212,0.00019632000000000002,0.7000000000000001,0.76
1213,0.00019648000000000002,0.72,0.78
1214,0.00019664000000000001,0.72,0.8
1215,0.0001968,0.76,0.8200000000000001
1216,0.00019696,0.76,0.8200000000000001
1217,0.00019712,0.76,0.84
1218,0.00019728,0.78,0.86
1219,0.00019744,0.8,0.86
1220,0.0001976,0.8,0.9
1221,0.00019776,0.8200000000000001,0.9
1222,0.00019792,0.84,0.92
1223,0.00019808,0.84,0.92
1224,0.00019824,0.86,0.9400000000000001
1225,0.0001984,0.88,0.96
1226,0.00019856,0.9,0.98
1227,0.00019872,0.88,0.98
1228,0.00019888000000000002,0.92,1.0
1229,0.00019904000000000002,0.92,1.0
1230,0.00019920000000000002,0.9400000000000001,1.04
1231,0.00019936000000000002,0.96,1.06
1232,0.00019952000000000001,0.98,1.06
1233,0.00019968,1.0,1.08
1234,0.00019984,1.0,1.1
1235,0.0002,1.0,1.1
1236,0.00020016,1.04,1.12
1237,0.00020032,1.04,1.1400000000000001
1238,0.00020048,1.04,1.16
1239,0.00020064,1.08,1.18
1240,0.0002008,1.08,1.18
1241,0.00020096,1.1,1.2
1242,0.00020112,1.12,1.2
1243,0.00020128,1.1400000000000001,1.22
1244,0.00020144,1.12,1.22
1245,0.00020160000000000002,1.1400000000000001,1.26
1246,0.00020176000000000002,1.16,1.28
1247,0.00020192000000000002,1.18,1.3
1248,0.00020208000000000002,1.2,1.3
1249,0.00020224000000000002,1.22,1.32
1250,0.00020240000000000001,1.24,1.34
1251,0.00020256,1.22,1.36
1252,0.00020272,1.26,1.36
1253,0.00020288,1.26,1.3800000000000001
1254,0.00020304,1.28,1.3800000000000001
1255,0.0002032,1.3,1.4000000000000001
1256,0.00020336,1.3,1.42
1257,0.00020352,1.32,1.44
1258,0.00020368,1.34,1.46
1259,0.00020384,1.36,1.46
1260,0.000204,1.36,1.48
1261,0.00020416,1.3800000000000001,1.5
1262,0.00020432,1.3800000000000001,1.5
1263,0.00020448000000000002,1.4000000000000001,1.52
1264,0.00020464000000000002,1.42,1.54
1265,0.00020480000000000002,1.44,1.54
1266,0.00020496000000000002,1.44,1.56
1267,0.00020512000000000001,1.46,1.58
1268,0.00020528,1.46,1.6
1269,0.00020544,1.5,1.6
1270,0.0002056,1.5,1.6
1271,0.00020576,1.52,1.62
1272,0.00020592,1.54,1.6400000000000001
1273,0.00020608,1.56,1.6600000000000001
1274,0.00020624,1.56,1.68
1275,0.0002064,1.58,1.7
1276,0.00020656,1.58,1.7
1277,0.00020672,1.6,1.72
1278,0.00020688,1.62,1.74
1279,0.00020704,1.6400000000000001,1.74
1280,0.0002072,1.62,1.76
1281,0.00020736000000000002,1.6600000000000001,1.78
1282,0.00020752000000000002,1.68,1.8
1283,0.00020768000000000002,1.68,1.8
1284,0.00020784000000000002,1.7,1.82
1285,0.00020800000000000001,1.72,1.84
1286,0.00020816,1.74,1.86
1287,0.00020832,1.74,1.86
1288,0.00020848,1.76,1.8800000000000001
1289,0.00020864,1.78,1.9000000000000001
1290,0.0002088,1.78,1.92
1291,0.00020896,1.8,1.92
1292,0.00020912,1.8,1.94
1293,0.00020928,1.84,1.96
1294,0.00020944,1.84,1.98
1295,0.0002096,1.86,2.0
1296,0.00020976,1.86,2.0
1297,0.00020992,1.9000000000000001,2.02
1298,0.00021008000000000002,1.9000000000000001,2.02
1299,0.00021024000000000002,1.92,2.04
1300,0.00021040000000000002,1.94,2.06
1301,0.00021056000000000002,1.94,2.08
1302,0.00021072000000000002,1.96,2.1
1303,0.00021088000000000001,1.96,2.1
1304,0.00021104,1.98,2.12
1305,0.0002112,2.0,2.14
1306,0.00021136,2.02,2.14
1307,0.00021152,2.02,2.18
1308,0.00021168,2.04,2.18
1309,0.00021184,2.06,2.2
1310,0.000212,2.06,2.22
1311,0.00021216,2.08,2.24
1312,0.00021232,2.1,2.22
1313,0.00021248,2.1,2.24
1314,0.00021264,2.12,2.2600000000000002
1315,0.0002128,2.14,2.2800000000000002
1316,0.00021296000000000002,2.14,2.2800000000000002
1317,0.00021312000000000002,2.16,2.3000000000000003
1318,0.00021328000000000002,2.18,2.32
1319,0.00021344000000000002,2.2,2.34
1320,0.00021360000000000001,2.22,2.36
1321,0.00021376,2.22,2.38
1322,0.00021392,2.24,2.38
1323,0.00021408,2.24,2.4
1324,0.00021424,2.2600000000000002,2.4
1325,0.0002144,2.2800000000000002,2.44
1326,0.00021456,2.3000000000000003,2.46
1327,0.00021472,2.3000000000000003,2.48
1328,0.00021488,2.32,2.48
1329,0.00021504,2.34,2.5
1330,0.0002152,2.34,2.5
1331,0.00021536,2.34,2.52
1332,0.00021552,2.38,2.54
1333,0.00021568000000000002,2.38,2.54
1334,0.00021584000000000002,2.4,2.56
1335,0.00021600000000000002,2.42,2.58
1336,0.00021616000000000002,2.44,2.6
1337,0.00021632000000000002,2.44,2.6
1338,0.00021648000000000001,2.46,2.62
1339,0.00021664,2.48,2.62
1340,0.0002168,2.48,2.64
1341,0.00021696,2.5,2.66
1342,0.00021712,2.5,2.68
1343,0.00021728,2.52,2.7
1344,0.00021744,2.52,2.7
1345,0.0002176,2.54,2.72
1346,0.00021776,2.56,2.74
1347,0.00021792,2.58,2.74
1348,0.00021808,2.58,2.7600000000000002
1349,0.00021824,2.6,2.7800000000000002
1350,0.0002184,2.62,2.8000000000000003
1351,0.00021856000000000002,2.62,2.8000000000000003
1352,0.00021872000000000002,2.64,2.82
1353,0.00021888000000000002,2.64,2.84
1354,0.00021904000000000002,2.68,2.86
1355,0.00021920000000000002,2.68,2.86
1356,0.00021936000000000001,2.7,2.86
1357,0.00021952,2.72,2.9
1358,0.00021968,2.74,2.9
1359,0.00021984,2.74,2.92
1360,0.00022,2.7600000000000002,2.94
1361,0.00022016,2.7800000000000002,2.96
1362,0.00022032,2.7800000000000002,2.98
1363,0.00022048,2.8000000000000003,3.0
1364,0.00022064,2.82,3.0
1365,0.0002208,2.84,3.02
1366,0.00022096,2.84,3.04
1367,0.00022112,2.86,3.04
1368,0.00022128,2.86,3.06
1369,0.00022144000000000002,2.88,3.08
1370,0.00022160000000000002,2.9,3.08
1371,0.00022176000000000002,2.9,3.12
1372,0.00022192000000000002,2.92,3.12
1373,0.00022208000000000002,2.94,3.14
1374,0.00022224,2.96,3.16
1375,0.0002224,2.96,3.16
1376,0.00022256,2.98,3.18
1377,0.00022272,2.98,3.2
1378,0.00022288,3.02,3.2
1379,0.00022304,3.02,3.22
1380,0.0002232,3.06,3.24
1381,0.00022336,3.06,3.2600000000000002
1382,0.00022352,3.08,3.2600000000000002
1383,0.00022368,3.1,3.3000000000000003
1384,0.00022384,3.1,3.3000000000000003
1385,0.000224,3.12,3.3200000000000003
1386,0.00022416000000000002,3.12,3.3200000000000003
1387,0.00022432000000000002,3.14,3.34
1388,0.00022448000000000002,3.16,3.36
1389,0.00022464000000000002,3.18,3.38
1390,0.00022480000000000002,3.2,3.38
1391,0.00022496000000000001,3.2,3.4
1392,0.00022512,3.22,3.42
1393,0.00022528,3.22,3.44
1394,0.00022544,3.2600000000000002,3.46
1395,0.0002256,3.2600000000000002,3.46
1396,0.00022576,3.2600000000000002,3.48
1397,0.00022592,3.3000000000000003,3.5
1398,0.00022608,3.3000000000000003,3.5
1399,0.00022624,3.3200000000000003,3.52
1400,0.0002264,3.34,3.54
1401,0.00022656,3.34,3.56
1402,0.00022672,3.36,3.58
1403,0.00022688,3.38,3.58
1404,0.00022704000000000002,3.4,3.6
1405,0.00022720000000000002,3.4,3.62
1406,0.00022736000000000002,3.42,3.62
1407,0.00022752000000000002,3.44,3.64
1408,0.00022768000000000002,3.44,3.66
1409,0.00022784000000000001,3.46,3.68
1410,0.000228,3.48,3.68
1411,0.00022816,3.48,3.7
1412,0.00022832,3.5,3.72
1413,0.00022848,3.52,3.74
1414,0.00022864,3.54,3.7600000000000002
1415,0.0002288,3.54,3.7800000000000002
1416,0.00022896,3.56,3.7800000000000002
1417,0.00022912,3.56,3.8000000000000003
1418,0.00022928,3.58,3.8200000000000003
1419,0.00022944,3.6,3.8200000000000003
1420,0.0002296,3.62,3.84
1421,0.00022976,3.62,3.86
1422,0.00022992000000000002,3.64,3.86
1423,0.00023008000000000002,3.66,3.9
1424,0.00023024000000000002,3.68,3.9
1425,0.00023040000000000002,3.68,3.92
1426,0.00023056000000000002,3.7,3.94
1427,0.00023072000000000001,3.72,3.94
1428,0.00023088,3.72,3.96
1429,0.00023104,3.74,3.96
1430,0.0002312,3.7600000000000002,3.98
1431,0.00023136,3.7600000000000002,4.0
1432,0.00023152,3.7800000000000002,4.0200000000000005
1433,0.00023168,3.8000000000000003,4.0200000000000005
1434,0.00023184,3.8200000000000003,4.04
1435,0.000232,3.8200000000000003,4.0600000000000005
1436,0.00023216,3.84,4.08
1437,0.00023232,3.86,4.1
1438,0.00023248,3.86,4.1
1439,0.00023264000000000002,3.88,4.12
1440,0.00023280000000000002,3.9,4.14
1441,0.00023296000000000002,3.9,4.14
1442,0.00023312000000000002,3.94,4.16
1443,0.00023328000000000002,3.94,4.18
1444,0.00023344000000000001,3.96,4.2
1445,0.0002336,3.98,4.22
1446,0.00023376,4.0,4.22
1447,0.00023392,4.0,4.24
1448,0.00023408,4.0200000000000005,4.24
1449,0.00023424,4.04,4.26
1450,0.0002344,4.04,4.28
1451,0.00023456,4.0600000000000005,4.3
1452,0.00023472,4.0600000000000005,4.32
1453,0.00023488,4.08,4.34
1454,0.00023504,4.1,4.34
1455,0.0002352,4.12,4.36
1456,0.00023536,4.14,4.38
1457,0.00023552000000000002,4.14,4.4
1458,0.00023568000000000002,4.16,4.4
1459,0.00023584000000000002,4.18,4.42
1460,0.00023600000000000002,4.18,4.44
1461,0.00023616000000000002,4.2,4.46
1462,0.00023632000000000001,4.2,4.48
1463,0.00023648,4.22,4.48
1464,0.00023664,4.24,4.5
1465,0.0002368,4.26,4.5
1466,0.00023696,4.28,4.5200000000000005
1467,0.00023712,4.28,4.54
1468,0.00023728,4.3,4.5600000000000005
1469,0.00023744,4.32,4.58
1470,0.0002376,4.32,4.58
1471,0.00023776,4.34,4.6000000000000005
1472,0.00023792,4.36,4.62
1473,0.00023808,4.38,4.64
1474,0.00023824,4.38,4.64
1475,0.00023840000000000002,4.4,4.66
1476,0.00023856000000000002,4.4,4.68
1477,0.00023872000000000002,4.42,4.68
1478,0.00023888000000000002,4.44,4.7
1479,0.00023904000000000002,4.46,4.72
1480,0.00023920000000000001,4.48,4.74
1481,0.00023936,4.48,4.74
1482,0.00023952,4.5,4.76
1483,0.00023968,4.5200000000000005,4.78
1484,0.00023984,4.54,4.8
1485,0.00024,4.54,4.8
1486,0.00024016,4.5600000000000005,4.82
1487,0.00024032,4.58,4.84
1488,0.00024048,4.58,4.86
1489,0.00024064,4.6000000000000005,4.86
1490,0.0002408,4.6000000000000005,4.88
1491,0.00024096,4.64,4.9
1492,0.00024112000000000002,4.64,4.92
1493,0.00024128000000000002,4.66,4.92
1494,0.00024144000000000002,4.68,4.94
1495,0.00024160000000000002,4.7,4.96
1496,0.00024176000000000002,3.9,0.1
1497,0.00024192000000000001,2.9,0.1
1498,0.00024208,2.18,0.1
1499,0.00024224,1.68,0.1
1500,0.0002424,1.28,0.12
1501,0.00024256,1.02,0.12
1502,0.00024272,0.8200000000000001,0.12
1503,0.00024288,0.66,0.14
1504,0.00024304,0.54,0.16
1505,0.0002432,0.46,0.16
1506,0.00024336,0.4,0.18
1507,0.00024352,0.36,0.2
1508,0.00024368,0.34,0.22
1509,0.00024384,0.32,0.24
1510,0.00024400000000000002,0.32,0.24
1511,0.00024416,0.3,0.26
1512,0.00024432,0.28,0.26
1513,0.00024448,0.3,0.28
1514,0.00024464,0.3,0.3
1515,0.0002448,0.3,0.32
1516,0.00024496,0.32,0.32
1517,0.00024512,0.32,0.34
1518,0.00024528,0.34,0.36
1519,0.00024544,0.34,0.38
1520,0.0002456,0.36,0.4
1521,0.00024576,0.36,0.4
1522,0.00024592,0.38,0.42
1523,0.00024608,0.38,0.44
1524,0.00024624,0.4,0.44
1525,0.00024639999999999997,0.42,0.46
1526,0.00024656,0.42,0.48
1527,0.00024672,0.44,0.48
1528,0.00024688,0.44,0.5
1529,0.00024704,0.46,0.52
1530,0.0002472,0.48,0.54
1531,0.00024736,0.5,0.56
1532,0.00024752,0.5,0.56
1533,0.00024768,0.52,0.58
1534,0.00024784,0.54,0.6
1535,0.000248,0.54,0.62
1536,0.00024816000000000004,0.56,0.62
1537,0.00024832,0.58,0.64
1538,0.00024848000000000003,0.58,0.66
1539,0.00024864,0.6,0.68
1540,0.00024880000000000003,0.62,0.68
1541,0.00024896,0.64,0.7000000000000001
1542,0.00024912000000000003,0.64,0.72
1543,0.00024928,0.68,0.74
1544,0.00024944,0.68,0.74
1545,0.0002496,0.7000000000000001,0.76
1546,0.00024976,0.72,0.78
1547,0.00024992,0.72,0.8
1548,0.00025008,0.74,0.8
1549,0.00025024,0.74,0.8200000000000001
1550,0.0002504,0.76,0.84
1551,0.00025056,0.78,0.86
1552,0.00025072,0.78,0.86
1553,0.00025088,0.8,0.88
1554,0.00025104,0.8200000000000001,0.9
1555,0.00025120000000000003,0.84,0.92
1556,0.00025136,0.84,0.92
1557,0.00025152000000000003,0.86,0.9400000000000001
1558,0.00025168,0.88,0.96
1559,0.00025184000000000003,0.88,0.96
1560,0.000252,0.88,0.98
1561,0.00025216,0.92,1.0
1562,0.00025232,0.92,1.02
1563,0.00025248,0.92,1.04
1564,0.00025264,0.96,1.04
1565,0.0002528,0.96,1.06
1566,0.00025296,0.98,1.08
1567,0.00025312,1.0,1.08
1568,0.00025328,1.02,1.1
1569,0.00025344,1.02,1.12
1570,0.0002536,1.02,1.1400000000000001
1571,0.00025376,1.06,1.1400000000000001
1572,0.00025392000000000004,1.06,1.1400000000000001
1573,0.00025408,1.08,1.18
1574,0.00025424000000000003,1.1,1.18
1575,0.0002544,1.12,1.2
1576,0.00025456000000000003,1.12,1.22
1577,0.00025472,1.1400000000000001,1.24
1578,0.00025488,1.1400000000000001,1.24
1579,0.00025504,1.16,1.26
1580,0.0002552,1.18,1.26
1581,0.00025536,1.2,1.3
1582,0.00025552,1.2,1.32
1583,0.00025568,1.22,1.32
1584,0.00025584,1.24,1.32
1585,0.000256,1.26,1.34
1586,0.00025616,1.26,1.3800000000000001
1587,0.00025632,1.28,1.3800000000000001
1588,0.00025648,1.3,1.4000000000000001
1589,0.00025664000000000004,1.3,1.42
1590,0.0002568,1.32,1.44
1591,0.00025696000000000003,1.34,1.42
1592,0.00025712,1.34,1.46
1593,0.00025728000000000003,1.36,1.46
1594,0.00025744,1.3800000000000001,1.48
1595,0.00025760000000000003,1.3800000000000001,1.5
1596,0.00025776,1.4000000000000001,1.52
1597,0.00025792,1.42,1.52
1598,0.00025808,1.44,1.54
1599,0.00025824,1.44,1.56
1600,0.0002584,1.46,1.56
1601,0.00025856,1.46,1.58
1602,0.00025872,1.48,1.6
1603,0.00025888,1.5,1.62
1604,0.00025904,1.52,1.6400000000000001
1605,0.0002592,1.54,1.6600000000000001
1606,0.00025936,1.54,1.6600000000000001
1607,0.00025952,1.56,1.68
1608,0.00025968000000000003,1.56,1.68
1609,0.00025984,1.58,1.7
1610,0.00026000000000000003,1.6,1.72
1611,0.00026016,1.62,1.74
1612,0.00026032000000000003,1.62,1.74
1613,0.00026048,1.6400000000000001,1.76
1614,0.00026064,1.6600000000000001,1.78
1615,0.0002608,1.6600000000000001,1.78
1616,0.00026096,1.68,1.82
1617,0.00026112,1.7,1.82
1618,0.00026128,1.72,1.84
1619,0.00026144,1.72,1.84
1620,0.0002616,1.74,1.86
1621,0.00026176,1.74,1.8800000000000001
1622,0.00026192,1.76,1.9000000000000001
1623,0.00026208,1.78,1.9000000000000001
1624,0.00026224,1.78,1.92
1625,0.00026240000000000004,1.8,1.94
1626,0.00026256,1.82,1.96
1627,0.00026272000000000003,1.84,1.96
1628,0.00026288,1.84,1.98
1629,0.00026304000000000003,1.86,2.0
1630,0.0002632,1.8800000000000001,2.02
1631,0.00026336,1.9000000000000001,2.02
1632,0.00026352,1.9000000000000001,2.04
1633,0.00026368,1.92,2.06
1634,0.00026384,1.94,2.06
1635,0.000264,1.94,2.08
1636,0.00026416,1.96,2.1
1637,0.00026432,1.98,2.12
1638,0.00026448,2.0,2.12
1639,0.00026464,2.0,2.14
1640,0.0002648,2.0,2.16
1641,0.00026496,2.02,2.18
1642,0.00026512000000000004,2.06,2.18
1643,0.00026528,2.06,2.2
1644,0.00026544000000000003,2.08,2.22
1645,0.0002656,2.1,2.22
1646,0.00026576000000000003,2.1,2.2600000000000002
1647,0.00026592,2.12,2.2600000000000002
1648,0.00026608000000000003,2.14,2.2800000000000002
1649,0.00026624,2.14,2.3000000000000003
1650,0.0002664,2.16,2.3000000000000003
1651,0.00026656,2.18,2.32
1652,0.00026672,2.18,2.34
1653,0.00026688,2.2,2.34
1654,0.00026704,2.22,2.38
1655,0.0002672,2.24,2.38
1656,0.00026736,2.24,2.38
1657,0.00026752,2.2600000000000002,2.42
1658,0.00026768,2.2800000000000002,2.42
1659,0.00026784,2.2800000000000002,2.42
1660,0.000268,2.3000000000000003,2.46
1661,0.00026816000000000003,2.32,2.48
1662,0.00026832,2.32,2.48
1663,0.00026848000000000003,2.34,2.5
1664,0.00026864,2.36,2.52
1665,0.00026880000000000003,2.38,2.52
1666,0.00026896,2.38,2.54
1667,0.00026912,2.4,2.54
1668,0.00026928,2.4,2.56
1669,0.00026944,2.42,2.58
1670,0.0002696,2.44,2.6
1671,0.00026976,2.46,2.6
1672,0.00026992,2.46,2.62
1673,0.00027008,2.46,2.64
1674,0.00027024,2.5,2.64
1675,0.0002704,2.5,2.68
1676,0.00027056,2.5,2.68
1677,0.00027072,2.52,2.7
1678,0.00027088000000000004,2.54,2.7
1679,0.00027104,2.56,2.72
1680,0.00027120000000000003,2.56,2.7600000000000002
1681,0.00027136,2.58,2.7600000000000002
1682,0.00027152000000000003,2.6,2.7800000000000002
1683,0.00027168,2.6,2.7800000000000002
1684,0.00027184,2.62,2.8000000000000003
1685,0.000272,2.64,2.82
1686,0.00027216,2.66,2.82
1687,0.00027232,2.66,2.84
1688,0.00027248,2.68,2.86
1689,0.00027264,2.68,2.86
1690,0.0002728,2.72,2.88
1691,0.00027296,2.72,2.9
1692,0.00027312,2.74,2.94
1693,0.00027328,2.74,2.92
1694,0.00027344,2.7600000000000002,2.94
1695,0.00027360000000000004,2.7800000000000002,2.96
1696,0.00027376,2.7800000000000002,2.98
1697,0.00027392000000000003,2.82,2.98
1698,0.00027408,2.82,3.0
1699,0.00027424000000000003,2.84,3.02
1700,0.0002744,2.86,3.04
1701,0.00027456000000000003,2.88,3.04
1702,0.00027472,2.88,3.08
1703,0.00027488,2.9,3.08
1704,0.00027504,2.9,3.1
1705,0.0002752,2.92,3.1
1706,0.00027536,2.94,3.14
1707,0.00027552,2.94,3.14
1708,0.00027568,2.98,3.16
1709,0.00027584,2.98,3.18
1710,0.000276,2.98,3.18
1711,0.00027616,3.0,3.2
1712,0.00027632,3.02,3.22
1713,0.00027648,3.04,3.24
1714,0.00027664000000000003,3.06,3.24
1715,0.0002768,3.06,3.2600000000000002
1716,0.00027696000000000003,3.08,3.2800000000000002
1717,0.00027712,3.1,3.3000000000000003
1718,0.00027728000000000003,3.12,3.3000000000000003
1719,0.00027744,3.14,3.3200000000000003
1720,0.0002776,3.14,3.34
1721,0.00027776,3.14,3.36
1722,0.00027792,3.16,3.38
1723,0.00027808,3.2,3.38
1724,0.00027824,3.2,3.4
1725,0.0002784,3.22,3.4
1726,0.00027856,3.22,3.44
1727,0.00027872,3.24,3.44
1728,0.00027888,3.2600000000000002,3.46
1729,0.00027904,3.2800000000000002,3.48
1730,0.0002792,3.2800000000000002,3.48
1731,0.00027936000000000004,3.3000000000000003,3.5
1732,0.00027952,3.3200000000000003,3.52
1733,0.00027968000000000003,3.34,3.52
1734,0.00027984,3.34,3.54
1735,0.00028000000000000003,3.34,3.56
1736,0.00028016,3.38,3.58
1737,0.00028032,3.38,3.58
1738,0.00028048,3.4,3.6
1739,0.00028064,3.4,3.6
1740,0.0002808,3.42,3.64
1741,0.00028096,3.46,3.64
1742,0.00028112,3.46,3.66
1743,0.00028128,3.46,3.68
1744,0.00028144,3.48,3.7
1745,0.0002816,3.5,3.7
1746,0.00028176,3.52,3.72
1747,0.00028192,3.52,3.74
1748,0.00028208000000000004,3.54,3.7600000000000002
1749,0.00028224,3.56,3.7800000000000002
1750,0.00028240000000000003,3.56,3.8000000000000003
1751,0.00028256,3.58,3.8000000000000003
1752,0.00028272000000000003,3.6,3.8200000000000003
1753,0.00028288,3.6,3.84
1754,0.00028304000000000003,3.62,3.86
1755,0.0002832,3.64,3.86
1756,0.00028336,3.64,3.88
1757,0.00028352,3.66,3.9
1758,0.00028368,3.7,3.92
1759,0.00028384,3.7,3.92
1760,0.000284,3.7,3.94
1761,0.00028416,3.72,3.96
1762,0.00028432,3.74,3.96
1763,0.00028448,3.7600000000000002,3.98
1764,0.00028464,3.7600000000000002,4.0
1765,0.0002848,3.7800000000000002,4.0200000000000005
1766,0.00028496,3.8000000000000003,4.04
1767,0.00028512000000000003,3.8000000000000003,4.04
1768,0.00028528,3.84,4.0600000000000005
1769,0.00028544000000000003,3.84,4.0600000000000005
1770,0.0002856,3.84,4.08
1771,0.00028576000000000003,3.86,4.1
1772,0.00028592,3.88,4.12
1773,0.00028608,3.9,4.12
1774,0.00028624,3.92,4.14
1775,0.0002864,3.92,4.18
1776,0.00028656,3.92,4.18
1777,0.00028672,3.94,4.18
1778,0.00028688,3.96,4.2
1779,0.00028704,3.98,4.22
1780,0.0002872,4.0,4.24
1781,0.00028736,4.0,4.24
1782,0.00028752,4.0200000000000005,4.26
1783,0.00028768,4.04,4.28
1784,0.00028784000000000004,4.0600000000000005,4.3
1785,0.000288,4.0600000000000005,4.3
1786,0.00028816000000000003,4.1,4.32
1787,0.00028832,4.08,4.34
1788,0.00028848000000000003,4.1,4.36
1789,0.00028864,4.12,4.38
1790,0.0002888,4.14,4.38
1791,0.00028896,4.14,4.4
1792,0.00028912,4.18,4.42
1793,0.00028928,4.18,4.44
1794,0.00028944,4.2,4.46
1795,0.0002896,4.2,4.46
1796,0.00028976,4.22,4.48
1797,0.00028992,4.24,4.48
1798,0.00029008,4.24,4.5
1799,0.00029024,4.26,4.5200000000000005
1800,0.0002904,4.28,4.54
1801,0.00029056000000000004,4.3,4.54
1802,0.00029072,4.3,4.5600000000000005
1803,0.00029088000000000003,4.32,4.58
1804,0.00029104,4.34,4.6000000000000005
1805,0.00029120000000000003,4.36,4.6000000000000005
1806,0.00029136,4.36,4.62
1807,0.00029152000000000003,4.38,4.64
1808,0.00029168,4.38,4.64
1809,0.00029184,4.4,4.68
1810,0.000292,4.4,4.68
1811,0.00029216,4.44,4.7
1812,0.00029232,4.44,4.7
1813,0.00029248,4.46,4.72
1814,0.00029264,4.48,4.74
1815,0.0002928,4.5,4.76
1816,0.00029296,4.5,4.78
1817,0.00029312,4.5200000000000005,4.78
1818,0.00029328,4.54,4.82
1819,0.00029344,4.54,4.82
1820,0.00029360000000000003,4.5600000000000005,4.82
1821,0.00029376,4.58,4.84
1822,0.00029392000000000003,4.58,4.86
1823,0.00029408,4.6000000000000005,4.88
1824,0.00029424000000000003,4.62,4.88
1825,0.0002944,4.64,4.9
1826,0.00029456,4.64,4.92
1827,0.00029472,4.66,4.94
1828,0.00029488,4.68,4.96
1829,0.00029504,4.62,0.48
1830,0.0002952,3.42,0.1
1831,0.00029536,2.54,0.1
1832,0.00029552,1.92,0.1
1833,0.00029568,1.48,0.1
1834,0.00029584,1.1400000000000001,0.12
1835,0.000296,0.9,0.12
1836,0.00029616,0.72,0.14
1837,0.00029632000000000004,0.6,0.14
1838,0.00029648,0.5,0.16
1839,0.00029664000000000003,0.42,0.18
1840,0.0002968,0.38,0.2
1841,0.00029696000000000003,0.34,0.2
1842,0.00029712,0.32,0.22
1843,0.00029728,0.32,0.24
1844,0.00029744,0.3,0.26
1845,0.0002976,0.3,0.26
1846,0.00029776,0.3,0.28
1847,0.00029792,0.3,0.3
1848,0.00029808,0.3,0.32
1849,0.00029824,0.32,0.32
1850,0.0002984,0.32,0.34
1851,0.00029856,0.34,0.36
1852,0.00029872,0.34,0.36
1853,0.00029888,0.36,0.38
1854,0.00029904000000000004,0.36,0.4
1855,0.0002992,0.38,0.4
1856,0.00029936000000000003,0.38,0.44
1857,0.00029952,0.4,0.42
1858,0.00029968000000000003,0.42,0.44
1859,0.00029984,0.42,0.48
1860,0.00030000000000000003,0.44,0.48
1861,0.00030016,0.46,0.5
1862,0.00030032,0.46,0.52
1863,0.00030048,0.48,0.54
1864,0.00030064,0.48,0.56
1865,0.0003008,0.5,0.56
1866,0.00030096,0.52,0.58
1867,0.00030112,0.54,0.6
1868,0.00030128,0.54,0.6
1869,0.00030144,0.56,0.62
1870,0.0003016,0.58,0.64
1871,0.00030176,0.58,0.66
1872,0.00030192,0.6,0.66
1873,0.00030208000000000004,0.62,0.68
1874,0.00030224,0.62,0.7000000000000001
1875,0.00030240000000000003,0.64,0.72
1876,0.00030256,0.66,0.72
1877,0.00030272000000000003,0.66,0.74
1878,0.00030288,0.68,0.74
1879,0.00030304,0.68,0.78
1880,0.0003032,0.72,0.78
1881,0.00030336,0.72,0.8
1882,0.00030352,0.74,0.8200000000000001
1883,0.00030368,0.76,0.8200000000000001
1884,0.00030384,0.78,0.86
1885,0.000304,0.78,0.84
1886,0.00030416,0.8,0.88
1887,0.00030432,0.8200000000000001,0.9
1888,0.00030448,0.8200000000000001,0.9
1889,0.00030464,0.84,0.92
1890,0.00030480000000000004,0.86,0.9400000000000001
1891,0.00030496,0.86,0.96
1892,0.00030512000000000003,0.88,0.96
1893,0.00030528,0.9,0.98
1894,0.00030544000000000003,0.9,1.0
1895,0.0003056,0.92,1.0
1896,0.00030576,0.9400000000000001,1.02
1897,0.00030592,0.96,1.04
1898,0.00030608,0.96,1.06
1899,0.00030624,0.98,1.08
1900,0.0003064,0.98,1.08
1901,0.00030656,1.02,1.1
1902,0.00030672,1.02,1.12
1903,0.00030688,1.04,1.12
1904,0.00030704,1.04,1.1400000000000001
1905,0.0003072,1.06,1.16
1906,0.00030736,1.08,1.16
1907,0.00030752000000000004,1.08,1.18
1908,0.00030768,1.1,1.2
1909,0.00030784000000000003,1.12,1.22
1910,0.000308,1.1400000000000001,1.22
1911,0.00030816000000000003,1.1400000000000001,1.24
1912,0.00030832,1.16,1.24
1913,0.00030848000000000003,1.18,1.28
1914,0.00030864,1.18,1.28
1915,0.0003088,1.2,1.3
1916,0.00030896,1.22,1.3
1917,0.00030912,1.24,1.34
1918,0.00030928,1.24,1.36
1919,0.00030944,1.26,1.36
1920,0.0003096,1.26,1.3800000000000001
1921,0.00030976,1.28,1.4000000000000001
1922,0.00030992,1.3,1.4000000000000001
1923,0.00031008,1.32,1.42
1924,0.00031024,1.3,1.44
1925,0.0003104,1.34,1.44
1926,0.00031056000000000004,1.36,1.46
1927,0.00031072,1.36,1.48
1928,0.00031088000000000003,1.36,1.5
1929,0.00031104,1.4000000000000001,1.5
1930,0.00031120000000000003,1.4000000000000001,1.52
1931,0.00031136,1.42,1.54
1932,0.00031152,1.44,1.54
1933,0.00031168,1.46,1.56
1934,0.00031184,1.46,1.58
1935,0.000312,1.48,1.6
1936,0.00031216,1.5,1.6
1937,0.00031232,1.5,1.6
1938,0.00031248,1.52,1.6400000000000001
1939,0.00031264,1.54,1.6600000000000001
1940,0.0003128,1.56,1.6600000000000001
1941,0.00031296,1.56,1.68
1942,0.00031312,1.58,1.7
1943,0.00031328000000000004,1.58,1.72
1944,0.00031344,1.6,1.72
1945,0.00031360000000000003,1.62,1.74
1946,0.00031376,1.6400000000000001,1.76
1947,0.00031392000000000003,1.6400000000000001,1.76
1948,0.00031408,1.6600000000000001,1.78
1949,0.00031424000000000003,1.68,1.8
1950,0.0003144,1.68,1.82
1951,0.00031456,1.7,1.82
1952,0.00031472,1.72,1.84
1953,0.00031488,1.72,1.86
1954,0.00031504,1.74,1.8800000000000001
1955,0.0003152,1.76,1.8800000000000001
1956,0.00031536,1.78,1.9000000000000001
1957,0.00031552,1.8,1.92
1958,0.00031568,1.78,1.92
1959,0.00031584,1.82,1.94
1960,0.00031600000000000004,1.84,1.96
1961,0.00031616,1.84,1.98
1962,0.00031632000000000003,1.86,1.98
1963,0.00031648,1.86,2.0
1964,0.00031664000000000003,1.8800000000000001,2.02
1965,0.0003168,1.9000000000000001,2.02
1966,0.00031696000000000003,1.92,2.04
1967,0.00031712,1.92,2.06
1968,0.00031728,1.94,2.08
1969,0.00031744,1.94,2.1
1970,0.0003176,1.96,2.1
1971,0.00031776,1.98,2.12
1972,0.00031792,2.0,2.14
1973,0.00031808,2.02,2.16
1974,0.00031824,2.0,2.18
1975,0.0003184,2.02,2.18
1976,0.00031856,2.06,2.2
1977,0.00031872,2.06,2.22
1978,0.00031888,2.08,2.22
1979,0.00031904000000000004,2.08,2.24
1980,0.0003192,2.1,2.2600000000000002
1981,0.00031936000000000003,2.1,2.2600000000000002
1982,0.00031952,2.14,2.2800000000000002
1983,0.00031968000000000003,2.16,2.2800000000000002
1984,0.00031984,2.16,2.32
1985,0.00032,2.18,2.32
1986,0.00032016,2.2,2.34
1987,0.00032032,2.22,2.36
1988,0.00032048,2.22,2.38
1989,0.00032064,2.22,2.38
1990,0.0003208,2.2600000000000002,2.4
1991,0.00032096,2.2600000000000002,2.42
1992,0.00032112,2.2800000000000002,2.44
1993,0.00032128,2.2800000000000002,2.44
1994,0.00032144,2.3000000000000003,2.46
1995,0.0003216,2.32,2.48
1996,0.00032176000000000004,2.34,2.5
1997,0.00032192,2.34,2.5
1998,0.00032208000000000003,2.06,4.54
1999,0.00032224,2.06,4.5600000000000005
