,time,v1,v2
0,-0.00784,1.7,1.78
1,-0.007832,1.72,1.78
2,-0.007824,1.72,1.8
3,-0.007816,1.72,1.8
4,-0.007808,1.74,1.8
5,-0.0078,1.76,1.82
6,-0.0077919999999999994,1.76,1.84
7,-0.007784,1.76,1.84
8,-0.007776,1.78,1.86
9,-0.007768,1.8,1.86
10,-0.0077599999999999995,1.8,1.8800000000000001
11,-0.007751999999999999,1.8,1.8800000000000001
12,-0.007744,1.82,1.9000000000000001
13,-0.007736,1.84,1.92
14,-0.007728,1.84,1.92
15,-0.007719999999999999,1.86,1.94
16,-0.007712,1.86,1.94
17,-0.007704,1.8800000000000001,1.94
18,-0.007696,1.9000000000000001,1.96
19,-0.0076879999999999995,1.9000000000000001,1.98
20,-0.007679999999999999,1.92,2.0
21,-0.007672,1.92,2.0
22,-0.007664,1.92,2.0
23,-0.007656,1.92,2.0
24,-0.007647999999999999,1.94,2.02
25,-0.00764,1.94,2.04
26,-0.007632,1.96,2.06
27,-0.007624,1.98,2.06
28,-0.0076159999999999995,1.98,2.08
29,-0.007608,2.0,2.1
30,-0.0076,2.02,2.1
31,-0.007592,2.02,2.1
32,-0.007584,2.04,2.12
33,-0.007575999999999999,2.04,2.12
34,-0.007568,2.04,2.14
35,-0.00756,2.06,2.16
36,-0.007552,2.06,2.16
37,-0.0075439999999999995,2.08,2.18
38,-0.007536,2.1,2.18
39,-0.007528,2.1,2.2
40,-0.00752,2.12,2.2
41,-0.007512,2.12,2.22
42,-0.007503999999999999,2.12,2.22
43,-0.007496,2.14,2.24
44,-0.007488,2.16,2.24
45,-0.00748,2.16,2.2600000000000002
46,-0.0074719999999999995,2.18,2.2600000000000002
47,-0.007464,2.18,2.2800000000000002
48,-0.007456,2.2,2.2800000000000002
49,-0.007448,2.2,2.3000000000000003
50,-0.0074399999999999996,2.22,2.32
51,-0.007431999999999999,2.22,2.32
52,-0.007424,2.24,2.34
53,-0.007416,2.24,2.34
54,-0.007408,2.2600000000000002,2.36
55,-0.0073999999999999995,2.24,2.36
56,-0.007392,2.2800000000000002,2.38
57,-0.007384,2.2600000000000002,2.36
58,-0.007376,2.3000000000000003,2.4
59,-0.0073679999999999995,2.3000000000000003,2.4
60,-0.00736,2.32,2.42
61,-0.007352,2.32,2.42
62,-0.007344,2.32,2.44
63,-0.007336,2.32,2.44
64,-0.0073279999999999994,2.36,2.44
65,-0.00732,2.36,2.46
66,-0.007312,2.36,2.48
67,-0.007304,2.38,2.48
68,-0.0072959999999999995,2.4,2.5
69,-0.007287999999999999,2.4,2.5
70,-0.00728,2.42,2.52
71,-0.007272,2.42,2.52
72,-0.007264,2.44,2.54
73,-0.007255999999999999,2.44,2.54
74,-0.007248,2.46,2.56
75,-0.00724,2.46,2.56
76,-0.007232,2.48,2.58
77,-0.0072239999999999995,2.46,2.6
78,-0.007216,2.5,2.6
79,-0.007208,2.5,2.6
80,-0.0072,2.5,2.62
81,-0.007192,2.52,2.64
82,-0.007183999999999999,2.54,2.64
83,-0.007176,2.54,2.64
84,-0.007168,2.56,2.66
85,-0.00716,2.56,2.68
86,-0.0071519999999999995,2.56,2.7
87,-0.007143999999999999,2.58,2.7
88,-0.007136,2.58,2.7
89,-0.007128,2.6,2.72
90,-0.00712,2.6,2.72
91,-0.007112,2.62,2.74
92,-0.007104,2.62,2.74
93,-0.007096,2.64,2.7600000000000002
94,-0.007088,2.66,2.7600000000000002
95,-0.0070799999999999995,2.66,2.7800000000000002
96,-0.007072,2.66,2.7800000000000002
97,-0.007064,2.68,2.8000000000000003
98,-0.007056,2.68,2.8000000000000003
99,-0.007048,2.7,2.82
100,-0.007039999999999999,2.7,2.84
101,-0.007032,2.72,2.84
102,-0.007024,2.72,2.84
103,-0.007016,2.74,2.88
104,-0.0070079999999999995,2.7600000000000002,2.88
105,-0.007,2.7600000000000002,2.88
106,-0.006992,2.7800000000000002,2.9
107,-0.006984,2.7800000000000002,2.9
108,-0.0069759999999999996,2.7800000000000002,2.92
109,-0.006968,2.8000000000000003,2.92
110,-0.00696,2.8000000000000003,2.94
111,-0.006952,2.82,2.94
112,-0.006944,2.82,2.96
113,-0.0069359999999999995,2.86,2.96
114,-0.006928,2.84,2.98
115,-0.00692,2.86,3.0
116,-0.006912,2.88,3.0
117,-0.0069039999999999995,2.88,3.02
118,-0.006895999999999999,2.88,3.02
119,-0.006888,2.92,3.04
120,-0.00688,2.9,3.04
121,-0.006872,2.92,3.06
122,-0.0068639999999999994,2.94,3.06
123,-0.006856,2.96,3.08
124,-0.006848,2.96,3.08
125,-0.00684,2.96,3.1
126,-0.0068319999999999995,2.98,3.12
127,-0.006824,2.98,3.12
128,-0.006816,3.0,3.14
129,-0.006808,3.0,3.14
130,-0.0068,3.02,3.16
131,-0.006791999999999999,3.02,3.16
132,-0.006784,3.02,3.18
133,-0.006776,3.04,3.18
134,-0.006768,3.06,3.2
135,-0.0067599999999999995,3.06,3.2
136,-0.006751999999999999,3.08,3.22
137,-0.006744,3.1,3.22
138,-0.006736,3.1,3.24
139,-0.006728,3.12,3.24
140,-0.00672,3.12,3.2600000000000002
141,-0.006712,3.12,3.2800000000000002
142,-0.006704,3.16,3.2800000000000002
143,-0.006696,3.14,3.2800000000000002
144,-0.0066879999999999995,3.16,3.3000000000000003
145,-0.00668,3.16,3.3000000000000003
146,-0.006672,3.18,3.3200000000000003
147,-0.006664,3.18,3.34
148,-0.006656,3.2,3.34
149,-0.006647999999999999,3.2,3.36
150,-0.00664,3.24,3.36
151,-0.006632,3.24,3.38
152,-0.006624,3.24,3.4
153,-0.0066159999999999995,3.2600000000000002,3.4
154,-0.006607999999999999,3.2600000000000002,3.4
155,-0.0066,3.2800000000000002,3.42
156,-0.006592,3.2800000000000002,3.42
157,-0.006584,3.2800000000000002,3.44
158,-0.006576,3.3000000000000003,3.44
159,-0.006568,3.3200000000000003,3.46
160,-0.00656,3.3200000000000003,3.46
161,-0.006552,3.34,3.48
162,-0.0065439999999999995,3.36,3.5
163,-0.006536,3.36,3.5
164,-0.006528,3.36,3.52
165,-0.00652,3.38,3.52
166,-0.0065119999999999996,3.38,3.54
167,-0.006503999999999999,3.4,3.54
168,-0.006496,3.4,3.56
169,-0.006488,3.42,3.56
170,-0.00648,3.42,3.58
171,-0.006472,3.44,3.58
172,-0.006464,3.44,3.6
173,-0.006456,3.48,3.6
174,-0.006448,3.48,3.62
175,-0.0064399999999999995,3.48,3.64
176,-0.006432,3.48,3.64
177,-0.006424,3.5,3.66
178,-0.006416,3.5,3.68
179,-0.006408,3.52,3.68
180,-0.0063999999999999994,3.54,3.7
181,-0.006392,3.54,3.7
182,-0.006384,3.56,3.7
183,-0.006376,3.56,3.72
184,-0.0063679999999999995,3.56,3.72
185,-0.006359999999999999,3.58,3.74
186,-0.006352,3.58,3.74
187,-0.006344,3.6,3.7600000000000002
188,-0.006336,3.6,3.7800000000000002
189,-0.006328,3.62,3.7800000000000002
190,-0.00632,3.62,3.8000000000000003
191,-0.006312,3.66,3.8000000000000003
192,-0.006304,3.66,3.8200000000000003
193,-0.0062959999999999995,3.66,3.8200000000000003
194,-0.006288,3.68,3.84
195,-0.00628,3.68,3.84
196,-0.006272,3.7,3.86
197,-0.006264,3.7,3.88
198,-0.006255999999999999,3.72,3.88
199,-0.006248,3.72,3.9
200,-0.00624,3.74,3.9
201,-0.006232,3.74,3.92
202,-0.0062239999999999995,3.7600000000000002,3.92
203,-0.006215999999999999,3.7600000000000002,3.92
204,-0.006208,3.7800000000000002,3.94
205,-0.0062,3.8000000000000003,3.96
206,-0.006192,3.8000000000000003,3.96
207,-0.006184,3.8000000000000003,3.98
208,-0.006176,3.8200000000000003,4.0
209,-0.006168,3.84,4.0
210,-0.00616,3.84,4.0
211,-0.0061519999999999995,3.86,4.04
212,-0.006144,3.86,4.04
213,-0.006136,3.86,4.04
214,-0.006128,3.88,4.04
215,-0.00612,3.88,4.0600000000000005
216,-0.006111999999999999,3.9,4.0600000000000005
217,-0.006104,3.9,4.08
218,-0.006096,3.92,4.08
219,-0.006088,3.92,4.1
220,-0.00608,3.94,4.1
221,-0.006072,3.94,4.12
222,-0.006064,3.96,4.14
223,-0.006056,3.96,4.16
224,-0.0060479999999999996,3.98,4.16
225,-0.00604,4.0,4.18
226,-0.006032,4.0,4.18
227,-0.006024,4.0200000000000005,4.2
228,-0.006016,4.0200000000000005,4.2
229,-0.0060079999999999995,4.04,4.2
230,-0.006,4.04,4.22
231,-0.005992,4.0600000000000005,4.22
232,-0.005984,4.0600000000000005,4.24
233,-0.0059759999999999995,4.08,4.26
234,-0.005967999999999999,4.08,4.26
235,-0.00596,4.1,4.28
236,-0.005952,4.1,4.28
237,-0.005944,4.12,4.3
238,-0.005936,4.14,4.3
239,-0.005928,4.14,4.3
240,-0.00592,4.14,4.32
241,-0.005912,4.14,4.34
242,-0.0059039999999999995,4.16,4.34
243,-0.005896,4.18,4.36
244,-0.005888,4.18,4.38
245,-0.00588,4.2,4.38
246,-0.0058720000000000005,4.2,4.38
247,-0.005863999999999999,4.22,4.4
248,-0.005856,4.22,4.42
249,-0.005848,4.24,4.42
250,-0.00584,4.24,4.44
251,-0.005832,4.26,4.46
252,-0.005823999999999999,4.28,4.46
253,-0.005816,4.28,4.48
254,-0.005808,4.28,4.48
255,-0.0058,4.3,4.5
256,-0.005792,4.3,4.5
257,-0.005783999999999999,4.32,4.5200000000000005
258,-0.005776,4.32,4.5200000000000005
259,-0.005768,4.34,4.54
260,-0.0057599999999999995,4.34,4.54
261,-0.005752,4.36,4.5600000000000005
262,-0.005744,4.36,4.5600000000000005
263,-0.005736,4.38,4.58
264,-0.0057280000000000005,4.38,4.6000000000000005
265,-0.005719999999999999,4.4,4.6000000000000005
266,-0.005712,4.4,4.6000000000000005
267,-0.005704,4.42,4.62
268,-0.005696,4.42,4.62
269,-0.005688,4.44,4.64
270,-0.005679999999999999,4.44,4.64
271,-0.005672,4.46,4.66
272,-0.005664,4.48,4.68
273,-0.005656,4.5,4.68
274,-0.005648,4.5,4.68
275,-0.00564,4.5,4.7
276,-0.005632,4.5,4.7
277,-0.005624,4.5200000000000005,4.72
278,-0.0056159999999999995,4.54,4.72
279,-0.005608,4.54,4.74
280,-0.0056,4.5600000000000005,4.74
281,-0.005592,4.58,4.76
282,-0.005584,4.58,4.78
283,-0.005575999999999999,4.58,4.78
284,-0.005568,4.58,4.8
285,-0.00556,4.6000000000000005,4.8
286,-0.005552,4.62,4.82
287,-0.005544,4.62,4.84
288,-0.005535999999999999,4.62,4.84
289,-0.005528,4.64,4.86
290,-0.00552,4.66,4.88
291,-0.0055119999999999995,4.66,4.86
292,-0.005504,4.68,4.88
293,-0.005496,4.68,4.9
294,-0.005488,4.7,4.9
295,-0.0054800000000000005,4.7,4.92
296,-0.0054719999999999994,4.72,4.92
297,-0.005464,4.72,4.94
298,-0.005456,4.74,4.94
299,-0.005448,4.76,4.96
300,-0.00544,4.76,4.96
301,-0.005431999999999999,0.06,0.04
302,-0.005424,0.04,0.04
303,-0.005416,0.04,0.04
304,-0.005408,0.04,0.06
305,-0.0054,0.06,0.06
306,-0.005391999999999999,0.06,0.06
307,-0.005384,0.06,0.08
308,-0.005376,0.06,0.1
309,-0.0053679999999999995,0.08,0.1
310,-0.00536,0.1,0.12
311,-0.005352,0.1,0.12
312,-0.005344,0.12,0.12
313,-0.0053360000000000005,0.12,0.14
314,-0.005327999999999999,0.14,0.14
315,-0.00532,0.14,0.16
316,-0.005312,0.14,0.18
317,-0.005304,0.16,0.18
318,-0.005296,0.18,0.2
319,-0.005287999999999999,0.18,0.2
320,-0.00528,0.2,0.22
321,-0.005272,0.2,0.22
322,-0.005264,0.22,0.24
323,-0.005256,0.22,0.24
324,-0.005248,0.24,0.26
325,-0.00524,0.24,0.26
326,-0.005232,0.26,0.28
327,-0.0052239999999999995,0.26,0.3
328,-0.005216,0.26,0.3
329,-0.005208,0.28,0.32
330,-0.0052,0.3,0.32
331,-0.0051920000000000004,0.32,0.34
332,-0.005183999999999999,0.32,0.32
333,-0.005176,0.34,0.34
334,-0.005168,0.34,0.36
335,-0.00516,0.36,0.38
336,-0.005152,0.36,0.38
337,-0.005143999999999999,0.36,0.4
338,-0.005136,0.38,0.4
339,-0.005128,0.4,0.4
340,-0.0051199999999999996,0.4,0.42
341,-0.005112,0.42,0.44
342,-0.005104,0.42,0.44
343,-0.005096,0.44,0.46
344,-0.0050880000000000005,0.44,0.46
345,-0.0050799999999999994,0.44,0.48
346,-0.005072,0.46,0.48
347,-0.005064,0.48,0.5
348,-0.005056,0.48,0.5
349,-0.005048,0.48,0.52
350,-0.005039999999999999,0.5,0.54
351,-0.005032,0.52,0.54
352,-0.005024,0.52,0.56
353,-0.005016,0.52,0.56
354,-0.005008,0.56,0.58
355,-0.004999999999999999,0.58,0.58
356,-0.004992,0.56,0.6
357,-0.004984,0.58,0.6
358,-0.0049759999999999995,0.58,0.62
359,-0.004968,0.6,0.64
360,-0.00496,0.62,0.64
361,-0.004952,0.62,0.66
362,-0.0049440000000000005,0.64,0.66
363,-0.004935999999999999,0.64,0.68
364,-0.004928,0.66,0.68
365,-0.00492,0.66,0.68
366,-0.004912,0.66,0.7000000000000001
367,-0.004904,0.68,0.7000000000000001
368,-0.004895999999999999,0.68,0.72
369,-0.004888,0.7000000000000001,0.74
370,-0.00488,0.72,0.74
371,-0.004872,0.72,0.76
372,-0.004864,0.74,0.76
373,-0.004856,0.74,0.78
374,-0.004848,0.74,0.8
375,-0.00484,0.76,0.8
376,-0.0048319999999999995,0.78,0.8
377,-0.004824,0.8,0.8200000000000001
378,-0.004816,0.78,0.8200000000000001
379,-0.004808,0.8200000000000001,0.84
380,-0.0048000000000000004,0.8200000000000001,0.86
381,-0.004791999999999999,0.8200000000000001,0.86
382,-0.004784,0.84,0.88
383,-0.004776,0.84,0.88
384,-0.004768,0.86,0.9
385,-0.00476,0.88,0.92
386,-0.004751999999999999,0.88,0.92
387,-0.004744,0.9,0.92
388,-0.004736,0.9,0.9400000000000001
389,-0.0047279999999999996,0.92,0.96
390,-0.00472,0.92,0.96
391,-0.004712,0.9400000000000001,0.98
392,-0.004704,0.9400000000000001,0.98
393,-0.0046960000000000005,0.9400000000000001,1.0
394,-0.0046879999999999995,0.96,1.0
395,-0.00468,0.98,1.02
396,-0.004672,0.98,1.02
397,-0.004664,1.0,1.04
398,-0.004656,0.98,1.04
399,-0.004647999999999999,1.0,1.06
400,-0.00464,1.02,1.06
401,-0.004632,1.04,1.08
402,-0.004624,1.04,1.1
403,-0.004616,1.06,1.1
404,-0.004607999999999999,1.06,1.12
405,-0.0046,1.08,1.12
406,-0.004592,1.1,1.12
407,-0.0045839999999999995,1.1,1.1400000000000001
408,-0.004576,1.1,1.16
409,-0.004568,1.12,1.16
410,-0.00456,1.12,1.18
411,-0.0045520000000000005,1.1400000000000001,1.18
412,-0.004543999999999999,1.1400000000000001,1.2
413,-0.004536,1.16,1.2
414,-0.004528,1.16,1.22
415,-0.00452,1.16,1.22
416,-0.004512,1.18,1.24
417,-0.004503999999999999,1.2,1.24
418,-0.004496,1.22,1.26
419,-0.004488,1.2,1.28
420,-0.00448,1.22,1.28
421,-0.004472,1.24,1.3
422,-0.004464,1.26,1.3
423,-0.004456,1.24,1.34
424,-0.004448,1.26,1.34
425,-0.0044399999999999995,1.28,1.32
426,-0.004432,1.3,1.36
427,-0.004424,1.3,1.34
428,-0.004416,1.3,1.36
429,-0.0044080000000000005,1.32,1.3800000000000001
430,-0.004399999999999999,1.32,1.4000000000000001
431,-0.004392,1.34,1.4000000000000001
432,-0.004384,1.34,1.42
433,-0.004376,1.36,1.44
434,-0.004368,1.36,1.44
435,-0.004359999999999999,1.3800000000000001,1.44
436,-0.004352,1.4000000000000001,1.46
437,-0.004344,1.4000000000000001,1.46
438,-0.004336,1.42,1.48
439,-0.004328,1.42,1.48
440,-0.00432,1.44,1.5
441,-0.004312,1.44,1.5
442,-0.0043040000000000005,1.46,1.52
443,-0.0042959999999999995,1.46,1.5
444,-0.004288,1.48,1.52
445,-0.00428,1.48,1.56
446,-0.004272,1.48,1.56
447,-0.004264,1.5,1.56
448,-0.004255999999999999,1.52,1.56
449,-0.004248,1.52,1.58
450,-0.00424,1.54,1.6
451,-0.004232,1.54,1.62
452,-0.004224,1.54,1.62
453,-0.004215999999999999,1.56,1.6400000000000001
454,-0.004208,1.56,1.6400000000000001
455,-0.0042,1.58,1.6600000000000001
456,-0.0041919999999999995,1.6,1.6600000000000001
457,-0.004184,1.6,1.6600000000000001
458,-0.004176,1.62,1.6600000000000001
459,-0.004168,1.62,1.7
460,-0.0041600000000000005,1.6400000000000001,1.7
461,-0.0041519999999999994,1.6400000000000001,1.7
462,-0.004144,1.6400000000000001,1.74
463,-0.004136,1.6600000000000001,1.74
464,-0.004128,1.68,1.74
465,-0.00412,1.68,1.76
466,-0.004111999999999999,1.7,1.78
467,-0.004104,1.7,1.78
468,-0.004096,1.7,1.78
469,-0.004088,1.74,1.8
470,-0.00408,1.72,1.8
471,-0.004072,1.74,1.82
472,-0.004064,1.74,1.84
473,-0.004056,1.76,1.84
474,-0.0040479999999999995,1.78,1.86
475,-0.00404,1.78,1.86
476,-0.004032,1.8,1.8800000000000001
477,-0.004024,1.8,1.8800000000000001
478,-0.0040160000000000005,1.82,1.9000000000000001
479,-0.004007999999999999,1.82,1.9000000000000001
480,-0.004,1.84,1.92
481,-0.003992,1.86,1.94
482,-0.003984,1.86,1.94
483,-0.003976,1.86,1.94
484,-0.003967999999999999,1.8800000000000001,1.96
485,-0.00396,1.9000000000000001,1.98
486,-0.003952,1.9000000000000001,1.98
487,-0.003944,1.92,2.0
488,-0.003936,1.92,1.98
489,-0.003928,1.94,2.02
490,-0.00392,1.94,2.02
491,-0.003912,1.96,2.04
492,-0.0039040000000000004,1.96,2.04
493,-0.003896,1.96,2.06
494,-0.003888,1.98,2.08
495,-0.0038799999999999998,2.0,2.08
496,-0.0038719999999999996,2.02,2.1
497,-0.0038640000000000002,2.02,2.1
498,-0.003856,2.02,2.12
499,-0.003848,2.04,2.12
500,-0.0038399999999999997,2.04,2.12
501,-0.0038320000000000003,2.06,2.14
502,-0.003824,2.06,2.16
503,-0.003816,2.06,2.18
504,-0.0038079999999999998,2.08,2.18
505,-0.0037999999999999996,2.1,2.2
506,-0.0037920000000000002,2.1,2.2
507,-0.003784,2.12,2.22
508,-0.003776,2.12,2.22
509,-0.0037679999999999996,2.14,2.24
510,-0.0037600000000000003,2.14,2.2600000000000002
511,-0.003752,2.16,2.2600000000000002
512,-0.003744,2.18,2.2600000000000002
513,-0.0037359999999999997,2.18,2.2800000000000002
514,-0.0037279999999999995,2.18,2.2800000000000002
515,-0.00372,2.2,2.3000000000000003
516,-0.003712,2.2,2.3000000000000003
517,-0.003704,2.22,2.32
518,-0.0036959999999999996,2.24,2.34
519,-0.0036880000000000003,2.24,2.34
520,-0.00368,2.24,2.34
521,-0.003672,2.2600000000000002,2.36
522,-0.0036639999999999997,2.2600000000000002,2.38
523,-0.0036559999999999995,2.2800000000000002,2.38
524,-0.003648,2.3000000000000003,2.4
525,-0.00364,2.3000000000000003,2.4
526,-0.003632,2.3000000000000003,2.4
527,-0.0036239999999999996,2.32,2.42
528,-0.0036160000000000003,2.34,2.44
529,-0.003608,2.32,2.44
530,-0.0036,2.34,2.46
531,-0.0035919999999999997,2.36,2.46
532,-0.0035839999999999995,2.36,2.48
533,-0.003576,2.38,2.5
534,-0.003568,2.4,2.5
535,-0.00356,2.4,2.5
536,-0.0035519999999999996,2.4,2.52
537,-0.0035440000000000003,2.4,2.52
538,-0.003536,2.44,2.52
539,-0.003528,2.42,2.54
540,-0.0035199999999999997,2.44,2.54
541,-0.0035120000000000004,2.46,2.56
542,-0.003504,2.46,2.58
543,-0.003496,2.46,2.58
544,-0.0034879999999999998,2.48,2.6
545,-0.0034799999999999996,2.5,2.62
546,-0.0034720000000000003,2.5,2.62
547,-0.003464,2.52,2.62
548,-0.003456,2.52,2.64
549,-0.0034479999999999997,2.52,2.66
550,-0.0034400000000000003,2.54,2.66
551,-0.003432,2.56,2.66
552,-0.003424,2.56,2.68
553,-0.0034159999999999998,2.58,2.7
554,-0.0034079999999999996,2.58,2.7
555,-0.0034000000000000002,2.6,2.7
556,-0.003392,2.6,2.72
557,-0.003384,2.62,2.74
558,-0.0033759999999999997,2.64,2.7600000000000002
559,-0.0033680000000000003,2.62,2.7600000000000002
560,-0.00336,2.64,2.7600000000000002
561,-0.003352,2.66,2.7800000000000002
562,-0.0033439999999999998,2.66,2.7800000000000002
563,-0.0033359999999999996,2.68,2.8000000000000003
564,-0.0033280000000000002,2.68,2.8000000000000003
565,-0.00332,2.68,2.82
566,-0.003312,2.7,2.82
567,-0.0033039999999999996,2.72,2.84
568,-0.0032960000000000003,2.72,2.86
569,-0.003288,2.74,2.86
570,-0.00328,2.74,2.86
571,-0.0032719999999999997,2.7600000000000002,2.88
572,-0.0032639999999999995,2.7600000000000002,2.9
573,-0.003256,2.7800000000000002,2.9
574,-0.003248,2.7800000000000002,2.9
575,-0.00324,2.7800000000000002,2.92
576,-0.0032319999999999996,2.8000000000000003,2.94
577,-0.0032240000000000003,2.82,2.96
578,-0.003216,2.82,2.94
579,-0.003208,2.84,2.96
580,-0.0031999999999999997,2.84,2.98
581,-0.0031919999999999995,2.86,2.98
582,-0.003184,2.86,3.0
583,-0.003176,2.86,3.02
584,-0.003168,2.9,3.02
585,-0.0031599999999999996,2.9,3.02
586,-0.0031520000000000003,2.9,3.04
587,-0.003144,2.92,3.06
588,-0.003136,2.92,3.06
589,-0.0031279999999999997,2.94,3.08
590,-0.0031200000000000004,2.94,3.08
591,-0.003112,2.96,3.1
592,-0.003104,2.96,3.1
593,-0.003096,2.98,3.12
594,-0.0030879999999999996,2.98,3.12
595,-0.0030800000000000003,3.0,3.14
596,-0.003072,3.0,3.14
597,-0.003064,3.02,3.16
598,-0.0030559999999999997,3.04,3.18
599,-0.0030480000000000004,3.04,3.18
600,-0.00304,3.04,3.2
601,-0.003032,3.06,3.22
602,-0.0030239999999999998,3.06,3.2
603,-0.0030159999999999996,3.08,3.22
604,-0.0030080000000000003,3.1,3.24
605,-0.003,3.12,3.2600000000000002
606,-0.002992,3.12,3.2600000000000002
607,-0.0029839999999999997,3.12,3.2600000000000002
608,-0.0029760000000000003,3.14,3.2800000000000002
609,-0.002968,3.16,3.3000000000000003
610,-0.00296,3.16,3.3000000000000003
611,-0.0029519999999999998,3.16,3.3200000000000003
612,-0.0029439999999999996,3.18,3.3200000000000003
613,-0.0029360000000000002,3.18,3.34
614,-0.002928,3.2,3.34
615,-0.00292,3.2,3.34
616,-0.0029119999999999997,3.22,3.38
617,-0.0029040000000000003,3.24,3.38
618,-0.002896,3.24,3.38
619,-0.002888,3.24,3.4
620,-0.0028799999999999997,3.2600000000000002,3.42
621,-0.0028719999999999996,3.2800000000000002,3.42
622,-0.0028640000000000002,3.2800000000000002,3.42
623,-0.002856,3.3000000000000003,3.44
624,-0.002848,3.3000000000000003,3.46
625,-0.0028399999999999996,3.3200000000000003,3.46
626,-0.0028320000000000003,3.34,3.46
627,-0.002824,3.3200000000000003,3.48
628,-0.002816,3.34,3.48
629,-0.0028079999999999997,3.34,3.5
630,-0.0028000000000000004,3.36,3.52
631,-0.002792,3.38,3.52
632,-0.002784,3.38,3.54
633,-0.002776,3.38,3.54
634,-0.0027679999999999996,3.4,3.54
635,-0.0027600000000000003,3.42,3.58
636,-0.002752,3.42,3.58
637,-0.002744,3.44,3.58
638,-0.0027359999999999997,3.44,3.6
639,-0.0027280000000000004,3.46,3.6
640,-0.00272,3.48,3.62
641,-0.002712,3.48,3.62
642,-0.002704,3.48,3.64
643,-0.0026959999999999996,3.5,3.66
644,-0.0026880000000000003,3.5,3.66
645,-0.00268,3.52,3.68
646,-0.002672,3.54,3.68
647,-0.0026639999999999997,3.54,3.7
648,-0.0026560000000000004,3.54,3.7
649,-0.002648,3.56,3.72
650,-0.00264,3.56,3.74
651,-0.002632,3.58,3.74
652,-0.0026239999999999996,3.6,3.7600000000000002
653,-0.0026160000000000003,3.6,3.7600000000000002
654,-0.002608,3.6,3.7800000000000002
655,-0.0026,3.62,3.7800000000000002
656,-0.0025919999999999997,3.62,3.8000000000000003
657,-0.0025840000000000004,3.64,3.8200000000000003
658,-0.002576,3.66,3.8200000000000003
659,-0.002568,3.66,3.84
660,-0.0025599999999999998,3.66,3.84
661,-0.0025519999999999996,3.68,3.84
662,-0.0025440000000000003,3.68,3.86
663,-0.002536,3.7,3.86
664,-0.002528,3.7,3.88
665,-0.0025199999999999997,3.74,3.88
666,-0.0025120000000000003,3.72,3.9
667,-0.002504,3.7600000000000002,3.9
668,-0.002496,3.74,3.92
669,-0.0024879999999999998,3.7800000000000002,3.94
670,-0.0024799999999999996,3.7800000000000002,3.94
671,-0.0024720000000000002,3.7800000000000002,3.96
672,-0.002464,3.8000000000000003,3.96
673,-0.002456,3.8000000000000003,3.98
674,-0.0024479999999999997,3.8200000000000003,3.98
675,-0.0024400000000000003,3.8200000000000003,3.98
676,-0.002432,3.84,4.0
677,-0.002424,3.84,4.0200000000000005
678,-0.0024159999999999997,3.86,4.0200000000000005
679,-0.0024080000000000004,3.86,4.04
680,-0.0024000000000000002,3.88,4.04
681,-0.002392,3.9,4.0600000000000005
682,-0.002384,3.9,4.0600000000000005
683,-0.0023759999999999996,3.9,4.08
684,-0.0023680000000000003,3.92,4.1
685,-0.00236,3.92,4.12
686,-0.002352,3.94,4.1
687,-0.0023439999999999997,3.96,4.14
688,-0.0023360000000000004,3.96,4.12
689,-0.002328,3.96,4.16
690,-0.00232,3.98,4.14
691,-0.002312,3.98,4.18
692,-0.0023039999999999996,4.0,4.18
693,-0.0022960000000000003,4.0,4.18
694,-0.002288,4.04,4.2
695,-0.00228,4.0200000000000005,4.22
696,-0.0022719999999999997,4.04,4.22
697,-0.0022640000000000004,4.04,4.22
698,-0.002256,4.0600000000000005,4.24
699,-0.002248,4.0600000000000005,4.24
700,-0.00224,4.08,4.26
701,-0.0022319999999999996,4.1,4.28
702,-0.0022240000000000003,4.1,4.28
703,-0.002216,4.1,4.28
704,-0.002208,4.14,4.3
705,-0.0021999999999999997,4.12,4.32
706,-0.0021920000000000004,4.14,4.32
707,-0.002184,4.16,4.34
708,-0.002176,4.16,4.34
709,-0.002168,4.16,4.36
710,-0.0021599999999999996,4.18,4.36
711,-0.0021520000000000003,4.2,4.38
712,-0.002144,4.2,4.38
713,-0.002136,4.2,4.4
714,-0.0021279999999999997,4.22,4.42
715,-0.0021200000000000004,4.22,4.42
716,-0.002112,4.24,4.44
717,-0.002104,4.24,4.44
718,-0.0020959999999999998,4.26,4.46
719,-0.0020879999999999996,4.26,4.48
720,-0.0020800000000000003,4.28,4.48
721,-0.002072,4.3,4.48
722,-0.002064,4.3,4.5
723,-0.0020559999999999997,4.32,4.5200000000000005
724,-0.0020480000000000003,4.32,4.5200000000000005
725,-0.00204,4.34,4.54
726,-0.002032,4.34,4.54
727,-0.0020239999999999998,4.34,4.54
728,-0.0020160000000000004,4.36,4.5600000000000005
729,-0.0020080000000000002,4.38,4.58
730,-0.002,4.38,4.58
731,-0.001992,4.38,4.6000000000000005
732,-0.0019839999999999997,4.4,4.6000000000000005
733,-0.0019760000000000003,4.42,4.62
734,-0.001968,4.42,4.62
735,-0.00196,4.42,4.64
736,-0.0019519999999999997,4.44,4.64
737,-0.0019440000000000004,4.46,4.66
738,-0.0019360000000000002,4.46,4.66
739,-0.001928,4.48,4.68
740,-0.0019199999999999998,4.48,4.68
741,-0.0019119999999999996,4.5,4.7
742,-0.0019040000000000003,4.5,4.72
743,-0.0018960000000000001,4.5200000000000005,4.72
744,-0.001888,4.54,4.72
745,-0.0018799999999999997,4.54,4.74
746,-0.0018720000000000004,4.54,4.74
747,-0.0018640000000000002,4.5600000000000005,4.78
748,-0.001856,4.58,4.76
749,-0.0018479999999999998,4.58,4.78
750,-0.0018399999999999996,4.58,4.8
751,-0.0018320000000000003,4.6000000000000005,4.82
752,-0.001824,4.6000000000000005,4.82
753,-0.001816,4.62,4.84
754,-0.0018079999999999997,4.64,4.84
755,-0.0018000000000000004,4.64,4.84
756,-0.0017920000000000002,4.64,4.88
757,-0.001784,4.66,4.88
758,-0.0017759999999999998,4.66,4.88
759,-0.0017679999999999996,4.68,4.9
760,-0.0017600000000000003,4.7,4.92
761,-0.001752,4.7,4.92
762,-0.0017439999999999999,4.72,4.92
763,-0.0017359999999999997,4.72,4.94
764,-0.0017280000000000004,4.74,4.94
765,-0.0017200000000000002,4.74,4.96
766,-0.001712,4.76,4.96
767,-0.0017039999999999998,0.1,0.04
768,-0.0016959999999999996,0.04,0.04
769,-0.0016880000000000003,0.04,0.04
770,-0.00168,0.04,0.04
771,-0.0016719999999999999,0.04,0.06
772,-0.0016639999999999997,0.04,0.06
773,-0.0016560000000000004,0.06,0.08
774,-0.0016480000000000002,0.08,0.08
775,-0.00164,0.08,0.1
776,-0.0016319999999999998,0.08,0.1
777,-0.0016240000000000004,0.1,0.12
778,-0.0016160000000000002,0.12,0.14
779,-0.001608,0.12,0.14
780,-0.0015999999999999999,0.14,0.14
781,-0.0015919999999999997,0.14,0.16
782,-0.0015840000000000003,0.16,0.16
783,-0.0015760000000000001,0.16,0.18
784,-0.001568,0.18,0.18
785,-0.0015599999999999998,0.18,0.22
786,-0.0015520000000000004,0.2,0.22
787,-0.0015440000000000002,0.2,0.22
788,-0.001536,0.22,0.24
789,-0.0015279999999999998,0.22,0.24
790,-0.0015199999999999997,0.24,0.26
791,-0.0015120000000000003,0.24,0.26
792,-0.0015040000000000001,0.26,0.28
793,-0.001496,0.26,0.3
794,-0.0014879999999999997,0.28,0.3
795,-0.0014800000000000004,0.28,0.3
796,-0.0014720000000000002,0.3,0.3
797,-0.001464,0.3,0.32
798,-0.0014559999999999998,0.32,0.34
799,-0.0014479999999999996,0.32,0.36
800,-0.0014400000000000003,0.34,0.36
801,-0.0014320000000000001,0.34,0.38
802,-0.001424,0.36,0.38
803,-0.0014159999999999997,0.36,0.38
804,-0.0014080000000000004,0.38,0.4
805,-0.0014000000000000002,0.4,0.42
806,-0.001392,0.4,0.42
807,-0.0013839999999999998,0.4,0.44
808,-0.0013759999999999996,0.42,0.44
809,-0.0013680000000000003,0.42,0.46
810,-0.00136,0.44,0.46
811,-0.001352,0.44,0.48
812,-0.0013439999999999997,0.46,0.5
813,-0.0013360000000000004,0.48,0.48
814,-0.0013280000000000002,0.48,0.5
815,-0.00132,0.5,0.52
816,-0.0013119999999999998,0.5,0.54
817,-0.0013040000000000005,0.5,0.54
818,-0.0012960000000000003,0.52,0.54
819,-0.001288,0.52,0.56
820,-0.0012799999999999999,0.54,0.58
821,-0.0012719999999999997,0.54,0.56
822,-0.0012640000000000004,0.56,0.58
823,-0.0012560000000000002,0.58,0.6
824,-0.001248,0.58,0.62
825,-0.0012399999999999998,0.6,0.62
826,-0.0012320000000000005,0.6,0.64
827,-0.0012240000000000003,0.62,0.66
828,-0.001216,0.64,0.64
829,-0.0012079999999999999,0.64,0.66
830,-0.0011999999999999997,0.64,0.68
831,-0.0011920000000000004,0.64,0.7000000000000001
832,-0.0011840000000000002,0.68,0.7000000000000001
833,-0.001176,0.68,0.7000000000000001
834,-0.0011679999999999998,0.7000000000000001,0.72
835,-0.0011600000000000004,0.68,0.72
836,-0.0011520000000000002,0.72,0.74
837,-0.001144,0.72,0.74
838,-0.0011359999999999999,0.74,0.76
839,-0.0011279999999999997,0.74,0.76
840,-0.0011200000000000003,0.76,0.78
841,-0.0011120000000000001,0.76,0.8
842,-0.001104,0.76,0.8200000000000001
843,-0.0010959999999999998,0.8,0.8200000000000001
844,-0.0010880000000000004,0.8,0.8200000000000001
845,-0.0010800000000000002,0.8,0.84
846,-0.001072,0.8200000000000001,0.84
847,-0.0010639999999999998,0.8200000000000001,0.86
848,-0.0010559999999999996,0.84,0.86
849,-0.0010480000000000003,0.86,0.88
850,-0.0010400000000000001,0.86,0.9
851,-0.001032,0.86,0.9
852,-0.0010239999999999997,0.88,0.92
853,-0.0010160000000000004,0.9,0.92
854,-0.0010080000000000002,0.9,0.9400000000000001
855,-0.001,0.92,0.9400000000000001
856,-0.0009919999999999998,0.92,0.96
857,-0.0009839999999999996,0.9400000000000001,0.98
858,-0.0009760000000000003,0.9400000000000001,0.98
859,-0.0009680000000000001,0.9400000000000001,1.0
860,-0.0009599999999999999,0.96,1.0
861,-0.0009519999999999997,0.96,1.02
862,-0.0009440000000000004,0.98,1.02
863,-0.0009360000000000002,1.0,1.04
864,-0.000928,1.0,1.04
865,-0.0009199999999999998,1.02,1.06
866,-0.0009120000000000005,1.02,1.06
867,-0.0009040000000000003,1.04,1.08
868,-0.0008960000000000001,1.04,1.08
869,-0.0008879999999999999,1.06,1.1
870,-0.0008799999999999997,1.06,1.1
871,-0.0008720000000000004,1.08,1.12
872,-0.0008640000000000002,1.06,1.12
873,-0.000856,1.1,1.1400000000000001
874,-0.0008479999999999998,1.1,1.16
875,-0.0008400000000000005,1.12,1.16
876,-0.0008320000000000003,1.12,1.16
877,-0.0008240000000000001,1.12,1.18
878,-0.0008159999999999999,1.1400000000000001,1.18
879,-0.0008079999999999997,1.1400000000000001,1.2
880,-0.0008000000000000004,1.16,1.22
881,-0.0007920000000000002,1.18,1.22
882,-0.000784,1.18,1.24
883,-0.0007759999999999998,1.18,1.24
884,-0.0007680000000000005,1.2,1.26
885,-0.0007600000000000003,1.22,1.28
886,-0.0007520000000000001,1.22,1.28
887,-0.0007439999999999999,1.24,1.3
888,-0.0007359999999999997,1.24,1.3
889,-0.0007280000000000003,1.26,1.32
890,-0.0007200000000000002,1.26,1.32
891,-0.000712,1.28,1.34
892,-0.0007039999999999998,1.28,1.34
893,-0.0006960000000000004,1.3,1.36
894,-0.0006880000000000002,1.3,1.36
895,-0.00068,1.32,1.3800000000000001
896,-0.0006719999999999999,1.32,1.3800000000000001
897,-0.0006639999999999997,1.34,1.3800000000000001
898,-0.0006560000000000003,1.34,1.4000000000000001
899,-0.0006480000000000001,1.36,1.42
900,-0.0006399999999999999,1.36,1.44
901,-0.0006319999999999997,1.3800000000000001,1.44
902,-0.0006240000000000004,1.3800000000000001,1.46
903,-0.0006160000000000002,1.4000000000000001,1.46
904,-0.000608,1.4000000000000001,1.46
905,-0.0005999999999999998,1.42,1.48
906,-0.0005919999999999996,1.42,1.5
907,-0.0005840000000000003,1.44,1.5
908,-0.0005760000000000001,1.44,1.52
909,-0.0005679999999999999,1.46,1.5
910,-0.0005599999999999997,1.48,1.52
911,-0.0005520000000000004,1.48,1.54
912,-0.0005440000000000002,1.48,1.56
913,-0.000536,1.5,1.58
914,-0.0005279999999999998,1.5,1.58
915,-0.0005200000000000005,1.52,1.58
916,-0.0005120000000000003,1.52,1.6
917,-0.0005040000000000001,1.54,1.6
918,-0.0004959999999999999,1.56,1.62
919,-0.0004879999999999997,1.56,1.62
920,-0.0004800000000000004,1.58,1.6400000000000001
921,-0.0004720000000000002,1.56,1.6400000000000001
922,-0.000464,1.58,1.6400000000000001
923,-0.0004559999999999998,1.6,1.6600000000000001
924,-0.0004480000000000005,1.62,1.68
925,-0.0004400000000000003,1.62,1.68
926,-0.0004320000000000001,1.62,1.68
927,-0.0004239999999999999,1.6400000000000001,1.7
928,-0.0004159999999999997,1.6600000000000001,1.72
929,-0.0004080000000000004,1.6400000000000001,1.74
930,-0.0004000000000000002,1.6600000000000001,1.74
931,-0.000392,1.68,1.76
932,-0.0003839999999999998,1.68,1.78
933,-0.00037600000000000047,1.7,1.78
934,-0.00036800000000000027,1.72,1.78
935,-0.0003600000000000001,1.72,1.8
936,-0.0003519999999999999,1.74,1.82
937,-0.0003439999999999997,1.74,1.82
938,-0.00033600000000000036,1.76,1.84
939,-0.00032800000000000017,1.76,1.84
940,-0.00031999999999999997,1.78,1.84
941,-0.0003119999999999998,1.78,1.86
942,-0.00030400000000000045,1.8,1.8800000000000001
943,-0.00029600000000000026,1.8,1.86
944,-0.00028800000000000006,1.82,1.8800000000000001
945,-0.00027999999999999987,1.82,1.9000000000000001
946,-0.00027199999999999967,1.84,1.92
947,-0.00026400000000000035,1.84,1.94
948,-0.00025600000000000015,1.86,1.92
949,-0.00024799999999999996,1.86,1.94
950,-0.00023999999999999976,1.8800000000000001,1.96
951,-0.00023200000000000044,1.8800000000000001,1.98
952,-0.00022400000000000024,1.9000000000000001,1.98
953,-0.00021600000000000005,1.9000000000000001,2.0
954,-0.00020799999999999985,1.9000000000000001,2.0
955,-0.00020000000000000052,1.94,2.0
956,-0.00019200000000000033,1.94,2.02
957,-0.00018400000000000014,1.94,2.04
958,-0.00017599999999999994,1.94,2.04
959,-0.00016799999999999975,1.96,2.06
960,-0.00016000000000000042,1.98,2.06
961,-0.00015200000000000023,2.0,2.08
962,-0.00014400000000000003,2.0,2.08
963,-0.00013599999999999984,2.02,2.08
964,-0.0001280000000000005,2.02,2.1
965,-0.00012000000000000031,2.04,2.12
966,-0.00011200000000000012,2.04,2.14
967,-0.00010399999999999993,2.04,2.14
968,-9.599999999999973e-05,2.04,2.16
969,-8.80000000000004e-05,2.08,2.16
970,-8.000000000000021e-05,2.08,2.18
971,-7.200000000000002e-05,2.1,2.18
972,-6.399999999999982e-05,2.1,2.2
973,-5.6000000000000494e-05,2.12,2.2
974,-4.80000000000003e-05,2.1,2.22
975,-4.0000000000000105e-05,2.14,2.22
976,-3.199999999999991e-05,2.14,2.24
977,-2.3999999999999716e-05,2.14,2.2600000000000002
978,-1.600000000000039e-05,2.16,2.2600000000000002
979,-7.999999999999327e-06,2.18,2.2800000000000002
980,0.0,2.18,2.2600000000000002
981,7.999999999999327e-06,2.2,2.2800000000000002
982,1.600000000000039e-05,2.2,2.3000000000000003
983,2.3999999999999716e-05,2.22,2.32
984,3.199999999999904e-05,2.22,2.34
985,4.0000000000000105e-05,2.24,2.34
986,4.799999999999943e-05,2.2600000000000002,2.34
987,5.6000000000000494e-05,2.24,2.36
988,6.399999999999982e-05,2.2600000000000002,2.36
989,7.199999999999915e-05,2.2800000000000002,2.36
990,8.000000000000021e-05,2.2600000000000002,2.38
991,8.799999999999954e-05,2.3000000000000003,2.4
992,9.60000000000006e-05,2.3000000000000003,2.42
993,0.00010399999999999993,2.32,2.42
994,0.00011199999999999925,2.32,2.42
995,0.00012000000000000031,2.34,2.44
996,0.00012799999999999964,2.34,2.44
997,0.0001360000000000007,2.36,2.46
998,0.00014400000000000003,2.38,2.48
999,0.00015199999999999936,2.38,2.48
1000,0.00016000000000000042,2.38,2.5
1001,0.00016799999999999975,2.4,2.5
1002,0.00017599999999999907,2.42,2.5
1003,0.00018400000000000014,2.4,2.52
1004,0.00019199999999999946,2.42,2.52
1005,0.00020000000000000052,2.44,2.54
1006,0.00020799999999999985,2.44,2.54
1007,0.00021599999999999918,2.46,2.56
1008,0.00022400000000000024,2.46,2.56
1009,0.00023199999999999957,2.48,2.58
1010,0.00024000000000000063,2.48,2.6
1011,0.00024799999999999996,2.5,2.6
1012,0.0002559999999999993,2.5,2.62
1013,0.00026400000000000035,2.5,2.62
1014,0.00027199999999999967,2.52,2.62
1015,0.00028000000000000073,2.52,2.64
1016,0.00028800000000000006,2.54,2.66
1017,0.0002959999999999994,2.54,2.68
1018,0.00030400000000000045,2.56,2.68
1019,0.0003119999999999998,2.56,2.68
1020,0.0003199999999999991,2.56,2.7
1021,0.00032800000000000017,2.58,2.7
1022,0.0003359999999999995,2.58,2.72
1023,0.00034400000000000056,2.6,2.74
1024,0.0003519999999999999,2.62,2.74
1025,0.0003599999999999992,2.62,2.74
1026,0.00036800000000000027,2.64,2.7600000000000002
1027,0.0003759999999999996,2.64,2.7600000000000002
1028,0.00038400000000000066,2.66,2.7800000000000002
1029,0.000392,2.66,2.8000000000000003
1030,0.0003999999999999993,2.68,2.8000000000000003
1031,0.0004080000000000004,2.68,2.82
1032,0.0004159999999999997,2.68,2.82
1033,0.00042399999999999903,2.7,2.84
1034,0.0004320000000000001,2.74,2.84
1035,0.0004399999999999994,2.72,2.86
1036,0.0004480000000000005,2.74,2.86
1037,0.0004559999999999998,2.7600000000000002,2.88
1038,0.00046399999999999914,2.7600000000000002,2.88
1039,0.0004720000000000002,2.7600000000000002,2.9
1040,0.0004799999999999995,2.7800000000000002,2.9
1041,0.0004880000000000006,2.7800000000000002,2.92
1042,0.0004959999999999999,2.8000000000000003,2.94
1043,0.0005039999999999992,2.82,2.94
1044,0.0005120000000000003,2.82,2.94
1045,0.0005199999999999996,2.84,2.98
1046,0.0005280000000000007,2.84,2.96
1047,0.000536,2.86,2.98
1048,0.0005439999999999993,2.88,3.0
1049,0.0005520000000000004,2.86,3.0
1050,0.0005599999999999997,2.88,3.02
1051,0.0005679999999999991,2.9,3.02
1052,0.0005760000000000001,2.9,3.02
1053,0.0005839999999999995,2.92,3.04
1054,0.0005920000000000005,2.92,3.06
1055,0.0005999999999999998,2.94,3.08
1056,0.0006079999999999992,2.94,3.08
1057,0.0006160000000000002,2.94,3.08
1058,0.0006239999999999996,2.96,3.1
1059,0.0006320000000000006,2.96,3.1
1060,0.0006399999999999999,2.98,3.12
1061,0.0006479999999999993,3.0,3.12
1062,0.0006560000000000003,3.0,3.14
1063,0.0006639999999999997,3.02,3.14
1064,0.0006720000000000007,3.02,3.16
1065,0.00068,3.02,3.18
1066,0.0006879999999999994,3.04,3.2
1067,0.0006960000000000004,3.06,3.2
1068,0.0007039999999999998,3.08,3.22
1069,0.0007119999999999991,3.08,3.24
1070,0.0007200000000000002,3.08,3.22
1071,0.0007279999999999995,3.1,3.24
1072,0.0007360000000000005,3.1,3.24
1073,0.0007439999999999999,3.12,3.2800000000000002
1074,0.0007519999999999992,3.12,3.2800000000000002
1075,0.0007600000000000003,3.16,3.2800000000000002
1076,0.0007679999999999996,3.14,3.2800000000000002
1077,0.0007760000000000006,3.16,3.3000000000000003
1078,0.000784,3.18,3.3000000000000003
1079,0.0007919999999999993,3.18,3.34
1080,0.0008000000000000004,3.2,3.34
1081,0.0008079999999999997,3.22,3.34
1082,0.000815999999999999,3.2,3.36
1083,0.0008240000000000001,3.22,3.38
1084,0.0008319999999999994,3.22,3.38
1085,0.0008400000000000005,3.24,3.4
1086,0.0008479999999999998,3.2600000000000002,3.4
1087,0.0008559999999999991,3.2600000000000002,3.42
1088,0.0008640000000000002,3.2800000000000002,3.42
1089,0.0008719999999999995,3.3000000000000003,3.44
1090,0.0008800000000000006,3.3000000000000003,3.44
1091,0.0008879999999999999,3.3000000000000003,3.46
1092,0.0008959999999999992,3.34,3.46
1093,0.0009040000000000003,3.3200000000000003,3.48
1094,0.0009119999999999996,3.34,3.5
1095,0.0009200000000000007,3.34,3.5
1096,0.000928,3.36,3.52
1097,0.0009359999999999993,3.36,3.52
1098,0.0009440000000000004,3.38,3.52
1099,0.0009519999999999997,3.38,3.54
1100,0.000959999999999999,3.4,3.54
1101,0.0009680000000000001,3.4,3.56
1102,0.0009759999999999994,3.42,3.58
1103,0.0009840000000000005,3.44,3.58
1104,0.0009919999999999998,3.44,3.58
1105,0.0009999999999999992,3.46,3.6
1106,0.0010080000000000002,3.46,3.62
1107,0.0010159999999999995,3.48,3.64
1108,0.0010240000000000006,3.48,3.64
1109,0.001032,3.5,3.64
1110,0.0010399999999999993,3.5,3.66
1111,0.0010480000000000003,3.5,3.66
1112,0.0010559999999999996,3.52,3.68
1113,0.0010640000000000007,3.52,3.7
1114,0.001072,3.54,3.7
1115,0.0010799999999999994,3.54,3.72
1116,0.0010880000000000004,3.58,3.72
1117,0.0010959999999999998,3.58,3.74
1118,0.001103999999999999,3.58,3.74
1119,0.0011120000000000001,3.58,3.7600000000000002
1120,0.0011199999999999995,3.6,3.7600000000000002
1121,0.0011280000000000005,3.6,3.7800000000000002
1122,0.0011359999999999999,3.62,3.8000000000000003
1123,0.0011439999999999992,3.62,3.8000000000000003
1124,0.0011520000000000002,3.66,3.8000000000000003
1125,0.0011599999999999996,3.66,3.8200000000000003
1126,0.0011680000000000006,3.66,3.84
1127,0.001176,3.68,3.84
1128,0.0011839999999999993,3.68,3.86
1129,0.0011920000000000004,3.7,3.86
1130,0.0011999999999999997,3.7,3.88
1131,0.001207999999999999,3.72,3.88
1132,0.001216,3.72,3.9
1133,0.0012239999999999994,3.74,3.9
1134,0.0012320000000000005,3.74,3.92
1135,0.0012399999999999998,3.7600000000000002,3.92
1136,0.0012479999999999991,3.7800000000000002,3.92
1137,0.0012560000000000002,3.7800000000000002,3.96
1138,0.0012639999999999995,3.7800000000000002,3.96
1139,0.0012720000000000006,3.8000000000000003,3.96
1140,0.0012799999999999999,3.8000000000000003,3.98
1141,0.0012879999999999992,3.8200000000000003,4.0
1142,0.0012960000000000003,3.84,4.0
1143,0.0013039999999999996,3.84,4.0200000000000005
1144,0.0013120000000000007,3.86,4.0200000000000005
1145,0.00132,3.86,4.0200000000000005
1146,0.0013279999999999993,3.88,4.04
1147,0.0013360000000000004,3.88,4.04
1148,0.0013439999999999997,3.88,4.0600000000000005
1149,0.001351999999999999,3.92,4.0600000000000005
1150,0.00136,3.9,4.08
1151,0.0013679999999999994,3.92,4.08
1152,0.0013760000000000005,3.92,4.1
1153,0.0013839999999999998,3.94,4.12
1154,0.0013919999999999991,3.94,4.12
1155,0.0014000000000000002,3.96,4.14
1156,0.0014079999999999995,3.96,4.14
1157,0.0014160000000000006,4.0,4.16
1158,0.001424,3.98,4.16
1159,0.0014319999999999992,4.0,4.18
1160,0.0014400000000000003,4.0,4.2
1161,0.0014479999999999996,4.04,4.2
1162,0.0014560000000000007,4.0200000000000005,4.22
1163,0.001464,4.04,4.22
1164,0.0014719999999999994,4.0600000000000005,4.22
1165,0.0014800000000000004,4.0600000000000005,4.24
1166,0.0014879999999999997,4.08,4.26
1167,0.001495999999999999,4.08,4.26
1168,0.0015040000000000001,4.1,4.28
1169,0.0015119999999999995,4.1,4.3
1170,0.0015200000000000005,4.12,4.3
1171,0.0015279999999999998,4.12,4.3
1172,0.0015359999999999992,4.14,4.3
1173,0.0015440000000000002,4.14,4.32
1174,0.0015519999999999996,4.16,4.34
1175,0.0015600000000000006,4.16,4.36
1176,0.001568,4.18,4.36
1177,0.0015759999999999993,4.18,4.38
1178,0.0015840000000000003,4.2,4.38
1179,0.0015919999999999997,4.2,4.4
1180,0.001599999999999999,4.22,4.42
1181,0.001608,4.22,4.42
1182,0.0016159999999999994,4.24,4.42
1183,0.0016240000000000004,4.24,4.44
1184,0.0016319999999999998,4.26,4.44
1185,0.001639999999999999,4.26,4.46
1186,0.0016480000000000002,4.3,4.48
1187,0.0016559999999999995,4.28,4.48
1188,0.0016640000000000005,4.3,4.5
1189,0.0016719999999999999,4.3,4.5
1190,0.0016799999999999992,4.32,4.5200000000000005
1191,0.0016880000000000003,4.32,4.5200000000000005
1192,0.0016959999999999996,4.34,4.54
1193,0.0017040000000000007,4.36,4.54
1194,0.001712,4.36,4.5600000000000005
1195,0.0017199999999999993,4.38,4.5600000000000005
1196,0.0017280000000000004,4.38,4.58
1197,0.0017359999999999997,4.38,4.58
1198,0.001743999999999999,4.4,4.6000000000000005
1199,0.001752,4.4,4.6000000000000005
1200,0.0017599999999999994,4.42,4.62
1201,0.0017680000000000005,4.42,4.62
1202,0.0017759999999999998,4.44,4.64
1203,0.0017839999999999991,4.46,4.66
1204,0.0017920000000000002,4.46,4.66
1205,0.0017999999999999995,4.46,4.66
1206,0.0018080000000000006,4.48,4.68
1207,0.001816,4.5,4.7
1208,0.0018239999999999992,4.5,4.7
1209,0.0018320000000000003,4.5,4.7
1210,0.0018399999999999996,4.5200000000000005,4.72
1211,0.001847999999999999,4.54,4.74
1212,0.001856,4.54,4.74
1213,0.0018639999999999993,4.5600000000000005,4.76
1214,0.0018720000000000004,4.5600000000000005,4.78
1215,0.0018799999999999997,4.58,4.78
1216,0.001887999999999999,4.58,4.78
1217,0.0018960000000000001,4.6000000000000005,4.8
1218,0.0019039999999999994,4.6000000000000005,4.8
1219,0.0019120000000000005,4.62,4.82
1220,0.0019199999999999998,4.62,4.82
1221,0.0019279999999999992,4.64,4.84
1222,0.0019360000000000002,4.64,4.86
1223,0.0019439999999999995,4.66,4.86
1224,0.0019520000000000006,4.66,4.88
1225,0.00196,4.68,4.9
1226,0.0019679999999999993,4.68,4.9
1227,0.0019760000000000003,4.7,4.9
1228,0.0019839999999999997,4.7,4.92
1229,0.001991999999999999,4.72,4.94
1230,0.002,4.72,4.94
1231,0.0020079999999999994,4.74,4.94
1232,0.0020160000000000004,4.76,4.96
1233,0.0020239999999999998,4.72,1.42
1234,0.002031999999999999,0.06,0.04
1235,0.00204,0.04,0.04
1236,0.0020479999999999995,0.04,0.04
1237,0.0020560000000000005,0.04,0.04
1238,0.002064,0.04,0.06
1239,0.002071999999999999,0.06,0.06
1240,0.0020800000000000003,0.06,0.08
1241,0.0020879999999999996,0.08,0.08
1242,0.0020960000000000006,0.08,0.1
1243,0.002104,0.1,0.12
1244,0.0021119999999999993,0.1,0.12
1245,0.0021200000000000004,0.12,0.14
1246,0.0021279999999999997,0.12,0.14
1247,0.002135999999999999,0.14,0.16
1248,0.002144,0.14,0.16
1249,0.0021519999999999994,0.16,0.18
1250,0.0021600000000000005,0.16,0.18
1251,0.002168,0.18,0.2
1252,0.002175999999999999,0.2,0.2
1253,0.002184,0.2,0.22
1254,0.0021919999999999995,0.2,0.24
1255,0.0022000000000000006,0.22,0.24
1256,0.002208,0.24,0.26
1257,0.0022159999999999992,0.24,0.26
1258,0.0022240000000000003,0.26,0.26
1259,0.0022319999999999996,0.26,0.28
1260,0.002239999999999999,0.26,0.3
1261,0.002248,0.28,0.3
1262,0.0022559999999999993,0.3,0.32
1263,0.0022640000000000004,0.3,0.32
1264,0.0022719999999999997,0.32,0.34
1265,0.002279999999999999,0.32,0.34
1266,0.002288,0.34,0.36
1267,0.0022959999999999994,0.34,0.36
1268,0.0023040000000000005,0.36,0.38
1269,0.002312,0.36,0.38
1270,0.002319999999999999,0.38,0.4
1271,0.002328,0.38,0.42
1272,0.0023359999999999995,0.4,0.42
1273,0.0023440000000000006,0.4,0.42
1274,0.002352,0.42,0.44
1275,0.0023599999999999993,0.42,0.46
1276,0.0023680000000000003,0.44,0.46
1277,0.0023759999999999996,0.46,0.46
1278,0.002383999999999999,0.46,0.46
1279,0.002392,0.46,0.5
1280,0.0023999999999999994,0.48,0.5
1281,0.0024080000000000004,0.48,0.5
1282,0.0024159999999999997,0.5,0.52
1283,0.002423999999999999,0.5,0.54
1284,0.002432,0.52,0.54
1285,0.0024399999999999995,0.54,0.54
1286,0.0024480000000000005,0.54,0.56
1287,0.002456,0.56,0.58
1288,0.002463999999999999,0.56,0.58
1289,0.0024720000000000002,0.56,0.6
1290,0.0024799999999999996,0.58,0.62
1291,0.0024880000000000006,0.58,0.62
1292,0.002496,0.6,0.62
1293,0.0025039999999999993,0.62,0.64
1294,0.0025120000000000003,0.62,0.64
1295,0.0025199999999999997,0.62,0.66
1296,0.002527999999999999,0.64,0.68
1297,0.002536,0.66,0.68
1298,0.0025439999999999994,0.68,0.7000000000000001
1299,0.0025520000000000004,0.68,0.7000000000000001
1300,0.0025599999999999998,0.68,0.72
1301,0.002567999999999999,0.7000000000000001,0.74
1302,0.002576,0.72,0.74
1303,0.0025839999999999995,0.72,0.76
1304,0.0025920000000000006,0.72,0.76
1305,0.0026,0.74,0.76
1306,0.002607999999999999,0.74,0.78
1307,0.0026160000000000003,0.76,0.8
1308,0.0026239999999999996,0.78,0.8
1309,0.002631999999999999,0.78,0.8200000000000001
1310,0.00264,0.8,0.8200000000000001
1311,0.0026479999999999993,0.8,0.84
1312,0.0026560000000000004,0.8,0.84
1313,0.0026639999999999997,0.8200000000000001,0.86
1314,0.002671999999999999,0.8200000000000001,0.86
1315,0.00268,0.8200000000000001,0.88
1316,0.0026879999999999994,0.86,0.9
1317,0.0026960000000000005,0.88,0.9
1318,0.002704,0.88,0.9
1319,0.002711999999999999,0.88,0.92
1320,0.00272,0.9,0.9400000000000001
1321,0.0027279999999999995,0.9,0.9400000000000001
1322,0.0027360000000000006,0.92,0.96
1323,0.002744,0.92,0.96
1324,0.0027519999999999992,0.9400000000000001,0.98
1325,0.0027600000000000003,0.9400000000000001,1.0
1326,0.0027679999999999996,0.96,0.98
1327,0.002775999999999999,0.96,1.02
1328,0.002784,0.98,1.02
1329,0.0027919999999999993,0.98,1.02
1330,0.0028000000000000004,1.0,1.04
1331,0.0028079999999999997,0.98,1.04
1332,0.002815999999999999,1.02,1.04
1333,0.002824,1.04,1.08
1334,0.0028319999999999994,1.04,1.08
1335,0.0028400000000000005,1.04,1.1
1336,0.002848,1.04,1.1
1337,0.002855999999999999,1.06,1.12
1338,0.0028640000000000002,1.08,1.12
1339,0.0028719999999999996,1.08,1.1400000000000001
1340,0.0028800000000000006,1.1,1.16
1341,0.002888,1.1,1.16
1342,0.0028959999999999993,1.12,1.16
1343,0.0029040000000000003,1.1400000000000001,1.18
1344,0.0029119999999999997,1.1400000000000001,1.18
1345,0.002919999999999999,1.1400000000000001,1.2
1346,0.002928,1.16,1.2
1347,0.0029359999999999994,1.16,1.22
1348,0.0029440000000000004,1.18,1.24
1349,0.0029519999999999998,1.18,1.24
1350,0.002959999999999999,1.2,1.26
1351,0.002968,1.2,1.26
1352,0.0029759999999999995,1.2,1.28
1353,0.0029840000000000005,1.22,1.28
1354,0.002992,1.24,1.28
1355,0.002999999999999999,1.24,1.3
1356,0.0030080000000000003,1.26,1.3
1357,0.0030159999999999996,1.26,1.34
1358,0.003023999999999999,1.28,1.34
1359,0.003032,1.3,1.36
1360,0.0030399999999999993,1.3,1.36
1361,0.0030480000000000004,1.32,1.3800000000000001
1362,0.0030559999999999997,1.32,1.3800000000000001
1363,0.003063999999999999,1.34,1.4000000000000001
1364,0.003072,1.34,1.4000000000000001
1365,0.0030799999999999994,1.34,1.42
1366,0.0030880000000000005,1.36,1.42
1367,0.003096,1.3800000000000001,1.44
1368,0.003103999999999999,1.3800000000000001,1.44
1369,0.003112,1.3800000000000001,1.46
1370,0.0031199999999999995,1.4000000000000001,1.46
1371,0.0031280000000000006,1.42,1.48
1372,0.003136,1.42,1.48
1373,0.0031439999999999992,1.44,1.5
1374,0.0031520000000000003,1.44,1.52
1375,0.0031599999999999996,1.46,1.52
1376,0.003167999999999999,1.46,1.52
1377,0.003176,1.46,1.54
1378,0.0031839999999999993,1.48,1.54
1379,0.0031920000000000004,1.5,1.56
1380,0.0031999999999999997,1.48,1.58
1381,0.003207999999999999,1.52,1.58
1382,0.003216,1.52,1.6
1383,0.0032239999999999994,1.54,1.6
1384,0.0032320000000000005,1.54,1.62
1385,0.00324,1.54,1.62
1386,0.003247999999999999,1.56,1.6400000000000001
1387,0.003256,1.58,1.6400000000000001
1388,0.0032639999999999995,1.6,1.6600000000000001
1389,0.0032720000000000006,1.6,1.68
1390,0.00328,1.6,1.68
1391,0.0032879999999999993,1.62,1.68
1392,0.0032960000000000003,1.62,1.7
1393,0.0033039999999999996,1.6400000000000001,1.72
1394,0.003311999999999999,1.6400000000000001,1.72
1395,0.00332,1.6600000000000001,1.72
1396,0.0033279999999999994,1.68,1.74
1397,0.0033360000000000004,1.68,1.76
1398,0.0033439999999999998,1.7,1.76
1399,0.003351999999999999,1.7,1.78
1400,0.00336,1.72,1.78
1401,0.0033679999999999995,1.72,1.8
1402,0.0033760000000000005,1.74,1.8
1403,0.003384,1.74,1.82
1404,0.003391999999999999,1.74,1.82
1405,0.0034000000000000002,1.76,1.84
1406,0.0034079999999999996,1.78,1.84
1407,0.003415999999999999,1.78,1.86
1408,0.003424,1.8,1.86
1409,0.0034319999999999993,1.8,1.8800000000000001
1410,0.0034400000000000003,1.8,1.8800000000000001
1411,0.0034479999999999997,1.82,1.9000000000000001
1412,0.003455999999999999,1.84,1.9000000000000001
1413,0.003464,1.84,1.92
1414,0.0034719999999999994,1.86,1.94
1415,0.0034800000000000005,1.86,1.94
1416,0.0034879999999999998,1.8800000000000001,1.96
1417,0.003495999999999999,1.8800000000000001,1.96
1418,0.003504,1.9000000000000001,1.98
1419,0.0035119999999999995,1.9000000000000001,1.98
1420,0.0035200000000000006,1.9000000000000001,2.0
1421,0.003528,1.94,2.02
1422,0.003535999999999999,1.94,2.02
1423,0.0035440000000000003,1.94,2.04
1424,0.0035519999999999996,1.96,2.04
1425,0.003559999999999999,1.96,2.06
1426,0.003568,1.98,2.04
1427,0.0035759999999999993,1.98,2.06
1428,0.0035840000000000004,2.0,2.08
1429,0.0035919999999999997,2.0,2.1
1430,0.003599999999999999,2.02,2.12
1431,0.003608,2.02,2.12
1432,0.0036159999999999994,2.04,2.12
1433,0.0036240000000000005,2.04,2.14
1434,0.003632,2.06,2.14
1435,0.003639999999999999,2.06,2.14
1436,0.003648,2.08,2.18
1437,0.0036559999999999995,2.08,2.18
1438,0.0036640000000000006,2.1,2.2
1439,0.003672,2.1,2.2
1440,0.0036799999999999992,2.12,2.22
1441,0.0036880000000000003,2.14,2.22
1442,0.0036959999999999996,2.14,2.24
1443,0.003703999999999999,2.16,2.24
1444,0.003712,2.16,2.2600000000000002
1445,0.0037199999999999993,2.18,2.2600000000000002
1446,0.0037280000000000004,2.18,2.2800000000000002
1447,0.0037359999999999997,2.18,2.3000000000000003
1448,0.003743999999999999,2.2,2.2800000000000002
1449,0.003752,2.22,2.3000000000000003
1450,0.0037599999999999995,2.22,2.3000000000000003
1451,0.0037680000000000005,2.24,2.32
1452,0.003776,2.24,2.34
1453,0.003783999999999999,2.2600000000000002,2.36
1454,0.0037920000000000002,2.2600000000000002,2.34
1455,0.0037999999999999996,2.2800000000000002,2.36
1456,0.003807999999999999,2.2800000000000002,2.38
1457,0.003816,2.3000000000000003,2.38
1458,0.0038239999999999993,2.3000000000000003,2.4
1459,0.0038320000000000003,2.3000000000000003,2.42
1460,0.0038399999999999997,2.32,2.42
1461,0.003847999999999999,2.34,2.42
1462,0.003856,2.34,2.44
1463,0.0038639999999999994,2.34,2.46
1464,0.0038720000000000004,2.36,2.46
1465,0.0038799999999999998,2.38,2.46
1466,0.003887999999999999,2.38,2.48
1467,0.003896,2.38,2.48
1468,0.0039039999999999995,2.38,2.5
1469,0.0039120000000000005,2.42,2.5
1470,0.00392,2.42,2.52
1471,0.003927999999999999,2.42,2.54
1472,0.003936,2.44,2.54
1473,0.003944,2.46,2.56
1474,0.003951999999999999,2.46,2.56
1475,0.00396,2.48,2.56
1476,0.003967999999999999,2.46,2.58
1477,0.003976,2.5,2.6
1478,0.003984,2.5,2.6
1479,0.003991999999999999,2.5,2.62
1480,0.004,2.52,2.64
1481,0.004007999999999999,2.52,2.66
1482,0.0040160000000000005,2.52,2.66
1483,0.004024,2.54,2.66
1484,0.004031999999999999,2.56,2.66
1485,0.00404,2.56,2.68
1486,0.0040479999999999995,2.58,2.7
1487,0.004056000000000001,2.58,2.72
1488,0.004064,2.6,2.72
1489,0.004071999999999999,2.6,2.74
1490,0.00408,2.62,2.74
1491,0.004088,2.62,2.7600000000000002
1492,0.004095999999999999,2.64,2.7600000000000002
1493,0.004104,2.64,2.7600000000000002
1494,0.004111999999999999,2.66,2.7800000000000002
1495,0.00412,2.66,2.8000000000000003
1496,0.004128,2.68,2.8000000000000003
1497,0.004135999999999999,2.68,2.82
1498,0.004144,2.7,2.84
1499,0.0041519999999999994,2.7,2.84
1500,0.0041600000000000005,2.72,2.84
1501,0.004168,2.72,2.84
1502,0.004175999999999999,2.74,2.86
1503,0.004184,2.74,2.88
1504,0.0041919999999999995,2.74,2.88
1505,0.004199999999999999,2.7800000000000002,2.9
1506,0.004208,2.7800000000000002,2.9
1507,0.004215999999999999,2.7800000000000002,2.92
1508,0.004224,2.82,2.94
1509,0.004232,2.8000000000000003,2.94
1510,0.004239999999999999,2.82,2.94
1511,0.004248,2.82,2.94
1512,0.004255999999999999,2.84,2.96
1513,0.004264,2.84,2.98
1514,0.004272,2.86,2.98
1515,0.004279999999999999,2.88,3.0
1516,0.004288,2.88,3.0
1517,0.0042959999999999995,2.88,3.02
1518,0.0043040000000000005,2.9,3.04
1519,0.004312,2.9,3.04
1520,0.004319999999999999,2.92,3.06
1521,0.004328,2.94,3.06
1522,0.004336,2.94,3.08
1523,0.004343999999999999,2.94,3.08
1524,0.004352,2.98,3.1
1525,0.004359999999999999,2.98,3.1
1526,0.004368,2.98,3.12
1527,0.004376,2.98,3.12
1528,0.004383999999999999,3.02,3.14
1529,0.004392,3.02,3.14
1530,0.004399999999999999,3.02,3.14
1531,0.0044080000000000005,3.04,3.16
1532,0.004416,3.04,3.18
1533,0.004423999999999999,3.04,3.18
1534,0.004432,3.08,3.2
1535,0.0044399999999999995,3.06,3.22
1536,0.0044480000000000006,3.08,3.22
1537,0.004456,3.1,3.24
1538,0.004463999999999999,3.1,3.24
1539,0.004472,3.12,3.2800000000000002
1540,0.00448,3.12,3.2600000000000002
1541,0.004487999999999999,3.14,3.2800000000000002
1542,0.004496,3.16,3.3000000000000003
1543,0.004503999999999999,3.16,3.3000000000000003
1544,0.004512,3.18,3.3000000000000003
1545,0.00452,3.18,3.34
1546,0.004527999999999999,3.2,3.3200000000000003
1547,0.004536,3.2,3.34
1548,0.004543999999999999,3.22,3.36
1549,0.0045520000000000005,3.22,3.36
1550,0.00456,3.24,3.38
1551,0.004567999999999999,3.24,3.4
1552,0.004576,3.2600000000000002,3.4
1553,0.0045839999999999995,3.2600000000000002,3.4
1554,0.004591999999999999,3.2800000000000002,3.42
1555,0.0046,3.2800000000000002,3.42
1556,0.004607999999999999,3.3000000000000003,3.44
1557,0.004616,3.3000000000000003,3.46
1558,0.004624,3.3200000000000003,3.46
1559,0.004631999999999999,3.34,3.46
1560,0.00464,3.3200000000000003,3.48
1561,0.004647999999999999,3.36,3.5
1562,0.004656,3.36,3.5
1563,0.004664,3.36,3.52
1564,0.004671999999999999,3.38,3.52
1565,0.00468,3.38,3.54
1566,0.0046879999999999995,3.4,3.54
1567,0.0046960000000000005,3.4,3.56
1568,0.004704,3.42,3.56
1569,0.004711999999999999,3.42,3.58
1570,0.00472,3.44,3.58
1571,0.0047279999999999996,3.44,3.6
1572,0.004735999999999999,3.46,3.6
1573,0.004744,3.48,3.62
1574,0.004751999999999999,3.48,3.62
1575,0.00476,3.48,3.64
1576,0.004768,3.5,3.66
1577,0.004775999999999999,3.5,3.66
1578,0.004784,3.52,3.68
1579,0.004791999999999999,3.54,3.68
1580,0.0048000000000000004,3.54,3.7
1581,0.004808,3.54,3.7
1582,0.004815999999999999,3.56,3.72
1583,0.004824,3.56,3.72
1584,0.0048319999999999995,3.58,3.74
1585,0.004839999999999999,3.58,3.74
1586,0.004848,3.6,3.7600000000000002
1587,0.004855999999999999,3.62,3.7600000000000002
1588,0.004864,3.64,3.7800000000000002
1589,0.004872,3.64,3.8000000000000003
1590,0.004879999999999999,3.64,3.8000000000000003
1591,0.004888,3.64,3.8200000000000003
1592,0.004895999999999999,3.66,3.8200000000000003
1593,0.004904,3.66,3.84
1594,0.004912,3.68,3.84
1595,0.004919999999999999,3.68,3.86
1596,0.004928,3.7,3.86
1597,0.004935999999999999,3.72,3.88
1598,0.0049440000000000005,3.72,3.88
1599,0.004952,3.74,3.9
1600,0.004959999999999999,3.7600000000000002,3.92
1601,0.004968,3.7600000000000002,3.92
1602,0.0049759999999999995,3.7800000000000002,3.94
1603,0.004983999999999999,3.7800000000000002,3.94
1604,0.004992,3.7800000000000002,3.96
1605,0.004999999999999999,3.8000000000000003,3.96
1606,0.005008,3.8000000000000003,3.98
1607,0.005016,3.8200000000000003,3.98
1608,0.005023999999999999,3.8200000000000003,3.98
1609,0.005032,3.84,4.0
1610,0.005039999999999999,3.84,4.0200000000000005
1611,0.005048,3.84,4.0200000000000005
1612,0.005056,3.86,4.04
1613,0.005063999999999999,3.88,4.04
1614,0.005072,3.88,4.04
1615,0.0050799999999999994,3.9,4.08
1616,0.0050880000000000005,3.9,4.08
1617,0.005096,3.92,4.08
1618,0.005103999999999999,3.92,4.1
1619,0.005112,3.96,4.12
1620,0.0051199999999999996,3.94,4.12
1621,0.005127999999999999,3.96,4.12
1622,0.005136,3.96,4.14
1623,0.005143999999999999,3.98,4.16
1624,0.005152,3.98,4.16
1625,0.00516,4.0,4.16
1626,0.005167999999999999,4.0200000000000005,4.2
1627,0.005176,4.0200000000000005,4.2
1628,0.005183999999999999,4.0200000000000005,4.2
1629,0.0051920000000000004,4.04,4.22
1630,0.0052,4.0600000000000005,4.24
1631,0.005207999999999999,4.0600000000000005,4.24
1632,0.005216,4.0600000000000005,4.26
1633,0.0052239999999999995,4.08,4.26
1634,0.005231999999999999,4.1,4.28
1635,0.00524,4.1,4.28
1636,0.005247999999999999,4.12,4.28
1637,0.005256,4.12,4.32
1638,0.005264,4.12,4.3
1639,0.005271999999999999,4.14,4.32
1640,0.00528,4.16,4.34
1641,0.005287999999999999,4.16,4.34
1642,0.005296,4.16,4.36
1643,0.005304,4.18,4.36
1644,0.005311999999999999,4.2,4.4
1645,0.00532,4.2,4.38
1646,0.005327999999999999,4.22,4.4
1647,0.0053360000000000005,4.22,4.42
1648,0.005344,4.22,4.42
1649,0.005351999999999999,4.24,4.44
1650,0.00536,4.24,4.44
1651,0.0053679999999999995,4.26,4.46
1652,0.005375999999999999,4.28,4.48
1653,0.005384,4.28,4.48
1654,0.005391999999999999,4.3,4.5
1655,0.0054,4.3,4.5
1656,0.005408,4.32,4.5200000000000005
1657,0.005415999999999999,4.32,4.5200000000000005
1658,0.005424,4.34,4.54
1659,0.005431999999999999,4.34,4.54
1660,0.00544,4.36,4.54
1661,0.005448,4.38,4.5600000000000005
1662,0.005455999999999999,4.38,4.58
1663,0.005464,4.38,4.58
1664,0.0054719999999999994,4.4,4.6000000000000005
1665,0.0054800000000000005,4.4,4.6000000000000005
1666,0.005488,4.42,4.62
1667,0.005495999999999999,4.42,4.62
1668,0.005504,4.44,4.64
1669,0.0055119999999999995,4.44,4.64
1670,0.005519999999999999,4.46,4.66
1671,0.005528,4.46,4.68
1672,0.005535999999999999,4.48,4.68
1673,0.005544,4.48,4.7
1674,0.005552,4.5,4.7
1675,0.005559999999999999,4.5,4.72
1676,0.005568,4.5200000000000005,4.72
1677,0.005575999999999999,4.5200000000000005,4.74
1678,0.005584,4.54,4.74
1679,0.005592,4.5600000000000005,4.76
1680,0.005599999999999999,4.5600000000000005,4.76
1681,0.005608,4.5600000000000005,4.78
1682,0.0056159999999999995,4.58,4.78
1683,0.005623999999999999,4.58,4.8
1684,0.005632,4.6000000000000005,4.8
1685,0.005639999999999999,4.62,4.82
1686,0.005648,4.62,4.82
1687,0.005656,4.62,4.84
1688,0.005663999999999999,4.66,4.86
1689,0.005672,4.66,4.88
1690,0.005679999999999999,4.66,4.86
1691,0.005688,4.68,4.88
1692,0.005696,4.68,4.88
1693,0.005703999999999999,4.68,4.9
1694,0.005712,4.7,4.92
1695,0.005719999999999999,4.72,4.92
1696,0.0057280000000000005,4.72,4.92
1697,0.005736,4.74,4.94
1698,0.005743999999999999,4.74,4.96
1699,0.005752,4.76,4.96
1700,0.0057599999999999995,0.06,0.04
1701,0.005767999999999999,0.04,0.04
1702,0.005776,0.04,0.04
1703,0.005783999999999999,0.04,0.04
1704,0.005792,0.04,0.06
1705,0.0058,0.06,0.06
1706,0.005807999999999999,0.06,0.06
1707,0.005816,0.08,0.1
1708,0.005823999999999999,0.08,0.1
1709,0.005832,0.1,0.12
1710,0.00584,0.1,0.12
1711,0.005847999999999999,0.12,0.14
1712,0.005856,0.12,0.14
1713,0.005863999999999999,0.14,0.16
1714,0.0058720000000000005,0.14,0.16
1715,0.00588,0.14,0.18
1716,0.005887999999999999,0.16,0.18
1717,0.005896,0.18,0.2
1718,0.0059039999999999995,0.18,0.2
1719,0.005911999999999999,0.2,0.22
1720,0.00592,0.2,0.22
1721,0.005927999999999999,0.22,0.24
1722,0.005936,0.22,0.26
1723,0.005944,0.24,0.26
1724,0.005951999999999999,0.24,0.28
1725,0.00596,0.26,0.28
1726,0.005967999999999999,0.28,0.3
1727,0.005976,0.28,0.3
1728,0.005984,0.28,0.32
1729,0.005991999999999999,0.3,0.32
1730,0.006,0.32,0.34
1731,0.0060079999999999995,0.32,0.34
1732,0.006015999999999999,0.34,0.36
1733,0.006024,0.34,0.36
1734,0.006031999999999999,0.36,0.36
1735,0.00604,0.36,0.38
1736,0.0060479999999999996,0.36,0.38
1737,0.006055999999999999,0.38,0.4
1738,0.006064,0.4,0.42
1739,0.006071999999999999,0.4,0.42
1740,0.00608,0.42,0.44
1741,0.006088,0.42,0.44
1742,0.006095999999999999,0.44,0.46
1743,0.006104,0.44,0.46
1744,0.006111999999999999,0.46,0.48
1745,0.0061200000000000004,0.46,0.5
1746,0.006128,0.46,0.5
1747,0.006135999999999999,0.48,0.52
1748,0.006144,0.5,0.52
1749,0.0061519999999999995,0.5,0.54
1750,0.006159999999999999,0.52,0.54
1751,0.006168,0.52,0.56
1752,0.006175999999999999,0.54,0.56
1753,0.006184,0.54,0.58
1754,0.006192,0.56,0.58
1755,0.006199999999999999,0.58,0.58
1756,0.006208,0.58,0.6
1757,0.006215999999999999,0.58,0.62
1758,0.006224,0.58,0.64
1759,0.006232,0.62,0.64
1760,0.006239999999999999,0.62,0.64
1761,0.006248,0.62,0.66
1762,0.006255999999999999,0.64,0.68
1763,0.0062640000000000005,0.66,0.68
1764,0.006272,0.66,0.7000000000000001
1765,0.006279999999999999,0.68,0.7000000000000001
1766,0.006288,0.68,0.72
1767,0.0062959999999999995,0.7000000000000001,0.72
1768,0.006303999999999999,0.7000000000000001,0.74
1769,0.006312,0.72,0.74
1770,0.006319999999999999,0.72,0.76
1771,0.006328,0.74,0.76
1772,0.006336,0.74,0.78
1773,0.006343999999999999,0.76,0.78
1774,0.006352,0.76,0.78
1775,0.006359999999999999,0.78,0.8
1776,0.006368,0.8,0.8200000000000001
1777,0.006376,0.8,0.8200000000000001
1778,0.006383999999999999,0.8200000000000001,0.8200000000000001
1779,0.006392,0.8200000000000001,0.84
1780,0.0063999999999999994,0.84,0.86
1781,0.006407999999999999,0.84,0.86
1782,0.006416,0.84,0.88
1783,0.006423999999999999,0.86,0.9
1784,0.006432,0.86,0.9
1785,0.0064399999999999995,0.88,0.92
1786,0.006447999999999999,0.9,0.92
1787,0.006456,0.9,0.9400000000000001
1788,0.006463999999999999,0.92,0.9400000000000001
1789,0.006472,0.92,0.96
1790,0.00648,0.92,0.96
1791,0.006487999999999999,0.9400000000000001,0.96
1792,0.006496,0.96,1.0
1793,0.006503999999999999,0.9400000000000001,1.0
1794,0.006512,0.98,1.02
1795,0.00652,0.98,1.02
1796,0.006527999999999999,0.98,1.02
1797,0.006536,1.0,1.04
1798,0.0065439999999999995,1.02,1.06
1799,0.006551999999999999,1.0,1.08
1800,0.00656,1.04,1.08
1801,0.006567999999999999,1.04,1.08
1802,0.006576,1.06,1.1
1803,0.006584,1.06,1.1
1804,0.006591999999999999,1.08,1.12
1805,0.0066,1.08,1.1400000000000001
1806,0.006607999999999999,1.1,1.1400000000000001
1807,0.006616,1.1,1.1400000000000001
1808,0.006624,1.1,1.1400000000000001
1809,0.006631999999999999,1.12,1.18
1810,0.00664,1.1400000000000001,1.18
1811,0.006647999999999999,1.1400000000000001,1.18
1812,0.0066560000000000005,1.16,1.2
1813,0.006664,1.16,1.22
1814,0.006671999999999999,1.18,1.22
1815,0.00668,1.18,1.22
1816,0.0066879999999999995,1.2,1.24
1817,0.006695999999999999,1.2,1.24
1818,0.006704,1.22,1.28
1819,0.006711999999999999,1.22,1.28
1820,0.00672,1.24,1.28
1821,0.006728,1.24,1.3
1822,0.006735999999999999,1.26,1.3
1823,0.006744,1.26,1.32
1824,0.006751999999999999,1.28,1.32
1825,0.00676,1.3,1.36
1826,0.006768,1.3,1.36
1827,0.006775999999999999,1.3,1.36
1828,0.006784,1.32,1.3800000000000001
1829,0.006791999999999999,1.32,1.4000000000000001
1830,0.006799999999999999,1.34,1.4000000000000001
1831,0.006808,1.34,1.42
1832,0.006815999999999999,1.36,1.42
1833,0.006824,1.36,1.42
1834,0.0068319999999999995,1.3800000000000001,1.44
1835,0.006839999999999999,1.4000000000000001,1.44
1836,0.006848,1.4000000000000001,1.46
1837,0.006855999999999999,1.4000000000000001,1.48
1838,0.006864,1.42,1.48
1839,0.006872,1.42,1.5
1840,0.006879999999999999,1.44,1.5
1841,0.006888,1.46,1.52
1842,0.006895999999999999,1.46,1.52
1843,0.006904,1.48,1.54
1844,0.006912,1.48,1.56
1845,0.006919999999999999,1.48,1.56
1846,0.006928,1.5,1.58
1847,0.0069359999999999995,1.5,1.56
1848,0.006943999999999999,1.52,1.6
1849,0.006952,1.54,1.6
1850,0.006959999999999999,1.52,1.6
1851,0.006968,1.56,1.62
1852,0.0069759999999999996,1.56,1.6400000000000001
1853,0.006983999999999999,1.56,1.6400000000000001
1854,0.006992,1.58,1.6600000000000001
1855,0.006999999999999999,1.6,1.6400000000000001
1856,0.007008,1.6,1.68
1857,0.007016,1.62,1.68
1858,0.007023999999999999,1.62,1.7
1859,0.007032,1.6400000000000001,1.7
1860,0.007039999999999999,1.6400000000000001,1.72
1861,0.0070480000000000004,1.6400000000000001,1.72
1862,0.007056,1.6600000000000001,1.74
1863,0.007063999999999999,1.6600000000000001,1.74
1864,0.007072,1.68,1.76
1865,0.0070799999999999995,1.68,1.76
1866,0.007087999999999999,1.7,1.78
1867,0.007096,1.7,1.78
1868,0.007103999999999999,1.72,1.8
1869,0.007112,1.74,1.8
1870,0.00712,1.74,1.82
1871,0.007127999999999999,1.74,1.84
1872,0.007136,1.76,1.84
1873,0.007143999999999999,1.78,1.86
1874,0.007152,1.78,1.86
1875,0.00716,1.8,1.8800000000000001
1876,0.007167999999999999,1.82,1.8800000000000001
1877,0.007176,1.82,1.9000000000000001
1878,0.007183999999999999,1.82,1.9000000000000001
1879,0.007191999999999999,1.84,1.92
1880,0.0072,1.84,1.92
1881,0.007207999999999999,1.86,1.94
1882,0.007216,1.8800000000000001,1.94
1883,0.0072239999999999995,1.8800000000000001,1.96
1884,0.007231999999999999,1.9000000000000001,1.98
1885,0.00724,1.9000000000000001,1.98
1886,0.007247999999999999,1.9000000000000001,2.0
1887,0.007256,1.92,2.0
1888,0.007264,1.94,2.02
1889,0.007271999999999999,1.92,2.04
1890,0.00728,1.94,2.04
1891,0.007287999999999999,1.96,2.06
1892,0.007296,1.96,2.06
1893,0.007304,1.96,2.06
1894,0.007311999999999999,2.0,2.08
1895,0.00732,2.0,2.08
1896,0.0073279999999999994,2.02,2.1
1897,0.007335999999999999,2.02,2.1
1898,0.007344,2.02,2.12
1899,0.007351999999999999,2.04,2.14
1900,0.00736,2.06,2.14
1901,0.0073679999999999995,2.06,2.16
1902,0.007375999999999999,2.08,2.16
1903,0.007384,2.08,2.18
1904,0.007391999999999999,2.1,2.18
1905,0.0074,2.1,2.2
1906,0.007408,2.12,2.2
1907,0.007415999999999999,2.12,2.22
1908,0.007424,2.14,2.22
1909,0.007431999999999999,2.14,2.24
1910,0.007439999999999999,2.16,2.2600000000000002
1911,0.007448,2.14,2.2600000000000002
1912,0.007455999999999999,2.18,2.2600000000000002
1913,0.007464,2.2,2.2800000000000002
1914,0.0074719999999999995,2.2,2.3000000000000003
1915,0.007479999999999999,2.22,2.3000000000000003
1916,0.007488,2.22,2.3000000000000003
1917,0.007495999999999999,2.22,2.34
1918,0.007504,2.24,2.34
1919,0.007512,2.24,2.36
1920,0.007519999999999999,2.2600000000000002,2.36
1921,0.007528,2.2600000000000002,2.36
1922,0.007535999999999999,2.2800000000000002,2.36
1923,0.007544,2.2800000000000002,2.4
1924,0.007552,2.3000000000000003,2.38
1925,0.007559999999999999,2.3000000000000003,2.42
1926,0.007568,2.32,2.42
1927,0.007575999999999999,2.32,2.44
1928,0.007583999999999999,2.34,2.44
1929,0.007592,2.34,2.44
1930,0.007599999999999999,2.36,2.46
1931,0.007608,2.38,2.46
1932,0.0076159999999999995,2.36,2.48
1933,0.007623999999999999,2.38,2.48
1934,0.007632,2.4,2.5
1935,0.007639999999999999,2.4,2.5
1936,0.007648,2.42,2.52
1937,0.007656,2.4,2.52
1938,0.007663999999999999,2.44,2.54
1939,0.007672,2.46,2.54
1940,0.007679999999999999,2.46,2.56
1941,0.007688,2.46,2.56
1942,0.007696,2.48,2.58
1943,0.007703999999999999,2.48,2.6
1944,0.007712,2.5,2.6
1945,0.007719999999999999,2.5,2.6
1946,0.007727999999999999,2.5,2.64
1947,0.007736,2.52,2.64
1948,0.007743999999999999,2.52,2.64
1949,0.007752,2.56,2.66
1950,0.0077599999999999995,2.56,2.66
1951,0.007767999999999999,2.56,2.68
1952,0.007776,2.56,2.68
1953,0.007783999999999999,2.58,2.7
1954,0.007792,2.6,2.7
1955,0.007799999999999998,2.6,2.72
1956,0.007807999999999999,2.62,2.72
1957,0.007816,2.62,2.74
1958,0.007824000000000001,2.62,2.7600000000000002
1959,0.007831999999999999,2.64,2.7800000000000002
1960,0.00784,2.66,2.7600000000000002
1961,0.007848,2.66,2.7800000000000002
1962,0.007855999999999998,2.68,2.7800000000000002
1963,0.007864,2.68,2.8000000000000003
1964,0.007872,2.7,2.82
1965,0.007879999999999998,2.7,2.82
1966,0.007888,2.7,2.84
1967,0.007896,2.72,2.84
1968,0.007903999999999998,2.74,2.86
1969,0.007911999999999999,2.74,2.86
1970,0.00792,2.7600000000000002,2.86
1971,0.007928000000000001,2.7600000000000002,2.88
1972,0.007935999999999999,2.7600000000000002,2.9
1973,0.007944,2.7800000000000002,2.92
1974,0.007952,2.8000000000000003,2.92
1975,0.007959999999999998,2.8000000000000003,2.92
1976,0.007968,2.82,2.94
1977,0.007976,2.82,2.94
1978,0.007983999999999998,2.84,2.96
1979,0.007991999999999999,2.84,2.98
1980,0.008,2.86,2.98
1981,0.008008000000000001,2.86,3.0
1982,0.008015999999999999,2.86,3.02
1983,0.008024,2.9,3.02
1984,0.008032000000000001,2.9,3.02
1985,0.008039999999999999,2.9,3.04
1986,0.008048,2.92,3.04
1987,0.008056,2.92,3.06
1988,0.008063999999999998,2.94,3.08
1989,0.008072,2.94,3.08
1990,0.00808,2.96,3.08
1991,0.008087999999999998,2.96,3.1
1992,0.008095999999999999,2.98,3.12
1993,0.008104,2.98,3.12
1994,0.008112000000000001,3.0,3.14
1995,0.008119999999999999,3.0,3.14
1996,0.008128,3.02,3.16
1997,0.008136000000000001,3.02,3.16
1998,0.008143999999999998,3.04,3.18
1999,0.008152,3.06,3.18
