,time,v1,v2
0,-0.0014368,2.2,2.3000000000000003
1,-0.0014352,2.2,2.32
2,-0.0014336,2.22,2.32
3,-0.0014320000000000001,2.24,2.32
4,-0.0014304,2.24,2.34
5,-0.0014288,2.2600000000000002,2.34
6,-0.0014272,2.2600000000000002,2.36
7,-0.0014256,2.2800000000000002,2.38
8,-0.001424,2.2800000000000002,2.4
9,-0.0014224,2.3000000000000003,2.38
10,-0.0014208,2.2800000000000002,2.4
11,-0.0014192,2.32,2.42
12,-0.0014176,2.3000000000000003,2.42
13,-0.001416,2.32,2.44
14,-0.0014144000000000001,2.34,2.46
15,-0.0014128,2.36,2.44
16,-0.0014112,2.36,2.48
17,-0.0014096,2.38,2.48
18,-0.001408,2.38,2.5
19,-0.0014064,2.4,2.5
20,-0.0014048,2.4,2.5
21,-0.0014032,2.42,2.54
22,-0.0014016,2.42,2.52
23,-0.0014,2.44,2.54
24,-0.0013984,2.44,2.54
25,-0.0013968000000000001,2.46,2.56
26,-0.0013952,2.48,2.58
27,-0.0013936,2.48,2.58
28,-0.001392,2.5,2.6
29,-0.0013904,2.5,2.6
30,-0.0013888,2.5,2.62
31,-0.0013872,2.5,2.62
32,-0.0013856,2.52,2.64
33,-0.001384,2.54,2.66
34,-0.0013824,2.54,2.66
35,-0.0013808,2.56,2.66
36,-0.0013792,2.56,2.68
37,-0.0013776,2.58,2.7
38,-0.001376,2.58,2.7
39,-0.0013744,2.6,2.7
40,-0.0013728,2.6,2.74
41,-0.0013712,2.62,2.74
42,-0.0013696000000000001,2.62,2.74
43,-0.001368,2.66,2.7600000000000002
44,-0.0013664,2.66,2.7800000000000002
45,-0.0013648,2.66,2.7800000000000002
46,-0.0013632,2.66,2.8000000000000003
47,-0.0013616,2.68,2.8000000000000003
48,-0.00136,2.68,2.82
49,-0.0013584,2.72,2.82
50,-0.0013568,2.72,2.84
51,-0.0013552,2.72,2.86
52,-0.0013536,2.72,2.86
53,-0.001352,2.74,2.86
54,-0.0013504,2.7600000000000002,2.88
55,-0.0013488,2.7600000000000002,2.88
56,-0.0013472,2.7800000000000002,2.9
57,-0.0013456,2.7800000000000002,2.9
58,-0.001344,2.8000000000000003,2.92
59,-0.0013424,2.8000000000000003,2.94
60,-0.0013408,2.84,2.94
61,-0.0013392,2.84,2.96
62,-0.0013376,2.84,2.96
63,-0.001336,2.84,2.96
64,-0.0013344,2.86,2.98
65,-0.0013328,2.86,3.0
66,-0.0013312,2.9,3.0
67,-0.0013296,2.9,3.02
68,-0.001328,2.9,3.02
69,-0.0013264,2.92,3.04
70,-0.0013248000000000001,2.92,3.06
71,-0.0013232,2.96,3.06
72,-0.0013216,2.96,3.08
73,-0.00132,2.96,3.1
74,-0.0013184,2.96,3.1
75,-0.0013168,2.98,3.1
76,-0.0013152,2.98,3.12
77,-0.0013136,3.0,3.14
78,-0.001312,3.0,3.14
79,-0.0013104,3.04,3.16
80,-0.0013088,3.02,3.18
81,-0.0013072000000000001,3.04,3.2
82,-0.0013056,3.04,3.2
83,-0.001304,3.08,3.2
84,-0.0013024,3.06,3.2
85,-0.0013008,3.1,3.22
86,-0.0012992,3.1,3.24
87,-0.0012976,3.1,3.24
88,-0.001296,3.12,3.2600000000000002
89,-0.0012944,3.12,3.2600000000000002
90,-0.0012928,3.14,3.2800000000000002
91,-0.0012912,3.14,3.3000000000000003
92,-0.0012896000000000001,3.16,3.3000000000000003
93,-0.001288,3.18,3.3000000000000003
94,-0.0012864,3.18,3.3200000000000003
95,-0.0012848,3.2,3.34
96,-0.0012832,3.2,3.36
97,-0.0012816,3.22,3.36
98,-0.00128,3.22,3.36
99,-0.0012784,3.2600000000000002,3.38
100,-0.0012768,3.24,3.4
101,-0.0012752,3.2600000000000002,3.4
102,-0.0012736,3.2800000000000002,3.42
103,-0.0012720000000000001,3.3000000000000003,3.42
104,-0.0012704,3.3000000000000003,3.44
105,-0.0012688,3.3000000000000003,3.46
106,-0.0012672,3.3200000000000003,3.46
107,-0.0012656,3.3200000000000003,3.46
108,-0.001264,3.3200000000000003,3.48
109,-0.0012624000000000001,3.34,3.5
110,-0.0012608,3.36,3.5
111,-0.0012592,3.36,3.52
112,-0.0012576,3.38,3.52
113,-0.001256,3.38,3.54
114,-0.0012544000000000001,3.4,3.54
115,-0.0012528,3.4,3.56
116,-0.0012512,3.42,3.56
117,-0.0012496,3.42,3.58
118,-0.001248,3.44,3.58
119,-0.0012464,3.44,3.6
120,-0.0012448,3.46,3.62
121,-0.0012432,3.48,3.62
122,-0.0012416,3.48,3.64
123,-0.00124,3.48,3.64
124,-0.0012384,3.5,3.64
125,-0.0012368000000000001,3.5,3.66
126,-0.0012352,3.54,3.68
127,-0.0012336,3.54,3.68
128,-0.001232,3.54,3.7
129,-0.0012304,3.56,3.72
130,-0.0012288,3.56,3.72
131,-0.0012272,3.58,3.74
132,-0.0012256,3.58,3.74
133,-0.001224,3.6,3.7600000000000002
134,-0.0012224,3.6,3.7600000000000002
135,-0.0012208,3.62,3.7800000000000002
136,-0.0012192000000000001,3.62,3.8000000000000003
137,-0.0012176,3.64,3.8000000000000003
138,-0.001216,3.66,3.8200000000000003
139,-0.0012144,3.66,3.84
140,-0.0012128,3.68,3.84
141,-0.0012112,3.68,3.84
142,-0.0012096,3.7,3.86
143,-0.001208,3.7,3.88
144,-0.0012064,3.72,3.88
145,-0.0012048,3.72,3.88
146,-0.0012032,3.74,3.9
147,-0.0012016,3.74,3.92
148,-0.0012000000000000001,3.7600000000000002,3.92
149,-0.0011984,3.7600000000000002,3.94
150,-0.0011968,3.7800000000000002,3.96
151,-0.0011952,3.7800000000000002,3.96
152,-0.0011936,3.8200000000000003,3.96
153,-0.001192,3.8000000000000003,3.98
154,-0.0011904,3.8200000000000003,4.0
155,-0.0011888,3.8200000000000003,4.0
156,-0.0011872,3.86,4.0
157,-0.0011856,3.86,4.0200000000000005
158,-0.0011840000000000002,3.86,4.04
159,-0.0011824000000000001,3.88,4.04
160,-0.0011808,3.88,4.0600000000000005
161,-0.0011792,3.9,4.0600000000000005
162,-0.0011776,3.92,4.08
163,-0.001176,3.92,4.08
164,-0.0011744,3.92,4.1
165,-0.0011728,3.94,4.1
166,-0.0011712,3.94,4.12
167,-0.0011696,3.96,4.14
168,-0.001168,3.96,4.14
169,-0.0011664,3.98,4.14
170,-0.0011648000000000001,4.0,4.16
171,-0.0011632,4.0,4.18
172,-0.0011616,4.0200000000000005,4.2
173,-0.00116,4.04,4.2
174,-0.0011584,4.04,4.2
175,-0.0011568,4.04,4.22
176,-0.0011551999999999999,4.0600000000000005,4.24
177,-0.0011536,4.0600000000000005,4.24
178,-0.001152,4.08,4.26
179,-0.0011504,4.08,4.26
180,-0.0011488,4.08,4.28
181,-0.0011472000000000001,4.1,4.3
182,-0.0011456,4.12,4.3
183,-0.001144,4.12,4.3
184,-0.0011424,4.14,4.32
185,-0.0011408,4.14,4.32
186,-0.0011392,4.16,4.34
187,-0.0011376,4.16,4.34
188,-0.001136,4.2,4.36
189,-0.0011344,4.2,4.4
190,-0.0011328,4.2,4.38
191,-0.0011312,4.2,4.4
192,-0.0011296000000000001,4.22,4.42
193,-0.001128,4.22,4.42
194,-0.0011264,4.24,4.44
195,-0.0011248,4.26,4.44
196,-0.0011232,4.26,4.46
197,-0.0011216,4.28,4.48
198,-0.00112,4.28,4.48
199,-0.0011184,4.28,4.48
200,-0.0011168,4.3,4.5
201,-0.0011152,4.32,4.5200000000000005
202,-0.0011136,4.32,4.5200000000000005
203,-0.0011120000000000001,4.34,4.54
204,-0.0011104,4.34,4.54
205,-0.0011088,4.38,4.5600000000000005
206,-0.0011072,4.36,4.5600000000000005
207,-0.0011056,4.38,4.58
208,-0.001104,4.38,4.58
209,-0.0011024,4.4,4.6000000000000005
210,-0.0011008,4.42,4.62
211,-0.0010992,4.42,4.62
212,-0.0010976,4.44,4.64
213,-0.001096,4.44,4.64
214,-0.0010944000000000001,4.46,4.66
215,-0.0010928,4.46,4.66
216,-0.0010912,4.48,4.68
217,-0.0010896,4.48,4.68
218,-0.001088,4.5,4.7
219,-0.0010864,4.5200000000000005,4.7
220,-0.0010848,4.5200000000000005,4.72
221,-0.0010832,4.54,4.72
222,-0.0010816,4.54,4.74
223,-0.00108,4.5600000000000005,4.76
224,-0.0010784,4.5600000000000005,4.78
225,-0.0010768000000000002,4.58,4.78
226,-0.0010752000000000001,4.58,4.78
227,-0.0010736,4.6000000000000005,4.82
228,-0.001072,4.6000000000000005,4.82
229,-0.0010704,4.62,4.84
230,-0.0010688,4.62,4.86
231,-0.0010672,4.66,4.84
232,-0.0010656,4.66,4.86
233,-0.001064,4.66,4.86
234,-0.0010624,4.66,4.88
235,-0.0010608,4.68,4.88
236,-0.0010592000000000002,4.7,4.9
237,-0.0010576000000000001,4.7,4.92
238,-0.001056,4.7,4.92
239,-0.0010544,4.72,4.94
240,-0.0010528,4.74,4.94
241,-0.0010512,4.76,4.94
242,-0.0010496,4.76,4.96
243,-0.001048,0.52,0.06
244,-0.0010464,0.12,0.06
245,-0.0010448,0.1,0.06
246,-0.0010432,0.08,0.08
247,-0.0010416000000000002,0.08,0.08
248,-0.0010400000000000001,0.1,0.08
249,-0.0010384,0.1,0.1
250,-0.0010368,0.12,0.12
251,-0.0010352,0.12,0.12
252,-0.0010336,0.12,0.12
253,-0.001032,0.12,0.14
254,-0.0010304000000000001,0.14,0.14
255,-0.0010288,0.14,0.16
256,-0.0010272,0.16,0.16
257,-0.0010256,0.16,0.18
258,-0.001024,0.18,0.18
259,-0.0010224000000000001,0.18,0.2
260,-0.0010208,0.2,0.2
261,-0.0010192,0.2,0.22
262,-0.0010176,0.2,0.22
263,-0.001016,0.22,0.24
264,-0.0010144,0.22,0.24
265,-0.0010128,0.24,0.26
266,-0.0010112,0.26,0.26
267,-0.0010096,0.26,0.28
268,-0.001008,0.26,0.3
269,-0.0010064,0.28,0.3
270,-0.0010048000000000001,0.3,0.3
271,-0.0010032,0.3,0.32
272,-0.0010016,0.32,0.32
273,-0.001,0.32,0.34
274,-0.0009984,0.34,0.36
275,-0.0009968,0.34,0.36
276,-0.0009952,0.36,0.38
277,-0.0009936,0.38,0.38
278,-0.000992,0.38,0.4
279,-0.0009904,0.38,0.4
280,-0.0009888,0.38,0.42
281,-0.0009872000000000001,0.4,0.42
282,-0.0009856,0.42,0.44
283,-0.000984,0.42,0.44
284,-0.0009824,0.44,0.44
285,-0.0009808,0.44,0.46
286,-0.0009792,0.46,0.48
287,-0.0009776,0.46,0.48
288,-0.0009760000000000001,0.48,0.5
289,-0.0009744,0.48,0.52
290,-0.0009728,0.5,0.52
291,-0.0009712,0.5,0.54
292,-0.0009696,0.52,0.54
293,-0.0009680000000000001,0.54,0.56
294,-0.0009664000000000001,0.54,0.56
295,-0.0009648,0.56,0.58
296,-0.0009632,0.56,0.58
297,-0.0009616,0.58,0.6
298,-0.00096,0.58,0.62
299,-0.0009584000000000001,0.6,0.6
300,-0.0009568000000000001,0.62,0.64
301,-0.0009552,0.62,0.64
302,-0.0009536,0.64,0.66
303,-0.000952,0.64,0.66
304,-0.0009504,0.66,0.68
305,-0.0009488000000000001,0.66,0.7000000000000001
306,-0.0009472,0.68,0.7000000000000001
307,-0.0009456,0.68,0.72
308,-0.0009440000000000001,0.7000000000000001,0.72
309,-0.0009424,0.7000000000000001,0.74
310,-0.0009408,0.72,0.74
311,-0.0009392000000000001,0.72,0.76
312,-0.0009376,0.74,0.76
313,-0.000936,0.76,0.78
314,-0.0009344,0.74,0.78
315,-0.0009328,0.78,0.8
316,-0.0009312000000000001,0.78,0.8200000000000001
317,-0.0009296,0.8,0.8200000000000001
318,-0.000928,0.8200000000000001,0.8200000000000001
319,-0.0009264000000000001,0.8,0.86
320,-0.0009248,0.8200000000000001,0.86
321,-0.0009232,0.84,0.88
322,-0.0009216000000000001,0.84,0.88
323,-0.00092,0.86,0.9
324,-0.0009184,0.86,0.9
325,-0.0009168000000000001,0.88,0.92
326,-0.0009152,0.9,0.9400000000000001
327,-0.0009136000000000001,0.9,0.9400000000000001
328,-0.000912,0.9,0.9400000000000001
329,-0.0009104,0.92,0.96
330,-0.0009088000000000001,0.9400000000000001,0.96
331,-0.0009072,0.9400000000000001,0.98
332,-0.0009056,0.9400000000000001,1.0
333,-0.0009040000000000001,0.96,1.0
334,-0.0009024,0.98,1.0
335,-0.0009008,0.98,1.02
336,-0.0008992000000000001,0.98,1.04
337,-0.0008976,1.0,1.04
338,-0.000896,1.02,1.06
339,-0.0008944000000000001,1.02,1.08
340,-0.0008928,1.04,1.08
341,-0.0008912000000000001,1.04,1.1
342,-0.0008896,1.06,1.1
343,-0.000888,1.06,1.1
344,-0.0008864000000000001,1.08,1.1400000000000001
345,-0.0008848,1.08,1.1400000000000001
346,-0.0008832,1.08,1.1400000000000001
347,-0.0008816000000000001,1.1,1.1400000000000001
348,-0.00088,1.12,1.16
349,-0.0008784,1.1400000000000001,1.18
350,-0.0008768000000000001,1.1400000000000001,1.18
351,-0.0008752,1.16,1.2
352,-0.0008736,1.16,1.22
353,-0.000872,1.16,1.22
354,-0.0008704,1.2,1.22
355,-0.0008688000000000001,1.18,1.24
356,-0.0008672,1.2,1.26
357,-0.0008656,1.22,1.28
358,-0.0008640000000000001,1.22,1.28
359,-0.0008624,1.24,1.3
360,-0.0008608,1.24,1.32
361,-0.0008592000000000001,1.26,1.32
362,-0.0008576,1.28,1.32
363,-0.000856,1.26,1.34
364,-0.0008544000000000001,1.28,1.34
365,-0.0008528,1.28,1.36
366,-0.0008512000000000001,1.32,1.36
367,-0.0008496,1.32,1.3800000000000001
368,-0.000848,1.34,1.4000000000000001
369,-0.0008464000000000001,1.34,1.4000000000000001
370,-0.0008448,1.36,1.4000000000000001
371,-0.0008432,1.36,1.44
372,-0.0008416000000000001,1.36,1.44
373,-0.00084,1.4000000000000001,1.44
374,-0.0008384,1.4000000000000001,1.46
375,-0.0008368000000000001,1.4000000000000001,1.48
376,-0.0008352,1.42,1.46
377,-0.0008336,1.44,1.5
378,-0.0008320000000000001,1.44,1.5
379,-0.0008304,1.44,1.52
380,-0.0008288000000000001,1.46,1.52
381,-0.0008272,1.48,1.54
382,-0.0008256,1.48,1.54
383,-0.0008240000000000001,1.48,1.56
384,-0.0008224,1.5,1.56
385,-0.0008208,1.5,1.58
386,-0.0008192000000000001,1.52,1.58
387,-0.0008176,1.54,1.6
388,-0.000816,1.54,1.62
389,-0.0008144000000000001,1.56,1.6
390,-0.0008128,1.56,1.6400000000000001
391,-0.0008112000000000001,1.58,1.6400000000000001
392,-0.0008096000000000001,1.58,1.6600000000000001
393,-0.000808,1.6,1.6600000000000001
394,-0.0008064000000000001,1.6,1.68
395,-0.0008048,1.62,1.68
396,-0.0008032,1.62,1.7
397,-0.0008016000000000001,1.6400000000000001,1.72
398,-0.0008,1.6400000000000001,1.72
399,-0.0007984,1.6600000000000001,1.74
400,-0.0007968000000000001,1.6600000000000001,1.74
401,-0.0007952,1.68,1.76
402,-0.0007936,1.7,1.76
403,-0.0007920000000000001,1.7,1.78
404,-0.0007904,1.72,1.78
405,-0.0007888000000000001,1.72,1.8
406,-0.0007872,1.72,1.8
407,-0.0007856,1.76,1.82
408,-0.0007840000000000001,1.76,1.82
409,-0.0007824,1.76,1.84
410,-0.0007808,1.78,1.84
411,-0.0007792000000000001,1.78,1.86
412,-0.0007776,1.8,1.8800000000000001
413,-0.000776,1.8,1.8800000000000001
414,-0.0007744000000000001,1.82,1.9000000000000001
415,-0.0007728,1.82,1.9000000000000001
416,-0.0007712000000000001,1.84,1.9000000000000001
417,-0.0007696000000000001,1.86,1.94
418,-0.000768,1.86,1.94
419,-0.0007664000000000001,1.86,1.96
420,-0.0007648,1.8800000000000001,1.96
421,-0.0007632,1.9000000000000001,1.98
422,-0.0007616000000000001,1.9000000000000001,1.98
423,-0.00076,1.9000000000000001,2.0
424,-0.0007584,1.92,2.0
425,-0.0007568000000000001,1.94,2.0
426,-0.0007552,1.94,2.02
427,-0.0007536,1.96,2.04
428,-0.0007520000000000001,1.96,2.06
429,-0.0007504,1.98,2.06
430,-0.0007488000000000001,2.0,2.08
431,-0.0007472000000000001,2.0,2.08
432,-0.0007456,2.02,2.1
433,-0.0007440000000000001,2.02,2.1
434,-0.0007424,2.04,2.1
435,-0.0007408,2.04,2.14
436,-0.0007392000000000001,2.06,2.14
437,-0.0007376,2.06,2.16
438,-0.000736,2.08,2.18
439,-0.0007344000000000001,2.08,2.18
440,-0.0007328,2.1,2.18
441,-0.0007312,2.12,2.2
442,-0.0007296000000000001,2.1,2.2
443,-0.000728,2.12,2.22
444,-0.0007264000000000001,2.14,2.24
445,-0.0007248,2.14,2.24
446,-0.0007232,2.16,2.2600000000000002
447,-0.0007216000000000001,2.18,2.2600000000000002
448,-0.00072,2.18,2.2800000000000002
449,-0.0007184,2.18,2.2800000000000002
450,-0.0007168000000000001,2.2,2.3000000000000003
451,-0.0007152,2.22,2.3000000000000003
452,-0.0007136,2.22,2.32
453,-0.0007120000000000001,2.24,2.32
454,-0.0007104,2.24,2.34
455,-0.0007088000000000001,2.2600000000000002,2.36
456,-0.0007072000000000001,2.2600000000000002,2.36
457,-0.0007056,2.2800000000000002,2.38
458,-0.0007040000000000001,2.2800000000000002,2.38
459,-0.0007024,2.3000000000000003,2.4
460,-0.0007008,2.3000000000000003,2.4
461,-0.0006992000000000001,2.32,2.42
462,-0.0006976,2.32,2.42
463,-0.000696,2.34,2.44
464,-0.0006944000000000001,2.34,2.46
465,-0.0006928,2.36,2.44
466,-0.0006912,2.36,2.46
467,-0.0006896000000000001,2.36,2.48
468,-0.000688,2.38,2.5
469,-0.0006864000000000001,2.4,2.5
470,-0.0006848000000000001,2.4,2.52
471,-0.0006832,2.42,2.52
472,-0.0006816000000000001,2.42,2.54
473,-0.00068,2.44,2.54
474,-0.0006784,2.44,2.54
475,-0.0006768000000000001,2.46,2.56
476,-0.0006752,2.48,2.58
477,-0.0006736,2.48,2.58
478,-0.0006720000000000001,2.5,2.6
479,-0.0006704,2.52,2.6
480,-0.0006688,2.52,2.62
481,-0.0006672000000000001,2.5,2.62
482,-0.0006656,2.52,2.64
483,-0.0006640000000000001,2.54,2.66
484,-0.0006624000000000001,2.54,2.66
485,-0.0006608,2.54,2.68
486,-0.0006592000000000001,2.56,2.68
487,-0.0006576,2.58,2.7
488,-0.000656,2.58,2.7
489,-0.0006544000000000001,2.6,2.72
490,-0.0006528,2.6,2.74
491,-0.0006512,2.62,2.74
492,-0.0006496000000000001,2.64,2.7600000000000002
493,-0.000648,2.64,2.7600000000000002
494,-0.0006464000000000001,2.66,2.7600000000000002
495,-0.0006448000000000001,2.68,2.7800000000000002
496,-0.0006432,2.66,2.8000000000000003
497,-0.0006416000000000001,2.68,2.8000000000000003
498,-0.00064,2.7,2.82
499,-0.0006384,2.72,2.82
500,-0.0006368000000000001,2.72,2.84
501,-0.0006352,2.72,2.84
502,-0.0006336,2.74,2.86
503,-0.0006320000000000001,2.74,2.86
504,-0.0006304,2.7600000000000002,2.88
505,-0.0006288,2.7600000000000002,2.9
506,-0.0006272000000000001,2.7800000000000002,2.92
507,-0.0006256,2.7800000000000002,2.92
508,-0.0006240000000000001,2.8000000000000003,2.92
509,-0.0006224000000000001,2.8000000000000003,2.94
510,-0.0006208,2.84,2.94
511,-0.0006192000000000001,2.82,2.96
512,-0.0006176,2.84,2.96
513,-0.000616,2.84,2.98
514,-0.0006144000000000001,2.86,3.0
515,-0.0006128,2.88,3.0
516,-0.0006112,2.88,3.02
517,-0.0006096000000000001,2.92,3.02
518,-0.000608,2.9,3.04
519,-0.0006064000000000001,2.92,3.06
520,-0.0006048000000000001,2.92,3.06
521,-0.0006032,2.94,3.08
522,-0.0006016000000000001,2.94,3.08
523,-0.0006000000000000001,2.98,3.08
524,-0.0005984,2.98,3.12
525,-0.0005968000000000001,2.98,3.12
526,-0.0005952,3.0,3.12
527,-0.0005936,3.02,3.14
528,-0.0005920000000000001,3.02,3.14
529,-0.0005904,3.02,3.16
530,-0.0005888,3.02,3.16
531,-0.0005872000000000001,3.04,3.18
532,-0.0005856,3.06,3.2
533,-0.0005840000000000001,3.06,3.2
534,-0.0005824000000000001,3.06,3.22
535,-0.0005808,3.1,3.22
536,-0.0005792000000000001,3.1,3.24
537,-0.0005776,3.12,3.24
538,-0.000576,3.12,3.2800000000000002
539,-0.0005744000000000001,3.12,3.2600000000000002
540,-0.0005728,3.14,3.2800000000000002
541,-0.0005712,3.14,3.2800000000000002
542,-0.0005696000000000001,3.16,3.3000000000000003
543,-0.000568,3.16,3.3000000000000003
544,-0.0005664000000000001,3.18,3.3200000000000003
545,-0.0005648000000000001,3.2,3.34
546,-0.0005632,3.22,3.34
547,-0.0005616000000000001,3.22,3.38
548,-0.0005600000000000001,3.22,3.36
549,-0.0005584,3.24,3.38
550,-0.0005568000000000001,3.24,3.4
551,-0.0005552,3.2600000000000002,3.4
552,-0.0005536,3.2600000000000002,3.42
553,-0.0005520000000000001,3.2800000000000002,3.44
554,-0.0005504,3.2800000000000002,3.44
555,-0.0005488,3.3200000000000003,3.46
556,-0.0005472000000000001,3.3200000000000003,3.46
557,-0.0005456,3.3200000000000003,3.48
558,-0.0005440000000000001,3.34,3.48
559,-0.0005424000000000001,3.34,3.48
560,-0.0005408,3.36,3.5
561,-0.0005392000000000001,3.36,3.52
562,-0.0005376000000000001,3.36,3.52
563,-0.000536,3.38,3.54
564,-0.0005344000000000001,3.4,3.54
565,-0.0005328,3.4,3.56
566,-0.0005312,3.42,3.56
567,-0.0005296000000000001,3.44,3.58
568,-0.000528,3.44,3.6
569,-0.0005264,3.44,3.6
570,-0.0005248000000000001,3.46,3.62
571,-0.0005232,3.46,3.62
572,-0.0005216000000000001,3.48,3.64
573,-0.0005200000000000001,3.5,3.66
574,-0.0005184,3.5,3.66
575,-0.0005168000000000001,3.52,3.68
576,-0.0005152000000000001,3.52,3.68
577,-0.0005136,3.54,3.7
578,-0.0005120000000000001,3.54,3.7
579,-0.0005104,3.56,3.72
580,-0.0005088,3.56,3.72
581,-0.0005072000000000001,3.58,3.74
582,-0.0005056,3.58,3.74
583,-0.0005040000000000001,3.58,3.7600000000000002
584,-0.0005024000000000001,3.6,3.7800000000000002
585,-0.0005008,3.62,3.7800000000000002
586,-0.0004992000000000001,3.62,3.8000000000000003
587,-0.0004976000000000001,3.64,3.8000000000000003
588,-0.000496,3.64,3.8200000000000003
589,-0.0004944000000000001,3.66,3.8200000000000003
590,-0.0004928,3.66,3.84
591,-0.0004912,3.68,3.86
592,-0.0004896000000000001,3.7,3.86
593,-0.00048800000000000004,3.7,3.88
594,-0.0004864,3.72,3.88
595,-0.0004848000000000001,3.72,3.9
596,-0.00048320000000000004,3.74,3.9
597,-0.0004816000000000001,3.7600000000000002,3.92
598,-0.00048000000000000007,3.7800000000000002,3.92
599,-0.00047840000000000003,3.7600000000000002,3.94
600,-0.0004768000000000001,3.8000000000000003,3.94
601,-0.00047520000000000006,3.7800000000000002,3.96
602,-0.0004736,3.8200000000000003,3.96
603,-0.0004720000000000001,3.8000000000000003,3.98
604,-0.00047040000000000005,3.84,4.0
605,-0.0004688,3.84,4.0
606,-0.0004672000000000001,3.84,4.0200000000000005
607,-0.00046560000000000004,3.86,4.0200000000000005
608,-0.000464,3.86,4.04
609,-0.00046240000000000007,3.86,4.04
610,-0.00046080000000000003,3.9,4.0600000000000005
611,-0.0004592000000000001,3.88,4.0600000000000005
612,-0.00045760000000000006,3.9,4.08
613,-0.000456,3.92,4.08
614,-0.0004544,3.92,4.1
615,-0.00045280000000000016,3.94,4.12
616,-0.0004512000000000001,3.94,4.12
617,-0.0004496000000000001,3.96,4.14
618,-0.00044800000000000005,3.96,4.14
619,-0.0004464,3.98,4.14
620,-0.00044479999999999997,4.0,4.16
621,-0.00044320000000000015,4.0200000000000005,4.18
622,-0.0004416000000000001,4.0200000000000005,4.18
623,-0.00044000000000000007,4.0200000000000005,4.2
624,-0.00043840000000000003,4.0200000000000005,4.22
625,-0.0004368,4.04,4.22
626,-0.00043519999999999995,4.0600000000000005,4.24
627,-0.00043360000000000013,4.08,4.24
628,-0.0004320000000000001,4.0600000000000005,4.26
629,-0.00043040000000000005,4.08,4.28
630,-0.0004288,4.1,4.28
631,-0.0004272,4.1,4.3
632,-0.00042560000000000015,4.12,4.3
633,-0.0004240000000000001,4.14,4.3
634,-0.0004224000000000001,4.14,4.32
635,-0.00042080000000000004,4.14,4.34
636,-0.0004192,4.16,4.34
637,-0.00041759999999999996,4.16,4.36
638,-0.00041600000000000014,4.18,4.38
639,-0.0004144000000000001,4.18,4.38
640,-0.00041280000000000006,4.2,4.38
641,-0.0004112,4.2,4.4
642,-0.0004096,4.22,4.42
643,-0.00040800000000000016,4.24,4.44
644,-0.0004064000000000001,4.24,4.44
645,-0.0004048000000000001,4.26,4.44
646,-0.00040320000000000004,4.26,4.46
647,-0.0004016,4.28,4.48
648,-0.00039999999999999996,4.28,4.48
649,-0.00039840000000000014,4.32,4.5
650,-0.0003968000000000001,4.3,4.5
651,-0.00039520000000000007,4.32,4.5200000000000005
652,-0.0003936,4.32,4.54
653,-0.000392,4.34,4.54
654,-0.00039040000000000017,4.34,4.54
655,-0.0003888000000000001,4.36,4.5600000000000005
656,-0.0003872000000000001,4.36,4.58
657,-0.00038560000000000005,4.38,4.58
658,-0.000384,4.4,4.6000000000000005
659,-0.00038239999999999997,4.4,4.6000000000000005
660,-0.00038080000000000015,4.42,4.62
661,-0.0003792000000000001,4.42,4.62
662,-0.00037760000000000007,4.42,4.64
663,-0.00037600000000000003,4.44,4.64
664,-0.0003744,4.46,4.64
665,-0.00037279999999999995,4.48,4.66
666,-0.00037120000000000013,4.48,4.68
667,-0.0003696000000000001,4.48,4.7
668,-0.00036800000000000005,4.5,4.7
669,-0.0003664,4.5200000000000005,4.72
670,-0.0003648,4.5200000000000005,4.72
671,-0.00036320000000000015,4.5200000000000005,4.74
672,-0.0003616000000000001,4.54,4.74
673,-0.0003600000000000001,4.5600000000000005,4.76
674,-0.00035840000000000004,4.5600000000000005,4.76
675,-0.0003568,4.58,4.78
676,-0.00035519999999999996,4.58,4.78
677,-0.00035360000000000014,4.58,4.8
678,-0.0003520000000000001,4.6000000000000005,4.82
679,-0.00035040000000000006,4.62,4.82
680,-0.0003488,4.62,4.84
681,-0.0003472,4.64,4.84
682,-0.00034560000000000016,4.64,4.86
683,-0.0003440000000000001,4.66,4.86
684,-0.0003424000000000001,4.68,4.88
685,-0.00034080000000000004,4.68,4.9
686,-0.0003392,4.68,4.9
687,-0.00033759999999999997,4.7,4.9
688,-0.00033600000000000014,4.7,4.92
689,-0.0003344000000000001,4.72,4.92
690,-0.00033280000000000007,4.74,4.94
691,-0.00033120000000000003,4.76,4.96
692,-0.0003296,4.76,4.96
693,-0.00032800000000000017,0.46,0.06
694,-0.00032640000000000013,0.12,0.04
695,-0.0003248000000000001,0.08,0.06
696,-0.00032320000000000005,0.08,0.08
697,-0.0003216,0.08,0.1
698,-0.00031999999999999997,0.1,0.1
699,-0.00031840000000000015,0.1,0.1
700,-0.0003168000000000001,0.1,0.12
701,-0.00031520000000000007,0.12,0.1
702,-0.00031360000000000003,0.12,0.12
703,-0.000312,0.14,0.12
704,-0.00031039999999999996,0.14,0.16
705,-0.00030880000000000013,0.14,0.16
706,-0.0003072000000000001,0.16,0.16
707,-0.00030560000000000006,0.16,0.18
708,-0.000304,0.18,0.18
709,-0.0003024,0.18,0.2
710,-0.00030080000000000016,0.18,0.2
711,-0.0002992000000000001,0.2,0.22
712,-0.0002976000000000001,0.22,0.24
713,-0.00029600000000000004,0.22,0.24
714,-0.0002944,0.22,0.24
715,-0.00029279999999999996,0.24,0.26
716,-0.00029120000000000014,0.24,0.26
717,-0.0002896000000000001,0.26,0.28
718,-0.00028800000000000006,0.26,0.28
719,-0.0002864,0.28,0.3
720,-0.0002848,0.3,0.3
721,-0.00028320000000000016,0.3,0.32
722,-0.0002816000000000001,0.3,0.32
723,-0.0002800000000000001,0.32,0.34
724,-0.00027840000000000005,0.34,0.34
725,-0.0002768,0.34,0.36
726,-0.00027519999999999997,0.36,0.38
727,-0.00027360000000000015,0.36,0.38
728,-0.0002720000000000001,0.36,0.4
729,-0.00027040000000000007,0.38,0.4
730,-0.00026880000000000003,0.4,0.4
731,-0.0002672,0.4,0.42
732,-0.00026560000000000017,0.42,0.44
733,-0.00026400000000000013,0.42,0.44
734,-0.0002624000000000001,0.44,0.46
735,-0.00026080000000000005,0.44,0.46
736,-0.0002592,0.46,0.48
737,-0.0002576,0.46,0.5
738,-0.00025600000000000015,0.48,0.5
739,-0.0002544000000000001,0.5,0.52
740,-0.0002528000000000001,0.5,0.52
741,-0.00025120000000000003,0.52,0.52
742,-0.0002496,0.52,0.54
743,-0.0002480000000000002,0.54,0.56
744,-0.00024640000000000013,0.54,0.58
745,-0.0002448000000000001,0.56,0.58
746,-0.00024320000000000006,0.58,0.6
747,-0.00024160000000000002,0.58,0.6
748,-0.00023999999999999998,0.58,0.6
749,-0.00023840000000000016,0.6,0.62
750,-0.00023680000000000012,0.62,0.64
751,-0.00023520000000000008,0.62,0.66
752,-0.00023360000000000004,0.62,0.66
753,-0.000232,0.64,0.68
754,-0.00023039999999999996,0.66,0.68
755,-0.00022880000000000014,0.66,0.7000000000000001
756,-0.0002272000000000001,0.68,0.7000000000000001
757,-0.00022560000000000006,0.68,0.72
758,-0.00022400000000000002,0.7000000000000001,0.72
759,-0.00022239999999999998,0.7000000000000001,0.74
760,-0.00022080000000000016,0.72,0.74
761,-0.00021920000000000012,0.72,0.76
762,-0.00021760000000000009,0.74,0.76
763,-0.00021600000000000005,0.76,0.78
764,-0.0002144,0.76,0.8
765,-0.00021279999999999997,0.78,0.8200000000000001
766,-0.00021120000000000015,0.78,0.8200000000000001
767,-0.0002096000000000001,0.8,0.8200000000000001
768,-0.00020800000000000007,0.8,0.84
769,-0.00020640000000000003,0.8,0.86
770,-0.0002048,0.8200000000000001,0.86
771,-0.00020320000000000017,0.84,0.86
772,-0.00020160000000000013,0.84,0.88
773,-0.0002000000000000001,0.86,0.9
774,-0.00019840000000000005,0.86,0.9
775,-0.0001968,0.88,0.92
776,-0.00019519999999999997,0.9,0.92
777,-0.00019360000000000015,0.9,0.9400000000000001
778,-0.0001920000000000001,0.9,0.9400000000000001
779,-0.00019040000000000007,0.92,0.96
780,-0.00018880000000000004,0.9400000000000001,0.98
781,-0.0001872,0.96,0.98
782,-0.00018560000000000017,0.96,1.0
783,-0.00018400000000000014,0.98,1.0
784,-0.0001824000000000001,0.98,1.02
785,-0.00018080000000000006,1.0,1.02
786,-0.00017920000000000002,1.0,1.04
787,-0.00017759999999999998,1.0,1.06
788,-0.00017600000000000016,1.02,1.04
789,-0.00017440000000000012,1.02,1.08
790,-0.00017280000000000008,1.04,1.08
791,-0.00017120000000000004,1.06,1.1
792,-0.0001696,1.06,1.1
793,-0.00016799999999999996,1.06,1.12
794,-0.00016640000000000014,1.08,1.12
795,-0.0001648000000000001,1.1,1.12
796,-0.00016320000000000006,1.08,1.1400000000000001
797,-0.00016160000000000002,1.1,1.16
798,-0.00015999999999999999,1.12,1.18
799,-0.00015840000000000016,1.1400000000000001,1.18
800,-0.00015680000000000013,1.1400000000000001,1.2
801,-0.00015520000000000009,1.16,1.2
802,-0.00015360000000000005,1.1400000000000001,1.22
803,-0.000152,1.18,1.22
804,-0.00015039999999999997,1.18,1.24
805,-0.00014880000000000015,1.2,1.24
806,-0.0001472000000000001,1.2,1.24
807,-0.00014560000000000007,1.22,1.28
808,-0.00014400000000000003,1.24,1.28
809,-0.0001424,1.24,1.3
810,-0.00014080000000000017,1.24,1.3
811,-0.00013920000000000013,1.26,1.32
812,-0.0001376000000000001,1.26,1.34
813,-0.00013600000000000005,1.28,1.34
814,-0.00013440000000000001,1.3,1.36
815,-0.00013279999999999998,1.3,1.34
816,-0.00013120000000000015,1.32,1.3800000000000001
817,-0.00012960000000000011,1.32,1.3800000000000001
818,-0.00012800000000000008,1.34,1.4000000000000001
819,-0.00012640000000000004,1.34,1.4000000000000001
820,-0.0001248,1.36,1.42
821,-0.00012320000000000018,1.36,1.44
822,-0.00012160000000000014,1.3800000000000001,1.44
823,-0.0001200000000000001,1.3800000000000001,1.44
824,-0.00011840000000000006,1.4000000000000001,1.46
825,-0.00011680000000000002,1.4000000000000001,1.48
826,-0.00011519999999999998,1.42,1.48
827,-0.00011360000000000016,1.42,1.5
828,-0.00011200000000000012,1.44,1.5
829,-0.00011040000000000008,1.44,1.52
830,-0.00010880000000000004,1.46,1.5
831,-0.0001072,1.48,1.54
832,-0.00010560000000000018,1.48,1.54
833,-0.00010400000000000014,1.5,1.56
834,-0.0001024000000000001,1.5,1.56
835,-0.00010080000000000006,1.5,1.56
836,-9.920000000000003e-05,1.52,1.6
837,-9.759999999999999e-05,1.54,1.6
838,-9.600000000000017e-05,1.54,1.6
839,-9.440000000000013e-05,1.54,1.62
840,-9.280000000000009e-05,1.56,1.62
841,-9.120000000000005e-05,1.58,1.6600000000000001
842,-8.960000000000001e-05,1.58,1.6600000000000001
843,-8.799999999999997e-05,1.6,1.6600000000000001
844,-8.640000000000015e-05,1.6,1.68
845,-8.480000000000011e-05,1.62,1.7
846,-8.320000000000007e-05,1.6400000000000001,1.7
847,-8.160000000000003e-05,1.6400000000000001,1.7
848,-7.999999999999999e-05,1.6400000000000001,1.72
849,-7.840000000000017e-05,1.6400000000000001,1.72
850,-7.680000000000013e-05,1.68,1.74
851,-7.520000000000009e-05,1.68,1.76
852,-7.360000000000005e-05,1.7,1.76
853,-7.200000000000002e-05,1.7,1.78
854,-7.039999999999998e-05,1.72,1.78
855,-6.880000000000015e-05,1.72,1.8
856,-6.720000000000012e-05,1.72,1.8
857,-6.560000000000008e-05,1.74,1.82
858,-6.400000000000004e-05,1.76,1.82
859,-6.24e-05,1.76,1.84
860,-6.080000000000018e-05,1.76,1.86
861,-5.920000000000014e-05,1.78,1.86
862,-5.76000000000001e-05,1.8,1.8800000000000001
863,-5.600000000000006e-05,1.82,1.9000000000000001
864,-5.440000000000002e-05,1.82,1.8800000000000001
865,-5.279999999999998e-05,1.84,1.9000000000000001
866,-5.120000000000016e-05,1.84,1.92
867,-4.960000000000012e-05,1.86,1.94
868,-4.800000000000008e-05,1.86,1.94
869,-4.6400000000000044e-05,1.8800000000000001,1.96
870,-4.4800000000000005e-05,1.8800000000000001,1.96
871,-4.320000000000018e-05,1.9000000000000001,1.98
872,-4.1600000000000144e-05,1.9000000000000001,1.98
873,-4.0000000000000105e-05,1.92,2.0
874,-3.8400000000000066e-05,1.94,2.0
875,-3.680000000000003e-05,1.94,2.02
876,-3.519999999999999e-05,1.96,2.02
877,-3.3600000000000166e-05,1.96,2.04
878,-3.200000000000013e-05,1.96,2.04
879,-3.040000000000009e-05,1.98,2.06
880,-2.880000000000005e-05,2.0,2.08
881,-2.720000000000001e-05,1.98,2.08
882,-2.5599999999999972e-05,2.02,2.1
883,-2.400000000000015e-05,2.02,2.1
884,-2.240000000000011e-05,2.04,2.1
885,-2.0800000000000072e-05,2.04,2.12
886,-1.9200000000000033e-05,2.06,2.14
887,-1.7599999999999994e-05,2.06,2.14
888,-1.6000000000000172e-05,2.08,2.16
889,-1.4400000000000133e-05,2.08,2.18
890,-1.2800000000000094e-05,2.1,2.18
891,-1.1200000000000055e-05,2.1,2.2
892,-9.600000000000017e-06,2.12,2.2
893,-7.999999999999978e-06,2.12,2.22
894,-6.4000000000001556e-06,2.14,2.22
895,-4.800000000000117e-06,2.14,2.24
896,-3.2000000000000778e-06,2.16,2.2600000000000002
897,-1.6000000000000389e-06,2.16,2.2600000000000002
898,0.0,2.18,2.2800000000000002
899,1.599999999999822e-06,2.2,2.2800000000000002
900,3.199999999999861e-06,2.2,2.3000000000000003
901,4.7999999999999e-06,2.22,2.3000000000000003
902,6.399999999999939e-06,2.22,2.3000000000000003
903,7.999999999999978e-06,2.24,2.32
904,9.600000000000017e-06,2.24,2.34
905,1.1199999999999839e-05,2.2600000000000002,2.34
906,1.2799999999999877e-05,2.2800000000000002,2.34
907,1.4399999999999916e-05,2.2800000000000002,2.38
908,1.5999999999999955e-05,2.2800000000000002,2.38
909,1.7599999999999994e-05,2.3000000000000003,2.38
910,1.9199999999999816e-05,2.3000000000000003,2.4
911,2.0799999999999855e-05,2.32,2.42
912,2.2399999999999894e-05,2.34,2.42
913,2.3999999999999933e-05,2.34,2.44
914,2.5599999999999972e-05,2.36,2.44
915,2.720000000000001e-05,2.36,2.44
916,2.8799999999999833e-05,2.38,2.48
917,3.039999999999987e-05,2.38,2.48
918,3.199999999999991e-05,2.4,2.5
919,3.359999999999995e-05,2.4,2.5
920,3.519999999999999e-05,2.4,2.52
921,3.680000000000003e-05,2.42,2.52
922,3.839999999999985e-05,2.42,2.52
923,3.999999999999989e-05,2.44,2.54
924,4.159999999999993e-05,2.44,2.56
925,4.3199999999999966e-05,2.46,2.56
926,4.4800000000000005e-05,2.48,2.58
927,4.639999999999983e-05,2.48,2.58
928,4.7999999999999866e-05,2.48,2.6
929,4.9599999999999905e-05,2.5,2.62
930,5.1199999999999943e-05,2.5,2.62
931,5.279999999999998e-05,2.5,2.62
932,5.440000000000002e-05,2.52,2.64
933,5.599999999999984e-05,2.54,2.64
934,5.759999999999988e-05,2.54,2.68
935,5.919999999999992e-05,2.56,2.68
936,6.079999999999996e-05,2.56,2.68
937,6.24e-05,2.58,2.72
938,6.399999999999982e-05,2.58,2.7
939,6.559999999999986e-05,2.6,2.72
940,6.71999999999999e-05,2.6,2.72
941,6.879999999999994e-05,2.62,2.74
942,7.039999999999998e-05,2.62,2.7600000000000002
943,7.200000000000002e-05,2.64,2.7800000000000002
944,7.359999999999984e-05,2.64,2.7800000000000002
945,7.519999999999988e-05,2.66,2.7800000000000002
946,7.679999999999992e-05,2.68,2.8000000000000003
947,7.839999999999995e-05,2.68,2.8000000000000003
948,7.999999999999999e-05,2.7,2.8000000000000003
949,8.159999999999982e-05,2.7,2.82
950,8.319999999999985e-05,2.72,2.84
951,8.479999999999989e-05,2.72,2.86
952,8.639999999999993e-05,2.74,2.88
953,8.799999999999997e-05,2.74,2.86
954,8.960000000000001e-05,2.7600000000000002,2.88
955,9.119999999999983e-05,2.7600000000000002,2.9
956,9.279999999999987e-05,2.7800000000000002,2.9
957,9.439999999999991e-05,2.8000000000000003,2.9
958,9.599999999999995e-05,2.8000000000000003,2.92
959,9.759999999999999e-05,2.82,2.94
960,9.920000000000003e-05,2.82,2.94
961,0.00010079999999999985,2.84,2.96
962,0.00010239999999999989,2.84,2.96
963,0.00010399999999999993,2.86,2.98
964,0.00010559999999999996,2.88,2.98
965,0.0001072,2.88,3.0
966,0.00010879999999999983,2.88,3.02
967,0.00011039999999999986,2.9,3.02
968,0.0001119999999999999,2.9,3.04
969,0.00011359999999999994,2.92,3.04
970,0.00011519999999999998,2.92,3.06
971,0.00011680000000000002,2.92,3.06
972,0.00011839999999999984,2.94,3.08
973,0.00011999999999999988,2.96,3.1
974,0.00012159999999999992,2.96,3.12
975,0.00012319999999999996,2.98,3.12
976,0.0001248,2.98,3.14
977,0.00012639999999999982,3.0,3.14
978,0.00012799999999999986,3.0,3.14
979,0.0001295999999999999,3.02,3.18
980,0.00013119999999999994,3.02,3.18
981,0.00013279999999999998,3.04,3.18
982,0.00013440000000000001,3.06,3.18
983,0.00013599999999999984,3.06,3.2
984,0.00013759999999999988,3.08,3.22
985,0.00013919999999999991,3.08,3.24
986,0.00014079999999999995,3.1,3.24
987,0.0001424,3.12,3.24
988,0.00014399999999999981,3.12,3.2800000000000002
989,0.00014559999999999985,3.14,3.2800000000000002
990,0.0001471999999999999,3.14,3.2800000000000002
991,0.00014879999999999993,3.14,3.3000000000000003
992,0.00015039999999999997,3.16,3.3000000000000003
993,0.000152,3.18,3.3200000000000003
994,0.00015359999999999983,3.18,3.3200000000000003
995,0.00015519999999999987,3.2,3.34
996,0.0001567999999999999,3.22,3.36
997,0.00015839999999999995,3.24,3.36
998,0.00015999999999999999,3.22,3.38
999,0.0001615999999999998,3.24,3.38
1000,0.00016319999999999985,3.24,3.4
1001,0.00016479999999999989,3.2600000000000002,3.4
1002,0.00016639999999999992,3.2600000000000002,3.42
1003,0.00016799999999999996,3.2800000000000002,3.42
1004,0.0001696,3.2800000000000002,3.44
1005,0.00017119999999999982,3.3000000000000003,3.46
1006,0.00017279999999999986,3.3200000000000003,3.46
1007,0.0001743999999999999,3.3200000000000003,3.46
1008,0.00017599999999999994,3.34,3.48
1009,0.00017759999999999998,3.36,3.48
1010,0.00017920000000000002,3.36,3.52
1011,0.00018079999999999984,3.36,3.52
1012,0.00018239999999999988,3.4,3.52
1013,0.00018399999999999992,3.38,3.54
1014,0.00018559999999999996,3.4,3.54
1015,0.0001872,3.4,3.56
1016,0.00018879999999999982,3.42,3.56
1017,0.00019039999999999986,3.44,3.58
1018,0.0001919999999999999,3.44,3.58
1019,0.00019359999999999994,3.44,3.62
1020,0.00019519999999999997,3.48,3.62
1021,0.0001968,3.48,3.64
1022,0.00019839999999999984,3.48,3.64
1023,0.00019999999999999987,3.5,3.64
1024,0.0002015999999999999,3.5,3.66
1025,0.00020319999999999995,3.52,3.66
1026,0.0002048,3.52,3.68
1027,0.0002063999999999998,3.54,3.7
1028,0.00020799999999999985,3.54,3.7
1029,0.0002095999999999999,3.56,3.72
1030,0.00021119999999999993,3.56,3.72
1031,0.00021279999999999997,3.58,3.74
1032,0.0002144,3.58,3.74
1033,0.00021599999999999983,3.6,3.7600000000000002
1034,0.00021759999999999987,3.6,3.7800000000000002
1035,0.0002191999999999999,3.62,3.8000000000000003
1036,0.00022079999999999995,3.64,3.8000000000000003
1037,0.00022239999999999998,3.64,3.8200000000000003
1038,0.0002239999999999998,3.64,3.8200000000000003
1039,0.00022559999999999985,3.66,3.84
1040,0.00022719999999999988,3.68,3.84
1041,0.00022879999999999992,3.68,3.86
1042,0.00023039999999999996,3.7,3.86
1043,0.000232,3.7,3.86
1044,0.00023359999999999982,3.72,3.88
1045,0.00023519999999999986,3.72,3.9
1046,0.0002367999999999999,3.74,3.9
1047,0.00023839999999999994,3.74,3.92
1048,0.00023999999999999998,3.7600000000000002,3.92
1049,0.00024160000000000002,3.7600000000000002,3.94
1050,0.00024319999999999984,3.7800000000000002,3.94
1051,0.0002447999999999999,3.8000000000000003,3.96
1052,0.0002463999999999999,3.8000000000000003,3.96
1053,0.00024799999999999996,3.8200000000000003,3.98
1054,0.0002496,3.8200000000000003,3.98
1055,0.0002511999999999998,3.84,4.0
1056,0.00025279999999999986,3.86,4.0200000000000005
1057,0.0002543999999999999,3.86,4.04
1058,0.00025599999999999993,3.88,4.04
1059,0.0002576,3.88,4.0600000000000005
1060,0.0002592,3.88,4.0600000000000005
1061,0.00026079999999999983,3.9,4.0600000000000005
1062,0.0002623999999999999,3.9,4.08
1063,0.0002639999999999999,3.92,4.08
1064,0.00026559999999999995,3.92,4.1
1065,0.0002672,3.94,4.1
1066,0.0002687999999999998,3.94,4.12
1067,0.00027039999999999985,3.96,4.14
1068,0.0002719999999999999,3.96,4.14
1069,0.00027359999999999993,3.98,4.16
1070,0.00027519999999999997,4.0,4.18
1071,0.0002768,4.0,4.18
1072,0.00027839999999999983,4.0200000000000005,4.18
1073,0.00027999999999999987,4.0200000000000005,4.2
1074,0.0002815999999999999,4.04,4.22
1075,0.00028319999999999994,4.0600000000000005,4.22
1076,0.0002848,4.0600000000000005,4.24
1077,0.0002863999999999998,4.0600000000000005,4.24
1078,0.00028799999999999984,4.08,4.26
1079,0.0002895999999999999,4.1,4.26
1080,0.0002911999999999999,4.1,4.3
1081,0.00029279999999999996,4.12,4.28
1082,0.0002944,4.12,4.3
1083,0.0002959999999999998,4.12,4.3
1084,0.00029759999999999986,4.14,4.32
1085,0.0002991999999999999,4.16,4.32
1086,0.00030079999999999994,4.16,4.36
1087,0.0003024,4.18,4.36
1088,0.0003039999999999998,4.18,4.36
1089,0.00030559999999999984,4.2,4.38
1090,0.0003071999999999999,4.22,4.38
1091,0.0003087999999999999,4.2,4.4
1092,0.00031039999999999996,4.24,4.42
1093,0.000312,4.24,4.44
1094,0.0003135999999999998,4.26,4.44
1095,0.00031519999999999986,4.26,4.44
1096,0.0003167999999999999,4.26,4.46
1097,0.00031839999999999993,4.28,4.48
1098,0.00031999999999999997,4.28,4.48
1099,0.0003216,4.3,4.48
1100,0.00032319999999999983,4.3,4.5
1101,0.00032479999999999987,4.32,4.5200000000000005
1102,0.0003263999999999999,4.34,4.5200000000000005
1103,0.00032799999999999995,4.34,4.54
1104,0.0003296,4.34,4.5600000000000005
1105,0.0003311999999999998,4.36,4.5600000000000005
1106,0.00033279999999999985,4.36,4.58
1107,0.0003343999999999999,4.38,4.58
1108,0.00033599999999999993,4.38,4.58
1109,0.00033759999999999997,4.4,4.6000000000000005
1110,0.0003392,4.4,4.62
1111,0.0003407999999999998,4.42,4.62
1112,0.00034239999999999987,4.44,4.64
1113,0.0003439999999999999,4.44,4.64
1114,0.00034559999999999994,4.46,4.66
1115,0.0003472,4.46,4.66
1116,0.0003487999999999998,4.48,4.68
1117,0.00035039999999999984,4.48,4.68
1118,0.0003519999999999999,4.5,4.7
1119,0.0003535999999999999,4.5,4.7
1120,0.00035519999999999996,4.5200000000000005,4.72
1121,0.0003568,4.5200000000000005,4.74
1122,0.0003583999999999998,4.54,4.74
1123,0.00035999999999999986,4.5600000000000005,4.76
1124,0.0003615999999999999,4.5600000000000005,4.76
1125,0.00036319999999999994,4.6000000000000005,4.78
1126,0.0003648,4.58,4.8
1127,0.0003663999999999998,4.6000000000000005,4.8
1128,0.00036799999999999984,4.62,4.82
1129,0.0003695999999999999,4.6000000000000005,4.82
1130,0.0003711999999999999,4.62,4.84
1131,0.00037279999999999995,4.64,4.84
1132,0.0003744,4.64,4.86
1133,0.0003759999999999998,4.66,4.88
1134,0.00037759999999999985,4.66,4.88
1135,0.0003791999999999999,4.68,4.88
1136,0.00038079999999999993,4.7,4.9
1137,0.00038239999999999997,4.7,4.92
1138,0.000384,4.72,4.92
1139,0.00038559999999999983,4.72,4.92
1140,0.00038719999999999987,4.74,4.94
1141,0.0003887999999999999,4.74,4.96
1142,0.00039039999999999995,4.76,4.96
1143,0.000392,0.44,0.06
1144,0.0003935999999999998,0.1,0.06
1145,0.00039519999999999985,0.08,0.06
1146,0.0003967999999999999,0.08,0.08
1147,0.0003983999999999999,0.1,0.08
1148,0.00039999999999999996,0.1,0.1
1149,0.0004016,0.1,0.1
1150,0.0004031999999999998,0.12,0.12
1151,0.00040479999999999986,0.12,0.12
1152,0.0004063999999999999,0.12,0.12
1153,0.00040799999999999994,0.14,0.14
1154,0.0004096,0.12,0.14
1155,0.0004111999999999998,0.14,0.16
1156,0.00041279999999999984,0.16,0.18
1157,0.0004143999999999999,0.16,0.18
1158,0.0004159999999999999,0.18,0.18
1159,0.00041759999999999996,0.18,0.2
1160,0.0004192,0.2,0.2
1161,0.0004207999999999998,0.2,0.22
1162,0.00042239999999999986,0.22,0.22
1163,0.0004239999999999999,0.22,0.24
1164,0.00042559999999999994,0.22,0.24
1165,0.0004272,0.24,0.26
1166,0.0004287999999999998,0.26,0.28
1167,0.00043039999999999984,0.26,0.28
1168,0.0004319999999999999,0.28,0.28
1169,0.0004335999999999999,0.28,0.3
1170,0.00043519999999999995,0.3,0.3
1171,0.0004368,0.3,0.3
1172,0.0004383999999999998,0.3,0.34
1173,0.00043999999999999985,0.32,0.34
1174,0.0004415999999999999,0.34,0.36
1175,0.00044319999999999993,0.34,0.36
1176,0.00044479999999999997,0.36,0.36
1177,0.0004464,0.36,0.4
1178,0.00044799999999999983,0.38,0.4
1179,0.00044959999999999987,0.38,0.42
1180,0.0004511999999999999,0.4,0.42
1181,0.00045279999999999995,0.4,0.42
1182,0.0004544,0.42,0.44
1183,0.0004559999999999998,0.42,0.44
1184,0.00045759999999999985,0.44,0.46
1185,0.0004591999999999999,0.44,0.46
1186,0.0004607999999999999,0.46,0.46
1187,0.00046239999999999996,0.48,0.5
1188,0.000464,0.48,0.5
1189,0.0004655999999999998,0.5,0.5
1190,0.00046719999999999986,0.5,0.52
1191,0.0004687999999999999,0.52,0.54
1192,0.00047039999999999994,0.52,0.56
1193,0.000472,0.54,0.56
1194,0.0004735999999999998,0.54,0.58
1195,0.00047519999999999984,0.54,0.58
1196,0.0004767999999999999,0.56,0.6
1197,0.0004783999999999999,0.58,0.6
1198,0.00047999999999999996,0.58,0.62
1199,0.0004816,0.6,0.62
1200,0.0004831999999999998,0.62,0.64
1201,0.00048479999999999986,0.62,0.64
1202,0.0004863999999999999,0.64,0.66
1203,0.00048799999999999994,0.64,0.68
1204,0.0004896,0.66,0.66
1205,0.0004911999999999998,0.66,0.7000000000000001
1206,0.0004927999999999998,0.68,0.7000000000000001
1207,0.0004943999999999999,0.68,0.72
1208,0.0004959999999999999,0.7000000000000001,0.74
1209,0.0004976,0.72,0.74
1210,0.0004992,0.72,0.74
1211,0.0005007999999999998,0.72,0.76
1212,0.0005023999999999999,0.72,0.76
1213,0.0005039999999999999,0.74,0.76
1214,0.0005055999999999999,0.76,0.8
1215,0.0005072,0.78,0.8
1216,0.0005088,0.78,0.8200000000000001
1217,0.0005103999999999998,0.78,0.8200000000000001
1218,0.0005119999999999999,0.8,0.84
1219,0.0005135999999999999,0.8200000000000001,0.84
1220,0.0005152,0.8200000000000001,0.86
1221,0.0005167999999999998,0.84,0.88
1222,0.0005183999999999998,0.84,0.88
1223,0.0005199999999999998,0.86,0.9
1224,0.0005215999999999999,0.86,0.9
1225,0.0005231999999999999,0.88,0.92
1226,0.0005248,0.9,0.92
1227,0.0005264,0.9,0.9400000000000001
1228,0.000528,0.9,0.9400000000000001
1229,0.0005296000000000001,0.92,0.96
1230,0.0005311999999999997,0.9400000000000001,0.96
1231,0.0005327999999999997,0.9400000000000001,0.98
1232,0.0005343999999999998,0.96,0.98
1233,0.0005359999999999998,0.96,1.0
1234,0.0005375999999999998,0.98,1.02
1235,0.0005391999999999999,0.98,1.02
1236,0.0005407999999999999,1.0,1.02
1237,0.0005424,1.02,1.04
1238,0.000544,1.02,1.06
1239,0.0005456,1.04,1.08
1240,0.0005472000000000001,1.04,1.06
1241,0.0005488000000000001,1.04,1.1
1242,0.0005503999999999997,1.06,1.1
1243,0.0005519999999999998,1.08,1.12
1244,0.0005535999999999998,1.06,1.12
1245,0.0005551999999999998,1.1,1.1400000000000001
1246,0.0005567999999999999,1.1,1.1400000000000001
1247,0.0005583999999999999,1.12,1.16
1248,0.00056,1.12,1.18
1249,0.0005616,1.1400000000000001,1.18
1250,0.0005632,1.1400000000000001,1.18
1251,0.0005648000000000001,1.16,1.2
1252,0.0005664000000000001,1.16,1.22
1253,0.0005679999999999997,1.16,1.22
1254,0.0005695999999999998,1.2,1.24
1255,0.0005711999999999998,1.2,1.26
1256,0.0005727999999999998,1.22,1.24
1257,0.0005743999999999999,1.22,1.28
1258,0.0005759999999999999,1.24,1.28
1259,0.0005775999999999999,1.24,1.3
1260,0.0005792,1.26,1.3
1261,0.0005808,1.26,1.32
1262,0.0005824000000000001,1.26,1.32
1263,0.0005840000000000001,1.28,1.34
1264,0.0005855999999999997,1.3,1.36
1265,0.0005871999999999997,1.3,1.36
1266,0.0005887999999999998,1.32,1.36
1267,0.0005903999999999998,1.32,1.3800000000000001
1268,0.0005919999999999999,1.34,1.4000000000000001
1269,0.0005935999999999999,1.34,1.42
1270,0.0005951999999999999,1.36,1.42
1271,0.0005968,1.36,1.42
1272,0.0005984,1.3800000000000001,1.44
1273,0.0006000000000000001,1.3800000000000001,1.46
1274,0.0006016000000000001,1.3800000000000001,1.44
1275,0.0006031999999999997,1.4000000000000001,1.48
1276,0.0006047999999999997,1.42,1.48
1277,0.0006063999999999998,1.42,1.5
1278,0.0006079999999999998,1.44,1.5
1279,0.0006095999999999999,1.44,1.52
1280,0.0006111999999999999,1.46,1.52
1281,0.0006127999999999999,1.48,1.54
1282,0.0006144,1.48,1.54
1283,0.000616,1.5,1.56
1284,0.0006176,1.48,1.58
1285,0.0006192000000000001,1.52,1.58
1286,0.0006207999999999997,1.52,1.58
1287,0.0006223999999999997,1.54,1.6
1288,0.0006239999999999998,1.56,1.62
1289,0.0006255999999999998,1.56,1.62
1290,0.0006271999999999998,1.56,1.62
1291,0.0006287999999999999,1.58,1.6600000000000001
1292,0.0006303999999999999,1.58,1.6600000000000001
1293,0.000632,1.6,1.6600000000000001
1294,0.0006336,1.6,1.6600000000000001
1295,0.0006352,1.62,1.68
1296,0.0006368000000000001,1.6400000000000001,1.7
1297,0.0006383999999999997,1.6400000000000001,1.72
1298,0.0006399999999999997,1.6400000000000001,1.72
1299,0.0006415999999999998,1.6600000000000001,1.74
1300,0.0006431999999999998,1.6600000000000001,1.74
1301,0.0006447999999999998,1.68,1.76
1302,0.0006463999999999999,1.7,1.76
1303,0.0006479999999999999,1.7,1.78
1304,0.0006496,1.72,1.78
1305,0.0006512,1.72,1.8
1306,0.0006528,1.74,1.8
1307,0.0006544000000000001,1.74,1.82
1308,0.0006559999999999997,1.76,1.82
1309,0.0006575999999999997,1.76,1.84
1310,0.0006591999999999998,1.78,1.86
1311,0.0006607999999999998,1.78,1.86
1312,0.0006623999999999998,1.8,1.8800000000000001
1313,0.0006639999999999999,1.82,1.8800000000000001
1314,0.0006655999999999999,1.82,1.9000000000000001
1315,0.0006672,1.82,1.9000000000000001
1316,0.0006688,1.84,1.92
1317,0.0006704,1.86,1.94
1318,0.0006720000000000001,1.86,1.94
1319,0.0006735999999999997,1.8800000000000001,1.94
1320,0.0006751999999999997,1.8800000000000001,1.96
1321,0.0006767999999999998,1.9000000000000001,1.98
1322,0.0006783999999999998,1.9000000000000001,2.0
1323,0.0006799999999999998,1.92,2.0
1324,0.0006815999999999999,1.92,2.0
1325,0.0006831999999999999,1.94,2.02
1326,0.0006848,1.96,2.04
1327,0.0006864,1.94,2.04
1328,0.000688,1.96,2.06
1329,0.0006896000000000001,1.98,2.04
1330,0.0006912000000000001,1.98,2.08
1331,0.0006927999999999997,2.0,2.08
1332,0.0006943999999999997,2.02,2.1
1333,0.0006959999999999998,2.02,2.12
1334,0.0006975999999999998,2.02,2.12
1335,0.0006991999999999999,2.04,2.14
1336,0.0007007999999999999,2.06,2.14
1337,0.0007023999999999999,2.06,2.16
1338,0.000704,2.08,2.16
1339,0.0007056,2.08,2.18
1340,0.0007072000000000001,2.1,2.18
1341,0.0007088000000000001,2.1,2.2
1342,0.0007103999999999997,2.12,2.22
1343,0.0007119999999999997,2.12,2.22
1344,0.0007135999999999998,2.14,2.24
1345,0.0007151999999999998,2.14,2.24
1346,0.0007167999999999999,2.16,2.2600000000000002
1347,0.0007183999999999999,2.16,2.2600000000000002
1348,0.0007199999999999999,2.18,2.2800000000000002
1349,0.0007216,2.18,2.2800000000000002
1350,0.0007232,2.2,2.3000000000000003
1351,0.0007248,2.22,2.3000000000000003
1352,0.0007264000000000001,2.22,2.3000000000000003
1353,0.0007279999999999997,2.22,2.32
1354,0.0007295999999999997,2.24,2.34
1355,0.0007311999999999998,2.2600000000000002,2.34
1356,0.0007327999999999998,2.2600000000000002,2.36
1357,0.0007343999999999999,2.2800000000000002,2.38
1358,0.0007359999999999999,2.2600000000000002,2.38
1359,0.0007375999999999999,2.3000000000000003,2.4
1360,0.0007392,2.3000000000000003,2.38
1361,0.0007408,2.3000000000000003,2.4
1362,0.0007424,2.32,2.42
1363,0.0007440000000000001,2.34,2.44
1364,0.0007455999999999997,2.34,2.44
1365,0.0007471999999999997,2.34,2.46
1366,0.0007487999999999998,2.36,2.48
1367,0.0007503999999999998,2.38,2.48
1368,0.0007519999999999998,2.38,2.48
1369,0.0007535999999999999,2.38,2.5
1370,0.0007551999999999999,2.4,2.5
1371,0.0007568,2.42,2.52
1372,0.0007584,2.4,2.52
1373,0.00076,2.44,2.52
1374,0.0007616000000000001,2.46,2.54
1375,0.0007631999999999997,2.46,2.56
1376,0.0007647999999999997,2.48,2.56
1377,0.0007663999999999998,2.48,2.58
1378,0.0007679999999999998,2.5,2.6
1379,0.0007695999999999998,2.5,2.6
1380,0.0007711999999999999,2.5,2.62
1381,0.0007727999999999999,2.52,2.64
1382,0.0007744,2.52,2.64
1383,0.000776,2.54,2.66
1384,0.0007776,2.56,2.66
1385,0.0007792000000000001,2.56,2.66
1386,0.0007807999999999997,2.56,2.68
1387,0.0007823999999999997,2.58,2.7
1388,0.0007839999999999998,2.58,2.7
1389,0.0007855999999999998,2.6,2.72
1390,0.0007871999999999998,2.62,2.72
1391,0.0007887999999999999,2.62,2.74
1392,0.0007903999999999999,2.64,2.74
1393,0.000792,2.64,2.7600000000000002
1394,0.0007936,2.64,2.7800000000000002
1395,0.0007952,2.66,2.7800000000000002
1396,0.0007968000000000001,2.68,2.8000000000000003
1397,0.0007983999999999997,2.68,2.82
1398,0.0007999999999999997,2.7,2.82
1399,0.0008015999999999998,2.72,2.82
1400,0.0008031999999999998,2.72,2.84
1401,0.0008047999999999998,2.74,2.86
1402,0.0008063999999999999,2.74,2.86
1403,0.0008079999999999999,2.74,2.86
1404,0.0008096,2.7600000000000002,2.88
1405,0.0008112,2.7600000000000002,2.9
1406,0.0008128,2.7800000000000002,2.9
1407,0.0008144000000000001,2.8000000000000003,2.9
1408,0.0008160000000000001,2.8000000000000003,2.92
1409,0.0008175999999999997,2.8000000000000003,2.94
1410,0.0008191999999999997,2.82,2.96
1411,0.0008207999999999998,2.84,2.96
1412,0.0008223999999999998,2.84,2.98
1413,0.0008239999999999999,2.86,2.98
1414,0.0008255999999999999,2.86,2.98
1415,0.0008271999999999999,2.88,3.0
1416,0.0008288,2.88,3.02
1417,0.0008304,2.88,3.04
1418,0.0008320000000000001,2.9,3.02
1419,0.0008336000000000001,2.92,3.04
1420,0.0008351999999999997,2.92,3.06
1421,0.0008367999999999997,2.94,3.08
1422,0.0008383999999999998,2.94,3.08
1423,0.0008399999999999998,2.96,3.08
1424,0.0008415999999999999,2.98,3.1
1425,0.0008431999999999999,2.98,3.12
1426,0.0008447999999999999,2.98,3.12
1427,0.0008464,3.0,3.14
1428,0.000848,3.0,3.14
1429,0.0008496,3.02,3.14
1430,0.0008512000000000001,3.04,3.16
1431,0.0008527999999999997,3.04,3.18
1432,0.0008543999999999997,3.06,3.18
1433,0.0008559999999999998,3.06,3.2
1434,0.0008575999999999998,3.08,3.22
1435,0.0008591999999999999,3.08,3.22
1436,0.0008607999999999999,3.1,3.24
1437,0.0008623999999999999,3.12,3.24
1438,0.000864,3.14,3.2600000000000002
1439,0.0008656,3.14,3.2800000000000002
1440,0.0008672,3.14,3.2800000000000002
1441,0.0008688000000000001,3.16,3.3000000000000003
1442,0.0008703999999999997,3.18,3.3000000000000003
1443,0.0008719999999999997,3.16,3.3200000000000003
1444,0.0008735999999999998,3.18,3.3200000000000003
1445,0.0008751999999999998,3.2,3.36
1446,0.0008767999999999998,3.2,3.34
1447,0.0008783999999999999,3.22,3.36
1448,0.0008799999999999999,3.24,3.38
1449,0.0008816,3.24,3.38
1450,0.0008832,3.24,3.4
1451,0.0008848,3.2600000000000002,3.4
1452,0.0008864000000000001,3.2600000000000002,3.4
1453,0.0008879999999999997,3.3000000000000003,3.42
1454,0.0008895999999999997,3.2800000000000002,3.44
1455,0.0008911999999999998,3.3000000000000003,3.44
1456,0.0008927999999999998,3.3200000000000003,3.46
1457,0.0008943999999999998,3.3200000000000003,3.46
1458,0.0008959999999999999,3.34,3.48
1459,0.0008975999999999999,3.34,3.5
1460,0.0008992,3.36,3.52
1461,0.0009008,3.36,3.52
1462,0.0009024,3.36,3.52
1463,0.0009040000000000001,3.38,3.54
1464,0.0009055999999999997,3.4,3.54
1465,0.0009071999999999997,3.4,3.56
1466,0.0009087999999999998,3.42,3.56
1467,0.0009103999999999998,3.44,3.58
1468,0.0009119999999999998,3.44,3.6
1469,0.0009135999999999999,3.44,3.6
1470,0.0009151999999999999,3.48,3.62
1471,0.0009168,3.48,3.62
1472,0.0009184,3.48,3.64
1473,0.00092,3.5,3.64
1474,0.0009216000000000001,3.52,3.66
1475,0.0009231999999999997,3.52,3.66
1476,0.0009247999999999997,3.52,3.68
1477,0.0009263999999999997,3.54,3.7
1478,0.0009279999999999998,3.56,3.7
1479,0.0009295999999999998,3.56,3.72
1480,0.0009311999999999999,3.56,3.72
1481,0.0009327999999999999,3.56,3.74
1482,0.0009343999999999999,3.58,3.74
1483,0.000936,3.58,3.7600000000000002
1484,0.0009376,3.62,3.7800000000000002
1485,0.0009392000000000001,3.62,3.7800000000000002
1486,0.0009407999999999997,3.64,3.8000000000000003
1487,0.0009423999999999997,3.64,3.8000000000000003
1488,0.0009439999999999997,3.66,3.8200000000000003
1489,0.0009455999999999998,3.66,3.84
1490,0.0009471999999999998,3.68,3.84
1491,0.0009487999999999999,3.68,3.84
1492,0.0009503999999999999,3.7,3.86
1493,0.0009519999999999999,3.7,3.86
1494,0.0009536,3.72,3.88
1495,0.0009552,3.72,3.88
1496,0.0009568000000000001,3.74,3.9
1497,0.0009584000000000001,3.74,3.9
1498,0.0009599999999999997,3.7600000000000002,3.92
1499,0.0009615999999999997,3.7600000000000002,3.94
1500,0.0009631999999999998,3.7800000000000002,3.94
1501,0.0009647999999999998,3.8000000000000003,3.96
1502,0.0009663999999999999,3.8000000000000003,3.98
1503,0.0009679999999999999,3.8000000000000003,3.98
1504,0.0009695999999999999,3.8200000000000003,3.98
1505,0.0009712,3.84,4.0
1506,0.0009728,3.86,4.0200000000000005
1507,0.0009744,3.86,4.0200000000000005
1508,0.0009760000000000001,3.86,4.04
1509,0.0009775999999999997,3.88,4.04
1510,0.0009791999999999997,3.88,4.0600000000000005
1511,0.0009807999999999998,3.9,4.08
1512,0.0009823999999999998,3.9,4.08
1513,0.0009839999999999998,3.92,4.1
1514,0.0009855999999999999,3.94,4.1
1515,0.0009872,3.94,4.12
1516,0.0009888,3.94,4.12
1517,0.0009904,3.96,4.14
1518,0.000992,3.98,4.16
1519,0.0009936,4.0,4.16
1520,0.0009951999999999997,4.0,4.16
1521,0.0009967999999999997,4.0200000000000005,4.18
1522,0.0009983999999999998,4.0200000000000005,4.18
1523,0.0009999999999999998,4.0200000000000005,4.2
1524,0.0010015999999999998,4.04,4.22
1525,0.0010031999999999999,4.04,4.22
1526,0.0010048,4.0600000000000005,4.24
1527,0.0010064,4.08,4.24
1528,0.001008,4.08,4.26
1529,0.0010096,4.08,4.28
1530,0.0010112,4.1,4.28
1531,0.0010127999999999997,4.1,4.3
1532,0.0010143999999999997,4.12,4.3
1533,0.0010159999999999998,4.14,4.3
1534,0.0010175999999999998,4.14,4.32
1535,0.0010191999999999998,4.16,4.34
1536,0.0010207999999999999,4.16,4.34
1537,0.0010224,4.18,4.36
1538,0.001024,4.18,4.38
1539,0.0010256,4.18,4.38
1540,0.0010272,4.2,4.38
1541,0.0010288,4.2,4.4
1542,0.0010303999999999997,4.22,4.42
1543,0.0010319999999999997,4.24,4.42
1544,0.0010335999999999998,4.24,4.44
1545,0.0010351999999999998,4.26,4.46
1546,0.0010367999999999998,4.26,4.46
1547,0.0010383999999999999,4.28,4.48
1548,0.00104,4.28,4.48
1549,0.0010416,4.3,4.5
1550,0.0010432,4.32,4.5
1551,0.0010448,4.32,4.5200000000000005
1552,0.0010464,4.34,4.5200000000000005
1553,0.0010479999999999997,4.34,4.54
1554,0.0010495999999999997,4.36,4.54
1555,0.0010511999999999997,4.36,4.5600000000000005
1556,0.0010527999999999998,4.38,4.5600000000000005
1557,0.0010543999999999998,4.38,4.58
1558,0.0010559999999999999,4.4,4.6000000000000005
1559,0.0010576,4.4,4.6000000000000005
1560,0.0010592,4.42,4.62
1561,0.0010608,4.44,4.62
1562,0.0010624,4.44,4.62
1563,0.001064,4.44,4.64
1564,0.0010655999999999997,4.46,4.66
1565,0.0010671999999999997,4.48,4.66
1566,0.0010687999999999997,4.5,4.68
1567,0.0010703999999999998,4.48,4.68
1568,0.0010719999999999998,4.5,4.7
1569,0.0010735999999999999,4.5200000000000005,4.72
1570,0.0010752,4.54,4.72
1571,0.0010768,4.5200000000000005,4.74
1572,0.0010784,4.5600000000000005,4.74
1573,0.00108,4.5600000000000005,4.76
1574,0.0010816,4.5600000000000005,4.78
1575,0.0010831999999999997,4.58,4.78
1576,0.0010847999999999997,4.58,4.8
1577,0.0010863999999999997,4.6000000000000005,4.8
1578,0.0010879999999999998,4.6000000000000005,4.82
1579,0.0010895999999999998,4.62,4.82
1580,0.0010911999999999999,4.62,4.84
1581,0.0010927999999999999,4.64,4.84
1582,0.0010944,4.64,4.86
1583,0.001096,4.66,4.86
1584,0.0010976,4.66,4.88
1585,0.0010992,4.68,4.88
1586,0.0011008,4.7,4.9
1587,0.0011023999999999997,4.72,4.92
1588,0.0011039999999999997,4.72,4.92
1589,0.0011055999999999998,4.72,4.94
1590,0.0011071999999999998,4.74,4.94
1591,0.0011087999999999998,4.74,4.96
1592,0.0011103999999999999,4.76,4.96
1593,0.001112,0.4,0.06
1594,0.0011136,0.12,0.04
1595,0.0011152,0.08,0.06
1596,0.0011168,0.08,0.08
1597,0.0011184,0.08,0.08
1598,0.0011199999999999997,0.08,0.1
1599,0.0011215999999999997,0.1,0.1
1600,0.0011231999999999998,0.12,0.12
1601,0.0011247999999999998,0.12,0.12
1602,0.0011263999999999998,0.12,0.12
1603,0.0011279999999999999,0.14,0.14
1604,0.0011296,0.14,0.16
1605,0.0011312,0.14,0.16
1606,0.0011328,0.14,0.14
1607,0.0011344,0.16,0.18
1608,0.001136,0.18,0.18
1609,0.0011375999999999997,0.18,0.2
1610,0.0011391999999999997,0.2,0.22
1611,0.0011407999999999998,0.2,0.22
1612,0.0011423999999999998,0.22,0.22
1613,0.0011439999999999998,0.22,0.24
1614,0.0011455999999999999,0.22,0.24
1615,0.0011472,0.24,0.24
1616,0.0011488,0.24,0.26
1617,0.0011504,0.26,0.28
1618,0.001152,0.28,0.28
1619,0.0011536,0.28,0.3
1620,0.0011551999999999997,0.28,0.32
1621,0.0011567999999999997,0.3,0.32
1622,0.0011583999999999998,0.32,0.34
1623,0.0011599999999999998,0.32,0.32
1624,0.0011615999999999998,0.32,0.36
1625,0.0011631999999999999,0.34,0.36
1626,0.0011648,0.34,0.38
1627,0.0011664,0.36,0.38
1628,0.001168,0.38,0.4
1629,0.0011696,0.38,0.4
1630,0.0011712,0.38,0.42
1631,0.0011727999999999997,0.4,0.42
1632,0.0011743999999999997,0.4,0.44
1633,0.0011759999999999997,0.42,0.42
1634,0.0011775999999999998,0.44,0.46
1635,0.0011791999999999998,0.44,0.48
1636,0.0011807999999999999,0.46,0.46
1637,0.0011824,0.46,0.5
1638,0.001184,0.48,0.5
1639,0.0011856,0.5,0.52
1640,0.0011872,0.5,0.52
1641,0.0011888,0.5,0.54
1642,0.0011903999999999997,0.52,0.56
1643,0.0011919999999999997,0.54,0.56
1644,0.0011935999999999997,0.54,0.58
1645,0.0011951999999999998,0.56,0.58
1646,0.0011967999999999998,0.58,0.6
1647,0.0011983999999999999,0.58,0.62
1648,0.0012,0.58,0.62
1649,0.0012016,0.6,0.64
1650,0.0012032,0.62,0.64
1651,0.0012048,0.62,0.66
1652,0.0012064,0.64,0.66
1653,0.0012079999999999997,0.64,0.66
1654,0.0012095999999999997,0.66,0.68
1655,0.0012111999999999997,0.66,0.7000000000000001
1656,0.0012127999999999998,0.68,0.7000000000000001
1657,0.0012143999999999998,0.68,0.7000000000000001
1658,0.0012159999999999999,0.7000000000000001,0.72
1659,0.0012175999999999999,0.72,0.74
1660,0.0012192,0.72,0.76
1661,0.0012208,0.74,0.76
1662,0.0012224,0.74,0.78
1663,0.001224,0.76,0.78
1664,0.0012255999999999996,0.76,0.8
1665,0.0012271999999999997,0.78,0.8200000000000001
1666,0.0012287999999999997,0.78,0.8200000000000001
1667,0.0012303999999999998,0.8,0.8200000000000001
1668,0.0012319999999999998,0.8,0.84
1669,0.0012335999999999998,0.8200000000000001,0.86
1670,0.0012351999999999999,0.8200000000000001,0.86
1671,0.0012368,0.84,0.86
1672,0.0012384,0.84,0.88
1673,0.00124,0.86,0.9
1674,0.0012416,0.84,0.9
1675,0.0012432,0.88,0.92
1676,0.0012447999999999997,0.88,0.92
1677,0.0012463999999999997,0.9,0.9400000000000001
1678,0.0012479999999999998,0.92,0.96
1679,0.0012495999999999998,0.92,0.96
1680,0.0012511999999999998,0.9400000000000001,0.98
1681,0.0012527999999999999,0.92,0.98
1682,0.0012544,0.96,1.0
1683,0.001256,0.96,0.98
1684,0.0012576,0.96,1.02
1685,0.0012592,0.98,1.02
1686,0.0012608,1.0,1.04
1687,0.0012623999999999997,1.0,1.06
1688,0.0012639999999999997,1.02,1.04
1689,0.0012655999999999998,1.02,1.08
1690,0.0012671999999999998,1.04,1.08
1691,0.0012687999999999998,1.06,1.1
1692,0.0012703999999999999,1.06,1.1
1693,0.001272,1.06,1.12
1694,0.0012736,1.08,1.12
1695,0.0012752,1.1,1.1400000000000001
1696,0.0012768,1.1,1.16
1697,0.0012784,1.12,1.16
1698,0.0012799999999999997,1.12,1.18
1699,0.0012815999999999997,1.1400000000000001,1.16
1700,0.0012831999999999997,1.1400000000000001,1.18
1701,0.0012847999999999998,1.16,1.2
1702,0.0012863999999999998,1.16,1.22
1703,0.0012879999999999999,1.18,1.24
1704,0.0012896,1.18,1.24
1705,0.0012912,1.2,1.24
1706,0.0012928,1.22,1.26
1707,0.0012944,1.22,1.28
1708,0.001296,1.24,1.28
1709,0.0012975999999999997,1.24,1.3
1710,0.0012991999999999997,1.24,1.3
1711,0.0013007999999999997,1.26,1.32
1712,0.0013023999999999998,1.26,1.34
1713,0.0013039999999999998,1.28,1.34
1714,0.0013055999999999999,1.3,1.36
1715,0.0013072,1.3,1.36
1716,0.0013088,1.32,1.36
1717,0.0013104,1.32,1.3800000000000001
1718,0.001312,1.32,1.4000000000000001
1719,0.0013136,1.34,1.42
1720,0.0013151999999999997,1.34,1.42
1721,0.0013167999999999997,1.36,1.42
1722,0.0013183999999999997,1.36,1.44
1723,0.0013199999999999998,1.3800000000000001,1.44
1724,0.0013215999999999998,1.4000000000000001,1.46
1725,0.0013231999999999999,1.4000000000000001,1.46
1726,0.0013248,1.42,1.48
1727,0.0013264,1.42,1.5
1728,0.001328,1.44,1.5
1729,0.0013296,1.44,1.5
1730,0.0013312,1.46,1.52
1731,0.0013327999999999997,1.46,1.54
1732,0.0013343999999999997,1.46,1.54
1733,0.0013359999999999997,1.5,1.56
1734,0.0013375999999999998,1.5,1.58
1735,0.0013391999999999998,1.52,1.58
1736,0.0013407999999999998,1.52,1.58
1737,0.0013423999999999999,1.54,1.6
1738,0.001344,1.54,1.62
1739,0.0013456,1.56,1.62
1740,0.0013472,1.56,1.6400000000000001
1741,0.0013488,1.58,1.6400000000000001
1742,0.0013503999999999996,1.58,1.6600000000000001
1743,0.0013519999999999997,1.6,1.6600000000000001
1744,0.0013535999999999997,1.6,1.68
1745,0.0013551999999999998,1.6,1.68
1746,0.0013567999999999998,1.62,1.7
1747,0.0013583999999999998,1.6400000000000001,1.7
1748,0.0013599999999999999,1.6400000000000001,1.7
1749,0.0013616,1.6600000000000001,1.72
1750,0.0013632,1.68,1.74
1751,0.0013648,1.68,1.74
1752,0.0013664,1.68,1.74
1753,0.001368,1.7,1.76
1754,0.0013695999999999997,1.72,1.78
1755,0.0013711999999999997,1.74,1.78
1756,0.0013727999999999998,1.74,1.8
1757,0.0013743999999999998,1.76,1.82
1758,0.0013759999999999998,1.76,1.84
1759,0.0013775999999999999,1.76,1.84
1760,0.0013792,1.78,1.86
1761,0.0013808,1.8,1.86
1762,0.0013824,1.78,1.8800000000000001
1763,0.001384,1.82,1.8800000000000001
1764,0.0013856,1.82,1.9000000000000001
1765,0.0013871999999999997,1.84,1.9000000000000001
1766,0.0013887999999999997,1.84,1.92
1767,0.0013903999999999998,1.84,1.94
1768,0.0013919999999999998,1.86,1.92
1769,0.0013935999999999998,1.86,1.96
1770,0.0013951999999999999,1.8800000000000001,1.96
1771,0.0013968,1.8800000000000001,1.96
1772,0.0013984,1.9000000000000001,1.98
1773,0.0014,1.92,2.0
1774,0.0014016,1.94,2.02
1775,0.0014032,1.94,2.02
1776,0.0014047999999999997,1.96,2.04
1777,0.0014063999999999997,1.94,2.04
1778,0.0014079999999999997,1.98,2.06
1779,0.0014095999999999998,1.98,2.06
1780,0.0014111999999999998,1.98,2.08
1781,0.0014127999999999999,2.0,2.08
1782,0.0014144,2.02,2.1
1783,0.001416,2.02,2.12
1784,0.0014176,2.02,2.1
1785,0.0014192,2.04,2.12
1786,0.0014208,2.04,2.14
1787,0.0014223999999999997,2.06,2.16
1788,0.0014239999999999997,2.08,2.16
1789,0.0014255999999999997,2.08,2.18
1790,0.0014271999999999998,2.1,2.18
1791,0.0014287999999999998,2.1,2.2
1792,0.0014303999999999999,2.12,2.22
1793,0.001432,2.14,2.22
1794,0.0014336,2.14,2.22
1795,0.0014352,2.16,2.24
1796,0.0014368,2.14,2.24
1797,0.0014384,2.16,2.2600000000000002
1798,0.0014399999999999997,2.18,2.2800000000000002
1799,0.0014415999999999997,2.2,2.2800000000000002
1800,0.0014431999999999997,2.2,2.3000000000000003
1801,0.0014447999999999998,2.22,2.3000000000000003
1802,0.0014463999999999998,2.22,2.3000000000000003
1803,0.0014479999999999999,2.24,2.32
1804,0.0014495999999999999,2.24,2.34
1805,0.0014512,2.2600000000000002,2.34
1806,0.0014528,2.2600000000000002,2.36
1807,0.0014544,2.2800000000000002,2.38
1808,0.001456,2.2800000000000002,2.38
1809,0.0014575999999999997,2.3000000000000003,2.38
1810,0.0014591999999999997,2.3000000000000003,2.42
1811,0.0014607999999999997,2.32,2.42
1812,0.0014623999999999998,2.32,2.44
1813,0.0014639999999999998,2.34,2.44
1814,0.0014655999999999998,2.34,2.46
1815,0.0014671999999999999,2.36,2.46
1816,0.0014688,2.36,2.48
1817,0.0014704,2.38,2.48
1818,0.001472,2.38,2.48
1819,0.0014736,2.4,2.5
1820,0.0014751999999999996,2.4,2.5
1821,0.0014767999999999997,2.42,2.52
1822,0.0014783999999999997,2.42,2.54
1823,0.0014799999999999998,2.44,2.54
1824,0.0014815999999999998,2.46,2.56
1825,0.0014831999999999998,2.46,2.56
1826,0.0014847999999999999,2.46,2.58
1827,0.0014864,2.46,2.58
1828,0.001488,2.48,2.6
1829,0.0014896,2.5,2.6
1830,0.0014912,2.5,2.62
1831,0.0014927999999999996,2.52,2.64
1832,0.0014943999999999997,2.52,2.64
1833,0.0014959999999999997,2.54,2.66
1834,0.0014975999999999998,2.56,2.66
1835,0.0014991999999999998,2.56,2.68
1836,0.0015007999999999998,2.56,2.68
1837,0.0015023999999999999,2.58,2.7
1838,0.001504,2.6,2.72
1839,0.0015056,2.6,2.72
1840,0.0015072,2.62,2.72
1841,0.0015088,2.62,2.7600000000000002
1842,0.0015104,2.62,2.7600000000000002
1843,0.0015119999999999997,2.64,2.7600000000000002
1844,0.0015135999999999997,2.64,2.7600000000000002
1845,0.0015151999999999998,2.68,2.7800000000000002
1846,0.0015167999999999998,2.68,2.7800000000000002
1847,0.0015183999999999998,2.7,2.8000000000000003
1848,0.0015199999999999999,2.68,2.82
1849,0.0015216,2.72,2.82
1850,0.0015232,2.72,2.86
1851,0.0015248,2.72,2.84
1852,0.0015264,2.74,2.86
1853,0.001528,2.74,2.86
1854,0.0015295999999999997,2.7600000000000002,2.88
1855,0.0015311999999999997,2.7600000000000002,2.9
1856,0.0015327999999999997,2.7800000000000002,2.9
1857,0.0015343999999999998,2.8000000000000003,2.92
1858,0.0015359999999999998,2.8000000000000003,2.92
1859,0.0015375999999999999,2.8000000000000003,2.94
1860,0.0015392,2.84,2.94
1861,0.0015408,2.82,2.96
1862,0.0015424,2.84,2.98
1863,0.001544,2.86,3.0
1864,0.0015456,2.86,3.0
1865,0.0015471999999999997,2.88,3.0
1866,0.0015487999999999997,2.88,3.02
1867,0.0015503999999999997,2.9,3.02
1868,0.0015519999999999998,2.9,3.04
1869,0.0015535999999999998,2.92,3.04
1870,0.0015551999999999999,2.92,3.06
1871,0.0015568,2.94,3.08
1872,0.0015584,2.94,3.08
1873,0.00156,2.96,3.08
1874,0.0015616,2.96,3.1
1875,0.0015632,2.98,3.12
1876,0.0015647999999999997,2.98,3.14
1877,0.0015663999999999997,3.0,3.14
1878,0.0015679999999999997,3.0,3.14
1879,0.0015695999999999998,3.02,3.16
1880,0.0015711999999999998,3.02,3.16
1881,0.0015727999999999998,3.04,3.2
1882,0.0015743999999999999,3.06,3.2
1883,0.001576,3.06,3.2
1884,0.0015776,3.08,3.22
1885,0.0015792,3.1,3.22
1886,0.0015808,3.1,3.24
1887,0.0015823999999999996,3.12,3.24
1888,0.0015839999999999997,3.12,3.2600000000000002
1889,0.0015855999999999997,3.12,3.2800000000000002
1890,0.0015871999999999998,3.16,3.2800000000000002
1891,0.0015887999999999998,3.16,3.3000000000000003
1892,0.0015903999999999998,3.16,3.3000000000000003
1893,0.0015919999999999999,3.16,3.3200000000000003
1894,0.0015936,3.2,3.34
1895,0.0015952,3.2,3.36
1896,0.0015968,3.22,3.34
1897,0.0015984,3.22,3.36
1898,0.0015999999999999996,3.22,3.38
1899,0.0016015999999999997,3.24,3.38
1900,0.0016031999999999997,3.24,3.4
1901,0.0016047999999999998,3.2600000000000002,3.4
1902,0.0016063999999999998,3.2800000000000002,3.42
1903,0.0016079999999999998,3.2800000000000002,3.42
1904,0.0016095999999999999,3.2800000000000002,3.44
1905,0.0016112,3.3000000000000003,3.44
1906,0.0016128,3.3200000000000003,3.46
1907,0.0016144,3.3200000000000003,3.46
1908,0.001616,3.34,3.48
1909,0.0016175999999999996,3.34,3.48
1910,0.0016191999999999997,3.36,3.5
1911,0.0016207999999999997,3.36,3.52
1912,0.0016223999999999998,3.38,3.54
1913,0.0016239999999999998,3.38,3.54
1914,0.0016255999999999998,3.4,3.54
1915,0.0016271999999999999,3.42,3.56
1916,0.0016288,3.42,3.58
1917,0.0016304,3.42,3.58
1918,0.001632,3.44,3.58
1919,0.0016336,3.46,3.6
1920,0.0016352,3.48,3.62
1921,0.0016367999999999997,3.48,3.64
1922,0.0016383999999999997,3.48,3.64
1923,0.0016399999999999997,3.5,3.64
1924,0.0016415999999999998,3.5,3.66
1925,0.0016431999999999998,3.52,3.66
1926,0.0016447999999999999,3.54,3.68
1927,0.0016464,3.52,3.7
1928,0.001648,3.54,3.7
1929,0.0016496,3.56,3.72
1930,0.0016512,3.58,3.72
1931,0.0016528,3.58,3.72
1932,0.0016543999999999997,3.58,3.74
1933,0.0016559999999999997,3.6,3.7600000000000002
1934,0.0016575999999999997,3.6,3.7800000000000002
1935,0.0016591999999999998,3.64,3.8000000000000003
1936,0.0016607999999999998,3.62,3.8000000000000003
1937,0.0016623999999999999,3.64,3.8000000000000003
1938,0.001664,3.66,3.8200000000000003
1939,0.0016656,3.68,3.8200000000000003
1940,0.0016672,3.68,3.84
1941,0.0016688,3.68,3.86
1942,0.0016704,3.7,3.86
1943,0.0016719999999999997,3.7,3.86
1944,0.0016735999999999997,3.72,3.88
1945,0.0016751999999999997,3.72,3.9
1946,0.0016767999999999998,3.72,3.9
1947,0.0016783999999999998,3.74,3.92
1948,0.0016799999999999999,3.7600000000000002,3.92
1949,0.0016816,3.7800000000000002,3.94
1950,0.0016832,3.7800000000000002,3.94
1951,0.0016848,3.7800000000000002,3.96
1952,0.0016864,3.8200000000000003,3.98
1953,0.001688,3.8000000000000003,4.0
1954,0.0016895999999999997,3.8200000000000003,4.0
1955,0.0016911999999999997,3.8200000000000003,4.0
1956,0.0016927999999999997,3.84,4.0
1957,0.0016943999999999998,3.86,4.0200000000000005
1958,0.0016959999999999998,3.86,4.04
1959,0.0016975999999999998,3.88,4.04
1960,0.0016991999999999999,3.88,4.0600000000000005
1961,0.0017008,3.9,4.0600000000000005
1962,0.0017024,3.9,4.08
1963,0.001704,3.92,4.08
1964,0.0017056,3.92,4.1
1965,0.0017071999999999996,3.96,4.1
1966,0.0017087999999999997,3.94,4.12
1967,0.0017103999999999997,3.98,4.14
1968,0.0017119999999999998,3.96,4.14
1969,0.0017135999999999998,4.0,4.16
1970,0.0017151999999999998,4.0,4.16
1971,0.0017167999999999999,4.0,4.18
1972,0.0017184,4.0,4.18
1973,0.00172,4.0200000000000005,4.2
1974,0.0017216,4.04,4.2
1975,0.0017232,4.04,4.22
1976,0.0017247999999999996,4.0600000000000005,4.24
1977,0.0017263999999999997,4.0600000000000005,4.24
1978,0.0017279999999999997,4.08,4.26
1979,0.0017295999999999998,4.08,4.26
1980,0.0017311999999999998,4.1,4.28
1981,0.0017327999999999998,4.1,4.3
1982,0.0017343999999999999,4.12,4.3
1983,0.001736,4.12,4.3
1984,0.0017376,4.14,4.32
1985,0.0017392,4.16,4.34
1986,0.0017408,4.16,4.36
1987,0.0017423999999999996,4.18,4.36
1988,0.0017439999999999997,4.18,4.36
1989,0.0017455999999999997,4.2,4.38
1990,0.0017471999999999998,4.2,4.4
1991,0.0017487999999999998,4.2,4.42
1992,0.0017503999999999998,4.22,4.42
1993,0.0017519999999999999,4.24,4.42
1994,0.0017536,4.24,4.44
1995,0.0017552,4.28,4.46
1996,0.0017568,4.26,4.46
1997,0.0017584,4.28,4.48
1998,0.0017599999999999996,4.3,4.48
1999,0.0017615999999999997,4.3,4.5
