,time,v1,v2
0,0.000130432,4.0,4.38
1,0.00013046399999999998,4.0200000000000005,4.4
2,0.000130496,4.0200000000000005,4.4
3,0.00013052799999999998,4.04,4.42
4,0.00013056,4.0600000000000005,4.44
5,0.00013059199999999999,4.0600000000000005,4.44
6,0.00013062399999999997,4.08,4.46
7,0.000130656,4.08,4.46
8,0.00013068799999999998,4.08,4.48
9,0.00013072,4.1,4.48
10,0.00013075199999999998,4.12,4.5
11,0.000130784,4.12,4.5200000000000005
12,0.000130816,4.14,4.5200000000000005
13,0.00013084799999999998,4.16,4.54
14,0.00013088,4.16,4.54
15,0.00013091199999999998,4.18,4.5600000000000005
16,0.000130944,4.18,4.58
17,0.000130976,4.2,4.58
18,0.00013100799999999998,4.2,4.6000000000000005
19,0.00013104,4.2,4.6000000000000005
20,0.00013107199999999998,4.22,4.62
21,0.000131104,4.22,4.64
22,0.00013113599999999999,4.24,4.64
23,0.00013116799999999997,4.24,4.64
24,0.0001312,4.26,4.66
25,0.00013123199999999998,4.28,4.66
26,0.000131264,4.28,4.68
27,0.00013129599999999998,4.3,4.7
28,0.000131328,4.32,4.7
29,0.00013136,4.32,4.72
30,0.00013139199999999998,4.32,4.72
31,0.000131424,4.34,4.74
32,0.00013145599999999998,4.36,4.74
33,0.000131488,4.36,4.76
34,0.00013152,4.36,4.78
35,0.00013155199999999998,4.38,4.78
36,0.000131584,4.4,4.8
37,0.00013161599999999998,4.4,4.82
38,0.000131648,4.42,4.82
39,0.00013167999999999999,4.42,4.84
40,0.00013171199999999997,4.44,4.84
41,0.000131744,4.44,4.86
42,0.00013177599999999998,4.46,4.88
43,0.000131808,4.48,4.88
44,0.00013183999999999998,4.48,4.88
45,0.000131872,4.48,4.9
46,0.000131904,4.5,4.9
47,0.00013193599999999998,4.5200000000000005,4.92
48,0.000131968,4.5200000000000005,4.94
49,0.00013199999999999998,4.54,4.94
50,0.000132032,4.3,0.74
51,0.000132064,4.0600000000000005,0.28
52,0.00013209599999999998,3.8000000000000003,-0.02
53,0.000132128,3.58,0.18
54,0.00013215999999999998,3.38,0.1
55,0.000132192,3.18,0.12
56,0.00013222399999999999,3.0,0.14
57,0.00013225599999999998,2.84,0.16
58,0.000132288,2.68,0.16
59,0.00013231999999999998,2.54,0.16
60,0.000132352,2.4,0.18
61,0.00013238399999999998,2.2600000000000002,0.18
62,0.000132416,2.16,0.2
63,0.000132448,2.04,0.2
64,0.00013247999999999998,1.94,0.2
65,0.000132512,1.84,0.22
66,0.00013254399999999998,1.74,0.22
67,0.000132576,1.6600000000000001,0.24
68,0.000132608,1.58,0.24
69,0.00013263999999999998,1.5,0.26
70,0.000132672,1.44,0.26
71,0.00013270399999999998,1.3800000000000001,0.28
72,0.000132736,1.32,0.28
73,0.000132768,1.28,0.3
74,0.00013279999999999998,1.22,0.3
75,0.000132832,1.16,0.32
76,0.00013286399999999998,1.12,0.32
77,0.000132896,1.1,0.34
78,0.00013292799999999998,1.06,0.34
79,0.00013296,1.02,0.34
80,0.000132992,0.98,0.36
81,0.00013302399999999998,0.9400000000000001,0.36
82,0.000133056,0.92,0.4
83,0.00013308799999999998,0.9,0.4
84,0.00013312,0.88,0.4
85,0.000133152,0.84,0.42
86,0.00013318399999999998,0.84,0.42
87,0.000133216,0.8,0.44
88,0.00013324799999999998,0.8,0.46
89,0.00013328,0.78,0.46
90,0.000133312,0.76,0.48
91,0.00013334399999999998,0.74,0.48
92,0.000133376,0.74,0.5
93,0.00013340799999999998,0.72,0.5
94,0.00013344,0.72,0.52
95,0.00013347199999999999,0.72,0.52
96,0.000133504,0.7000000000000001,0.54
97,0.000133536,0.7000000000000001,0.54
98,0.00013356799999999998,0.7000000000000001,0.56
99,0.0001336,0.7000000000000001,0.58
100,0.00013363199999999998,0.68,0.58
101,0.000133664,0.68,0.6
102,0.000133696,0.68,0.6
103,0.00013372799999999998,0.68,0.62
104,0.00013376,0.68,0.64
105,0.00013379199999999998,0.68,0.64
106,0.000133824,0.68,0.66
107,0.000133856,0.66,0.66
108,0.00013388799999999998,0.68,0.68
109,0.00013392,0.68,0.68
110,0.00013395199999999998,0.68,0.7000000000000001
111,0.000133984,0.68,0.7000000000000001
112,0.00013401599999999999,0.7000000000000001,0.72
113,0.00013404799999999997,0.7000000000000001,0.74
114,0.00013408,0.7000000000000001,0.74
115,0.00013411199999999998,0.7000000000000001,0.76
116,0.000134144,0.7000000000000001,0.76
117,0.00013417599999999998,0.72,0.78
118,0.000134208,0.72,0.78
119,0.00013424,0.72,0.8
120,0.00013427199999999998,0.74,0.8200000000000001
121,0.000134304,0.74,0.8200000000000001
122,0.00013433599999999998,0.74,0.84
123,0.000134368,0.76,0.84
124,0.0001344,0.76,0.86
125,0.00013443199999999998,0.76,0.86
126,0.000134464,0.76,0.88
127,0.00013449599999999998,0.78,0.88
128,0.000134528,0.76,0.92
129,0.00013455999999999999,0.8,0.92
130,0.00013459199999999997,0.8,0.92
131,0.000134624,0.8,0.92
132,0.00013465599999999998,0.8200000000000001,0.96
133,0.000134688,0.8200000000000001,0.96
134,0.00013471999999999998,0.8200000000000001,0.98
135,0.000134752,0.84,0.98
136,0.000134784,0.86,1.0
137,0.00013481599999999998,0.86,1.0
138,0.000134848,0.86,1.02
139,0.00013487999999999998,0.88,1.04
140,0.000134912,0.88,1.04
141,0.000134944,0.9,1.06
142,0.00013497599999999998,0.9,1.06
143,0.000135008,0.92,1.08
144,0.00013503999999999998,0.92,1.08
145,0.000135072,0.92,1.1
146,0.00013510399999999999,0.9400000000000001,1.1
147,0.00013513599999999997,0.96,1.12
148,0.000135168,0.9400000000000001,1.1400000000000001
149,0.00013519999999999998,0.96,1.1400000000000001
150,0.000135232,0.98,1.16
151,0.00013526399999999998,0.98,1.16
152,0.000135296,1.0,1.16
153,0.000135328,1.0,1.2
154,0.00013535999999999998,1.02,1.18
155,0.000135392,1.04,1.22
156,0.00013542399999999998,1.04,1.22
157,0.000135456,1.04,1.22
158,0.000135488,1.06,1.24
159,0.00013551999999999998,1.06,1.26
160,0.000135552,1.08,1.28
161,0.00013558399999999998,1.08,1.28
162,0.000135616,1.1,1.3
163,0.00013564799999999999,1.1,1.3
164,0.00013567999999999997,1.12,1.32
165,0.000135712,1.12,1.34
166,0.00013574399999999998,1.1400000000000001,1.34
167,0.000135776,1.1400000000000001,1.36
168,0.00013580799999999998,1.16,1.36
169,0.00013584,1.16,1.3800000000000001
170,0.000135872,1.18,1.4000000000000001
171,0.00013590399999999998,1.18,1.3800000000000001
172,0.000135936,1.2,1.4000000000000001
173,0.00013596799999999998,1.2,1.42
174,0.000136,1.22,1.44
175,0.000136032,1.22,1.44
176,0.00013606399999999998,1.24,1.46
177,0.000136096,1.24,1.46
178,0.00013612799999999998,1.26,1.48
179,0.00013616,1.26,1.48
180,0.00013619199999999999,1.28,1.5
181,0.00013622399999999998,1.28,1.52
182,0.000136256,1.3,1.52
183,0.00013628799999999998,1.3,1.52
184,0.00013632,1.3,1.54
185,0.00013635199999999998,1.34,1.56
186,0.000136384,1.34,1.56
187,0.000136416,1.34,1.56
188,0.00013644799999999998,1.36,1.6
189,0.00013648,1.36,1.6
190,0.00013651199999999998,1.3800000000000001,1.6
191,0.000136544,1.4000000000000001,1.62
192,0.000136576,1.4000000000000001,1.62
193,0.00013660799999999998,1.42,1.62
194,0.00013664,1.42,1.6600000000000001
195,0.00013667199999999998,1.42,1.6600000000000001
196,0.000136704,1.44,1.68
197,0.000136736,1.46,1.68
198,0.00013676799999999998,1.46,1.68
199,0.0001368,1.48,1.72
200,0.00013683199999999998,1.48,1.72
201,0.000136864,1.5,1.74
202,0.00013689599999999998,1.5,1.74
203,0.00013692799999999997,1.5,1.74
204,0.00013696,1.52,1.76
205,0.00013699199999999998,1.54,1.78
206,0.000137024,1.54,1.78
207,0.00013705599999999998,1.54,1.8
208,0.000137088,1.56,1.82
209,0.00013712,1.58,1.82
210,0.00013715199999999998,1.6,1.84
211,0.000137184,1.6,1.84
212,0.00013721599999999998,1.6,1.86
213,0.000137248,1.6,1.8800000000000001
214,0.00013728,1.6400000000000001,1.8800000000000001
215,0.00013731199999999998,1.6400000000000001,1.8800000000000001
216,0.000137344,1.6600000000000001,1.9000000000000001
217,0.00013737599999999998,1.6600000000000001,1.92
218,0.000137408,1.68,1.92
219,0.00013743999999999999,1.68,1.94
220,0.00013747199999999997,1.7,1.94
221,0.000137504,1.72,1.94
222,0.00013753599999999998,1.7,1.98
223,0.000137568,1.74,2.0
224,0.00013759999999999998,1.72,2.0
225,0.000137632,1.76,2.02
226,0.000137664,1.74,2.02
227,0.00013769599999999998,1.78,2.04
228,0.000137728,1.78,2.04
229,0.00013775999999999998,1.8,2.06
230,0.000137792,1.8,2.06
231,0.000137824,1.8,2.08
232,0.00013785599999999998,1.84,2.1
233,0.000137888,1.84,2.1
234,0.00013791999999999998,1.84,2.12
235,0.000137952,1.86,2.12
236,0.00013798399999999999,1.86,2.14
237,0.00013801599999999997,1.8800000000000001,2.12
238,0.000138048,1.8800000000000001,2.16
239,0.00013807999999999998,1.9000000000000001,2.18
240,0.000138112,1.9000000000000001,2.18
241,0.00013814399999999998,1.92,2.2
242,0.000138176,1.94,2.2
243,0.000138208,1.92,2.2
244,0.00013823999999999998,1.96,2.22
245,0.000138272,1.96,2.24
246,0.00013830399999999998,1.98,2.2600000000000002
247,0.000138336,2.0,2.2600000000000002
248,0.000138368,2.0,2.2600000000000002
249,0.00013839999999999998,2.0,2.2800000000000002
250,0.000138432,2.02,2.2800000000000002
251,0.00013846399999999998,2.04,2.2800000000000002
252,0.000138496,2.02,2.32
253,0.00013852799999999999,2.04,2.32
254,0.00013855999999999997,2.06,2.34
255,0.000138592,2.08,2.36
256,0.00013862399999999998,2.08,2.36
257,0.000138656,2.1,2.36
258,0.00013868799999999998,2.12,2.38
259,0.00013872,2.12,2.4
260,0.000138752,2.12,2.4
261,0.00013878399999999998,2.12,2.42
262,0.000138816,2.16,2.42
263,0.00013884799999999998,2.16,2.42
264,0.00013888,2.18,2.46
265,0.000138912,2.18,2.46
266,0.00013894399999999998,2.18,2.46
267,0.000138976,2.2,2.48
268,0.00013900799999999998,2.2,2.5
269,0.00013904,2.22,2.52
270,0.00013907199999999999,2.24,2.5
271,0.00013910399999999997,2.24,2.52
272,0.000139136,2.2600000000000002,2.52
273,0.00013916799999999998,2.2600000000000002,2.54
274,0.0001392,2.2800000000000002,2.56
275,0.00013923199999999998,2.2800000000000002,2.58
276,0.000139264,2.3000000000000003,2.58
277,0.000139296,2.32,2.6
278,0.00013932799999999998,2.32,2.6
279,0.00013936,2.34,2.62
280,0.00013939199999999998,2.34,2.62
281,0.000139424,2.36,2.64
282,0.000139456,2.36,2.64
283,0.00013948799999999998,2.38,2.66
284,0.00013952,2.38,2.68
285,0.00013955199999999998,2.4,2.68
286,0.000139584,2.4,2.7
287,0.00013961599999999999,2.42,2.72
288,0.00013964799999999997,2.42,2.7
289,0.00013968,2.44,2.72
290,0.00013971199999999998,2.44,2.74
291,0.000139744,2.46,2.74
292,0.00013977599999999998,2.48,2.7800000000000002
293,0.000139808,2.48,2.7600000000000002
294,0.00013984,2.48,2.7800000000000002
295,0.00013987199999999998,2.5,2.8000000000000003
296,0.000139904,2.5,2.8000000000000003
297,0.00013993599999999998,2.52,2.82
298,0.000139968,2.52,2.84
299,0.00014,2.54,2.86
300,0.00014003199999999998,2.56,2.84
301,0.000140064,2.56,2.86
302,0.00014009599999999998,2.58,2.86
303,0.000140128,2.58,2.88
304,0.00014015999999999999,2.6,2.9
305,0.00014019199999999998,2.6,2.9
306,0.000140224,2.62,2.92
307,0.00014025599999999998,2.62,2.92
308,0.000140288,2.62,2.94
309,0.00014031999999999998,2.64,2.94
310,0.000140352,2.66,2.96
311,0.000140384,2.68,2.98
312,0.00014041599999999998,2.66,2.98
313,0.000140448,2.68,3.0
314,0.00014047999999999998,2.68,3.02
315,0.000140512,2.7,3.04
316,0.000140544,2.72,3.02
317,0.00014057599999999998,2.72,3.04
318,0.000140608,2.74,3.06
319,0.00014063999999999998,2.74,3.06
320,0.000140672,2.7600000000000002,3.08
321,0.00014070399999999999,2.7800000000000002,3.1
322,0.00014073599999999998,2.7800000000000002,3.1
323,0.000140768,2.8000000000000003,3.1
324,0.00014079999999999998,2.8000000000000003,3.14
325,0.000140832,2.8000000000000003,3.14
326,0.00014086399999999998,2.82,3.16
327,0.000140896,2.84,3.16
328,0.000140928,2.84,3.16
329,0.00014095999999999998,2.86,3.2
330,0.000140992,2.86,3.2
331,0.00014102399999999998,2.88,3.2
332,0.000141056,2.9,3.22
333,0.000141088,2.92,3.22
334,0.00014111999999999998,2.92,3.24
335,0.000141152,2.92,3.2600000000000002
336,0.00014118399999999998,2.94,3.2600000000000002
337,0.000141216,2.94,3.2800000000000002
338,0.000141248,2.96,3.2800000000000002
339,0.00014127999999999998,2.96,3.3000000000000003
340,0.000141312,2.98,3.3200000000000003
341,0.00014134399999999998,2.98,3.3200000000000003
342,0.000141376,3.0,3.34
343,0.00014140799999999999,3.0,3.34
344,0.00014144,3.02,3.38
345,0.000141472,3.02,3.36
346,0.00014150399999999998,3.04,3.38
347,0.000141536,3.04,3.38
348,0.00014156799999999998,3.06,3.4
349,0.0001416,3.08,3.42
350,0.000141632,3.08,3.42
351,0.00014166399999999998,3.1,3.44
352,0.000141696,3.1,3.44
353,0.00014172799999999998,3.12,3.48
354,0.00014176,3.12,3.48
355,0.000141792,3.14,3.48
356,0.00014182399999999998,3.16,3.48
357,0.000141856,3.16,3.5
358,0.00014188799999999998,3.18,3.52
359,0.00014192,3.18,3.54
360,0.00014195199999999999,3.2,3.54
361,0.000141984,3.22,3.54
362,0.000142016,3.22,3.56
363,0.00014204799999999998,3.22,3.56
364,0.00014208,3.24,3.58
365,0.00014211199999999998,3.2600000000000002,3.6
366,0.000142144,3.2600000000000002,3.6
367,0.000142176,3.2800000000000002,3.62
368,0.00014220799999999998,3.3000000000000003,3.62
369,0.00014224,3.3000000000000003,3.64
370,0.00014227199999999998,3.3000000000000003,3.66
371,0.000142304,3.3200000000000003,3.66
372,0.000142336,3.3200000000000003,3.68
373,0.00014236799999999998,3.34,3.68
374,0.0001424,3.36,3.7
375,0.00014243199999999998,3.36,3.7
376,0.000142464,3.36,3.72
377,0.00014249599999999999,3.38,3.74
378,0.000142528,3.4,3.74
379,0.00014256,3.4,3.7600000000000002
380,0.00014259199999999998,3.42,3.7800000000000002
381,0.000142624,3.42,3.7800000000000002
382,0.00014265599999999998,3.44,3.8000000000000003
383,0.000142688,3.44,3.8000000000000003
384,0.00014272,3.48,3.8200000000000003
385,0.00014275199999999998,3.46,3.84
386,0.000142784,3.48,3.84
387,0.00014281599999999998,3.48,3.84
388,0.000142848,3.5,3.86
389,0.00014288,3.52,3.88
390,0.00014291199999999998,3.52,3.88
391,0.000142944,3.54,3.9
392,0.00014297599999999998,3.54,3.9
393,0.000143008,3.56,3.92
394,0.00014303999999999999,3.56,3.94
395,0.000143072,3.58,3.94
396,0.000143104,3.6,3.96
397,0.00014313599999999998,3.6,3.96
398,0.000143168,3.6,3.98
399,0.00014319999999999998,3.62,3.98
400,0.000143232,3.64,4.0
401,0.000143264,3.64,4.0
402,0.00014329599999999998,3.66,4.0
403,0.000143328,3.66,4.0200000000000005
404,0.00014335999999999998,3.68,4.04
405,0.000143392,3.68,4.04
406,0.000143424,3.68,4.0600000000000005
407,0.00014345599999999998,3.7,4.08
408,0.000143488,3.72,4.08
409,0.00014351999999999998,3.72,4.1
410,0.000143552,3.74,4.1
411,0.00014358399999999999,3.74,4.12
412,0.000143616,3.7600000000000002,4.14
413,0.000143648,3.7600000000000002,4.14
414,0.00014367999999999998,3.8000000000000003,4.16
415,0.000143712,3.8000000000000003,4.16
416,0.00014374399999999998,3.8000000000000003,4.18
417,0.000143776,3.8200000000000003,4.18
418,0.000143808,3.8200000000000003,4.2
419,0.00014383999999999998,3.84,4.2
420,0.000143872,3.84,4.22
421,0.00014390399999999998,3.86,4.24
422,0.000143936,3.88,4.24
423,0.000143968,3.88,4.26
424,0.00014399999999999998,3.88,4.26
425,0.000144032,3.9,4.28
426,0.00014406399999999998,3.92,4.3
427,0.000144096,3.92,4.32
428,0.00014412799999999999,3.94,4.3
429,0.00014416,3.94,4.34
430,0.000144192,3.96,4.32
431,0.00014422399999999998,3.98,4.34
432,0.000144256,3.98,4.36
433,0.00014428799999999998,4.0,4.38
434,0.00014432,4.0,4.38
435,0.000144352,4.0200000000000005,4.38
436,0.00014438399999999998,4.0200000000000005,4.42
437,0.000144416,4.04,4.42
438,0.00014444799999999998,4.04,4.42
439,0.00014448,4.0600000000000005,4.44
440,0.000144512,4.0600000000000005,4.46
441,0.00014454399999999998,4.08,4.46
442,0.000144576,4.1,4.48
443,0.00014460799999999998,4.1,4.5
444,0.00014464,4.1,4.5
445,0.00014467199999999999,4.12,4.5200000000000005
446,0.000144704,4.14,4.5200000000000005
447,0.000144736,4.16,4.54
448,0.00014476799999999998,4.16,4.54
449,0.0001448,4.16,4.5600000000000005
450,0.00014483199999999998,4.18,4.5600000000000005
451,0.00014486399999999997,4.18,4.58
452,0.000144896,4.2,4.58
453,0.00014492799999999998,4.2,4.6000000000000005
454,0.00014496,4.22,4.62
455,0.00014499199999999998,4.22,4.62
456,0.000145024,4.24,4.64
457,0.000145056,4.24,4.64
458,0.00014508799999999998,4.26,4.66
459,0.00014512,4.28,4.66
460,0.00014515199999999998,4.28,4.68
461,0.000145184,4.3,4.68
462,0.000145216,4.3,4.72
463,0.00014524799999999998,4.32,4.72
464,0.00014528,4.32,4.72
465,0.00014531199999999998,4.34,4.74
466,0.000145344,4.36,4.74
467,0.00014537599999999999,4.36,4.76
468,0.00014540799999999997,4.36,4.78
469,0.00014544,4.38,4.78
470,0.00014547199999999998,4.4,4.8
471,0.000145504,4.4,4.8
472,0.00014553599999999998,4.42,4.82
473,0.000145568,4.42,4.82
474,0.0001456,4.44,4.84
475,0.00014563199999999998,4.46,4.86
476,0.000145664,4.44,4.88
477,0.00014569599999999998,4.48,4.88
478,0.000145728,4.48,4.88
479,0.00014576,4.5,4.9
480,0.000145792,4.5,4.92
481,0.000145824,4.5200000000000005,4.92
482,0.00014585599999999998,4.5200000000000005,4.92
483,0.000145888,4.54,4.94
484,0.00014591999999999999,4.42,4.54
485,0.00014595199999999997,4.12,-0.04
486,0.000145984,3.88,0.32
487,0.00014601599999999998,3.64,0.04
488,0.000146048,3.42,0.14
489,0.00014607999999999998,3.24,0.12
490,0.000146112,3.04,0.14
491,0.000146144,2.86,0.16
492,0.00014617599999999998,2.72,0.16
493,0.000146208,2.56,0.16
494,0.00014623999999999998,2.44,0.18
495,0.000146272,2.3000000000000003,0.18
496,0.000146304,2.18,0.2
497,0.000146336,2.06,0.2
498,0.000146368,1.96,0.2
499,0.00014639999999999998,1.86,0.22
500,0.000146432,1.78,0.22
501,0.00014646399999999999,1.68,0.24
502,0.00014649599999999997,1.62,0.24
503,0.000146528,1.54,0.26
504,0.00014655999999999998,1.46,0.26
505,0.000146592,1.4000000000000001,0.28
506,0.00014662399999999998,1.34,0.28
507,0.000146656,1.28,0.3
508,0.000146688,1.24,0.3
509,0.00014671999999999998,1.18,0.32
510,0.000146752,1.1400000000000001,0.32
511,0.00014678399999999998,1.08,0.34
512,0.000146816,1.06,0.34
513,0.000146848,1.02,0.36
514,0.00014688,1.0,0.36
515,0.000146912,0.96,0.38
516,0.00014694399999999998,0.92,0.38
517,0.000146976,0.9,0.4
518,0.00014700799999999999,0.88,0.4
519,0.00014703999999999997,0.86,0.42
520,0.000147072,0.84,0.42
521,0.00014710399999999998,0.8200000000000001,0.44
522,0.000147136,0.8,0.46
523,0.00014716799999999998,0.78,0.46
524,0.0001472,0.76,0.48
525,0.000147232,0.76,0.48
526,0.00014726399999999998,0.74,0.5
527,0.000147296,0.74,0.5
528,0.00014732799999999998,0.72,0.52
529,0.00014736,0.72,0.52
530,0.000147392,0.68,0.54
531,0.000147424,0.7000000000000001,0.54
532,0.000147456,0.7000000000000001,0.56
533,0.00014748799999999998,0.68,0.58
534,0.00014752,0.68,0.58
535,0.00014755199999999999,0.68,0.6
536,0.00014758399999999997,0.68,0.6
537,0.000147616,0.68,0.62
538,0.00014764799999999998,0.68,0.62
539,0.00014768,0.68,0.62
540,0.00014771199999999998,0.68,0.64
541,0.000147744,0.68,0.66
542,0.000147776,0.68,0.68
543,0.00014780799999999998,0.68,0.68
544,0.00014784,0.68,0.7000000000000001
545,0.00014787199999999998,0.68,0.7000000000000001
546,0.000147904,0.68,0.72
547,0.000147936,0.7000000000000001,0.74
548,0.00014796799999999998,0.7000000000000001,0.74
549,0.000148,0.7000000000000001,0.76
550,0.00014803199999999998,0.7000000000000001,0.76
551,0.000148064,0.7000000000000001,0.78
552,0.00014809599999999999,0.7000000000000001,0.78
553,0.00014812799999999997,0.72,0.8
554,0.00014816,0.72,0.8200000000000001
555,0.00014819199999999998,0.74,0.8200000000000001
556,0.000148224,0.74,0.8200000000000001
557,0.00014825599999999998,0.74,0.84
558,0.000148288,0.76,0.86
559,0.00014832,0.76,0.86
560,0.00014835199999999998,0.76,0.88
561,0.000148384,0.78,0.88
562,0.00014841599999999998,0.78,0.9
563,0.000148448,0.8,0.92
564,0.00014848,0.8,0.92
565,0.00014851199999999998,0.8,0.9400000000000001
566,0.000148544,0.8,0.9400000000000001
567,0.00014857599999999998,0.8,0.96
568,0.000148608,0.8200000000000001,0.96
569,0.00014863999999999999,0.84,0.98
570,0.00014867199999999998,0.84,0.98
571,0.000148704,0.86,1.0
572,0.00014873599999999998,0.86,1.02
573,0.000148768,0.88,1.02
574,0.00014879999999999998,0.88,1.02
575,0.000148832,0.88,1.04
576,0.000148864,0.9,1.06
577,0.00014889599999999998,0.9,1.08
578,0.000148928,0.92,1.08
579,0.00014895999999999998,0.92,1.1
580,0.000148992,0.9400000000000001,1.1
581,0.000149024,0.9400000000000001,1.12
582,0.00014905599999999998,0.96,1.12
583,0.000149088,0.96,1.12
584,0.00014911999999999998,0.96,1.16
585,0.000149152,0.98,1.16
586,0.000149184,0.98,1.18
587,0.00014921599999999998,0.98,1.18
588,0.000149248,1.0,1.18
589,0.00014927999999999998,1.02,1.2
590,0.000149312,1.02,1.22
591,0.00014934399999999999,1.04,1.22
592,0.000149376,1.06,1.26
593,0.000149408,1.06,1.24
594,0.00014943999999999998,1.06,1.26
595,0.000149472,1.08,1.28
596,0.00014950399999999998,1.08,1.3
597,0.000149536,1.1,1.3
598,0.000149568,1.1,1.32
599,0.00014959999999999998,1.12,1.34
600,0.000149632,1.12,1.34
601,0.00014966399999999998,1.1400000000000001,1.34
602,0.000149696,1.1400000000000001,1.36
603,0.000149728,1.16,1.3800000000000001
604,0.00014975999999999998,1.16,1.3800000000000001
605,0.000149792,1.18,1.4000000000000001
606,0.00014982399999999998,1.2,1.4000000000000001
607,0.000149856,1.2,1.42
608,0.00014988799999999999,1.2,1.44
609,0.00014992,1.22,1.44
610,0.000149952,1.22,1.44
611,0.00014998399999999998,1.24,1.46
612,0.000150016,1.26,1.48
613,0.00015004799999999998,1.26,1.48
614,0.00015008,1.26,1.48
615,0.000150112,1.26,1.5
616,0.00015014399999999998,1.3,1.52
617,0.000150176,1.3,1.52
618,0.00015020799999999998,1.32,1.54
619,0.00015024,1.32,1.56
620,0.000150272,1.32,1.56
621,0.00015030399999999998,1.34,1.58
622,0.000150336,1.34,1.58
623,0.00015036799999999998,1.36,1.6
624,0.0001504,1.36,1.6
625,0.00015043199999999999,1.3800000000000001,1.62
626,0.000150464,1.4000000000000001,1.6400000000000001
627,0.000150496,1.4000000000000001,1.6400000000000001
628,0.00015052799999999998,1.42,1.6600000000000001
629,0.00015056,1.42,1.6600000000000001
630,0.00015059199999999998,1.44,1.6600000000000001
631,0.000150624,1.44,1.68
632,0.000150656,1.44,1.68
633,0.00015068799999999998,1.46,1.72
634,0.00015072,1.48,1.72
635,0.00015075199999999998,1.5,1.72
636,0.000150784,1.5,1.74
637,0.000150816,1.52,1.76
638,0.00015084799999999998,1.52,1.78
639,0.00015088,1.54,1.78
640,0.00015091199999999998,1.54,1.8
641,0.000150944,1.54,1.8
642,0.00015097599999999999,1.56,1.8
643,0.000151008,1.58,1.82
644,0.00015104,1.58,1.84
645,0.00015107199999999998,1.6,1.84
646,0.000151104,1.6,1.86
647,0.00015113599999999998,1.62,1.86
648,0.000151168,1.62,1.8800000000000001
649,0.0001512,1.6400000000000001,1.8800000000000001
650,0.00015123199999999998,1.6400000000000001,1.9000000000000001
651,0.000151264,1.6600000000000001,1.92
652,0.00015129599999999998,1.68,1.92
653,0.000151328,1.68,1.94
654,0.00015136,1.68,1.94
655,0.00015139199999999998,1.7,1.96
656,0.000151424,1.72,1.98
657,0.00015145599999999998,1.72,1.98
658,0.000151488,1.74,1.98
659,0.00015151999999999999,1.74,2.0
660,0.000151552,1.76,2.0
661,0.000151584,1.78,2.02
662,0.00015161599999999998,1.76,2.04
663,0.000151648,1.78,2.04
664,0.00015167999999999998,1.78,2.06
665,0.000151712,1.82,2.06
666,0.000151744,1.82,2.08
667,0.00015177599999999998,1.84,2.1
668,0.000151808,1.84,2.12
669,0.00015183999999999998,1.84,2.12
670,0.000151872,1.86,2.14
671,0.000151904,1.86,2.12
672,0.00015193599999999998,1.8800000000000001,2.16
673,0.000151968,1.8800000000000001,2.18
674,0.00015199999999999998,1.9000000000000001,2.18
675,0.000152032,1.92,2.18
676,0.00015206399999999999,1.94,2.2
677,0.000152096,1.94,2.2
678,0.000152128,1.94,2.22
679,0.00015215999999999998,1.96,2.24
680,0.000152192,1.98,2.24
681,0.00015222399999999998,1.98,2.2600000000000002
682,0.00015225599999999997,2.0,2.2600000000000002
683,0.000152288,2.0,2.2800000000000002
684,0.00015231999999999998,2.02,2.3000000000000003
685,0.000152352,2.02,2.3000000000000003
686,0.00015238399999999998,2.04,2.32
687,0.000152416,2.06,2.32
688,0.000152448,2.04,2.34
689,0.00015247999999999998,2.08,2.34
690,0.000152512,2.08,2.36
691,0.00015254399999999998,2.1,2.38
692,0.000152576,2.1,2.38
693,0.00015260799999999999,2.1,2.4
694,0.00015264,2.12,2.4
695,0.000152672,2.14,2.42
696,0.00015270399999999998,2.14,2.42
697,0.000152736,2.16,2.44
698,0.00015276799999999998,2.16,2.44
699,0.00015279999999999997,2.18,2.46
700,0.000152832,2.2,2.46
701,0.00015286399999999998,2.2,2.48
702,0.000152896,2.2,2.5
703,0.00015292799999999998,2.22,2.5
704,0.00015296,2.22,2.5
705,0.000152992,2.24,2.52
706,0.00015302399999999998,2.2600000000000002,2.54
707,0.000153056,2.2600000000000002,2.54
708,0.00015308799999999998,2.2600000000000002,2.54
709,0.00015312,2.2600000000000002,2.56
710,0.000153152,2.3000000000000003,2.58
711,0.000153184,2.3000000000000003,2.6
712,0.000153216,2.32,2.62
713,0.00015324799999999998,2.32,2.62
714,0.00015328,2.34,2.62
715,0.00015331199999999998,2.34,2.62
716,0.00015334399999999997,2.34,2.66
717,0.000153376,2.36,2.66
718,0.00015340799999999998,2.36,2.68
719,0.00015344,2.4,2.68
720,0.00015347199999999998,2.4,2.7
721,0.000153504,2.4,2.7
722,0.000153536,2.42,2.72
723,0.00015356799999999998,2.42,2.72
724,0.0001536,2.44,2.72
725,0.00015363199999999998,2.46,2.7600000000000002
726,0.000153664,2.46,2.7600000000000002
727,0.000153696,2.48,2.7600000000000002
728,0.000153728,2.48,2.7800000000000002
729,0.00015376,2.5,2.7800000000000002
730,0.00015379199999999998,2.5,2.82
731,0.000153824,2.5,2.82
732,0.00015385599999999999,2.52,2.82
733,0.00015388799999999997,2.54,2.84
734,0.00015392,2.54,2.84
735,0.00015395199999999998,2.56,2.86
736,0.000153984,2.56,2.86
737,0.00015401599999999998,2.58,2.88
738,0.000154048,2.58,2.88
739,0.00015408,2.6,2.9
740,0.00015411199999999998,2.6,2.92
741,0.000154144,2.62,2.92
742,0.00015417599999999998,2.62,2.94
743,0.000154208,2.64,2.96
744,0.00015424,2.64,2.96
745,0.000154272,2.66,2.98
746,0.000154304,2.66,2.98
747,0.00015433599999999998,2.7,3.0
748,0.000154368,2.7,3.0
749,0.00015439999999999999,2.7,3.02
750,0.00015443199999999997,2.72,3.02
751,0.000154464,2.72,3.04
752,0.00015449599999999998,2.74,3.06
753,0.000154528,2.74,3.06
754,0.00015455999999999998,2.7600000000000002,3.08
755,0.000154592,2.7600000000000002,3.1
756,0.000154624,2.7800000000000002,3.1
757,0.00015465599999999998,2.7800000000000002,3.1
758,0.000154688,2.8000000000000003,3.12
759,0.00015471999999999998,2.82,3.14
760,0.000154752,2.82,3.14
761,0.000154784,2.82,3.18
762,0.000154816,2.84,3.16
763,0.000154848,2.86,3.18
764,0.00015487999999999998,2.86,3.2
765,0.000154912,2.88,3.2
766,0.00015494399999999999,2.88,3.22
767,0.00015497599999999997,2.9,3.22
768,0.000155008,2.9,3.2600000000000002
769,0.00015503999999999998,2.92,3.24
770,0.000155072,2.92,3.2600000000000002
771,0.00015510399999999998,2.94,3.2800000000000002
772,0.000155136,2.94,3.2800000000000002
773,0.000155168,2.96,3.2800000000000002
774,0.00015519999999999998,2.98,3.3000000000000003
775,0.000155232,2.98,3.3200000000000003
776,0.00015526399999999998,3.0,3.3200000000000003
777,0.000155296,3.0,3.34
778,0.000155328,3.0,3.36
779,0.00015536,3.02,3.36
780,0.000155392,3.04,3.38
781,0.00015542399999999998,3.04,3.38
782,0.000155456,3.06,3.4
783,0.00015548799999999999,3.08,3.42
784,0.00015551999999999997,3.1,3.42
785,0.000155552,3.1,3.44
786,0.00015558399999999998,3.1,3.44
787,0.000155616,3.12,3.46
788,0.00015564799999999998,3.14,3.48
789,0.00015568,3.14,3.5
790,0.000155712,3.14,3.48
791,0.00015574399999999998,3.16,3.5
792,0.000155776,3.18,3.5
793,0.00015580799999999998,3.18,3.54
794,0.00015584,3.18,3.54
795,0.000155872,3.2,3.54
796,0.000155904,3.22,3.56
797,0.000155936,3.22,3.56
798,0.00015596799999999998,3.24,3.58
799,0.000156,3.24,3.6
800,0.00015603199999999999,3.2600000000000002,3.6
801,0.00015606399999999997,3.2800000000000002,3.62
802,0.000156096,3.3000000000000003,3.64
803,0.00015612799999999998,3.2800000000000002,3.64
804,0.00015616,3.3000000000000003,3.64
805,0.00015619199999999998,3.3200000000000003,3.66
806,0.000156224,3.3200000000000003,3.68
807,0.000156256,3.34,3.68
808,0.00015628799999999998,3.34,3.7
809,0.00015632,3.36,3.7
810,0.00015635199999999998,3.36,3.72
811,0.000156384,3.38,3.74
812,0.000156416,3.38,3.74
813,0.000156448,3.4,3.7600000000000002
814,0.00015648,3.42,3.7800000000000002
815,0.00015651199999999998,3.42,3.7800000000000002
816,0.000156544,3.44,3.8000000000000003
817,0.00015657599999999999,3.44,3.8000000000000003
818,0.00015660799999999998,3.46,3.8200000000000003
819,0.00015664,3.46,3.8200000000000003
820,0.00015667199999999998,3.48,3.84
821,0.000156704,3.48,3.84
822,0.00015673599999999998,3.5,3.86
823,0.000156768,3.5,3.88
824,0.0001568,3.52,3.88
825,0.00015683199999999998,3.54,3.9
826,0.000156864,3.54,3.9
827,0.00015689599999999998,3.54,3.92
828,0.000156928,3.56,3.92
829,0.00015696,3.58,3.94
830,0.000156992,3.58,3.94
831,0.000157024,3.6,3.96
832,0.00015705599999999998,3.6,3.98
833,0.000157088,3.62,3.98
834,0.00015712,3.62,3.98
835,0.00015715199999999998,3.64,4.0
836,0.000157184,3.64,4.0200000000000005
837,0.00015721599999999998,3.66,4.0200000000000005
838,0.000157248,3.68,4.04
839,0.00015727999999999998,3.68,4.04
840,0.000157312,3.7,4.0600000000000005
841,0.000157344,3.7,4.0600000000000005
842,0.00015737599999999998,3.72,4.08
843,0.000157408,3.74,4.1
844,0.00015743999999999998,3.74,4.1
845,0.000157472,3.74,4.12
846,0.000157504,3.7600000000000002,4.14
847,0.00015753599999999998,3.7600000000000002,4.14
848,0.000157568,3.7800000000000002,4.14
849,0.00015759999999999998,3.8000000000000003,4.16
850,0.000157632,3.8000000000000003,4.18
851,0.000157664,3.8200000000000003,4.18
852,0.00015769599999999998,3.84,4.22
853,0.000157728,3.8200000000000003,4.22
854,0.00015775999999999998,3.84,4.22
855,0.000157792,3.86,4.24
856,0.00015782399999999999,3.86,4.24
857,0.000157856,3.88,4.26
858,0.000157888,3.9,4.28
859,0.00015791999999999998,3.9,4.28
860,0.000157952,3.9,4.3
861,0.00015798399999999998,3.92,4.3
862,0.000158016,3.94,4.3
863,0.000158048,3.94,4.32
864,0.00015807999999999998,3.96,4.34
865,0.000158112,3.96,4.34
866,0.00015814399999999998,3.98,4.36
867,0.000158176,3.98,4.38
868,0.000158208,4.0,4.4
869,0.00015823999999999998,4.0200000000000005,4.4
870,0.000158272,4.0200000000000005,4.42
871,0.00015830399999999998,4.0200000000000005,4.4
872,0.000158336,4.0600000000000005,4.44
873,0.00015836799999999999,4.04,4.44
874,0.0001584,4.0600000000000005,4.46
875,0.000158432,4.08,4.46
876,0.00015846399999999998,4.08,4.48
877,0.000158496,4.1,4.48
878,0.00015852799999999998,4.1,4.5
879,0.00015856,4.12,4.5
880,0.000158592,4.12,4.5200000000000005
881,0.00015862399999999998,4.14,4.54
882,0.000158656,4.14,4.54
883,0.00015868799999999998,4.16,4.5600000000000005
884,0.00015872,4.18,4.5600000000000005
885,0.000158752,4.18,4.58
886,0.00015878399999999998,4.18,4.58
887,0.000158816,4.2,4.6000000000000005
888,0.00015884799999999998,4.22,4.6000000000000005
889,0.00015888,4.22,4.62
890,0.00015891199999999999,4.24,4.64
891,0.000158944,4.24,4.64
892,0.000158976,4.26,4.66
893,0.00015900799999999998,4.26,4.66
894,0.00015904,4.28,4.68
895,0.00015907199999999998,4.3,4.68
896,0.000159104,4.3,4.7
897,0.000159136,4.32,4.72
898,0.00015916799999999998,4.32,4.72
899,0.0001592,4.34,4.74
900,0.00015923199999999998,4.34,4.74
901,0.000159264,4.36,4.76
902,0.000159296,4.38,4.78
903,0.00015932799999999998,4.38,4.78
904,0.00015936,4.4,4.8
905,0.00015939199999999998,4.4,4.8
906,0.000159424,4.42,4.82
907,0.00015945599999999999,4.42,4.82
908,0.000159488,4.44,4.84
909,0.00015952,4.46,4.84
910,0.00015955199999999998,4.46,4.86
911,0.000159584,4.46,4.88
912,0.00015961599999999998,4.48,4.88
913,0.000159648,4.48,4.9
914,0.00015968,4.5,4.92
915,0.00015971199999999998,4.5,4.92
916,0.000159744,4.54,4.94
917,0.00015977599999999998,4.54,4.94
918,0.000159808,4.44,4.96
919,0.00015984,4.18,0.8200000000000001
920,0.00015987199999999998,3.92,-0.04
921,0.000159904,3.7,0.16
922,0.00015993599999999998,3.48,0.12
923,0.000159968,3.2800000000000002,0.12
924,0.00015999999999999999,3.08,0.14
925,0.000160032,2.92,0.12
926,0.000160064,2.7600000000000002,0.16
927,0.00016009599999999998,2.6,0.16
928,0.000160128,2.46,0.16
929,0.00016015999999999998,2.34,0.18
930,0.000160192,2.2,0.18
931,0.000160224,2.1,0.2
932,0.00016025599999999998,2.0,0.2
933,0.000160288,1.8800000000000001,0.22
934,0.00016031999999999998,1.78,0.22
935,0.000160352,1.7,0.24
936,0.000160384,1.62,0.24
937,0.00016041599999999998,1.56,0.24
938,0.000160448,1.48,0.26
939,0.00016047999999999998,1.42,0.28
940,0.000160512,1.36,0.28
941,0.00016054399999999999,1.3,0.28
942,0.000160576,1.24,0.3
943,0.000160608,1.2,0.32
944,0.00016063999999999998,1.1400000000000001,0.32
945,0.000160672,1.1,0.34
946,0.00016070399999999998,1.08,0.34
947,0.000160736,1.04,0.36
948,0.000160768,1.0,0.36
949,0.00016079999999999998,0.96,0.36
950,0.000160832,0.9400000000000001,0.38
951,0.00016086399999999998,0.9,0.4
952,0.000160896,0.88,0.4
953,0.000160928,0.86,0.4
954,0.00016095999999999998,0.84,0.42
955,0.000160992,0.8200000000000001,0.44
956,0.00016102399999999998,0.78,0.44
957,0.000161056,0.78,0.46
958,0.00016108799999999999,0.76,0.46
959,0.00016112,0.76,0.48
960,0.000161152,0.74,0.5
961,0.00016118399999999998,0.74,0.5
962,0.000161216,0.7000000000000001,0.52
963,0.00016124799999999998,0.72,0.52
964,0.00016127999999999997,0.72,0.54
965,0.000161312,0.7000000000000001,0.56
966,0.000161344,0.7000000000000001,0.54
967,0.000161376,0.7000000000000001,0.56
968,0.00016140799999999998,0.68,0.58
969,0.00016144,0.66,0.58
970,0.000161472,0.68,0.6
971,0.00016150399999999998,0.66,0.62
972,0.000161536,0.68,0.62
973,0.00016156799999999998,0.68,0.64
974,0.0001616,0.68,0.64
975,0.000161632,0.68,0.66
976,0.000161664,0.68,0.66
977,0.000161696,0.66,0.68
978,0.00016172799999999998,0.68,0.7000000000000001
979,0.00016176,0.68,0.7000000000000001
980,0.00016179199999999999,0.7000000000000001,0.72
981,0.00016182399999999997,0.7000000000000001,0.72
982,0.000161856,0.7000000000000001,0.74
983,0.000161888,0.7000000000000001,0.74
984,0.00016192,0.7000000000000001,0.76
985,0.00016195199999999998,0.72,0.76
986,0.000161984,0.7000000000000001,0.78
987,0.000162016,0.72,0.78
988,0.00016204799999999998,0.72,0.8
989,0.00016208,0.72,0.8200000000000001
990,0.00016211199999999998,0.74,0.8200000000000001
991,0.000162144,0.74,0.84
992,0.000162176,0.74,0.84
993,0.000162208,0.76,0.86
994,0.00016224,0.76,0.88
995,0.00016227199999999998,0.78,0.88
996,0.000162304,0.78,0.9
997,0.00016233599999999999,0.78,0.9
998,0.00016236799999999997,0.8,0.92
999,0.0001624,0.8,0.92
1000,0.000162432,0.8,0.9400000000000001
1001,0.000162464,0.8200000000000001,0.96
1002,0.00016249599999999998,0.8200000000000001,0.96
1003,0.000162528,0.8200000000000001,0.98
1004,0.00016256,0.84,0.98
1005,0.00016259199999999998,0.84,1.0
1006,0.000162624,0.86,1.02
1007,0.00016265599999999998,0.86,1.02
1008,0.000162688,0.88,1.02
1009,0.00016272,0.88,1.04
1010,0.000162752,0.9,1.06
1011,0.000162784,0.9,1.06
1012,0.00016281599999999998,0.92,1.08
1013,0.000162848,0.92,1.1
1014,0.00016287999999999999,0.9400000000000001,1.1
1015,0.00016291199999999997,0.9400000000000001,1.1
1016,0.000162944,0.96,1.12
1017,0.00016297599999999998,0.9400000000000001,1.1400000000000001
1018,0.000163008,0.96,1.1400000000000001
1019,0.00016303999999999998,0.98,1.16
1020,0.000163072,0.98,1.16
1021,0.000163104,1.0,1.16
1022,0.00016313599999999998,1.0,1.2
1023,0.000163168,1.02,1.2
1024,0.00016319999999999998,1.02,1.22
1025,0.000163232,1.04,1.22
1026,0.000163264,1.04,1.24
1027,0.000163296,1.06,1.26
1028,0.000163328,1.06,1.26
1029,0.00016335999999999998,1.08,1.28
1030,0.000163392,1.08,1.3
1031,0.00016342399999999999,1.1,1.3
1032,0.00016345599999999997,1.12,1.32
1033,0.000163488,1.12,1.34
1034,0.00016351999999999998,1.12,1.34
1035,0.000163552,1.1400000000000001,1.34
1036,0.00016358399999999998,1.16,1.36
1037,0.000163616,1.16,1.3800000000000001
1038,0.000163648,1.16,1.3800000000000001
1039,0.00016367999999999998,1.18,1.4000000000000001
1040,0.000163712,1.18,1.4000000000000001
1041,0.00016374399999999998,1.18,1.42
1042,0.000163776,1.2,1.42
1043,0.000163808,1.22,1.44
1044,0.00016384,1.22,1.44
1045,0.000163872,1.24,1.46
1046,0.00016390399999999998,1.24,1.46
1047,0.000163936,1.26,1.48
1048,0.00016396799999999999,1.28,1.5
1049,0.00016399999999999997,1.28,1.5
1050,0.000164032,1.3,1.52
1051,0.00016406399999999998,1.3,1.52
1052,0.000164096,1.32,1.52
1053,0.00016412799999999998,1.32,1.54
1054,0.00016416,1.34,1.56
1055,0.000164192,1.34,1.56
1056,0.00016422399999999998,1.36,1.56
1057,0.000164256,1.34,1.6
1058,0.00016428799999999998,1.3800000000000001,1.62
1059,0.00016432,1.3800000000000001,1.62
1060,0.000164352,1.3800000000000001,1.6400000000000001
1061,0.000164384,1.4000000000000001,1.6400000000000001
1062,0.000164416,1.42,1.6600000000000001
1063,0.00016444799999999998,1.42,1.6600000000000001
1064,0.00016448,1.44,1.6600000000000001
1065,0.00016451199999999999,1.44,1.68
1066,0.00016454399999999998,1.46,1.68
1067,0.000164576,1.46,1.72
1068,0.00016460799999999998,1.48,1.72
1069,0.00016464,1.48,1.74
1070,0.00016467199999999998,1.5,1.72
1071,0.000164704,1.52,1.76
1072,0.000164736,1.52,1.78
1073,0.00016476799999999998,1.54,1.76
1074,0.0001648,1.54,1.78
1075,0.00016483199999999998,1.56,1.8
1076,0.000164864,1.56,1.8
1077,0.000164896,1.58,1.82
1078,0.000164928,1.58,1.84
1079,0.00016496,1.6,1.84
1080,0.00016499199999999998,1.6,1.86
1081,0.000165024,1.62,1.86
1082,0.00016505599999999999,1.6400000000000001,1.8800000000000001
1083,0.00016508799999999998,1.6400000000000001,1.8800000000000001
1084,0.00016512,1.6400000000000001,1.9000000000000001
1085,0.00016515199999999998,1.6600000000000001,1.9000000000000001
1086,0.000165184,1.6600000000000001,1.92
1087,0.00016521599999999998,1.68,1.92
1088,0.000165248,1.68,1.94
1089,0.00016528,1.7,1.96
1090,0.00016531199999999998,1.72,1.96
1091,0.000165344,1.72,1.98
1092,0.00016537599999999998,1.72,2.0
1093,0.000165408,1.74,2.0
1094,0.00016544,1.76,2.0
1095,0.000165472,1.76,2.02
1096,0.000165504,1.78,2.04
1097,0.00016553599999999998,1.8,2.04
1098,0.000165568,1.8,2.06
1099,0.0001656,1.8,2.08
1100,0.00016563199999999998,1.82,2.08
1101,0.000165664,1.84,2.1
1102,0.00016569599999999998,1.84,2.1
1103,0.000165728,1.84,2.12
1104,0.00016575999999999999,1.86,2.12
1105,0.000165792,1.8800000000000001,2.14
1106,0.000165824,1.8800000000000001,2.14
1107,0.00016585599999999998,1.9000000000000001,2.18
1108,0.000165888,1.9000000000000001,2.18
1109,0.00016591999999999998,1.92,2.18
1110,0.000165952,1.92,2.18
1111,0.000165984,1.92,2.2
1112,0.000166016,1.94,2.22
1113,0.000166048,1.94,2.24
1114,0.00016607999999999998,1.96,2.24
1115,0.000166112,1.98,2.2600000000000002
1116,0.000166144,2.0,2.2600000000000002
1117,0.00016617599999999998,2.0,2.2800000000000002
1118,0.000166208,2.02,2.2800000000000002
1119,0.00016623999999999998,2.0,2.3000000000000003
1120,0.000166272,2.04,2.3000000000000003
1121,0.00016630399999999999,2.04,2.32
1122,0.000166336,2.06,2.34
1123,0.000166368,2.06,2.34
1124,0.00016639999999999998,2.08,2.36
1125,0.000166432,2.08,2.36
1126,0.00016646399999999998,2.08,2.38
1127,0.00016649599999999997,2.1,2.4
1128,0.000166528,2.12,2.38
1129,0.00016656,2.12,2.42
1130,0.000166592,2.14,2.42
1131,0.00016662399999999998,2.14,2.44
1132,0.000166656,2.18,2.44
1133,0.000166688,2.18,2.46
1134,0.00016671999999999998,2.18,2.46
1135,0.000166752,2.2,2.48
1136,0.00016678399999999998,2.2,2.5
1137,0.000166816,2.22,2.5
1138,0.00016684799999999999,2.24,2.52
1139,0.00016688,2.22,2.52
1140,0.000166912,2.2600000000000002,2.52
1141,0.00016694399999999998,2.2600000000000002,2.54
1142,0.000166976,2.2600000000000002,2.54
1143,0.00016700799999999998,2.2800000000000002,2.56
1144,0.00016703999999999997,2.3000000000000003,2.58
1145,0.000167072,2.3000000000000003,2.6
1146,0.000167104,2.32,2.6
1147,0.000167136,2.32,2.62
1148,0.00016716799999999998,2.34,2.62
1149,0.0001672,2.34,2.64
1150,0.000167232,2.36,2.64
1151,0.00016726399999999998,2.36,2.66
1152,0.000167296,2.38,2.66
1153,0.00016732799999999998,2.38,2.68
1154,0.00016736,2.4,2.68
1155,0.00016739199999999999,2.42,2.7
1156,0.000167424,2.42,2.7
1157,0.000167456,2.44,2.72
1158,0.00016748799999999998,2.44,2.72
1159,0.00016752,2.44,2.74
1160,0.00016755199999999998,2.44,2.7600000000000002
1161,0.00016758399999999997,2.48,2.7600000000000002
1162,0.000167616,2.48,2.7800000000000002
1163,0.000167648,2.48,2.8000000000000003
1164,0.00016768,2.5,2.8000000000000003
1165,0.00016771199999999998,2.5,2.82
1166,0.000167744,2.52,2.82
1167,0.000167776,2.52,2.84
1168,0.00016780799999999998,2.54,2.84
1169,0.00016784,2.54,2.86
1170,0.00016787199999999998,2.56,2.86
1171,0.000167904,2.56,2.88
1172,0.00016793599999999999,2.58,2.88
1173,0.000167968,2.6,2.9
1174,0.000168,2.6,2.92
1175,0.00016803199999999998,2.62,2.92
1176,0.000168064,2.64,2.94
1177,0.00016809599999999998,2.64,2.94
1178,0.00016812799999999997,2.64,2.96
1179,0.00016816,2.66,2.98
1180,0.000168192,2.68,3.0
1181,0.000168224,2.68,3.0
1182,0.00016825599999999998,2.68,3.0
1183,0.000168288,2.7,3.02
1184,0.00016832,2.7,3.02
1185,0.00016835199999999998,2.72,3.04
1186,0.000168384,2.72,3.06
1187,0.00016841599999999998,2.74,3.06
1188,0.000168448,2.7600000000000002,3.06
1189,0.00016847999999999999,2.7600000000000002,3.1
1190,0.000168512,2.7800000000000002,3.1
1191,0.000168544,2.7800000000000002,3.1
1192,0.00016857599999999998,2.8000000000000003,3.12
1193,0.000168608,2.8000000000000003,3.12
1194,0.00016863999999999998,2.82,3.14
1195,0.00016867199999999997,2.84,3.16
1196,0.000168704,2.84,3.16
1197,0.000168736,2.86,3.2
1198,0.000168768,2.86,3.18
1199,0.00016879999999999998,2.88,3.22
1200,0.000168832,2.88,3.2
1201,0.000168864,2.9,3.24
1202,0.00016889599999999998,2.9,3.24
1203,0.000168928,2.92,3.24
1204,0.00016895999999999998,2.92,3.2600000000000002
1205,0.000168992,2.94,3.2600000000000002
1206,0.00016902399999999999,2.94,3.2800000000000002
1207,0.000169056,2.96,3.3000000000000003
1208,0.000169088,2.98,3.3000000000000003
1209,0.00016911999999999998,2.98,3.3200000000000003
1210,0.000169152,2.98,3.3200000000000003
1211,0.00016918399999999998,3.0,3.34
1212,0.00016921599999999997,3.0,3.34
1213,0.000169248,3.04,3.36
1214,0.00016928,3.02,3.36
1215,0.000169312,3.04,3.38
1216,0.00016934399999999998,3.06,3.4
1217,0.000169376,3.06,3.4
1218,0.000169408,3.08,3.42
1219,0.00016943999999999998,3.1,3.42
1220,0.000169472,3.12,3.44
1221,0.00016950399999999998,3.12,3.46
1222,0.000169536,3.12,3.46
1223,0.000169568,3.14,3.48
1224,0.0001696,3.14,3.48
1225,0.000169632,3.16,3.5
1226,0.00016966399999999998,3.16,3.5
1227,0.000169696,3.18,3.52
1228,0.00016972799999999999,3.18,3.52
1229,0.00016975999999999997,3.2,3.56
1230,0.000169792,3.22,3.54
1231,0.000169824,3.22,3.56
1232,0.000169856,3.24,3.58
1233,0.00016988799999999998,3.2600000000000002,3.6
1234,0.00016992,3.2800000000000002,3.6
1235,0.000169952,3.2600000000000002,3.62
1236,0.00016998399999999998,3.2800000000000002,3.62
1237,0.000170016,3.2800000000000002,3.64
1238,0.00017004799999999998,3.3000000000000003,3.64
1239,0.00017008,3.3200000000000003,3.66
1240,0.000170112,3.34,3.66
1241,0.000170144,3.34,3.68
1242,0.000170176,3.34,3.7
1243,0.00017020799999999998,3.36,3.7
1244,0.00017024,3.36,3.72
1245,0.00017027199999999999,3.38,3.72
1246,0.00017030399999999997,3.38,3.74
1247,0.000170336,3.4,3.74
1248,0.000170368,3.4,3.7600000000000002
1249,0.0001704,3.42,3.7800000000000002
1250,0.00017043199999999998,3.42,3.7800000000000002
1251,0.000170464,3.44,3.8000000000000003
1252,0.000170496,3.46,3.8200000000000003
1253,0.00017052799999999998,3.46,3.8200000000000003
1254,0.00017056,3.48,3.84
1255,0.00017059199999999998,3.48,3.84
1256,0.000170624,3.5,3.86
1257,0.000170656,3.5,3.86
1258,0.000170688,3.52,3.88
1259,0.00017072,3.52,3.9
1260,0.00017075199999999998,3.54,3.9
1261,0.000170784,3.56,3.9
1262,0.00017081599999999999,3.56,3.92
1263,0.00017084799999999997,3.56,3.94
1264,0.00017088,3.6,3.94
1265,0.000170912,3.58,3.96
1266,0.000170944,3.6,3.96
1267,0.00017097599999999998,3.6,4.0
1268,0.000171008,3.62,3.98
1269,0.00017104,3.64,4.0200000000000005
1270,0.00017107199999999998,3.64,4.0
1271,0.000171104,3.66,4.0200000000000005
1272,0.00017113599999999998,3.66,4.0200000000000005
1273,0.000171168,3.68,4.04
1274,0.0001712,3.68,4.0600000000000005
1275,0.000171232,3.7,4.0600000000000005
1276,0.000171264,3.7,4.08
1277,0.00017129599999999998,3.74,4.1
1278,0.000171328,3.74,4.1
1279,0.00017135999999999999,3.74,4.12
1280,0.00017139199999999997,3.7600000000000002,4.12
1281,0.000171424,3.7600000000000002,4.14
1282,0.000171456,3.7800000000000002,4.14
1283,0.000171488,3.8000000000000003,4.16
1284,0.00017151999999999998,3.8200000000000003,4.16
1285,0.000171552,3.8200000000000003,4.18
1286,0.000171584,3.8200000000000003,4.2
1287,0.00017161599999999998,3.84,4.2
1288,0.000171648,3.84,4.22
1289,0.00017167999999999998,3.84,4.22
1290,0.000171712,3.86,4.24
1291,0.000171744,3.88,4.24
1292,0.000171776,3.88,4.26
1293,0.000171808,3.9,4.28
1294,0.00017183999999999998,3.9,4.28
1295,0.000171872,3.92,4.3
1296,0.00017190399999999999,3.92,4.3
1297,0.00017193599999999997,3.96,4.32
1298,0.000171968,3.96,4.32
1299,0.000172,3.96,4.34
1300,0.000172032,3.98,4.36
1301,0.00017206399999999998,3.98,4.36
1302,0.000172096,4.0,4.38
1303,0.000172128,4.0,4.4
1304,0.00017215999999999998,4.0200000000000005,4.4
1305,0.000172192,4.0200000000000005,4.4
1306,0.00017222399999999998,4.04,4.42
1307,0.000172256,4.0600000000000005,4.44
1308,0.000172288,4.0600000000000005,4.44
1309,0.00017232,4.0600000000000005,4.46
1310,0.000172352,4.08,4.48
1311,0.00017238399999999998,4.08,4.48
1312,0.000172416,4.1,4.48
1313,0.00017244799999999999,4.12,4.5
1314,0.00017247999999999997,4.12,4.5200000000000005
1315,0.000172512,4.12,4.54
1316,0.00017254399999999998,4.14,4.54
1317,0.000172576,4.16,4.54
1318,0.00017260799999999998,4.16,4.58
1319,0.00017264,4.18,4.58
1320,0.000172672,4.18,4.58
1321,0.00017270399999999998,4.2,4.6000000000000005
1322,0.000172736,4.22,4.6000000000000005
1323,0.00017276799999999998,4.22,4.62
1324,0.0001728,4.24,4.62
1325,0.000172832,4.24,4.64
1326,0.000172864,4.24,4.66
1327,0.000172896,4.26,4.66
1328,0.00017292799999999998,4.28,4.66
1329,0.00017296,4.28,4.7
1330,0.00017299199999999999,4.3,4.7
1331,0.00017302399999999998,4.3,4.72
1332,0.000173056,4.32,4.72
1333,0.00017308799999999998,4.32,4.72
1334,0.00017312,4.34,4.74
1335,0.00017315199999999998,4.36,4.76
1336,0.000173184,4.36,4.78
1337,0.000173216,4.38,4.78
1338,0.00017324799999999998,4.4,4.78
1339,0.00017328,4.4,4.8
1340,0.00017331199999999998,4.4,4.8
1341,0.000173344,4.42,4.82
1342,0.000173376,4.42,4.84
1343,0.000173408,4.44,4.84
1344,0.00017344,4.44,4.88
1345,0.00017347199999999998,4.48,4.86
1346,0.000173504,4.48,4.88
1347,0.000173536,4.5,4.88
1348,0.00017356799999999998,4.5,4.9
1349,0.0001736,4.5,4.9
1350,0.00017363199999999998,4.5200000000000005,4.92
1351,0.000173664,4.5200000000000005,4.94
1352,0.00017369599999999998,4.54,4.94
1353,0.000173728,4.26,-0.04
1354,0.00017376,4.0,0.16
1355,0.00017379199999999998,3.74,0.14
1356,0.000173824,3.52,0.08
1357,0.00017385599999999998,3.34,0.14
1358,0.000173888,3.14,0.12
1359,0.00017392,2.96,0.16
1360,0.000173952,2.7800000000000002,0.16
1361,0.000173984,2.64,0.16
1362,0.00017401599999999998,2.5,0.16
1363,0.000174048,2.36,0.18
1364,0.00017408,2.24,0.18
1365,0.00017411199999999998,2.12,0.18
1366,0.000174144,2.0,0.18
1367,0.00017417599999999998,1.92,0.2
1368,0.000174208,1.82,0.22
1369,0.00017423999999999999,1.72,0.22
1370,0.000174272,1.6600000000000001,0.22
1371,0.000174304,1.58,0.24
1372,0.00017433599999999998,1.5,0.26
1373,0.000174368,1.44,0.28
1374,0.00017439999999999998,1.36,0.28
1375,0.000174432,1.3,0.28
1376,0.000174464,1.24,0.3
1377,0.000174496,1.2,0.3
1378,0.000174528,1.16,0.32
1379,0.00017455999999999998,1.12,0.32
1380,0.000174592,1.08,0.34
1381,0.000174624,1.04,0.34
1382,0.00017465599999999998,0.98,0.36
1383,0.000174688,0.96,0.36
1384,0.00017471999999999998,0.9400000000000001,0.38
1385,0.000174752,0.92,0.38
1386,0.00017478399999999999,0.88,0.4
1387,0.000174816,0.86,0.4
1388,0.000174848,0.84,0.42
1389,0.00017487999999999998,0.8200000000000001,0.44
1390,0.000174912,0.8,0.44
1391,0.00017494399999999998,0.8,0.46
1392,0.000174976,0.78,0.46
1393,0.000175008,0.76,0.48
1394,0.00017504,0.76,0.48
1395,0.000175072,0.74,0.5
1396,0.00017510399999999998,0.72,0.5
1397,0.000175136,0.72,0.52
1398,0.000175168,0.72,0.52
1399,0.00017519999999999998,0.7000000000000001,0.54
1400,0.000175232,0.7000000000000001,0.56
1401,0.00017526399999999998,0.68,0.56
1402,0.000175296,0.68,0.58
1403,0.00017532799999999999,0.68,0.58
1404,0.00017536,0.68,0.6
1405,0.000175392,0.68,0.6
1406,0.00017542399999999998,0.66,0.6
1407,0.000175456,0.66,0.64
1408,0.00017548799999999998,0.68,0.64
1409,0.00017552,0.68,0.66
1410,0.000175552,0.68,0.66
1411,0.000175584,0.68,0.68
1412,0.000175616,0.7000000000000001,0.68
1413,0.00017564799999999998,0.68,0.7000000000000001
1414,0.00017568,0.7000000000000001,0.7000000000000001
1415,0.000175712,0.7000000000000001,0.72
1416,0.00017574399999999998,0.7000000000000001,0.74
1417,0.000175776,0.7000000000000001,0.74
1418,0.00017580799999999998,0.7000000000000001,0.76
1419,0.00017584,0.72,0.76
1420,0.00017587199999999999,0.72,0.78
1421,0.000175904,0.72,0.8
1422,0.000175936,0.72,0.8
1423,0.00017596799999999998,0.74,0.8200000000000001
1424,0.000176,0.74,0.8200000000000001
1425,0.00017603199999999998,0.72,0.84
1426,0.00017606399999999997,0.74,0.86
1427,0.000176096,0.76,0.86
1428,0.000176128,0.76,0.86
1429,0.00017616,0.78,0.88
1430,0.00017619199999999998,0.78,0.88
1431,0.000176224,0.78,0.92
1432,0.000176256,0.8,0.92
1433,0.00017628799999999998,0.8,0.9400000000000001
1434,0.00017632,0.8200000000000001,0.9400000000000001
1435,0.00017635199999999998,0.8200000000000001,0.9400000000000001
1436,0.000176384,0.8200000000000001,0.96
1437,0.00017641599999999999,0.84,0.98
1438,0.000176448,0.84,1.0
1439,0.00017648,0.86,0.98
1440,0.00017651199999999998,0.86,1.0
1441,0.000176544,0.86,1.02
1442,0.00017657599999999998,0.88,1.04
1443,0.00017660799999999997,0.88,1.04
1444,0.00017664,0.9,1.06
1445,0.000176672,0.9,1.06
1446,0.000176704,0.92,1.08
1447,0.00017673599999999998,0.92,1.1
1448,0.000176768,0.9400000000000001,1.1
1449,0.0001768,0.9400000000000001,1.1
1450,0.00017683199999999998,0.96,1.12
1451,0.000176864,0.96,1.1400000000000001
1452,0.00017689599999999998,0.98,1.1400000000000001
1453,0.000176928,0.98,1.16
1454,0.00017695999999999999,0.96,1.18
1455,0.000176992,1.0,1.18
1456,0.000177024,1.0,1.2
1457,0.00017705599999999998,1.02,1.2
1458,0.000177088,1.02,1.22
1459,0.00017711999999999998,1.04,1.22
1460,0.00017715199999999997,1.04,1.24
1461,0.000177184,1.06,1.24
1462,0.000177216,1.06,1.26
1463,0.000177248,1.06,1.28
1464,0.00017727999999999998,1.08,1.28
1465,0.000177312,1.08,1.3
1466,0.000177344,1.1,1.3
1467,0.00017737599999999998,1.12,1.3
1468,0.000177408,1.1400000000000001,1.32
1469,0.00017743999999999998,1.12,1.34
1470,0.000177472,1.1400000000000001,1.36
1471,0.00017750399999999999,1.16,1.36
1472,0.000177536,1.16,1.3800000000000001
1473,0.000177568,1.18,1.3800000000000001
1474,0.00017759999999999998,1.2,1.4000000000000001
1475,0.000177632,1.18,1.42
1476,0.00017766399999999998,1.2,1.42
1477,0.00017769599999999997,1.22,1.44
1478,0.000177728,1.24,1.44
1479,0.00017776,1.22,1.46
1480,0.000177792,1.26,1.48
1481,0.00017782399999999998,1.26,1.46
1482,0.000177856,1.28,1.48
1483,0.000177888,1.28,1.5
1484,0.00017791999999999998,1.28,1.52
1485,0.000177952,1.3,1.52
1486,0.00017798399999999998,1.32,1.54
1487,0.000178016,1.32,1.56
1488,0.000178048,1.32,1.54
1489,0.00017808,1.34,1.56
1490,0.000178112,1.36,1.58
1491,0.00017814399999999998,1.36,1.6
1492,0.000178176,1.3800000000000001,1.6
1493,0.00017820799999999999,1.3800000000000001,1.62
1494,0.00017823999999999997,1.4000000000000001,1.6400000000000001
1495,0.000178272,1.4000000000000001,1.6400000000000001
1496,0.000178304,1.42,1.6400000000000001
1497,0.000178336,1.42,1.6600000000000001
1498,0.00017836799999999998,1.42,1.68
1499,0.0001784,1.44,1.6600000000000001
1500,0.000178432,1.44,1.68
1501,0.00017846399999999998,1.48,1.7
1502,0.000178496,1.48,1.72
1503,0.00017852799999999998,1.48,1.72
1504,0.00017856,1.5,1.72
1505,0.000178592,1.52,1.74
1506,0.000178624,1.5,1.78
1507,0.000178656,1.54,1.76
1508,0.00017868799999999998,1.54,1.78
1509,0.00017872,1.56,1.8
1510,0.00017875199999999999,1.56,1.8
1511,0.00017878399999999997,1.58,1.82
1512,0.000178816,1.58,1.82
1513,0.000178848,1.6,1.84
1514,0.00017888,1.6,1.86
1515,0.00017891199999999998,1.62,1.86
1516,0.000178944,1.62,1.8800000000000001
1517,0.000178976,1.6400000000000001,1.8800000000000001
1518,0.00017900799999999998,1.6400000000000001,1.9000000000000001
1519,0.00017904,1.6400000000000001,1.9000000000000001
1520,0.00017907199999999998,1.6600000000000001,1.9000000000000001
1521,0.000179104,1.68,1.92
1522,0.000179136,1.68,1.94
1523,0.000179168,1.7,1.96
1524,0.0001792,1.72,1.96
1525,0.00017923199999999998,1.72,1.98
1526,0.000179264,1.74,2.0
1527,0.00017929599999999999,1.74,2.0
1528,0.00017932799999999997,1.76,2.02
1529,0.00017936,1.76,2.02
1530,0.000179392,1.78,2.02
1531,0.000179424,1.8,2.04
1532,0.00017945599999999998,1.8,2.06
1533,0.000179488,1.8,2.06
1534,0.00017952,1.82,2.08
1535,0.00017955199999999998,1.84,2.08
1536,0.000179584,1.84,2.1
1537,0.00017961599999999998,1.84,2.12
1538,0.000179648,1.86,2.12
1539,0.00017968,1.8800000000000001,2.14
1540,0.000179712,1.8800000000000001,2.14
1541,0.000179744,1.9000000000000001,2.16
1542,0.00017977599999999998,1.9000000000000001,2.18
1543,0.000179808,1.92,2.18
1544,0.00017983999999999999,1.92,2.18
1545,0.00017987199999999997,1.94,2.2
1546,0.000179904,1.94,2.22
1547,0.000179936,1.96,2.24
1548,0.000179968,1.98,2.24
1549,0.00017999999999999998,1.98,2.2600000000000002
1550,0.000180032,2.0,2.2600000000000002
1551,0.000180064,2.0,2.2800000000000002
1552,0.00018009599999999998,2.0,2.2800000000000002
1553,0.000180128,2.02,2.3000000000000003
1554,0.00018015999999999998,2.04,2.3000000000000003
1555,0.000180192,2.04,2.3000000000000003
1556,0.000180224,2.06,2.32
1557,0.000180256,2.06,2.34
1558,0.000180288,2.08,2.36
1559,0.00018031999999999998,2.08,2.36
1560,0.000180352,2.1,2.38
1561,0.00018038399999999999,2.12,2.38
1562,0.00018041599999999997,2.1,2.38
1563,0.000180448,2.14,2.42
1564,0.00018048,2.14,2.42
1565,0.000180512,2.14,2.42
1566,0.00018054399999999998,2.16,2.44
1567,0.000180576,2.18,2.46
1568,0.000180608,2.18,2.48
1569,0.00018063999999999998,2.18,2.48
1570,0.000180672,2.2,2.48
1571,0.00018070399999999998,2.22,2.5
1572,0.000180736,2.22,2.5
1573,0.000180768,2.24,2.5
1574,0.0001808,2.24,2.52
1575,0.000180832,2.2600000000000002,2.54
1576,0.00018086399999999998,2.2600000000000002,2.56
1577,0.000180896,2.2800000000000002,2.58
1578,0.00018092799999999999,2.2800000000000002,2.58
1579,0.00018095999999999998,2.2800000000000002,2.58
1580,0.000180992,2.3000000000000003,2.62
1581,0.000181024,2.32,2.6
1582,0.000181056,2.34,2.62
1583,0.00018108799999999998,2.34,2.62
1584,0.00018112,2.36,2.64
1585,0.000181152,2.36,2.66
1586,0.00018118399999999998,2.38,2.66
1587,0.000181216,2.38,2.68
1588,0.00018124799999999998,2.4,2.68
1589,0.00018128,2.4,2.7
1590,0.000181312,2.42,2.72
1591,0.000181344,2.42,2.74
1592,0.000181376,2.42,2.74
1593,0.00018140799999999998,2.46,2.7600000000000002
1594,0.00018144,2.46,2.7600000000000002
1595,0.00018147199999999999,2.46,2.7600000000000002
1596,0.00018150399999999998,2.46,2.7600000000000002
1597,0.000181536,2.48,2.7800000000000002
1598,0.000181568,2.48,2.8000000000000003
1599,0.0001816,2.5,2.82
1600,0.00018163199999999998,2.52,2.82
1601,0.000181664,2.52,2.82
1602,0.000181696,2.54,2.86
1603,0.00018172799999999998,2.54,2.86
1604,0.00018176,2.56,2.86
1605,0.00018179199999999998,2.56,2.86
1606,0.000181824,2.58,2.9
1607,0.000181856,2.58,2.9
1608,0.000181888,2.6,2.92
1609,0.00018192,2.62,2.94
1610,0.00018195199999999998,2.64,2.94
1611,0.000181984,2.64,2.96
1612,0.000182016,2.64,2.96
1613,0.00018204799999999998,2.66,2.98
1614,0.00018208,2.66,2.98
1615,0.00018211199999999998,2.66,2.98
1616,0.000182144,2.68,3.0
1617,0.00018217599999999999,2.7,3.02
1618,0.000182208,2.7,3.04
1619,0.00018224,2.72,3.04
1620,0.00018227199999999998,2.74,3.04
1621,0.000182304,2.74,3.06
1622,0.00018233599999999998,2.7600000000000002,3.06
1623,0.000182368,2.7600000000000002,3.1
1624,0.0001824,2.7800000000000002,3.08
1625,0.000182432,2.7800000000000002,3.1
1626,0.000182464,2.8000000000000003,3.12
1627,0.00018249599999999998,2.8000000000000003,3.14
1628,0.000182528,2.82,3.14
1629,0.00018256,2.82,3.14
1630,0.00018259199999999998,2.84,3.16
1631,0.000182624,2.84,3.18
1632,0.00018265599999999998,2.86,3.18
1633,0.000182688,2.86,3.22
1634,0.00018271999999999999,2.88,3.22
1635,0.000182752,2.9,3.22
1636,0.000182784,2.9,3.24
1637,0.00018281599999999998,2.92,3.24
1638,0.000182848,2.92,3.2600000000000002
1639,0.00018287999999999998,2.92,3.2600000000000002
1640,0.000182912,2.94,3.2800000000000002
1641,0.000182944,2.98,3.3000000000000003
1642,0.000182976,2.96,3.3000000000000003
1643,0.000183008,3.0,3.3200000000000003
1644,0.00018303999999999998,2.98,3.3200000000000003
1645,0.000183072,3.0,3.34
1646,0.000183104,3.0,3.34
1647,0.00018313599999999998,3.02,3.36
1648,0.000183168,3.02,3.38
1649,0.00018319999999999998,3.04,3.38
1650,0.000183232,3.06,3.4
1651,0.00018326399999999999,3.06,3.4
1652,0.000183296,3.06,3.42
1653,0.000183328,3.08,3.44
1654,0.00018335999999999998,3.1,3.44
1655,0.000183392,3.12,3.46
1656,0.00018342399999999998,3.12,3.46
1657,0.000183456,3.12,3.48
1658,0.000183488,3.14,3.48
1659,0.00018352,3.16,3.5
1660,0.000183552,3.16,3.5
1661,0.00018358399999999998,3.18,3.52
1662,0.000183616,3.2,3.52
1663,0.000183648,3.2,3.54
1664,0.00018367999999999998,3.22,3.56
1665,0.000183712,3.22,3.56
1666,0.00018374399999999998,3.24,3.56
1667,0.000183776,3.2600000000000002,3.58
1668,0.00018380799999999999,3.2600000000000002,3.6
1669,0.00018384,3.2600000000000002,3.6
1670,0.000183872,3.2800000000000002,3.62
1671,0.00018390399999999998,3.2800000000000002,3.64
1672,0.000183936,3.3000000000000003,3.64
1673,0.00018396799999999998,3.3200000000000003,3.66
1674,0.000184,3.3200000000000003,3.66
1675,0.000184032,3.34,3.68
1676,0.000184064,3.34,3.7
1677,0.000184096,3.36,3.7
1678,0.00018412799999999998,3.36,3.72
1679,0.00018416,3.38,3.72
1680,0.000184192,3.38,3.74
1681,0.00018422399999999998,3.4,3.74
1682,0.000184256,3.4,3.7600000000000002
1683,0.00018428799999999998,3.42,3.7800000000000002
1684,0.00018432,3.42,3.7800000000000002
1685,0.00018435199999999999,3.44,3.8000000000000003
1686,0.000184384,3.44,3.8000000000000003
1687,0.000184416,3.46,3.8000000000000003
1688,0.00018444799999999998,3.48,3.84
1689,0.00018448,3.48,3.84
1690,0.00018451199999999998,3.5,3.84
1691,0.000184544,3.52,3.86
1692,0.000184576,3.52,3.88
1693,0.000184608,3.54,3.88
1694,0.00018464,3.54,3.9
1695,0.00018467199999999998,3.54,3.9
1696,0.000184704,3.56,3.92
1697,0.000184736,3.56,3.94
1698,0.00018476799999999998,3.58,3.94
1699,0.0001848,3.58,3.94
1700,0.00018483199999999998,3.6,3.96
1701,0.000184864,3.6,3.98
1702,0.00018489599999999999,3.62,4.0
1703,0.000184928,3.64,3.98
1704,0.00018496,3.64,4.0
1705,0.00018499199999999998,3.66,4.0200000000000005
1706,0.000185024,3.66,4.04
1707,0.00018505599999999998,3.68,4.04
1708,0.000185088,3.68,4.04
1709,0.00018512,3.7,4.08
1710,0.000185152,3.72,4.08
1711,0.000185184,3.72,4.08
1712,0.00018521599999999998,3.74,4.1
1713,0.000185248,3.74,4.1
1714,0.00018528,3.7600000000000002,4.12
1715,0.00018531199999999998,3.7600000000000002,4.14
1716,0.000185344,3.7600000000000002,4.14
1717,0.00018537599999999998,3.8000000000000003,4.16
1718,0.000185408,3.8000000000000003,4.16
1719,0.00018543999999999999,3.8000000000000003,4.18
1720,0.000185472,3.84,4.18
1721,0.000185504,3.8200000000000003,4.2
1722,0.00018553599999999998,3.84,4.22
1723,0.000185568,3.84,4.22
1724,0.00018559999999999998,3.86,4.24
1725,0.000185632,3.88,4.24
1726,0.000185664,3.88,4.26
1727,0.000185696,3.9,4.28
1728,0.000185728,3.9,4.28
1729,0.00018575999999999998,3.92,4.3
1730,0.000185792,3.92,4.3
1731,0.000185824,3.94,4.3
1732,0.00018585599999999998,3.94,4.32
1733,0.000185888,3.98,4.34
1734,0.00018591999999999998,3.98,4.36
1735,0.000185952,3.98,4.36
1736,0.000185984,4.0,4.36
1737,0.000186016,4.0,4.38
1738,0.000186048,4.0200000000000005,4.4
1739,0.00018607999999999998,4.0200000000000005,4.42
1740,0.000186112,4.0600000000000005,4.42
1741,0.00018614399999999999,4.0600000000000005,4.44
1742,0.00018617599999999997,4.0600000000000005,4.44
1743,0.000186208,4.0600000000000005,4.46
1744,0.00018624,4.08,4.46
1745,0.000186272,4.1,4.48
1746,0.00018630399999999998,4.12,4.48
1747,0.000186336,4.12,4.5
1748,0.000186368,4.12,4.5200000000000005
1749,0.00018639999999999998,4.14,4.5200000000000005
1750,0.000186432,4.14,4.5200000000000005
1751,0.00018646399999999998,4.16,4.5600000000000005
1752,0.000186496,4.16,4.5600000000000005
1753,0.000186528,4.18,4.5600000000000005
1754,0.00018656,4.18,4.58
1755,0.000186592,4.22,4.6000000000000005
1756,0.00018662399999999998,4.22,4.6000000000000005
1757,0.000186656,4.22,4.62
1758,0.00018668799999999999,4.24,4.62
1759,0.00018671999999999997,4.24,4.64
1760,0.000186752,4.26,4.64
1761,0.000186784,4.26,4.66
1762,0.000186816,4.28,4.66
1763,0.00018684799999999998,4.28,4.68
1764,0.00018688,4.3,4.7
1765,0.000186912,4.3,4.7
1766,0.00018694399999999998,4.32,4.72
1767,0.000186976,4.34,4.72
1768,0.00018700799999999998,4.34,4.74
1769,0.00018704,4.34,4.74
1770,0.000187072,4.38,4.78
1771,0.000187104,4.38,4.76
1772,0.000187136,4.38,4.8
1773,0.00018716799999999998,4.4,4.82
1774,0.0001872,4.4,4.8
1775,0.00018723199999999999,4.42,4.82
1776,0.00018726399999999997,4.42,4.84
1777,0.000187296,4.44,4.84
1778,0.000187328,4.44,4.86
1779,0.00018736,4.46,4.86
1780,0.00018739199999999998,4.46,4.88
1781,0.000187424,4.5,4.88
1782,0.000187456,4.5,4.9
1783,0.00018748799999999998,4.5,4.92
1784,0.00018752,4.5200000000000005,4.92
1785,0.00018755199999999998,4.5200000000000005,4.94
1786,0.000187584,4.54,4.94
1787,0.000187616,4.32,0.62
1788,0.000187648,4.0600000000000005,0.32
1789,0.00018768,3.8200000000000003,-0.04
1790,0.00018771199999999998,3.58,0.18
1791,0.000187744,3.38,0.1
1792,0.00018777599999999999,3.18,0.14
1793,0.00018780799999999997,3.0,0.12
1794,0.00018784,2.84,0.16
1795,0.000187872,2.68,0.16
1796,0.000187904,2.52,0.14
1797,0.00018793599999999998,2.4,0.18
1798,0.000187968,2.2600000000000002,0.18
1799,0.000188,2.16,0.18
1800,0.00018803199999999998,2.04,0.2
1801,0.000188064,1.94,0.2
1802,0.00018809599999999998,1.84,0.2
1803,0.000188128,1.74,0.24
1804,0.00018816,1.6600000000000001,0.24
1805,0.000188192,1.6,0.24
1806,0.000188224,1.52,0.26
1807,0.00018825599999999998,1.46,0.26
1808,0.000188288,1.3800000000000001,0.28
1809,0.00018831999999999999,1.32,0.28
1810,0.00018835199999999997,1.26,0.3
1811,0.000188384,1.2,0.3
1812,0.000188416,1.16,0.32
1813,0.000188448,1.12,0.32
1814,0.00018847999999999998,1.08,0.32
1815,0.000188512,1.06,0.34
1816,0.000188544,1.02,0.36
1817,0.00018857599999999998,0.98,0.36
1818,0.000188608,0.9400000000000001,0.38
1819,0.00018863999999999998,0.92,0.38
1820,0.000188672,0.9,0.38
1821,0.000188704,0.88,0.4
1822,0.000188736,0.84,0.42
1823,0.000188768,0.8200000000000001,0.42
1824,0.00018879999999999998,0.8200000000000001,0.44
1825,0.000188832,0.8,0.44
1826,0.00018886399999999999,0.76,0.46
1827,0.00018889599999999997,0.78,0.48
1828,0.000188928,0.76,0.48
1829,0.00018896,0.74,0.5
1830,0.000188992,0.72,0.52
1831,0.00018902399999999998,0.74,0.52
1832,0.000189056,0.72,0.52
1833,0.000189088,0.7000000000000001,0.54
1834,0.00018911999999999998,0.68,0.54
1835,0.000189152,0.68,0.56
1836,0.00018918399999999998,0.68,0.58
1837,0.000189216,0.68,0.58
1838,0.000189248,0.68,0.58
1839,0.00018928,0.68,0.6
1840,0.000189312,0.68,0.62
1841,0.00018934399999999998,0.68,0.62
1842,0.000189376,0.68,0.64
1843,0.00018940799999999999,0.66,0.66
1844,0.00018943999999999998,0.68,0.66
1845,0.000189472,0.68,0.66
1846,0.000189504,0.68,0.68
1847,0.000189536,0.68,0.68
1848,0.00018956799999999998,0.68,0.7000000000000001
1849,0.0001896,0.68,0.72
1850,0.000189632,0.7000000000000001,0.72
1851,0.00018966399999999998,0.7000000000000001,0.74
1852,0.000189696,0.7000000000000001,0.74
1853,0.00018972799999999998,0.7000000000000001,0.76
1854,0.00018976,0.72,0.78
1855,0.000189792,0.72,0.78
1856,0.000189824,0.72,0.8
1857,0.000189856,0.74,0.8
1858,0.00018988799999999998,0.74,0.8200000000000001
1859,0.00018992,0.74,0.8200000000000001
1860,0.000189952,0.74,0.84
1861,0.00018998399999999998,0.76,0.86
1862,0.000190016,0.78,0.86
1863,0.000190048,0.78,0.88
1864,0.00019008,0.78,0.9
1865,0.00019011199999999998,0.78,0.9
1866,0.000190144,0.78,0.92
1867,0.000190176,0.78,0.92
1868,0.00019020799999999998,0.8,0.9400000000000001
1869,0.00019024,0.8200000000000001,0.9400000000000001
1870,0.00019027199999999998,0.8200000000000001,0.96
1871,0.000190304,0.84,0.96
1872,0.000190336,0.84,0.98
1873,0.000190368,0.84,1.0
1874,0.0001904,0.86,1.0
1875,0.00019043199999999998,0.86,1.02
1876,0.000190464,0.88,1.02
1877,0.000190496,0.88,1.04
1878,0.00019052799999999998,0.9,1.06
1879,0.00019056,0.9,1.06
1880,0.000190592,0.92,1.06
1881,0.000190624,0.92,1.08
1882,0.00019065599999999999,0.9400000000000001,1.08
1883,0.000190688,0.9400000000000001,1.1
1884,0.00019072,0.9400000000000001,1.12
1885,0.00019075199999999998,0.96,1.12
1886,0.000190784,0.96,1.1400000000000001
1887,0.00019081599999999998,0.98,1.16
1888,0.000190848,0.98,1.16
1889,0.00019088,1.0,1.18
1890,0.000190912,1.0,1.18
1891,0.000190944,1.02,1.2
1892,0.00019097599999999998,1.04,1.2
1893,0.000191008,1.04,1.22
1894,0.00019104,1.04,1.24
1895,0.00019107199999999998,1.06,1.24
1896,0.000191104,1.06,1.26
1897,0.000191136,1.08,1.28
1898,0.000191168,1.08,1.28
1899,0.00019119999999999999,1.1,1.28
1900,0.000191232,1.1,1.3
1901,0.000191264,1.12,1.32
1902,0.00019129599999999998,1.12,1.34
1903,0.000191328,1.1400000000000001,1.34
1904,0.00019135999999999998,1.12,1.36
1905,0.000191392,1.1400000000000001,1.36
1906,0.000191424,1.16,1.3800000000000001
1907,0.000191456,1.18,1.4000000000000001
1908,0.000191488,1.18,1.3800000000000001
1909,0.00019151999999999998,1.2,1.42
1910,0.000191552,1.2,1.42
1911,0.000191584,1.22,1.44
1912,0.00019161599999999998,1.24,1.44
1913,0.000191648,1.24,1.46
1914,0.00019168,1.26,1.48
1915,0.000191712,1.26,1.48
1916,0.00019174399999999999,1.26,1.48
1917,0.000191776,1.28,1.5
1918,0.000191808,1.28,1.52
1919,0.00019183999999999998,1.3,1.52
1920,0.000191872,1.32,1.54
1921,0.000191904,1.32,1.54
1922,0.00019193599999999997,1.32,1.56
1923,0.000191968,1.34,1.56
1924,0.000192,1.34,1.56
1925,0.000192032,1.36,1.6
1926,0.00019206399999999998,1.36,1.6
1927,0.000192096,1.3800000000000001,1.6
1928,0.000192128,1.4000000000000001,1.6
1929,0.00019215999999999998,1.4000000000000001,1.6400000000000001
1930,0.000192192,1.4000000000000001,1.6400000000000001
1931,0.000192224,1.42,1.6600000000000001
1932,0.000192256,1.42,1.6600000000000001
1933,0.00019228799999999999,1.44,1.68
1934,0.00019232,1.46,1.7
1935,0.000192352,1.48,1.7
1936,0.00019238399999999998,1.48,1.72
1937,0.000192416,1.48,1.72
1938,0.00019244799999999998,1.5,1.74
1939,0.00019247999999999997,1.5,1.74
1940,0.000192512,1.52,1.74
1941,0.000192544,1.52,1.78
1942,0.000192576,1.54,1.78
1943,0.00019260799999999998,1.54,1.8
1944,0.00019264,1.56,1.8
1945,0.000192672,1.56,1.8
1946,0.00019270399999999998,1.56,1.82
1947,0.000192736,1.6,1.84
1948,0.000192768,1.6,1.84
1949,0.0001928,1.6,1.84
1950,0.00019283199999999999,1.62,1.86
1951,0.000192864,1.62,1.8800000000000001
1952,0.000192896,1.6400000000000001,1.9000000000000001
1953,0.00019292799999999998,1.6600000000000001,1.9000000000000001
1954,0.00019296,1.6600000000000001,1.92
1955,0.00019299199999999998,1.68,1.94
1956,0.00019302399999999997,1.68,1.94
1957,0.000193056,1.7,1.96
1958,0.000193088,1.7,1.96
1959,0.00019312,1.72,1.98
1960,0.00019315199999999998,1.74,1.98
1961,0.000193184,1.74,2.0
1962,0.000193216,1.76,2.0
1963,0.00019324799999999998,1.74,2.02
1964,0.00019328,1.78,2.02
1965,0.000193312,1.78,2.04
1966,0.000193344,1.8,2.04
1967,0.00019337599999999999,1.8,2.06
1968,0.000193408,1.82,2.08
1969,0.00019344,1.84,2.08
1970,0.00019347199999999998,1.84,2.08
1971,0.000193504,1.84,2.12
1972,0.00019353599999999998,1.86,2.1
1973,0.00019356799999999997,1.86,2.14
1974,0.0001936,1.8800000000000001,2.16
1975,0.000193632,1.9000000000000001,2.16
1976,0.000193664,1.8800000000000001,2.18
1977,0.00019369599999999998,1.9000000000000001,2.18
1978,0.000193728,1.92,2.2
1979,0.00019376,1.94,2.2
1980,0.00019379199999999998,1.94,2.22
1981,0.000193824,1.96,2.22
1982,0.000193856,1.96,2.24
1983,0.000193888,1.98,2.2600000000000002
1984,0.00019392,2.0,2.2600000000000002
1985,0.000193952,2.0,2.2800000000000002
1986,0.000193984,2.0,2.2800000000000002
1987,0.00019401599999999998,2.02,2.3000000000000003
1988,0.000194048,2.04,2.3000000000000003
1989,0.00019407999999999998,2.04,2.32
1990,0.00019411199999999997,2.06,2.32
1991,0.000194144,2.04,2.34
1992,0.000194176,2.08,2.34
1993,0.000194208,2.08,2.36
1994,0.00019423999999999998,2.1,2.36
1995,0.000194272,2.1,2.38
1996,0.000194304,2.12,2.4
1997,0.00019433599999999998,2.14,2.4
1998,0.000194368,2.14,2.42
1999,0.0001944,2.14,2.44
