,time,v1,v2
0,-0.0030368,4.22,4.4
1,-0.0030336,4.22,4.42
2,-0.0030304,4.24,4.42
3,-0.0030272000000000003,4.24,4.42
4,-0.003024,4.24,4.44
5,-0.0030208,4.26,4.46
6,-0.0030176,4.26,4.46
7,-0.0030144,4.28,4.48
8,-0.0030112,4.28,4.48
9,-0.0030080000000000003,4.28,4.48
10,-0.0030048,4.3,4.48
11,-0.0030016,4.3,4.5
12,-0.0029984,4.32,4.5
13,-0.0029952,4.32,4.5200000000000005
14,-0.0029920000000000003,4.34,4.5200000000000005
15,-0.0029888000000000002,4.34,4.54
16,-0.0029856,4.34,4.54
17,-0.0029824,4.36,4.5600000000000005
18,-0.0029792,4.36,4.5600000000000005
19,-0.002976,4.36,4.5600000000000005
20,-0.0029728000000000003,4.38,4.5600000000000005
21,-0.0029696,4.38,4.58
22,-0.0029664,4.4,4.6000000000000005
23,-0.0029632,4.4,4.6000000000000005
24,-0.00296,4.4,4.6000000000000005
25,-0.0029568,4.42,4.62
26,-0.0029536000000000002,4.42,4.62
27,-0.0029504,4.44,4.64
28,-0.0029472,4.44,4.64
29,-0.002944,4.44,4.64
30,-0.0029408,4.48,4.66
31,-0.0029376000000000003,4.46,4.66
32,-0.0029344,4.48,4.68
33,-0.0029312,4.48,4.68
34,-0.002928,4.5,4.68
35,-0.0029248,4.5,4.7
36,-0.0029216,4.5,4.7
37,-0.0029184000000000002,4.5200000000000005,4.72
38,-0.0029152,4.5200000000000005,4.72
39,-0.002912,4.5200000000000005,4.74
40,-0.0029088,4.54,4.76
41,-0.0029056,4.54,4.74
42,-0.0029024000000000003,4.54,4.78
43,-0.0028992,4.54,4.76
44,-0.002896,4.5600000000000005,4.78
45,-0.0028928,4.58,4.78
46,-0.0028896,4.58,4.8
47,-0.0028864,4.6000000000000005,4.8
48,-0.0028832000000000003,4.6000000000000005,4.8
49,-0.00288,4.6000000000000005,4.82
50,-0.0028768,4.62,4.82
51,-0.0028736,4.62,4.84
52,-0.0028704,4.62,4.84
53,-0.0028672000000000003,4.64,4.84
54,-0.0028640000000000002,4.64,4.86
55,-0.0028608,4.66,4.86
56,-0.0028576,4.66,4.88
57,-0.0028544,4.66,4.88
58,-0.0028512,4.68,4.88
59,-0.0028480000000000003,4.68,4.9
60,-0.0028448,4.7,4.9
61,-0.0028416,4.7,4.92
62,-0.0028384,4.72,4.92
63,-0.0028352,4.72,4.94
64,-0.0028320000000000003,4.74,4.92
65,-0.0028288000000000002,4.74,4.94
66,-0.0028256,4.74,4.96
67,-0.0028224,4.76,4.96
68,-0.0028192,4.76,0.1
69,-0.002816,0.18,0.04
70,-0.0028128000000000003,0.06,0.06
71,-0.0028096,0.06,0.06
72,-0.0028064,0.06,0.06
73,-0.0028032,0.06,0.08
74,-0.0028,0.06,0.08
75,-0.0027968000000000003,0.06,0.08
76,-0.0027936000000000002,0.08,0.08
77,-0.0027904,0.06,0.08
78,-0.0027872,0.08,0.1
79,-0.002784,0.1,0.1
80,-0.0027808,0.1,0.1
81,-0.0027776,0.1,0.12
82,-0.0027744,0.1,0.1
83,-0.0027712,0.1,0.14
84,-0.002768,0.12,0.14
85,-0.0027648,0.12,0.14
86,-0.0027616000000000003,0.12,0.16
87,-0.0027584000000000003,0.14,0.16
88,-0.0027552,0.14,0.18
89,-0.002752,0.16,0.18
90,-0.0027488,0.18,0.18
91,-0.0027456,0.18,0.2
92,-0.0027424,0.18,0.2
93,-0.0027392000000000002,0.2,0.22
94,-0.002736,0.2,0.22
95,-0.0027328,0.22,0.22
96,-0.0027296,0.22,0.24
97,-0.0027264,0.22,0.26
98,-0.0027232000000000003,0.22,0.26
99,-0.00272,0.24,0.24
100,-0.0027168,0.24,0.26
101,-0.0027136,0.26,0.26
102,-0.0027104,0.26,0.28
103,-0.0027072,0.26,0.28
104,-0.0027040000000000002,0.28,0.3
105,-0.0027008,0.28,0.32
106,-0.0026976,0.3,0.3
107,-0.0026944,0.3,0.32
108,-0.0026912,0.32,0.34
109,-0.0026880000000000003,0.3,0.34
110,-0.0026848,0.34,0.36
111,-0.0026816,0.34,0.36
112,-0.0026784,0.34,0.36
113,-0.0026752,0.36,0.38
114,-0.002672,0.36,0.38
115,-0.0026688000000000003,0.36,0.38
116,-0.0026656,0.38,0.4
117,-0.0026624,0.38,0.4
118,-0.0026592,0.38,0.42
119,-0.002656,0.4,0.42
120,-0.0026528000000000003,0.4,0.42
121,-0.0026496000000000002,0.42,0.44
122,-0.0026464,0.42,0.44
123,-0.0026432,0.42,0.44
124,-0.00264,0.44,0.46
125,-0.0026368,0.44,0.48
126,-0.0026336000000000003,0.46,0.48
127,-0.0026304,0.46,0.48
128,-0.0026272,0.46,0.5
129,-0.002624,0.48,0.5
130,-0.0026208,0.48,0.52
131,-0.0026176000000000003,0.5,0.52
132,-0.0026144000000000002,0.5,0.54
133,-0.0026112,0.5,0.54
134,-0.002608,0.52,0.54
135,-0.0026048,0.52,0.56
136,-0.0026016,0.54,0.56
137,-0.0025984000000000003,0.54,0.58
138,-0.0025952,0.54,0.58
139,-0.002592,0.54,0.58
140,-0.0025888,0.56,0.58
141,-0.0025856,0.58,0.6
142,-0.0025824000000000003,0.58,0.62
143,-0.0025792000000000002,0.6,0.62
144,-0.002576,0.6,0.62
145,-0.0025728,0.6,0.64
146,-0.0025696,0.62,0.64
147,-0.0025664,0.62,0.64
148,-0.0025632000000000003,0.62,0.66
149,-0.00256,0.64,0.68
150,-0.0025568,0.64,0.68
151,-0.0025536,0.64,0.68
152,-0.0025504,0.66,0.7000000000000001
153,-0.0025472000000000003,0.68,0.7000000000000001
154,-0.0025440000000000003,0.68,0.7000000000000001
155,-0.0025408,0.68,0.72
156,-0.0025376,0.68,0.72
157,-0.0025344,0.7000000000000001,0.74
158,-0.0025312,0.72,0.74
159,-0.002528,0.72,0.74
160,-0.0025248000000000002,0.72,0.76
161,-0.0025216,0.74,0.76
162,-0.0025184,0.74,0.78
163,-0.0025152,0.76,0.78
164,-0.0025120000000000003,0.76,0.8
165,-0.0025088000000000003,0.76,0.8
166,-0.0025056,0.78,0.8200000000000001
167,-0.0025024,0.78,0.8200000000000001
168,-0.0024992,0.8,0.8200000000000001
169,-0.002496,0.8,0.8200000000000001
170,-0.0024928,0.8,0.84
171,-0.0024896000000000002,0.8200000000000001,0.86
172,-0.0024864,0.8200000000000001,0.86
173,-0.0024832,0.8200000000000001,0.86
174,-0.00248,0.84,0.88
175,-0.0024768000000000004,0.8200000000000001,0.88
176,-0.0024736000000000003,0.86,0.9
177,-0.0024704,0.86,0.9
178,-0.0024672,0.86,0.92
179,-0.002464,0.88,0.92
180,-0.0024608,0.88,0.92
181,-0.0024576,0.9,0.9400000000000001
182,-0.0024544000000000002,0.9,0.9400000000000001
183,-0.0024512,0.92,0.96
184,-0.002448,0.92,0.96
185,-0.0024448,0.92,0.98
186,-0.0024416000000000004,0.92,0.98
187,-0.0024384000000000003,0.9400000000000001,0.98
188,-0.0024352,0.9400000000000001,1.0
189,-0.002432,0.96,1.0
190,-0.0024288,0.9400000000000001,1.0
191,-0.0024256,0.98,1.02
192,-0.0024224,0.98,1.02
193,-0.0024192000000000003,1.0,1.02
194,-0.002416,1.0,1.04
195,-0.0024128,1.0,1.04
196,-0.0024096,1.02,1.06
197,-0.0024064000000000004,1.02,1.06
198,-0.0024032000000000003,1.02,1.08
199,-0.0024000000000000002,1.04,1.08
200,-0.0023968,1.04,1.1
201,-0.0023936,1.06,1.1
202,-0.0023904,1.06,1.1
203,-0.0023872,1.06,1.12
204,-0.0023840000000000003,1.08,1.12
205,-0.0023808,1.08,1.1400000000000001
206,-0.0023776,1.1,1.1400000000000001
207,-0.0023744,1.08,1.1400000000000001
208,-0.0023712000000000004,1.1,1.16
209,-0.0023680000000000003,1.12,1.16
210,-0.0023648000000000002,1.12,1.18
211,-0.0023616,1.1400000000000001,1.18
212,-0.0023584,1.12,1.18
213,-0.0023552,1.1400000000000001,1.2
214,-0.002352,1.1400000000000001,1.2
215,-0.0023488000000000003,1.16,1.22
216,-0.0023456,1.16,1.2
217,-0.0023424,1.18,1.22
218,-0.0023392,1.18,1.22
219,-0.002336,1.2,1.24
220,-0.0023328000000000003,1.2,1.26
221,-0.0023296000000000002,1.2,1.26
222,-0.0023264,1.22,1.26
223,-0.0023232,1.22,1.28
224,-0.00232,1.24,1.3
225,-0.0023168,1.22,1.3
226,-0.0023136,1.24,1.32
227,-0.0023104,1.26,1.3
228,-0.0023072,1.26,1.32
229,-0.002304,1.28,1.34
230,-0.0023008,1.28,1.32
231,-0.0022976000000000003,1.28,1.36
232,-0.0022944000000000003,1.3,1.36
233,-0.0022912,1.28,1.3800000000000001
234,-0.002288,1.32,1.3800000000000001
235,-0.0022848,1.32,1.3800000000000001
236,-0.0022816,1.32,1.3800000000000001
237,-0.0022784,1.34,1.3800000000000001
238,-0.0022752000000000002,1.34,1.4000000000000001
239,-0.002272,1.36,1.42
240,-0.0022688,1.36,1.42
241,-0.0022656,1.36,1.44
242,-0.0022624000000000003,1.36,1.44
243,-0.0022592000000000003,1.3800000000000001,1.44
244,-0.002256,1.3800000000000001,1.46
245,-0.0022528,1.4000000000000001,1.46
246,-0.0022496,1.4000000000000001,1.48
247,-0.0022464,1.4000000000000001,1.46
248,-0.0022432,1.42,1.5
249,-0.0022400000000000002,1.42,1.5
250,-0.0022368,1.42,1.5
251,-0.0022336,1.44,1.52
252,-0.0022304,1.46,1.52
253,-0.0022272000000000004,1.44,1.52
254,-0.0022240000000000003,1.46,1.54
255,-0.0022208,1.48,1.54
256,-0.0022176,1.48,1.56
257,-0.0022144,1.48,1.56
258,-0.0022112,1.5,1.56
259,-0.002208,1.5,1.58
260,-0.0022048000000000002,1.52,1.58
261,-0.0022016,1.52,1.58
262,-0.0021984,1.54,1.6
263,-0.0021952,1.54,1.6
264,-0.0021920000000000004,1.54,1.62
265,-0.0021888000000000003,1.56,1.62
266,-0.0021856,1.56,1.62
267,-0.0021824,1.56,1.6400000000000001
268,-0.0021792,1.58,1.6400000000000001
269,-0.002176,1.58,1.6600000000000001
270,-0.0021728,1.6,1.6600000000000001
271,-0.0021696000000000003,1.6,1.6600000000000001
272,-0.0021664,1.6,1.6600000000000001
273,-0.0021632,1.62,1.68
274,-0.00216,1.62,1.7
275,-0.0021568000000000004,1.6400000000000001,1.7
276,-0.0021536000000000003,1.6400000000000001,1.72
277,-0.0021504000000000002,1.6400000000000001,1.72
278,-0.0021472,1.6600000000000001,1.74
279,-0.002144,1.6600000000000001,1.74
280,-0.0021408,1.68,1.74
281,-0.0021376,1.6600000000000001,1.74
282,-0.0021344000000000003,1.68,1.76
283,-0.0021312,1.7,1.78
284,-0.002128,1.7,1.78
285,-0.0021248,1.72,1.8
286,-0.0021216000000000004,1.72,1.8
287,-0.0021184000000000003,1.74,1.8
288,-0.0021152000000000002,1.74,1.82
289,-0.002112,1.74,1.82
290,-0.0021088,1.74,1.82
291,-0.0021056,1.76,1.84
292,-0.0021024,1.76,1.84
293,-0.0020992000000000003,1.78,1.86
294,-0.002096,1.8,1.86
295,-0.0020928,1.78,1.8800000000000001
296,-0.0020896,1.8,1.8800000000000001
297,-0.0020864,1.8,1.8800000000000001
298,-0.0020832000000000003,1.82,1.9000000000000001
299,-0.0020800000000000003,1.82,1.9000000000000001
300,-0.0020768,1.84,1.9000000000000001
301,-0.0020736,1.84,1.92
302,-0.0020704,1.84,1.92
303,-0.0020672,1.86,1.94
304,-0.002064,1.86,1.94
305,-0.0020608000000000002,1.8800000000000001,1.96
306,-0.0020576,1.8800000000000001,1.96
307,-0.0020544,1.8800000000000001,1.96
308,-0.0020512000000000004,1.9000000000000001,1.98
309,-0.0020480000000000003,1.9000000000000001,1.98
310,-0.0020448000000000003,1.9000000000000001,2.0
311,-0.0020416,1.92,1.98
312,-0.0020384,1.92,2.02
313,-0.0020352,1.92,2.02
314,-0.002032,1.94,2.02
315,-0.0020288,1.94,2.04
316,-0.0020256000000000002,1.96,2.04
317,-0.0020224,1.98,2.04
318,-0.0020192,1.98,2.06
319,-0.0020160000000000004,1.96,2.06
320,-0.0020128000000000004,1.98,2.08
321,-0.0020096000000000003,2.0,2.08
322,-0.0020064,1.98,2.08
323,-0.0020032,2.02,2.1
324,-0.002,2.02,2.1
325,-0.0019968,2.02,2.12
326,-0.0019936,2.04,2.12
327,-0.0019904000000000002,2.04,2.12
328,-0.0019872,2.06,2.14
329,-0.001984,2.06,2.14
330,-0.0019808000000000004,2.06,2.14
331,-0.0019776000000000004,2.08,2.18
332,-0.0019744000000000003,2.08,2.18
333,-0.0019712,2.08,2.18
334,-0.001968,2.1,2.18
335,-0.0019648,2.1,2.2
336,-0.0019616,2.12,2.2
337,-0.0019584,2.1,2.22
338,-0.0019552,2.12,2.22
339,-0.0019520000000000002,2.14,2.24
340,-0.0019488,2.14,2.24
341,-0.0019456000000000002,2.14,2.24
342,-0.0019424000000000002,2.14,2.2600000000000002
343,-0.0019392,2.16,2.2600000000000002
344,-0.0019360000000000002,2.18,2.2800000000000002
345,-0.0019328000000000001,2.18,2.2800000000000002
346,-0.0019296,2.2,2.2800000000000002
347,-0.0019264000000000002,2.2,2.3000000000000003
348,-0.0019232000000000001,2.2,2.3000000000000003
349,-0.00192,2.2,2.32
350,-0.0019168000000000002,2.22,2.32
351,-0.0019136000000000001,2.24,2.32
352,-0.0019104,2.22,2.34
353,-0.0019072000000000002,2.2600000000000002,2.34
354,-0.001904,2.24,2.36
355,-0.0019008000000000002,2.2600000000000002,2.36
356,-0.0018976000000000002,2.2600000000000002,2.38
357,-0.0018944,2.2800000000000002,2.38
358,-0.0018912000000000002,2.2800000000000002,2.38
359,-0.0018880000000000001,2.3000000000000003,2.38
360,-0.0018848,2.3000000000000003,2.4
361,-0.0018816000000000002,2.32,2.42
362,-0.0018784000000000001,2.32,2.42
363,-0.0018752,2.32,2.42
364,-0.0018720000000000002,2.34,2.44
365,-0.0018688,2.34,2.44
366,-0.0018656000000000002,2.36,2.46
367,-0.0018624000000000002,2.36,2.46
368,-0.0018592,2.36,2.48
369,-0.0018560000000000002,2.38,2.48
370,-0.0018528000000000001,2.38,2.48
371,-0.0018496,2.38,2.5
372,-0.0018464000000000002,2.4,2.5
373,-0.0018432000000000001,2.4,2.5
374,-0.00184,2.4,2.5
375,-0.0018368000000000002,2.42,2.52
376,-0.0018336000000000001,2.42,2.52
377,-0.0018304,2.44,2.54
378,-0.0018272000000000002,2.44,2.54
379,-0.001824,2.44,2.56
380,-0.0018208000000000002,2.44,2.56
381,-0.0018176000000000002,2.44,2.58
382,-0.0018144,2.48,2.58
383,-0.0018112000000000002,2.48,2.58
384,-0.0018080000000000001,2.48,2.6
385,-0.0018048,2.5,2.6
386,-0.0018016000000000002,2.48,2.6
387,-0.0017984000000000001,2.5,2.62
388,-0.0017952,2.5,2.62
389,-0.0017920000000000002,2.52,2.62
390,-0.0017888000000000001,2.54,2.64
391,-0.0017856000000000003,2.52,2.66
392,-0.0017824000000000002,2.54,2.66
393,-0.0017792,2.54,2.66
394,-0.0017760000000000002,2.56,2.68
395,-0.0017728000000000002,2.56,2.68
396,-0.0017696,2.58,2.7
397,-0.0017664000000000002,2.58,2.7
398,-0.0017632000000000001,2.6,2.72
399,-0.00176,2.58,2.72
400,-0.0017568000000000002,2.6,2.72
401,-0.0017536000000000001,2.6,2.74
402,-0.0017504,2.62,2.7600000000000002
403,-0.0017472000000000002,2.62,2.74
404,-0.001744,2.64,2.7600000000000002
405,-0.0017408000000000002,2.64,2.7600000000000002
406,-0.0017376000000000002,2.64,2.7800000000000002
407,-0.0017344,2.66,2.7800000000000002
408,-0.0017312000000000002,2.66,2.7800000000000002
409,-0.0017280000000000002,2.68,2.8000000000000003
410,-0.0017248,2.68,2.8000000000000003
411,-0.0017216000000000002,2.68,2.82
412,-0.0017184000000000001,2.7,2.82
413,-0.0017152,2.7,2.84
414,-0.0017120000000000002,2.72,2.84
415,-0.0017088000000000001,2.72,2.84
416,-0.0017056000000000003,2.72,2.84
417,-0.0017024000000000002,2.74,2.86
418,-0.0016992,2.74,2.86
419,-0.0016960000000000002,2.74,2.88
420,-0.0016928000000000002,2.7600000000000002,2.88
421,-0.0016896,2.7600000000000002,2.9
422,-0.0016864000000000002,2.7800000000000002,2.92
423,-0.0016832000000000001,2.7800000000000002,2.92
424,-0.00168,2.8000000000000003,2.92
425,-0.0016768000000000002,2.8000000000000003,2.92
426,-0.0016736000000000001,2.8000000000000003,2.94
427,-0.0016704,2.82,2.94
428,-0.0016672000000000002,2.82,2.94
429,-0.0016640000000000001,2.82,2.96
430,-0.0016608000000000003,2.84,2.96
431,-0.0016576000000000002,2.84,2.98
432,-0.0016544,2.86,2.98
433,-0.0016512000000000002,2.86,3.0
434,-0.0016480000000000002,2.86,3.0
435,-0.0016448,2.88,3.0
436,-0.0016416000000000002,2.88,3.02
437,-0.0016384000000000001,2.9,3.04
438,-0.0016352,2.9,3.04
439,-0.0016320000000000002,2.92,3.04
440,-0.0016288000000000001,2.94,3.06
441,-0.0016256,2.92,3.06
442,-0.0016224000000000002,2.92,3.08
443,-0.0016192000000000001,2.94,3.08
444,-0.0016160000000000002,2.96,3.08
445,-0.0016128000000000002,2.96,3.08
446,-0.0016096,2.98,3.1
447,-0.0016064000000000002,2.98,3.1
448,-0.0016032000000000002,2.98,3.12
449,-0.0016,2.98,3.12
450,-0.0015968000000000002,3.0,3.14
451,-0.0015936000000000001,3.02,3.14
452,-0.0015904,3.02,3.14
453,-0.0015872000000000002,3.04,3.16
454,-0.0015840000000000001,3.02,3.16
455,-0.0015808000000000003,3.04,3.18
456,-0.0015776000000000002,3.04,3.18
457,-0.0015744,3.06,3.18
458,-0.0015712000000000002,3.06,3.2
459,-0.0015680000000000002,3.08,3.2
460,-0.0015648,3.08,3.22
461,-0.0015616000000000002,3.08,3.22
462,-0.0015584000000000001,3.1,3.24
463,-0.0015552,3.1,3.24
464,-0.0015520000000000002,3.12,3.24
465,-0.0015488000000000001,3.12,3.24
466,-0.0015456,3.12,3.2600000000000002
467,-0.0015424000000000002,3.14,3.2800000000000002
468,-0.0015392000000000001,3.14,3.2800000000000002
469,-0.0015360000000000003,3.16,3.3000000000000003
470,-0.0015328000000000002,3.16,3.3000000000000003
471,-0.0015296,3.16,3.3200000000000003
472,-0.0015264000000000002,3.18,3.3200000000000003
473,-0.0015232000000000002,3.18,3.34
474,-0.00152,3.2,3.34
475,-0.0015168000000000002,3.2,3.34
476,-0.0015136000000000001,3.2,3.34
477,-0.0015104,3.22,3.36
478,-0.0015072000000000002,3.22,3.36
479,-0.0015040000000000001,3.22,3.38
480,-0.0015008,3.24,3.38
481,-0.0014976000000000002,3.2600000000000002,3.4
482,-0.0014944000000000001,3.2600000000000002,3.4
483,-0.0014912000000000003,3.2600000000000002,3.4
484,-0.0014880000000000002,3.2800000000000002,3.42
485,-0.0014848,3.2800000000000002,3.42
486,-0.0014816000000000002,3.2800000000000002,3.44
487,-0.0014784000000000002,3.3000000000000003,3.44
488,-0.0014752,3.3000000000000003,3.46
489,-0.0014720000000000002,3.3000000000000003,3.46
490,-0.0014688000000000001,3.3200000000000003,3.48
491,-0.0014656,3.3200000000000003,3.48
492,-0.0014624000000000002,3.34,3.5
493,-0.0014592000000000001,3.34,3.48
494,-0.0014560000000000003,3.36,3.5
495,-0.0014528000000000002,3.38,3.5
496,-0.0014496,3.36,3.52
497,-0.0014464000000000002,3.38,3.52
498,-0.0014432000000000002,3.38,3.52
499,-0.00144,3.38,3.54
500,-0.0014368000000000002,3.4,3.54
501,-0.0014336000000000002,3.4,3.56
502,-0.0014304,3.4,3.56
503,-0.0014272000000000002,3.42,3.56
504,-0.0014240000000000001,3.42,3.58
505,-0.0014208,3.44,3.58
506,-0.0014176000000000002,3.44,3.6
507,-0.0014144000000000001,3.46,3.62
508,-0.0014112000000000003,3.46,3.62
509,-0.0014080000000000002,3.48,3.62
510,-0.0014048,3.48,3.62
511,-0.0014016000000000002,3.5,3.64
512,-0.0013984000000000002,3.48,3.64
513,-0.0013952,3.5,3.66
514,-0.0013920000000000002,3.5,3.68
515,-0.0013888000000000001,3.5,3.66
516,-0.0013856,3.52,3.68
517,-0.0013824000000000002,3.54,3.68
518,-0.0013792000000000001,3.54,3.7
519,-0.0013760000000000003,3.54,3.72
520,-0.0013728000000000002,3.56,3.7
521,-0.0013696000000000001,3.58,3.72
522,-0.0013664000000000003,3.58,3.72
523,-0.0013632000000000002,3.58,3.74
524,-0.00136,3.58,3.74
525,-0.0013568000000000002,3.6,3.7600000000000002
526,-0.0013536000000000002,3.6,3.7600000000000002
527,-0.0013504,3.6,3.7800000000000002
528,-0.0013472000000000002,3.62,3.7800000000000002
529,-0.0013440000000000001,3.62,3.8000000000000003
530,-0.0013408,3.64,3.8000000000000003
531,-0.0013376000000000002,3.64,3.8200000000000003
532,-0.0013344000000000001,3.64,3.8000000000000003
533,-0.0013312000000000003,3.64,3.8200000000000003
534,-0.0013280000000000002,3.66,3.84
535,-0.0013248000000000001,3.68,3.84
536,-0.0013216000000000002,3.68,3.84
537,-0.0013184000000000002,3.68,3.86
538,-0.0013152,3.7,3.86
539,-0.0013120000000000002,3.72,3.88
540,-0.0013088000000000002,3.7,3.88
541,-0.0013056,3.74,3.88
542,-0.0013024000000000002,3.72,3.9
543,-0.0012992000000000001,3.74,3.9
544,-0.0012960000000000003,3.74,3.9
545,-0.0012928000000000002,3.7600000000000002,3.92
546,-0.0012896000000000001,3.7600000000000002,3.92
547,-0.0012864000000000003,3.7800000000000002,3.94
548,-0.0012832000000000002,3.7800000000000002,3.94
549,-0.00128,3.7800000000000002,3.96
550,-0.0012768000000000002,3.8000000000000003,3.96
551,-0.0012736000000000002,3.8000000000000003,3.96
552,-0.0012704,3.8000000000000003,3.98
553,-0.0012672000000000002,3.8200000000000003,3.98
554,-0.0012640000000000001,3.8200000000000003,4.0
555,-0.0012608,3.84,4.0
556,-0.0012576000000000002,3.84,4.0
557,-0.0012544000000000001,3.84,4.0200000000000005
558,-0.0012512000000000003,3.86,4.0200000000000005
559,-0.0012480000000000002,3.86,4.0200000000000005
560,-0.0012448000000000001,3.86,4.04
561,-0.0012416000000000003,3.88,4.04
562,-0.0012384000000000002,3.88,4.0600000000000005
563,-0.0012352,3.9,4.0600000000000005
564,-0.0012320000000000002,3.9,4.08
565,-0.0012288000000000002,3.9,4.08
566,-0.0012256,3.92,4.1
567,-0.0012224000000000002,3.92,4.1
568,-0.0012192000000000001,3.94,4.1
569,-0.001216,3.94,4.14
570,-0.0012128000000000002,3.96,4.12
571,-0.0012096000000000001,3.96,4.12
572,-0.0012064000000000003,3.96,4.14
573,-0.0012032000000000002,3.96,4.14
574,-0.0012000000000000001,3.98,4.16
575,-0.0011968000000000003,4.0,4.16
576,-0.0011936000000000002,4.0,4.18
577,-0.0011904,4.0,4.18
578,-0.0011872000000000002,4.0200000000000005,4.2
579,-0.0011840000000000002,4.0200000000000005,4.2
580,-0.0011808,4.0200000000000005,4.22
581,-0.0011776000000000002,4.04,4.22
582,-0.0011744000000000001,4.04,4.22
583,-0.0011712000000000003,4.0600000000000005,4.22
584,-0.0011680000000000002,4.08,4.24
585,-0.0011648000000000001,4.0600000000000005,4.24
586,-0.0011616000000000003,4.08,4.26
587,-0.0011584000000000002,4.1,4.28
588,-0.0011552,4.08,4.26
589,-0.0011520000000000002,4.1,4.28
590,-0.0011488000000000002,4.12,4.28
591,-0.0011456,4.12,4.3
592,-0.0011424000000000002,4.12,4.3
593,-0.0011392000000000002,4.14,4.3
594,-0.001136,4.14,4.32
595,-0.0011328000000000002,4.14,4.32
596,-0.0011296000000000001,4.16,4.34
597,-0.0011264000000000003,4.16,4.34
598,-0.0011232000000000002,4.16,4.36
599,-0.0011200000000000001,4.18,4.36
600,-0.0011168000000000003,4.18,4.38
601,-0.0011136000000000002,4.2,4.38
602,-0.0011104,4.2,4.38
603,-0.0011072000000000002,4.2,4.4
604,-0.0011040000000000002,4.22,4.4
605,-0.0011008,4.22,4.42
606,-0.0010976000000000002,4.22,4.42
607,-0.0010944000000000001,4.24,4.42
608,-0.0010912,4.24,4.44
609,-0.0010880000000000002,4.26,4.46
610,-0.0010848000000000001,4.26,4.46
611,-0.0010816000000000003,4.26,4.48
612,-0.0010784000000000002,4.28,4.48
613,-0.0010752000000000001,4.28,4.48
614,-0.001072,4.3,4.5
615,-0.0010688000000000004,4.3,4.5
616,-0.0010656000000000003,4.32,4.5200000000000005
617,-0.0010624000000000002,4.32,4.5200000000000005
618,-0.0010592000000000002,4.32,4.5200000000000005
619,-0.001056,4.34,4.5200000000000005
620,-0.0010528,4.34,4.54
621,-0.0010496000000000004,4.34,4.54
622,-0.0010464000000000003,4.36,4.54
623,-0.0010432000000000002,4.38,4.5600000000000005
624,-0.0010400000000000001,4.38,4.5600000000000005
625,-0.0010368,4.38,4.58
626,-0.0010336,4.4,4.58
627,-0.0010304000000000003,4.4,4.6000000000000005
628,-0.0010272000000000002,4.4,4.6000000000000005
629,-0.0010240000000000002,4.4,4.62
630,-0.0010208,4.42,4.62
631,-0.0010176,4.42,4.64
632,-0.0010144000000000004,4.44,4.62
633,-0.0010112000000000003,4.44,4.64
634,-0.0010080000000000002,4.46,4.64
635,-0.0010048000000000001,4.46,4.66
636,-0.0010016,4.46,4.68
637,-0.0009984,4.48,4.68
638,-0.0009952000000000003,4.48,4.68
639,-0.0009920000000000003,4.5,4.7
640,-0.0009888000000000002,4.5,4.7
641,-0.0009856,4.5,4.7
642,-0.0009824,4.5200000000000005,4.7
643,-0.0009792000000000004,4.54,4.72
644,-0.0009760000000000003,4.5200000000000005,4.74
645,-0.0009728000000000002,4.5600000000000005,4.74
646,-0.0009696000000000001,4.54,4.74
647,-0.0009664000000000001,4.5600000000000005,4.76
648,-0.0009632,4.5600000000000005,4.76
649,-0.0009600000000000003,4.58,4.78
650,-0.0009568000000000003,4.58,4.78
651,-0.0009536000000000002,4.58,4.78
652,-0.0009504000000000001,4.6000000000000005,4.82
653,-0.0009472,4.6000000000000005,4.8
654,-0.0009440000000000004,4.6000000000000005,4.82
655,-0.0009408000000000003,4.62,4.82
656,-0.0009376000000000002,4.62,4.84
657,-0.0009344000000000002,4.64,4.84
658,-0.0009312000000000001,4.64,4.86
659,-0.000928,4.66,4.86
660,-0.0009248000000000004,4.66,4.86
661,-0.0009216000000000003,4.68,4.86
662,-0.0009184000000000002,4.68,4.88
663,-0.0009152000000000001,4.68,4.88
664,-0.000912,4.68,4.9
665,-0.0009088,4.7,4.9
666,-0.0009056000000000003,4.7,4.92
667,-0.0009024000000000003,4.72,4.92
668,-0.0008992000000000002,4.72,4.94
669,-0.0008960000000000001,4.72,4.94
670,-0.0008928,4.74,4.94
671,-0.0008896000000000004,4.74,4.96
672,-0.0008864000000000003,4.76,4.96
673,-0.0008832000000000002,1.1,0.04
674,-0.0008800000000000001,0.08,0.04
675,-0.0008768000000000001,0.06,0.06
676,-0.0008736,0.06,0.06
677,-0.0008704000000000003,0.06,0.06
678,-0.0008672000000000003,0.06,0.08
679,-0.0008640000000000002,0.06,0.06
680,-0.0008608000000000001,0.08,0.08
681,-0.0008576,0.08,0.08
682,-0.0008544000000000004,0.08,0.08
683,-0.0008512000000000003,0.08,0.1
684,-0.0008480000000000002,0.1,0.1
685,-0.0008448000000000002,0.08,0.1
686,-0.0008416000000000001,0.1,0.12
687,-0.0008384,0.12,0.14
688,-0.0008352000000000004,0.12,0.14
689,-0.0008320000000000003,0.12,0.14
690,-0.0008288000000000002,0.12,0.16
691,-0.0008256000000000001,0.14,0.16
692,-0.0008224,0.16,0.18
693,-0.0008192000000000004,0.14,0.18
694,-0.0008160000000000003,0.16,0.18
695,-0.0008128000000000002,0.18,0.2
696,-0.0008096000000000002,0.18,0.2
697,-0.0008064000000000001,0.18,0.2
698,-0.0008032,0.2,0.22
699,-0.0008000000000000004,0.2,0.22
700,-0.0007968000000000003,0.22,0.22
701,-0.0007936000000000002,0.22,0.24
702,-0.0007904000000000001,0.22,0.26
703,-0.0007872,0.22,0.26
704,-0.000784,0.24,0.24
705,-0.0007808000000000003,0.24,0.28
706,-0.0007776000000000003,0.26,0.28
707,-0.0007744000000000002,0.26,0.3
708,-0.0007712000000000001,0.28,0.3
709,-0.000768,0.28,0.3
710,-0.0007648000000000004,0.28,0.3
711,-0.0007616000000000003,0.3,0.32
712,-0.0007584000000000002,0.3,0.34
713,-0.0007552000000000001,0.32,0.34
714,-0.0007520000000000001,0.32,0.34
715,-0.0007488,0.34,0.36
716,-0.0007456000000000003,0.34,0.36
717,-0.0007424000000000003,0.34,0.38
718,-0.0007392000000000002,0.36,0.38
719,-0.0007360000000000001,0.36,0.38
720,-0.0007328,0.38,0.4
721,-0.0007296000000000004,0.38,0.4
722,-0.0007264000000000003,0.38,0.4
723,-0.0007232000000000002,0.4,0.42
724,-0.0007200000000000002,0.4,0.42
725,-0.0007168000000000001,0.42,0.44
726,-0.0007136,0.42,0.42
727,-0.0007104000000000004,0.42,0.44
728,-0.0007072000000000003,0.42,0.46
729,-0.0007040000000000002,0.44,0.46
730,-0.0007008000000000001,0.44,0.48
731,-0.0006976,0.46,0.48
732,-0.0006944000000000004,0.46,0.48
733,-0.0006912000000000003,0.48,0.5
734,-0.0006880000000000002,0.48,0.5
735,-0.0006848000000000002,0.48,0.52
736,-0.0006816000000000001,0.5,0.52
737,-0.0006784,0.5,0.54
738,-0.0006752000000000004,0.5,0.54
739,-0.0006720000000000003,0.52,0.56
740,-0.0006688000000000002,0.52,0.56
741,-0.0006656000000000001,0.54,0.58
742,-0.0006624000000000001,0.54,0.58
743,-0.0006592000000000004,0.54,0.58
744,-0.0006560000000000003,0.56,0.58
745,-0.0006528000000000003,0.58,0.6
746,-0.0006496000000000002,0.58,0.6
747,-0.0006464000000000001,0.56,0.62
748,-0.0006432,0.6,0.62
749,-0.0006400000000000004,0.6,0.62
750,-0.0006368000000000003,0.62,0.64
751,-0.0006336000000000002,0.62,0.64
752,-0.0006304000000000001,0.64,0.66
753,-0.0006272000000000001,0.62,0.64
754,-0.000624,0.64,0.66
755,-0.0006208000000000003,0.66,0.68
756,-0.0006176000000000003,0.66,0.68
757,-0.0006144000000000002,0.68,0.7000000000000001
758,-0.0006112000000000001,0.68,0.7000000000000001
759,-0.000608,0.68,0.72
760,-0.0006048000000000004,0.7000000000000001,0.72
761,-0.0006016000000000003,0.7000000000000001,0.72
762,-0.0005984000000000002,0.7000000000000001,0.74
763,-0.0005952000000000002,0.72,0.74
764,-0.0005920000000000001,0.72,0.76
765,-0.0005888,0.74,0.76
766,-0.0005856000000000004,0.74,0.78
767,-0.0005824000000000003,0.74,0.78
768,-0.0005792000000000002,0.76,0.8
769,-0.0005760000000000001,0.76,0.8
770,-0.0005728,0.78,0.8
771,-0.0005696000000000004,0.78,0.8
772,-0.0005664000000000003,0.78,0.8200000000000001
773,-0.0005632000000000002,0.8,0.84
774,-0.0005600000000000002,0.8,0.84
775,-0.0005568000000000001,0.8200000000000001,0.84
776,-0.0005536,0.8200000000000001,0.86
777,-0.0005504000000000004,0.8200000000000001,0.86
778,-0.0005472000000000003,0.84,0.86
779,-0.0005440000000000002,0.84,0.88
780,-0.0005408000000000001,0.86,0.88
781,-0.0005376000000000001,0.86,0.9
782,-0.0005344000000000004,0.86,0.9
783,-0.0005312000000000003,0.88,0.92
784,-0.0005280000000000003,0.88,0.92
785,-0.0005248000000000002,0.9,0.9400000000000001
786,-0.0005216000000000001,0.88,0.9400000000000001
787,-0.0005184,0.9,0.9400000000000001
788,-0.0005152000000000004,0.9,0.96
789,-0.0005120000000000003,0.92,0.96
790,-0.0005088000000000002,0.9400000000000001,0.98
791,-0.0005056000000000001,0.9400000000000001,0.96
792,-0.0005024000000000001,0.9400000000000001,0.98
793,-0.0004992,0.96,1.0
794,-0.0004960000000000003,0.96,1.0
795,-0.0004928000000000003,0.98,1.02
796,-0.0004896000000000002,0.98,1.02
797,-0.0004864000000000001,0.98,1.02
798,-0.00048320000000000004,1.0,1.02
799,-0.0004800000000000004,1.0,1.04
800,-0.0004768000000000003,1.02,1.06
801,-0.00047360000000000024,1.02,1.06
802,-0.00047040000000000016,1.02,1.08
803,-0.0004672000000000001,1.04,1.08
804,-0.000464,1.04,1.1
805,-0.00046080000000000036,1.06,1.1
806,-0.0004576000000000003,1.06,1.1
807,-0.0004544000000000002,1.06,1.12
808,-0.0004512000000000001,1.08,1.12
809,-0.00044800000000000005,1.06,1.12
810,-0.0004448000000000004,1.1,1.1400000000000001
811,-0.0004416000000000003,1.1,1.1400000000000001
812,-0.00043840000000000025,1.1,1.1400000000000001
813,-0.00043520000000000017,1.1,1.16
814,-0.0004320000000000001,1.12,1.16
815,-0.0004288,1.12,1.18
816,-0.00042560000000000037,1.1400000000000001,1.18
817,-0.0004224000000000003,1.1400000000000001,1.18
818,-0.0004192000000000002,1.16,1.2
819,-0.00041600000000000014,1.16,1.2
820,-0.00041280000000000006,1.16,1.2
821,-0.0004096000000000004,1.18,1.24
822,-0.00040640000000000034,1.18,1.24
823,-0.00040320000000000026,1.18,1.24
824,-0.0004000000000000002,1.2,1.26
825,-0.0003968000000000001,1.2,1.26
826,-0.0003936,1.22,1.28
827,-0.0003904000000000004,1.22,1.28
828,-0.0003872000000000003,1.24,1.28
829,-0.0003840000000000002,1.24,1.3
830,-0.00038080000000000015,1.24,1.3
831,-0.00037760000000000007,1.26,1.32
832,-0.0003744000000000004,1.26,1.32
833,-0.00037120000000000035,1.26,1.34
834,-0.00036800000000000027,1.28,1.34
835,-0.0003648000000000002,1.28,1.34
836,-0.0003616000000000001,1.3,1.36
837,-0.00035840000000000004,1.3,1.34
838,-0.0003552000000000004,1.3,1.3800000000000001
839,-0.0003520000000000003,1.32,1.3800000000000001
840,-0.00034880000000000024,1.32,1.3800000000000001
841,-0.00034560000000000016,1.32,1.4000000000000001
842,-0.0003424000000000001,1.34,1.4000000000000001
843,-0.0003392,1.34,1.42
844,-0.00033600000000000036,1.36,1.42
845,-0.0003328000000000003,1.36,1.44
846,-0.0003296000000000002,1.3800000000000001,1.44
847,-0.00032640000000000013,1.3800000000000001,1.44
848,-0.00032320000000000005,1.3800000000000001,1.46
849,-0.0003200000000000004,1.4000000000000001,1.46
850,-0.00031680000000000033,1.3800000000000001,1.48
851,-0.00031360000000000025,1.42,1.48
852,-0.00031040000000000017,1.4000000000000001,1.46
853,-0.0003072000000000001,1.42,1.5
854,-0.000304,1.44,1.5
855,-0.00030080000000000037,1.44,1.5
856,-0.0002976000000000003,1.46,1.5
857,-0.0002944000000000002,1.46,1.52
858,-0.00029120000000000014,1.48,1.54
859,-0.00028800000000000006,1.48,1.54
860,-0.0002848000000000004,1.48,1.54
861,-0.00028160000000000034,1.48,1.54
862,-0.00027840000000000026,1.5,1.56
863,-0.0002752000000000002,1.52,1.58
864,-0.0002720000000000001,1.52,1.56
865,-0.00026880000000000003,1.52,1.58
866,-0.0002656000000000004,1.54,1.6
867,-0.0002624000000000003,1.52,1.58
868,-0.00025920000000000023,1.56,1.62
869,-0.00025600000000000015,1.54,1.62
870,-0.0002528000000000001,1.56,1.62
871,-0.00024960000000000043,1.56,1.62
872,-0.00024640000000000035,1.58,1.6400000000000001
873,-0.00024320000000000027,1.58,1.6600000000000001
874,-0.0002400000000000002,1.58,1.6600000000000001
875,-0.00023680000000000012,1.6,1.6600000000000001
876,-0.00023360000000000004,1.6,1.68
877,-0.0002304000000000004,1.62,1.68
878,-0.00022720000000000032,1.62,1.7
879,-0.00022400000000000024,1.62,1.7
880,-0.00022080000000000016,1.6400000000000001,1.7
881,-0.00021760000000000009,1.6400000000000001,1.72
882,-0.0002144,1.6600000000000001,1.72
883,-0.00021120000000000036,1.6600000000000001,1.72
884,-0.00020800000000000029,1.6600000000000001,1.74
885,-0.0002048000000000002,1.68,1.74
886,-0.00020160000000000013,1.7,1.74
887,-0.00019840000000000005,1.68,1.76
888,-0.0001952000000000004,1.7,1.78
889,-0.00019200000000000033,1.7,1.78
890,-0.00018880000000000025,1.72,1.8
891,-0.00018560000000000017,1.72,1.78
892,-0.0001824000000000001,1.74,1.8
893,-0.00017920000000000002,1.74,1.82
894,-0.00017600000000000037,1.76,1.82
895,-0.0001728000000000003,1.76,1.82
896,-0.00016960000000000022,1.76,1.84
897,-0.00016640000000000014,1.78,1.84
898,-0.00016320000000000006,1.78,1.86
899,-0.00016000000000000042,1.78,1.86
900,-0.00015680000000000034,1.8,1.8800000000000001
901,-0.00015360000000000026,1.8,1.8800000000000001
902,-0.00015040000000000019,1.8,1.9000000000000001
903,-0.0001472000000000001,1.82,1.9000000000000001
904,-0.00014400000000000003,1.84,1.9000000000000001
905,-0.0001408000000000004,1.82,1.92
906,-0.0001376000000000003,1.84,1.92
907,-0.00013440000000000023,1.84,1.94
908,-0.00013120000000000015,1.86,1.94
909,-0.00012800000000000008,1.86,1.96
910,-0.00012480000000000043,1.8800000000000001,1.94
911,-0.00012160000000000035,1.8800000000000001,1.96
912,-0.00011840000000000028,1.9000000000000001,1.98
913,-0.0001152000000000002,1.9000000000000001,1.98
914,-0.00011200000000000012,1.9000000000000001,2.0
915,-0.00010880000000000004,1.92,2.0
916,-0.0001056000000000004,1.92,2.0
917,-0.00010240000000000032,1.94,2.02
918,-9.920000000000024e-05,1.94,2.02
919,-9.600000000000017e-05,1.96,2.02
920,-9.280000000000009e-05,1.96,2.04
921,-8.960000000000001e-05,1.96,2.04
922,-8.640000000000037e-05,1.96,2.06
923,-8.320000000000029e-05,1.98,2.06
924,-8.000000000000021e-05,1.98,2.06
925,-7.680000000000013e-05,2.0,2.08
926,-7.360000000000005e-05,2.0,2.08
927,-7.040000000000041e-05,2.02,2.1
928,-6.720000000000033e-05,2.02,2.1
929,-6.400000000000025e-05,2.02,2.12
930,-6.080000000000018e-05,2.04,2.12
931,-5.76000000000001e-05,2.04,2.14
932,-5.440000000000002e-05,2.04,2.14
933,-5.120000000000038e-05,2.06,2.14
934,-4.80000000000003e-05,2.06,2.14
935,-4.480000000000022e-05,2.08,2.16
936,-4.1600000000000144e-05,2.06,2.18
937,-3.8400000000000066e-05,2.08,2.18
938,-3.520000000000042e-05,2.1,2.18
939,-3.2000000000000344e-05,2.1,2.18
940,-2.8800000000000266e-05,2.1,2.2
941,-2.560000000000019e-05,2.12,2.22
942,-2.240000000000011e-05,2.12,2.22
943,-1.9200000000000033e-05,2.12,2.24
944,-1.600000000000039e-05,2.14,2.24
945,-1.2800000000000311e-05,2.16,2.2600000000000002
946,-9.600000000000233e-06,2.16,2.2600000000000002
947,-6.4000000000001556e-06,2.16,2.2600000000000002
948,-3.2000000000000778e-06,2.18,2.2600000000000002
949,-4.336808689942018e-19,2.18,2.2800000000000002
950,3.199999999999644e-06,2.18,2.2800000000000002
951,6.399999999999722e-06,2.2,2.3000000000000003
952,9.5999999999998e-06,2.2,2.3000000000000003
953,1.2799999999999877e-05,2.22,2.32
954,1.5999999999999955e-05,2.2,2.32
955,1.91999999999996e-05,2.22,2.32
956,2.2399999999999677e-05,2.24,2.34
957,2.5599999999999755e-05,2.24,2.34
958,2.8799999999999833e-05,2.2600000000000002,2.36
959,3.199999999999991e-05,2.2600000000000002,2.36
960,3.519999999999999e-05,2.2800000000000002,2.36
961,3.839999999999963e-05,2.2800000000000002,2.36
962,4.159999999999971e-05,2.2800000000000002,2.4
963,4.479999999999979e-05,2.2800000000000002,2.4
964,4.7999999999999866e-05,2.3000000000000003,2.4
965,5.1199999999999943e-05,2.3000000000000003,2.42
966,5.439999999999959e-05,2.3000000000000003,2.42
967,5.7599999999999665e-05,2.32,2.42
968,6.079999999999974e-05,2.34,2.44
969,6.399999999999982e-05,2.34,2.44
970,6.71999999999999e-05,2.34,2.44
971,7.039999999999998e-05,2.36,2.46
972,7.359999999999962e-05,2.36,2.46
973,7.67999999999997e-05,2.36,2.48
974,7.999999999999978e-05,2.38,2.48
975,8.319999999999985e-05,2.38,2.5
976,8.639999999999993e-05,2.4,2.5
977,8.959999999999958e-05,2.4,2.5
978,9.279999999999965e-05,2.4,2.5
979,9.599999999999973e-05,2.42,2.52
980,9.919999999999981e-05,2.42,2.52
981,0.00010239999999999989,2.42,2.54
982,0.00010559999999999996,2.44,2.54
983,0.00010879999999999961,2.44,2.56
984,0.00011199999999999969,2.46,2.56
985,0.00011519999999999976,2.46,2.56
986,0.00011839999999999984,2.48,2.58
987,0.00012159999999999992,2.48,2.58
988,0.00012479999999999956,2.48,2.58
989,0.00012799999999999964,2.5,2.62
990,0.00013119999999999972,2.48,2.6
991,0.0001343999999999998,2.48,2.62
992,0.00013759999999999988,2.5,2.62
993,0.00014079999999999995,2.52,2.64
994,0.0001439999999999996,2.52,2.64
995,0.00014719999999999967,2.52,2.64
996,0.00015039999999999975,2.54,2.66
997,0.00015359999999999983,2.56,2.66
998,0.0001567999999999999,2.56,2.68
999,0.00015999999999999955,2.56,2.68
1000,0.00016319999999999963,2.56,2.68
1001,0.0001663999999999997,2.58,2.7
1002,0.00016959999999999979,2.58,2.72
1003,0.00017279999999999986,2.58,2.7
1004,0.00017599999999999994,2.6,2.72
1005,0.00017919999999999959,2.6,2.72
1006,0.00018239999999999966,2.62,2.74
1007,0.00018559999999999974,2.62,2.7600000000000002
1008,0.00018879999999999982,2.62,2.7600000000000002
1009,0.0001919999999999999,2.64,2.7600000000000002
1010,0.00019519999999999997,2.64,2.7600000000000002
1011,0.00019839999999999962,2.66,2.8000000000000003
1012,0.0002015999999999997,2.68,2.7800000000000002
1013,0.00020479999999999977,2.68,2.8000000000000003
1014,0.00020799999999999985,2.68,2.8000000000000003
1015,0.00021119999999999993,2.68,2.82
1016,0.00021439999999999957,2.7,2.82
1017,0.00021759999999999965,2.7,2.84
1018,0.00022079999999999973,2.7,2.84
1019,0.0002239999999999998,2.7,2.84
1020,0.00022719999999999988,2.72,2.86
1021,0.00023039999999999996,2.72,2.86
1022,0.0002335999999999996,2.74,2.86
1023,0.00023679999999999968,2.7600000000000002,2.88
1024,0.00023999999999999976,2.7600000000000002,2.88
1025,0.00024319999999999984,2.7600000000000002,2.88
1026,0.0002463999999999999,2.7600000000000002,2.9
1027,0.00024959999999999956,2.7800000000000002,2.9
1028,0.00025279999999999964,2.7800000000000002,2.92
1029,0.0002559999999999997,2.8000000000000003,2.94
1030,0.0002591999999999998,2.8000000000000003,2.94
1031,0.0002623999999999999,2.82,2.94
1032,0.00026559999999999995,2.84,2.94
1033,0.0002687999999999996,2.82,2.96
1034,0.00027199999999999967,2.84,2.96
1035,0.00027519999999999975,2.86,2.98
1036,0.00027839999999999983,2.86,2.98
1037,0.0002815999999999999,2.86,3.0
1038,0.00028479999999999955,2.86,3.0
1039,0.00028799999999999963,2.88,3.0
1040,0.0002911999999999997,2.88,3.02
1041,0.0002943999999999998,2.88,3.02
1042,0.00029759999999999986,2.9,3.04
1043,0.00030079999999999994,2.9,3.04
1044,0.0003039999999999996,2.92,3.04
1045,0.00030719999999999966,2.92,3.06
1046,0.00031039999999999974,2.92,3.06
1047,0.0003135999999999998,2.92,3.08
1048,0.0003167999999999999,2.94,3.08
1049,0.00031999999999999997,2.94,3.1
1050,0.0003231999999999996,2.96,3.1
1051,0.0003263999999999997,2.98,3.1
1052,0.00032959999999999977,2.98,3.12
1053,0.00033279999999999985,2.98,3.12
1054,0.00033599999999999993,3.0,3.12
1055,0.00033919999999999957,3.0,3.14
1056,0.00034239999999999965,3.0,3.14
1057,0.0003455999999999997,3.02,3.18
1058,0.0003487999999999998,3.02,3.16
1059,0.0003519999999999999,3.02,3.18
1060,0.00035519999999999996,3.02,3.18
1061,0.0003583999999999996,3.04,3.18
1062,0.0003615999999999997,3.06,3.2
1063,0.00036479999999999976,3.06,3.2
1064,0.00036799999999999984,3.08,3.22
1065,0.0003711999999999999,3.08,3.22
1066,0.00037439999999999956,3.08,3.24
1067,0.00037759999999999964,3.1,3.2600000000000002
1068,0.0003807999999999997,3.12,3.2600000000000002
1069,0.0003839999999999998,3.12,3.2600000000000002
1070,0.00038719999999999987,3.12,3.2600000000000002
1071,0.00039039999999999995,3.14,3.2800000000000002
1072,0.0003935999999999996,3.14,3.2800000000000002
1073,0.00039679999999999967,3.14,3.3000000000000003
1074,0.00039999999999999975,3.16,3.3000000000000003
1075,0.0004031999999999998,3.16,3.3000000000000003
1076,0.0004063999999999999,3.18,3.3200000000000003
1077,0.00040959999999999955,3.18,3.3200000000000003
1078,0.0004127999999999996,3.18,3.34
1079,0.0004159999999999997,3.18,3.36
1080,0.0004191999999999998,3.2,3.36
1081,0.00042239999999999986,3.22,3.38
1082,0.00042559999999999994,3.22,3.36
1083,0.0004287999999999996,3.22,3.36
1084,0.00043199999999999966,3.24,3.38
1085,0.00043519999999999974,3.24,3.4
1086,0.0004383999999999998,3.24,3.4
1087,0.0004415999999999999,3.2600000000000002,3.42
1088,0.00044479999999999954,3.2800000000000002,3.42
1089,0.0004479999999999996,3.2800000000000002,3.42
1090,0.0004511999999999997,3.2800000000000002,3.42
1091,0.00045439999999999977,3.3000000000000003,3.44
1092,0.00045759999999999985,3.3000000000000003,3.46
1093,0.0004607999999999999,3.3000000000000003,3.44
1094,0.00046399999999999957,3.3200000000000003,3.46
1095,0.00046719999999999965,3.34,3.46
1096,0.0004703999999999997,3.3200000000000003,3.48
1097,0.0004735999999999998,3.34,3.48
1098,0.0004767999999999999,3.34,3.5
1099,0.00047999999999999996,3.36,3.5
1100,0.0004831999999999996,3.36,3.5
1101,0.0004863999999999997,3.38,3.52
1102,0.0004895999999999998,3.4,3.52
1103,0.0004927999999999998,3.38,3.54
1104,0.0004959999999999999,3.38,3.54
1105,0.0004991999999999996,3.4,3.56
1106,0.0005023999999999996,3.4,3.58
1107,0.0005055999999999997,3.42,3.58
1108,0.0005087999999999998,3.42,3.58
1109,0.0005119999999999999,3.44,3.58
1110,0.0005152,3.46,3.6
1111,0.0005183999999999996,3.44,3.6
1112,0.0005215999999999997,3.46,3.6
1113,0.0005247999999999997,3.48,3.62
1114,0.0005279999999999998,3.48,3.62
1115,0.0005311999999999999,3.48,3.64
1116,0.0005343999999999995,3.48,3.64
1117,0.0005375999999999996,3.5,3.66
1118,0.0005407999999999997,3.5,3.66
1119,0.0005439999999999998,3.5,3.68
1120,0.0005471999999999999,3.52,3.68
1121,0.0005503999999999999,3.52,3.7
1122,0.0005535999999999996,3.54,3.7
1123,0.0005567999999999997,3.54,3.7
1124,0.0005599999999999997,3.54,3.72
1125,0.0005631999999999998,3.56,3.72
1126,0.0005663999999999999,3.56,3.74
1127,0.0005695999999999995,3.58,3.74
1128,0.0005727999999999996,3.58,3.74
1129,0.0005759999999999997,3.58,3.7600000000000002
1130,0.0005791999999999998,3.6,3.7600000000000002
1131,0.0005823999999999998,3.62,3.7600000000000002
1132,0.0005855999999999999,3.62,3.7800000000000002
1133,0.0005887999999999996,3.64,3.7800000000000002
1134,0.0005919999999999996,3.62,3.8000000000000003
1135,0.0005951999999999997,3.64,3.8000000000000003
1136,0.0005983999999999998,3.64,3.8200000000000003
1137,0.0006015999999999999,3.64,3.8200000000000003
1138,0.0006048,3.66,3.84
1139,0.0006079999999999996,3.66,3.84
1140,0.0006111999999999997,3.68,3.84
1141,0.0006143999999999998,3.68,3.84
1142,0.0006175999999999998,3.68,3.86
1143,0.0006207999999999999,3.7,3.86
1144,0.0006239999999999996,3.7,3.88
1145,0.0006271999999999996,3.72,3.88
1146,0.0006303999999999997,3.72,3.9
1147,0.0006335999999999998,3.74,3.9
1148,0.0006367999999999999,3.74,3.92
1149,0.0006399999999999999,3.74,3.92
1150,0.0006431999999999996,3.7600000000000002,3.92
1151,0.0006463999999999997,3.7600000000000002,3.94
1152,0.0006495999999999997,3.7600000000000002,3.94
1153,0.0006527999999999998,3.7800000000000002,3.94
1154,0.0006559999999999999,3.8000000000000003,3.96
1155,0.0006591999999999995,3.8000000000000003,3.96
1156,0.0006623999999999996,3.8000000000000003,3.96
1157,0.0006655999999999997,3.8200000000000003,3.98
1158,0.0006687999999999998,3.8200000000000003,3.98
1159,0.0006719999999999999,3.8200000000000003,4.0
1160,0.0006751999999999999,3.84,4.0
1161,0.0006783999999999996,3.84,4.0200000000000005
1162,0.0006815999999999997,3.86,4.0200000000000005
1163,0.0006847999999999997,3.86,4.0200000000000005
1164,0.0006879999999999998,3.86,4.04
1165,0.0006911999999999999,3.88,4.04
1166,0.0006943999999999995,3.88,4.0600000000000005
1167,0.0006975999999999996,3.88,4.0600000000000005
1168,0.0007007999999999997,3.88,4.0600000000000005
1169,0.0007039999999999998,3.9,4.1
1170,0.0007071999999999998,3.92,4.1
1171,0.0007103999999999999,3.92,4.1
1172,0.0007135999999999996,3.92,4.1
1173,0.0007167999999999996,3.92,4.12
1174,0.0007199999999999997,3.94,4.12
1175,0.0007231999999999998,3.96,4.14
1176,0.0007263999999999999,3.96,4.14
1177,0.0007296,3.96,4.14
1178,0.0007327999999999996,3.98,4.14
1179,0.0007359999999999997,3.98,4.16
1180,0.0007391999999999998,3.98,4.18
1181,0.0007423999999999998,4.0,4.18
1182,0.0007455999999999999,4.0200000000000005,4.18
1183,0.0007487999999999996,4.0200000000000005,4.2
1184,0.0007519999999999996,4.0200000000000005,4.2
1185,0.0007551999999999997,4.04,4.22
1186,0.0007583999999999998,4.04,4.22
1187,0.0007615999999999999,4.0600000000000005,4.22
1188,0.0007647999999999999,4.04,4.24
1189,0.0007679999999999996,4.08,4.24
1190,0.0007711999999999997,4.08,4.26
1191,0.0007743999999999997,4.1,4.26
1192,0.0007775999999999998,4.1,4.26
1193,0.0007807999999999999,4.1,4.28
1194,0.0007839999999999995,4.1,4.28
1195,0.0007871999999999996,4.1,4.3
1196,0.0007903999999999997,4.12,4.3
1197,0.0007935999999999998,4.12,4.3
1198,0.0007967999999999999,4.14,4.32
1199,0.0007999999999999999,4.14,4.32
1200,0.0008031999999999996,4.16,4.34
1201,0.0008063999999999997,4.16,4.34
1202,0.0008095999999999997,4.18,4.36
1203,0.0008127999999999998,4.18,4.38
1204,0.0008159999999999999,4.18,4.38
1205,0.0008191999999999995,4.18,4.38
1206,0.0008223999999999996,4.18,4.38
1207,0.0008255999999999997,4.2,4.38
1208,0.0008287999999999998,4.22,4.4
1209,0.0008319999999999998,4.24,4.42
1210,0.0008351999999999999,4.22,4.42
1211,0.0008383999999999996,4.24,4.42
1212,0.0008415999999999996,4.24,4.44
1213,0.0008447999999999997,4.24,4.44
1214,0.0008479999999999998,4.26,4.46
1215,0.0008511999999999999,4.26,4.46
1216,0.0008544,4.26,4.48
1217,0.0008575999999999996,4.28,4.48
1218,0.0008607999999999997,4.3,4.48
1219,0.0008639999999999998,4.3,4.5
1220,0.0008671999999999998,4.3,4.5
1221,0.0008703999999999995,4.32,4.5200000000000005
1222,0.0008735999999999996,4.32,4.54
1223,0.0008767999999999996,4.34,4.5200000000000005
1224,0.0008799999999999997,4.34,4.54
1225,0.0008831999999999998,4.34,4.54
1226,0.0008863999999999999,4.36,4.5600000000000005
1227,0.0008895999999999999,4.34,4.5600000000000005
1228,0.0008928,4.38,4.5600000000000005
1229,0.0008960000000000001,4.38,4.58
1230,0.0008991999999999993,4.38,4.58
1231,0.0009023999999999994,4.4,4.58
1232,0.0009055999999999995,4.4,4.6000000000000005
1233,0.0009087999999999995,4.4,4.62
1234,0.0009119999999999996,4.42,4.62
1235,0.0009151999999999997,4.42,4.64
1236,0.0009183999999999998,4.44,4.64
1237,0.0009215999999999998,4.44,4.64
1238,0.0009247999999999999,4.46,4.64
1239,0.000928,4.46,4.66
1240,0.0009312000000000001,4.46,4.66
1241,0.0009344000000000002,4.46,4.66
1242,0.0009375999999999994,4.48,4.68
1243,0.0009407999999999994,4.5,4.68
1244,0.0009439999999999995,4.5,4.7
1245,0.0009471999999999996,4.5200000000000005,4.7
1246,0.0009503999999999997,4.5,4.72
1247,0.0009535999999999998,4.5200000000000005,4.72
1248,0.0009567999999999998,4.5200000000000005,4.74
1249,0.0009599999999999999,4.54,4.74
1250,0.0009632,4.54,4.76
1251,0.0009664000000000001,4.5600000000000005,4.76
1252,0.0009696000000000001,4.5600000000000005,4.76
1253,0.0009727999999999994,4.58,4.78
1254,0.0009759999999999994,4.58,4.78
1255,0.0009791999999999995,4.58,4.8
1256,0.0009823999999999996,4.6000000000000005,4.8
1257,0.0009855999999999997,4.6000000000000005,4.82
1258,0.0009887999999999997,4.6000000000000005,4.82
1259,0.0009919999999999998,4.62,4.82
1260,0.0009952,4.62,4.84
1261,0.0009984,4.62,4.84
1262,0.0010016,4.62,4.84
1263,0.0010048000000000001,4.64,4.86
1264,0.0010079999999999993,4.66,4.86
1265,0.0010111999999999994,4.66,4.88
1266,0.0010143999999999995,4.68,4.88
1267,0.0010175999999999996,4.68,4.88
1268,0.0010207999999999997,4.7,4.9
1269,0.0010239999999999997,4.7,4.9
1270,0.0010271999999999998,4.7,4.92
1271,0.0010304,4.72,4.92
1272,0.0010336,4.72,4.92
1273,0.0010368,4.72,4.94
1274,0.0010400000000000001,4.74,4.94
1275,0.0010431999999999993,4.74,4.96
1276,0.0010463999999999994,4.76,4.96
1277,0.0010495999999999995,4.76,0.08
1278,0.0010527999999999996,0.14,0.04
1279,0.0010559999999999996,0.06,0.04
1280,0.0010591999999999997,0.06,0.06
1281,0.0010623999999999998,0.06,0.06
1282,0.0010655999999999999,0.06,0.08
1283,0.0010688,0.06,0.08
1284,0.001072,0.06,0.08
1285,0.0010752000000000001,0.08,0.08
1286,0.0010783999999999993,0.06,0.1
1287,0.0010815999999999994,0.06,0.1
1288,0.0010847999999999995,0.08,0.12
1289,0.0010879999999999996,0.1,0.1
1290,0.0010911999999999996,0.1,0.12
1291,0.0010943999999999997,0.12,0.12
1292,0.0010975999999999998,0.1,0.14
1293,0.0011007999999999999,0.12,0.14
1294,0.001104,0.12,0.14
1295,0.0011072,0.14,0.16
1296,0.0011104,0.14,0.16
1297,0.0011135999999999993,0.16,0.18
1298,0.0011167999999999994,0.16,0.18
1299,0.0011199999999999995,0.16,0.18
1300,0.0011231999999999995,0.18,0.2
1301,0.0011263999999999996,0.18,0.2
1302,0.0011295999999999997,0.2,0.22
1303,0.0011327999999999998,0.2,0.22
1304,0.0011359999999999999,0.2,0.24
1305,0.0011392,0.2,0.24
1306,0.0011424,0.22,0.24
1307,0.0011456,0.24,0.24
1308,0.0011487999999999993,0.24,0.26
1309,0.0011519999999999994,0.24,0.28
1310,0.0011551999999999995,0.26,0.28
1311,0.0011583999999999995,0.26,0.28
1312,0.0011615999999999996,0.28,0.3
1313,0.0011647999999999997,0.28,0.3
1314,0.0011679999999999998,0.28,0.32
1315,0.0011711999999999998,0.3,0.32
1316,0.0011744,0.3,0.32
1317,0.0011776,0.3,0.32
1318,0.0011808,0.32,0.34
1319,0.0011839999999999993,0.32,0.36
1320,0.0011871999999999994,0.34,0.36
1321,0.0011903999999999994,0.34,0.36
1322,0.0011935999999999995,0.36,0.36
1323,0.0011967999999999996,0.36,0.36
1324,0.0011999999999999997,0.36,0.38
1325,0.0012031999999999998,0.38,0.4
1326,0.0012063999999999998,0.38,0.4
1327,0.0012096,0.38,0.42
1328,0.0012128,0.4,0.42
1329,0.001216,0.4,0.44
1330,0.0012192000000000001,0.4,0.44
1331,0.0012223999999999994,0.42,0.42
1332,0.0012255999999999994,0.42,0.46
1333,0.0012287999999999995,0.44,0.46
1334,0.0012319999999999996,0.44,0.48
1335,0.0012351999999999997,0.44,0.48
1336,0.0012383999999999997,0.46,0.48
1337,0.0012415999999999998,0.46,0.5
1338,0.0012448,0.48,0.5
1339,0.001248,0.48,0.52
1340,0.0012512,0.5,0.52
1341,0.0012544000000000001,0.5,0.54
1342,0.0012575999999999993,0.52,0.54
1343,0.0012607999999999994,0.52,0.54
1344,0.0012639999999999995,0.52,0.56
1345,0.0012671999999999996,0.54,0.56
1346,0.0012703999999999997,0.54,0.58
1347,0.0012735999999999997,0.54,0.58
1348,0.0012767999999999998,0.56,0.58
1349,0.0012799999999999999,0.56,0.58
1350,0.0012832,0.58,0.6
1351,0.0012864,0.58,0.62
1352,0.0012896000000000001,0.6,0.6
1353,0.0012927999999999993,0.6,0.62
1354,0.0012959999999999994,0.62,0.64
1355,0.0012991999999999995,0.62,0.64
1356,0.0013023999999999996,0.6,0.66
1357,0.0013055999999999996,0.64,0.66
1358,0.0013087999999999997,0.64,0.68
1359,0.0013119999999999998,0.64,0.68
1360,0.0013151999999999999,0.66,0.68
1361,0.0013184,0.66,0.7000000000000001
1362,0.0013216,0.66,0.7000000000000001
1363,0.0013248000000000001,0.68,0.7000000000000001
1364,0.0013279999999999993,0.68,0.72
1365,0.0013311999999999994,0.7000000000000001,0.72
1366,0.0013343999999999995,0.7000000000000001,0.74
1367,0.0013375999999999996,0.72,0.74
1368,0.0013407999999999996,0.72,0.74
1369,0.0013439999999999997,0.72,0.76
1370,0.0013471999999999998,0.74,0.76
1371,0.0013503999999999999,0.74,0.78
1372,0.0013536,0.76,0.8
1373,0.0013568,0.76,0.8
1374,0.00136,0.76,0.8
1375,0.0013631999999999993,0.78,0.8200000000000001
1376,0.0013663999999999994,0.78,0.8200000000000001
1377,0.0013695999999999995,0.8,0.8200000000000001
1378,0.0013727999999999995,0.78,0.8200000000000001
1379,0.0013759999999999996,0.8,0.84
1380,0.0013791999999999997,0.8200000000000001,0.84
1381,0.0013823999999999998,0.8200000000000001,0.86
1382,0.0013855999999999999,0.8200000000000001,0.86
1383,0.0013888,0.84,0.86
1384,0.001392,0.84,0.88
1385,0.0013952,0.86,0.9
1386,0.0013983999999999993,0.84,0.9
1387,0.0014015999999999994,0.88,0.92
1388,0.0014047999999999995,0.88,0.92
1389,0.0014079999999999995,0.88,0.92
1390,0.0014111999999999996,0.9,0.92
1391,0.0014143999999999997,0.9,0.9400000000000001
1392,0.0014175999999999998,0.9,0.96
1393,0.0014207999999999998,0.92,0.96
1394,0.001424,0.92,0.98
1395,0.0014272,0.9400000000000001,0.98
1396,0.0014304,0.9400000000000001,0.98
1397,0.0014335999999999993,0.9400000000000001,1.0
1398,0.0014367999999999994,0.96,1.0
1399,0.0014399999999999994,0.96,1.0
1400,0.0014431999999999995,0.98,1.0
1401,0.0014463999999999996,0.98,1.04
1402,0.0014495999999999997,0.98,1.04
1403,0.0014527999999999998,1.0,1.04
1404,0.0014559999999999998,1.0,1.06
1405,0.0014592,1.0,1.04
1406,0.0014624,1.02,1.08
1407,0.0014656,1.02,1.08
1408,0.0014688000000000001,1.04,1.1
1409,0.0014719999999999994,1.06,1.08
1410,0.0014751999999999994,1.06,1.1
1411,0.0014783999999999995,1.06,1.12
1412,0.0014815999999999996,1.06,1.12
1413,0.0014847999999999997,1.08,1.12
1414,0.0014879999999999997,1.08,1.12
1415,0.0014911999999999998,1.1,1.1400000000000001
1416,0.0014944,1.1,1.16
1417,0.0014976,1.12,1.16
1418,0.0015008,1.12,1.16
1419,0.0015040000000000001,1.12,1.18
1420,0.0015071999999999993,1.12,1.18
1421,0.0015103999999999994,1.1400000000000001,1.18
1422,0.0015135999999999995,1.1400000000000001,1.2
1423,0.0015167999999999996,1.16,1.2
1424,0.0015199999999999997,1.1400000000000001,1.22
1425,0.0015231999999999997,1.18,1.22
1426,0.0015263999999999998,1.18,1.24
1427,0.0015295999999999999,1.18,1.24
1428,0.0015328,1.2,1.24
1429,0.001536,1.2,1.26
1430,0.0015392000000000001,1.22,1.28
1431,0.0015423999999999993,1.22,1.28
1432,0.0015455999999999994,1.22,1.28
1433,0.0015487999999999995,1.24,1.3
1434,0.0015519999999999996,1.24,1.3
1435,0.0015551999999999996,1.24,1.32
1436,0.0015583999999999997,1.26,1.32
1437,0.0015615999999999998,1.26,1.32
1438,0.0015647999999999999,1.28,1.34
1439,0.001568,1.28,1.34
1440,0.0015712,1.28,1.36
1441,0.0015744,1.3,1.36
1442,0.0015775999999999993,1.28,1.36
1443,0.0015807999999999994,1.3,1.3800000000000001
1444,0.0015839999999999995,1.32,1.3800000000000001
1445,0.0015871999999999995,1.32,1.3800000000000001
1446,0.0015903999999999996,1.32,1.4000000000000001
1447,0.0015935999999999997,1.34,1.42
1448,0.0015967999999999998,1.34,1.42
1449,0.0015999999999999999,1.36,1.42
1450,0.0016032,1.36,1.44
1451,0.0016064,1.3800000000000001,1.44
1452,0.0016096,1.3800000000000001,1.46
1453,0.0016127999999999993,1.3800000000000001,1.44
1454,0.0016159999999999994,1.4000000000000001,1.48
1455,0.0016191999999999995,1.4000000000000001,1.48
1456,0.0016223999999999995,1.42,1.48
1457,0.0016255999999999996,1.42,1.48
1458,0.0016287999999999997,1.42,1.5
1459,0.0016319999999999998,1.44,1.5
1460,0.0016351999999999998,1.44,1.52
1461,0.0016384,1.46,1.52
1462,0.0016416,1.46,1.54
1463,0.0016448,1.46,1.52
1464,0.0016479999999999993,1.48,1.56
1465,0.0016511999999999994,1.48,1.56
1466,0.0016543999999999994,1.5,1.56
1467,0.0016575999999999995,1.5,1.56
1468,0.0016607999999999996,1.5,1.58
1469,0.0016639999999999997,1.52,1.6
1470,0.0016671999999999998,1.52,1.6
1471,0.0016703999999999998,1.52,1.6
1472,0.0016736,1.54,1.6
1473,0.0016768,1.54,1.62
1474,0.00168,1.56,1.62
1475,0.0016831999999999993,1.56,1.6400000000000001
1476,0.0016863999999999994,1.58,1.6400000000000001
1477,0.0016895999999999994,1.58,1.6600000000000001
1478,0.0016927999999999995,1.58,1.6600000000000001
1479,0.0016959999999999996,1.6,1.68
1480,0.0016991999999999997,1.6,1.6600000000000001
1481,0.0017023999999999997,1.6,1.68
1482,0.0017055999999999998,1.62,1.68
1483,0.0017088,1.62,1.7
1484,0.001712,1.6400000000000001,1.7
1485,0.0017152,1.6400000000000001,1.72
1486,0.0017183999999999993,1.6400000000000001,1.72
1487,0.0017215999999999993,1.6600000000000001,1.72
1488,0.0017247999999999994,1.6600000000000001,1.74
1489,0.0017279999999999995,1.68,1.76
1490,0.0017311999999999996,1.68,1.76
1491,0.0017343999999999997,1.68,1.76
1492,0.0017375999999999997,1.7,1.78
1493,0.0017407999999999998,1.7,1.78
1494,0.0017439999999999999,1.7,1.8
1495,0.0017472,1.72,1.78
1496,0.0017504,1.74,1.8
1497,0.0017536000000000001,1.74,1.82
1498,0.0017567999999999993,1.74,1.82
1499,0.0017599999999999994,1.76,1.82
1500,0.0017631999999999995,1.76,1.84
1501,0.0017663999999999996,1.76,1.84
1502,0.0017695999999999996,1.78,1.86
1503,0.0017727999999999997,1.78,1.86
1504,0.0017759999999999998,1.78,1.8800000000000001
1505,0.0017791999999999999,1.8,1.8800000000000001
1506,0.0017824,1.8,1.8800000000000001
1507,0.0017856,1.82,1.9000000000000001
1508,0.0017888000000000001,1.82,1.9000000000000001
1509,0.0017919999999999993,1.82,1.92
1510,0.0017951999999999994,1.84,1.92
1511,0.0017983999999999995,1.84,1.94
1512,0.0018015999999999996,1.84,1.94
1513,0.0018047999999999996,1.86,1.96
1514,0.0018079999999999997,1.86,1.96
1515,0.0018111999999999998,1.8800000000000001,1.98
1516,0.0018143999999999999,1.8800000000000001,1.96
1517,0.0018176,1.9000000000000001,1.96
1518,0.0018208,1.8800000000000001,2.0
1519,0.001824,1.9000000000000001,2.0
1520,0.0018271999999999993,1.92,2.0
1521,0.0018303999999999994,1.92,2.02
1522,0.0018335999999999995,1.94,2.0
1523,0.0018367999999999995,1.94,2.04
1524,0.0018399999999999996,1.96,2.04
1525,0.0018431999999999997,1.96,2.06
1526,0.0018463999999999998,1.96,2.06
1527,0.0018495999999999999,1.98,2.06
1528,0.0018528,1.98,2.08
1529,0.001856,1.98,2.08
1530,0.0018592,1.98,2.1
1531,0.0018623999999999993,2.0,2.1
1532,0.0018655999999999994,2.02,2.1
1533,0.0018687999999999995,2.02,2.12
1534,0.0018719999999999995,2.02,2.12
1535,0.0018751999999999996,2.02,2.12
1536,0.0018783999999999997,2.04,2.14
1537,0.0018815999999999998,2.04,2.12
1538,0.0018847999999999998,2.06,2.16
1539,0.001888,2.08,2.16
1540,0.0018912,2.08,2.16
1541,0.0018944,2.08,2.18
1542,0.0018975999999999993,2.08,2.2
1543,0.0019007999999999994,2.1,2.2
1544,0.0019039999999999994,2.1,2.2
1545,0.0019071999999999995,2.12,2.2
1546,0.0019103999999999996,2.12,2.22
1547,0.0019135999999999997,2.14,2.22
1548,0.0019167999999999998,2.14,2.24
1549,0.0019199999999999998,2.14,2.24
1550,0.0019232,2.16,2.2600000000000002
1551,0.0019264,2.16,2.2600000000000002
1552,0.0019296,2.16,2.2600000000000002
1553,0.0019327999999999993,2.18,2.2600000000000002
1554,0.0019359999999999994,2.18,2.2800000000000002
1555,0.0019391999999999994,2.2,2.3000000000000003
1556,0.0019423999999999995,2.2,2.3000000000000003
1557,0.0019455999999999996,2.2,2.32
1558,0.0019487999999999997,2.22,2.32
1559,0.0019519999999999997,2.2,2.32
1560,0.0019552,2.24,2.32
1561,0.0019584,2.24,2.34
1562,0.0019616,2.24,2.36
1563,0.0019648,2.2600000000000002,2.36
1564,0.0019679999999999993,2.2600000000000002,2.36
1565,0.0019711999999999993,2.2600000000000002,2.38
1566,0.0019743999999999994,2.2800000000000002,2.38
1567,0.0019775999999999995,2.2800000000000002,2.38
1568,0.0019807999999999996,2.3000000000000003,2.4
1569,0.0019839999999999997,2.3000000000000003,2.4
1570,0.0019871999999999997,2.32,2.42
1571,0.0019904,2.3000000000000003,2.42
1572,0.0019936,2.32,2.42
1573,0.0019968,2.34,2.44
1574,0.002,2.34,2.44
1575,0.0020031999999999993,2.34,2.46
1576,0.0020063999999999993,2.36,2.46
1577,0.0020095999999999994,2.36,2.46
1578,0.0020127999999999995,2.36,2.48
1579,0.0020159999999999996,2.38,2.48
1580,0.0020191999999999996,2.38,2.5
1581,0.0020223999999999997,2.4,2.52
1582,0.0020256,2.4,2.5
1583,0.0020288,2.4,2.52
1584,0.002032,2.42,2.52
1585,0.0020352,2.42,2.52
1586,0.0020384,2.42,2.56
1587,0.0020415999999999993,2.44,2.56
1588,0.0020447999999999994,2.44,2.56
1589,0.0020479999999999995,2.46,2.56
1590,0.0020511999999999996,2.46,2.58
1591,0.0020543999999999996,2.48,2.58
1592,0.0020575999999999997,2.48,2.6
1593,0.0020608,2.48,2.6
1594,0.002064,2.5,2.6
1595,0.0020672,2.5,2.62
1596,0.0020704,2.5,2.64
1597,0.0020736,2.5,2.62
1598,0.0020767999999999993,2.52,2.64
1599,0.0020799999999999994,2.52,2.64
1600,0.0020831999999999995,2.52,2.64
1601,0.0020863999999999995,2.52,2.68
1602,0.0020895999999999996,2.54,2.66
1603,0.0020927999999999997,2.54,2.68
1604,0.0020959999999999998,2.56,2.68
1605,0.0020992,2.58,2.7
1606,0.0021024,2.58,2.7
1607,0.0021056,2.6,2.72
1608,0.0021088,2.6,2.72
1609,0.0021119999999999993,2.6,2.72
1610,0.0021151999999999994,2.62,2.74
1611,0.0021183999999999995,2.62,2.74
1612,0.0021215999999999995,2.62,2.7600000000000002
1613,0.0021247999999999996,2.64,2.7600000000000002
1614,0.0021279999999999997,2.64,2.7600000000000002
1615,0.0021311999999999998,2.66,2.7800000000000002
1616,0.0021344,2.66,2.8000000000000003
1617,0.0021376,2.66,2.7800000000000002
1618,0.0021408,2.68,2.82
1619,0.002144,2.7,2.8000000000000003
1620,0.0021471999999999993,2.68,2.82
1621,0.0021503999999999994,2.72,2.82
1622,0.0021535999999999994,2.7,2.84
1623,0.0021567999999999995,2.7,2.84
1624,0.0021599999999999996,2.72,2.86
1625,0.0021631999999999997,2.72,2.86
1626,0.0021663999999999997,2.7600000000000002,2.86
1627,0.0021696,2.74,2.86
1628,0.0021728,2.74,2.88
1629,0.002176,2.7600000000000002,2.88
1630,0.0021792,2.7800000000000002,2.9
1631,0.0021823999999999993,2.7800000000000002,2.9
1632,0.0021855999999999993,2.7800000000000002,2.92
1633,0.0021887999999999994,2.8000000000000003,2.92
1634,0.0021919999999999995,2.8000000000000003,2.92
1635,0.0021951999999999996,2.8000000000000003,2.94
1636,0.0021983999999999997,2.82,2.96
1637,0.0022015999999999997,2.82,2.96
1638,0.0022048,2.84,2.96
1639,0.002208,2.86,2.98
1640,0.0022112,2.84,2.98
1641,0.0022144,2.86,2.98
1642,0.0022175999999999993,2.86,3.0
1643,0.0022207999999999993,2.88,3.02
1644,0.0022239999999999994,2.88,3.02
1645,0.0022271999999999995,2.88,3.02
1646,0.0022303999999999996,2.9,3.02
1647,0.0022335999999999996,2.9,3.02
1648,0.0022367999999999997,2.92,3.04
1649,0.00224,2.92,3.06
1650,0.0022432,2.92,3.06
1651,0.0022464,2.94,3.06
1652,0.0022496,2.94,3.08
1653,0.0022527999999999992,2.94,3.08
1654,0.0022559999999999993,2.98,3.08
1655,0.0022591999999999994,2.96,3.1
1656,0.0022623999999999995,2.96,3.12
1657,0.0022655999999999996,3.0,3.12
1658,0.0022687999999999996,2.98,3.12
1659,0.0022719999999999997,3.0,3.14
1660,0.0022752,3.0,3.14
1661,0.0022784,3.0,3.16
1662,0.0022816,3.02,3.16
1663,0.0022848,3.04,3.16
1664,0.0022879999999999992,3.02,3.18
1665,0.0022911999999999993,3.04,3.18
1666,0.0022943999999999994,3.06,3.2
1667,0.0022975999999999995,3.06,3.2
1668,0.0023007999999999995,3.06,3.2
1669,0.0023039999999999996,3.08,3.22
1670,0.0023071999999999997,3.1,3.22
1671,0.0023103999999999998,3.1,3.24
1672,0.0023136,3.1,3.2600000000000002
1673,0.0023168,3.1,3.24
1674,0.00232,3.12,3.2800000000000002
1675,0.0023232,3.14,3.2600000000000002
1676,0.0023263999999999993,3.14,3.2800000000000002
1677,0.0023295999999999994,3.14,3.2800000000000002
1678,0.0023327999999999995,3.14,3.3000000000000003
1679,0.0023359999999999995,3.16,3.3200000000000003
1680,0.0023391999999999996,3.18,3.3000000000000003
1681,0.0023423999999999997,3.18,3.3200000000000003
1682,0.0023455999999999998,3.18,3.3200000000000003
1683,0.0023488,3.18,3.34
1684,0.002352,3.2,3.34
1685,0.0023552,3.2,3.36
1686,0.0023584,3.24,3.36
1687,0.0023615999999999993,3.22,3.36
1688,0.0023647999999999994,3.24,3.38
1689,0.0023679999999999994,3.24,3.38
1690,0.0023711999999999995,3.24,3.4
1691,0.0023743999999999996,3.2600000000000002,3.42
1692,0.0023775999999999997,3.2600000000000002,3.42
1693,0.0023807999999999998,3.2800000000000002,3.42
1694,0.002384,3.2800000000000002,3.42
1695,0.0023872,3.2800000000000002,3.44
1696,0.0023904,3.2800000000000002,3.46
1697,0.0023936,3.3200000000000003,3.46
1698,0.0023967999999999993,3.3000000000000003,3.46
1699,0.0023999999999999994,3.3200000000000003,3.46
1700,0.0024031999999999994,3.3200000000000003,3.48
1701,0.0024063999999999995,3.34,3.5
1702,0.0024095999999999996,3.34,3.48
1703,0.0024127999999999997,3.36,3.5
1704,0.0024159999999999997,3.36,3.5
1705,0.0024192,3.36,3.52
1706,0.0024224,3.38,3.52
1707,0.0024256,3.38,3.52
1708,0.0024288,3.38,3.54
1709,0.0024319999999999993,3.4,3.54
1710,0.0024351999999999993,3.4,3.56
1711,0.0024383999999999994,3.42,3.56
1712,0.0024415999999999995,3.42,3.56
1713,0.0024447999999999996,3.42,3.58
1714,0.0024479999999999997,3.44,3.58
1715,0.0024511999999999997,3.44,3.6
1716,0.0024544,3.46,3.6
1717,0.0024576,3.48,3.62
1718,0.0024608,3.46,3.62
1719,0.002464,3.48,3.62
1720,0.0024671999999999993,3.48,3.64
1721,0.0024703999999999993,3.5,3.64
1722,0.0024735999999999994,3.5,3.66
1723,0.0024767999999999995,3.5,3.66
1724,0.0024799999999999996,3.52,3.66
1725,0.0024831999999999996,3.52,3.68
1726,0.0024863999999999997,3.52,3.68
1727,0.0024896,3.54,3.7
1728,0.0024928,3.54,3.7
1729,0.002496,3.56,3.72
1730,0.0024992,3.56,3.72
1731,0.0025023999999999992,3.58,3.74
1732,0.0025055999999999993,3.56,3.74
1733,0.0025087999999999994,3.58,3.74
1734,0.0025119999999999995,3.58,3.7600000000000002
1735,0.0025151999999999996,3.6,3.7600000000000002
1736,0.0025183999999999996,3.6,3.7800000000000002
1737,0.0025215999999999997,3.62,3.7800000000000002
1738,0.0025248,3.62,3.7800000000000002
1739,0.002528,3.62,3.8000000000000003
1740,0.0025312,3.64,3.8200000000000003
1741,0.0025344,3.64,3.8200000000000003
1742,0.0025375999999999992,3.66,3.84
1743,0.0025407999999999993,3.66,3.84
1744,0.0025439999999999994,3.68,3.84
1745,0.0025471999999999995,3.7,3.84
1746,0.0025503999999999995,3.7,3.86
1747,0.0025535999999999996,3.7,3.86
1748,0.0025567999999999997,3.7,3.88
1749,0.0025599999999999998,3.7,3.88
1750,0.0025632,3.72,3.9
1751,0.0025664,3.74,3.9
1752,0.0025696,3.72,3.9
1753,0.0025728,3.74,3.92
1754,0.0025759999999999993,3.7600000000000002,3.92
1755,0.0025791999999999994,3.7600000000000002,3.94
1756,0.0025823999999999995,3.7800000000000002,3.94
1757,0.0025855999999999995,3.7800000000000002,3.94
1758,0.0025887999999999996,3.7800000000000002,3.96
1759,0.0025919999999999997,3.7800000000000002,3.96
1760,0.0025951999999999998,3.8000000000000003,3.96
1761,0.0025984,3.8200000000000003,3.98
1762,0.0026016,3.8200000000000003,3.98
1763,0.0026048,3.8200000000000003,4.0
1764,0.002608,3.8200000000000003,4.0
1765,0.0026111999999999993,3.84,4.0
1766,0.0026143999999999994,3.86,4.0200000000000005
1767,0.0026175999999999994,3.86,4.04
1768,0.0026207999999999995,3.88,4.04
1769,0.0026239999999999996,3.88,4.04
1770,0.0026271999999999997,3.88,4.0600000000000005
1771,0.0026303999999999998,3.88,4.0600000000000005
1772,0.0026336,3.9,4.0600000000000005
1773,0.0026368,3.9,4.08
1774,0.00264,3.9,4.08
1775,0.0026432,3.92,4.1
1776,0.0026463999999999993,3.94,4.1
1777,0.0026495999999999994,3.94,4.12
1778,0.0026527999999999994,3.94,4.12
1779,0.0026559999999999995,3.94,4.14
1780,0.0026591999999999996,3.96,4.14
1781,0.0026623999999999997,3.98,4.14
1782,0.0026655999999999997,3.98,4.16
1783,0.0026688,3.98,4.16
1784,0.002672,4.0,4.16
1785,0.0026752,4.0,4.2
1786,0.0026784,4.0,4.18
1787,0.0026815999999999993,4.0200000000000005,4.2
1788,0.0026847999999999993,4.0200000000000005,4.2
1789,0.0026879999999999994,4.0200000000000005,4.2
1790,0.0026911999999999995,4.04,4.22
1791,0.0026943999999999996,4.04,4.22
1792,0.0026975999999999997,4.04,4.24
1793,0.0027007999999999997,4.0600000000000005,4.24
1794,0.002704,4.0600000000000005,4.26
1795,0.0027072,4.08,4.26
1796,0.0027104,4.08,4.26
1797,0.0027136,4.08,4.28
1798,0.0027167999999999993,4.1,4.28
1799,0.0027199999999999993,4.1,4.3
1800,0.0027231999999999994,4.12,4.3
1801,0.0027263999999999995,4.12,4.3
1802,0.0027295999999999996,4.12,4.3
1803,0.0027327999999999996,4.14,4.32
1804,0.0027359999999999997,4.16,4.32
1805,0.0027392,4.14,4.34
1806,0.0027424,4.16,4.36
1807,0.0027456,4.18,4.36
1808,0.0027488,4.18,4.36
1809,0.0027519999999999992,4.18,4.38
1810,0.0027551999999999993,4.2,4.38
1811,0.0027583999999999994,4.2,4.38
1812,0.0027615999999999995,4.2,4.4
1813,0.0027647999999999995,4.22,4.4
1814,0.0027679999999999996,4.22,4.42
1815,0.0027711999999999997,4.24,4.42
1816,0.0027743999999999998,4.24,4.42
1817,0.0027776,4.24,4.44
1818,0.0027808,4.26,4.46
1819,0.002784,4.26,4.46
1820,0.0027871999999999992,4.28,4.46
1821,0.0027903999999999993,4.28,4.48
1822,0.0027935999999999994,4.28,4.48
1823,0.0027967999999999995,4.3,4.5
1824,0.0027999999999999995,4.3,4.5
1825,0.0028031999999999996,4.3,4.5
1826,0.0028063999999999997,4.32,4.5200000000000005
1827,0.0028095999999999998,4.32,4.54
1828,0.0028128,4.34,4.54
1829,0.002816,4.34,4.54
1830,0.0028192,4.34,4.54
1831,0.002822399999999999,4.36,4.5600000000000005
1832,0.0028255999999999993,4.36,4.5600000000000005
1833,0.0028287999999999994,4.38,4.58
1834,0.0028319999999999994,4.38,4.58
1835,0.0028351999999999995,4.38,4.6000000000000005
1836,0.0028383999999999996,4.4,4.6000000000000005
1837,0.0028415999999999997,4.4,4.62
1838,0.0028447999999999998,4.42,4.62
1839,0.002848,4.42,4.62
1840,0.0028512,4.42,4.64
1841,0.0028544,4.44,4.64
1842,0.0028576,4.44,4.64
1843,0.0028607999999999993,4.46,4.66
1844,0.0028639999999999994,4.46,4.68
1845,0.0028671999999999994,4.46,4.66
1846,0.0028703999999999995,4.48,4.68
1847,0.0028735999999999996,4.48,4.68
1848,0.0028767999999999997,4.5,4.7
1849,0.0028799999999999997,4.5,4.7
1850,0.0028832,4.5200000000000005,4.7
1851,0.0028864,4.5200000000000005,4.72
1852,0.0028896,4.5200000000000005,4.74
1853,0.0028928,4.5200000000000005,4.74
1854,0.0028959999999999993,4.54,4.74
1855,0.0028991999999999993,4.54,4.76
1856,0.0029023999999999994,4.5600000000000005,4.76
1857,0.0029055999999999995,4.5600000000000005,4.78
1858,0.0029087999999999996,4.58,4.78
1859,0.0029119999999999997,4.58,4.78
1860,0.0029151999999999997,4.58,4.8
1861,0.0029184,4.6000000000000005,4.8
1862,0.0029216,4.6000000000000005,4.8
1863,0.0029248,4.62,4.82
1864,0.002928,4.64,4.82
1865,0.0029311999999999993,4.62,4.84
1866,0.0029343999999999993,4.64,4.84
1867,0.0029375999999999994,4.64,4.86
1868,0.0029407999999999995,4.64,4.86
1869,0.0029439999999999996,4.68,4.86
1870,0.0029471999999999996,4.66,4.88
1871,0.0029503999999999997,4.7,4.88
1872,0.0029536,4.7,4.9
1873,0.0029568,4.68,4.9
1874,0.00296,4.7,4.9
1875,0.0029632,4.72,4.92
1876,0.0029663999999999992,4.72,4.92
1877,0.0029695999999999993,4.72,4.94
1878,0.0029727999999999994,4.74,4.94
1879,0.0029759999999999995,4.74,4.94
1880,0.0029791999999999996,4.74,4.96
1881,0.0029823999999999996,4.76,4.96
1882,0.0029855999999999997,0.64,0.04
1883,0.0029888,0.06,0.04
1884,0.002992,0.06,0.06
1885,0.0029952,0.06,0.06
1886,0.0029984,0.06,0.06
1887,0.0030015999999999992,0.06,0.06
1888,0.0030047999999999993,0.06,0.08
1889,0.0030079999999999994,0.06,0.06
1890,0.0030111999999999995,0.08,0.08
1891,0.0030143999999999995,0.08,0.08
1892,0.0030175999999999996,0.1,0.1
1893,0.0030207999999999997,0.1,0.1
1894,0.0030239999999999998,0.1,0.12
1895,0.0030272,0.12,0.12
1896,0.0030304,0.12,0.12
1897,0.0030336,0.1,0.14
1898,0.0030367999999999992,0.12,0.14
1899,0.0030399999999999993,0.14,0.16
1900,0.0030431999999999994,0.14,0.16
1901,0.0030463999999999995,0.14,0.16
1902,0.0030495999999999995,0.16,0.18
1903,0.0030527999999999996,0.16,0.18
1904,0.0030559999999999997,0.16,0.2
1905,0.0030591999999999998,0.18,0.2
1906,0.0030624,0.18,0.2
1907,0.0030656,0.2,0.22
1908,0.0030688,0.2,0.24
1909,0.003071999999999999,0.22,0.24
1910,0.0030751999999999993,0.22,0.24
1911,0.0030783999999999994,0.22,0.24
1912,0.0030815999999999994,0.22,0.26
1913,0.0030847999999999995,0.24,0.28
1914,0.0030879999999999996,0.24,0.28
1915,0.0030911999999999997,0.26,0.28
1916,0.0030943999999999998,0.28,0.3
1917,0.0030976,0.28,0.3
1918,0.0031008,0.28,0.3
1919,0.003104,0.3,0.3
1920,0.0031072,0.3,0.32
1921,0.0031103999999999993,0.3,0.34
1922,0.0031135999999999994,0.32,0.34
1923,0.0031167999999999994,0.32,0.34
1924,0.0031199999999999995,0.32,0.36
1925,0.0031231999999999996,0.34,0.36
1926,0.0031263999999999997,0.36,0.38
1927,0.0031295999999999997,0.34,0.36
1928,0.0031328,0.36,0.38
1929,0.003136,0.36,0.4
1930,0.0031392,0.38,0.4
1931,0.0031424,0.38,0.42
1932,0.0031455999999999993,0.4,0.42
1933,0.0031487999999999993,0.4,0.42
1934,0.0031519999999999994,0.4,0.44
1935,0.0031551999999999995,0.42,0.44
1936,0.0031583999999999996,0.42,0.46
1937,0.0031615999999999997,0.44,0.46
1938,0.0031647999999999997,0.44,0.48
1939,0.003168,0.44,0.48
1940,0.0031712,0.46,0.48
1941,0.0031744,0.46,0.5
1942,0.0031776,0.46,0.5
1943,0.0031807999999999993,0.48,0.52
1944,0.0031839999999999993,0.5,0.52
1945,0.0031871999999999994,0.5,0.54
1946,0.0031903999999999995,0.52,0.54
1947,0.0031935999999999996,0.52,0.54
1948,0.0031967999999999996,0.52,0.56
1949,0.0031999999999999997,0.54,0.56
1950,0.0032032,0.54,0.58
1951,0.0032064,0.54,0.56
1952,0.0032096,0.56,0.6
1953,0.0032128,0.56,0.6
1954,0.0032159999999999992,0.56,0.6
1955,0.0032191999999999993,0.58,0.6
1956,0.0032223999999999994,0.58,0.62
1957,0.0032255999999999995,0.6,0.62
1958,0.0032287999999999996,0.58,0.64
1959,0.0032319999999999996,0.62,0.64
1960,0.0032351999999999997,0.62,0.64
1961,0.0032384,0.62,0.66
1962,0.0032416,0.64,0.66
1963,0.0032448,0.64,0.68
1964,0.003248,0.66,0.68
1965,0.0032511999999999992,0.66,0.7000000000000001
1966,0.0032543999999999993,0.66,0.7000000000000001
1967,0.0032575999999999994,0.68,0.7000000000000001
1968,0.0032607999999999995,0.68,0.7000000000000001
1969,0.0032639999999999995,0.68,0.72
1970,0.0032671999999999996,0.68,0.74
1971,0.0032703999999999997,0.7000000000000001,0.74
1972,0.0032735999999999998,0.72,0.76
1973,0.0032768,0.72,0.74
1974,0.00328,0.72,0.76
1975,0.0032832,0.74,0.78
1976,0.0032863999999999992,0.74,0.76
1977,0.0032895999999999993,0.76,0.8
1978,0.0032927999999999994,0.76,0.78
1979,0.0032959999999999995,0.76,0.8
1980,0.0032991999999999995,0.78,0.8200000000000001
1981,0.0033023999999999996,0.78,0.8200000000000001
1982,0.0033055999999999997,0.8,0.84
1983,0.0033087999999999998,0.8,0.84
1984,0.003312,0.8,0.84
1985,0.0033152,0.8200000000000001,0.86
1986,0.0033184,0.8200000000000001,0.86
1987,0.003321599999999999,0.84,0.88
1988,0.0033247999999999993,0.8200000000000001,0.88
1989,0.0033279999999999994,0.84,0.88
1990,0.0033311999999999994,0.86,0.92
1991,0.0033343999999999995,0.86,0.9
1992,0.0033375999999999996,0.88,0.92
1993,0.0033407999999999997,0.88,0.92
1994,0.0033439999999999998,0.9,0.9400000000000001
1995,0.0033472,0.9,0.9400000000000001
1996,0.0033504,0.9,0.9400000000000001
1997,0.0033536,0.92,0.96
1998,0.003356799999999999,0.92,0.96
1999,0.0033599999999999993,2.7800000000000002,0.98
