,time,v1,v2
0,2.4e-06,2.42,2.58
1,2.56e-06,2.44,2.6
2,2.72e-06,2.44,2.62
3,2.88e-06,2.46,2.64
4,3.0399999999999997e-06,2.48,2.64
5,3.2e-06,2.48,2.66
6,3.36e-06,2.48,2.68
7,3.52e-06,2.5,2.68
8,3.68e-06,2.52,2.7
9,3.84e-06,2.52,2.72
10,4e-06,2.54,2.74
11,4.16e-06,2.58,2.74
12,4.32e-06,2.58,2.7600000000000002
13,4.4799999999999995e-06,2.6,2.7800000000000002
14,4.64e-06,2.62,2.7800000000000002
15,4.8e-06,2.64,2.82
16,4.96e-06,2.64,2.82
17,5.12e-06,2.64,2.84
18,5.28e-06,2.66,2.86
19,5.4400000000000004e-06,2.68,2.86
20,5.6e-06,2.68,2.88
21,5.76e-06,2.72,2.9
22,5.92e-06,2.72,2.9
23,6.079999999999999e-06,2.74,2.92
24,6.24e-06,2.74,2.94
25,6.4e-06,2.7800000000000002,2.96
26,6.56e-06,2.8000000000000003,2.98
27,6.72e-06,2.8000000000000003,2.98
28,6.88e-06,2.8000000000000003,3.02
29,7.04e-06,2.82,3.02
30,7.2e-06,2.84,3.04
31,7.36e-06,2.86,3.06
32,7.52e-06,2.88,3.06
33,7.680000000000001e-06,2.88,3.08
34,7.84e-06,2.9,3.1
35,8e-06,2.92,3.1
36,8.16e-06,2.92,3.14
37,8.32e-06,2.94,3.14
38,8.48e-06,2.96,3.16
39,8.64e-06,2.98,3.18
40,8.8e-06,2.98,3.18
41,8.959999999999999e-06,3.0,3.2
42,9.12e-06,3.02,3.22
43,9.28e-06,3.02,3.24
44,9.440000000000001e-06,3.04,3.2600000000000002
45,9.6e-06,3.06,3.2600000000000002
46,9.76e-06,3.08,3.3000000000000003
47,9.92e-06,3.1,3.3000000000000003
48,1.0080000000000002e-05,3.12,3.3200000000000003
49,1.024e-05,3.12,3.34
50,1.0399999999999999e-05,3.14,3.34
51,1.056e-05,3.16,3.36
52,1.0719999999999999e-05,3.16,3.38
53,1.0880000000000001e-05,3.18,3.4
54,1.104e-05,3.2,3.4
55,1.1200000000000001e-05,3.22,3.42
56,1.136e-05,3.22,3.44
57,1.1520000000000002e-05,3.24,3.46
58,1.168e-05,3.2600000000000002,3.46
59,1.1839999999999998e-05,3.2600000000000002,3.5
60,1.2e-05,3.2800000000000002,3.5
61,1.2159999999999999e-05,3.3000000000000003,3.5
62,1.232e-05,3.3200000000000003,3.52
63,1.2479999999999999e-05,3.34,3.56
64,1.2640000000000001e-05,3.34,3.56
65,1.28e-05,3.36,3.58
66,1.2960000000000001e-05,3.38,3.58
67,1.312e-05,3.38,3.6
68,1.3280000000000002e-05,3.4,3.62
69,1.344e-05,3.42,3.64
70,1.3599999999999999e-05,3.44,3.66
71,1.376e-05,3.44,3.66
72,1.3919999999999999e-05,3.46,3.68
73,1.408e-05,3.48,3.7
74,1.424e-05,3.48,3.72
75,1.4400000000000001e-05,3.52,3.72
76,1.456e-05,3.52,3.7600000000000002
77,1.4720000000000001e-05,3.54,3.7600000000000002
78,1.488e-05,3.54,3.7800000000000002
79,1.5040000000000002e-05,3.58,3.8000000000000003
80,1.52e-05,3.58,3.8000000000000003
81,1.536e-05,3.58,3.84
82,1.552e-05,3.6,3.84
83,1.568e-05,3.62,3.86
84,1.584e-05,3.64,3.88
85,1.6e-05,3.66,3.9
86,1.616e-05,3.66,3.9
87,1.632e-05,3.68,3.92
88,1.648e-05,3.7,3.92
89,1.664e-05,3.7,3.94
90,1.6800000000000002e-05,3.72,3.96
91,1.696e-05,3.74,3.98
92,1.712e-05,3.7600000000000002,3.98
93,1.728e-05,3.7800000000000002,4.0
94,1.744e-05,3.7800000000000002,4.0200000000000005
95,1.76e-05,3.8000000000000003,4.0200000000000005
96,1.7760000000000003e-05,3.8200000000000003,4.04
97,1.792e-05,3.84,4.0600000000000005
98,1.808e-05,3.84,4.08
99,1.824e-05,3.86,4.1
100,1.84e-05,3.88,4.12
101,1.8560000000000002e-05,3.88,4.12
102,1.872e-05,3.92,4.14
103,1.8880000000000002e-05,3.92,4.16
104,1.904e-05,3.92,4.16
105,1.9200000000000003e-05,3.94,4.18
106,1.936e-05,3.98,4.2
107,1.952e-05,3.98,4.22
108,1.968e-05,3.98,4.24
109,1.984e-05,4.0200000000000005,4.26
110,2e-05,4.0200000000000005,4.26
111,2.016e-05,4.04,4.28
112,2.0320000000000002e-05,4.04,4.3
113,2.048e-05,4.0600000000000005,4.32
114,2.0640000000000002e-05,4.08,4.32
115,2.08e-05,4.1,4.34
116,2.0960000000000003e-05,4.1,4.36
117,2.112e-05,4.12,4.38
118,2.128e-05,4.14,4.38
119,2.144e-05,4.16,4.4
120,2.16e-05,4.16,4.42
121,2.1760000000000002e-05,4.18,4.44
122,2.192e-05,4.2,4.44
123,2.2080000000000002e-05,4.22,4.46
124,2.224e-05,4.22,4.48
125,2.2400000000000002e-05,4.24,4.5
126,2.256e-05,4.28,4.5200000000000005
127,2.2720000000000003e-05,4.26,4.54
128,2.288e-05,4.28,4.54
129,2.304e-05,4.3,4.5600000000000005
130,2.32e-05,4.32,4.58
131,2.336e-05,4.32,4.58
132,2.3520000000000002e-05,4.34,4.6000000000000005
133,2.368e-05,4.36,4.62
134,2.3840000000000002e-05,4.38,4.64
135,2.4e-05,4.4,4.64
136,2.4160000000000002e-05,4.4,4.66
137,2.432e-05,4.42,4.68
138,2.4480000000000003e-05,4.42,4.7
139,2.464e-05,4.44,4.7
140,2.48e-05,4.46,4.72
141,2.496e-05,4.48,4.74
142,2.512e-05,4.48,4.76
143,2.5280000000000002e-05,4.5,4.78
144,2.544e-05,4.5200000000000005,4.78
145,2.5600000000000002e-05,4.54,4.8
146,2.576e-05,4.54,4.82
147,2.5920000000000003e-05,4.58,4.84
148,2.608e-05,4.58,4.86
149,2.6240000000000003e-05,4.6000000000000005,4.86
150,2.64e-05,4.6000000000000005,4.88
151,2.656e-05,4.62,4.9
152,2.672e-05,4.64,4.92
153,2.688e-05,4.66,4.92
154,2.7040000000000002e-05,4.66,4.94
155,2.72e-05,4.68,4.96
156,2.7360000000000002e-05,3.94,0.08
157,2.752e-05,2.92,0.08
158,2.7680000000000003e-05,2.2,0.1
159,2.784e-05,1.68,0.1
160,2.8e-05,1.28,0.12
161,2.816e-05,1.02,0.12
162,2.832e-05,0.8200000000000001,0.14
163,2.8480000000000002e-05,0.66,0.16
164,2.864e-05,0.54,0.16
165,2.8800000000000002e-05,0.46,0.18
166,2.896e-05,0.4,0.18
167,2.9120000000000002e-05,0.36,0.2
168,2.928e-05,0.34,0.22
169,2.9440000000000003e-05,0.32,0.24
170,2.96e-05,0.32,0.24
171,2.976e-05,0.3,0.26
172,2.992e-05,0.3,0.28
173,3.008e-05,0.32,0.28
174,3.0240000000000002e-05,0.32,0.3
175,3.04e-05,0.32,0.32
176,3.056e-05,0.32,0.34
177,3.072e-05,0.34,0.34
178,3.088e-05,0.34,0.36
179,3.104e-05,0.36,0.38
180,3.12e-05,0.38,0.4
181,3.136e-05,0.38,0.42
182,3.1519999999999996e-05,0.4,0.42
183,3.168e-05,0.4,0.44
184,3.184e-05,0.42,0.46
185,3.2e-05,0.42,0.48
186,3.216e-05,0.44,0.48
187,3.232e-05,0.46,0.52
188,3.248e-05,0.48,0.52
189,3.264e-05,0.48,0.54
190,3.28e-05,0.48,0.56
191,3.2959999999999996e-05,0.52,0.58
192,3.312e-05,0.52,0.58
193,3.328e-05,0.54,0.6
194,3.344e-05,0.56,0.6
195,3.36e-05,0.56,0.64
196,3.3759999999999995e-05,0.58,0.64
197,3.392e-05,0.58,0.64
198,3.408e-05,0.62,0.66
199,3.424e-05,0.62,0.7000000000000001
200,3.4399999999999996e-05,0.64,0.7000000000000001
201,3.456e-05,0.66,0.72
202,3.472e-05,0.66,0.74
203,3.488e-05,0.66,0.76
204,3.5039999999999997e-05,0.7000000000000001,0.76
205,3.5199999999999995e-05,0.72,0.78
206,3.536e-05,0.72,0.8
207,3.552e-05,0.72,0.8200000000000001
208,3.568e-05,0.76,0.84
209,3.5839999999999996e-05,0.78,0.84
210,3.6e-05,0.78,0.86
211,3.616e-05,0.8,0.88
212,3.632e-05,0.8200000000000001,0.9
213,3.6479999999999996e-05,0.84,0.9
214,3.6639999999999995e-05,0.84,0.92
215,3.68e-05,0.86,0.9400000000000001
216,3.696e-05,0.88,0.96
217,3.712e-05,0.88,0.96
218,3.7279999999999995e-05,0.9,0.98
219,3.744e-05,0.9,1.0
220,3.76e-05,0.9400000000000001,1.02
221,3.776e-05,0.9400000000000001,1.04
222,3.7919999999999996e-05,0.96,1.04
223,3.808e-05,0.96,1.06
224,3.824e-05,0.98,1.08
225,3.84e-05,1.0,1.08
226,3.856e-05,1.02,1.1
227,3.8719999999999995e-05,1.02,1.12
228,3.888e-05,1.04,1.1400000000000001
229,3.904e-05,1.06,1.1400000000000001
230,3.92e-05,1.06,1.16
231,3.9359999999999996e-05,1.06,1.16
232,3.952e-05,1.1,1.18
233,3.968e-05,1.12,1.22
234,3.984e-05,1.12,1.22
235,3.9999999999999996e-05,1.1400000000000001,1.24
236,4.0159999999999995e-05,1.1400000000000001,1.26
237,4.032e-05,1.18,1.28
238,4.048e-05,1.18,1.28
239,4.064e-05,1.2,1.3
240,4.0799999999999996e-05,1.22,1.32
241,4.096e-05,1.24,1.32
242,4.112e-05,1.24,1.36
243,4.128e-05,1.26,1.36
244,4.1439999999999996e-05,1.26,1.3800000000000001
245,4.16e-05,1.28,1.3800000000000001
246,4.176e-05,1.3,1.42
247,4.192e-05,1.32,1.42
248,4.208e-05,1.32,1.44
249,4.2239999999999995e-05,1.34,1.46
250,4.24e-05,1.36,1.48
251,4.256e-05,1.36,1.5
252,4.272e-05,1.36,1.5
253,4.2879999999999996e-05,1.4000000000000001,1.52
254,4.304e-05,1.42,1.54
255,4.32e-05,1.42,1.52
256,4.336e-05,1.42,1.56
257,4.352e-05,1.44,1.56
258,4.3679999999999995e-05,1.48,1.6
259,4.384e-05,1.48,1.6
260,4.4e-05,1.5,1.62
261,4.416e-05,1.52,1.6400000000000001
262,4.4319999999999996e-05,1.52,1.6600000000000001
263,4.448e-05,1.54,1.6600000000000001
264,4.464e-05,1.56,1.6600000000000001
265,4.48e-05,1.56,1.7
266,4.4959999999999996e-05,1.58,1.72
267,4.5119999999999995e-05,1.6,1.72
268,4.528e-05,1.62,1.72
269,4.544e-05,1.62,1.76
270,4.56e-05,1.6400000000000001,1.76
271,4.5759999999999996e-05,1.6600000000000001,1.78
272,4.592e-05,1.6600000000000001,1.8
273,4.608e-05,1.68,1.8
274,4.624e-05,1.7,1.84
275,4.6399999999999996e-05,1.72,1.84
276,4.656e-05,1.74,1.86
277,4.672e-05,1.74,1.8800000000000001
278,4.688e-05,1.74,1.8800000000000001
279,4.704e-05,1.76,1.9000000000000001
280,4.7199999999999995e-05,1.78,1.92
281,4.736e-05,1.8,1.94
282,4.752e-05,1.82,1.96
283,4.768e-05,1.82,1.98
284,4.7839999999999996e-05,1.84,1.98
285,4.8e-05,1.84,2.0
286,4.816e-05,1.86,2.0
287,4.832e-05,1.9000000000000001,2.02
288,4.848e-05,1.9000000000000001,2.04
289,4.8639999999999995e-05,1.92,2.04
290,4.88e-05,1.94,2.08
291,4.896e-05,1.94,2.1
292,4.912e-05,1.94,2.1
293,4.9279999999999996e-05,1.98,2.12
294,4.944e-05,2.0,2.14
295,4.96e-05,2.0,2.16
296,4.976e-05,2.02,2.16
297,4.9919999999999996e-05,2.04,2.2
298,5.008e-05,2.02,2.2
299,5.024e-05,2.04,2.22
300,5.04e-05,2.08,2.22
301,5.056e-05,2.1,2.24
302,5.0719999999999996e-05,2.1,2.2600000000000002
303,5.088e-05,2.12,2.2800000000000002
304,5.104e-05,2.14,2.3000000000000003
305,5.12e-05,2.14,2.3000000000000003
306,5.1359999999999996e-05,2.16,2.32
307,5.152e-05,2.18,2.34
308,5.168e-05,2.18,2.36
309,5.184e-05,2.2,2.36
310,5.2e-05,2.22,2.36
311,5.2159999999999995e-05,2.24,2.4
312,5.232e-05,2.2600000000000002,2.4
313,5.248e-05,2.2600000000000002,2.42
314,5.264e-05,2.2800000000000002,2.44
315,5.2799999999999996e-05,2.3000000000000003,2.46
316,5.296e-05,2.3000000000000003,2.48
317,5.312e-05,2.32,2.48
318,5.328e-05,2.34,2.5
319,5.3439999999999997e-05,2.34,2.5
320,5.3599999999999995e-05,2.36,2.52
321,5.376e-05,2.36,2.54
322,5.392e-05,2.4,2.56
323,5.408e-05,2.4,2.58
324,5.4239999999999996e-05,2.42,2.58
325,5.44e-05,2.44,2.6
326,5.456e-05,2.46,2.62
327,5.472e-05,2.46,2.64
328,5.4879999999999996e-05,2.46,2.64
329,5.504e-05,2.5,2.66
330,5.52e-05,2.5,2.68
331,5.536e-05,2.52,2.7
332,5.552e-05,2.52,2.72
333,5.5679999999999995e-05,2.54,2.72
334,5.584e-05,2.56,2.74
335,5.6e-05,2.56,2.7600000000000002
336,5.616e-05,2.58,2.7800000000000002
337,5.6319999999999996e-05,2.6,2.7800000000000002
338,5.648e-05,2.62,2.8000000000000003
339,5.664e-05,2.62,2.82
340,5.68e-05,2.64,2.84
341,5.696e-05,2.66,2.84
342,5.7119999999999995e-05,2.66,2.86
343,5.728e-05,2.7,2.86
344,5.744e-05,2.7,2.9
345,5.76e-05,2.72,2.9
346,5.7759999999999996e-05,2.72,2.92
347,5.792e-05,2.74,2.94
348,5.808e-05,2.7600000000000002,2.94
349,5.824e-05,2.7800000000000002,2.98
350,5.8399999999999997e-05,2.7800000000000002,2.98
351,5.856e-05,2.8000000000000003,3.0
352,5.872e-05,2.82,3.0
353,5.888e-05,2.84,3.02
354,5.904e-05,2.84,3.04
355,5.9199999999999996e-05,2.86,3.06
356,5.936e-05,2.88,3.06
357,5.952e-05,2.9,3.08
358,5.968e-05,2.9,3.12
359,5.9839999999999996e-05,2.92,3.12
360,6e-05,2.94,3.14
361,6.016e-05,2.94,3.14
362,6.032e-05,2.96,3.18
363,6.048e-05,2.98,3.18
364,6.0639999999999995e-05,3.0,3.2
365,6.08e-05,3.0,3.2
366,6.096e-05,3.02,3.22
367,6.112e-05,3.04,3.24
368,6.128e-05,3.06,3.2600000000000002
369,6.144000000000001e-05,3.06,3.2800000000000002
370,6.16e-05,3.08,3.2800000000000002
371,6.176e-05,3.1,3.3000000000000003
372,6.192e-05,3.12,3.3200000000000003
373,6.208e-05,3.12,3.34
374,6.224e-05,3.14,3.36
375,6.24e-05,3.16,3.36
376,6.256e-05,3.16,3.4
377,6.272e-05,3.18,3.4
378,6.288000000000001e-05,3.2,3.4
379,6.304e-05,3.22,3.42
380,6.32e-05,3.24,3.44
381,6.336e-05,3.2600000000000002,3.46
382,6.352e-05,3.2600000000000002,3.46
383,6.368e-05,3.2800000000000002,3.48
384,6.384000000000001e-05,3.3000000000000003,3.5
385,6.400000000000001e-05,3.3200000000000003,3.52
386,6.416000000000001e-05,3.3200000000000003,3.54
387,6.432000000000001e-05,3.34,3.54
388,6.448e-05,3.36,3.56
389,6.464e-05,3.36,3.58
390,6.48e-05,3.38,3.6
391,6.496e-05,3.4,3.62
392,6.512e-05,3.42,3.62
393,6.528000000000001e-05,3.42,3.64
394,6.544000000000001e-05,3.44,3.66
395,6.560000000000001e-05,3.46,3.68
396,6.576000000000001e-05,3.46,3.68
397,6.592e-05,3.48,3.7
398,6.608e-05,3.5,3.72
399,6.624e-05,3.52,3.74
400,6.64e-05,3.52,3.74
401,6.656e-05,3.54,3.7600000000000002
402,6.672000000000001e-05,3.56,3.7800000000000002
403,6.688000000000001e-05,3.56,3.8000000000000003
404,6.704000000000001e-05,3.58,3.8200000000000003
405,6.720000000000001e-05,3.6,3.84
406,6.736e-05,3.62,3.84
407,6.752e-05,3.62,3.86
408,6.768e-05,3.66,3.86
409,6.784e-05,3.66,3.88
410,6.8e-05,3.68,3.92
411,6.816000000000001e-05,3.68,3.92
412,6.832000000000001e-05,3.7,3.94
413,6.848000000000001e-05,3.72,3.94
414,6.864000000000001e-05,3.72,3.96
415,6.88e-05,3.74,3.98
416,6.896e-05,3.7600000000000002,4.0
417,6.912e-05,3.7800000000000002,4.0
418,6.928e-05,3.7800000000000002,4.0200000000000005
419,6.944e-05,3.8000000000000003,4.04
420,6.960000000000001e-05,3.8200000000000003,4.0600000000000005
421,6.976000000000001e-05,3.84,4.0600000000000005
422,6.992000000000001e-05,3.84,4.08
423,7.008e-05,3.86,4.1
424,7.024e-05,3.88,4.12
425,7.04e-05,3.9,4.14
426,7.056e-05,3.9,4.14
427,7.072e-05,3.92,4.16
428,7.088e-05,3.94,4.18
429,7.104000000000001e-05,3.94,4.2
430,7.120000000000001e-05,3.96,4.2
431,7.136000000000001e-05,3.98,4.22
432,7.152e-05,4.0,4.24
433,7.168e-05,4.0,4.26
434,7.184e-05,4.0200000000000005,4.26
435,7.2e-05,4.04,4.28
436,7.216e-05,4.0600000000000005,4.3
437,7.232000000000001e-05,4.08,4.32
438,7.248000000000001e-05,4.08,4.32
439,7.264000000000001e-05,4.1,4.34
440,7.280000000000001e-05,4.12,4.36
441,7.296e-05,4.14,4.38
442,7.312e-05,4.14,4.4
443,7.328e-05,4.16,4.4
444,7.344e-05,4.18,4.42
445,7.36e-05,4.18,4.44
446,7.376000000000001e-05,4.2,4.46
447,7.392000000000001e-05,4.22,4.48
448,7.408000000000001e-05,4.24,4.48
449,7.424000000000001e-05,4.24,4.5
450,7.44e-05,4.26,4.5200000000000005
451,7.456e-05,4.28,4.54
452,7.472e-05,4.3,4.54
453,7.488e-05,4.3,4.5600000000000005
454,7.504e-05,4.32,4.58
455,7.520000000000001e-05,4.34,4.6000000000000005
456,7.536000000000001e-05,4.36,4.6000000000000005
457,7.552000000000001e-05,4.36,4.62
458,7.568000000000001e-05,4.38,4.64
459,7.584e-05,4.4,4.66
460,7.6e-05,4.42,4.68
461,7.616e-05,4.42,4.68
462,7.632e-05,4.44,4.7
463,7.648e-05,4.44,4.7
464,7.664000000000001e-05,4.46,4.74
465,7.680000000000001e-05,4.48,4.74
466,7.696000000000001e-05,4.5,4.76
467,7.712000000000001e-05,4.5,4.78
468,7.728e-05,4.5200000000000005,4.8
469,7.744e-05,4.54,4.8
470,7.76e-05,4.5600000000000005,4.82
471,7.776e-05,4.5600000000000005,4.84
472,7.792e-05,4.58,4.86
473,7.808000000000001e-05,4.6000000000000005,4.88
474,7.824000000000001e-05,4.62,4.88
475,7.840000000000001e-05,4.62,4.92
476,7.856000000000001e-05,4.64,4.92
477,7.872e-05,4.66,4.94
478,7.888e-05,4.68,4.94
479,7.904e-05,4.7,0.36
480,7.92e-05,3.66,0.08
481,7.936e-05,2.72,0.08
482,7.952000000000001e-05,2.06,0.1
483,7.968000000000001e-05,1.56,0.1
484,7.984000000000001e-05,1.2,0.12
485,8e-05,0.96,0.12
486,8.016e-05,0.78,0.14
487,8.032e-05,0.62,0.16
488,8.048e-05,0.52,0.16
489,8.064e-05,0.46,0.18
490,8.080000000000001e-05,0.4,0.2
491,8.096000000000001e-05,0.36,0.2
492,8.112000000000001e-05,0.34,0.22
493,8.128000000000001e-05,0.32,0.24
494,8.144e-05,0.3,0.26
495,8.16e-05,0.3,0.26
496,8.176e-05,0.3,0.28
497,8.192e-05,0.3,0.28
498,8.208e-05,0.32,0.32
499,8.224000000000001e-05,0.3,0.32
500,8.240000000000001e-05,0.32,0.34
501,8.256000000000001e-05,0.32,0.36
502,8.272000000000001e-05,0.34,0.38
503,8.288e-05,0.36,0.38
504,8.304e-05,0.36,0.4
505,8.32e-05,0.38,0.42
506,8.336e-05,0.38,0.42
507,8.352e-05,0.4,0.46
508,8.368000000000001e-05,0.42,0.46
509,8.384000000000001e-05,0.44,0.48
510,8.400000000000001e-05,0.44,0.48
511,8.416000000000001e-05,0.46,0.52
512,8.432e-05,0.46,0.54
513,8.448e-05,0.48,0.54
514,8.464e-05,0.5,0.56
515,8.48e-05,0.52,0.58
516,8.496e-05,0.52,0.6
517,8.512000000000001e-05,0.54,0.6
518,8.528000000000001e-05,0.56,0.62
519,8.544000000000001e-05,0.58,0.64
520,8.560000000000001e-05,0.58,0.64
521,8.576e-05,0.6,0.66
522,8.592e-05,0.62,0.68
523,8.608e-05,0.62,0.7000000000000001
524,8.624e-05,0.62,0.72
525,8.64e-05,0.64,0.72
526,8.656000000000001e-05,0.68,0.74
527,8.672000000000001e-05,0.68,0.76
528,8.688000000000001e-05,0.7000000000000001,0.76
529,8.704000000000001e-05,0.72,0.8
530,8.72e-05,0.72,0.8200000000000001
531,8.736e-05,0.74,0.8200000000000001
532,8.752e-05,0.76,0.84
533,8.768e-05,0.78,0.84
534,8.784e-05,0.78,0.86
535,8.800000000000001e-05,0.8,0.88
536,8.816000000000001e-05,0.8200000000000001,0.9
537,8.832000000000001e-05,0.8200000000000001,0.92
538,8.848e-05,0.84,0.92
539,8.864e-05,0.86,0.9400000000000001
540,8.88e-05,0.86,0.9400000000000001
541,8.896e-05,0.88,0.98
542,8.912e-05,0.9,0.98
543,8.928000000000001e-05,0.92,1.0
544,8.944000000000001e-05,0.92,1.02
545,8.960000000000001e-05,0.9400000000000001,1.04
546,8.976000000000001e-05,0.96,1.04
547,8.992e-05,0.96,1.06
548,9.008e-05,0.98,1.08
549,9.024e-05,1.0,1.1
550,9.04e-05,1.02,1.12
551,9.056e-05,1.04,1.12
552,9.072000000000001e-05,1.04,1.1400000000000001
553,9.088000000000001e-05,1.06,1.16
554,9.104000000000001e-05,1.06,1.16
555,9.120000000000001e-05,1.08,1.18
556,9.136e-05,1.1,1.2
557,9.152e-05,1.1,1.22
558,9.168e-05,1.1400000000000001,1.22
559,9.184e-05,1.1400000000000001,1.26
560,9.2e-05,1.16,1.26
561,9.216000000000001e-05,1.16,1.28
562,9.232000000000001e-05,1.2,1.3
563,9.248000000000001e-05,1.2,1.32
564,9.264000000000001e-05,1.22,1.32
565,9.28e-05,1.24,1.34
566,9.296e-05,1.24,1.36
567,9.312e-05,1.26,1.36
568,9.328e-05,1.28,1.3800000000000001
569,9.344e-05,1.28,1.3800000000000001
570,9.360000000000001e-05,1.3,1.42
571,9.376000000000001e-05,1.32,1.44
572,9.392000000000001e-05,1.32,1.44
573,9.408000000000001e-05,1.34,1.46
574,9.424e-05,1.36,1.46
575,9.44e-05,1.36,1.48
576,9.456e-05,1.3800000000000001,1.5
577,9.472e-05,1.4000000000000001,1.52
578,9.488e-05,1.42,1.54
579,9.504000000000001e-05,1.42,1.56
580,9.520000000000001e-05,1.44,1.56
581,9.536000000000001e-05,1.46,1.58
582,9.552000000000001e-05,1.48,1.6
583,9.568e-05,1.48,1.6
584,9.584e-05,1.5,1.62
585,9.6e-05,1.52,1.6400000000000001
586,9.616e-05,1.52,1.6600000000000001
587,9.632e-05,1.54,1.68
588,9.648000000000001e-05,1.56,1.6600000000000001
589,9.664000000000001e-05,1.58,1.7
590,9.680000000000001e-05,1.58,1.72
591,9.696000000000001e-05,1.6,1.72
592,9.712e-05,1.62,1.74
593,9.728e-05,1.62,1.76
594,9.744e-05,1.6400000000000001,1.78
595,9.76e-05,1.6600000000000001,1.8
596,9.776000000000001e-05,1.68,1.8
597,9.792000000000001e-05,1.68,1.82
598,9.808000000000001e-05,1.7,1.84
599,9.824000000000001e-05,1.7,1.86
600,9.84e-05,1.74,1.86
601,9.856e-05,1.76,1.8800000000000001
602,9.872e-05,1.76,1.8800000000000001
603,9.888e-05,1.76,1.9000000000000001
604,9.904e-05,1.8,1.94
605,9.920000000000001e-05,1.8,1.94
606,9.936000000000001e-05,1.82,1.96
607,9.952000000000001e-05,1.84,1.98
608,9.968000000000001e-05,1.84,1.98
609,9.984e-05,1.86,2.0
610,0.0001,1.8800000000000001,2.02
611,0.00010016,1.9000000000000001,2.04
612,0.00010032,1.9000000000000001,2.04
613,0.00010048,1.92,2.06
614,0.00010064000000000001,1.94,2.08
615,0.00010080000000000001,1.96,2.1
616,0.00010096000000000001,1.96,2.12
617,0.00010112000000000001,1.96,2.12
618,0.00010128,2.0,2.14
619,0.00010144,2.02,2.16
620,0.0001016,2.02,2.18
621,0.00010176,2.02,2.18
622,0.00010192,2.04,2.2
623,0.00010208000000000001,2.06,2.2
624,0.00010224000000000001,2.08,2.24
625,0.00010240000000000001,2.08,2.24
626,0.00010256000000000001,2.12,2.2600000000000002
627,0.00010272,2.12,2.2800000000000002
628,0.00010288,2.14,2.3000000000000003
629,0.00010304,2.14,2.3000000000000003
630,0.0001032,2.16,2.32
631,0.00010336,2.16,2.34
632,0.00010352000000000001,2.2,2.36
633,0.00010368000000000001,2.22,2.36
634,0.00010384000000000001,2.22,2.38
635,0.00010400000000000001,2.24,2.38
636,0.00010416,2.2600000000000002,2.42
637,0.00010432,2.2800000000000002,2.42
638,0.00010448,2.2800000000000002,2.44
639,0.00010464,2.3000000000000003,2.44
640,0.0001048,2.3000000000000003,2.46
641,0.00010496000000000001,2.32,2.5
642,0.00010512000000000001,2.34,2.5
643,0.00010528000000000001,2.36,2.52
644,0.00010544000000000001,2.36,2.52
645,0.0001056,2.38,2.54
646,0.00010576,2.4,2.56
647,0.00010592,2.42,2.58
648,0.00010608,2.42,2.58
649,0.00010624000000000001,2.44,2.6
650,0.00010640000000000001,2.46,2.62
651,0.00010656000000000001,2.46,2.62
652,0.00010672000000000001,2.48,2.64
653,0.00010688,2.5,2.66
654,0.00010704,2.5,2.68
655,0.0001072,2.52,2.7
656,0.00010736,2.52,2.7
657,0.00010752,2.54,2.74
658,0.00010768000000000001,2.56,2.74
659,0.00010784000000000001,2.58,2.7600000000000002
660,0.00010800000000000001,2.58,2.7600000000000002
661,0.00010816000000000001,2.6,2.7800000000000002
662,0.00010832,2.62,2.8000000000000003
663,0.00010848,2.64,2.82
664,0.00010864,2.64,2.84
665,0.0001088,2.66,2.84
666,0.00010896,2.68,2.86
667,0.00010912000000000001,2.68,2.88
668,0.00010928000000000001,2.7,2.9
669,0.00010944000000000001,2.74,2.92
670,0.00010960000000000001,2.74,2.92
671,0.00010976,2.74,2.94
672,0.00010992,2.7600000000000002,2.96
673,0.00011008,2.7800000000000002,2.96
674,0.00011024,2.8000000000000003,2.98
675,0.0001104,2.82,3.0
676,0.00011056000000000001,2.82,3.02
677,0.00011072000000000001,2.84,3.02
678,0.00011088000000000001,2.86,3.04
679,0.00011104000000000001,2.86,3.06
680,0.0001112,2.88,3.08
681,0.00011136,2.92,3.08
682,0.00011152,2.9,3.1
683,0.00011168,2.92,3.12
684,0.00011184,2.94,3.14
685,0.00011200000000000001,2.96,3.16
686,0.00011216000000000001,2.98,3.18
687,0.00011232000000000001,2.98,3.18
688,0.00011248000000000001,3.0,3.2
689,0.00011264,3.02,3.22
690,0.0001128,3.02,3.24
691,0.00011296,3.04,3.24
692,0.00011312,3.06,3.2600000000000002
693,0.00011328000000000001,3.06,3.2800000000000002
694,0.00011344000000000001,3.08,3.3000000000000003
695,0.00011360000000000001,3.1,3.3200000000000003
696,0.00011376000000000001,3.12,3.3200000000000003
697,0.00011392000000000001,3.14,3.34
698,0.00011408,3.14,3.36
699,0.00011424,3.16,3.36
700,0.0001144,3.18,3.38
701,0.00011456,3.18,3.4
702,0.00011472000000000001,3.22,3.42
703,0.00011488000000000001,3.22,3.44
704,0.00011504000000000001,3.24,3.46
705,0.00011520000000000001,3.2600000000000002,3.46
706,0.00011536000000000001,3.2600000000000002,3.48
707,0.00011552,3.2800000000000002,3.5
708,0.00011568,3.3000000000000003,3.5
709,0.00011584,3.3000000000000003,3.52
710,0.000116,3.3200000000000003,3.54
711,0.00011616000000000001,3.34,3.54
712,0.00011632000000000001,3.36,3.56
713,0.00011648000000000001,3.36,3.58
714,0.00011664000000000001,3.38,3.6
715,0.0001168,3.42,3.62
716,0.00011696,3.42,3.62
717,0.00011712,3.44,3.66
718,0.00011728,3.44,3.66
719,0.00011744,3.46,3.68
720,0.00011760000000000001,3.48,3.68
721,0.00011776000000000001,3.48,3.7
722,0.00011792000000000001,3.5,3.72
723,0.00011808000000000001,3.52,3.72
724,0.00011824,3.54,3.7600000000000002
725,0.0001184,3.54,3.7800000000000002
726,0.00011856,3.56,3.7800000000000002
727,0.00011872,3.56,3.8000000000000003
728,0.00011888,3.6,3.8200000000000003
729,0.00011904000000000001,3.6,3.84
730,0.00011920000000000001,3.62,3.84
731,0.00011936000000000001,3.64,3.86
732,0.00011952000000000001,3.64,3.88
733,0.00011968,3.66,3.9
734,0.00011984,3.68,3.9
735,0.00012,3.7,3.92
736,0.00012016,3.7,3.94
737,0.00012032,3.72,3.96
738,0.00012048000000000001,3.74,3.96
739,0.00012064000000000001,3.7600000000000002,3.98
740,0.00012080000000000001,3.7600000000000002,4.0
741,0.00012096000000000001,3.7800000000000002,4.0200000000000005
742,0.00012112,3.8000000000000003,4.04
743,0.00012128,3.8000000000000003,4.04
744,0.00012144,3.8200000000000003,4.0600000000000005
745,0.0001216,3.84,4.08
746,0.00012176000000000001,3.84,4.08
747,0.00012192000000000001,3.86,4.1
748,0.00012208,3.88,4.12
749,0.00012224,3.9,4.14
750,0.0001224,3.92,4.14
751,0.00012256,3.92,4.16
752,0.00012272,3.94,4.2
753,0.00012288,3.96,4.2
754,0.00012304,3.96,4.22
755,0.0001232,3.98,4.22
756,0.00012336,4.0,4.24
757,0.00012352,4.0200000000000005,4.26
758,0.00012368,4.04,4.28
759,0.00012384,4.04,4.3
760,0.000124,4.0600000000000005,4.3
761,0.00012416,4.08,4.32
762,0.00012432,4.08,4.34
763,0.00012448,4.1,4.36
764,0.00012464,4.12,4.36
765,0.0001248,4.14,4.38
766,0.00012496,4.16,4.4
767,0.00012512,4.18,4.4
768,0.00012528000000000002,4.18,4.42
769,0.00012544000000000002,4.2,4.44
770,0.00012560000000000002,4.22,4.46
771,0.00012576000000000002,4.22,4.48
772,0.00012592000000000001,4.22,4.5
773,0.00012608,4.24,4.5200000000000005
774,0.00012624,4.26,4.5200000000000005
775,0.0001264,4.28,4.54
776,0.00012656,4.3,4.5600000000000005
777,0.00012672,4.3,4.5600000000000005
778,0.00012688,4.32,4.6000000000000005
779,0.00012704,4.34,4.6000000000000005
780,0.0001272,4.36,4.62
781,0.00012736,4.36,4.64
782,0.00012752,4.38,4.64
783,0.00012768,4.4,4.66
784,0.00012784,4.4,4.68
785,0.000128,4.42,4.68
786,0.00012816000000000002,4.44,4.7
787,0.00012832000000000002,4.46,4.72
788,0.00012848000000000002,4.46,4.74
789,0.00012864000000000002,4.48,4.76
790,0.00012880000000000001,4.5,4.76
791,0.00012896,4.5200000000000005,4.78
792,0.00012912,4.5200000000000005,4.8
793,0.00012928,4.54,4.82
794,0.00012944,4.5600000000000005,4.84
795,0.0001296,4.58,4.84
796,0.00012976,4.58,4.86
797,0.00012992,4.6000000000000005,4.88
798,0.00013008,4.62,4.88
799,0.00013024,4.62,4.9
800,0.0001304,4.64,4.92
801,0.00013056,4.66,4.94
802,0.00013072,4.68,4.96
803,0.00013088,4.58,0.16
804,0.00013104000000000002,3.38,0.08
805,0.00013120000000000002,2.54,0.08
806,0.00013136000000000002,1.92,0.1
807,0.00013152000000000001,1.48,0.12
808,0.00013168,1.1400000000000001,0.12
809,0.00013184,0.92,0.12
810,0.000132,0.74,0.14
811,0.00013216,0.58,0.16
812,0.00013232,0.5,0.18
813,0.00013248,0.44,0.18
814,0.00013264,0.38,0.2
815,0.0001328,0.34,0.22
816,0.00013296,0.34,0.22
817,0.00013312,0.32,0.24
818,0.00013328,0.3,0.24
819,0.00013344,0.3,0.28
820,0.0001336,0.3,0.28
821,0.00013376000000000002,0.3,0.3
822,0.00013392000000000002,0.32,0.32
823,0.00013408000000000002,0.32,0.34
824,0.00013424000000000002,0.32,0.34
825,0.00013440000000000001,0.34,0.36
826,0.00013456,0.34,0.38
827,0.00013472,0.36,0.4
828,0.00013488,0.36,0.42
829,0.00013504,0.38,0.42
830,0.0001352,0.4,0.42
831,0.00013536,0.4,0.46
832,0.00013552,0.42,0.48
833,0.00013568,0.44,0.48
834,0.00013584,0.46,0.5
835,0.000136,0.46,0.52
836,0.00013616,0.48,0.54
837,0.00013632,0.48,0.54
838,0.00013648,0.5,0.56
839,0.00013664000000000002,0.52,0.58
840,0.00013680000000000002,0.52,0.6
841,0.00013696000000000002,0.54,0.6
842,0.00013712000000000002,0.56,0.62
843,0.00013728000000000001,0.56,0.64
844,0.00013744,0.6,0.66
845,0.0001376,0.6,0.68
846,0.00013776,0.62,0.68
847,0.00013792,0.64,0.7000000000000001
848,0.00013808,0.64,0.72
849,0.00013824,0.64,0.74
850,0.0001384,0.66,0.74
851,0.00013856,0.7000000000000001,0.76
852,0.00013872,0.7000000000000001,0.78
853,0.00013888,0.72,0.8
854,0.00013904,0.74,0.8200000000000001
855,0.0001392,0.74,0.8200000000000001
856,0.00013936,0.76,0.84
857,0.00013952000000000002,0.78,0.86
858,0.00013968000000000002,0.8,0.88
859,0.00013984000000000002,0.8200000000000001,0.88
860,0.00014000000000000001,0.8200000000000001,0.9
861,0.00014016,0.84,0.92
862,0.00014032,0.86,0.9400000000000001
863,0.00014048,0.86,0.9400000000000001
864,0.00014064,0.88,0.96
865,0.0001408,0.88,0.98
866,0.00014096,0.9,1.0
867,0.00014112,0.92,1.02
868,0.00014128,0.9400000000000001,1.02
869,0.00014144,0.9400000000000001,1.04
870,0.0001416,0.96,1.06
871,0.00014176,0.98,1.08
872,0.00014192,1.0,1.08
873,0.00014208,1.02,1.1
874,0.00014224000000000002,1.0,1.12
875,0.00014240000000000002,1.04,1.12
876,0.00014256000000000002,1.06,1.1400000000000001
877,0.00014272000000000002,1.06,1.16
878,0.00014288000000000001,1.08,1.18
879,0.00014304,1.08,1.2
880,0.0001432,1.12,1.2
881,0.00014336,1.12,1.22
882,0.00014352,1.1400000000000001,1.22
883,0.00014368,1.1400000000000001,1.26
884,0.00014384,1.16,1.28
885,0.000144,1.18,1.28
886,0.00014416,1.2,1.3
887,0.00014432,1.2,1.32
888,0.00014448,1.22,1.32
889,0.00014464,1.24,1.34
890,0.0001448,1.26,1.36
891,0.00014496,1.26,1.3800000000000001
892,0.00014512000000000002,1.26,1.4000000000000001
893,0.00014528000000000002,1.3,1.4000000000000001
894,0.00014544000000000002,1.32,1.42
895,0.00014560000000000002,1.32,1.44
896,0.00014576000000000001,1.32,1.44
897,0.00014592,1.34,1.46
898,0.00014608,1.36,1.48
899,0.00014624,1.3800000000000001,1.5
900,0.0001464,1.3800000000000001,1.52
901,0.00014656,1.4000000000000001,1.52
902,0.00014672,1.4000000000000001,1.54
903,0.00014688,1.44,1.56
904,0.00014704,1.44,1.56
905,0.0001472,1.46,1.58
906,0.00014736,1.48,1.6
907,0.00014752,1.48,1.62
908,0.00014768,1.5,1.6400000000000001
909,0.00014784,1.52,1.6400000000000001
910,0.00014800000000000002,1.54,1.6600000000000001
911,0.00014816000000000002,1.54,1.6600000000000001
912,0.00014832000000000002,1.56,1.68
913,0.00014848000000000001,1.58,1.7
914,0.00014864,1.58,1.72
915,0.0001488,1.6,1.72
916,0.00014896,1.62,1.74
917,0.00014912,1.6400000000000001,1.76
918,0.00014928,1.6400000000000001,1.78
919,0.00014944,1.6600000000000001,1.8
920,0.0001496,1.68,1.8
921,0.00014976,1.7,1.82
922,0.00014992,1.7,1.82
923,0.00015008,1.72,1.84
924,0.00015024,1.74,1.8800000000000001
925,0.0001504,1.76,1.86
926,0.00015056,1.76,1.9000000000000001
927,0.00015072000000000002,1.78,1.92
928,0.00015088000000000002,1.8,1.92
929,0.00015104000000000002,1.8,1.94
930,0.00015120000000000002,1.82,1.96
931,0.00015136000000000001,1.82,1.98
932,0.00015152,1.84,2.0
933,0.00015168,1.86,2.0
934,0.00015184,1.8800000000000001,2.02
935,0.000152,1.9000000000000001,2.04
936,0.00015216,1.92,2.04
937,0.00015232,1.92,2.06
938,0.00015248,1.92,2.08
939,0.00015264,1.96,2.1
940,0.0001528,1.96,2.1
941,0.00015296,1.98,2.12
942,0.00015312,1.98,2.14
943,0.00015328,2.0,2.16
944,0.00015344,2.02,2.18
945,0.00015360000000000002,2.02,2.18
946,0.00015376000000000002,2.06,2.2
947,0.00015392000000000002,2.08,2.22
948,0.00015408000000000002,2.08,2.24
949,0.00015424000000000001,2.1,2.2600000000000002
950,0.0001544,2.12,2.2600000000000002
951,0.00015456,2.14,2.2800000000000002
952,0.00015472,2.14,2.3000000000000003
953,0.00015488,2.14,2.32
954,0.00015504,2.18,2.32
955,0.0001552,2.18,2.34
956,0.00015536,2.2,2.36
957,0.00015552,2.22,2.36
958,0.00015568,2.22,2.4
959,0.00015584,2.24,2.4
960,0.000156,2.24,2.42
961,0.00015616,2.2600000000000002,2.44
962,0.00015632,2.2800000000000002,2.44
963,0.00015648000000000002,2.3000000000000003,2.44
964,0.00015664000000000002,2.32,2.48
965,0.00015680000000000002,2.32,2.5
966,0.00015696000000000002,2.34,2.5
967,0.00015712000000000001,2.36,2.5
968,0.00015728,2.38,2.52
969,0.00015744,2.38,2.54
970,0.0001576,2.4,2.56
971,0.00015776,2.42,2.6
972,0.00015792,2.42,2.6
973,0.00015808,2.46,2.6
974,0.00015824,2.46,2.62
975,0.0001584,2.48,2.64
976,0.00015856,2.48,2.66
977,0.00015872,2.5,2.66
978,0.00015888,2.52,2.68
979,0.00015904,2.52,2.7
980,0.00015920000000000002,2.54,2.72
981,0.00015936000000000002,2.54,2.72
982,0.00015952000000000002,2.56,2.74
983,0.00015968000000000002,2.58,2.7600000000000002
984,0.00015984000000000001,2.6,2.7800000000000002
985,0.00016,2.6,2.7800000000000002
986,0.00016016,2.62,2.82
987,0.00016032,2.64,2.82
988,0.00016048,2.66,2.82
989,0.00016064,2.66,2.84
990,0.0001608,2.68,2.86
991,0.00016096,2.7,2.88
992,0.00016112,2.7,2.88
993,0.00016128,2.72,2.92
994,0.00016144,2.74,2.92
995,0.0001616,2.7600000000000002,2.94
996,0.00016176,2.7600000000000002,2.96
997,0.00016192,2.7800000000000002,2.98
998,0.00016208000000000002,2.8000000000000003,2.98
999,0.00016224000000000002,2.8000000000000003,3.0
1000,0.00016240000000000002,2.82,3.02
1001,0.00016256000000000002,2.84,3.04
1002,0.00016272000000000001,2.86,3.04
1003,0.00016288,2.86,3.06
1004,0.00016304,2.88,3.08
1005,0.0001632,2.9,3.1
1006,0.00016336,2.92,3.1
1007,0.00016352,2.92,3.12
1008,0.00016368,2.94,3.16
1009,0.00016384,2.96,3.16
1010,0.000164,2.98,3.16
1011,0.00016416,2.98,3.18
1012,0.00016432,3.02,3.2
1013,0.00016448,3.02,3.22
1014,0.00016464,3.04,3.22
1015,0.0001648,3.06,3.24
1016,0.00016496000000000002,3.06,3.2600000000000002
1017,0.00016512000000000002,3.08,3.2800000000000002
1018,0.00016528000000000002,3.1,3.2800000000000002
1019,0.00016544000000000002,3.12,3.3000000000000003
1020,0.00016560000000000001,3.12,3.3200000000000003
1021,0.00016576,3.14,3.34
1022,0.00016592,3.14,3.36
1023,0.00016608,3.16,3.38
1024,0.00016624,3.18,3.38
1025,0.0001664,3.2,3.4
1026,0.00016656,3.22,3.42
1027,0.00016672,3.22,3.44
1028,0.00016688,3.24,3.44
1029,0.00016704,3.2600000000000002,3.46
1030,0.0001672,3.2600000000000002,3.48
1031,0.00016736,3.3000000000000003,3.48
1032,0.00016752,3.3200000000000003,3.5
1033,0.00016768000000000002,3.3200000000000003,3.52
1034,0.00016784000000000002,3.34,3.54
1035,0.00016800000000000002,3.36,3.54
1036,0.00016816000000000002,3.36,3.56
1037,0.00016832000000000001,3.38,3.58
1038,0.00016848,3.38,3.6
1039,0.00016864,3.4,3.62
1040,0.0001688,3.42,3.64
1041,0.00016896,3.44,3.64
1042,0.00016912,3.44,3.68
1043,0.00016928,3.48,3.68
1044,0.00016944,3.48,3.7
1045,0.0001696,3.48,3.72
1046,0.00016976,3.52,3.72
1047,0.00016992,3.52,3.74
1048,0.00017008,3.54,3.7600000000000002
1049,0.00017024,3.56,3.7800000000000002
1050,0.0001704,3.58,3.7800000000000002
1051,0.00017056000000000002,3.58,3.8200000000000003
1052,0.00017072000000000002,3.6,3.8200000000000003
1053,0.00017088000000000002,3.6,3.84
1054,0.00017104000000000002,3.64,3.84
1055,0.00017120000000000001,3.64,3.86
1056,0.00017136,3.64,3.88
1057,0.00017152,3.66,3.9
1058,0.00017168,3.68,3.92
1059,0.00017184,3.68,3.92
1060,0.000172,3.7,3.94
1061,0.00017216,3.72,3.96
1062,0.00017232,3.7600000000000002,3.98
1063,0.00017248,3.7600000000000002,4.0
1064,0.00017264,3.7600000000000002,4.0
1065,0.0001728,3.7800000000000002,4.0200000000000005
1066,0.00017296,3.8000000000000003,4.04
1067,0.00017312,3.8200000000000003,4.04
1068,0.00017328,3.8200000000000003,4.0600000000000005
1069,0.00017344000000000002,3.84,4.08
1070,0.00017360000000000002,3.86,4.08
1071,0.00017376000000000002,3.88,4.12
1072,0.00017392000000000002,3.88,4.14
1073,0.00017408000000000001,3.9,4.14
1074,0.00017424,3.92,4.14
1075,0.0001744,3.92,4.16
1076,0.00017456,3.94,4.18
1077,0.00017472,3.96,4.2
1078,0.00017488,3.98,4.22
1079,0.00017504,4.0,4.24
1080,0.0001752,4.0,4.24
1081,0.00017536,4.04,4.26
1082,0.00017552,4.04,4.28
1083,0.00017568,4.0600000000000005,4.3
1084,0.00017584,4.0600000000000005,4.3
1085,0.000176,4.08,4.32
1086,0.00017616000000000002,4.08,4.34
1087,0.00017632000000000002,4.1,4.36
1088,0.00017648000000000002,4.12,4.38
1089,0.00017664000000000002,4.14,4.4
1090,0.00017680000000000001,4.14,4.4
1091,0.00017696,4.18,4.42
1092,0.00017712,4.18,4.44
1093,0.00017728,4.2,4.46
1094,0.00017744,4.22,4.46
1095,0.0001776,4.22,4.48
1096,0.00017776,4.24,4.5
1097,0.00017792,4.26,4.5
1098,0.00017808,4.28,4.5200000000000005
1099,0.00017824,4.28,4.54
1100,0.0001784,4.3,4.5600000000000005
1101,0.00017856,4.32,4.58
1102,0.00017872,4.34,4.58
1103,0.00017888,4.34,4.6000000000000005
1104,0.00017904000000000002,4.36,4.62
1105,0.00017920000000000002,4.36,4.64
1106,0.00017936000000000002,4.38,4.64
1107,0.00017952000000000002,4.4,4.66
1108,0.00017968000000000001,4.42,4.68
1109,0.00017984,4.42,4.7
1110,0.00018,4.44,4.7
1111,0.00018016,4.46,4.72
1112,0.00018032,4.48,4.74
1113,0.00018048,4.48,4.76
1114,0.00018064,4.5,4.78
1115,0.0001808,4.5200000000000005,4.78
1116,0.00018096,4.54,4.8
1117,0.00018112,4.54,4.82
1118,0.00018128,4.5600000000000005,4.84
1119,0.00018144,4.58,4.86
1120,0.0001816,4.58,4.86
1121,0.00018176,4.6000000000000005,4.88
1122,0.00018192000000000002,4.62,4.9
1123,0.00018208000000000002,4.64,4.9
1124,0.00018224000000000002,4.66,4.92
1125,0.00018240000000000002,4.66,4.94
1126,0.00018256000000000001,4.68,4.94
1127,0.00018272,4.18,0.1
1128,0.00018288,3.1,0.1
1129,0.00018304,2.32,0.1
1130,0.0001832,1.76,0.1
1131,0.00018336,1.36,0.1
1132,0.00018352,1.06,0.12
1133,0.00018368,0.86,0.14
1134,0.00018384,0.68,0.16
1135,0.000184,0.56,0.16
1136,0.00018416,0.46,0.18
1137,0.00018432,0.42,0.18
1138,0.00018448,0.38,0.2
1139,0.00018464000000000002,0.34,0.2
1140,0.00018480000000000002,0.32,0.24
1141,0.00018496000000000002,0.3,0.24
1142,0.00018512000000000002,0.3,0.26
1143,0.00018528000000000001,0.3,0.28
1144,0.00018544,0.3,0.3
1145,0.0001856,0.3,0.3
1146,0.00018576,0.32,0.32
1147,0.00018592,0.32,0.34
1148,0.00018608,0.32,0.36
1149,0.00018624,0.34,0.36
1150,0.0001864,0.36,0.38
1151,0.00018656,0.36,0.4
1152,0.00018672,0.38,0.42
1153,0.00018688,0.38,0.44
1154,0.00018704,0.4,0.44
1155,0.0001872,0.42,0.46
1156,0.00018736,0.42,0.48
1157,0.00018752000000000002,0.44,0.48
1158,0.00018768000000000002,0.44,0.5
1159,0.00018784000000000002,0.46,0.52
1160,0.00018800000000000002,0.48,0.54
1161,0.00018816000000000001,0.48,0.54
1162,0.00018832,0.5,0.58
1163,0.00018848,0.52,0.58
1164,0.00018864,0.54,0.6
1165,0.0001888,0.54,0.6
1166,0.00018896,0.56,0.62
1167,0.00018912,0.58,0.64
1168,0.00018928,0.58,0.66
1169,0.00018944,0.62,0.66
1170,0.0001896,0.62,0.68
1171,0.00018976,0.64,0.7000000000000001
1172,0.00018992,0.66,0.72
1173,0.00019008,0.68,0.74
1174,0.00019024,0.68,0.74
1175,0.00019040000000000002,0.7000000000000001,0.76
1176,0.00019056000000000002,0.7000000000000001,0.78
1177,0.00019072000000000002,0.72,0.8
1178,0.00019088000000000002,0.74,0.8200000000000001
1179,0.00019104000000000001,0.74,0.8200000000000001
1180,0.0001912,0.78,0.84
1181,0.00019136,0.76,0.86
1182,0.00019152,0.8,0.88
1183,0.00019168,0.8,0.9
1184,0.00019184,0.8200000000000001,0.92
1185,0.000192,0.84,0.92
1186,0.00019216,0.86,0.9400000000000001
1187,0.00019232,0.86,0.96
1188,0.00019248,0.86,0.96
1189,0.00019264,0.9,0.98
1190,0.0001928,0.9,1.0
1191,0.00019296,0.92,1.02
1192,0.00019312000000000002,0.9400000000000001,1.02
1193,0.00019328000000000002,0.96,1.04
1194,0.00019344000000000002,0.96,1.06
1195,0.00019360000000000002,0.98,1.08
1196,0.00019376000000000002,1.0,1.1
1197,0.00019392000000000001,1.02,1.1
1198,0.00019408,1.02,1.1
1199,0.00019424,1.04,1.1400000000000001
1200,0.0001944,1.06,1.1400000000000001
1201,0.00019456,1.06,1.1400000000000001
1202,0.00019472,1.08,1.18
1203,0.00019488,1.1,1.2
1204,0.00019504,1.1,1.22
1205,0.0001952,1.12,1.22
1206,0.00019536,1.1400000000000001,1.24
1207,0.00019552,1.16,1.26
1208,0.00019568,1.16,1.26
1209,0.00019584,1.18,1.28
1210,0.00019600000000000002,1.2,1.3
1211,0.00019616000000000002,1.2,1.32
1212,0.00019632000000000002,1.22,1.34
1213,0.00019648000000000002,1.24,1.34
1214,0.00019664000000000001,1.26,1.36
1215,0.0001968,1.26,1.3800000000000001
1216,0.00019696,1.26,1.4000000000000001
1217,0.00019712,1.3,1.4000000000000001
1218,0.00019728,1.3,1.42
1219,0.00019744,1.32,1.44
1220,0.0001976,1.34,1.46
1221,0.00019776,1.36,1.46
1222,0.00019792,1.36,1.46
1223,0.00019808,1.3800000000000001,1.48
1224,0.00019824,1.4000000000000001,1.5
1225,0.0001984,1.4000000000000001,1.52
1226,0.00019856,1.42,1.54
1227,0.00019872,1.44,1.56
1228,0.00019888000000000002,1.46,1.58
1229,0.00019904000000000002,1.48,1.58
1230,0.00019920000000000002,1.48,1.6
1231,0.00019936000000000002,1.5,1.62
1232,0.00019952000000000001,1.52,1.6400000000000001
1233,0.00019968,1.52,1.6400000000000001
1234,0.00019984,1.54,1.6600000000000001
1235,0.0002,1.56,1.68
1236,0.00020016,1.56,1.7
1237,0.00020032,1.58,1.7
1238,0.00020048,1.6,1.72
1239,0.00020064,1.6,1.74
1240,0.0002008,1.62,1.76
1241,0.00020096,1.6400000000000001,1.78
1242,0.00020112,1.6600000000000001,1.78
1243,0.00020128,1.6600000000000001,1.8
1244,0.00020144,1.6600000000000001,1.8
1245,0.00020160000000000002,1.7,1.82
1246,0.00020176000000000002,1.7,1.82
1247,0.00020192000000000002,1.72,1.86
1248,0.00020208000000000002,1.74,1.8800000000000001
1249,0.00020224000000000002,1.74,1.8800000000000001
1250,0.00020240000000000001,1.76,1.9000000000000001
1251,0.00020256,1.78,1.92
1252,0.00020272,1.8,1.94
1253,0.00020288,1.82,1.94
1254,0.00020304,1.82,1.96
1255,0.0002032,1.84,1.98
1256,0.00020336,1.86,2.0
1257,0.00020352,1.86,2.0
1258,0.00020368,1.8800000000000001,2.02
1259,0.00020384,1.9000000000000001,2.04
1260,0.000204,1.92,2.06
1261,0.00020416,1.92,2.08
1262,0.00020432,1.96,2.1
1263,0.00020448000000000002,1.96,2.1
1264,0.00020464000000000002,1.98,2.12
1265,0.00020480000000000002,2.0,2.14
1266,0.00020496000000000002,2.0,2.14
1267,0.00020512000000000001,2.02,2.16
1268,0.00020528,2.04,2.18
1269,0.00020544,2.06,2.2
1270,0.0002056,2.06,2.2
1271,0.00020576,2.08,2.22
1272,0.00020592,2.1,2.24
1273,0.00020608,2.1,2.2600000000000002
1274,0.00020624,2.12,2.2600000000000002
1275,0.0002064,2.14,2.2800000000000002
1276,0.00020656,2.14,2.3000000000000003
1277,0.00020672,2.16,2.32
1278,0.00020688,2.18,2.32
1279,0.00020704,2.18,2.34
1280,0.0002072,2.22,2.36
1281,0.00020736000000000002,2.22,2.38
1282,0.00020752000000000002,2.24,2.4
1283,0.00020768000000000002,2.24,2.4
1284,0.00020784000000000002,2.2600000000000002,2.42
1285,0.00020800000000000001,2.2800000000000002,2.44
1286,0.00020816,2.2800000000000002,2.46
1287,0.00020832,2.32,2.46
1288,0.00020848,2.32,2.48
1289,0.00020864,2.34,2.48
1290,0.0002088,2.34,2.5
1291,0.00020896,2.36,2.52
1292,0.00020912,2.38,2.54
1293,0.00020928,2.38,2.54
1294,0.00020944,2.4,2.58
1295,0.0002096,2.42,2.58
1296,0.00020976,2.44,2.6
1297,0.00020992,2.44,2.6
1298,0.00021008000000000002,2.46,2.62
1299,0.00021024000000000002,2.48,2.64
1300,0.00021040000000000002,2.48,2.66
1301,0.00021056000000000002,2.5,2.66
1302,0.00021072000000000002,2.52,2.68
1303,0.00021088000000000001,2.54,2.72
1304,0.00021104,2.54,2.72
1305,0.0002112,2.56,2.72
1306,0.00021136,2.58,2.74
1307,0.00021152,2.58,2.7800000000000002
1308,0.00021168,2.6,2.7800000000000002
1309,0.00021184,2.6,2.8000000000000003
1310,0.000212,2.62,2.8000000000000003
1311,0.00021216,2.64,2.82
1312,0.00021232,2.66,2.84
1313,0.00021248,2.66,2.86
1314,0.00021264,2.68,2.86
1315,0.0002128,2.7,2.88
1316,0.00021296000000000002,2.7,2.9
1317,0.00021312000000000002,2.72,2.92
1318,0.00021328000000000002,2.74,2.94
1319,0.00021344000000000002,2.7600000000000002,2.96
1320,0.00021360000000000001,2.7600000000000002,2.96
1321,0.00021376,2.7800000000000002,2.98
1322,0.00021392,2.8000000000000003,2.98
1323,0.00021408,2.82,3.0
1324,0.00021424,2.82,3.02
1325,0.0002144,2.84,3.04
1326,0.00021456,2.86,3.06
1327,0.00021472,2.88,3.08
1328,0.00021488,2.88,3.08
1329,0.00021504,2.9,3.08
1330,0.0002152,2.92,3.12
1331,0.00021536,2.92,3.12
1332,0.00021552,2.96,3.14
1333,0.00021568000000000002,2.96,3.16
1334,0.00021584000000000002,2.98,3.18
1335,0.00021600000000000002,2.98,3.2
1336,0.00021616000000000002,3.02,3.2
1337,0.00021632000000000002,3.02,3.22
1338,0.00021648000000000001,3.02,3.24
1339,0.00021664,3.06,3.2600000000000002
1340,0.0002168,3.06,3.2600000000000002
1341,0.00021696,3.08,3.2800000000000002
1342,0.00021712,3.1,3.3000000000000003
1343,0.00021728,3.1,3.3200000000000003
1344,0.00021744,3.12,3.3200000000000003
1345,0.0002176,3.14,3.34
1346,0.00021776,3.16,3.38
1347,0.00021792,3.16,3.38
1348,0.00021808,3.18,3.4
1349,0.00021824,3.22,3.4
1350,0.0002184,3.22,3.44
1351,0.00021856000000000002,3.22,3.44
1352,0.00021872000000000002,3.24,3.46
1353,0.00021888000000000002,3.2800000000000002,3.46
1354,0.00021904000000000002,3.2800000000000002,3.48
1355,0.00021920000000000002,3.3000000000000003,3.52
1356,0.00021936000000000001,3.3000000000000003,3.52
1357,0.00021952,3.3200000000000003,3.52
1358,0.00021968,3.34,3.54
1359,0.00021984,3.34,3.56
1360,0.00022,3.36,3.58
1361,0.00022016,3.38,3.6
1362,0.00022032,3.38,3.6
1363,0.00022048,3.4,3.62
1364,0.00022064,3.42,3.64
1365,0.0002208,3.46,3.66
1366,0.00022096,3.44,3.66
1367,0.00022112,3.46,3.68
1368,0.00022128,3.48,3.7
1369,0.00022144000000000002,3.5,3.72
1370,0.00022160000000000002,3.5,3.74
1371,0.00022176000000000002,3.54,3.74
1372,0.00022192000000000002,3.54,3.7600000000000002
1373,0.00022208000000000002,3.56,3.7800000000000002
1374,0.00022224,3.58,3.8000000000000003
1375,0.0002224,3.58,3.8000000000000003
1376,0.00022256,3.6,3.8200000000000003
1377,0.00022272,3.6,3.84
1378,0.00022288,3.62,3.86
1379,0.00022304,3.64,3.88
1380,0.0002232,3.66,3.88
1381,0.00022336,3.66,3.9
1382,0.00022352,3.68,3.92
1383,0.00022368,3.7,3.92
1384,0.00022384,3.72,3.94
1385,0.000224,3.72,3.96
1386,0.00022416000000000002,3.74,3.98
1387,0.00022432000000000002,3.7600000000000002,4.0
1388,0.00022448000000000002,3.7800000000000002,4.0
1389,0.00022464000000000002,3.7800000000000002,4.0200000000000005
1390,0.00022480000000000002,3.8000000000000003,4.04
1391,0.00022496000000000001,3.8200000000000003,4.0600000000000005
1392,0.00022512,3.84,4.0600000000000005
1393,0.00022528,3.84,4.08
1394,0.00022544,3.86,4.1
1395,0.0002256,3.88,4.1
1396,0.00022576,3.88,4.12
1397,0.00022592,3.9,4.14
1398,0.00022608,3.92,4.16
1399,0.00022624,3.94,4.18
1400,0.0002264,3.94,4.18
1401,0.00022656,3.96,4.2
1402,0.00022672,3.98,4.22
1403,0.00022688,4.0,4.26
1404,0.00022704000000000002,4.0200000000000005,4.26
1405,0.00022720000000000002,4.0200000000000005,4.26
1406,0.00022736000000000002,4.04,4.28
1407,0.00022752000000000002,4.0600000000000005,4.3
1408,0.00022768000000000002,4.08,4.32
1409,0.00022784000000000001,4.08,4.32
1410,0.000228,4.1,4.34
1411,0.00022816,4.12,4.36
1412,0.00022832,4.12,4.38
1413,0.00022848,4.14,4.4
1414,0.00022864,4.16,4.4
1415,0.0002288,4.16,4.42
1416,0.00022896,4.18,4.42
1417,0.00022912,4.2,4.46
1418,0.00022928,4.22,4.46
1419,0.00022944,4.22,4.48
1420,0.0002296,4.24,4.5
1421,0.00022976,4.26,4.5200000000000005
1422,0.00022992000000000002,4.28,4.54
1423,0.00023008000000000002,4.28,4.54
1424,0.00023024000000000002,4.3,4.5600000000000005
1425,0.00023040000000000002,4.32,4.58
1426,0.00023056000000000002,4.34,4.6000000000000005
1427,0.00023072000000000001,4.34,4.6000000000000005
1428,0.00023088,4.36,4.62
1429,0.00023104,4.38,4.64
1430,0.0002312,4.4,4.64
1431,0.00023136,4.4,4.66
1432,0.00023152,4.42,4.68
1433,0.00023168,4.42,4.7
1434,0.00023184,4.44,4.72
1435,0.000232,4.46,4.72
1436,0.00023216,4.5,4.76
1437,0.00023232,4.5,4.76
1438,0.00023248,4.5,4.76
1439,0.00023264000000000002,4.5200000000000005,4.78
1440,0.00023280000000000002,4.54,4.8
1441,0.00023296000000000002,4.54,4.82
1442,0.00023312000000000002,4.5600000000000005,4.84
1443,0.00023328000000000002,4.58,4.86
1444,0.00023344000000000001,4.6000000000000005,4.86
1445,0.0002336,4.62,4.9
1446,0.00023376,4.62,4.9
1447,0.00023392,4.64,4.9
1448,0.00023408,4.66,4.92
1449,0.00023424,4.66,4.94
1450,0.0002344,4.68,0.18
1451,0.00023456,3.88,0.1
1452,0.00023472,2.88,0.1
1453,0.00023488,2.16,0.1
1454,0.00023504,1.6600000000000001,0.1
1455,0.0002352,1.26,0.1
1456,0.00023536,1.0,0.12
1457,0.00023552000000000002,0.8,0.12
1458,0.00023568000000000002,0.66,0.14
1459,0.00023584000000000002,0.54,0.16
1460,0.00023600000000000002,0.46,0.18
1461,0.00023616000000000002,0.4,0.18
1462,0.00023632000000000001,0.36,0.2
1463,0.00023648,0.34,0.22
1464,0.00023664,0.32,0.22
1465,0.0002368,0.32,0.26
1466,0.00023696,0.3,0.26
1467,0.00023712,0.3,0.28
1468,0.00023728,0.3,0.3
1469,0.00023744,0.32,0.3
1470,0.0002376,0.32,0.32
1471,0.00023776,0.32,0.34
1472,0.00023792,0.34,0.36
1473,0.00023808,0.34,0.36
1474,0.00023824,0.36,0.4
1475,0.00023840000000000002,0.36,0.4
1476,0.00023856000000000002,0.38,0.42
1477,0.00023872000000000002,0.4,0.44
1478,0.00023888000000000002,0.4,0.46
1479,0.00023904000000000002,0.42,0.46
1480,0.00023920000000000001,0.42,0.48
1481,0.00023936,0.44,0.5
1482,0.00023952,0.46,0.52
1483,0.00023968,0.48,0.52
1484,0.00023984,0.48,0.54
1485,0.00024,0.5,0.56
1486,0.00024016,0.52,0.58
1487,0.00024032,0.52,0.58
1488,0.00024048,0.54,0.6
1489,0.00024064,0.56,0.62
1490,0.0002408,0.56,0.64
1491,0.00024096,0.58,0.64
1492,0.00024112000000000002,0.58,0.64
1493,0.00024128000000000002,0.62,0.68
1494,0.00024144000000000002,0.64,0.7000000000000001
1495,0.00024160000000000002,0.64,0.72
1496,0.00024176000000000002,0.66,0.72
1497,0.00024192000000000001,0.68,0.74
1498,0.00024208,0.7000000000000001,0.76
1499,0.00024224,0.7000000000000001,0.78
1500,0.0002424,0.72,0.78
1501,0.00024256,0.72,0.8
1502,0.00024272,0.74,0.8200000000000001
1503,0.00024288,0.76,0.84
1504,0.00024304,0.78,0.86
1505,0.0002432,0.78,0.86
1506,0.00024336,0.8,0.88
1507,0.00024352,0.8200000000000001,0.9
1508,0.00024368,0.8200000000000001,0.9
1509,0.00024384,0.84,0.92
1510,0.00024400000000000002,0.86,0.9400000000000001
1511,0.00024416,0.88,0.96
1512,0.00024432,0.86,0.98
1513,0.00024448,0.9,0.98
1514,0.00024464,0.92,1.0
1515,0.0002448,0.9400000000000001,1.0
1516,0.00024496,0.9400000000000001,1.02
1517,0.00024512,0.96,1.04
1518,0.00024528,0.96,1.06
1519,0.00024544,1.0,1.08
1520,0.0002456,1.0,1.08
1521,0.00024576,1.0,1.12
1522,0.00024592,1.02,1.12
1523,0.00024608,1.02,1.1400000000000001
1524,0.00024624,1.06,1.1400000000000001
1525,0.00024639999999999997,1.08,1.16
1526,0.00024656,1.08,1.18
1527,0.00024672,1.1,1.2
1528,0.00024688,1.12,1.22
1529,0.00024704,1.12,1.22
1530,0.0002472,1.1400000000000001,1.24
1531,0.00024736,1.1400000000000001,1.26
1532,0.00024752,1.16,1.28
1533,0.00024768,1.18,1.3
1534,0.00024784,1.2,1.32
1535,0.000248,1.22,1.32
1536,0.00024816000000000004,1.24,1.32
1537,0.00024832,1.24,1.36
1538,0.00024848000000000003,1.26,1.3800000000000001
1539,0.00024864,1.28,1.3800000000000001
1540,0.00024880000000000003,1.28,1.4000000000000001
1541,0.00024896,1.3,1.42
1542,0.00024912000000000003,1.32,1.44
1543,0.00024928,1.32,1.44
1544,0.00024944,1.34,1.46
1545,0.0002496,1.36,1.48
1546,0.00024976,1.3800000000000001,1.5
1547,0.00024992,1.3800000000000001,1.5
1548,0.00025008,1.4000000000000001,1.52
1549,0.00025024,1.42,1.54
1550,0.0002504,1.42,1.56
1551,0.00025056,1.44,1.56
1552,0.00025072,1.46,1.58
1553,0.00025088,1.48,1.6
1554,0.00025104,1.48,1.6
1555,0.00025120000000000003,1.5,1.62
1556,0.00025136,1.52,1.6400000000000001
1557,0.00025152000000000003,1.52,1.6600000000000001
1558,0.00025168,1.54,1.6600000000000001
1559,0.00025184000000000003,1.56,1.6600000000000001
1560,0.000252,1.58,1.7
1561,0.00025216,1.58,1.72
1562,0.00025232,1.6,1.72
1563,0.00025248,1.62,1.74
1564,0.00025264,1.62,1.76
1565,0.0002528,1.6400000000000001,1.78
1566,0.00025296,1.6600000000000001,1.78
1567,0.00025312,1.6600000000000001,1.8
1568,0.00025328,1.68,1.82
1569,0.00025344,1.68,1.84
1570,0.0002536,1.72,1.84
1571,0.00025376,1.74,1.86
1572,0.00025392000000000004,1.74,1.8800000000000001
1573,0.00025408,1.74,1.9000000000000001
1574,0.00025424000000000003,1.78,1.9000000000000001
1575,0.0002544,1.8,1.92
1576,0.00025456000000000003,1.78,1.94
1577,0.00025472,1.82,1.96
1578,0.00025488,1.84,1.96
1579,0.00025504,1.84,1.98
1580,0.0002552,1.86,2.0
1581,0.00025536,1.8800000000000001,2.02
1582,0.00025552,1.8800000000000001,2.04
1583,0.00025568,1.9000000000000001,2.04
1584,0.00025584,1.9000000000000001,2.06
1585,0.000256,1.94,2.08
1586,0.00025616,1.94,2.08
1587,0.00025632,1.96,2.1
1588,0.00025648,1.98,2.12
1589,0.00025664000000000004,2.0,2.14
1590,0.0002568,2.02,2.16
1591,0.00025696000000000003,2.02,2.18
1592,0.00025712,2.02,2.18
1593,0.00025728000000000003,2.04,2.2
1594,0.00025744,2.06,2.22
1595,0.00025760000000000003,2.08,2.22
1596,0.00025776,2.1,2.2600000000000002
1597,0.00025792,2.1,2.2600000000000002
1598,0.00025808,2.12,2.2800000000000002
1599,0.00025824,2.14,2.3000000000000003
1600,0.0002584,2.16,2.3000000000000003
1601,0.00025856,2.16,2.32
1602,0.00025872,2.18,2.34
1603,0.00025888,2.2,2.34
1604,0.00025904,2.2,2.36
1605,0.0002592,2.22,2.38
1606,0.00025936,2.22,2.38
1607,0.00025952,2.2600000000000002,2.42
1608,0.00025968000000000003,2.2600000000000002,2.42
1609,0.00025984,2.2800000000000002,2.44
1610,0.00026000000000000003,2.2800000000000002,2.46
1611,0.00026016,2.32,2.48
1612,0.00026032000000000003,2.32,2.5
1613,0.00026048,2.34,2.5
1614,0.00026064,2.34,2.52
1615,0.0002608,2.36,2.52
1616,0.00026096,2.36,2.56
1617,0.00026112,2.4,2.56
1618,0.00026128,2.4,2.58
1619,0.00026144,2.42,2.6
1620,0.0002616,2.44,2.6
1621,0.00026176,2.44,2.62
1622,0.00026192,2.46,2.64
1623,0.00026208,2.48,2.64
1624,0.00026224,2.5,2.66
1625,0.00026240000000000004,2.5,2.68
1626,0.00026256,2.52,2.68
1627,0.00026272000000000003,2.54,2.7
1628,0.00026288,2.54,2.72
1629,0.00026304000000000003,2.56,2.74
1630,0.0002632,2.58,2.7600000000000002
1631,0.00026336,2.58,2.7600000000000002
1632,0.00026352,2.6,2.7800000000000002
1633,0.00026368,2.62,2.8000000000000003
1634,0.00026384,2.62,2.8000000000000003
1635,0.000264,2.64,2.82
1636,0.00026416,2.66,2.84
1637,0.00026432,2.68,2.86
1638,0.00026448,2.68,2.86
1639,0.00026464,2.7,2.88
1640,0.0002648,2.72,2.92
1641,0.00026496,2.74,2.92
1642,0.00026512000000000004,2.74,2.94
1643,0.00026528,2.7600000000000002,2.96
1644,0.00026544000000000003,2.7800000000000002,2.98
1645,0.0002656,2.7800000000000002,2.98
1646,0.00026576000000000003,2.8000000000000003,2.98
1647,0.00026592,2.84,3.02
1648,0.00026608000000000003,2.84,3.02
1649,0.00026624,2.86,3.04
1650,0.0002664,2.86,3.06
1651,0.00026656,2.88,3.08
1652,0.00026672,2.9,3.1
1653,0.00026688,2.9,3.1
1654,0.00026704,2.94,3.12
1655,0.0002672,2.94,3.14
1656,0.00026736,2.96,3.14
1657,0.00026752,2.96,3.16
1658,0.00026768,2.98,3.18
1659,0.00026784,3.0,3.2
1660,0.000268,3.0,3.22
1661,0.00026816000000000003,3.02,3.22
1662,0.00026832,3.04,3.24
1663,0.00026848000000000003,3.06,3.2800000000000002
1664,0.00026864,3.08,3.2800000000000002
1665,0.00026880000000000003,3.1,3.2800000000000002
1666,0.00026896,3.12,3.3200000000000003
1667,0.00026912,3.12,3.3200000000000003
1668,0.00026928,3.14,3.34
1669,0.00026944,3.14,3.34
1670,0.0002696,3.16,3.36
1671,0.00026976,3.18,3.38
1672,0.00026992,3.2,3.4
1673,0.00027008,3.2,3.42
1674,0.00027024,3.22,3.44
1675,0.0002704,3.24,3.44
1676,0.00027056,3.24,3.46
1677,0.00027072,3.2600000000000002,3.48
1678,0.00027088000000000004,3.2800000000000002,3.48
1679,0.00027104,3.3000000000000003,3.52
1680,0.00027120000000000003,3.3000000000000003,3.52
1681,0.00027136,3.34,3.52
1682,0.00027152000000000003,3.36,3.54
1683,0.00027168,3.36,3.56
1684,0.00027184,3.36,3.58
1685,0.000272,3.38,3.6
1686,0.00027216,3.4,3.6
1687,0.00027232,3.42,3.62
1688,0.00027248,3.42,3.64
1689,0.00027264,3.44,3.66
1690,0.0002728,3.46,3.68
1691,0.00027296,3.46,3.7
1692,0.00027312,3.48,3.7
1693,0.00027328,3.5,3.72
1694,0.00027344,3.52,3.74
1695,0.00027360000000000004,3.52,3.7600000000000002
1696,0.00027376,3.56,3.7600000000000002
1697,0.00027392000000000003,3.56,3.7800000000000002
1698,0.00027408,3.58,3.8000000000000003
1699,0.00027424000000000003,3.58,3.8200000000000003
1700,0.0002744,3.6,3.8200000000000003
1701,0.00027456000000000003,3.62,3.84
1702,0.00027472,3.62,3.86
1703,0.00027488,3.64,3.86
1704,0.00027504,3.66,3.9
1705,0.0002752,3.66,3.9
1706,0.00027536,3.68,3.92
1707,0.00027552,3.72,3.94
1708,0.00027568,3.72,3.96
1709,0.00027584,3.74,3.96
1710,0.000276,3.74,3.98
1711,0.00027616,3.7600000000000002,4.0
1712,0.00027632,3.7800000000000002,4.0
1713,0.00027648,3.7800000000000002,4.0200000000000005
1714,0.00027664000000000003,3.8200000000000003,4.04
1715,0.0002768,3.8200000000000003,4.04
1716,0.00027696000000000003,3.84,4.08
1717,0.00027712,3.84,4.08
1718,0.00027728000000000003,3.86,4.1
1719,0.00027744,3.88,4.12
1720,0.0002776,3.9,4.14
1721,0.00027776,3.9,4.14
1722,0.00027792,3.92,4.16
1723,0.00027808,3.94,4.18
1724,0.00027824,3.94,4.2
1725,0.0002784,3.96,4.2
1726,0.00027856,3.98,4.22
1727,0.00027872,4.0,4.24
1728,0.00027888,4.0,4.26
1729,0.00027904,4.0200000000000005,4.28
1730,0.0002792,4.04,4.28
1731,0.00027936000000000004,4.0600000000000005,4.3
1732,0.00027952,4.0600000000000005,4.32
1733,0.00027968000000000003,4.08,4.34
1734,0.00027984,4.1,4.34
1735,0.00028000000000000003,4.12,4.36
1736,0.00028016,4.12,4.38
1737,0.00028032,4.14,4.4
1738,0.00028048,4.16,4.42
1739,0.00028064,4.18,4.42
1740,0.0002808,4.2,4.44
1741,0.00028096,4.2,4.46
1742,0.00028112,4.22,4.48
1743,0.00028128,4.22,4.5
1744,0.00028144,4.24,4.5
1745,0.0002816,4.26,4.5200000000000005
1746,0.00028176,4.28,4.54
1747,0.00028192,4.28,4.5600000000000005
1748,0.00028208000000000004,4.3,4.5600000000000005
1749,0.00028224,4.32,4.58
1750,0.00028240000000000003,4.34,4.6000000000000005
1751,0.00028256,4.34,4.6000000000000005
1752,0.00028272000000000003,4.36,4.62
1753,0.00028288,4.38,4.64
1754,0.00028304000000000003,4.4,4.66
1755,0.0002832,4.4,4.68
1756,0.00028336,4.42,4.68
1757,0.00028352,4.44,4.7
1758,0.00028368,4.44,4.72
1759,0.00028384,4.46,4.72
1760,0.000284,4.5,4.76
1761,0.00028416,4.5,4.78
1762,0.00028432,4.5,4.78
1763,0.00028448,4.5200000000000005,4.8
1764,0.00028464,4.5600000000000005,4.82
1765,0.0002848,4.5600000000000005,4.82
1766,0.00028496,4.5600000000000005,4.84
1767,0.00028512000000000003,4.58,4.88
1768,0.00028528,4.6000000000000005,4.88
1769,0.00028544000000000003,4.62,4.88
1770,0.0002856,4.62,4.9
1771,0.00028576000000000003,4.64,4.92
1772,0.00028592,4.66,4.92
1773,0.00028608,4.68,4.94
1774,0.00028624,4.68,-0.02
1775,0.0002864,3.58,0.1
1776,0.00028656,2.68,0.08
1777,0.00028672,2.02,0.1
1778,0.00028688,1.54,0.12
1779,0.00028704,1.2,0.12
1780,0.0002872,0.9400000000000001,0.12
1781,0.00028736,0.74,0.14
1782,0.00028752,0.62,0.16
1783,0.00028768,0.52,0.16
1784,0.00028784000000000004,0.44,0.18
1785,0.000288,0.4,0.2
1786,0.00028816000000000003,0.36,0.2
1787,0.00028832,0.32,0.22
1788,0.00028848000000000003,0.32,0.24
1789,0.00028864,0.3,0.26
1790,0.0002888,0.3,0.26
1791,0.00028896,0.3,0.28
1792,0.00028912,0.3,0.28
1793,0.00028928,0.3,0.32
1794,0.00028944,0.32,0.32
1795,0.0002896,0.32,0.34
1796,0.00028976,0.34,0.36
1797,0.00028992,0.34,0.36
1798,0.00029008,0.36,0.4
1799,0.00029024,0.36,0.4
1800,0.0002904,0.38,0.42
1801,0.00029056000000000004,0.38,0.44
1802,0.00029072,0.4,0.46
1803,0.00029088000000000003,0.42,0.46
1804,0.00029104,0.44,0.48
1805,0.00029120000000000003,0.44,0.5
1806,0.00029136,0.46,0.52
1807,0.00029152000000000003,0.48,0.54
1808,0.00029168,0.48,0.54
1809,0.00029184,0.5,0.56
1810,0.000292,0.52,0.58
1811,0.00029216,0.52,0.6
1812,0.00029232,0.54,0.6
1813,0.00029248,0.56,0.62
1814,0.00029264,0.58,0.64
1815,0.0002928,0.58,0.64
1816,0.00029296,0.6,0.66
1817,0.00029312,0.6,0.68
1818,0.00029328,0.62,0.7000000000000001
1819,0.00029344,0.64,0.72
1820,0.00029360000000000003,0.66,0.72
1821,0.00029376,0.68,0.74
1822,0.00029392000000000003,0.7000000000000001,0.76
1823,0.00029408,0.7000000000000001,0.78
1824,0.00029424000000000003,0.72,0.78
1825,0.0002944,0.72,0.8
1826,0.00029456,0.74,0.8200000000000001
1827,0.00029472,0.76,0.8200000000000001
1828,0.00029488,0.78,0.84
1829,0.00029504,0.78,0.86
1830,0.0002952,0.8,0.88
1831,0.00029536,0.8200000000000001,0.88
1832,0.00029552,0.84,0.9
1833,0.00029568,0.84,0.92
1834,0.00029584,0.84,0.9400000000000001
1835,0.000296,0.88,0.96
1836,0.00029616,0.88,0.96
1837,0.00029632000000000004,0.88,0.98
1838,0.00029648,0.92,1.0
1839,0.00029664000000000003,0.9400000000000001,1.02
1840,0.0002968,0.9400000000000001,1.04
1841,0.00029696000000000003,0.9400000000000001,1.04
1842,0.00029712,0.96,1.06
1843,0.00029728,0.98,1.08
1844,0.00029744,1.0,1.1
1845,0.0002976,1.02,1.12
1846,0.00029776,1.04,1.12
1847,0.00029792,1.04,1.1400000000000001
1848,0.00029808,1.06,1.16
1849,0.00029824,1.06,1.18
1850,0.0002984,1.08,1.18
1851,0.00029856,1.1,1.2
1852,0.00029872,1.12,1.22
1853,0.00029888,1.1400000000000001,1.22
1854,0.00029904000000000004,1.16,1.24
1855,0.0002992,1.16,1.26
1856,0.00029936000000000003,1.18,1.28
1857,0.00029952,1.2,1.3
1858,0.00029968000000000003,1.2,1.32
1859,0.00029984,1.22,1.34
1860,0.00030000000000000003,1.24,1.34
1861,0.00030016,1.24,1.34
1862,0.00030032,1.26,1.3800000000000001
1863,0.00030048,1.28,1.3800000000000001
1864,0.00030064,1.28,1.4000000000000001
1865,0.0003008,1.3,1.4000000000000001
1866,0.00030096,1.32,1.42
1867,0.00030112,1.34,1.44
1868,0.00030128,1.34,1.46
1869,0.00030144,1.36,1.48
1870,0.0003016,1.3800000000000001,1.5
1871,0.00030176,1.3800000000000001,1.5
1872,0.00030192,1.4000000000000001,1.52
1873,0.00030208000000000004,1.4000000000000001,1.54
1874,0.00030224,1.44,1.56
1875,0.00030240000000000003,1.44,1.54
1876,0.00030256,1.46,1.58
1877,0.00030272000000000003,1.48,1.6
1878,0.00030288,1.48,1.62
1879,0.00030304,1.5,1.62
1880,0.0003032,1.52,1.6400000000000001
1881,0.00030336,1.54,1.6400000000000001
1882,0.00030352,1.54,1.6600000000000001
1883,0.00030368,1.56,1.6600000000000001
1884,0.00030384,1.58,1.7
1885,0.000304,1.6,1.72
1886,0.00030416,1.6,1.72
1887,0.00030432,1.62,1.74
1888,0.00030448,1.6400000000000001,1.74
1889,0.00030464,1.6400000000000001,1.78
1890,0.00030480000000000004,1.6400000000000001,1.8
1891,0.00030496,1.6600000000000001,1.8
1892,0.00030512000000000003,1.68,1.8
1893,0.00030528,1.7,1.82
1894,0.00030544000000000003,1.7,1.86
1895,0.0003056,1.74,1.86
1896,0.00030576,1.76,1.86
1897,0.00030592,1.76,1.9000000000000001
1898,0.00030608,1.78,1.9000000000000001
1899,0.00030624,1.8,1.92
1900,0.0003064,1.8,1.92
1901,0.00030656,1.82,1.96
1902,0.00030672,1.82,1.96
1903,0.00030688,1.84,1.98
1904,0.00030704,1.86,2.0
1905,0.0003072,1.8800000000000001,2.02
1906,0.00030736,1.9000000000000001,2.04
1907,0.00030752000000000004,1.92,2.04
1908,0.00030768,1.92,2.06
1909,0.00030784000000000003,1.94,2.08
1910,0.000308,1.94,2.1
1911,0.00030816000000000003,1.96,2.12
1912,0.00030832,1.98,2.12
1913,0.00030848000000000003,2.0,2.14
1914,0.00030864,2.02,2.16
1915,0.0003088,2.02,2.18
1916,0.00030896,2.04,2.18
1917,0.00030912,2.06,2.18
1918,0.00030928,2.06,2.22
1919,0.00030944,2.08,2.24
1920,0.0003096,2.1,2.24
1921,0.00030976,2.1,2.2600000000000002
1922,0.00030992,2.12,2.2600000000000002
1923,0.00031008,2.12,2.2800000000000002
1924,0.00031024,2.14,2.3000000000000003
1925,0.0003104,2.16,2.32
1926,0.00031056000000000004,2.18,2.34
1927,0.00031072,2.2,2.36
1928,0.00031088000000000003,2.2,2.36
1929,0.00031104,2.22,2.38
1930,0.00031120000000000003,2.24,2.4
1931,0.00031136,2.24,2.42
1932,0.00031152,2.2600000000000002,2.42
1933,0.00031168,2.2800000000000002,2.44
1934,0.00031184,2.3000000000000003,2.46
1935,0.000312,2.3000000000000003,2.46
1936,0.00031216,2.32,2.5
1937,0.00031232,2.34,2.52
1938,0.00031248,2.36,2.5
1939,0.00031264,2.38,2.52
1940,0.0003128,2.38,2.54
1941,0.00031296,2.4,2.56
1942,0.00031312,2.4,2.58
1943,0.00031328000000000004,2.44,2.6
1944,0.00031344,2.44,2.6
1945,0.00031360000000000003,2.46,2.62
1946,0.00031376,2.46,2.64
1947,0.00031392000000000003,2.48,2.66
1948,0.00031408,2.5,2.66
1949,0.00031424000000000003,2.5,2.68
1950,0.0003144,2.5,2.7
1951,0.00031456,2.52,2.7
1952,0.00031472,2.56,2.74
1953,0.00031488,2.56,2.7600000000000002
1954,0.00031504,2.58,2.7600000000000002
1955,0.0003152,2.58,2.7800000000000002
1956,0.00031536,2.6,2.7800000000000002
1957,0.00031552,2.62,2.8000000000000003
1958,0.00031568,2.64,2.82
1959,0.00031584,2.64,2.84
1960,0.00031600000000000004,2.66,2.84
1961,0.00031616,2.68,2.86
1962,0.00031632000000000003,2.68,2.88
1963,0.00031648,2.7,2.88
1964,0.00031664000000000003,2.72,2.9
1965,0.0003168,2.74,2.92
1966,0.00031696000000000003,2.74,2.94
1967,0.00031712,2.7600000000000002,2.96
1968,0.00031728,2.7800000000000002,2.96
1969,0.00031744,2.8000000000000003,2.98
1970,0.0003176,2.8000000000000003,3.0
1971,0.00031776,2.82,3.02
1972,0.00031792,2.84,3.02
1973,0.00031808,2.86,3.04
1974,0.00031824,2.86,3.06
1975,0.0003184,2.88,3.08
1976,0.00031856,2.9,3.1
1977,0.00031872,2.9,3.1
1978,0.00031888,2.92,3.12
1979,0.00031904000000000004,2.94,3.14
1980,0.0003192,2.96,3.14
1981,0.00031936000000000003,2.96,3.16
1982,0.00031952,3.0,3.18
1983,0.00031968000000000003,3.0,3.2
1984,0.00031984,3.02,3.22
1985,0.00032,3.04,3.22
1986,0.00032016,3.04,3.2600000000000002
1987,0.00032032,3.08,3.2600000000000002
1988,0.00032048,3.08,3.2800000000000002
1989,0.00032064,3.1,3.3000000000000003
1990,0.0003208,3.1,3.3000000000000003
1991,0.00032096,3.12,3.3200000000000003
1992,0.00032112,3.14,3.36
1993,0.00032128,3.14,3.34
1994,0.00032144,3.18,3.38
1995,0.0003216,3.18,3.38
1996,0.00032176000000000004,3.2,3.4
1997,0.00032192,3.2,3.4
1998,0.00032208000000000003,3.22,2.72
1999,0.00032224,3.24,2.72
