,time,v1,v2
0,8.24e-05,3.18,3.4
1,8.248e-05,3.18,3.4
2,8.256e-05,3.2,3.42
3,8.264e-05,3.22,3.42
4,8.272e-05,3.22,3.44
5,8.28e-05,3.22,3.44
6,8.287999999999999e-05,3.24,3.46
7,8.295999999999999e-05,3.24,3.46
8,8.303999999999999e-05,3.2600000000000002,3.48
9,8.312e-05,3.2600000000000002,3.48
10,8.32e-05,3.2800000000000002,3.5
11,8.328e-05,3.2800000000000002,3.5
12,8.336e-05,3.3000000000000003,3.52
13,8.344e-05,3.3000000000000003,3.54
14,8.352e-05,3.34,3.54
15,8.36e-05,3.3200000000000003,3.54
16,8.368e-05,3.36,3.56
17,8.376e-05,3.36,3.56
18,8.384e-05,3.36,3.58
19,8.392e-05,3.36,3.6
20,8.4e-05,3.38,3.62
21,8.408e-05,3.38,3.6
22,8.416e-05,3.4,3.62
23,8.423999999999999e-05,3.4,3.64
24,8.431999999999999e-05,3.42,3.64
25,8.439999999999999e-05,3.42,3.66
26,8.447999999999999e-05,3.44,3.66
27,8.456e-05,3.44,3.68
28,8.464e-05,3.46,3.7
29,8.472e-05,3.46,3.7
30,8.48e-05,3.48,3.72
31,8.488e-05,3.48,3.72
32,8.496e-05,3.5,3.74
33,8.504e-05,3.52,3.74
34,8.512e-05,3.54,3.7600000000000002
35,8.52e-05,3.54,3.7600000000000002
36,8.528e-05,3.54,3.7800000000000002
37,8.536e-05,3.54,3.7800000000000002
38,8.544e-05,3.56,3.8000000000000003
39,8.552e-05,3.56,3.8000000000000003
40,8.56e-05,3.58,3.8200000000000003
41,8.567999999999999e-05,3.58,3.8200000000000003
42,8.575999999999999e-05,3.6,3.84
43,8.583999999999999e-05,3.6,3.84
44,8.591999999999999e-05,3.62,3.86
45,8.6e-05,3.62,3.88
46,8.608e-05,3.64,3.88
47,8.616e-05,3.64,3.88
48,8.624e-05,3.66,3.9
49,8.632e-05,3.68,3.9
50,8.64e-05,3.68,3.92
51,8.648e-05,3.68,3.94
52,8.656e-05,3.7,3.94
53,8.664e-05,3.72,3.96
54,8.672e-05,3.72,3.96
55,8.68e-05,3.74,3.98
56,8.688e-05,3.74,3.98
57,8.696e-05,3.7600000000000002,3.98
58,8.704e-05,3.7600000000000002,4.0200000000000005
59,8.711999999999999e-05,3.7800000000000002,4.0
60,8.719999999999999e-05,3.7800000000000002,4.0200000000000005
61,8.727999999999999e-05,3.8000000000000003,4.04
62,8.736e-05,3.8000000000000003,4.0600000000000005
63,8.744e-05,3.8200000000000003,4.0600000000000005
64,8.752e-05,3.8200000000000003,4.08
65,8.76e-05,3.84,4.08
66,8.768e-05,3.84,4.08
67,8.776e-05,3.84,4.1
68,8.784e-05,3.86,4.12
69,8.792e-05,3.88,4.14
70,8.8e-05,3.88,4.14
71,8.808e-05,3.9,4.14
72,8.816e-05,3.9,4.16
73,8.824e-05,3.92,4.18
74,8.832e-05,3.92,4.18
75,8.84e-05,3.94,4.2
76,8.847999999999999e-05,3.94,4.2
77,8.855999999999999e-05,3.96,4.22
78,8.863999999999999e-05,3.96,4.22
79,8.872e-05,3.98,4.24
80,8.879999999999999e-05,3.98,4.24
81,8.888e-05,4.0,4.26
82,8.896e-05,4.0200000000000005,4.26
83,8.904e-05,4.0200000000000005,4.3
84,8.912e-05,4.04,4.28
85,8.92e-05,4.04,4.3
86,8.928e-05,4.04,4.3
87,8.936e-05,4.0600000000000005,4.32
88,8.944e-05,4.0600000000000005,4.32
89,8.952e-05,4.08,4.34
90,8.96e-05,4.1,4.34
91,8.968e-05,4.1,4.36
92,8.976e-05,4.12,4.38
93,8.984e-05,4.12,4.38
94,8.991999999999999e-05,4.14,4.38
95,8.999999999999999e-05,4.14,4.4
96,9.008e-05,4.14,4.42
97,9.015999999999999e-05,4.16,4.42
98,9.024e-05,4.16,4.44
99,9.032e-05,4.18,4.44
100,9.04e-05,4.2,4.46
101,9.048e-05,4.2,4.48
102,9.056e-05,4.22,4.48
103,9.064e-05,4.22,4.5
104,9.072e-05,4.22,4.5
105,9.08e-05,4.24,4.5200000000000005
106,9.088e-05,4.24,4.5200000000000005
107,9.096e-05,4.26,4.54
108,9.104e-05,4.28,4.54
109,9.112e-05,4.28,4.5600000000000005
110,9.12e-05,4.3,4.5600000000000005
111,9.128e-05,4.3,4.58
112,9.135999999999999e-05,4.32,4.6000000000000005
113,9.143999999999999e-05,4.32,4.6000000000000005
114,9.151999999999999e-05,4.34,4.6000000000000005
115,9.16e-05,4.34,4.62
116,9.168e-05,4.36,4.64
117,9.176e-05,4.36,4.64
118,9.184e-05,4.38,4.64
119,9.192e-05,4.38,4.66
120,9.2e-05,4.4,4.68
121,9.208e-05,4.42,4.68
122,9.216e-05,4.42,4.68
123,9.224e-05,4.42,4.7
124,9.232e-05,4.44,4.7
125,9.24e-05,4.46,4.72
126,9.248e-05,4.44,4.74
127,9.256e-05,4.46,4.74
128,9.264e-05,4.48,4.76
129,9.271999999999999e-05,4.48,4.76
130,9.279999999999999e-05,4.5,4.78
131,9.287999999999999e-05,4.5,4.78
132,9.296e-05,4.5200000000000005,4.8
133,9.303999999999999e-05,4.5200000000000005,4.82
134,9.312e-05,4.54,4.82
135,9.32e-05,4.54,4.84
136,9.328e-05,4.5600000000000005,4.84
137,9.336e-05,4.5600000000000005,4.86
138,9.344e-05,4.58,4.86
139,9.352e-05,4.58,4.9
140,9.36e-05,4.6000000000000005,4.88
141,9.368e-05,4.62,4.9
142,9.376e-05,4.62,4.9
143,9.384e-05,4.62,4.92
144,9.392e-05,4.64,4.92
145,9.4e-05,4.64,4.94
146,9.408e-05,4.66,4.94
147,9.415999999999999e-05,4.22,-0.02
148,9.423999999999999e-05,3.62,0.02
149,9.432e-05,3.12,0.08
150,9.439999999999999e-05,2.7,0.1
151,9.448e-05,2.34,0.1
152,9.456e-05,2.04,0.1
153,9.464e-05,1.8,0.12
154,9.472e-05,1.56,0.1
155,9.48e-05,1.3800000000000001,0.1
156,9.488e-05,1.22,0.14
157,9.496e-05,1.08,0.14
158,9.504e-05,0.96,0.16
159,9.512e-05,0.86,0.16
160,9.52e-05,0.78,0.16
161,9.528e-05,0.7000000000000001,0.18
162,9.536e-05,0.64,0.16
163,9.544e-05,0.6,0.18
164,9.552e-05,0.56,0.2
165,9.559999999999999e-05,0.5,0.22
166,9.567999999999999e-05,0.48,0.22
167,9.575999999999999e-05,0.44,0.24
168,9.584e-05,0.42,0.24
169,9.592e-05,0.42,0.26
170,9.6e-05,0.4,0.28
171,9.608e-05,0.4,0.28
172,9.616e-05,0.38,0.28
173,9.624e-05,0.36,0.28
174,9.632e-05,0.36,0.32
175,9.64e-05,0.36,0.32
176,9.648e-05,0.36,0.32
177,9.656e-05,0.36,0.34
178,9.664e-05,0.36,0.34
179,9.672e-05,0.36,0.34
180,9.68e-05,0.38,0.38
181,9.688e-05,0.38,0.38
182,9.696e-05,0.38,0.4
183,9.703999999999999e-05,0.38,0.4
184,9.711999999999999e-05,0.4,0.42
185,9.72e-05,0.38,0.42
186,9.727999999999999e-05,0.4,0.44
187,9.736e-05,0.4,0.44
188,9.744e-05,0.42,0.44
189,9.752e-05,0.42,0.46
190,9.76e-05,0.44,0.48
191,9.768e-05,0.44,0.48
192,9.776e-05,0.46,0.5
193,9.784e-05,0.46,0.52
194,9.792e-05,0.46,0.52
195,9.8e-05,0.46,0.52
196,9.808e-05,0.48,0.54
197,9.816e-05,0.5,0.56
198,9.824e-05,0.5,0.56
199,9.832e-05,0.5,0.58
200,9.839999999999999e-05,0.52,0.58
201,9.847999999999999e-05,0.54,0.6
202,9.856e-05,0.54,0.6
203,9.863999999999999e-05,0.54,0.62
204,9.872e-05,0.56,0.62
205,9.879999999999999e-05,0.56,0.64
206,9.888e-05,0.58,0.66
207,9.896e-05,0.58,0.66
208,9.904e-05,0.6,0.68
209,9.912e-05,0.6,0.68
210,9.92e-05,0.62,0.7000000000000001
211,9.928e-05,0.62,0.7000000000000001
212,9.936e-05,0.64,0.7000000000000001
213,9.944e-05,0.64,0.72
214,9.952e-05,0.66,0.74
215,9.96e-05,0.66,0.74
216,9.968e-05,0.68,0.76
217,9.976e-05,0.68,0.76
218,9.983999999999999e-05,0.7000000000000001,0.78
219,9.992e-05,0.7000000000000001,0.78
220,9.999999999999999e-05,0.72,0.8
221,0.00010008,0.72,0.8
222,0.00010015999999999999,0.74,0.8200000000000001
223,0.00010024,0.74,0.8200000000000001
224,0.00010032,0.76,0.84
225,0.0001004,0.76,0.84
226,0.00010048,0.78,0.86
227,0.00010056,0.78,0.86
228,0.00010064,0.8,0.88
229,0.00010072,0.8,0.88
230,0.0001008,0.8200000000000001,0.9
231,0.00010088,0.8200000000000001,0.92
232,0.00010096,0.84,0.92
233,0.00010104,0.84,0.92
234,0.00010112,0.86,0.9400000000000001
235,0.0001012,0.86,0.96
236,0.00010127999999999999,0.88,0.96
237,0.00010135999999999999,0.86,0.98
238,0.00010144,0.9,0.98
239,0.00010151999999999999,0.9,1.0
240,0.0001016,0.9,1.02
241,0.00010168,0.92,1.02
242,0.00010176,0.9400000000000001,1.02
243,0.00010184,0.9400000000000001,1.04
244,0.00010192,0.9400000000000001,1.06
245,0.000102,0.96,1.06
246,0.00010208,0.96,1.08
247,0.00010216,0.96,1.08
248,0.00010224,1.0,1.1
249,0.00010232,1.0,1.1
250,0.0001024,1.02,1.12
251,0.00010248,1.02,1.12
252,0.00010256,1.04,1.1400000000000001
253,0.00010263999999999999,1.04,1.1400000000000001
254,0.00010271999999999999,1.04,1.16
255,0.0001028,1.06,1.16
256,0.00010287999999999999,1.08,1.18
257,0.00010296,1.08,1.2
258,0.00010303999999999999,1.1,1.2
259,0.00010312,1.1,1.2
260,0.0001032,1.12,1.22
261,0.00010328,1.12,1.24
262,0.00010336,1.1400000000000001,1.24
263,0.00010344,1.1400000000000001,1.26
264,0.00010352,1.16,1.28
265,0.0001036,1.1400000000000001,1.28
266,0.00010368,1.18,1.28
267,0.00010376,1.18,1.3
268,0.00010384,1.18,1.32
269,0.00010392,1.2,1.32
270,0.000104,1.22,1.34
271,0.00010407999999999999,1.22,1.34
272,0.00010416,1.22,1.34
273,0.00010423999999999999,1.24,1.36
274,0.00010432,1.26,1.3800000000000001
275,0.00010439999999999999,1.26,1.3800000000000001
276,0.00010448,1.28,1.4000000000000001
277,0.00010456,1.28,1.42
278,0.00010464,1.28,1.42
279,0.00010472,1.3,1.42
280,0.0001048,1.3,1.44
281,0.00010488,1.3,1.44
282,0.00010496,1.34,1.46
283,0.00010504,1.34,1.48
284,0.00010512,1.34,1.48
285,0.0001052,1.36,1.48
286,0.00010528,1.3800000000000001,1.48
287,0.00010536,1.3800000000000001,1.5
288,0.00010544,1.3800000000000001,1.52
289,0.00010551999999999999,1.4000000000000001,1.52
290,0.00010559999999999999,1.42,1.54
291,0.00010568,1.42,1.56
292,0.00010575999999999999,1.44,1.56
293,0.00010584,1.44,1.58
294,0.00010592,1.46,1.58
295,0.000106,1.46,1.6
296,0.00010608,1.48,1.6
297,0.00010616,1.48,1.62
298,0.00010624,1.5,1.62
299,0.00010632,1.5,1.6400000000000001
300,0.0001064,1.5,1.6400000000000001
301,0.00010648,1.52,1.6400000000000001
302,0.00010656,1.54,1.68
303,0.00010664,1.54,1.68
304,0.00010672,1.54,1.68
305,0.0001068,1.54,1.7
306,0.00010687999999999999,1.56,1.7
307,0.00010695999999999999,1.58,1.72
308,0.00010704,1.6,1.72
309,0.00010711999999999999,1.6,1.74
310,0.0001072,1.62,1.74
311,0.00010727999999999999,1.62,1.76
312,0.00010736,1.6400000000000001,1.78
313,0.00010744,1.6400000000000001,1.78
314,0.00010752,1.6600000000000001,1.78
315,0.0001076,1.6600000000000001,1.8
316,0.00010768,1.68,1.82
317,0.00010776,1.68,1.84
318,0.00010784,1.7,1.84
319,0.00010792,1.7,1.82
320,0.000108,1.72,1.84
321,0.00010808,1.72,1.86
322,0.00010816,1.74,1.8800000000000001
323,0.00010824,1.74,1.8800000000000001
324,0.00010831999999999999,1.76,1.9000000000000001
325,0.0001084,1.76,1.92
326,0.00010847999999999999,1.78,1.92
327,0.00010856,1.78,1.94
328,0.00010863999999999999,1.8,1.94
329,0.00010872,1.8,1.96
330,0.0001088,1.82,1.96
331,0.00010888,1.82,1.98
332,0.00010896,1.84,1.98
333,0.00010904,1.82,1.98
334,0.00010912,1.84,2.0
335,0.0001092,1.86,2.02
336,0.00010928,1.8800000000000001,2.02
337,0.00010936,1.8800000000000001,2.02
338,0.00010944,1.9000000000000001,2.04
339,0.00010952,1.9000000000000001,2.06
340,0.0001096,1.92,2.08
341,0.00010968,1.92,2.06
342,0.00010975999999999999,1.94,2.08
343,0.00010983999999999999,1.94,2.08
344,0.00010992,1.96,2.12
345,0.00010999999999999999,1.96,2.12
346,0.00011008,1.98,2.14
347,0.00011016,1.98,2.14
348,0.00011024,1.98,2.16
349,0.00011032,2.0,2.16
350,0.0001104,2.02,2.18
351,0.00011048,2.02,2.18
352,0.00011056,2.02,2.18
353,0.00011064,2.04,2.2
354,0.00011072,2.06,2.22
355,0.0001108,2.04,2.22
356,0.00011088,2.06,2.24
357,0.00011096,2.08,2.24
358,0.00011104,2.1,2.2600000000000002
359,0.00011111999999999999,2.1,2.2600000000000002
360,0.00011119999999999999,2.12,2.2600000000000002
361,0.00011128,2.12,2.2800000000000002
362,0.00011135999999999999,2.14,2.2800000000000002
363,0.00011144,2.16,2.32
364,0.00011151999999999999,2.16,2.32
365,0.0001116,2.16,2.34
366,0.00011168,2.18,2.32
367,0.00011176,2.18,2.36
368,0.00011184,2.2,2.36
369,0.00011192,2.2,2.36
370,0.000112,2.2,2.38
371,0.00011208,2.22,2.4
372,0.00011216,2.24,2.4
373,0.00011224,2.24,2.42
374,0.00011232,2.2600000000000002,2.42
375,0.0001124,2.2600000000000002,2.44
376,0.00011248,2.2800000000000002,2.44
377,0.00011255999999999999,2.2800000000000002,2.46
378,0.00011264,2.3000000000000003,2.48
379,0.00011271999999999999,2.3000000000000003,2.48
380,0.0001128,2.32,2.5
381,0.00011287999999999999,2.32,2.5
382,0.00011296,2.34,2.5
383,0.00011303999999999999,2.34,2.52
384,0.00011312,2.36,2.52
385,0.0001132,2.36,2.54
386,0.00011328,2.38,2.54
387,0.00011336,2.38,2.56
388,0.00011344,2.4,2.56
389,0.00011352,2.4,2.58
390,0.0001136,2.42,2.58
391,0.00011368,2.42,2.6
392,0.00011376,2.44,2.62
393,0.00011384000000000001,2.44,2.62
394,0.00011392,2.46,2.64
395,0.000114,2.46,2.64
396,0.00011407999999999999,2.48,2.66
397,0.00011416,2.48,2.66
398,0.00011423999999999999,2.5,2.68
399,0.00011432,2.5,2.68
400,0.00011439999999999999,2.5,2.68
401,0.00011448,2.5,2.72
402,0.00011456,2.52,2.7
403,0.00011464,2.54,2.72
404,0.00011472,2.54,2.74
405,0.0001148,2.56,2.7600000000000002
406,0.00011488,2.56,2.7600000000000002
407,0.00011496,2.58,2.7600000000000002
408,0.00011504,2.58,2.7600000000000002
409,0.00011512,2.6,2.7800000000000002
410,0.0001152,2.6,2.8000000000000003
411,0.00011528,2.62,2.8000000000000003
412,0.00011536000000000001,2.62,2.82
413,0.00011543999999999999,2.64,2.82
414,0.00011552,2.64,2.84
415,0.00011559999999999999,2.66,2.84
416,0.00011568,2.68,2.86
417,0.00011575999999999999,2.66,2.86
418,0.00011584,2.68,2.88
419,0.00011591999999999999,2.7,2.88
420,0.000116,2.7,2.9
421,0.00011608,2.72,2.9
422,0.00011616,2.72,2.94
423,0.00011624,2.74,2.94
424,0.00011632,2.74,2.94
425,0.0001164,2.7600000000000002,2.96
426,0.00011648,2.7600000000000002,2.98
427,0.00011656,2.7800000000000002,2.98
428,0.00011664,2.7800000000000002,2.98
429,0.00011672000000000001,2.8000000000000003,3.0
430,0.00011679999999999999,2.8000000000000003,3.02
431,0.00011688,2.82,3.02
432,0.00011695999999999999,2.82,3.02
433,0.00011704,2.84,3.04
434,0.00011711999999999999,2.84,3.04
435,0.0001172,2.86,3.08
436,0.00011727999999999999,2.86,3.08
437,0.00011736,2.88,3.08
438,0.00011744,2.9,3.1
439,0.00011752,2.9,3.1
440,0.0001176,2.9,3.12
441,0.00011768,2.9,3.12
442,0.00011776,2.92,3.14
443,0.00011784,2.96,3.14
444,0.00011792,2.94,3.16
445,0.000118,2.96,3.16
446,0.00011808000000000001,2.96,3.18
447,0.00011816,2.98,3.18
448,0.00011824,2.98,3.2
449,0.00011831999999999999,3.0,3.22
450,0.0001184,3.02,3.22
451,0.00011847999999999999,3.02,3.22
452,0.00011856,3.04,3.2600000000000002
453,0.00011863999999999999,3.04,3.2600000000000002
454,0.00011872,3.06,3.2600000000000002
455,0.0001188,3.06,3.2800000000000002
456,0.00011888,3.06,3.2800000000000002
457,0.00011896,3.1,3.3000000000000003
458,0.00011904,3.08,3.3000000000000003
459,0.00011912,3.1,3.3200000000000003
460,0.0001192,3.12,3.3200000000000003
461,0.00011928,3.14,3.36
462,0.00011936,3.12,3.34
463,0.00011944,3.16,3.36
464,0.00011952,3.14,3.38
465,0.00011960000000000001,3.16,3.38
466,0.00011967999999999999,3.18,3.4
467,0.00011976,3.18,3.42
468,0.00011983999999999999,3.18,3.42
469,0.00011992,3.22,3.42
470,0.00011999999999999999,3.22,3.44
471,0.00012008,3.22,3.44
472,0.00012015999999999999,3.24,3.46
473,0.00012024,3.24,3.46
474,0.00012032,3.2600000000000002,3.48
475,0.0001204,3.2600000000000002,3.48
476,0.00012048,3.2800000000000002,3.5
477,0.00012056,3.3000000000000003,3.5
478,0.00012064,3.3000000000000003,3.52
479,0.00012072,3.3200000000000003,3.52
480,0.0001208,3.3200000000000003,3.54
481,0.00012088,3.3200000000000003,3.54
482,0.00012096000000000001,3.34,3.56
483,0.00012103999999999999,3.34,3.56
484,0.00012112,3.36,3.58
485,0.00012119999999999999,3.36,3.58
486,0.00012128,3.38,3.6
487,0.00012135999999999999,3.38,3.6
488,0.00012144,3.4,3.62
489,0.00012151999999999999,3.4,3.64
490,0.0001216,3.42,3.64
491,0.00012168,3.42,3.66
492,0.00012176,3.46,3.66
493,0.00012184,3.44,3.68
494,0.00012192,3.46,3.7
495,0.000122,3.46,3.7
496,0.00012208,3.48,3.7
497,0.00012216,3.48,3.72
498,0.00012224,3.5,3.72
499,0.00012232,3.52,3.74
500,0.0001224,3.52,3.7600000000000002
501,0.00012248,3.52,3.7600000000000002
502,0.00012256,3.54,3.7800000000000002
503,0.00012264,3.54,3.7800000000000002
504,0.00012272,3.56,3.8000000000000003
505,0.0001228,3.56,3.8000000000000003
506,0.00012288,3.58,3.8200000000000003
507,0.00012296,3.6,3.8200000000000003
508,0.00012304,3.6,3.84
509,0.00012312,3.6,3.84
510,0.0001232,3.62,3.86
511,0.00012328,3.62,3.88
512,0.00012335999999999998,3.64,3.88
513,0.00012344,3.64,3.88
514,0.00012352,3.66,3.9
515,0.0001236,3.68,3.92
516,0.00012367999999999998,3.68,3.92
517,0.00012376,3.7,3.94
518,0.00012384,3.7,3.94
519,0.00012392,3.72,3.96
520,0.000124,3.72,3.96
521,0.00012408,3.74,3.98
522,0.00012416,3.74,3.98
523,0.00012424,3.7600000000000002,4.0
524,0.00012432,3.7600000000000002,4.0
525,0.0001244,3.7800000000000002,4.0200000000000005
526,0.00012448,3.7800000000000002,4.0200000000000005
527,0.00012456000000000001,3.8000000000000003,4.04
528,0.00012464,3.8000000000000003,4.04
529,0.00012471999999999998,3.8000000000000003,4.0600000000000005
530,0.0001248,3.8200000000000003,4.08
531,0.00012488,3.84,4.08
532,0.00012496,3.84,4.08
533,0.00012503999999999998,3.84,4.12
534,0.00012512,3.88,4.12
535,0.0001252,3.86,4.14
536,0.00012528,3.88,4.14
537,0.00012536,3.88,4.14
538,0.00012544,3.9,4.16
539,0.00012552,3.92,4.16
540,0.0001256,3.92,4.18
541,0.00012568,3.94,4.18
542,0.00012576,3.94,4.2
543,0.00012584,3.96,4.2
544,0.00012592000000000001,3.96,4.22
545,0.000126,3.98,4.24
546,0.00012607999999999999,3.98,4.24
547,0.00012616,4.0,4.24
548,0.00012624,4.0200000000000005,4.26
549,0.00012632,4.0200000000000005,4.3
550,0.00012639999999999998,4.04,4.28
551,0.00012648,4.04,4.3
552,0.00012656,4.04,4.3
553,0.00012664,4.08,4.32
554,0.00012672,4.0600000000000005,4.34
555,0.0001268,4.08,4.34
556,0.00012688,4.08,4.36
557,0.00012696,4.1,4.36
558,0.00012704,4.12,4.36
559,0.00012712,4.12,4.38
560,0.0001272,4.12,4.38
561,0.00012728000000000001,4.14,4.4
562,0.00012736,4.14,4.42
563,0.00012743999999999999,4.16,4.42
564,0.00012752,4.18,4.44
565,0.0001276,4.18,4.46
566,0.00012768,4.2,4.46
567,0.00012775999999999998,4.2,4.46
568,0.00012784,4.22,4.48
569,0.00012792,4.22,4.5
570,0.000128,4.22,4.5
571,0.00012808,4.24,4.5200000000000005
572,0.00012816,4.26,4.5200000000000005
573,0.00012824,4.26,4.54
574,0.00012832,4.28,4.5600000000000005
575,0.0001284,4.28,4.5600000000000005
576,0.00012848,4.3,4.5600000000000005
577,0.00012856,4.3,4.58
578,0.00012864,4.3,4.58
579,0.00012872,4.32,4.6000000000000005
580,0.0001288,4.34,4.6000000000000005
581,0.00012888,4.34,4.62
582,0.00012896,4.36,4.62
583,0.00012904,4.38,4.64
584,0.00012911999999999998,4.38,4.64
585,0.0001292,4.38,4.68
586,0.00012928,4.42,4.66
587,0.00012936,4.42,4.68
588,0.00012944,4.42,4.7
589,0.00012952,4.42,4.7
590,0.0001296,4.44,4.72
591,0.00012968,4.44,4.74
592,0.00012976,4.46,4.74
593,0.00012984,4.46,4.74
594,0.00012992,4.48,4.76
595,0.00013,4.48,4.76
596,0.00013008,4.5,4.78
597,0.00013016,4.5,4.78
598,0.00013024,4.5200000000000005,4.8
599,0.00013032,4.5200000000000005,4.8
600,0.0001304,4.54,4.82
601,0.00013047999999999998,4.54,4.82
602,0.00013056,4.5600000000000005,4.84
603,0.00013064,4.5600000000000005,4.86
604,0.00013072,4.58,4.86
605,0.0001308,4.58,4.88
606,0.00013088,4.6000000000000005,4.88
607,0.00013096,4.6000000000000005,4.9
608,0.00013104,4.62,4.9
609,0.00013112,4.64,4.92
610,0.0001312,4.64,4.92
611,0.00013128,4.66,4.94
612,0.00013136,4.66,4.94
613,0.00013144,4.22,0.0
614,0.00013152,3.62,0.04
615,0.0001316,3.12,0.08
616,0.00013168,2.7,0.1
617,0.00013176,2.34,0.1
618,0.00013183999999999998,2.04,0.12
619,0.00013192,1.78,0.12
620,0.000132,1.56,0.12
621,0.00013208,1.3800000000000001,0.12
622,0.00013215999999999998,1.22,0.14
623,0.00013224,1.08,0.14
624,0.00013232,0.96,0.14
625,0.0001324,0.86,0.16
626,0.00013248,0.78,0.16
627,0.00013256,0.7000000000000001,0.18
628,0.00013264,0.64,0.18
629,0.00013272,0.6,0.18
630,0.0001328,0.54,0.2
631,0.00013288,0.5,0.22
632,0.00013296,0.48,0.22
633,0.00013304000000000001,0.44,0.24
634,0.00013312,0.42,0.24
635,0.00013319999999999999,0.42,0.26
636,0.00013328,0.4,0.26
637,0.00013336,0.4,0.28
638,0.00013344,0.38,0.28
639,0.00013351999999999998,0.38,0.28
640,0.0001336,0.36,0.3
641,0.00013368,0.36,0.32
642,0.00013376,0.36,0.32
643,0.00013384,0.36,0.34
644,0.00013392,0.36,0.34
645,0.000134,0.38,0.36
646,0.00013408,0.38,0.36
647,0.00013416,0.38,0.38
648,0.00013424,0.38,0.38
649,0.00013432,0.38,0.4
650,0.00013440000000000001,0.4,0.42
651,0.00013448,0.4,0.42
652,0.00013455999999999999,0.4,0.44
653,0.00013464,0.4,0.46
654,0.00013472,0.42,0.46
655,0.0001348,0.42,0.46
656,0.00013487999999999998,0.42,0.48
657,0.00013496,0.44,0.48
658,0.00013504,0.44,0.5
659,0.00013512,0.44,0.5
660,0.0001352,0.46,0.5
661,0.00013528,0.48,0.52
662,0.00013536,0.48,0.54
663,0.00013544,0.48,0.54
664,0.00013552,0.5,0.56
665,0.0001356,0.52,0.58
666,0.00013568,0.52,0.58
667,0.00013576000000000001,0.54,0.6
668,0.00013584,0.54,0.6
669,0.00013591999999999999,0.54,0.62
670,0.000136,0.56,0.62
671,0.00013608,0.56,0.64
672,0.00013616,0.58,0.64
673,0.00013623999999999998,0.58,0.66
674,0.00013632,0.6,0.66
675,0.0001364,0.6,0.68
676,0.00013648,0.62,0.68
677,0.00013656,0.62,0.7000000000000001
678,0.00013664,0.64,0.72
679,0.00013672,0.66,0.72
680,0.0001368,0.66,0.74
681,0.00013688,0.68,0.74
682,0.00013696,0.68,0.74
683,0.00013704,0.68,0.76
684,0.00013712,0.7000000000000001,0.76
685,0.0001372,0.7000000000000001,0.78
686,0.00013728,0.72,0.8
687,0.00013736,0.72,0.8200000000000001
688,0.00013744,0.74,0.8200000000000001
689,0.00013752,0.74,0.84
690,0.00013759999999999998,0.76,0.84
691,0.00013768,0.78,0.84
692,0.00013776,0.76,0.86
693,0.00013784,0.78,0.86
694,0.00013792,0.8,0.88
695,0.000138,0.8,0.88
696,0.00013808,0.8200000000000001,0.9
697,0.00013816,0.8200000000000001,0.92
698,0.00013824,0.84,0.92
699,0.00013832,0.84,0.9400000000000001
700,0.0001384,0.84,0.96
701,0.00013848,0.86,0.96
702,0.00013856,0.88,0.98
703,0.00013864,0.88,0.98
704,0.00013872,0.9,0.98
705,0.0001388,0.9,1.0
706,0.00013888,0.9,1.02
707,0.00013895999999999998,0.92,1.02
708,0.00013904,0.92,1.02
709,0.00013912,0.9400000000000001,1.04
710,0.0001392,0.9400000000000001,1.06
711,0.00013928,0.96,1.06
712,0.00013936,0.98,1.08
713,0.00013944,0.98,1.1
714,0.00013952,1.0,1.1
715,0.0001396,1.0,1.1
716,0.00013968,1.02,1.1
717,0.00013976,1.02,1.1400000000000001
718,0.00013984,1.04,1.1400000000000001
719,0.00013992,1.04,1.16
720,0.00014,1.04,1.1400000000000001
721,0.00014008,1.06,1.18
722,0.00014016,1.08,1.18
723,0.00014024,1.08,1.2
724,0.00014031999999999998,1.08,1.2
725,0.0001404,1.08,1.2
726,0.00014048,1.12,1.22
727,0.00014056,1.12,1.24
728,0.00014063999999999998,1.12,1.26
729,0.00014072,1.1400000000000001,1.26
730,0.0001408,1.16,1.28
731,0.00014088,1.16,1.28
732,0.00014096,1.16,1.3
733,0.00014104,1.18,1.3
734,0.00014112,1.18,1.32
735,0.0001412,1.2,1.3
736,0.00014128,1.2,1.34
737,0.00014136,1.22,1.34
738,0.00014144,1.24,1.36
739,0.00014152000000000001,1.24,1.36
740,0.0001416,1.26,1.36
741,0.00014167999999999999,1.26,1.3800000000000001
742,0.00014176,1.28,1.4000000000000001
743,0.00014184,1.28,1.4000000000000001
744,0.00014192,1.3,1.42
745,0.00014199999999999998,1.3,1.44
746,0.00014208,1.32,1.44
747,0.00014216,1.32,1.44
748,0.00014224,1.34,1.46
749,0.00014232,1.34,1.48
750,0.0001424,1.36,1.48
751,0.00014248,1.36,1.48
752,0.00014256,1.3800000000000001,1.5
753,0.00014264,1.3800000000000001,1.52
754,0.00014272,1.4000000000000001,1.52
755,0.0001428,1.4000000000000001,1.54
756,0.00014288000000000001,1.42,1.54
757,0.00014296,1.42,1.56
758,0.00014303999999999999,1.44,1.56
759,0.00014312,1.44,1.58
760,0.0001432,1.46,1.58
761,0.00014328,1.46,1.6
762,0.00014335999999999998,1.48,1.6
763,0.00014344,1.48,1.62
764,0.00014352,1.48,1.6
765,0.0001436,1.5,1.6400000000000001
766,0.00014367999999999998,1.52,1.6400000000000001
767,0.00014376,1.52,1.6600000000000001
768,0.00014384,1.54,1.6600000000000001
769,0.00014392000000000002,1.54,1.68
770,0.000144,1.56,1.68
771,0.00014408,1.54,1.7
772,0.00014416,1.58,1.7
773,0.00014424000000000001,1.58,1.7
774,0.00014432,1.6,1.72
775,0.00014439999999999999,1.58,1.74
776,0.00014448,1.6,1.74
777,0.00014456,1.62,1.74
778,0.00014464,1.62,1.76
779,0.00014471999999999998,1.6400000000000001,1.76
780,0.0001448,1.6600000000000001,1.78
781,0.00014488,1.6600000000000001,1.8
782,0.00014496,1.68,1.82
783,0.00014503999999999998,1.68,1.82
784,0.00014512,1.7,1.84
785,0.0001452,1.7,1.84
786,0.00014528000000000002,1.72,1.86
787,0.00014536,1.7,1.86
788,0.00014544,1.72,1.8800000000000001
789,0.00014552,1.74,1.8800000000000001
790,0.00014560000000000002,1.74,1.9000000000000001
791,0.00014568,1.76,1.9000000000000001
792,0.00014576,1.78,1.92
793,0.00014584,1.78,1.92
794,0.00014592,1.8,1.94
795,0.000146,1.8,1.96
796,0.00014607999999999998,1.82,1.96
797,0.00014616,1.82,1.98
798,0.00014624,1.84,1.98
799,0.00014632,1.84,1.98
800,0.00014639999999999998,1.86,2.0
801,0.00014648,1.86,2.02
802,0.00014656,1.8800000000000001,2.02
803,0.00014664,1.8800000000000001,2.04
804,0.00014672,1.9000000000000001,2.04
805,0.0001468,1.9000000000000001,2.04
806,0.00014688,1.9000000000000001,2.06
807,0.00014696000000000002,1.92,2.08
808,0.00014704,1.94,2.08
809,0.00014712,1.94,2.08
810,0.0001472,1.96,2.1
811,0.00014728,1.96,2.12
812,0.00014736,1.98,2.12
813,0.00014743999999999998,1.98,2.14
814,0.00014752,2.0,2.14
815,0.0001476,2.02,2.16
816,0.00014768,2.02,2.16
817,0.00014775999999999998,2.02,2.18
818,0.00014784,2.04,2.18
819,0.00014792,2.04,2.2
820,0.000148,2.06,2.22
821,0.00014808,2.06,2.22
822,0.00014816,2.08,2.22
823,0.00014824,2.08,2.24
824,0.00014832000000000002,2.1,2.2600000000000002
825,0.0001484,2.1,2.2600000000000002
826,0.00014848,2.12,2.2800000000000002
827,0.00014856,2.12,2.3000000000000003
828,0.00014864,2.14,2.3000000000000003
829,0.00014872,2.14,2.3000000000000003
830,0.00014879999999999998,2.16,2.3000000000000003
831,0.00014888,2.16,2.34
832,0.00014896,2.18,2.34
833,0.00014904,2.18,2.34
834,0.00014911999999999998,2.18,2.36
835,0.0001492,2.2,2.36
836,0.00014928,2.22,2.38
837,0.00014936,2.24,2.38
838,0.00014943999999999998,2.24,2.4
839,0.00014952,2.24,2.4
840,0.0001496,2.2600000000000002,2.42
841,0.00014968000000000002,2.2600000000000002,2.44
842,0.00014976,2.2600000000000002,2.44
843,0.00014984,2.2800000000000002,2.46
844,0.00014992,2.3000000000000003,2.46
845,0.00015000000000000001,2.3000000000000003,2.48
846,0.00015008,2.32,2.5
847,0.00015015999999999999,2.32,2.48
848,0.00015024,2.32,2.5
849,0.00015032,2.34,2.52
850,0.0001504,2.34,2.52
851,0.00015047999999999998,2.36,2.54
852,0.00015056,2.38,2.56
853,0.00015064,2.38,2.56
854,0.00015072,2.4,2.56
855,0.00015079999999999998,2.4,2.6
856,0.00015088,2.42,2.58
857,0.00015096,2.42,2.6
858,0.00015104000000000002,2.44,2.6
859,0.00015112,2.44,2.62
860,0.0001512,2.44,2.64
861,0.00015128,2.46,2.64
862,0.00015136000000000001,2.48,2.66
863,0.00015144,2.46,2.66
864,0.00015151999999999999,2.5,2.68
865,0.0001516,2.5,2.7
866,0.00015168,2.5,2.68
867,0.00015176,2.52,2.7
868,0.00015183999999999998,2.52,2.72
869,0.00015192,2.54,2.72
870,0.000152,2.54,2.74
871,0.00015208,2.56,2.74
872,0.00015215999999999998,2.56,2.7600000000000002
873,0.00015224,2.58,2.7600000000000002
874,0.00015232,2.58,2.7800000000000002
875,0.00015240000000000002,2.58,2.7800000000000002
876,0.00015248,2.6,2.8000000000000003
877,0.00015256,2.62,2.8000000000000003
878,0.00015264,2.62,2.82
879,0.00015272000000000002,2.64,2.84
880,0.0001528,2.64,2.84
881,0.00015287999999999999,2.64,2.86
882,0.00015296,2.66,2.86
883,0.00015304,2.66,2.86
884,0.00015312,2.7,2.88
885,0.00015319999999999998,2.7,2.88
886,0.00015328,2.7,2.9
887,0.00015336,2.7,2.9
888,0.00015344,2.74,2.94
889,0.00015351999999999998,2.74,2.92
890,0.0001536,2.74,2.96
891,0.00015368,2.7600000000000002,2.96
892,0.00015376000000000002,2.7600000000000002,2.96
893,0.00015384,2.7800000000000002,2.98
894,0.00015392,2.8000000000000003,2.98
895,0.000154,2.8000000000000003,3.0
896,0.00015408000000000002,2.82,3.02
897,0.00015416,2.82,3.02
898,0.00015424,2.84,3.02
899,0.00015432,2.84,3.04
900,0.0001544,2.84,3.06
901,0.00015448,2.86,3.06
902,0.00015455999999999998,2.88,3.08
903,0.00015464,2.88,3.08
904,0.00015472,2.88,3.1
905,0.0001548,2.88,3.1
906,0.00015487999999999998,2.9,3.12
907,0.00015496,2.92,3.12
908,0.00015504,2.92,3.14
909,0.00015512,2.94,3.14
910,0.0001552,2.94,3.16
911,0.00015528,2.96,3.16
912,0.00015536,2.96,3.2
913,0.00015544000000000002,2.96,3.18
914,0.00015552,2.98,3.2
915,0.0001556,3.0,3.2
916,0.00015568,3.0,3.22
917,0.00015576,3.04,3.24
918,0.00015584,3.02,3.24
919,0.00015591999999999998,3.04,3.2600000000000002
920,0.000156,3.06,3.2600000000000002
921,0.00015608,3.06,3.2800000000000002
922,0.00015616,3.06,3.2800000000000002
923,0.00015623999999999998,3.1,3.3000000000000003
924,0.00015632,3.1,3.3000000000000003
925,0.0001564,3.1,3.3200000000000003
926,0.00015648,3.12,3.3200000000000003
927,0.00015656,3.12,3.34
928,0.00015664,3.14,3.34
929,0.00015672,3.14,3.36
930,0.00015680000000000002,3.16,3.38
931,0.00015688,3.16,3.38
932,0.00015696,3.18,3.4
933,0.00015704,3.18,3.42
934,0.00015712000000000001,3.18,3.42
935,0.0001572,3.22,3.42
936,0.00015727999999999998,3.22,3.44
937,0.00015736,3.22,3.44
938,0.00015744,3.24,3.46
939,0.00015752,3.24,3.46
940,0.00015759999999999998,3.2600000000000002,3.48
941,0.00015768,3.2600000000000002,3.48
942,0.00015776,3.2800000000000002,3.5
943,0.00015784,3.3000000000000003,3.5
944,0.00015791999999999998,3.3000000000000003,3.52
945,0.000158,3.3200000000000003,3.52
946,0.00015808,3.34,3.56
947,0.00015816000000000002,3.3200000000000003,3.54
948,0.00015824,3.34,3.58
949,0.00015832,3.36,3.56
950,0.0001584,3.36,3.6
951,0.00015848000000000001,3.36,3.6
952,0.00015856,3.38,3.6
953,0.00015863999999999999,3.38,3.62
954,0.00015872,3.4,3.62
955,0.0001588,3.4,3.64
956,0.00015888,3.42,3.64
957,0.00015895999999999998,3.42,3.66
958,0.00015904,3.46,3.68
959,0.00015912,3.44,3.68
960,0.0001592,3.48,3.7
961,0.00015927999999999998,3.48,3.7
962,0.00015936,3.48,3.7
963,0.00015944,3.48,3.72
964,0.00015952000000000002,3.5,3.74
965,0.0001596,3.52,3.74
966,0.00015968,3.52,3.7600000000000002
967,0.00015976,3.54,3.7800000000000002
968,0.00015984000000000001,3.56,3.7800000000000002
969,0.00015992,3.54,3.8000000000000003
970,0.00015999999999999999,3.56,3.8000000000000003
971,0.00016008,3.56,3.8200000000000003
972,0.00016016,3.58,3.8200000000000003
973,0.00016024,3.58,3.84
974,0.00016031999999999998,3.6,3.84
975,0.0001604,3.6,3.86
976,0.00016048,3.62,3.86
977,0.00016056,3.64,3.86
978,0.00016063999999999998,3.64,3.88
979,0.00016072,3.64,3.9
980,0.0001608,3.66,3.9
981,0.00016088000000000002,3.66,3.92
982,0.00016096,3.68,3.94
983,0.00016104,3.68,3.94
984,0.00016112,3.7,3.94
985,0.00016120000000000002,3.7,3.96
986,0.00016128,3.74,3.96
987,0.00016136,3.74,3.98
988,0.00016144,3.74,4.0
989,0.00016152,3.7600000000000002,4.0
990,0.0001616,3.7600000000000002,4.0200000000000005
991,0.00016167999999999998,3.7600000000000002,4.0200000000000005
992,0.00016176,3.7800000000000002,4.04
993,0.00016184,3.8000000000000003,4.04
994,0.00016192,3.8000000000000003,4.04
995,0.00016199999999999998,3.8200000000000003,4.0600000000000005
996,0.00016208,3.8200000000000003,4.08
997,0.00016216,3.84,4.08
998,0.00016224000000000002,3.84,4.08
999,0.00016232,3.86,4.1
1000,0.0001624,3.88,4.12
1001,0.00016248,3.88,4.12
1002,0.00016256000000000002,3.88,4.14
1003,0.00016264,3.9,4.14
1004,0.00016272,3.9,4.16
1005,0.0001628,3.92,4.18
1006,0.00016288,3.94,4.18
1007,0.00016296,3.94,4.18
1008,0.00016303999999999998,3.96,4.2
1009,0.00016312,3.96,4.22
1010,0.0001632,3.96,4.22
1011,0.00016328,3.98,4.24
1012,0.00016335999999999998,3.98,4.24
1013,0.00016344,4.0,4.24
1014,0.00016352,4.0200000000000005,4.26
1015,0.0001636,4.0200000000000005,4.28
1016,0.00016368,4.0200000000000005,4.3
1017,0.00016376,4.04,4.3
1018,0.00016384,4.0600000000000005,4.3
1019,0.00016392000000000002,4.0600000000000005,4.32
1020,0.000164,4.08,4.32
1021,0.00016408,4.08,4.36
1022,0.00016416,4.08,4.34
1023,0.00016424,4.1,4.36
1024,0.00016432,4.1,4.38
1025,0.00016439999999999998,4.12,4.38
1026,0.00016448,4.12,4.4
1027,0.00016456,4.14,4.4
1028,0.00016464,4.14,4.42
1029,0.00016471999999999998,4.16,4.42
1030,0.0001648,4.16,4.44
1031,0.00016488,4.18,4.46
1032,0.00016496,4.2,4.46
1033,0.00016504,4.2,4.46
1034,0.00016512,4.2,4.48
1035,0.0001652,4.22,4.48
1036,0.00016528000000000002,4.22,4.5
1037,0.00016536,4.24,4.5200000000000005
1038,0.00016544,4.24,4.5200000000000005
1039,0.00016552,4.28,4.54
1040,0.00016560000000000001,4.26,4.54
1041,0.00016568,4.28,4.5600000000000005
1042,0.00016575999999999999,4.28,4.5600000000000005
1043,0.00016584,4.3,4.58
1044,0.00016592,4.32,4.58
1045,0.000166,4.32,4.6000000000000005
1046,0.00016607999999999998,4.34,4.62
1047,0.00016616,4.34,4.62
1048,0.00016624,4.36,4.64
1049,0.00016632,4.36,4.64
1050,0.00016639999999999998,4.38,4.64
1051,0.00016648,4.38,4.66
1052,0.00016656,4.4,4.66
1053,0.00016664000000000002,4.4,4.68
1054,0.00016672,4.42,4.7
1055,0.0001668,4.44,4.7
1056,0.00016688,4.44,4.7
1057,0.00016696000000000001,4.44,4.72
1058,0.00016704,4.46,4.76
1059,0.00016711999999999999,4.46,4.74
1060,0.0001672,4.48,4.76
1061,0.00016728,4.48,4.76
1062,0.00016736,4.5,4.78
1063,0.00016743999999999998,4.5,4.8
1064,0.00016752,4.5200000000000005,4.8
1065,0.0001676,4.5200000000000005,4.8
1066,0.00016768,4.54,4.82
1067,0.00016775999999999998,4.5600000000000005,4.84
1068,0.00016784,4.5600000000000005,4.84
1069,0.00016792,4.5600000000000005,4.86
1070,0.00016800000000000002,4.58,4.86
1071,0.00016808,4.6000000000000005,4.88
1072,0.00016816,4.6000000000000005,4.9
1073,0.00016824,4.62,4.88
1074,0.00016832000000000001,4.62,4.92
1075,0.0001684,4.62,4.92
1076,0.00016847999999999999,4.64,4.94
1077,0.00016856,4.66,4.94
1078,0.00016864,4.66,4.94
1079,0.00016872,4.22,0.04
1080,0.00016879999999999998,3.62,0.02
1081,0.00016888,3.12,0.1
1082,0.00016896,2.7,0.08
1083,0.00016904,2.34,0.1
1084,0.00016911999999999998,2.04,0.12
1085,0.0001692,1.78,0.12
1086,0.00016928,1.56,0.12
1087,0.00016936000000000002,1.3800000000000001,0.14
1088,0.00016944,1.22,0.14
1089,0.00016952,1.08,0.14
1090,0.0001696,0.96,0.16
1091,0.00016968000000000002,0.86,0.16
1092,0.00016976,0.78,0.18
1093,0.00016984,0.7000000000000001,0.18
1094,0.00016992,0.64,0.18
1095,0.00017,0.58,0.2
1096,0.00017008,0.54,0.22
1097,0.00017015999999999998,0.52,0.22
1098,0.00017024,0.48,0.22
1099,0.00017032,0.44,0.24
1100,0.0001704,0.44,0.24
1101,0.00017047999999999998,0.42,0.26
1102,0.00017056,0.4,0.26
1103,0.00017064,0.38,0.28
1104,0.00017072000000000002,0.38,0.28
1105,0.0001708,0.38,0.3
1106,0.00017088,0.38,0.3
1107,0.00017096,0.36,0.32
1108,0.00017104000000000002,0.36,0.32
1109,0.00017112,0.36,0.34
1110,0.0001712,0.36,0.32
1111,0.00017128,0.38,0.36
1112,0.00017136,0.38,0.36
1113,0.00017144,0.38,0.38
1114,0.00017151999999999998,0.38,0.4
1115,0.0001716,0.38,0.4
1116,0.00017168,0.4,0.4
1117,0.00017176,0.4,0.42
1118,0.00017183999999999998,0.4,0.44
1119,0.00017192,0.4,0.44
1120,0.000172,0.42,0.46
1121,0.00017208,0.42,0.46
1122,0.00017216,0.44,0.48
1123,0.00017224,0.44,0.48
1124,0.00017232,0.46,0.5
1125,0.00017240000000000002,0.46,0.5
1126,0.00017248,0.48,0.52
1127,0.00017256,0.48,0.54
1128,0.00017264,0.48,0.54
1129,0.00017272,0.48,0.56
1130,0.0001728,0.5,0.54
1131,0.00017287999999999998,0.52,0.56
1132,0.00017296,0.52,0.58
1133,0.00017304,0.54,0.6
1134,0.00017312,0.54,0.6
1135,0.00017319999999999998,0.56,0.62
1136,0.00017328,0.56,0.62
1137,0.00017336,0.56,0.64
1138,0.00017344,0.58,0.64
1139,0.00017352,0.6,0.66
1140,0.0001736,0.6,0.68
1141,0.00017368,0.62,0.68
1142,0.00017376000000000002,0.62,0.7000000000000001
1143,0.00017384,0.62,0.68
1144,0.00017392,0.64,0.72
1145,0.000174,0.64,0.72
1146,0.00017408000000000001,0.66,0.72
1147,0.00017416,0.66,0.74
1148,0.00017423999999999999,0.68,0.76
1149,0.00017432,0.68,0.76
1150,0.0001744,0.7000000000000001,0.78
1151,0.00017448,0.7000000000000001,0.78
1152,0.00017455999999999998,0.72,0.8
1153,0.00017464,0.72,0.8
1154,0.00017472,0.74,0.8200000000000001
1155,0.0001748,0.74,0.84
1156,0.00017487999999999998,0.74,0.84
1157,0.00017496,0.76,0.86
1158,0.00017504,0.78,0.86
1159,0.00017512000000000002,0.78,0.86
1160,0.0001752,0.8,0.88
1161,0.00017528,0.8,0.9
1162,0.00017536,0.8200000000000001,0.9
1163,0.00017544000000000001,0.8200000000000001,0.92
1164,0.00017552,0.84,0.92
1165,0.00017559999999999999,0.84,0.9400000000000001
1166,0.00017568,0.86,0.9400000000000001
1167,0.00017576,0.84,0.96
1168,0.00017584,0.88,0.96
1169,0.00017591999999999998,0.88,0.98
1170,0.000176,0.9,0.98
1171,0.00017608,0.9,1.0
1172,0.00017616,0.92,1.02
1173,0.00017623999999999998,0.92,1.02
1174,0.00017632,0.9400000000000001,1.04
1175,0.0001764,0.9400000000000001,1.04
1176,0.00017648000000000002,0.9400000000000001,1.06
1177,0.00017656,0.96,1.06
1178,0.00017664,0.98,1.08
1179,0.00017672,0.98,1.1
1180,0.00017680000000000001,1.0,1.1
1181,0.00017688,0.98,1.1
1182,0.00017695999999999999,1.02,1.12
1183,0.00017704,1.02,1.12
1184,0.00017712,1.04,1.1400000000000001
1185,0.0001772,1.04,1.1400000000000001
1186,0.00017727999999999998,1.06,1.16
1187,0.00017736,1.04,1.18
1188,0.00017744,1.08,1.18
1189,0.00017752,1.08,1.18
1190,0.00017759999999999998,1.1,1.2
1191,0.00017768,1.1,1.22
1192,0.00017776,1.12,1.22
1193,0.00017784000000000002,1.12,1.24
1194,0.00017792,1.1400000000000001,1.24
1195,0.000178,1.1400000000000001,1.24
1196,0.00017808,1.16,1.26
1197,0.00017816000000000002,1.16,1.28
1198,0.00017824,1.18,1.28
1199,0.00017832,1.16,1.3
1200,0.0001784,1.2,1.32
1201,0.00017848,1.2,1.32
1202,0.00017856,1.2,1.34
1203,0.00017863999999999998,1.22,1.34
1204,0.00017872,1.24,1.36
1205,0.0001788,1.22,1.36
1206,0.00017888,1.24,1.3800000000000001
1207,0.00017895999999999998,1.26,1.3800000000000001
1208,0.00017904,1.28,1.4000000000000001
1209,0.00017912,1.28,1.4000000000000001
1210,0.00017920000000000002,1.28,1.42
1211,0.00017928,1.3,1.42
1212,0.00017936,1.32,1.44
1213,0.00017944,1.32,1.44
1214,0.00017952000000000002,1.34,1.46
1215,0.0001796,1.34,1.48
1216,0.00017968,1.34,1.48
1217,0.00017976,1.34,1.5
1218,0.00017984,1.3800000000000001,1.5
1219,0.00017992,1.3800000000000001,1.52
1220,0.00017999999999999998,1.3800000000000001,1.52
1221,0.00018008,1.4000000000000001,1.52
1222,0.00018016,1.4000000000000001,1.54
1223,0.00018024,1.42,1.56
1224,0.00018031999999999998,1.44,1.56
1225,0.0001804,1.44,1.58
1226,0.00018048,1.46,1.58
1227,0.00018056,1.46,1.6
1228,0.00018064,1.46,1.6
1229,0.00018072,1.48,1.62
1230,0.0001808,1.48,1.62
1231,0.00018088000000000002,1.5,1.6400000000000001
1232,0.00018096,1.52,1.6400000000000001
1233,0.00018104,1.52,1.6600000000000001
1234,0.00018112,1.52,1.6600000000000001
1235,0.0001812,1.52,1.68
1236,0.00018128,1.56,1.7
1237,0.00018135999999999998,1.56,1.7
1238,0.00018144,1.58,1.7
1239,0.00018152,1.58,1.72
1240,0.0001816,1.6,1.72
1241,0.00018167999999999998,1.6,1.74
1242,0.00018176,1.62,1.74
1243,0.00018184,1.62,1.76
1244,0.00018192,1.6400000000000001,1.76
1245,0.000182,1.6400000000000001,1.78
1246,0.00018208,1.6400000000000001,1.8
1247,0.00018216,1.6600000000000001,1.8
1248,0.00018224000000000002,1.6600000000000001,1.82
1249,0.00018232,1.6600000000000001,1.82
1250,0.0001824,1.7,1.84
1251,0.00018248,1.7,1.84
1252,0.00018256000000000001,1.7,1.86
1253,0.00018264,1.72,1.86
1254,0.00018271999999999999,1.74,1.86
1255,0.0001828,1.74,1.9000000000000001
1256,0.00018288,1.74,1.8800000000000001
1257,0.00018296,1.76,1.92
1258,0.00018303999999999998,1.78,1.9000000000000001
1259,0.00018312,1.78,1.94
1260,0.0001832,1.8,1.94
1261,0.00018328,1.8,1.96
1262,0.00018335999999999998,1.82,1.96
1263,0.00018344,1.82,1.96
1264,0.00018352,1.84,1.98
1265,0.00018360000000000002,1.84,2.0
1266,0.00018368,1.86,2.0
1267,0.00018376,1.86,2.02
1268,0.00018384,1.8800000000000001,2.02
1269,0.00018392000000000001,1.8800000000000001,2.02
1270,0.000184,1.8800000000000001,2.06
1271,0.00018407999999999999,1.9000000000000001,2.06
1272,0.00018416,1.92,2.06
1273,0.00018424,1.92,2.06
1274,0.00018432,1.94,2.08
1275,0.00018439999999999998,1.94,2.1
1276,0.00018448,1.96,2.12
1277,0.00018456,1.94,2.12
1278,0.00018464,1.98,2.14
1279,0.00018471999999999998,1.98,2.14
1280,0.0001848,2.0,2.16
1281,0.00018488,2.0,2.16
1282,0.00018496000000000002,2.02,2.18
1283,0.00018504,2.02,2.18
1284,0.00018512,2.04,2.2
1285,0.0001852,2.04,2.2
1286,0.00018528000000000001,2.06,2.22
1287,0.00018536,2.06,2.22
1288,0.00018543999999999999,2.06,2.24
1289,0.00018552,2.08,2.24
1290,0.0001856,2.1,2.2600000000000002
1291,0.00018568,2.1,2.2600000000000002
1292,0.00018575999999999998,2.12,2.2800000000000002
1293,0.00018584,2.12,2.2800000000000002
1294,0.00018592,2.14,2.3000000000000003
1295,0.000186,2.14,2.3000000000000003
1296,0.00018607999999999998,2.16,2.32
1297,0.00018616,2.16,2.34
1298,0.00018624,2.18,2.34
1299,0.00018632000000000002,2.18,2.36
1300,0.0001864,2.2,2.36
1301,0.00018648,2.2,2.38
1302,0.00018656,2.22,2.38
1303,0.00018664000000000002,2.22,2.4
1304,0.00018672,2.24,2.42
1305,0.0001868,2.24,2.42
1306,0.00018688,2.2600000000000002,2.42
1307,0.00018696,2.2600000000000002,2.44
1308,0.00018704,2.2800000000000002,2.46
1309,0.00018711999999999998,2.2800000000000002,2.46
1310,0.0001872,2.3000000000000003,2.48
1311,0.00018728,2.3000000000000003,2.48
1312,0.00018736,2.32,2.5
1313,0.00018743999999999998,2.32,2.5
1314,0.00018752,2.34,2.5
1315,0.0001876,2.34,2.5
1316,0.00018768000000000002,2.36,2.52
1317,0.00018776,2.36,2.54
1318,0.00018784,2.38,2.56
1319,0.00018792,2.38,2.56
1320,0.00018800000000000002,2.4,2.56
1321,0.00018808,2.4,2.58
1322,0.00018816,2.42,2.6
1323,0.00018824,2.42,2.6
1324,0.00018832,2.44,2.62
1325,0.0001884,2.46,2.62
1326,0.00018847999999999998,2.46,2.62
1327,0.00018856,2.46,2.66
1328,0.00018864,2.48,2.66
1329,0.00018872,2.48,2.66
1330,0.00018879999999999998,2.48,2.68
1331,0.00018888,2.48,2.7
1332,0.00018896,2.5,2.7
1333,0.00018904000000000002,2.52,2.7
1334,0.00018912,2.52,2.72
1335,0.0001892,2.52,2.72
1336,0.00018928,2.54,2.74
1337,0.00018936000000000002,2.56,2.74
1338,0.00018944,2.56,2.7600000000000002
1339,0.00018952,2.58,2.7600000000000002
1340,0.0001896,2.58,2.7800000000000002
1341,0.00018968,2.6,2.7800000000000002
1342,0.00018976,2.6,2.8000000000000003
1343,0.00018983999999999998,2.62,2.8000000000000003
1344,0.00018992,2.62,2.82
1345,0.00019,2.62,2.82
1346,0.00019008,2.66,2.84
1347,0.00019015999999999998,2.66,2.86
1348,0.00019024,2.66,2.86
1349,0.00019032,2.68,2.88
1350,0.0001904,2.68,2.88
1351,0.00019048,2.7,2.9
1352,0.00019056,2.7,2.9
1353,0.00019064,2.72,2.92
1354,0.00019072000000000002,2.72,2.92
1355,0.0001908,2.74,2.94
1356,0.00019088,2.74,2.94
1357,0.00019096,2.7600000000000002,2.96
1358,0.00019104000000000001,2.7600000000000002,2.96
1359,0.00019112,2.7800000000000002,2.98
1360,0.00019119999999999999,2.7800000000000002,2.98
1361,0.00019128,2.8000000000000003,3.0
1362,0.00019136,2.8000000000000003,3.0
1363,0.00019144,2.82,3.02
1364,0.00019151999999999998,2.82,3.02
1365,0.0001916,2.84,3.04
1366,0.00019168,2.84,3.06
1367,0.00019176,2.86,3.06
1368,0.00019183999999999998,2.86,3.06
1369,0.00019192,2.88,3.08
1370,0.000192,2.9,3.08
1371,0.00019208000000000002,2.9,3.12
1372,0.00019216,2.92,3.12
1373,0.00019224,2.94,3.12
1374,0.00019232,2.92,3.14
1375,0.00019240000000000001,2.94,3.14
1376,0.00019248,2.94,3.16
1377,0.00019255999999999999,2.96,3.16
1378,0.00019264,2.96,3.18
1379,0.00019272,2.98,3.2
1380,0.0001928,2.98,3.22
1381,0.00019287999999999998,3.0,3.22
1382,0.00019296,3.0,3.22
1383,0.00019304,3.0,3.24
1384,0.00019312,3.02,3.24
1385,0.00019319999999999998,3.04,3.2600000000000002
1386,0.00019328,3.06,3.2600000000000002
1387,0.00019336,3.06,3.2800000000000002
1388,0.00019344000000000002,3.08,3.2800000000000002
1389,0.00019352,3.08,3.3200000000000003
1390,0.0001936,3.1,3.3000000000000003
1391,0.00019368,3.1,3.3200000000000003
1392,0.00019376000000000002,3.12,3.34
1393,0.00019384,3.12,3.34
1394,0.00019392,3.14,3.34
1395,0.000194,3.14,3.36
1396,0.00019408,3.16,3.38
1397,0.00019416,3.16,3.38
1398,0.00019423999999999998,3.18,3.4
1399,0.00019432,3.18,3.4
1400,0.0001944,3.2,3.42
1401,0.00019448,3.2,3.42
1402,0.00019455999999999998,3.22,3.44
1403,0.00019464,3.22,3.44
1404,0.00019472,3.24,3.44
1405,0.00019480000000000002,3.24,3.46
1406,0.00019488,3.2600000000000002,3.48
1407,0.00019496,3.2600000000000002,3.48
1408,0.00019504,3.2800000000000002,3.5
1409,0.00019512000000000002,3.3000000000000003,3.5
1410,0.0001952,3.3000000000000003,3.52
1411,0.00019528,3.3000000000000003,3.52
1412,0.00019536,3.3200000000000003,3.54
1413,0.00019544,3.3200000000000003,3.56
1414,0.00019552,3.36,3.58
1415,0.00019559999999999998,3.34,3.56
1416,0.00019568,3.36,3.58
1417,0.00019576,3.36,3.6
1418,0.00019584,3.38,3.6
1419,0.00019591999999999998,3.38,3.62
1420,0.000196,3.4,3.62
1421,0.00019608,3.4,3.64
1422,0.00019616000000000002,3.42,3.64
1423,0.00019624,3.42,3.66
1424,0.00019632,3.44,3.68
1425,0.0001964,3.44,3.68
1426,0.00019648000000000002,3.46,3.68
1427,0.00019656,3.46,3.7
1428,0.00019664,3.48,3.7
1429,0.00019672,3.5,3.72
1430,0.0001968,3.5,3.72
1431,0.00019688,3.52,3.7600000000000002
1432,0.00019695999999999998,3.52,3.7600000000000002
1433,0.00019704,3.52,3.7600000000000002
1434,0.00019712,3.54,3.7800000000000002
1435,0.0001972,3.54,3.7800000000000002
1436,0.00019727999999999998,3.56,3.8000000000000003
1437,0.00019736,3.56,3.8000000000000003
1438,0.00019744,3.58,3.8200000000000003
1439,0.00019752000000000002,3.58,3.84
1440,0.0001976,3.6,3.84
1441,0.00019768,3.62,3.86
1442,0.00019776,3.62,3.86
1443,0.00019784000000000002,3.62,3.86
1444,0.00019792,3.64,3.88
1445,0.000198,3.66,3.9
1446,0.00019808,3.66,3.9
1447,0.00019816000000000001,3.68,3.9
1448,0.00019824,3.68,3.92
1449,0.00019831999999999999,3.7,3.94
1450,0.0001984,3.7,3.94
1451,0.00019848,3.7,3.96
1452,0.00019856,3.72,3.96
1453,0.00019863999999999998,3.74,3.98
1454,0.00019872,3.74,4.0
1455,0.0001988,3.7600000000000002,4.0
1456,0.00019888,3.7600000000000002,4.0200000000000005
1457,0.00019896,3.7800000000000002,4.04
1458,0.00019904,3.7800000000000002,4.0200000000000005
1459,0.00019912,3.8000000000000003,4.04
1460,0.00019920000000000002,3.8000000000000003,4.04
1461,0.00019928,3.8200000000000003,4.0600000000000005
1462,0.00019936,3.84,4.08
1463,0.00019944,3.84,4.08
1464,0.00019952000000000001,3.84,4.1
1465,0.0001996,3.86,4.1
1466,0.00019967999999999999,3.86,4.1
1467,0.00019976,3.86,4.12
1468,0.00019984,3.88,4.14
1469,0.00019992,3.9,4.16
1470,0.00019999999999999998,3.9,4.16
1471,0.00020008,3.92,4.16
1472,0.00020016,3.92,4.18
1473,0.00020024,3.94,4.2
1474,0.00020031999999999998,3.94,4.2
1475,0.0002004,3.96,4.22
1476,0.00020048,3.96,4.22
1477,0.00020056000000000002,3.98,4.24
1478,0.00020064,4.0,4.24
1479,0.00020072,4.0,4.26
1480,0.0002008,4.0,4.26
1481,0.00020088000000000001,4.0200000000000005,4.28
1482,0.00020096,4.0200000000000005,4.28
1483,0.00020103999999999999,4.04,4.3
1484,0.00020112,4.04,4.3
1485,0.0002012,4.0600000000000005,4.32
1486,0.00020128,4.08,4.34
1487,0.00020135999999999998,4.08,4.34
1488,0.00020144,4.08,4.34
1489,0.00020152,4.1,4.36
1490,0.0002016,4.1,4.38
1491,0.00020167999999999998,4.12,4.38
1492,0.00020176,4.14,4.4
1493,0.00020184,4.14,4.42
1494,0.00020192000000000002,4.14,4.42
1495,0.000202,4.16,4.44
1496,0.00020208,4.16,4.44
1497,0.00020216,4.18,4.46
1498,0.00020224000000000002,4.2,4.46
1499,0.00020232,4.2,4.48
1500,0.0002024,4.22,4.48
1501,0.00020248,4.24,4.48
1502,0.00020256,4.24,4.5
1503,0.00020264,4.24,4.5200000000000005
1504,0.00020271999999999998,4.24,4.54
1505,0.0002028,4.26,4.54
1506,0.00020288,4.28,4.54
1507,0.00020296,4.28,4.5600000000000005
1508,0.00020303999999999998,4.3,4.5600000000000005
1509,0.00020312,4.3,4.58
1510,0.0002032,4.32,4.58
1511,0.00020328000000000002,4.32,4.6000000000000005
1512,0.00020336,4.34,4.6000000000000005
1513,0.00020344,4.34,4.62
1514,0.00020352,4.34,4.64
1515,0.00020360000000000002,4.36,4.64
1516,0.00020368,4.38,4.64
1517,0.00020376,4.38,4.66
1518,0.00020384,4.4,4.68
1519,0.00020392,4.42,4.68
1520,0.000204,4.42,4.68
1521,0.00020407999999999998,4.44,4.7
1522,0.00020416,4.44,4.7
1523,0.00020424,4.44,4.72
1524,0.00020432,4.46,4.74
1525,0.00020439999999999998,4.46,4.76
1526,0.00020448,4.48,4.76
1527,0.00020456,4.5,4.76
1528,0.00020464,4.5,4.78
1529,0.00020472,4.5,4.8
1530,0.0002048,4.5200000000000005,4.8
1531,0.00020488,4.54,4.82
1532,0.00020496,4.54,4.84
1533,0.00020504,4.5600000000000005,4.82
1534,0.00020512,4.5600000000000005,4.84
1535,0.0002052,4.58,4.86
1536,0.00020528,4.6000000000000005,4.86
1537,0.00020536,4.58,4.88
1538,0.00020544,4.6000000000000005,4.88
1539,0.00020552,4.62,4.9
1540,0.0002056,4.62,4.9
1541,0.00020568,4.64,4.92
1542,0.00020576,4.64,4.92
1543,0.00020584,4.66,4.94
1544,0.00020592,4.66,4.94
1545,0.000206,4.16,0.68
1546,0.00020608,3.56,0.16
1547,0.00020616,3.06,0.1
1548,0.00020624,2.64,0.1
1549,0.00020632,2.3000000000000003,0.08
1550,0.0002064,2.02,0.1
1551,0.00020648,1.76,0.12
1552,0.00020656,1.54,0.12
1553,0.00020664,1.36,0.12
1554,0.00020672,1.2,0.14
1555,0.0002068,1.06,0.14
1556,0.00020688,0.96,0.16
1557,0.00020696,0.86,0.16
1558,0.00020704,0.76,0.16
1559,0.00020712,0.68,0.18
1560,0.0002072,0.64,0.18
1561,0.00020728,0.58,0.2
1562,0.00020736,0.54,0.2
1563,0.00020744,0.5,0.22
1564,0.00020752,0.48,0.22
1565,0.0002076,0.46,0.24
1566,0.00020768,0.44,0.24
1567,0.00020776,0.4,0.26
1568,0.00020784,0.4,0.26
1569,0.00020792,0.38,0.28
1570,0.000208,0.38,0.28
1571,0.00020808,0.38,0.3
1572,0.00020816,0.38,0.3
1573,0.00020824,0.36,0.3
1574,0.00020832,0.36,0.34
1575,0.0002084,0.36,0.32
1576,0.00020848,0.36,0.34
1577,0.00020856,0.36,0.36
1578,0.00020864,0.38,0.36
1579,0.00020872,0.38,0.38
1580,0.0002088,0.38,0.38
1581,0.00020888,0.38,0.4
1582,0.00020896,0.4,0.42
1583,0.00020904,0.4,0.42
1584,0.00020912,0.4,0.42
1585,0.0002092,0.4,0.44
1586,0.00020928,0.42,0.46
1587,0.00020936,0.42,0.46
1588,0.00020944,0.42,0.48
1589,0.00020952,0.44,0.48
1590,0.0002096,0.44,0.5
1591,0.00020968,0.46,0.52
1592,0.00020976,0.46,0.52
1593,0.00020984,0.48,0.54
1594,0.00020992,0.48,0.54
1595,0.00021,0.5,0.56
1596,0.00021008,0.5,0.56
1597,0.00021016,0.52,0.58
1598,0.00021024,0.52,0.58
1599,0.00021032,0.54,0.6
1600,0.0002104,0.54,0.6
1601,0.00021048,0.56,0.62
1602,0.00021056,0.56,0.62
1603,0.00021064,0.56,0.64
1604,0.00021072,0.58,0.64
1605,0.0002108,0.58,0.66
1606,0.00021088,0.6,0.66
1607,0.00021096,0.6,0.68
1608,0.00021104,0.62,0.68
1609,0.00021112,0.62,0.68
1610,0.0002112,0.64,0.7000000000000001
1611,0.00021128,0.66,0.72
1612,0.00021136,0.66,0.74
1613,0.00021144,0.68,0.74
1614,0.00021152,0.68,0.76
1615,0.0002116,0.68,0.76
1616,0.00021168,0.68,0.76
1617,0.00021176,0.7000000000000001,0.8
1618,0.00021184,0.72,0.8
1619,0.00021192,0.72,0.8
1620,0.000212,0.74,0.8200000000000001
1621,0.00021208,0.74,0.8200000000000001
1622,0.00021216,0.76,0.84
1623,0.00021224,0.78,0.84
1624,0.00021232,0.78,0.86
1625,0.0002124,0.8,0.86
1626,0.00021248,0.8,0.88
1627,0.00021256,0.8,0.9
1628,0.00021264,0.8200000000000001,0.9
1629,0.00021272,0.8,0.92
1630,0.0002128,0.84,0.92
1631,0.00021288,0.84,0.9400000000000001
1632,0.00021296,0.86,0.9400000000000001
1633,0.00021304,0.86,0.96
1634,0.00021312,0.86,0.96
1635,0.0002132,0.88,0.98
1636,0.00021328,0.9,1.0
1637,0.00021336,0.88,1.0
1638,0.00021344,0.92,1.0
1639,0.00021352,0.92,1.02
1640,0.0002136,0.9400000000000001,1.02
1641,0.00021368,0.9400000000000001,1.04
1642,0.00021376,0.96,1.06
1643,0.00021384,0.96,1.06
1644,0.00021392,0.98,1.08
1645,0.000214,0.98,1.08
1646,0.00021408,0.98,1.1
1647,0.00021416,1.0,1.1
1648,0.00021424,1.02,1.12
1649,0.00021432,1.04,1.1400000000000001
1650,0.0002144,1.04,1.12
1651,0.00021448,1.04,1.16
1652,0.00021456,1.06,1.16
1653,0.00021464,1.06,1.18
1654,0.00021472,1.08,1.18
1655,0.0002148,1.06,1.18
1656,0.00021488,1.1,1.2
1657,0.00021496,1.1,1.2
1658,0.00021504,1.12,1.22
1659,0.00021512,1.12,1.24
1660,0.0002152,1.1400000000000001,1.24
1661,0.00021528,1.1400000000000001,1.26
1662,0.00021536,1.16,1.28
1663,0.00021544,1.16,1.28
1664,0.00021552,1.18,1.3
1665,0.0002156,1.18,1.3
1666,0.00021568,1.18,1.32
1667,0.00021576,1.2,1.32
1668,0.00021584,1.2,1.34
1669,0.00021592,1.22,1.34
1670,0.000216,1.24,1.34
1671,0.00021608,1.24,1.36
1672,0.00021616,1.26,1.3800000000000001
1673,0.00021624,1.26,1.3800000000000001
1674,0.00021632,1.26,1.4000000000000001
1675,0.0002164,1.28,1.4000000000000001
1676,0.00021648,1.28,1.42
1677,0.00021656,1.3,1.42
1678,0.00021664,1.32,1.44
1679,0.00021672,1.32,1.44
1680,0.0002168,1.32,1.46
1681,0.00021688,1.34,1.48
1682,0.00021696,1.36,1.48
1683,0.00021704,1.36,1.5
1684,0.00021712,1.36,1.5
1685,0.0002172,1.3800000000000001,1.52
1686,0.00021728,1.4000000000000001,1.52
1687,0.00021736,1.3800000000000001,1.52
1688,0.00021744,1.4000000000000001,1.54
1689,0.00021752,1.42,1.54
1690,0.0002176,1.44,1.56
1691,0.00021768,1.44,1.58
1692,0.00021776,1.46,1.58
1693,0.00021784,1.46,1.6
1694,0.00021792,1.48,1.6
1695,0.000218,1.48,1.6
1696,0.00021808,1.48,1.62
1697,0.00021816,1.5,1.6400000000000001
1698,0.00021824,1.52,1.6400000000000001
1699,0.00021832,1.5,1.6600000000000001
1700,0.0002184,1.54,1.6600000000000001
1701,0.00021848,1.52,1.68
1702,0.00021856,1.56,1.68
1703,0.00021864,1.56,1.7
1704,0.00021872,1.58,1.7
1705,0.0002188,1.58,1.72
1706,0.00021888,1.6,1.72
1707,0.00021896,1.6,1.74
1708,0.00021904,1.6,1.74
1709,0.00021912,1.62,1.76
1710,0.0002192,1.62,1.78
1711,0.00021928,1.6400000000000001,1.78
1712,0.00021936,1.6600000000000001,1.8
1713,0.00021944,1.6600000000000001,1.8
1714,0.00021952,1.68,1.8
1715,0.0002196,1.68,1.82
1716,0.00021968,1.68,1.84
1717,0.00021976,1.7,1.84
1718,0.00021984,1.72,1.86
1719,0.00021992,1.72,1.86
1720,0.00022,1.74,1.8800000000000001
1721,0.00022008,1.72,1.8800000000000001
1722,0.00022016,1.76,1.8800000000000001
1723,0.00022024,1.76,1.9000000000000001
1724,0.00022032,1.78,1.92
1725,0.0002204,1.78,1.94
1726,0.00022048,1.78,1.94
1727,0.00022056,1.8,1.96
1728,0.00022064,1.82,1.96
1729,0.00022072,1.82,1.96
1730,0.0002208,1.84,1.98
1731,0.00022088,1.84,2.0
1732,0.00022096,1.84,2.0
1733,0.00022104,1.86,2.02
1734,0.00022112,1.86,2.02
1735,0.0002212,1.86,2.04
1736,0.00022128,1.9000000000000001,2.04
1737,0.00022136,1.9000000000000001,2.06
1738,0.00022144,1.92,2.06
1739,0.00022152,1.92,2.06
1740,0.0002216,1.92,2.08
1741,0.00022168,1.94,2.1
1742,0.00022176,1.94,2.12
1743,0.00022184,1.96,2.12
1744,0.00022192,1.98,2.12
1745,0.000222,1.98,2.14
1746,0.00022208,2.0,2.16
1747,0.00022216,2.0,2.16
1748,0.00022224,2.02,2.18
1749,0.00022232,2.02,2.18
1750,0.0002224,2.04,2.2
1751,0.00022248,2.04,2.2
1752,0.00022256,2.06,2.2
1753,0.00022264,2.04,2.24
1754,0.00022272,2.06,2.22
1755,0.0002228,2.08,2.24
1756,0.00022288,2.1,2.2600000000000002
1757,0.00022296,2.1,2.2600000000000002
1758,0.00022304,2.12,2.2600000000000002
1759,0.00022312,2.12,2.2800000000000002
1760,0.0002232,2.14,2.3000000000000003
1761,0.00022328,2.14,2.3000000000000003
1762,0.00022336,2.16,2.32
1763,0.00022344,2.16,2.32
1764,0.00022352,2.18,2.34
1765,0.0002236,2.18,2.36
1766,0.00022368,2.2,2.36
1767,0.00022376,2.22,2.38
1768,0.00022384,2.22,2.38
1769,0.00022392,2.24,2.4
1770,0.000224,2.24,2.4
1771,0.00022408,2.24,2.42
1772,0.00022416,2.2600000000000002,2.44
1773,0.00022424,2.2600000000000002,2.44
1774,0.00022432,2.2800000000000002,2.44
1775,0.0002244,2.2800000000000002,2.46
1776,0.00022448,2.3000000000000003,2.46
1777,0.00022456,2.3000000000000003,2.48
1778,0.00022464,2.32,2.48
1779,0.00022472,2.32,2.5
1780,0.0002248,2.34,2.5
1781,0.00022488,2.34,2.52
1782,0.00022496,2.36,2.52
1783,0.00022504,2.36,2.54
1784,0.00022512,2.38,2.54
1785,0.0002252,2.38,2.56
1786,0.00022528,2.4,2.56
1787,0.00022536,2.4,2.58
1788,0.00022544,2.42,2.6
1789,0.00022552,2.42,2.6
1790,0.0002256,2.44,2.6
1791,0.00022568,2.44,2.62
1792,0.00022576,2.46,2.64
1793,0.00022584,2.46,2.64
1794,0.00022592,2.48,2.64
1795,0.000226,2.48,2.66
1796,0.00022608,2.5,2.66
1797,0.00022616,2.5,2.68
1798,0.00022624,2.5,2.7
1799,0.00022632,2.52,2.7
1800,0.0002264,2.52,2.72
1801,0.00022648000000000001,2.54,2.72
1802,0.00022656,2.56,2.74
1803,0.00022664,2.56,2.74
1804,0.00022672,2.58,2.7600000000000002
1805,0.0002268,2.58,2.7600000000000002
1806,0.00022688,2.58,2.7800000000000002
1807,0.00022696,2.6,2.8000000000000003
1808,0.00022704,2.6,2.8000000000000003
1809,0.00022712,2.62,2.82
1810,0.0002272,2.62,2.82
1811,0.00022728,2.64,2.82
1812,0.00022736,2.66,2.84
1813,0.00022744,2.66,2.84
1814,0.00022752,2.66,2.86
1815,0.0002276,2.68,2.86
1816,0.00022768,2.7,2.88
1817,0.00022776,2.7,2.9
1818,0.00022784,2.7,2.92
1819,0.00022792,2.72,2.92
1820,0.000228,2.74,2.92
1821,0.00022808,2.74,2.94
1822,0.00022816,2.74,2.94
1823,0.00022824,2.74,2.96
1824,0.00022832,2.7600000000000002,2.98
1825,0.0002284,2.7800000000000002,2.98
1826,0.00022848,2.7800000000000002,3.0
1827,0.00022856,2.8000000000000003,3.0
1828,0.00022864,2.8000000000000003,3.0
1829,0.00022872,2.82,3.02
1830,0.0002288,2.82,3.02
1831,0.00022888,2.84,3.04
1832,0.00022896,2.84,3.06
1833,0.00022904,2.88,3.06
1834,0.00022912,2.86,3.08
1835,0.0002292,2.88,3.08
1836,0.00022928,2.88,3.1
1837,0.00022936,2.9,3.1
1838,0.00022944,2.92,3.12
1839,0.00022952,2.92,3.12
1840,0.0002296,2.94,3.14
1841,0.00022968,2.94,3.14
1842,0.00022976,2.96,3.16
1843,0.00022984,2.96,3.18
1844,0.00022992,2.96,3.18
1845,0.00023,2.98,3.18
1846,0.00023008,2.98,3.22
1847,0.00023016,3.0,3.2
1848,0.00023024,3.02,3.22
1849,0.00023032,3.02,3.24
1850,0.0002304,3.02,3.24
1851,0.00023048,3.06,3.2600000000000002
1852,0.00023056,3.06,3.2600000000000002
1853,0.00023064,3.06,3.2800000000000002
1854,0.00023072000000000001,3.08,3.3000000000000003
1855,0.0002308,3.1,3.3000000000000003
1856,0.00023088,3.1,3.3000000000000003
1857,0.00023096,3.12,3.3200000000000003
1858,0.00023104,3.12,3.3200000000000003
1859,0.00023112,3.14,3.34
1860,0.0002312,3.14,3.34
1861,0.00023128,3.14,3.36
1862,0.00023136,3.16,3.36
1863,0.00023144,3.18,3.38
1864,0.00023152,3.18,3.38
1865,0.0002316,3.18,3.4
1866,0.00023168,3.2,3.42
1867,0.00023176,3.2,3.42
1868,0.00023184,3.22,3.44
1869,0.00023192,3.22,3.44
1870,0.000232,3.24,3.46
1871,0.00023208,3.24,3.46
1872,0.00023216,3.2600000000000002,3.48
1873,0.00023224,3.2600000000000002,3.48
1874,0.00023232,3.3000000000000003,3.52
1875,0.0002324,3.2800000000000002,3.5
1876,0.00023248,3.3000000000000003,3.52
1877,0.00023256,3.3200000000000003,3.52
1878,0.00023264,3.3200000000000003,3.54
1879,0.00023272,3.3200000000000003,3.56
1880,0.0002328,3.34,3.56
1881,0.00023288,3.36,3.56
1882,0.00023296,3.36,3.58
1883,0.00023304,3.36,3.6
1884,0.00023312,3.38,3.6
1885,0.0002332,3.38,3.62
1886,0.00023328,3.4,3.62
1887,0.00023336,3.4,3.64
1888,0.00023344,3.42,3.64
1889,0.00023352,3.44,3.66
1890,0.0002336,3.44,3.68
1891,0.00023368,3.46,3.68
1892,0.00023376,3.46,3.68
1893,0.00023384,3.46,3.72
1894,0.00023392,3.48,3.72
1895,0.000234,3.5,3.72
1896,0.00023408,3.5,3.74
1897,0.00023416,3.52,3.74
1898,0.00023424,3.52,3.7600000000000002
1899,0.00023432,3.52,3.7800000000000002
1900,0.0002344,3.54,3.7800000000000002
1901,0.00023448,3.54,3.8000000000000003
1902,0.00023456,3.56,3.8000000000000003
1903,0.00023464,3.58,3.8200000000000003
1904,0.00023472,3.58,3.84
1905,0.0002348,3.58,3.84
1906,0.00023488,3.6,3.84
1907,0.00023496000000000001,3.6,3.84
1908,0.00023504,3.62,3.86
1909,0.00023512,3.64,3.88
1910,0.0002352,3.64,3.88
1911,0.00023528,3.66,3.9
1912,0.00023536,3.66,3.9
1913,0.00023544,3.68,3.92
1914,0.00023552,3.68,3.94
1915,0.0002356,3.7,3.94
1916,0.00023568,3.7,3.94
1917,0.00023576,3.72,3.96
1918,0.00023584,3.72,3.96
1919,0.00023592,3.74,3.98
1920,0.000236,3.74,4.0
1921,0.00023608,3.7600000000000002,4.0
1922,0.00023616,3.7600000000000002,4.0
1923,0.00023624,3.7800000000000002,4.0200000000000005
1924,0.00023632,3.7800000000000002,4.04
1925,0.0002364,3.8000000000000003,4.04
1926,0.00023648,3.8000000000000003,4.0600000000000005
1927,0.00023656,3.8200000000000003,4.0600000000000005
1928,0.00023664,3.8200000000000003,4.0600000000000005
1929,0.00023672,3.84,4.08
1930,0.0002368,3.86,4.1
1931,0.00023688,3.88,4.1
1932,0.00023696,3.86,4.12
1933,0.00023704,3.88,4.12
1934,0.00023712,3.9,4.14
1935,0.0002372,3.9,4.16
1936,0.00023728,3.9,4.16
1937,0.00023736,3.92,4.18
1938,0.00023744,3.92,4.18
1939,0.00023752,3.94,4.2
1940,0.0002376,3.94,4.2
1941,0.00023768,3.96,4.22
1942,0.00023776,3.96,4.22
1943,0.00023784,4.0,4.24
1944,0.00023792,3.98,4.26
1945,0.000238,4.0,4.24
1946,0.00023808,4.0200000000000005,4.26
1947,0.00023816,4.0200000000000005,4.28
1948,0.00023824,4.04,4.28
1949,0.00023832,4.04,4.3
1950,0.0002384,4.0600000000000005,4.3
1951,0.00023848,4.0600000000000005,4.34
1952,0.00023856,4.0600000000000005,4.34
1953,0.00023864,4.08,4.36
1954,0.00023872,4.1,4.36
1955,0.0002388,4.1,4.36
1956,0.00023888,4.12,4.38
1957,0.00023896,4.14,4.38
1958,0.00023904,4.14,4.4
1959,0.00023912,4.16,4.4
1960,0.00023920000000000001,4.14,4.42
1961,0.00023928,4.16,4.44
1962,0.00023936,4.18,4.44
1963,0.00023944,4.18,4.46
1964,0.00023952,4.2,4.46
1965,0.0002396,4.2,4.48
1966,0.00023968,4.22,4.48
1967,0.00023976,4.22,4.48
1968,0.00023984,4.24,4.5
1969,0.00023992,4.24,4.5200000000000005
1970,0.00024,4.24,4.5200000000000005
1971,0.00024008,4.28,4.54
1972,0.00024016,4.28,4.54
1973,0.00024024,4.28,4.5600000000000005
1974,0.00024032,4.3,4.5600000000000005
1975,0.0002404,4.3,4.58
1976,0.00024048,4.32,4.58
1977,0.00024056,4.32,4.6000000000000005
1978,0.00024064,4.34,4.6000000000000005
1979,0.00024072,4.34,4.62
1980,0.0002408,4.36,4.64
1981,0.00024088,4.36,4.64
1982,0.00024096,4.38,4.64
1983,0.00024104,4.38,4.66
1984,0.00024112,4.4,4.68
1985,0.0002412,4.42,4.68
1986,0.00024128,4.42,4.7
1987,0.00024136,4.42,4.7
1988,0.00024144,4.44,4.72
1989,0.00024152,4.44,4.72
1990,0.0002416,4.46,4.74
1991,0.00024168,4.46,4.74
1992,0.00024176,4.48,4.78
1993,0.00024184,4.5,4.76
1994,0.00024192,4.5,4.78
1995,0.000242,4.5,4.8
1996,0.00024208,4.5200000000000005,4.8
1997,0.00024216,4.5200000000000005,4.82
1998,0.00024224,4.54,4.82
1999,0.00024232,4.5600000000000005,4.84
