,time,v1,v2
0,-0.01584,1.3,1.36
1,-0.015824,1.32,1.3800000000000001
2,-0.015808,1.32,1.3800000000000001
3,-0.015792,1.34,1.4000000000000001
4,-0.015776,1.34,1.42
5,-0.01576,1.36,1.42
6,-0.015744,1.36,1.42
7,-0.015728,1.3800000000000001,1.42
8,-0.015712,1.3800000000000001,1.44
9,-0.015696,1.4000000000000001,1.46
10,-0.01568,1.4000000000000001,1.48
11,-0.015664,1.42,1.46
12,-0.015648,1.42,1.5
13,-0.015632,1.44,1.5
14,-0.015616,1.44,1.52
15,-0.0156,1.46,1.52
16,-0.015584,1.46,1.54
17,-0.015568,1.48,1.54
18,-0.015552,1.48,1.56
19,-0.015536,1.5,1.56
20,-0.015519999999999999,1.52,1.58
21,-0.015504,1.52,1.58
22,-0.015488,1.54,1.6
23,-0.015472,1.54,1.6
24,-0.015456,1.56,1.62
25,-0.01544,1.56,1.6400000000000001
26,-0.015424,1.58,1.6400000000000001
27,-0.015408,1.58,1.6600000000000001
28,-0.015392,1.6,1.6600000000000001
29,-0.015376,1.6,1.68
30,-0.01536,1.62,1.68
31,-0.015344,1.62,1.7
32,-0.015328,1.62,1.7
33,-0.015312,1.6600000000000001,1.72
34,-0.015296,1.6600000000000001,1.74
35,-0.01528,1.6600000000000001,1.74
36,-0.015264,1.68,1.76
37,-0.015248,1.68,1.76
38,-0.015232,1.68,1.78
39,-0.015216,1.72,1.78
40,-0.0152,1.72,1.78
41,-0.015184,1.74,1.8
42,-0.015168,1.74,1.82
43,-0.015152,1.76,1.82
44,-0.015136,1.76,1.84
45,-0.01512,1.76,1.84
46,-0.015104,1.8,1.86
47,-0.015088,1.8,1.8800000000000001
48,-0.015072,1.82,1.8800000000000001
49,-0.015056,1.8,1.8800000000000001
50,-0.01504,1.84,1.9000000000000001
51,-0.015024,1.84,1.9000000000000001
52,-0.015008,1.84,1.92
53,-0.014992,1.84,1.94
54,-0.014976,1.86,1.94
55,-0.01496,1.86,1.96
56,-0.014944,1.8800000000000001,1.98
57,-0.014928,1.9000000000000001,1.98
58,-0.014912,1.92,2.0
59,-0.014896,1.92,2.0
60,-0.01488,1.94,2.02
61,-0.014864,1.94,2.04
62,-0.014848,1.96,2.04
63,-0.014832,1.98,2.04
64,-0.014816,1.98,2.06
65,-0.0148,1.98,2.06
66,-0.014784,2.0,2.08
67,-0.014768,2.02,2.1
68,-0.014752,2.02,2.1
69,-0.014735999999999999,2.02,2.12
70,-0.01472,2.04,2.12
71,-0.014704,2.04,2.14
72,-0.014688,2.06,2.14
73,-0.014672,2.08,2.16
74,-0.014656,2.08,2.16
75,-0.01464,2.08,2.18
76,-0.014624,2.1,2.2
77,-0.014608,2.12,2.18
78,-0.014592,2.12,2.22
79,-0.014576,2.14,2.24
80,-0.01456,2.14,2.24
81,-0.014544,2.16,2.24
82,-0.014528,2.16,2.2600000000000002
83,-0.014512,2.16,2.2800000000000002
84,-0.014496,2.18,2.2800000000000002
85,-0.01448,2.2,2.2800000000000002
86,-0.014464,2.22,2.2800000000000002
87,-0.014447999999999999,2.22,2.3000000000000003
88,-0.014432,2.22,2.32
89,-0.014416,2.22,2.34
90,-0.0144,2.2600000000000002,2.34
91,-0.014384000000000001,2.2600000000000002,2.36
92,-0.014368,2.2600000000000002,2.36
93,-0.014352,2.2800000000000002,2.38
94,-0.014336,2.2800000000000002,2.4
95,-0.01432,2.2800000000000002,2.4
96,-0.014304,2.3000000000000003,2.42
97,-0.014288,2.32,2.42
98,-0.014272,2.32,2.44
99,-0.014256,2.34,2.44
100,-0.01424,2.36,2.44
101,-0.014224,2.36,2.46
102,-0.014208,2.36,2.48
103,-0.014192,2.36,2.48
104,-0.014176,2.4,2.5
105,-0.01416,2.4,2.5
106,-0.014144,2.4,2.5
107,-0.014128,2.42,2.52
108,-0.014112,2.42,2.54
109,-0.014096000000000001,2.44,2.54
110,-0.01408,2.46,2.56
111,-0.014064,2.48,2.56
112,-0.014048,2.48,2.58
113,-0.014032,2.48,2.58
114,-0.014016,2.5,2.6
115,-0.014,2.5,2.62
116,-0.013984,2.52,2.62
117,-0.013968,2.52,2.62
118,-0.013951999999999999,2.52,2.64
119,-0.013936,2.54,2.66
120,-0.01392,2.56,2.66
121,-0.013904,2.56,2.68
122,-0.013888,2.56,2.68
123,-0.013872,2.58,2.7
124,-0.013856,2.58,2.7
125,-0.01384,2.6,2.72
126,-0.013824,2.62,2.74
127,-0.013808,2.62,2.74
128,-0.013792,2.64,2.74
129,-0.013776,2.64,2.7600000000000002
130,-0.01376,2.66,2.7600000000000002
131,-0.013744,2.66,2.8000000000000003
132,-0.013728,2.68,2.8000000000000003
133,-0.013712,2.68,2.8000000000000003
134,-0.013696,2.7,2.82
135,-0.01368,2.72,2.84
136,-0.013663999999999999,2.72,2.84
137,-0.013648,2.72,2.86
138,-0.013632,2.74,2.86
139,-0.013616,2.74,2.86
140,-0.013600000000000001,2.7600000000000002,2.88
141,-0.013584,2.7600000000000002,2.9
142,-0.013568,2.7800000000000002,2.9
143,-0.013552,2.7800000000000002,2.92
144,-0.013536,2.8000000000000003,2.94
145,-0.01352,2.8000000000000003,2.94
146,-0.013504,2.82,2.94
147,-0.013488,2.84,2.94
148,-0.013472,2.84,2.98
149,-0.013456,2.84,2.98
150,-0.01344,2.86,2.98
151,-0.013424,2.88,3.0
152,-0.013408,2.88,3.0
153,-0.013392,2.9,3.02
154,-0.013375999999999999,2.9,3.04
155,-0.01336,2.92,3.04
156,-0.013344,2.94,3.06
157,-0.013328,2.94,3.06
158,-0.013312000000000001,2.96,3.08
159,-0.013296,2.96,3.08
160,-0.01328,2.98,3.1
161,-0.013264,2.98,3.12
162,-0.013248,2.98,3.12
163,-0.013232,3.0,3.14
164,-0.013216,3.0,3.16
165,-0.0132,3.04,3.16
166,-0.013184,3.04,3.18
167,-0.013168,3.06,3.2
168,-0.013152,3.04,3.18
169,-0.013136,3.06,3.2
170,-0.01312,3.06,3.22
171,-0.013104000000000001,3.08,3.24
172,-0.013088,3.1,3.24
173,-0.013072,3.1,3.2600000000000002
174,-0.013056,3.14,3.2600000000000002
175,-0.01304,3.14,3.2800000000000002
176,-0.013024,3.14,3.2800000000000002
177,-0.013008,3.14,3.3000000000000003
178,-0.012992,3.16,3.3000000000000003
179,-0.012976,3.18,3.3200000000000003
180,-0.01296,3.18,3.3200000000000003
181,-0.012944,3.18,3.34
182,-0.012928,3.2,3.34
183,-0.012912,3.22,3.36
184,-0.012896,3.22,3.38
185,-0.012879999999999999,3.24,3.38
186,-0.012864,3.24,3.4
187,-0.012848,3.2600000000000002,3.4
188,-0.012832,3.2600000000000002,3.42
189,-0.012816000000000001,3.2800000000000002,3.42
190,-0.0128,3.2800000000000002,3.44
191,-0.012784,3.3200000000000003,3.44
192,-0.012768,3.3200000000000003,3.46
193,-0.012752,3.3200000000000003,3.46
194,-0.012736,3.34,3.48
195,-0.01272,3.36,3.5
196,-0.012704,3.34,3.5
197,-0.012688,3.36,3.52
198,-0.012672,3.36,3.52
199,-0.012656,3.38,3.52
200,-0.01264,3.38,3.54
201,-0.012624,3.42,3.56
202,-0.012608,3.42,3.56
203,-0.012591999999999999,3.42,3.56
204,-0.012576,3.44,3.6
205,-0.01256,3.44,3.6
206,-0.012544,3.46,3.6
207,-0.012528000000000001,3.46,3.62
208,-0.012512,3.48,3.62
209,-0.012496,3.5,3.64
210,-0.01248,3.5,3.66
211,-0.012464,3.52,3.66
212,-0.012448,3.52,3.68
213,-0.012432,3.54,3.68
214,-0.012416,3.54,3.7
215,-0.0124,3.56,3.72
216,-0.012384,3.56,3.72
217,-0.012368,3.56,3.72
218,-0.012352,3.58,3.74
219,-0.012336,3.6,3.7600000000000002
220,-0.012320000000000001,3.6,3.7600000000000002
221,-0.012304,3.6,3.7800000000000002
222,-0.012288,3.62,3.7800000000000002
223,-0.012272,3.64,3.8000000000000003
224,-0.012256,3.64,3.8200000000000003
225,-0.012240000000000001,3.66,3.8200000000000003
226,-0.012224,3.66,3.8200000000000003
227,-0.012208,3.7,3.84
228,-0.012192,3.7,3.86
229,-0.012176,3.72,3.86
230,-0.01216,3.7,3.88
231,-0.012144,3.74,3.88
232,-0.012128,3.72,3.9
233,-0.012112,3.74,3.92
234,-0.012095999999999999,3.74,3.94
235,-0.01208,3.7600000000000002,3.94
236,-0.012064,3.7800000000000002,3.94
237,-0.012048,3.7800000000000002,3.96
238,-0.012032000000000001,3.8000000000000003,3.96
239,-0.012016,3.8200000000000003,3.96
240,-0.012,3.8200000000000003,3.98
241,-0.011984,3.8200000000000003,3.98
242,-0.011968,3.84,4.0200000000000005
243,-0.011952,3.84,4.0200000000000005
244,-0.011936,3.86,4.0200000000000005
245,-0.01192,3.88,4.04
246,-0.011904000000000001,3.88,4.04
247,-0.011888,3.9,4.0600000000000005
248,-0.011872,3.9,4.0600000000000005
249,-0.011856,3.9,4.1
250,-0.01184,3.92,4.1
251,-0.011824000000000001,3.92,4.1
252,-0.011807999999999999,3.94,4.1
253,-0.011792,3.96,4.12
254,-0.011776,3.96,4.16
255,-0.01176,3.96,4.14
256,-0.011744000000000001,3.98,4.16
257,-0.011727999999999999,4.0,4.18
258,-0.011712,4.0,4.18
259,-0.011696,4.0200000000000005,4.2
260,-0.01168,4.0200000000000005,4.2
261,-0.011664,4.04,4.22
262,-0.011648,4.04,4.22
263,-0.011632,4.0600000000000005,4.22
264,-0.011616000000000001,4.08,4.24
265,-0.0116,4.08,4.26
266,-0.011584,4.1,4.26
267,-0.011568,4.1,4.28
268,-0.011552,4.1,4.3
269,-0.011536000000000001,4.12,4.3
270,-0.011519999999999999,4.14,4.3
271,-0.011504,4.14,4.34
272,-0.011488,4.16,4.34
273,-0.011472,4.16,4.34
274,-0.011456000000000001,4.18,4.36
275,-0.01144,4.18,4.38
276,-0.011424,4.2,4.4
277,-0.011408,4.22,4.4
278,-0.011392,4.22,4.4
279,-0.011376,4.22,4.42
280,-0.01136,4.24,4.42
281,-0.011344,4.24,4.44
282,-0.011328000000000001,4.26,4.44
283,-0.011312,4.26,4.46
284,-0.011296,4.28,4.46
285,-0.01128,4.3,4.48
286,-0.011264,4.3,4.48
287,-0.011248000000000001,4.32,4.5
288,-0.011231999999999999,4.32,4.5200000000000005
289,-0.011216,4.34,4.54
290,-0.0112,4.34,4.54
291,-0.011184,4.36,4.54
292,-0.011168,4.36,4.5600000000000005
293,-0.011152,4.38,4.5600000000000005
294,-0.011136,4.4,4.58
295,-0.011120000000000001,4.4,4.58
296,-0.011104,4.4,4.62
297,-0.011088,4.42,4.62
298,-0.011072,4.42,4.62
299,-0.011056,4.44,4.64
300,-0.011040000000000001,4.44,4.64
301,-0.011023999999999999,4.46,4.66
302,-0.011008,4.46,4.66
303,-0.010992,4.48,4.68
304,-0.010976,4.48,4.68
305,-0.010960000000000001,4.5,4.7
306,-0.010943999999999999,4.5,4.7
307,-0.010928,4.5200000000000005,4.72
308,-0.010912,4.5200000000000005,4.74
309,-0.010896,4.54,4.74
310,-0.01088,4.5600000000000005,4.74
311,-0.010864,4.5600000000000005,4.76
312,-0.010848,4.58,4.78
313,-0.010832000000000001,4.58,4.78
314,-0.010816,4.6000000000000005,4.8
315,-0.0108,4.6000000000000005,4.82
316,-0.010784,4.62,4.82
317,-0.010768,4.62,4.84
318,-0.010752000000000001,4.64,4.84
319,-0.010735999999999999,4.64,4.84
320,-0.01072,4.66,4.86
321,-0.010704,4.66,4.88
322,-0.010688,4.68,4.88
323,-0.010672000000000001,4.7,4.9
324,-0.010656,4.7,4.9
325,-0.01064,4.72,4.92
326,-0.010624,4.72,4.94
327,-0.010608,4.74,4.94
328,-0.010592,4.74,4.94
329,-0.010576,4.76,4.96
330,-0.01056,0.06,0.04
331,-0.010544000000000001,0.04,0.02
332,-0.010528,0.02,0.02
333,-0.010512,0.04,0.04
334,-0.010496,0.04,0.04
335,-0.01048,0.06,0.06
336,-0.010464000000000001,0.06,0.08
337,-0.010447999999999999,0.08,0.08
338,-0.010432,0.08,0.08
339,-0.010416,0.1,0.1
340,-0.0104,0.1,0.12
341,-0.010384000000000001,0.12,0.12
342,-0.010368,0.14,0.14
343,-0.010352,0.14,0.16
344,-0.010336000000000001,0.14,0.16
345,-0.01032,0.16,0.18
346,-0.010304,0.16,0.2
347,-0.010288,0.18,0.2
348,-0.010272,0.18,0.2
349,-0.010256000000000001,0.2,0.22
350,-0.010239999999999999,0.2,0.22
351,-0.010224,0.22,0.24
352,-0.010208,0.22,0.24
353,-0.010192,0.24,0.26
354,-0.010176000000000001,0.26,0.28
355,-0.010159999999999999,0.26,0.26
356,-0.010144,0.28,0.3
357,-0.010128,0.28,0.3
358,-0.010112,0.3,0.32
359,-0.010096,0.32,0.32
360,-0.01008,0.32,0.34
361,-0.010064,0.32,0.36
362,-0.010048000000000001,0.34,0.36
363,-0.010032,0.36,0.36
364,-0.010016,0.36,0.38
365,-0.01,0.38,0.4
366,-0.009984,0.38,0.4
367,-0.009968000000000001,0.38,0.42
368,-0.009951999999999999,0.4,0.42
369,-0.009936,0.4,0.44
370,-0.00992,0.42,0.44
371,-0.009904,0.44,0.46
372,-0.009888000000000001,0.44,0.46
373,-0.009872,0.46,0.48
374,-0.009856,0.46,0.48
375,-0.00984,0.48,0.5
376,-0.009824,0.48,0.52
377,-0.009808,0.5,0.52
378,-0.009792,0.5,0.54
379,-0.009776,0.52,0.54
380,-0.009760000000000001,0.52,0.56
381,-0.009744,0.54,0.56
382,-0.009728,0.56,0.56
383,-0.009712,0.56,0.58
384,-0.009696,0.58,0.6
385,-0.009680000000000001,0.58,0.6
386,-0.009663999999999999,0.6,0.62
387,-0.009648,0.6,0.62
388,-0.009632,0.62,0.64
389,-0.009616,0.64,0.66
390,-0.009600000000000001,0.64,0.66
391,-0.009584,0.64,0.68
392,-0.009568,0.66,0.68
393,-0.009552000000000001,0.68,0.7000000000000001
394,-0.009536,0.68,0.7000000000000001
395,-0.00952,0.7000000000000001,0.72
396,-0.009504,0.68,0.74
397,-0.009488,0.72,0.74
398,-0.009472000000000001,0.72,0.74
399,-0.009455999999999999,0.72,0.76
400,-0.00944,0.74,0.78
401,-0.009424,0.76,0.78
402,-0.009408,0.76,0.8
403,-0.009392000000000001,0.78,0.8
404,-0.009375999999999999,0.8,0.8200000000000001
405,-0.00936,0.8,0.8200000000000001
406,-0.009344,0.8200000000000001,0.84
407,-0.009328,0.8200000000000001,0.86
408,-0.009312,0.8200000000000001,0.84
409,-0.009296,0.84,0.88
410,-0.00928,0.84,0.86
411,-0.009264000000000001,0.86,0.9
412,-0.009248,0.88,0.9
413,-0.009232,0.88,0.92
414,-0.009216,0.9,0.92
415,-0.0092,0.9,0.9400000000000001
416,-0.009184000000000001,0.92,0.96
417,-0.009167999999999999,0.92,0.96
418,-0.009152,0.9400000000000001,0.98
419,-0.009136,0.9400000000000001,0.98
420,-0.00912,0.96,1.0
421,-0.009104000000000001,0.96,1.0
422,-0.009088,0.98,1.0
423,-0.009072,1.0,1.02
424,-0.009056,1.0,1.04
425,-0.00904,1.02,1.04
426,-0.009024,1.0,1.06
427,-0.009008,1.02,1.08
428,-0.008992,1.04,1.08
429,-0.008976000000000001,1.06,1.1
430,-0.00896,1.06,1.1
431,-0.008944,1.06,1.1
432,-0.008928,1.06,1.1400000000000001
433,-0.008912,1.1,1.12
434,-0.008896000000000001,1.1,1.16
435,-0.008879999999999999,1.1,1.16
436,-0.008864,1.12,1.18
437,-0.008848,1.1400000000000001,1.18
438,-0.008832,1.1400000000000001,1.2
439,-0.008816000000000001,1.16,1.2
440,-0.0088,1.16,1.22
441,-0.008784,1.18,1.22
442,-0.008768000000000001,1.2,1.24
443,-0.008752,1.2,1.26
444,-0.008736,1.2,1.26
445,-0.00872,1.22,1.28
446,-0.008704,1.24,1.3
447,-0.008688000000000001,1.24,1.3
448,-0.008672,1.24,1.3
449,-0.008656,1.26,1.32
450,-0.00864,1.28,1.34
451,-0.008624,1.28,1.34
452,-0.008608000000000001,1.3,1.34
453,-0.008591999999999999,1.3,1.36
454,-0.008576,1.32,1.36
455,-0.00856,1.32,1.3800000000000001
456,-0.008544,1.34,1.4000000000000001
457,-0.008528,1.34,1.42
458,-0.008512,1.36,1.42
459,-0.008496,1.36,1.44
460,-0.008480000000000001,1.36,1.44
461,-0.008464,1.3800000000000001,1.44
462,-0.008448,1.4000000000000001,1.46
463,-0.008432,1.4000000000000001,1.46
464,-0.008416,1.42,1.48
465,-0.008400000000000001,1.42,1.5
466,-0.008383999999999999,1.44,1.5
467,-0.008368,1.46,1.52
468,-0.008352,1.46,1.52
469,-0.008336,1.48,1.54
470,-0.008320000000000001,1.48,1.54
471,-0.008304,1.48,1.56
472,-0.008288,1.5,1.56
473,-0.008272,1.52,1.58
474,-0.008256,1.52,1.58
475,-0.00824,1.54,1.58
476,-0.008224,1.54,1.62
477,-0.008208,1.56,1.62
478,-0.008192000000000001,1.56,1.6400000000000001
479,-0.008176,1.58,1.6400000000000001
480,-0.00816,1.58,1.6600000000000001
481,-0.008144,1.58,1.6600000000000001
482,-0.008128,1.6,1.68
483,-0.008112000000000001,1.6,1.68
484,-0.008095999999999999,1.62,1.7
485,-0.00808,1.6400000000000001,1.72
486,-0.008064,1.6400000000000001,1.72
487,-0.008048,1.6600000000000001,1.72
488,-0.008032000000000001,1.68,1.72
489,-0.008016,1.68,1.76
490,-0.008,1.68,1.76
491,-0.007984,1.7,1.78
492,-0.007968000000000001,1.72,1.78
493,-0.007952,1.72,1.78
494,-0.007936,1.74,1.8
495,-0.00792,1.74,1.82
496,-0.007904,1.76,1.82
497,-0.007888000000000001,1.76,1.84
498,-0.007872,1.76,1.84
499,-0.007856,1.8,1.86
500,-0.00784,1.78,1.86
501,-0.007824000000000001,1.8,1.8800000000000001
502,-0.007808000000000001,1.82,1.9000000000000001
503,-0.007792,1.82,1.9000000000000001
504,-0.007776,1.84,1.92
505,-0.0077599999999999995,1.84,1.92
506,-0.007744000000000001,1.86,1.94
507,-0.0077280000000000005,1.86,1.94
508,-0.007712,1.8800000000000001,1.96
509,-0.007696,1.9000000000000001,1.98
510,-0.007680000000000001,1.9000000000000001,1.98
511,-0.007664000000000001,1.9000000000000001,2.0
512,-0.007648,1.92,2.02
513,-0.007632,1.94,2.02
514,-0.0076159999999999995,1.94,2.04
515,-0.007600000000000001,1.96,2.04
516,-0.0075840000000000005,1.96,2.04
517,-0.007568,1.98,2.06
518,-0.007552,1.98,2.08
519,-0.007536000000000001,2.0,2.06
520,-0.007520000000000001,2.0,2.1
521,-0.007504,2.02,2.12
522,-0.007488,2.02,2.12
523,-0.0074719999999999995,2.04,2.12
524,-0.007456000000000001,2.04,2.14
525,-0.00744,2.04,2.14
526,-0.007424,2.08,2.16
527,-0.007408,2.08,2.18
528,-0.007392000000000001,2.1,2.18
529,-0.007376000000000001,2.1,2.2
530,-0.00736,2.12,2.22
531,-0.007344,2.12,2.22
532,-0.0073279999999999994,2.14,2.22
533,-0.007312000000000001,2.14,2.24
534,-0.007296,2.14,2.2600000000000002
535,-0.00728,2.16,2.2600000000000002
536,-0.007264,2.18,2.2600000000000002
537,-0.007248000000000001,2.16,2.2800000000000002
538,-0.007232000000000001,2.2,2.3000000000000003
539,-0.007216,2.2,2.3000000000000003
540,-0.0072,2.22,2.32
541,-0.007184000000000001,2.24,2.3000000000000003
542,-0.007168000000000001,2.24,2.34
543,-0.007152,2.24,2.34
544,-0.007136,2.2600000000000002,2.36
545,-0.00712,2.2800000000000002,2.36
546,-0.007104000000000001,2.2800000000000002,2.38
547,-0.0070880000000000006,2.2800000000000002,2.38
548,-0.007072,2.3000000000000003,2.4
549,-0.007056,2.3000000000000003,2.42
550,-0.007040000000000001,2.32,2.42
551,-0.007024000000000001,2.32,2.44
552,-0.007008,2.34,2.44
553,-0.006992,2.36,2.46
554,-0.0069759999999999996,2.36,2.48
555,-0.006960000000000001,2.38,2.46
556,-0.0069440000000000005,2.38,2.48
557,-0.006928,2.4,2.48
558,-0.006912,2.4,2.5
559,-0.006896000000000001,2.42,2.52
560,-0.006880000000000001,2.42,2.52
561,-0.006864,2.44,2.54
562,-0.006848,2.44,2.54
563,-0.0068319999999999995,2.46,2.58
564,-0.006816000000000001,2.46,2.56
565,-0.0068000000000000005,2.46,2.58
566,-0.006784,2.46,2.6
567,-0.006768,2.5,2.6
568,-0.006752000000000001,2.5,2.62
569,-0.006736000000000001,2.5,2.62
570,-0.00672,2.52,2.62
571,-0.006704,2.52,2.66
572,-0.0066879999999999995,2.56,2.66
573,-0.006672000000000001,2.56,2.68
574,-0.0066560000000000005,2.58,2.68
575,-0.00664,2.58,2.68
576,-0.006624,2.58,2.68
577,-0.006608000000000001,2.58,2.72
578,-0.006592000000000001,2.6,2.72
579,-0.006576,2.62,2.72
580,-0.00656,2.64,2.7600000000000002
581,-0.0065439999999999995,2.64,2.7600000000000002
582,-0.006528000000000001,2.64,2.7600000000000002
583,-0.006512,2.66,2.7800000000000002
584,-0.006496,2.66,2.7800000000000002
585,-0.00648,2.68,2.8000000000000003
586,-0.006464000000000001,2.68,2.8000000000000003
587,-0.006448000000000001,2.7,2.84
588,-0.006432,2.72,2.82
589,-0.006416,2.72,2.84
590,-0.006400000000000001,2.72,2.84
591,-0.006384000000000001,2.74,2.86
592,-0.006368,2.74,2.88
593,-0.006352,2.7600000000000002,2.88
594,-0.006336,2.7800000000000002,2.88
595,-0.006320000000000001,2.7800000000000002,2.92
596,-0.006304000000000001,2.8000000000000003,2.92
597,-0.006288,2.8000000000000003,2.92
598,-0.006272,2.82,2.94
599,-0.006256000000000001,2.82,2.94
600,-0.006240000000000001,2.84,2.98
601,-0.006224,2.86,2.96
602,-0.006208,2.86,2.98
603,-0.006192,2.86,2.98
604,-0.006176000000000001,2.88,3.0
605,-0.0061600000000000005,2.9,3.02
606,-0.006144,2.9,3.02
607,-0.006128,2.9,3.04
608,-0.006112000000000001,2.92,3.04
609,-0.006096000000000001,2.92,3.06
610,-0.00608,2.94,3.08
611,-0.006064,2.94,3.08
612,-0.0060479999999999996,2.98,3.08
613,-0.006032000000000001,2.98,3.1
614,-0.0060160000000000005,2.98,3.12
615,-0.006,2.98,3.12
616,-0.005984,3.0,3.14
617,-0.005968000000000001,3.02,3.14
618,-0.005952000000000001,3.02,3.16
619,-0.005936,3.04,3.16
620,-0.00592,3.04,3.18
621,-0.0059039999999999995,3.06,3.2
622,-0.005888000000000001,3.06,3.2
623,-0.0058720000000000005,3.06,3.22
624,-0.005856,3.08,3.22
625,-0.00584,3.1,3.24
626,-0.005824000000000001,3.1,3.24
627,-0.005808000000000001,3.12,3.2600000000000002
628,-0.005792,3.12,3.2600000000000002
629,-0.005776,3.14,3.2800000000000002
630,-0.005760000000000001,3.16,3.3000000000000003
631,-0.005744000000000001,3.16,3.3000000000000003
632,-0.0057280000000000005,3.18,3.3200000000000003
633,-0.005712,3.18,3.34
634,-0.005696,3.2,3.34
635,-0.005680000000000001,3.22,3.34
636,-0.005664000000000001,3.22,3.36
637,-0.005648,3.22,3.38
638,-0.005632,3.24,3.38
639,-0.005616000000000001,3.24,3.4
640,-0.005600000000000001,3.2600000000000002,3.4
641,-0.005584,3.2600000000000002,3.42
642,-0.005568,3.2800000000000002,3.42
643,-0.005552,3.3000000000000003,3.44
644,-0.005536000000000001,3.3000000000000003,3.44
645,-0.005520000000000001,3.3200000000000003,3.46
646,-0.005504,3.3200000000000003,3.46
647,-0.005488,3.34,3.48
648,-0.005472000000000001,3.34,3.5
649,-0.005456000000000001,3.36,3.5
650,-0.00544,3.36,3.52
651,-0.005424,3.38,3.52
652,-0.005408,3.38,3.52
653,-0.005392000000000001,3.4,3.56
654,-0.005376000000000001,3.4,3.56
655,-0.00536,3.42,3.56
656,-0.005344,3.44,3.58
657,-0.005328000000000001,3.42,3.58
658,-0.005312000000000001,3.44,3.6
659,-0.005296,3.46,3.6
660,-0.00528,3.46,3.62
661,-0.005264,3.48,3.62
662,-0.005248000000000001,3.48,3.64
663,-0.0052320000000000005,3.5,3.66
664,-0.005216,3.5,3.66
665,-0.0052,3.52,3.68
666,-0.005184000000000001,3.54,3.68
667,-0.005168000000000001,3.54,3.7
668,-0.005152,3.54,3.72
669,-0.005136,3.56,3.72
670,-0.0051199999999999996,3.58,3.72
671,-0.005104000000000001,3.6,3.74
672,-0.0050880000000000005,3.6,3.7600000000000002
673,-0.005072,3.6,3.7600000000000002
674,-0.005056,3.6,3.7800000000000002
675,-0.005040000000000001,3.64,3.8000000000000003
676,-0.005024000000000001,3.64,3.8000000000000003
677,-0.005008,3.66,3.8200000000000003
678,-0.004992,3.66,3.8200000000000003
679,-0.004976000000000001,3.66,3.84
680,-0.004960000000000001,3.68,3.84
681,-0.0049440000000000005,3.7,3.86
682,-0.004928,3.7,3.86
683,-0.004912,3.72,3.88
684,-0.004896000000000001,3.72,3.88
685,-0.004880000000000001,3.72,3.9
686,-0.004864,3.7600000000000002,3.9
687,-0.004848,3.7600000000000002,3.94
688,-0.004832000000000001,3.7600000000000002,3.94
689,-0.004816000000000001,3.7600000000000002,3.94
690,-0.0048000000000000004,3.7800000000000002,3.94
691,-0.004784,3.8000000000000003,3.96
692,-0.004768,3.8000000000000003,3.96
693,-0.004752000000000001,3.8200000000000003,4.0
694,-0.004736000000000001,3.8200000000000003,4.0
695,-0.00472,3.84,4.0200000000000005
696,-0.004704,3.84,4.0200000000000005
697,-0.004688000000000001,3.86,4.0200000000000005
698,-0.004672000000000001,3.86,4.04
699,-0.004656,3.88,4.04
700,-0.00464,3.88,4.0600000000000005
701,-0.004624,3.9,4.0600000000000005
702,-0.004608000000000001,3.9,4.08
703,-0.004592000000000001,3.92,4.1
704,-0.004576,3.94,4.1
705,-0.00456,3.94,4.12
706,-0.004544000000000001,3.96,4.12
707,-0.004528000000000001,3.96,4.14
708,-0.004512,3.98,4.14
709,-0.004496,4.0,4.16
710,-0.00448,4.0,4.18
711,-0.004464000000000001,4.0200000000000005,4.18
712,-0.0044480000000000006,4.0200000000000005,4.18
713,-0.004432,4.04,4.2
714,-0.004416,4.04,4.22
715,-0.004400000000000001,4.04,4.22
716,-0.004384000000000001,4.0600000000000005,4.24
717,-0.004368,4.08,4.24
718,-0.004352,4.08,4.26
719,-0.004336,4.08,4.26
720,-0.004320000000000001,4.1,4.28
721,-0.0043040000000000005,4.1,4.28
722,-0.004288,4.12,4.3
723,-0.004272,4.12,4.34
724,-0.004256000000000001,4.14,4.34
725,-0.004240000000000001,4.14,4.34
726,-0.004224,4.16,4.34
727,-0.004208,4.2,4.36
728,-0.004192000000000001,4.18,4.36
729,-0.004176000000000001,4.2,4.38
730,-0.0041600000000000005,4.2,4.4
731,-0.004144,4.22,4.4
732,-0.004128,4.22,4.42
733,-0.004112000000000001,4.22,4.42
734,-0.004096000000000001,4.24,4.44
735,-0.00408,4.26,4.46
736,-0.004064,4.26,4.46
737,-0.004048000000000001,4.28,4.46
738,-0.004032000000000001,4.28,4.48
739,-0.0040160000000000005,4.3,4.5
740,-0.004,4.32,4.5
741,-0.003984,4.32,4.5200000000000005
742,-0.003968000000000001,4.32,4.5200000000000005
743,-0.003952000000000001,4.34,4.54
744,-0.003936,4.36,4.54
745,-0.00392,4.36,4.5600000000000005
746,-0.0039040000000000012,4.38,4.58
747,-0.003888000000000001,4.38,4.58
748,-0.0038720000000000004,4.4,4.58
749,-0.003856,4.4,4.6000000000000005
750,-0.0038399999999999997,4.42,4.6000000000000005
751,-0.003824000000000001,4.42,4.62
752,-0.0038080000000000006,4.44,4.64
753,-0.0037920000000000002,4.44,4.66
754,-0.003776,4.46,4.66
755,-0.003760000000000001,4.46,4.66
756,-0.003744000000000001,4.5,4.68
757,-0.0037280000000000004,4.5,4.68
758,-0.003712,4.5,4.7
759,-0.0036959999999999996,4.5200000000000005,4.72
760,-0.003680000000000001,4.5200000000000005,4.72
761,-0.0036640000000000006,4.54,4.74
762,-0.003648,4.54,4.74
763,-0.003632,4.5600000000000005,4.76
764,-0.003616000000000001,4.5600000000000005,4.76
765,-0.0036000000000000008,4.58,4.78
766,-0.0035840000000000004,4.58,4.78
767,-0.003568,4.6000000000000005,4.8
768,-0.0035519999999999996,4.6000000000000005,4.82
769,-0.003536000000000001,4.6000000000000005,4.82
770,-0.0035200000000000006,4.62,4.84
771,-0.003504,4.64,4.84
772,-0.0034879999999999998,4.64,4.86
773,-0.003472000000000001,4.66,4.86
774,-0.0034560000000000007,4.66,4.88
775,-0.0034400000000000003,4.68,4.88
776,-0.003424,4.68,4.9
777,-0.0034080000000000013,4.7,4.9
778,-0.003392000000000001,4.7,4.92
779,-0.0033760000000000005,4.74,4.92
780,-0.00336,4.74,4.94
781,-0.0033439999999999998,4.74,4.94
782,-0.003328000000000001,4.76,4.96
783,-0.0033120000000000007,0.04,0.04
784,-0.0032960000000000003,0.04,0.04
785,-0.00328,0.02,0.04
786,-0.0032640000000000013,0.02,0.02
787,-0.003248000000000001,0.04,0.06
788,-0.0032320000000000005,0.06,0.06
789,-0.003216,0.06,0.06
790,-0.0031999999999999997,0.08,0.06
791,-0.003184000000000001,0.08,0.1
792,-0.0031680000000000007,0.1,0.12
793,-0.0031520000000000003,0.1,0.12
794,-0.003136,0.1,0.12
795,-0.0031200000000000012,0.12,0.14
796,-0.003104000000000001,0.14,0.16
797,-0.0030880000000000005,0.14,0.16
798,-0.003072,0.16,0.18
799,-0.0030559999999999997,0.16,0.2
800,-0.003040000000000001,0.18,0.2
801,-0.0030240000000000006,0.18,0.22
802,-0.0030080000000000003,0.2,0.22
803,-0.002992,0.22,0.22
804,-0.002976000000000001,0.22,0.24
805,-0.002960000000000001,0.24,0.26
806,-0.0029440000000000004,0.24,0.26
807,-0.002928,0.26,0.28
808,-0.0029119999999999997,0.26,0.28
809,-0.002896000000000001,0.28,0.3
810,-0.0028800000000000006,0.28,0.3
811,-0.0028640000000000002,0.3,0.32
812,-0.002848,0.3,0.32
813,-0.002832000000000001,0.32,0.34
814,-0.002816000000000001,0.34,0.34
815,-0.0028000000000000004,0.34,0.36
816,-0.002784,0.34,0.36
817,-0.0027680000000000014,0.36,0.38
818,-0.002752000000000001,0.36,0.4
819,-0.0027360000000000006,0.38,0.4
820,-0.00272,0.4,0.42
821,-0.002704,0.4,0.42
822,-0.002688000000000001,0.4,0.44
823,-0.0026720000000000008,0.42,0.44
824,-0.0026560000000000004,0.44,0.46
825,-0.00264,0.44,0.46
826,-0.0026240000000000013,0.46,0.48
827,-0.002608000000000001,0.46,0.5
828,-0.0025920000000000006,0.46,0.5
829,-0.002576,0.48,0.52
830,-0.0025599999999999998,0.5,0.52
831,-0.002544000000000001,0.5,0.54
832,-0.0025280000000000007,0.52,0.54
833,-0.0025120000000000003,0.52,0.56
834,-0.002496,0.54,0.56
835,-0.0024800000000000013,0.56,0.56
836,-0.002464000000000001,0.56,0.58
837,-0.0024480000000000005,0.58,0.6
838,-0.002432,0.58,0.6
839,-0.0024159999999999997,0.6,0.62
840,-0.002400000000000001,0.6,0.64
841,-0.0023840000000000007,0.62,0.62
842,-0.0023680000000000003,0.64,0.66
843,-0.002352,0.64,0.66
844,-0.0023360000000000013,0.66,0.68
845,-0.002320000000000001,0.66,0.7000000000000001
846,-0.0023040000000000005,0.68,0.7000000000000001
847,-0.002288,0.68,0.72
848,-0.0022719999999999997,0.7000000000000001,0.72
849,-0.002256000000000001,0.7000000000000001,0.74
850,-0.0022400000000000007,0.72,0.74
851,-0.0022240000000000003,0.72,0.76
852,-0.002208,0.74,0.76
853,-0.0021920000000000012,0.74,0.76
854,-0.002176000000000001,0.74,0.8
855,-0.0021600000000000005,0.76,0.8
856,-0.002144,0.78,0.8
857,-0.0021279999999999997,0.8,0.8200000000000001
858,-0.002112000000000001,0.8,0.84
859,-0.0020960000000000006,0.8,0.84
860,-0.0020800000000000003,0.8200000000000001,0.86
861,-0.002064,0.8200000000000001,0.86
862,-0.002048000000000001,0.84,0.88
863,-0.002032000000000001,0.84,0.88
864,-0.0020160000000000004,0.86,0.9
865,-0.002,0.88,0.9
866,-0.0019840000000000014,0.88,0.92
867,-0.001968000000000001,0.9,0.92
868,-0.0019520000000000006,0.9,0.9400000000000001
869,-0.0019360000000000002,0.92,0.96
870,-0.0019199999999999998,0.92,0.96
871,-0.0019040000000000012,0.9400000000000001,0.98
872,-0.0018880000000000008,0.96,0.98
873,-0.0018720000000000004,0.9400000000000001,1.0
874,-0.001856,0.96,1.0
875,-0.0018400000000000014,0.98,1.02
876,-0.001824000000000001,0.98,1.02
877,-0.0018080000000000006,1.0,1.04
878,-0.0017920000000000002,1.02,1.06
879,-0.0017759999999999998,1.02,1.06
880,-0.0017600000000000011,1.04,1.06
881,-0.0017440000000000008,1.04,1.08
882,-0.0017280000000000004,1.06,1.1
883,-0.001712,1.06,1.12
884,-0.0016960000000000013,1.08,1.12
885,-0.001680000000000001,1.08,1.12
886,-0.0016640000000000005,1.1,1.1400000000000001
887,-0.0016480000000000002,1.1,1.16
888,-0.0016319999999999998,1.12,1.16
889,-0.0016160000000000011,1.12,1.18
890,-0.0016000000000000007,1.12,1.18
891,-0.0015840000000000003,1.16,1.18
892,-0.001568,1.16,1.2
893,-0.0015520000000000013,1.16,1.22
894,-0.001536000000000001,1.18,1.22
895,-0.0015200000000000005,1.18,1.24
896,-0.0015040000000000001,1.2,1.26
897,-0.0014879999999999997,1.2,1.26
898,-0.001472000000000001,1.2,1.28
899,-0.0014560000000000007,1.22,1.28
900,-0.0014400000000000003,1.24,1.3
901,-0.001424,1.26,1.32
902,-0.0014080000000000013,1.26,1.32
903,-0.0013920000000000009,1.28,1.32
904,-0.0013760000000000005,1.28,1.32
905,-0.00136,1.3,1.36
906,-0.0013439999999999997,1.3,1.3800000000000001
907,-0.001328000000000001,1.32,1.3800000000000001
908,-0.0013120000000000007,1.32,1.3800000000000001
909,-0.0012960000000000003,1.32,1.4000000000000001
910,-0.0012799999999999999,1.34,1.4000000000000001
911,-0.0012640000000000012,1.36,1.42
912,-0.0012480000000000008,1.36,1.42
913,-0.0012320000000000005,1.3800000000000001,1.44
914,-0.001216,1.4000000000000001,1.46
915,-0.0012000000000000014,1.4000000000000001,1.46
916,-0.001184000000000001,1.42,1.48
917,-0.0011680000000000006,1.42,1.46
918,-0.0011520000000000002,1.44,1.5
919,-0.0011359999999999999,1.44,1.5
920,-0.0011200000000000012,1.44,1.52
921,-0.0011040000000000008,1.46,1.54
922,-0.0010880000000000004,1.48,1.52
923,-0.001072,1.48,1.56
924,-0.0010560000000000014,1.5,1.54
925,-0.001040000000000001,1.52,1.58
926,-0.0010240000000000006,1.52,1.58
927,-0.0010080000000000002,1.52,1.58
928,-0.0009919999999999998,1.54,1.6
929,-0.0009760000000000012,1.54,1.6
930,-0.0009600000000000008,1.56,1.62
931,-0.0009440000000000004,1.58,1.62
932,-0.000928,1.58,1.6400000000000001
933,-0.0009120000000000014,1.58,1.6600000000000001
934,-0.000896000000000001,1.6,1.6600000000000001
935,-0.0008800000000000006,1.6,1.68
936,-0.0008640000000000002,1.62,1.68
937,-0.0008479999999999998,1.62,1.7
938,-0.0008320000000000011,1.6400000000000001,1.72
939,-0.0008160000000000008,1.6400000000000001,1.72
940,-0.0008000000000000004,1.6400000000000001,1.74
941,-0.000784,1.68,1.72
942,-0.0007680000000000013,1.6600000000000001,1.76
943,-0.0007520000000000009,1.68,1.74
944,-0.0007360000000000005,1.7,1.78
945,-0.0007200000000000002,1.72,1.78
946,-0.0007039999999999998,1.72,1.8
947,-0.0006880000000000011,1.72,1.82
948,-0.0006720000000000007,1.74,1.82
949,-0.0006560000000000003,1.74,1.82
950,-0.0006399999999999999,1.76,1.82
951,-0.0006240000000000013,1.78,1.86
952,-0.0006080000000000009,1.8,1.86
953,-0.0005920000000000005,1.8,1.86
954,-0.0005760000000000001,1.82,1.8800000000000001
955,-0.0005600000000000015,1.82,1.9000000000000001
956,-0.0005440000000000011,1.82,1.9000000000000001
957,-0.0005280000000000007,1.84,1.92
958,-0.0005120000000000003,1.86,1.92
959,-0.0004959999999999999,1.86,1.94
960,-0.00048000000000000126,1.8800000000000001,1.96
961,-0.00046400000000000087,1.8800000000000001,1.96
962,-0.0004480000000000005,1.9000000000000001,1.98
963,-0.0004320000000000001,1.9000000000000001,1.98
964,-0.00041600000000000144,1.92,2.0
965,-0.00040000000000000105,1.92,2.0
966,-0.00038400000000000066,1.94,2.02
967,-0.00036800000000000027,1.94,2.02
968,-0.0003519999999999999,1.94,2.04
969,-0.00033600000000000123,1.98,2.04
970,-0.00032000000000000084,1.98,2.06
971,-0.00030400000000000045,2.0,2.08
972,-0.00028800000000000006,2.0,2.08
973,-0.0002720000000000014,2.0,2.1
974,-0.000256000000000001,2.02,2.12
975,-0.00024000000000000063,2.02,2.12
976,-0.00022400000000000024,2.02,2.12
977,-0.00020799999999999985,2.04,2.14
978,-0.0001920000000000012,2.06,2.16
979,-0.00017599999999999907,2.08,2.16
980,-0.00016000000000000042,2.08,2.18
981,-0.00014400000000000177,2.08,2.18
982,-0.00012799999999999964,2.1,2.2
983,-0.00011200000000000099,2.12,2.2
984,-9.600000000000233e-05,2.12,2.22
985,-8.000000000000021e-05,2.12,2.22
986,-6.400000000000156e-05,2.14,2.22
987,-4.799999999999943e-05,2.16,2.2600000000000002
988,-3.200000000000078e-05,2.16,2.2600000000000002
989,-1.6000000000002124e-05,2.18,2.2600000000000002
990,0.0,2.18,2.2800000000000002
991,1.5999999999998654e-05,2.18,2.3000000000000003
992,3.200000000000078e-05,2.22,2.3000000000000003
993,4.799999999999943e-05,2.22,2.3000000000000003
994,6.399999999999809e-05,2.22,2.3000000000000003
995,8.000000000000021e-05,2.22,2.34
996,9.599999999999886e-05,2.24,2.34
997,0.00011200000000000099,2.2600000000000002,2.36
998,0.00012799999999999964,2.2800000000000002,2.36
999,0.0001439999999999983,2.2800000000000002,2.38
1000,0.00016000000000000042,2.3000000000000003,2.38
1001,0.00017599999999999907,2.3000000000000003,2.4
1002,0.00019199999999999773,2.32,2.42
1003,0.00020799999999999985,2.3000000000000003,2.4
1004,0.0002239999999999985,2.34,2.44
1005,0.00024000000000000063,2.34,2.44
1006,0.0002559999999999993,2.34,2.46
1007,0.00027199999999999794,2.36,2.46
1008,0.00028800000000000006,2.38,2.48
1009,0.0003039999999999987,2.38,2.48
1010,0.00032000000000000084,2.4,2.5
1011,0.0003359999999999995,2.4,2.5
1012,0.00035199999999999815,2.4,2.52
1013,0.00036800000000000027,2.42,2.54
1014,0.0003839999999999989,2.44,2.54
1015,0.00040000000000000105,2.44,2.54
1016,0.0004159999999999997,2.44,2.58
1017,0.00043199999999999836,2.46,2.56
1018,0.0004480000000000005,2.48,2.58
1019,0.00046399999999999914,2.48,2.6
1020,0.0004799999999999978,2.5,2.6
1021,0.0004959999999999999,2.52,2.62
1022,0.0005119999999999986,2.5,2.62
1023,0.0005280000000000007,2.54,2.64
1024,0.0005439999999999993,2.52,2.64
1025,0.000559999999999998,2.54,2.66
1026,0.0005760000000000001,2.54,2.66
1027,0.0005919999999999988,2.56,2.68
1028,0.0006080000000000009,2.58,2.7
1029,0.0006239999999999996,2.58,2.7
1030,0.0006399999999999982,2.6,2.7
1031,0.0006560000000000003,2.6,2.72
1032,0.000671999999999999,2.62,2.74
1033,0.0006879999999999976,2.62,2.7600000000000002
1034,0.0007039999999999998,2.62,2.7600000000000002
1035,0.0007199999999999984,2.64,2.7600000000000002
1036,0.0007360000000000005,2.66,2.7800000000000002
1037,0.0007519999999999992,2.66,2.7800000000000002
1038,0.0007679999999999979,2.68,2.8000000000000003
1039,0.000784,2.68,2.82
1040,0.0007999999999999986,2.68,2.82
1041,0.0008160000000000008,2.7,2.84
1042,0.0008319999999999994,2.72,2.84
1043,0.0008479999999999981,2.72,2.86
1044,0.0008640000000000002,2.74,2.86
1045,0.0008799999999999988,2.74,2.88
1046,0.000896000000000001,2.7800000000000002,2.88
1047,0.0009119999999999996,2.7600000000000002,2.9
1048,0.0009279999999999983,2.8000000000000003,2.9
1049,0.0009440000000000004,2.7800000000000002,2.92
1050,0.000959999999999999,2.8000000000000003,2.94
1051,0.0009759999999999977,2.82,2.96
1052,0.0009919999999999998,2.82,2.94
1053,0.0010079999999999985,2.84,2.96
1054,0.0010240000000000006,2.84,2.98
1055,0.0010399999999999993,2.86,2.98
1056,0.001055999999999998,2.86,3.0
1057,0.001072,2.88,3.0
1058,0.0010879999999999987,2.9,3.02
1059,0.0011040000000000008,2.9,3.02
1060,0.0011199999999999995,2.9,3.04
1061,0.0011359999999999981,2.92,3.04
1062,0.0011520000000000002,2.92,3.06
1063,0.001167999999999999,2.96,3.06
1064,0.001184000000000001,2.94,3.08
1065,0.0011999999999999997,2.96,3.1
1066,0.0012159999999999983,2.98,3.1
1067,0.0012320000000000005,2.98,3.12
1068,0.0012479999999999991,3.0,3.14
1069,0.0012639999999999978,3.0,3.14
1070,0.0012799999999999999,3.02,3.14
1071,0.0012959999999999985,3.02,3.16
1072,0.0013120000000000007,3.02,3.18
1073,0.0013279999999999993,3.04,3.18
1074,0.001343999999999998,3.04,3.2
1075,0.00136,3.06,3.2
1076,0.0013759999999999988,3.08,3.22
1077,0.0013920000000000009,3.1,3.22
1078,0.0014079999999999995,3.1,3.24
1079,0.0014239999999999982,3.12,3.24
1080,0.0014400000000000003,3.12,3.2600000000000002
1081,0.001455999999999999,3.14,3.2800000000000002
1082,0.0014719999999999976,3.16,3.2800000000000002
1083,0.0014879999999999997,3.16,3.3000000000000003
1084,0.0015039999999999984,3.16,3.3000000000000003
1085,0.0015200000000000005,3.16,3.3200000000000003
1086,0.0015359999999999992,3.18,3.34
1087,0.0015519999999999978,3.2,3.34
1088,0.001568,3.2,3.34
1089,0.0015839999999999986,3.22,3.36
1090,0.0016000000000000007,3.22,3.38
1091,0.0016159999999999994,3.24,3.38
1092,0.001631999999999998,3.2600000000000002,3.4
1093,0.0016480000000000002,3.2600000000000002,3.4
1094,0.0016639999999999988,3.2800000000000002,3.44
1095,0.001680000000000001,3.3000000000000003,3.42
1096,0.0016959999999999996,3.2800000000000002,3.44
1097,0.0017119999999999982,3.3000000000000003,3.44
1098,0.0017280000000000004,3.3200000000000003,3.46
1099,0.001743999999999999,3.3200000000000003,3.46
1100,0.0017599999999999977,3.3200000000000003,3.48
1101,0.0017759999999999998,3.34,3.48
1102,0.0017919999999999985,3.34,3.5
1103,0.0018080000000000006,3.36,3.52
1104,0.0018239999999999992,3.38,3.52
1105,0.0018399999999999979,3.38,3.54
1106,0.001856,3.4,3.54
1107,0.0018719999999999987,3.4,3.56
1108,0.0018880000000000008,3.42,3.56
1109,0.0019039999999999994,3.44,3.56
1110,0.001919999999999998,3.44,3.6
1111,0.0019360000000000002,3.44,3.6
1112,0.0019519999999999989,3.46,3.62
1113,0.001968000000000001,3.48,3.62
1114,0.0019839999999999997,3.48,3.64
1115,0.0019999999999999983,3.5,3.64
1116,0.0020160000000000004,3.5,3.66
1117,0.002031999999999999,3.52,3.66
1118,0.0020479999999999977,3.52,3.68
1119,0.002064,3.52,3.7
1120,0.0020799999999999985,3.54,3.7
1121,0.0020960000000000006,3.56,3.72
1122,0.0021119999999999993,3.56,3.72
1123,0.002127999999999998,3.58,3.74
1124,0.002144,3.58,3.74
1125,0.0021599999999999987,3.58,3.7600000000000002
1126,0.002176000000000001,3.6,3.7800000000000002
1127,0.0021919999999999995,3.62,3.7800000000000002
1128,0.002207999999999998,3.62,3.8000000000000003
1129,0.0022240000000000003,3.64,3.8000000000000003
1130,0.002239999999999999,3.66,3.8200000000000003
1131,0.0022559999999999976,3.66,3.8200000000000003
1132,0.0022719999999999997,3.66,3.8200000000000003
1133,0.0022879999999999984,3.68,3.84
1134,0.0023040000000000005,3.7,3.86
1135,0.002319999999999999,3.7,3.86
1136,0.002335999999999998,3.72,3.88
1137,0.002352,3.72,3.9
1138,0.0023679999999999986,3.74,3.9
1139,0.0023840000000000007,3.74,3.92
1140,0.0023999999999999994,3.7600000000000002,3.92
1141,0.002415999999999998,3.7600000000000002,3.94
1142,0.002432,3.7800000000000002,3.94
1143,0.002447999999999999,3.7800000000000002,3.94
1144,0.002464000000000001,3.8000000000000003,3.96
1145,0.0024799999999999996,3.8000000000000003,3.98
1146,0.0024959999999999982,3.8200000000000003,3.98
1147,0.0025120000000000003,3.8200000000000003,4.0
1148,0.002527999999999999,3.84,4.0
1149,0.0025439999999999977,3.84,4.0200000000000005
1150,0.0025599999999999998,3.88,4.04
1151,0.0025759999999999984,3.86,4.0600000000000005
1152,0.0025920000000000006,3.88,4.04
1153,0.002607999999999999,3.88,4.08
1154,0.002623999999999998,3.9,4.08
1155,0.00264,3.9,4.08
1156,0.0026559999999999986,3.92,4.1
1157,0.0026720000000000008,3.92,4.1
1158,0.0026879999999999994,3.96,4.12
1159,0.002703999999999998,3.96,4.14
1160,0.00272,3.98,4.14
1161,0.002735999999999999,3.98,4.16
1162,0.002752000000000001,3.98,4.16
1163,0.0027679999999999996,4.0,4.18
1164,0.0027839999999999983,4.0,4.18
1165,0.0028000000000000004,4.0200000000000005,4.2
1166,0.002815999999999999,4.04,4.2
1167,0.0028319999999999977,4.04,4.22
1168,0.002848,4.04,4.22
1169,0.0028639999999999985,4.0600000000000005,4.24
1170,0.0028800000000000006,4.0600000000000005,4.26
1171,0.0028959999999999993,4.08,4.26
1172,0.002911999999999998,4.1,4.26
1173,0.002928,4.1,4.28
1174,0.0029439999999999987,4.1,4.28
1175,0.002960000000000001,4.12,4.3
1176,0.0029759999999999995,4.14,4.32
1177,0.002991999999999998,4.14,4.32
1178,0.0030080000000000003,4.16,4.34
1179,0.003023999999999999,4.16,4.34
1180,0.0030399999999999976,4.16,4.36
1181,0.0030559999999999997,4.18,4.38
1182,0.0030719999999999983,4.2,4.38
1183,0.0030880000000000005,4.2,4.38
1184,0.003103999999999999,4.22,4.4
1185,0.0031199999999999978,4.22,4.42
1186,0.003136,4.24,4.42
1187,0.0031519999999999986,4.24,4.44
1188,0.0031680000000000007,4.26,4.46
1189,0.0031839999999999993,4.28,4.46
1190,0.003199999999999998,4.28,4.48
1191,0.003216,4.3,4.48
1192,0.0032319999999999988,4.3,4.5
1193,0.003248000000000001,4.32,4.5
1194,0.0032639999999999995,4.32,4.5200000000000005
1195,0.003279999999999998,4.32,4.5200000000000005
1196,0.0032960000000000003,4.34,4.54
1197,0.003311999999999999,4.34,4.5600000000000005
1198,0.0033279999999999976,4.36,4.5600000000000005
1199,0.0033439999999999998,4.38,4.5600000000000005
1200,0.0033599999999999984,4.38,4.58
1201,0.0033760000000000005,4.4,4.6000000000000005
1202,0.003391999999999999,4.42,4.6000000000000005
1203,0.003407999999999998,4.42,4.6000000000000005
1204,0.003424,4.42,4.62
1205,0.0034399999999999986,4.44,4.64
1206,0.0034560000000000007,4.44,4.64
1207,0.0034719999999999994,4.46,4.66
1208,0.003487999999999998,4.46,4.68
1209,0.003504,4.48,4.68
1210,0.003519999999999999,4.5,4.7
1211,0.0035359999999999975,4.5,4.7
1212,0.0035519999999999996,4.5,4.7
1213,0.0035679999999999983,4.5200000000000005,4.72
1214,0.0035840000000000004,4.54,4.74
1215,0.003599999999999999,4.54,4.74
1216,0.0036159999999999977,4.54,4.76
1217,0.003632,4.5600000000000005,4.78
1218,0.0036479999999999985,4.58,4.78
1219,0.0036640000000000006,4.58,4.78
1220,0.0036799999999999992,4.6000000000000005,4.8
1221,0.003695999999999998,4.6000000000000005,4.82
1222,0.003712,4.62,4.82
1223,0.0037279999999999987,4.62,4.84
1224,0.003744000000000001,4.64,4.84
1225,0.0037599999999999995,4.64,4.86
1226,0.003775999999999998,4.68,4.88
1227,0.0037920000000000002,4.68,4.88
1228,0.003807999999999999,4.68,4.9
1229,0.0038239999999999975,4.7,4.9
1230,0.0038399999999999997,4.7,4.9
1231,0.0038559999999999983,4.72,4.92
1232,0.0038720000000000004,4.72,4.94
1233,0.003887999999999999,4.74,4.94
1234,0.0039039999999999977,4.76,4.94
1235,0.00392,4.76,4.96
1236,0.0039359999999999985,0.04,0.02
1237,0.003952000000000001,0.04,0.02
1238,0.003967999999999999,0.02,0.02
1239,0.003983999999999998,0.04,0.04
1240,0.004,0.04,0.06
1241,0.004015999999999999,0.04,0.06
1242,0.004032000000000001,0.06,0.08
1243,0.0040479999999999995,0.08,0.08
1244,0.004063999999999998,0.08,0.1
1245,0.00408,0.1,0.1
1246,0.004095999999999999,0.12,0.12
1247,0.004111999999999998,0.12,0.14
1248,0.004128,0.12,0.14
1249,0.004143999999999998,0.14,0.16
1250,0.0041600000000000005,0.14,0.16
1251,0.004175999999999999,0.16,0.18
1252,0.004191999999999998,0.18,0.2
1253,0.004208,0.18,0.2
1254,0.004223999999999999,0.2,0.22
1255,0.004240000000000001,0.2,0.22
1256,0.004255999999999999,0.22,0.22
1257,0.004271999999999998,0.22,0.24
1258,0.004288,0.24,0.26
1259,0.004303999999999999,0.24,0.26
1260,0.0043199999999999975,0.26,0.28
1261,0.004336,0.26,0.28
1262,0.004351999999999998,0.28,0.3
1263,0.004368,0.28,0.32
1264,0.004383999999999999,0.3,0.32
1265,0.004399999999999998,0.3,0.34
1266,0.004416,0.32,0.32
1267,0.0044319999999999984,0.32,0.34
1268,0.0044480000000000006,0.34,0.36
1269,0.004463999999999999,0.34,0.38
1270,0.004479999999999998,0.36,0.38
1271,0.004496,0.38,0.38
1272,0.004511999999999999,0.38,0.4
1273,0.004528000000000001,0.4,0.4
1274,0.004543999999999999,0.4,0.42
1275,0.004559999999999998,0.42,0.44
1276,0.004576,0.42,0.44
1277,0.004591999999999999,0.44,0.46
1278,0.0046079999999999975,0.44,0.46
1279,0.004624,0.46,0.48
1280,0.004639999999999998,0.46,0.48
1281,0.004656,0.48,0.5
1282,0.004671999999999999,0.48,0.52
1283,0.004687999999999998,0.5,0.52
1284,0.004704,0.5,0.54
1285,0.0047199999999999985,0.52,0.54
1286,0.004736000000000001,0.54,0.56
1287,0.004751999999999999,0.54,0.58
1288,0.004767999999999998,0.56,0.58
1289,0.004784,0.58,0.6
1290,0.004799999999999999,0.56,0.6
1291,0.004816000000000001,0.58,0.62
1292,0.0048319999999999995,0.6,0.6
1293,0.004847999999999998,0.62,0.64
1294,0.004864,0.62,0.64
1295,0.004879999999999999,0.62,0.66
1296,0.004895999999999998,0.64,0.68
1297,0.004912,0.66,0.68
1298,0.004927999999999998,0.66,0.68
1299,0.0049440000000000005,0.68,0.7000000000000001
1300,0.004959999999999999,0.68,0.72
1301,0.004975999999999998,0.7000000000000001,0.72
1302,0.004992,0.7000000000000001,0.74
1303,0.0050079999999999986,0.72,0.72
1304,0.005024000000000001,0.72,0.76
1305,0.005039999999999999,0.74,0.76
1306,0.005055999999999998,0.74,0.78
1307,0.005072,0.76,0.78
1308,0.005087999999999999,0.78,0.78
1309,0.005103999999999997,0.76,0.8
1310,0.0051199999999999996,0.8,0.8200000000000001
1311,0.005135999999999998,0.8,0.84
1312,0.005152,0.8200000000000001,0.84
1313,0.005167999999999999,0.8,0.86
1314,0.005183999999999998,0.84,0.86
1315,0.0052,0.84,0.88
1316,0.005215999999999998,0.86,0.88
1317,0.0052320000000000005,0.84,0.9
1318,0.005247999999999999,0.86,0.92
1319,0.005263999999999998,0.88,0.92
1320,0.00528,0.9,0.92
1321,0.005295999999999999,0.92,0.9400000000000001
1322,0.005312000000000001,0.92,0.96
1323,0.005327999999999999,0.92,0.98
1324,0.005343999999999998,0.9400000000000001,0.98
1325,0.00536,0.9400000000000001,0.98
1326,0.005375999999999999,0.96,1.0
1327,0.0053919999999999975,0.96,1.02
1328,0.005408,0.98,1.02
1329,0.005423999999999998,1.0,1.04
1330,0.00544,1.0,1.04
1331,0.005455999999999999,1.02,1.06
1332,0.005471999999999998,1.0,1.06
1333,0.005488,1.04,1.08
1334,0.0055039999999999985,1.04,1.08
1335,0.005520000000000001,1.06,1.1
1336,0.005535999999999999,1.06,1.12
1337,0.005551999999999998,1.08,1.12
1338,0.005568,1.1,1.12
1339,0.005583999999999999,1.1,1.12
1340,0.005600000000000001,1.12,1.16
1341,0.0056159999999999995,1.12,1.1400000000000001
1342,0.005631999999999998,1.1400000000000001,1.18
1343,0.005648,1.1400000000000001,1.16
1344,0.005663999999999999,1.16,1.2
1345,0.0056799999999999976,1.16,1.2
1346,0.005696,1.18,1.22
1347,0.005711999999999998,1.16,1.24
1348,0.0057280000000000005,1.2,1.24
1349,0.005743999999999999,1.2,1.26
1350,0.005759999999999998,1.2,1.26
1351,0.005776,1.22,1.28
1352,0.0057919999999999985,1.22,1.3
1353,0.005808000000000001,1.24,1.28
1354,0.005823999999999999,1.26,1.32
1355,0.005839999999999998,1.26,1.32
1356,0.005856,1.26,1.34
1357,0.005871999999999999,1.28,1.34
1358,0.005887999999999997,1.3,1.36
1359,0.0059039999999999995,1.3,1.36
1360,0.005919999999999998,1.3,1.3800000000000001
1361,0.005936,1.32,1.3800000000000001
1362,0.005951999999999999,1.34,1.4000000000000001
1363,0.005967999999999998,1.34,1.4000000000000001
1364,0.005984,1.36,1.42
1365,0.005999999999999998,1.36,1.42
1366,0.0060160000000000005,1.36,1.44
1367,0.006031999999999999,1.3800000000000001,1.46
1368,0.006047999999999998,1.4000000000000001,1.46
1369,0.006064,1.42,1.48
1370,0.006079999999999999,1.42,1.46
1371,0.006096000000000001,1.42,1.5
1372,0.006111999999999999,1.44,1.5
1373,0.006127999999999998,1.44,1.52
1374,0.006144,1.46,1.52
1375,0.006159999999999999,1.48,1.54
1376,0.0061759999999999975,1.48,1.54
1377,0.006192,1.5,1.56
1378,0.006207999999999998,1.5,1.58
1379,0.006224,1.52,1.58
1380,0.006239999999999999,1.52,1.6
1381,0.006255999999999998,1.54,1.6
1382,0.006272,1.54,1.62
1383,0.0062879999999999985,1.54,1.6400000000000001
1384,0.006304000000000001,1.56,1.62
1385,0.006319999999999999,1.58,1.6400000000000001
1386,0.006335999999999998,1.58,1.6600000000000001
1387,0.006352,1.6,1.6600000000000001
1388,0.006367999999999999,1.6,1.68
1389,0.006384000000000001,1.62,1.7
1390,0.0063999999999999994,1.62,1.7
1391,0.006415999999999998,1.6400000000000001,1.72
1392,0.006432,1.6400000000000001,1.72
1393,0.006447999999999999,1.6400000000000001,1.74
1394,0.0064639999999999975,1.6600000000000001,1.74
1395,0.00648,1.68,1.76
1396,0.006495999999999998,1.68,1.76
1397,0.006512,1.7,1.78
1398,0.006527999999999999,1.72,1.78
1399,0.006543999999999998,1.72,1.8
1400,0.00656,1.74,1.82
1401,0.0065759999999999985,1.74,1.82
1402,0.006592000000000001,1.76,1.84
1403,0.006607999999999999,1.76,1.84
1404,0.006623999999999998,1.78,1.86
1405,0.00664,1.78,1.86
1406,0.006655999999999999,1.8,1.8800000000000001
1407,0.006671999999999997,1.8,1.8800000000000001
1408,0.0066879999999999995,1.82,1.9000000000000001
1409,0.006703999999999998,1.82,1.9000000000000001
1410,0.00672,1.84,1.92
1411,0.006735999999999999,1.84,1.92
1412,0.006751999999999998,1.84,1.92
1413,0.006768,1.86,1.96
1414,0.006783999999999998,1.8800000000000001,1.96
1415,0.0068000000000000005,1.8800000000000001,1.96
1416,0.006815999999999999,1.9000000000000001,1.98
1417,0.006831999999999998,1.92,1.98
1418,0.006848,1.92,2.02
1419,0.006863999999999999,1.94,2.02
1420,0.006880000000000001,1.94,2.04
1421,0.006895999999999999,1.96,2.04
1422,0.006911999999999998,1.96,2.04
1423,0.006928,1.98,2.06
1424,0.006943999999999999,1.98,2.08
1425,0.0069599999999999974,2.0,2.08
1426,0.0069759999999999996,2.0,2.1
1427,0.006991999999999998,2.02,2.1
1428,0.007008,2.02,2.12
1429,0.007023999999999999,2.02,2.14
1430,0.007039999999999998,2.04,2.14
1431,0.007056,2.06,2.16
1432,0.007071999999999998,2.08,2.16
1433,0.0070880000000000006,2.08,2.18
1434,0.007103999999999999,2.08,2.18
1435,0.007119999999999998,2.1,2.2
1436,0.007136,2.1,2.2
1437,0.007151999999999999,2.12,2.2
1438,0.007168000000000001,2.14,2.24
1439,0.007183999999999999,2.14,2.22
1440,0.007199999999999998,2.14,2.24
1441,0.007216,2.16,2.2600000000000002
1442,0.007231999999999999,2.18,2.2600000000000002
1443,0.0072479999999999975,2.18,2.2800000000000002
1444,0.007264,2.2,2.3000000000000003
1445,0.007279999999999998,2.2,2.2800000000000002
1446,0.007296,2.22,2.32
1447,0.007311999999999999,2.22,2.32
1448,0.007327999999999998,2.24,2.34
1449,0.007344,2.24,2.34
1450,0.0073599999999999985,2.2600000000000002,2.36
1451,0.007376000000000001,2.2800000000000002,2.38
1452,0.007391999999999999,2.2600000000000002,2.38
1453,0.007407999999999998,2.2800000000000002,2.4
1454,0.007424,2.3000000000000003,2.4
1455,0.007439999999999999,2.32,2.4
1456,0.007455999999999997,2.32,2.4
1457,0.0074719999999999995,2.34,2.44
1458,0.007487999999999998,2.32,2.44
1459,0.007504,2.34,2.44
1460,0.007519999999999999,2.34,2.46
1461,0.0075359999999999976,2.38,2.46
1462,0.007552,2.38,2.48
1463,0.007567999999999998,2.38,2.5
1464,0.0075840000000000005,2.4,2.5
1465,0.007599999999999999,2.42,2.5
1466,0.007615999999999998,2.42,2.52
1467,0.007632,2.44,2.54
1468,0.0076479999999999985,2.46,2.54
1469,0.007664000000000001,2.46,2.56
1470,0.007679999999999999,2.46,2.58
1471,0.007695999999999998,2.48,2.58
1472,0.007712,2.5,2.58
1473,0.007727999999999999,2.5,2.6
1474,0.007743999999999997,2.5,2.62
1475,0.0077599999999999995,2.5,2.62
1476,0.007775999999999998,2.52,2.64
1477,0.007792,2.52,2.66
1478,0.007807999999999999,2.54,2.68
1479,0.007823999999999998,2.56,2.66
1480,0.00784,2.58,2.68
1481,0.007855999999999998,2.56,2.7
1482,0.007872,2.6,2.7
1483,0.007888,2.6,2.7
1484,0.007903999999999998,2.6,2.72
1485,0.00792,2.62,2.74
1486,0.007935999999999999,2.62,2.74
1487,0.007952,2.64,2.7800000000000002
1488,0.007968,2.64,2.7600000000000002
1489,0.007983999999999998,2.66,2.7800000000000002
1490,0.008,2.66,2.8000000000000003
1491,0.008015999999999999,2.68,2.8000000000000003
1492,0.008031999999999997,2.68,2.82
1493,0.008048,2.7,2.82
1494,0.008063999999999998,2.72,2.82
1495,0.00808,2.72,2.84
1496,0.008095999999999999,2.72,2.84
1497,0.008111999999999998,2.7600000000000002,2.88
1498,0.008128,2.74,2.86
1499,0.008143999999999998,2.7600000000000002,2.88
1500,0.00816,2.7800000000000002,2.9
1501,0.008176,2.7800000000000002,2.9
1502,0.008191999999999998,2.8000000000000003,2.92
1503,0.008208,2.82,2.92
1504,0.008223999999999999,2.82,2.94
1505,0.008239999999999997,2.82,2.96
1506,0.008256,2.84,2.96
1507,0.008271999999999998,2.84,2.98
1508,0.008288,2.86,2.98
1509,0.008303999999999999,2.86,3.0
1510,0.008319999999999998,2.88,3.0
1511,0.008336,2.9,3.02
1512,0.008351999999999998,2.9,3.04
1513,0.008368,2.9,3.04
1514,0.008383999999999999,2.92,3.06
1515,0.008399999999999998,2.92,3.06
1516,0.008416,2.94,3.08
1517,0.008431999999999999,2.96,3.08
1518,0.008448,2.96,3.08
1519,0.008464,2.96,3.1
1520,0.008479999999999998,2.98,3.12
1521,0.008496,3.0,3.12
1522,0.008511999999999999,3.0,3.14
1523,0.008527999999999997,3.02,3.14
1524,0.008544,3.02,3.16
1525,0.008559999999999998,3.04,3.18
1526,0.008576,3.04,3.18
1527,0.008591999999999999,3.06,3.2
1528,0.008607999999999998,3.06,3.22
1529,0.008624,3.1,3.22
1530,0.008639999999999998,3.08,3.22
1531,0.008656,3.1,3.2600000000000002
1532,0.008672,3.12,3.24
1533,0.008687999999999998,3.12,3.2600000000000002
1534,0.008704,3.12,3.2600000000000002
1535,0.008719999999999999,3.14,3.2800000000000002
1536,0.008736,3.16,3.3000000000000003
1537,0.008752,3.16,3.3200000000000003
1538,0.008767999999999998,3.16,3.34
1539,0.008784,3.18,3.34
1540,0.008799999999999999,3.2,3.34
1541,0.008815999999999997,3.2,3.34
1542,0.008832,3.22,3.36
1543,0.008847999999999998,3.22,3.36
1544,0.008864,3.24,3.38
1545,0.008879999999999999,3.24,3.4
1546,0.008895999999999998,3.2600000000000002,3.4
1547,0.008912,3.2600000000000002,3.42
1548,0.008927999999999998,3.2800000000000002,3.42
1549,0.008944,3.2800000000000002,3.44
1550,0.00896,3.3000000000000003,3.44
1551,0.008975999999999998,3.3000000000000003,3.46
1552,0.008992,3.3200000000000003,3.46
1553,0.009007999999999999,3.34,3.48
1554,0.009023999999999997,3.34,3.5
1555,0.00904,3.36,3.5
1556,0.009055999999999998,3.36,3.52
1557,0.009072,3.38,3.52
1558,0.009087999999999999,3.38,3.54
1559,0.009103999999999998,3.4,3.54
1560,0.00912,3.42,3.56
1561,0.009135999999999998,3.42,3.56
1562,0.009152,3.42,3.58
1563,0.009167999999999999,3.42,3.6
1564,0.009183999999999998,3.44,3.6
1565,0.0092,3.46,3.62
1566,0.009215999999999998,3.46,3.62
1567,0.009232,3.48,3.64
1568,0.009248,3.48,3.64
1569,0.009263999999999998,3.5,3.66
1570,0.00928,3.5,3.66
1571,0.009295999999999999,3.52,3.68
1572,0.009311999999999997,3.54,3.7
1573,0.009328,3.56,3.7
1574,0.009343999999999998,3.56,3.72
1575,0.00936,3.56,3.72
1576,0.009375999999999999,3.56,3.74
1577,0.009391999999999998,3.6,3.74
1578,0.009408,3.6,3.7600000000000002
1579,0.009423999999999998,3.6,3.7600000000000002
1580,0.00944,3.62,3.7800000000000002
1581,0.009455999999999999,3.62,3.8000000000000003
1582,0.009471999999999998,3.64,3.8000000000000003
1583,0.009488,3.64,3.8200000000000003
1584,0.009503999999999999,3.66,3.84
1585,0.009519999999999997,3.66,3.84
1586,0.009536,3.68,3.84
1587,0.009551999999999998,3.68,3.86
1588,0.009568,3.72,3.86
1589,0.009583999999999999,3.72,3.88
1590,0.009599999999999997,3.72,3.9
1591,0.009616,3.74,3.9
1592,0.009631999999999998,3.74,3.92
1593,0.009648,3.7600000000000002,3.92
1594,0.009663999999999999,3.7600000000000002,3.94
1595,0.009679999999999998,3.8000000000000003,3.96
1596,0.009696,3.7800000000000002,3.96
1597,0.009711999999999998,3.8000000000000003,3.96
1598,0.009728,3.8000000000000003,3.98
1599,0.009744,3.8200000000000003,3.98
1600,0.009759999999999998,3.8200000000000003,4.0
1601,0.009776,3.84,4.0
1602,0.009791999999999999,3.84,4.0200000000000005
1603,0.009807999999999997,3.86,4.04
1604,0.009824,3.86,4.0600000000000005
1605,0.009839999999999998,3.88,4.0600000000000005
1606,0.009856,3.88,4.0600000000000005
1607,0.009871999999999999,3.92,4.0600000000000005
1608,0.009887999999999997,3.9,4.1
1609,0.009904,3.94,4.1
1610,0.009919999999999998,3.94,4.1
1611,0.009936,3.94,4.1
1612,0.009951999999999999,3.96,4.12
1613,0.009967999999999998,3.98,4.14
1614,0.009984,3.98,4.16
1615,0.009999999999999998,4.0,4.16
1616,0.010016,4.0,4.16
1617,0.010032,4.0200000000000005,4.18
1618,0.010047999999999998,4.0200000000000005,4.2
1619,0.010064,4.0200000000000005,4.2
1620,0.010079999999999999,4.04,4.22
1621,0.010095999999999997,4.0600000000000005,4.22
1622,0.010112,4.0600000000000005,4.24
1623,0.010127999999999998,4.08,4.26
1624,0.010144,4.08,4.26
1625,0.010159999999999999,4.1,4.28
1626,0.010175999999999998,4.1,4.28
1627,0.010192,4.1,4.3
1628,0.010207999999999998,4.14,4.3
1629,0.010224,4.12,4.32
1630,0.010239999999999999,4.14,4.34
1631,0.010255999999999998,4.16,4.34
1632,0.010272,4.16,4.34
1633,0.010287999999999999,4.18,4.36
1634,0.010303999999999997,4.18,4.38
1635,0.01032,4.2,4.38
1636,0.010335999999999998,4.2,4.4
1637,0.010352,4.22,4.4
1638,0.010367999999999999,4.24,4.42
1639,0.010383999999999997,4.24,4.42
1640,0.0104,4.24,4.44
1641,0.010415999999999998,4.26,4.46
1642,0.010432,4.26,4.46
1643,0.010447999999999999,4.28,4.48
1644,0.010463999999999998,4.3,4.48
1645,0.01048,4.3,4.5
1646,0.010495999999999998,4.32,4.5200000000000005
1647,0.010512,4.32,4.5200000000000005
1648,0.010528,4.34,4.54
1649,0.010543999999999998,4.34,4.54
1650,0.01056,4.36,4.5600000000000005
1651,0.010575999999999999,4.36,4.5600000000000005
1652,0.010591999999999997,4.38,4.58
1653,0.010608,4.38,4.58
1654,0.010623999999999998,4.4,4.6000000000000005
1655,0.01064,4.4,4.62
1656,0.010655999999999999,4.42,4.62
1657,0.010671999999999997,4.44,4.64
1658,0.010688,4.44,4.64
1659,0.010703999999999998,4.44,4.66
1660,0.01072,4.46,4.66
1661,0.010735999999999999,4.48,4.66
1662,0.010751999999999998,4.48,4.68
1663,0.010768,4.48,4.7
1664,0.010783999999999998,4.5,4.7
1665,0.0108,4.5200000000000005,4.72
1666,0.010816,4.5200000000000005,4.72
1667,0.010831999999999998,4.5200000000000005,4.74
1668,0.010848,4.54,4.74
1669,0.010863999999999999,4.5600000000000005,4.76
1670,0.010879999999999997,4.5600000000000005,4.78
1671,0.010896,4.58,4.78
1672,0.010911999999999998,4.58,4.8
1673,0.010928,4.58,4.82
1674,0.010943999999999999,4.6000000000000005,4.82
1675,0.010959999999999998,4.62,4.82
1676,0.010976,4.64,4.84
1677,0.010991999999999998,4.64,4.84
1678,0.011008,4.64,4.86
1679,0.011023999999999999,4.66,4.88
1680,0.011039999999999998,4.66,4.88
1681,0.011056,4.68,4.88
1682,0.011071999999999999,4.7,4.9
1683,0.011087999999999997,4.7,4.92
1684,0.011104,4.72,4.92
1685,0.011119999999999998,4.72,4.94
1686,0.011136,4.74,4.94
1687,0.011151999999999999,4.74,4.96
1688,0.011167999999999997,4.76,4.96
1689,0.011184,0.06,0.04
1690,0.011199999999999998,0.02,0.04
1691,0.011216,0.02,0.04
1692,0.011231999999999999,0.04,0.04
1693,0.011247999999999998,0.04,0.06
1694,0.011264,0.06,0.06
1695,0.011279999999999998,0.06,0.08
1696,0.011296,0.06,0.08
1697,0.011312,0.08,0.1
1698,0.011327999999999998,0.1,0.12
1699,0.011344,0.1,0.12
1700,0.011359999999999999,0.12,0.12
1701,0.011375999999999997,0.14,0.14
1702,0.011392,0.14,0.16
1703,0.011407999999999998,0.16,0.16
1704,0.011424,0.16,0.18
1705,0.011439999999999999,0.16,0.18
1706,0.011455999999999997,0.18,0.2
1707,0.011472,0.2,0.22
1708,0.011487999999999998,0.2,0.22
1709,0.011504,0.22,0.22
1710,0.011519999999999999,0.22,0.24
1711,0.011535999999999998,0.22,0.26
1712,0.011552,0.24,0.26
1713,0.011567999999999998,0.24,0.28
1714,0.011584,0.28,0.28
1715,0.0116,0.28,0.3
1716,0.011615999999999998,0.28,0.3
1717,0.011632,0.3,0.32
1718,0.011647999999999999,0.32,0.34
1719,0.011663999999999997,0.32,0.34
1720,0.01168,0.32,0.34
1721,0.011695999999999998,0.32,0.36
1722,0.011712,0.36,0.38
1723,0.011727999999999999,0.36,0.38
1724,0.011743999999999997,0.36,0.4
1725,0.01176,0.38,0.4
1726,0.011775999999999998,0.38,0.42
1727,0.011792,0.4,0.44
1728,0.011807999999999999,0.42,0.44
1729,0.011823999999999998,0.42,0.46
1730,0.01184,0.44,0.46
1731,0.011855999999999998,0.44,0.48
1732,0.011871999999999997,0.46,0.48
1733,0.011888,0.46,0.5
1734,0.011903999999999998,0.48,0.5
1735,0.01192,0.48,0.52
1736,0.011935999999999999,0.5,0.52
1737,0.011951999999999997,0.5,0.54
1738,0.011968,0.52,0.56
1739,0.011983999999999998,0.52,0.56
1740,0.012,0.54,0.58
1741,0.012015999999999999,0.56,0.58
1742,0.012031999999999998,0.56,0.6
1743,0.012048,0.56,0.6
1744,0.012063999999999998,0.58,0.6
1745,0.01208,0.6,0.64
1746,0.012095999999999999,0.6,0.64
1747,0.012111999999999998,0.62,0.64
1748,0.012128,0.64,0.66
1749,0.012143999999999999,0.64,0.66
1750,0.012159999999999997,0.64,0.68
1751,0.012176,0.66,0.68
1752,0.012191999999999998,0.68,0.7000000000000001
1753,0.012208,0.68,0.7000000000000001
1754,0.012223999999999999,0.7000000000000001,0.74
1755,0.012239999999999997,0.7000000000000001,0.74
1756,0.012256,0.72,0.76
1757,0.012271999999999998,0.72,0.76
1758,0.012288,0.74,0.76
1759,0.012303999999999999,0.74,0.78
1760,0.012319999999999998,0.76,0.78
1761,0.012336,0.76,0.8
1762,0.012351999999999998,0.78,0.8200000000000001
1763,0.012368,0.8,0.8200000000000001
1764,0.012384,0.8,0.84
1765,0.012399999999999998,0.8200000000000001,0.84
1766,0.012416,0.8200000000000001,0.86
1767,0.012431999999999999,0.84,0.86
1768,0.012447999999999997,0.84,0.86
1769,0.012464,0.86,0.88
1770,0.012479999999999998,0.86,0.9
1771,0.012496,0.88,0.92
1772,0.012511999999999999,0.88,0.92
1773,0.012527999999999997,0.9,0.9400000000000001
1774,0.012544,0.9,0.9400000000000001
1775,0.012559999999999998,0.92,0.96
1776,0.012576,0.92,0.96
1777,0.012591999999999999,0.9400000000000001,0.98
1778,0.012607999999999998,0.9400000000000001,0.98
1779,0.012624,0.96,1.0
1780,0.012639999999999998,0.96,1.02
1781,0.012655999999999997,0.98,1.02
1782,0.012672,0.98,1.04
1783,0.012687999999999998,1.0,1.04
1784,0.012704,1.02,1.06
1785,0.012719999999999999,1.02,1.06
1786,0.012735999999999997,1.04,1.08
1787,0.012752,1.02,1.1
1788,0.012767999999999998,1.06,1.1
1789,0.012784,1.06,1.1
1790,0.012799999999999999,1.08,1.1
1791,0.012815999999999998,1.08,1.1400000000000001
1792,0.012832,1.1,1.1400000000000001
1793,0.012847999999999998,1.1,1.16
1794,0.012864,1.12,1.16
1795,0.012879999999999999,1.12,1.18
1796,0.012895999999999998,1.1400000000000001,1.18
1797,0.012912,1.12,1.2
1798,0.012927999999999999,1.16,1.22
1799,0.012943999999999997,1.18,1.2
1800,0.01296,1.18,1.24
1801,0.012975999999999998,1.2,1.24
1802,0.012992,1.2,1.24
1803,0.013007999999999999,1.22,1.26
1804,0.013023999999999997,1.22,1.28
1805,0.01304,1.24,1.28
1806,0.013055999999999998,1.24,1.3
1807,0.013072,1.26,1.3
1808,0.013087999999999999,1.26,1.32
1809,0.013103999999999998,1.28,1.34
1810,0.01312,1.28,1.34
1811,0.013135999999999998,1.3,1.36
1812,0.013152,1.3,1.36
1813,0.013168,1.32,1.3800000000000001
1814,0.013183999999999998,1.32,1.3800000000000001
1815,0.0132,1.34,1.4000000000000001
1816,0.013215999999999999,1.34,1.42
1817,0.013231999999999997,1.36,1.42
1818,0.013248,1.36,1.44
1819,0.013263999999999998,1.3800000000000001,1.44
1820,0.01328,1.4000000000000001,1.46
1821,0.013295999999999999,1.4000000000000001,1.46
1822,0.013311999999999997,1.42,1.48
1823,0.013328,1.42,1.48
1824,0.013343999999999998,1.42,1.5
1825,0.01336,1.44,1.5
1826,0.013375999999999999,1.46,1.52
1827,0.013391999999999998,1.46,1.54
1828,0.013408,1.48,1.54
1829,0.013423999999999998,1.48,1.54
1830,0.013439999999999997,1.5,1.56
1831,0.013456,1.5,1.58
1832,0.013471999999999998,1.52,1.56
1833,0.013488,1.52,1.58
1834,0.013503999999999999,1.54,1.58
1835,0.013519999999999997,1.54,1.62
1836,0.013536,1.54,1.6400000000000001
1837,0.013551999999999998,1.56,1.6400000000000001
1838,0.013568,1.58,1.6400000000000001
1839,0.013583999999999999,1.6,1.6600000000000001
1840,0.013599999999999998,1.6,1.6600000000000001
1841,0.013616,1.6,1.68
1842,0.013631999999999998,1.62,1.6600000000000001
1843,0.013648,1.6400000000000001,1.68
1844,0.013663999999999999,1.6400000000000001,1.7
1845,0.013679999999999998,1.6600000000000001,1.72
1846,0.013696,1.68,1.74
1847,0.013711999999999998,1.68,1.74
1848,0.013727999999999997,1.68,1.76
1849,0.013744,1.7,1.76
1850,0.013759999999999998,1.7,1.78
1851,0.013776,1.72,1.78
1852,0.013791999999999999,1.72,1.8
1853,0.013807999999999997,1.74,1.8
1854,0.013824,1.74,1.82
1855,0.013839999999999998,1.76,1.84
1856,0.013856,1.76,1.84
1857,0.013871999999999999,1.78,1.86
1858,0.013887999999999998,1.78,1.86
1859,0.013904,1.8,1.8800000000000001
1860,0.013919999999999998,1.8,1.8800000000000001
1861,0.013936,1.82,1.9000000000000001
1862,0.013951999999999999,1.84,1.9000000000000001
1863,0.013967999999999998,1.84,1.92
1864,0.013984,1.84,1.94
1865,0.013999999999999999,1.84,1.94
1866,0.014015999999999997,1.86,1.96
1867,0.014032,1.8800000000000001,1.96
1868,0.014047999999999998,1.9000000000000001,1.98
1869,0.014064,1.9000000000000001,1.98
1870,0.014079999999999999,1.92,2.0
1871,0.014095999999999997,1.92,2.02
1872,0.014112,1.92,2.02
1873,0.014127999999999998,1.94,2.04
1874,0.014144,1.94,2.02
1875,0.014159999999999999,1.96,2.06
1876,0.014175999999999998,1.98,2.04
1877,0.014192,1.98,2.08
1878,0.014207999999999998,1.98,2.1
1879,0.014223999999999997,2.0,2.1
1880,0.01424,2.0,2.12
1881,0.014255999999999998,2.04,2.12
1882,0.014272,2.02,2.14
1883,0.014287999999999999,2.06,2.14
1884,0.014303999999999997,2.06,2.14
1885,0.01432,2.08,2.16
1886,0.014335999999999998,2.08,2.16
1887,0.014352,2.1,2.18
1888,0.014367999999999999,2.1,2.2
1889,0.014383999999999997,2.12,2.22
1890,0.0144,2.12,2.22
1891,0.014415999999999998,2.14,2.24
1892,0.014432,2.14,2.24
1893,0.014447999999999999,2.16,2.2600000000000002
1894,0.014463999999999998,2.18,2.2600000000000002
1895,0.01448,2.18,2.2800000000000002
1896,0.014495999999999998,2.18,2.2800000000000002
1897,0.014511999999999997,2.2,2.3000000000000003
1898,0.014528,2.2,2.3000000000000003
1899,0.014543999999999998,2.22,2.32
1900,0.01456,2.22,2.34
1901,0.014575999999999999,2.24,2.34
1902,0.014591999999999997,2.2600000000000002,2.36
1903,0.014608,2.24,2.36
1904,0.014623999999999998,2.2800000000000002,2.36
1905,0.01464,2.2800000000000002,2.36
1906,0.014655999999999999,2.3000000000000003,2.4
1907,0.014671999999999998,2.3000000000000003,2.4
1908,0.014688,2.32,2.42
1909,0.014703999999999998,2.32,2.42
1910,0.014719999999999997,2.34,2.44
1911,0.014735999999999999,2.34,2.44
1912,0.014751999999999998,2.34,2.44
1913,0.014768,2.36,2.46
1914,0.014783999999999999,2.38,2.46
1915,0.014799999999999997,2.38,2.48
1916,0.014816,2.4,2.5
1917,0.014831999999999998,2.4,2.5
1918,0.014848,2.42,2.52
1919,0.014863999999999999,2.42,2.52
1920,0.014879999999999997,2.44,2.54
1921,0.014896,2.44,2.54
1922,0.014911999999999998,2.46,2.56
1923,0.014928,2.46,2.58
1924,0.014943999999999999,2.48,2.58
1925,0.014959999999999998,2.48,2.6
1926,0.014976,2.5,2.6
1927,0.014991999999999998,2.52,2.62
1928,0.015007999999999997,2.5,2.62
1929,0.015024,2.52,2.64
1930,0.015039999999999998,2.52,2.64
1931,0.015056,2.54,2.66
1932,0.015071999999999999,2.54,2.66
1933,0.015087999999999997,2.58,2.7
1934,0.015104,2.58,2.7
1935,0.015119999999999998,2.58,2.7
1936,0.015136,2.6,2.72
1937,0.015151999999999999,2.6,2.72
1938,0.015167999999999997,2.62,2.74
1939,0.015184,2.62,2.74
1940,0.015199999999999998,2.64,2.7600000000000002
1941,0.015216,2.64,2.7600000000000002
1942,0.015231999999999999,2.66,2.7800000000000002
1943,0.015247999999999998,2.66,2.7800000000000002
1944,0.015264,2.68,2.8000000000000003
1945,0.015279999999999998,2.68,2.8000000000000003
1946,0.015295999999999997,2.7,2.82
1947,0.015312,2.7,2.84
1948,0.015327999999999998,2.72,2.84
1949,0.015344,2.74,2.86
1950,0.015359999999999999,2.74,2.86
1951,0.015375999999999997,2.7600000000000002,2.88
1952,0.015392,2.7600000000000002,2.9
1953,0.015407999999999998,2.7800000000000002,2.9
1954,0.015424,2.7800000000000002,2.9
1955,0.015439999999999995,2.8000000000000003,2.92
1956,0.015455999999999998,2.8000000000000003,2.92
1957,0.015472,2.82,2.94
1958,0.015488000000000002,2.84,2.96
1959,0.015503999999999997,2.84,2.96
1960,0.015519999999999999,2.84,2.98
1961,0.015536000000000001,2.86,2.98
1962,0.015551999999999996,2.86,3.0
1963,0.015567999999999999,2.88,3.0
1964,0.015584,2.88,3.02
1965,0.015599999999999996,2.9,3.02
1966,0.015615999999999998,2.9,3.04
1967,0.015632,2.92,3.06
1968,0.015647999999999995,2.94,3.06
1969,0.015663999999999997,2.94,3.06
1970,0.01568,2.96,3.1
1971,0.015696,2.98,3.1
1972,0.015711999999999997,2.98,3.1
1973,0.015728,2.98,3.12
1974,0.015744,2.98,3.14
1975,0.015759999999999996,3.0,3.16
1976,0.015776,3.0,3.16
1977,0.015792,3.02,3.16
1978,0.015807999999999996,3.04,3.18
1979,0.015823999999999998,3.04,3.18
1980,0.01584,3.06,3.2
1981,0.015856000000000002,3.08,3.22
1982,0.015871999999999997,3.08,3.22
1983,0.015888,3.1,3.22
1984,0.015904,3.1,3.24
1985,0.015919999999999997,3.1,3.2600000000000002
1986,0.015936,3.14,3.2600000000000002
1987,0.015952,3.14,3.2800000000000002
1988,0.015967999999999996,3.14,3.2800000000000002
1989,0.015983999999999998,3.16,3.3000000000000003
1990,0.016,3.18,3.3000000000000003
1991,0.016015999999999996,3.18,3.3200000000000003
1992,0.016031999999999998,3.18,3.3200000000000003
1993,0.016048,3.2,3.34
1994,0.016064000000000002,3.2,3.36
1995,0.016079999999999997,3.22,3.36
1996,0.016096,3.24,3.38
1997,0.016112,3.24,3.38
1998,0.016127999999999997,3.2600000000000002,3.4
1999,0.016144,3.2800000000000002,3.42
