,time,v1,v2
0,-0.01584,4.16,4.34
1,-0.015824,4.16,4.34
2,-0.015808,4.16,4.34
3,-0.015792,4.18,4.36
4,-0.015776,4.18,4.38
5,-0.01576,4.2,4.38
6,-0.015744,4.2,4.4
7,-0.015728,4.2,4.38
8,-0.015712,4.22,4.4
9,-0.015696,4.22,4.42
10,-0.01568,4.22,4.42
11,-0.015664,4.24,4.42
12,-0.015648,4.24,4.44
13,-0.015632,4.24,4.44
14,-0.015616,4.26,4.46
15,-0.0156,4.26,4.46
16,-0.015584,4.28,4.46
17,-0.015568,4.28,4.48
18,-0.015552,4.28,4.48
19,-0.015536,4.3,4.48
20,-0.015519999999999999,4.3,4.5
21,-0.015504,4.3,4.5
22,-0.015488,4.32,4.5200000000000005
23,-0.015472,4.32,4.54
24,-0.015456,4.34,4.5200000000000005
25,-0.01544,4.34,4.54
26,-0.015424,4.34,4.54
27,-0.015408,4.36,4.54
28,-0.015392,4.36,4.5600000000000005
29,-0.015376,4.38,4.58
30,-0.01536,4.38,4.58
31,-0.015344,4.38,4.58
32,-0.015328,4.4,4.6000000000000005
33,-0.015312,4.4,4.6000000000000005
34,-0.015296,4.4,4.6000000000000005
35,-0.01528,4.42,4.62
36,-0.015264,4.42,4.62
37,-0.015248,4.42,4.62
38,-0.015232,4.44,4.64
39,-0.015216,4.44,4.64
40,-0.0152,4.46,4.64
41,-0.015184,4.46,4.66
42,-0.015168,4.46,4.66
43,-0.015152,4.48,4.68
44,-0.015136,4.48,4.68
45,-0.01512,4.5,4.7
46,-0.015104,4.5,4.7
47,-0.015088,4.5,4.72
48,-0.015072,4.5200000000000005,4.72
49,-0.015056,4.5200000000000005,4.72
50,-0.01504,4.5200000000000005,4.72
51,-0.015024,4.54,4.74
52,-0.015008,4.54,4.76
53,-0.014992,4.5600000000000005,4.76
54,-0.014976,4.5600000000000005,4.76
55,-0.01496,4.58,4.78
56,-0.014944,4.58,4.78
57,-0.014928,4.58,4.8
58,-0.014912,4.6000000000000005,4.8
59,-0.014896,4.6000000000000005,4.8
60,-0.01488,4.6000000000000005,4.82
61,-0.014864,4.62,4.84
62,-0.014848,4.62,4.82
63,-0.014832,4.62,4.84
64,-0.014816,4.64,4.84
65,-0.0148,4.66,4.86
66,-0.014784,4.66,4.86
67,-0.014768,4.68,4.88
68,-0.014752,4.68,4.88
69,-0.014735999999999999,4.68,4.88
70,-0.01472,4.68,4.9
71,-0.014704,4.68,4.9
72,-0.014688,4.72,4.92
73,-0.014672,4.72,4.92
74,-0.014656,4.72,4.92
75,-0.01464,4.72,4.92
76,-0.014624,4.74,4.94
77,-0.014608,4.74,4.94
78,-0.014592,4.74,4.96
79,-0.014576,4.76,4.96
80,-0.01456,0.04,0.04
81,-0.014544,0.02,0.02
82,-0.014528,0.02,0.02
83,-0.014512,0.02,0.04
84,-0.014496,0.02,0.04
85,-0.01448,0.04,0.04
86,-0.014464,0.04,0.04
87,-0.014447999999999999,0.04,0.06
88,-0.014432,0.04,0.06
89,-0.014416,0.06,0.08
90,-0.0144,0.08,0.08
91,-0.014384000000000001,0.08,0.1
92,-0.014368,0.1,0.12
93,-0.014352,0.1,0.12
94,-0.014336,0.1,0.12
95,-0.01432,0.12,0.12
96,-0.014304,0.12,0.14
97,-0.014288,0.12,0.14
98,-0.014272,0.14,0.14
99,-0.014256,0.14,0.16
100,-0.01424,0.14,0.18
101,-0.014224,0.16,0.18
102,-0.014208,0.16,0.18
103,-0.014192,0.18,0.2
104,-0.014176,0.2,0.2
105,-0.01416,0.2,0.22
106,-0.014144,0.2,0.22
107,-0.014128,0.2,0.22
108,-0.014112,0.22,0.24
109,-0.014096000000000001,0.22,0.24
110,-0.01408,0.22,0.26
111,-0.014064,0.24,0.26
112,-0.014048,0.24,0.26
113,-0.014032,0.24,0.28
114,-0.014016,0.26,0.28
115,-0.014,0.26,0.28
116,-0.013984,0.28,0.3
117,-0.013968,0.28,0.3
118,-0.013951999999999999,0.3,0.32
119,-0.013936,0.3,0.32
120,-0.01392,0.32,0.32
121,-0.013904,0.32,0.34
122,-0.013888,0.32,0.32
123,-0.013872,0.34,0.36
124,-0.013856,0.34,0.36
125,-0.01384,0.34,0.36
126,-0.013824,0.36,0.38
127,-0.013808,0.36,0.36
128,-0.013792,0.36,0.38
129,-0.013776,0.36,0.4
130,-0.01376,0.38,0.4
131,-0.013744,0.4,0.4
132,-0.013728,0.4,0.42
133,-0.013712,0.4,0.42
134,-0.013696,0.42,0.44
135,-0.01368,0.42,0.44
136,-0.013663999999999999,0.42,0.46
137,-0.013648,0.44,0.46
138,-0.013632,0.44,0.48
139,-0.013616,0.44,0.48
140,-0.013600000000000001,0.46,0.48
141,-0.013584,0.46,0.5
142,-0.013568,0.48,0.48
143,-0.013552,0.48,0.52
144,-0.013536,0.48,0.52
145,-0.01352,0.5,0.52
146,-0.013504,0.5,0.54
147,-0.013488,0.52,0.54
148,-0.013472,0.52,0.54
149,-0.013456,0.54,0.56
150,-0.01344,0.54,0.56
151,-0.013424,0.54,0.58
152,-0.013408,0.56,0.58
153,-0.013392,0.56,0.58
154,-0.013375999999999999,0.56,0.6
155,-0.01336,0.58,0.6
156,-0.013344,0.58,0.62
157,-0.013328,0.6,0.62
158,-0.013312000000000001,0.6,0.64
159,-0.013296,0.6,0.64
160,-0.01328,0.62,0.64
161,-0.013264,0.62,0.66
162,-0.013248,0.64,0.66
163,-0.013232,0.64,0.66
164,-0.013216,0.64,0.68
165,-0.0132,0.66,0.66
166,-0.013184,0.66,0.7000000000000001
167,-0.013168,0.66,0.7000000000000001
168,-0.013152,0.68,0.7000000000000001
169,-0.013136,0.68,0.7000000000000001
170,-0.01312,0.7000000000000001,0.74
171,-0.013104000000000001,0.7000000000000001,0.72
172,-0.013088,0.72,0.74
173,-0.013072,0.72,0.74
174,-0.013056,0.72,0.76
175,-0.01304,0.74,0.76
176,-0.013024,0.74,0.78
177,-0.013008,0.74,0.78
178,-0.012992,0.74,0.78
179,-0.012976,0.78,0.8
180,-0.01296,0.76,0.8
181,-0.012944,0.76,0.8200000000000001
182,-0.012928,0.78,0.8200000000000001
183,-0.012912,0.8,0.8200000000000001
184,-0.012896,0.8,0.84
185,-0.012879999999999999,0.8,0.84
186,-0.012864,0.8200000000000001,0.84
187,-0.012848,0.8200000000000001,0.86
188,-0.012832,0.8200000000000001,0.86
189,-0.012816000000000001,0.84,0.88
190,-0.0128,0.84,0.88
191,-0.012784,0.86,0.9
192,-0.012768,0.86,0.9
193,-0.012752,0.86,0.9
194,-0.012736,0.88,0.92
195,-0.01272,0.9,0.92
196,-0.012704,0.9,0.92
197,-0.012688,0.9,0.9400000000000001
198,-0.012672,0.9,0.9400000000000001
199,-0.012656,0.92,0.9400000000000001
200,-0.01264,0.92,0.96
201,-0.012624,0.9400000000000001,0.96
202,-0.012608,0.9400000000000001,0.98
203,-0.012591999999999999,0.96,0.98
204,-0.012576,0.9400000000000001,0.98
205,-0.01256,0.96,1.0
206,-0.012544,0.96,1.0
207,-0.012528000000000001,0.98,1.02
208,-0.012512,0.98,1.02
209,-0.012496,0.98,1.04
210,-0.01248,1.0,1.04
211,-0.012464,1.0,1.06
212,-0.012448,1.02,1.06
213,-0.012432,1.02,1.06
214,-0.012416,1.04,1.08
215,-0.0124,1.04,1.08
216,-0.012384,1.06,1.1
217,-0.012368,1.06,1.08
218,-0.012352,1.06,1.1
219,-0.012336,1.06,1.12
220,-0.012320000000000001,1.08,1.12
221,-0.012304,1.08,1.1400000000000001
222,-0.012288,1.1,1.1400000000000001
223,-0.012272,1.1,1.1400000000000001
224,-0.012256,1.1,1.16
225,-0.012240000000000001,1.12,1.16
226,-0.012224,1.12,1.16
227,-0.012208,1.12,1.18
228,-0.012192,1.12,1.18
229,-0.012176,1.1400000000000001,1.2
230,-0.01216,1.16,1.2
231,-0.012144,1.16,1.2
232,-0.012128,1.16,1.22
233,-0.012112,1.16,1.24
234,-0.012095999999999999,1.2,1.22
235,-0.01208,1.2,1.24
236,-0.012064,1.18,1.26
237,-0.012048,1.2,1.26
238,-0.012032000000000001,1.22,1.26
239,-0.012016,1.22,1.28
240,-0.012,1.24,1.28
241,-0.011984,1.24,1.28
242,-0.011968,1.24,1.3
243,-0.011952,1.26,1.3
244,-0.011936,1.26,1.32
245,-0.01192,1.26,1.32
246,-0.011904000000000001,1.28,1.34
247,-0.011888,1.26,1.34
248,-0.011872,1.28,1.36
249,-0.011856,1.3,1.36
250,-0.01184,1.3,1.36
251,-0.011824000000000001,1.3,1.36
252,-0.011807999999999999,1.32,1.3800000000000001
253,-0.011792,1.34,1.4000000000000001
254,-0.011776,1.34,1.4000000000000001
255,-0.01176,1.34,1.4000000000000001
256,-0.011744000000000001,1.34,1.4000000000000001
257,-0.011727999999999999,1.36,1.42
258,-0.011712,1.36,1.42
259,-0.011696,1.36,1.44
260,-0.01168,1.36,1.44
261,-0.011664,1.4000000000000001,1.46
262,-0.011648,1.4000000000000001,1.46
263,-0.011632,1.4000000000000001,1.46
264,-0.011616000000000001,1.4000000000000001,1.48
265,-0.0116,1.42,1.48
266,-0.011584,1.42,1.5
267,-0.011568,1.44,1.5
268,-0.011552,1.44,1.5
269,-0.011536000000000001,1.44,1.5
270,-0.011519999999999999,1.46,1.52
271,-0.011504,1.46,1.52
272,-0.011488,1.48,1.54
273,-0.011472,1.48,1.54
274,-0.011456000000000001,1.48,1.56
275,-0.01144,1.5,1.54
276,-0.011424,1.5,1.56
277,-0.011408,1.5,1.56
278,-0.011392,1.52,1.58
279,-0.011376,1.54,1.58
280,-0.01136,1.54,1.58
281,-0.011344,1.54,1.6
282,-0.011328000000000001,1.54,1.62
283,-0.011312,1.56,1.62
284,-0.011296,1.56,1.6400000000000001
285,-0.01128,1.56,1.6400000000000001
286,-0.011264,1.56,1.6400000000000001
287,-0.011248000000000001,1.58,1.6600000000000001
288,-0.011231999999999999,1.58,1.6600000000000001
289,-0.011216,1.6,1.68
290,-0.0112,1.6,1.6600000000000001
291,-0.011184,1.62,1.7
292,-0.011168,1.62,1.7
293,-0.011152,1.62,1.7
294,-0.011136,1.6400000000000001,1.7
295,-0.011120000000000001,1.6600000000000001,1.72
296,-0.011104,1.6600000000000001,1.72
297,-0.011088,1.6600000000000001,1.74
298,-0.011072,1.6600000000000001,1.74
299,-0.011056,1.68,1.76
300,-0.011040000000000001,1.68,1.76
301,-0.011023999999999999,1.68,1.78
302,-0.011008,1.7,1.78
303,-0.010992,1.7,1.78
304,-0.010976,1.72,1.78
305,-0.010960000000000001,1.7,1.8
306,-0.010943999999999999,1.72,1.8
307,-0.010928,1.74,1.82
308,-0.010912,1.74,1.82
309,-0.010896,1.76,1.82
310,-0.01088,1.76,1.84
311,-0.010864,1.78,1.84
312,-0.010848,1.78,1.86
313,-0.010832000000000001,1.78,1.86
314,-0.010816,1.8,1.8800000000000001
315,-0.0108,1.8,1.8800000000000001
316,-0.010784,1.8,1.8800000000000001
317,-0.010768,1.82,1.9000000000000001
318,-0.010752000000000001,1.82,1.9000000000000001
319,-0.010735999999999999,1.84,1.9000000000000001
320,-0.01072,1.84,1.92
321,-0.010704,1.84,1.92
322,-0.010688,1.84,1.94
323,-0.010672000000000001,1.86,1.94
324,-0.010656,1.86,1.94
325,-0.01064,1.8800000000000001,1.96
326,-0.010624,1.8800000000000001,1.96
327,-0.010608,1.9000000000000001,1.98
328,-0.010592,1.9000000000000001,1.98
329,-0.010576,1.9000000000000001,1.98
330,-0.01056,1.92,2.0
331,-0.010544000000000001,1.9000000000000001,2.0
332,-0.010528,1.94,2.02
333,-0.010512,1.94,2.02
334,-0.010496,1.96,2.02
335,-0.01048,1.96,2.04
336,-0.010464000000000001,1.94,2.04
337,-0.010447999999999999,1.96,2.06
338,-0.010432,1.98,2.06
339,-0.010416,1.98,2.06
340,-0.0104,2.0,2.08
341,-0.010384000000000001,1.98,2.08
342,-0.010368,2.0,2.1
343,-0.010352,2.02,2.1
344,-0.010336000000000001,2.02,2.1
345,-0.01032,2.04,2.12
346,-0.010304,2.04,2.12
347,-0.010288,2.04,2.14
348,-0.010272,2.06,2.14
349,-0.010256000000000001,2.04,2.14
350,-0.010239999999999999,2.06,2.14
351,-0.010224,2.06,2.16
352,-0.010208,2.06,2.18
353,-0.010192,2.06,2.18
354,-0.010176000000000001,2.1,2.18
355,-0.010159999999999999,2.1,2.2
356,-0.010144,2.1,2.2
357,-0.010128,2.12,2.22
358,-0.010112,2.14,2.22
359,-0.010096,2.14,2.22
360,-0.01008,2.14,2.24
361,-0.010064,2.16,2.24
362,-0.010048000000000001,2.16,2.24
363,-0.010032,2.16,2.2600000000000002
364,-0.010016,2.16,2.2600000000000002
365,-0.01,2.18,2.2800000000000002
366,-0.009984,2.18,2.2800000000000002
367,-0.009968000000000001,2.2,2.3000000000000003
368,-0.009951999999999999,2.2,2.3000000000000003
369,-0.009936,2.22,2.32
370,-0.00992,2.22,2.3000000000000003
371,-0.009904,2.22,2.32
372,-0.009888000000000001,2.24,2.32
373,-0.009872,2.22,2.34
374,-0.009856,2.24,2.34
375,-0.00984,2.2600000000000002,2.36
376,-0.009824,2.24,2.36
377,-0.009808,2.2800000000000002,2.36
378,-0.009792,2.2600000000000002,2.38
379,-0.009776,2.2800000000000002,2.4
380,-0.009760000000000001,2.3000000000000003,2.38
381,-0.009744,2.3000000000000003,2.4
382,-0.009728,2.32,2.4
383,-0.009712,2.32,2.4
384,-0.009696,2.32,2.42
385,-0.009680000000000001,2.34,2.44
386,-0.009663999999999999,2.32,2.44
387,-0.009648,2.34,2.44
388,-0.009632,2.36,2.46
389,-0.009616,2.36,2.46
390,-0.009600000000000001,2.38,2.46
391,-0.009584,2.36,2.48
392,-0.009568,2.38,2.48
393,-0.009552000000000001,2.38,2.5
394,-0.009536,2.4,2.5
395,-0.00952,2.42,2.5
396,-0.009504,2.42,2.5
397,-0.009488,2.42,2.52
398,-0.009472000000000001,2.44,2.52
399,-0.009455999999999999,2.44,2.54
400,-0.00944,2.44,2.56
401,-0.009424,2.46,2.56
402,-0.009408,2.46,2.58
403,-0.009392000000000001,2.46,2.56
404,-0.009375999999999999,2.48,2.58
405,-0.00936,2.48,2.58
406,-0.009344,2.48,2.6
407,-0.009328,2.5,2.6
408,-0.009312,2.5,2.62
409,-0.009296,2.5,2.62
410,-0.00928,2.52,2.62
411,-0.009264000000000001,2.5,2.62
412,-0.009248,2.52,2.64
413,-0.009232,2.52,2.66
414,-0.009216,2.54,2.66
415,-0.0092,2.54,2.66
416,-0.009184000000000001,2.56,2.68
417,-0.009167999999999999,2.56,2.68
418,-0.009152,2.58,2.7
419,-0.009136,2.6,2.7
420,-0.00912,2.58,2.7
421,-0.009104000000000001,2.6,2.72
422,-0.009088,2.6,2.72
423,-0.009072,2.6,2.72
424,-0.009056,2.62,2.74
425,-0.00904,2.62,2.7600000000000002
426,-0.009024,2.62,2.7600000000000002
427,-0.009008,2.64,2.74
428,-0.008992,2.64,2.7600000000000002
429,-0.008976000000000001,2.66,2.7800000000000002
430,-0.00896,2.66,2.7800000000000002
431,-0.008944,2.68,2.7800000000000002
432,-0.008928,2.68,2.8000000000000003
433,-0.008912,2.68,2.8000000000000003
434,-0.008896000000000001,2.68,2.82
435,-0.008879999999999999,2.7,2.82
436,-0.008864,2.7,2.84
437,-0.008848,2.72,2.82
438,-0.008832,2.72,2.84
439,-0.008816000000000001,2.72,2.86
440,-0.0088,2.74,2.86
441,-0.008784,2.74,2.86
442,-0.008768000000000001,2.74,2.88
443,-0.008752,2.7600000000000002,2.88
444,-0.008736,2.7600000000000002,2.9
445,-0.00872,2.7800000000000002,2.92
446,-0.008704,2.7800000000000002,2.9
447,-0.008688000000000001,2.8000000000000003,2.92
448,-0.008672,2.8000000000000003,2.92
449,-0.008656,2.8000000000000003,2.92
450,-0.00864,2.82,2.94
451,-0.008624,2.82,2.94
452,-0.008608000000000001,2.84,2.94
453,-0.008591999999999999,2.84,2.96
454,-0.008576,2.84,2.98
455,-0.00856,2.84,2.98
456,-0.008544,2.86,2.98
457,-0.008528,2.88,3.0
458,-0.008512,2.88,3.0
459,-0.008496,2.9,3.02
460,-0.008480000000000001,2.9,3.02
461,-0.008464,2.9,3.02
462,-0.008448,2.9,3.04
463,-0.008432,2.92,3.04
464,-0.008416,2.92,3.06
465,-0.008400000000000001,2.92,3.06
466,-0.008383999999999999,2.94,3.06
467,-0.008368,2.94,3.08
468,-0.008352,2.94,3.08
469,-0.008336,2.96,3.08
470,-0.008320000000000001,2.98,3.1
471,-0.008304,2.98,3.1
472,-0.008288,2.98,3.12
473,-0.008272,2.98,3.12
474,-0.008256,3.0,3.14
475,-0.00824,3.0,3.14
476,-0.008224,3.02,3.16
477,-0.008208,3.02,3.16
478,-0.008192000000000001,3.02,3.16
479,-0.008176,3.04,3.18
480,-0.00816,3.04,3.18
481,-0.008144,3.04,3.2
482,-0.008128,3.06,3.2
483,-0.008112000000000001,3.08,3.2
484,-0.008095999999999999,3.08,3.2
485,-0.00808,3.08,3.22
486,-0.008064,3.08,3.24
487,-0.008048,3.1,3.24
488,-0.008032000000000001,3.12,3.24
489,-0.008016,3.12,3.24
490,-0.008,3.12,3.2600000000000002
491,-0.007984,3.14,3.2800000000000002
492,-0.007968000000000001,3.14,3.2800000000000002
493,-0.007952,3.14,3.2800000000000002
494,-0.007936,3.14,3.3000000000000003
495,-0.00792,3.16,3.3000000000000003
496,-0.007904,3.16,3.3000000000000003
497,-0.007888000000000001,3.16,3.3200000000000003
498,-0.007872,3.18,3.3200000000000003
499,-0.007856,3.18,3.3200000000000003
500,-0.00784,3.2,3.34
501,-0.007824000000000001,3.2,3.36
502,-0.007808000000000001,3.22,3.36
503,-0.007792,3.24,3.36
504,-0.007776,3.22,3.38
505,-0.0077599999999999995,3.24,3.38
506,-0.007744000000000001,3.24,3.38
507,-0.0077280000000000005,3.24,3.4
508,-0.007712,3.2600000000000002,3.4
509,-0.007696,3.2600000000000002,3.4
510,-0.007680000000000001,3.2800000000000002,3.42
511,-0.007664000000000001,3.2800000000000002,3.42
512,-0.007648,3.2800000000000002,3.44
513,-0.007632,3.3200000000000003,3.44
514,-0.0076159999999999995,3.3000000000000003,3.46
515,-0.007600000000000001,3.3200000000000003,3.46
516,-0.0075840000000000005,3.3200000000000003,3.48
517,-0.007568,3.34,3.48
518,-0.007552,3.36,3.48
519,-0.007536000000000001,3.34,3.48
520,-0.007520000000000001,3.34,3.5
521,-0.007504,3.36,3.5
522,-0.007488,3.36,3.52
523,-0.0074719999999999995,3.36,3.52
524,-0.007456000000000001,3.38,3.52
525,-0.00744,3.38,3.54
526,-0.007424,3.4,3.54
527,-0.007408,3.4,3.54
528,-0.007392000000000001,3.42,3.56
529,-0.007376000000000001,3.42,3.56
530,-0.00736,3.42,3.58
531,-0.007344,3.44,3.58
532,-0.0073279999999999994,3.44,3.6
533,-0.007312000000000001,3.44,3.6
534,-0.007296,3.46,3.6
535,-0.00728,3.46,3.62
536,-0.007264,3.48,3.62
537,-0.007248000000000001,3.48,3.64
538,-0.007232000000000001,3.48,3.64
539,-0.007216,3.5,3.64
540,-0.0072,3.5,3.66
541,-0.007184000000000001,3.52,3.68
542,-0.007168000000000001,3.52,3.66
543,-0.007152,3.54,3.68
544,-0.007136,3.54,3.68
545,-0.00712,3.54,3.68
546,-0.007104000000000001,3.54,3.7
547,-0.0070880000000000006,3.56,3.72
548,-0.007072,3.56,3.72
549,-0.007056,3.58,3.74
550,-0.007040000000000001,3.58,3.74
551,-0.007024000000000001,3.58,3.74
552,-0.007008,3.6,3.7600000000000002
553,-0.006992,3.62,3.7600000000000002
554,-0.0069759999999999996,3.62,3.7600000000000002
555,-0.006960000000000001,3.62,3.7800000000000002
556,-0.0069440000000000005,3.64,3.7800000000000002
557,-0.006928,3.62,3.8000000000000003
558,-0.006912,3.64,3.8000000000000003
559,-0.006896000000000001,3.64,3.8000000000000003
560,-0.006880000000000001,3.66,3.8200000000000003
561,-0.006864,3.66,3.8200000000000003
562,-0.006848,3.68,3.84
563,-0.0068319999999999995,3.7,3.84
564,-0.006816000000000001,3.68,3.86
565,-0.0068000000000000005,3.7,3.86
566,-0.006784,3.7,3.86
567,-0.006768,3.72,3.88
568,-0.006752000000000001,3.72,3.88
569,-0.006736000000000001,3.72,3.88
570,-0.00672,3.74,3.9
571,-0.006704,3.74,3.9
572,-0.0066879999999999995,3.74,3.92
573,-0.006672000000000001,3.74,3.92
574,-0.0066560000000000005,3.7600000000000002,3.92
575,-0.00664,3.7800000000000002,3.94
576,-0.006624,3.7800000000000002,3.96
577,-0.006608000000000001,3.7800000000000002,3.96
578,-0.006592000000000001,3.8000000000000003,3.98
579,-0.006576,3.8200000000000003,3.96
580,-0.00656,3.8000000000000003,3.98
581,-0.0065439999999999995,3.8200000000000003,3.98
582,-0.006528000000000001,3.8200000000000003,4.0
583,-0.006512,3.84,4.0
584,-0.006496,3.86,4.0
585,-0.00648,3.84,4.0
586,-0.006464000000000001,3.86,4.0200000000000005
587,-0.006448000000000001,3.86,4.04
588,-0.006432,3.86,4.0600000000000005
589,-0.006416,3.88,4.04
590,-0.006400000000000001,3.88,4.0600000000000005
591,-0.006384000000000001,3.9,4.08
592,-0.006368,3.9,4.0600000000000005
593,-0.006352,3.9,4.08
594,-0.006336,3.92,4.08
595,-0.006320000000000001,3.94,4.1
596,-0.006304000000000001,3.94,4.1
597,-0.006288,3.94,4.12
598,-0.006272,3.94,4.12
599,-0.006256000000000001,3.96,4.12
600,-0.006240000000000001,3.96,4.14
601,-0.006224,3.96,4.14
602,-0.006208,3.98,4.14
603,-0.006192,3.98,4.16
604,-0.006176000000000001,4.0,4.16
605,-0.0061600000000000005,4.0,4.18
606,-0.006144,4.0,4.18
607,-0.006128,4.0200000000000005,4.2
608,-0.006112000000000001,4.0200000000000005,4.2
609,-0.006096000000000001,4.04,4.2
610,-0.00608,4.04,4.22
611,-0.006064,4.04,4.22
612,-0.0060479999999999996,4.0600000000000005,4.22
613,-0.006032000000000001,4.0600000000000005,4.22
614,-0.0060160000000000005,4.08,4.24
615,-0.006,4.08,4.26
616,-0.005984,4.08,4.26
617,-0.005968000000000001,4.08,4.28
618,-0.005952000000000001,4.1,4.28
619,-0.005936,4.1,4.3
620,-0.00592,4.12,4.3
621,-0.0059039999999999995,4.12,4.3
622,-0.005888000000000001,4.12,4.3
623,-0.0058720000000000005,4.14,4.32
624,-0.005856,4.14,4.32
625,-0.00584,4.16,4.34
626,-0.005824000000000001,4.16,4.34
627,-0.005808000000000001,4.16,4.34
628,-0.005792,4.18,4.36
629,-0.005776,4.18,4.36
630,-0.005760000000000001,4.18,4.38
631,-0.005744000000000001,4.2,4.38
632,-0.0057280000000000005,4.2,4.4
633,-0.005712,4.22,4.4
634,-0.005696,4.22,4.4
635,-0.005680000000000001,4.24,4.42
636,-0.005664000000000001,4.24,4.44
637,-0.005648,4.24,4.44
638,-0.005632,4.24,4.44
639,-0.005616000000000001,4.26,4.44
640,-0.005600000000000001,4.26,4.46
641,-0.005584,4.28,4.46
642,-0.005568,4.28,4.48
643,-0.005552,4.3,4.48
644,-0.005536000000000001,4.3,4.5
645,-0.005520000000000001,4.3,4.5
646,-0.005504,4.32,4.5
647,-0.005488,4.32,4.5200000000000005
648,-0.005472000000000001,4.32,4.5200000000000005
649,-0.005456000000000001,4.34,4.5200000000000005
650,-0.00544,4.34,4.54
651,-0.005424,4.36,4.5600000000000005
652,-0.005408,4.36,4.5600000000000005
653,-0.005392000000000001,4.36,4.5600000000000005
654,-0.005376000000000001,4.38,4.58
655,-0.00536,4.4,4.58
656,-0.005344,4.38,4.58
657,-0.005328000000000001,4.38,4.6000000000000005
658,-0.005312000000000001,4.4,4.6000000000000005
659,-0.005296,4.4,4.62
660,-0.00528,4.42,4.62
661,-0.005264,4.44,4.64
662,-0.005248000000000001,4.42,4.62
663,-0.0052320000000000005,4.44,4.64
664,-0.005216,4.44,4.64
665,-0.0052,4.46,4.64
666,-0.005184000000000001,4.46,4.66
667,-0.005168000000000001,4.46,4.66
668,-0.005152,4.48,4.68
669,-0.005136,4.48,4.68
670,-0.0051199999999999996,4.5,4.7
671,-0.005104000000000001,4.5,4.7
672,-0.0050880000000000005,4.5,4.7
673,-0.005072,4.5200000000000005,4.74
674,-0.005056,4.5200000000000005,4.72
675,-0.005040000000000001,4.5200000000000005,4.74
676,-0.005024000000000001,4.54,4.74
677,-0.005008,4.54,4.74
678,-0.004992,4.5600000000000005,4.76
679,-0.004976000000000001,4.5600000000000005,4.76
680,-0.004960000000000001,4.58,4.78
681,-0.0049440000000000005,4.58,4.8
682,-0.004928,4.58,4.8
683,-0.004912,4.58,4.8
684,-0.004896000000000001,4.6000000000000005,4.8
685,-0.004880000000000001,4.6000000000000005,4.82
686,-0.004864,4.62,4.82
687,-0.004848,4.62,4.84
688,-0.004832000000000001,4.62,4.84
689,-0.004816000000000001,4.66,4.86
690,-0.0048000000000000004,4.64,4.86
691,-0.004784,4.66,4.86
692,-0.004768,4.66,4.88
693,-0.004752000000000001,4.68,4.88
694,-0.004736000000000001,4.68,4.88
695,-0.00472,4.68,4.9
696,-0.004704,4.7,4.9
697,-0.004688000000000001,4.7,4.9
698,-0.004672000000000001,4.72,4.92
699,-0.004656,4.72,4.94
700,-0.00464,4.72,4.94
701,-0.004624,4.74,4.94
702,-0.004608000000000001,4.74,4.94
703,-0.004592000000000001,4.74,4.96
704,-0.004576,4.76,4.96
705,-0.00456,0.04,0.04
706,-0.004544000000000001,0.02,0.02
707,-0.004528000000000001,0.02,0.02
708,-0.004512,0.02,0.02
709,-0.004496,0.04,0.04
710,-0.00448,0.04,0.04
711,-0.004464000000000001,0.04,0.04
712,-0.0044480000000000006,0.06,0.06
713,-0.004432,0.06,0.06
714,-0.004416,0.08,0.08
715,-0.004400000000000001,0.06,0.1
716,-0.004384000000000001,0.08,0.1
717,-0.004368,0.08,0.1
718,-0.004352,0.1,0.12
719,-0.004336,0.1,0.12
720,-0.004320000000000001,0.12,0.12
721,-0.0043040000000000005,0.12,0.14
722,-0.004288,0.14,0.14
723,-0.004272,0.14,0.16
724,-0.004256000000000001,0.14,0.16
725,-0.004240000000000001,0.16,0.18
726,-0.004224,0.14,0.16
727,-0.004208,0.16,0.16
728,-0.004192000000000001,0.18,0.18
729,-0.004176000000000001,0.18,0.2
730,-0.0041600000000000005,0.2,0.2
731,-0.004144,0.2,0.22
732,-0.004128,0.22,0.22
733,-0.004112000000000001,0.22,0.22
734,-0.004096000000000001,0.22,0.24
735,-0.00408,0.22,0.24
736,-0.004064,0.24,0.26
737,-0.004048000000000001,0.24,0.26
738,-0.004032000000000001,0.26,0.28
739,-0.0040160000000000005,0.26,0.28
740,-0.004,0.26,0.28
741,-0.003984,0.28,0.3
742,-0.003968000000000001,0.28,0.3
743,-0.003952000000000001,0.3,0.32
744,-0.003936,0.3,0.3
745,-0.00392,0.32,0.32
746,-0.0039040000000000012,0.32,0.34
747,-0.003888000000000001,0.32,0.34
748,-0.0038720000000000004,0.34,0.34
749,-0.003856,0.34,0.36
750,-0.0038399999999999997,0.34,0.36
751,-0.003824000000000001,0.34,0.38
752,-0.0038080000000000006,0.36,0.38
753,-0.0037920000000000002,0.36,0.38
754,-0.003776,0.38,0.4
755,-0.003760000000000001,0.38,0.4
756,-0.003744000000000001,0.38,0.42
757,-0.0037280000000000004,0.4,0.42
758,-0.003712,0.4,0.42
759,-0.0036959999999999996,0.42,0.44
760,-0.003680000000000001,0.42,0.44
761,-0.0036640000000000006,0.42,0.44
762,-0.003648,0.44,0.46
763,-0.003632,0.44,0.46
764,-0.003616000000000001,0.46,0.48
765,-0.0036000000000000008,0.44,0.48
766,-0.0035840000000000004,0.48,0.48
767,-0.003568,0.48,0.5
768,-0.0035519999999999996,0.48,0.5
769,-0.003536000000000001,0.5,0.52
770,-0.0035200000000000006,0.48,0.52
771,-0.003504,0.52,0.54
772,-0.0034879999999999998,0.52,0.54
773,-0.003472000000000001,0.52,0.54
774,-0.0034560000000000007,0.54,0.56
775,-0.0034400000000000003,0.54,0.56
776,-0.003424,0.54,0.58
777,-0.0034080000000000013,0.56,0.58
778,-0.003392000000000001,0.56,0.58
779,-0.0033760000000000005,0.56,0.6
780,-0.00336,0.56,0.6
781,-0.0033439999999999998,0.6,0.62
782,-0.003328000000000001,0.6,0.62
783,-0.0033120000000000007,0.6,0.62
784,-0.0032960000000000003,0.6,0.64
785,-0.00328,0.62,0.64
786,-0.0032640000000000013,0.62,0.64
787,-0.003248000000000001,0.64,0.66
788,-0.0032320000000000005,0.64,0.66
789,-0.003216,0.64,0.68
790,-0.0031999999999999997,0.64,0.7000000000000001
791,-0.003184000000000001,0.68,0.7000000000000001
792,-0.0031680000000000007,0.68,0.7000000000000001
793,-0.0031520000000000003,0.68,0.7000000000000001
794,-0.003136,0.68,0.7000000000000001
795,-0.0031200000000000012,0.7000000000000001,0.72
796,-0.003104000000000001,0.7000000000000001,0.72
797,-0.0030880000000000005,0.7000000000000001,0.74
798,-0.003072,0.72,0.74
799,-0.0030559999999999997,0.72,0.76
800,-0.003040000000000001,0.74,0.74
801,-0.0030240000000000006,0.74,0.78
802,-0.0030080000000000003,0.74,0.78
803,-0.002992,0.76,0.78
804,-0.002976000000000001,0.76,0.8
805,-0.002960000000000001,0.76,0.8
806,-0.0029440000000000004,0.78,0.8200000000000001
807,-0.002928,0.78,0.8200000000000001
808,-0.0029119999999999997,0.8,0.8200000000000001
809,-0.002896000000000001,0.8,0.84
810,-0.0028800000000000006,0.8200000000000001,0.84
811,-0.0028640000000000002,0.8200000000000001,0.84
812,-0.002848,0.8200000000000001,0.86
813,-0.002832000000000001,0.84,0.86
814,-0.002816000000000001,0.84,0.88
815,-0.0028000000000000004,0.86,0.88
816,-0.002784,0.86,0.88
817,-0.0027680000000000014,0.86,0.9
818,-0.002752000000000001,0.86,0.92
819,-0.0027360000000000006,0.88,0.92
820,-0.00272,0.9,0.92
821,-0.002704,0.9,0.9400000000000001
822,-0.002688000000000001,0.9,0.9400000000000001
823,-0.0026720000000000008,0.9,0.96
824,-0.0026560000000000004,0.92,0.96
825,-0.00264,0.92,0.96
826,-0.0026240000000000013,0.9400000000000001,0.98
827,-0.002608000000000001,0.9400000000000001,0.98
828,-0.0025920000000000006,0.9400000000000001,0.98
829,-0.002576,0.96,1.0
830,-0.0025599999999999998,0.96,1.0
831,-0.002544000000000001,0.98,1.0
832,-0.0025280000000000007,0.98,1.02
833,-0.0025120000000000003,0.96,1.02
834,-0.002496,1.0,1.04
835,-0.0024800000000000013,1.0,1.04
836,-0.002464000000000001,1.02,1.04
837,-0.0024480000000000005,1.02,1.06
838,-0.002432,1.02,1.06
839,-0.0024159999999999997,1.04,1.08
840,-0.002400000000000001,1.04,1.08
841,-0.0023840000000000007,1.04,1.08
842,-0.0023680000000000003,1.06,1.1
843,-0.002352,1.06,1.1
844,-0.0023360000000000013,1.06,1.12
845,-0.002320000000000001,1.06,1.12
846,-0.0023040000000000005,1.08,1.12
847,-0.002288,1.1,1.1400000000000001
848,-0.0022719999999999997,1.1,1.12
849,-0.002256000000000001,1.1,1.16
850,-0.0022400000000000007,1.12,1.16
851,-0.0022240000000000003,1.12,1.18
852,-0.002208,1.1400000000000001,1.18
853,-0.0021920000000000012,1.1400000000000001,1.18
854,-0.002176000000000001,1.1400000000000001,1.2
855,-0.0021600000000000005,1.16,1.2
856,-0.002144,1.16,1.2
857,-0.0021279999999999997,1.16,1.2
858,-0.002112000000000001,1.18,1.22
859,-0.0020960000000000006,1.18,1.24
860,-0.0020800000000000003,1.2,1.24
861,-0.002064,1.2,1.26
862,-0.002048000000000001,1.22,1.26
863,-0.002032000000000001,1.2,1.26
864,-0.0020160000000000004,1.22,1.28
865,-0.002,1.24,1.26
866,-0.0019840000000000014,1.24,1.3
867,-0.001968000000000001,1.24,1.3
868,-0.0019520000000000006,1.26,1.3
869,-0.0019360000000000002,1.26,1.32
870,-0.0019199999999999998,1.26,1.32
871,-0.0019040000000000012,1.28,1.32
872,-0.0018880000000000008,1.28,1.32
873,-0.0018720000000000004,1.28,1.36
874,-0.001856,1.28,1.36
875,-0.0018400000000000014,1.28,1.36
876,-0.001824000000000001,1.32,1.3800000000000001
877,-0.0018080000000000006,1.32,1.36
878,-0.0017920000000000002,1.32,1.3800000000000001
879,-0.0017759999999999998,1.34,1.4000000000000001
880,-0.0017600000000000011,1.34,1.4000000000000001
881,-0.0017440000000000008,1.34,1.42
882,-0.0017280000000000004,1.36,1.42
883,-0.001712,1.36,1.44
884,-0.0016960000000000013,1.3800000000000001,1.44
885,-0.001680000000000001,1.3800000000000001,1.44
886,-0.0016640000000000005,1.3800000000000001,1.44
887,-0.0016480000000000002,1.4000000000000001,1.46
888,-0.0016319999999999998,1.4000000000000001,1.48
889,-0.0016160000000000011,1.42,1.48
890,-0.0016000000000000007,1.42,1.48
891,-0.0015840000000000003,1.42,1.48
892,-0.001568,1.44,1.5
893,-0.0015520000000000013,1.44,1.5
894,-0.001536000000000001,1.44,1.52
895,-0.0015200000000000005,1.46,1.52
896,-0.0015040000000000001,1.46,1.52
897,-0.0014879999999999997,1.48,1.54
898,-0.001472000000000001,1.48,1.54
899,-0.0014560000000000007,1.48,1.56
900,-0.0014400000000000003,1.5,1.56
901,-0.001424,1.5,1.56
902,-0.0014080000000000013,1.52,1.56
903,-0.0013920000000000009,1.52,1.58
904,-0.0013760000000000005,1.52,1.58
905,-0.00136,1.54,1.6
906,-0.0013439999999999997,1.54,1.6
907,-0.001328000000000001,1.56,1.6
908,-0.0013120000000000007,1.56,1.62
909,-0.0012960000000000003,1.56,1.62
910,-0.0012799999999999999,1.58,1.62
911,-0.0012640000000000012,1.56,1.6400000000000001
912,-0.0012480000000000008,1.58,1.6600000000000001
913,-0.0012320000000000005,1.6,1.6400000000000001
914,-0.001216,1.6,1.68
915,-0.0012000000000000014,1.6,1.68
916,-0.001184000000000001,1.6,1.68
917,-0.0011680000000000006,1.62,1.68
918,-0.0011520000000000002,1.62,1.7
919,-0.0011359999999999999,1.6400000000000001,1.7
920,-0.0011200000000000012,1.6400000000000001,1.72
921,-0.0011040000000000008,1.6600000000000001,1.74
922,-0.0010880000000000004,1.6400000000000001,1.74
923,-0.001072,1.6600000000000001,1.74
924,-0.0010560000000000014,1.6600000000000001,1.76
925,-0.001040000000000001,1.68,1.76
926,-0.0010240000000000006,1.7,1.74
927,-0.0010080000000000002,1.7,1.78
928,-0.0009919999999999998,1.7,1.78
929,-0.0009760000000000012,1.72,1.78
930,-0.0009600000000000008,1.72,1.8
931,-0.0009440000000000004,1.74,1.8
932,-0.000928,1.72,1.8
933,-0.0009120000000000014,1.76,1.82
934,-0.000896000000000001,1.76,1.84
935,-0.0008800000000000006,1.76,1.84
936,-0.0008640000000000002,1.78,1.84
937,-0.0008479999999999998,1.78,1.84
938,-0.0008320000000000011,1.78,1.86
939,-0.0008160000000000008,1.78,1.8800000000000001
940,-0.0008000000000000004,1.8,1.8800000000000001
941,-0.000784,1.8,1.8800000000000001
942,-0.0007680000000000013,1.82,1.8800000000000001
943,-0.0007520000000000009,1.8,1.9000000000000001
944,-0.0007360000000000005,1.82,1.92
945,-0.0007200000000000002,1.84,1.9000000000000001
946,-0.0007039999999999998,1.84,1.92
947,-0.0006880000000000011,1.86,1.94
948,-0.0006720000000000007,1.86,1.92
949,-0.0006560000000000003,1.86,1.96
950,-0.0006399999999999999,1.8800000000000001,1.96
951,-0.0006240000000000013,1.9000000000000001,1.94
952,-0.0006080000000000009,1.9000000000000001,1.98
953,-0.0005920000000000005,1.9000000000000001,1.98
954,-0.0005760000000000001,1.92,1.98
955,-0.0005600000000000015,1.92,2.0
956,-0.0005440000000000011,1.92,2.0
957,-0.0005280000000000007,1.94,2.02
958,-0.0005120000000000003,1.94,2.02
959,-0.0004959999999999999,1.94,2.02
960,-0.00048000000000000126,1.96,2.02
961,-0.00046400000000000087,1.96,2.04
962,-0.0004480000000000005,1.96,2.06
963,-0.0004320000000000001,1.98,2.04
964,-0.00041600000000000144,2.0,2.06
965,-0.00040000000000000105,2.0,2.06
966,-0.00038400000000000066,1.98,2.08
967,-0.00036800000000000027,2.0,2.1
968,-0.0003519999999999999,2.02,2.1
969,-0.00033600000000000123,2.02,2.1
970,-0.00032000000000000084,2.02,2.12
971,-0.00030400000000000045,2.04,2.12
972,-0.00028800000000000006,2.04,2.12
973,-0.0002720000000000014,2.06,2.14
974,-0.000256000000000001,2.06,2.14
975,-0.00024000000000000063,2.06,2.14
976,-0.00022400000000000024,2.08,2.16
977,-0.00020799999999999985,2.08,2.18
978,-0.0001920000000000012,2.1,2.18
979,-0.00017599999999999907,2.08,2.2
980,-0.00016000000000000042,2.1,2.2
981,-0.00014400000000000177,2.12,2.18
982,-0.00012799999999999964,2.1,2.22
983,-0.00011200000000000099,2.12,2.22
984,-9.600000000000233e-05,2.14,2.24
985,-8.000000000000021e-05,2.14,2.24
986,-6.400000000000156e-05,2.14,2.2600000000000002
987,-4.799999999999943e-05,2.16,2.24
988,-3.200000000000078e-05,2.16,2.2600000000000002
989,-1.6000000000002124e-05,2.16,2.2600000000000002
990,0.0,2.16,2.2600000000000002
991,1.5999999999998654e-05,2.2,2.2800000000000002
992,3.200000000000078e-05,2.2,2.2800000000000002
993,4.799999999999943e-05,2.2,2.3000000000000003
994,6.399999999999809e-05,2.2,2.3000000000000003
995,8.000000000000021e-05,2.22,2.3000000000000003
996,9.599999999999886e-05,2.24,2.32
997,0.00011200000000000099,2.24,2.34
998,0.00012799999999999964,2.24,2.34
999,0.0001439999999999983,2.24,2.34
1000,0.00016000000000000042,2.2600000000000002,2.34
1001,0.00017599999999999907,2.2600000000000002,2.36
1002,0.00019199999999999773,2.2800000000000002,2.36
1003,0.00020799999999999985,2.2800000000000002,2.36
1004,0.0002239999999999985,2.3000000000000003,2.38
1005,0.00024000000000000063,2.2800000000000002,2.38
1006,0.0002559999999999993,2.3000000000000003,2.38
1007,0.00027199999999999794,2.3000000000000003,2.42
1008,0.00028800000000000006,2.3000000000000003,2.42
1009,0.0003039999999999987,2.32,2.42
1010,0.00032000000000000084,2.34,2.42
1011,0.0003359999999999995,2.34,2.44
1012,0.00035199999999999815,2.34,2.44
1013,0.00036800000000000027,2.36,2.44
1014,0.0003839999999999989,2.36,2.46
1015,0.00040000000000000105,2.38,2.48
1016,0.0004159999999999997,2.38,2.48
1017,0.00043199999999999836,2.38,2.48
1018,0.0004480000000000005,2.4,2.5
1019,0.00046399999999999914,2.38,2.5
1020,0.0004799999999999978,2.4,2.5
1021,0.0004959999999999999,2.42,2.52
1022,0.0005119999999999986,2.42,2.52
1023,0.0005280000000000007,2.42,2.52
1024,0.0005439999999999993,2.42,2.54
1025,0.000559999999999998,2.44,2.56
1026,0.0005760000000000001,2.46,2.56
1027,0.0005919999999999988,2.44,2.56
1028,0.0006080000000000009,2.46,2.56
1029,0.0006239999999999996,2.48,2.58
1030,0.0006399999999999982,2.48,2.58
1031,0.0006560000000000003,2.48,2.6
1032,0.000671999999999999,2.5,2.62
1033,0.0006879999999999976,2.5,2.6
1034,0.0007039999999999998,2.5,2.6
1035,0.0007199999999999984,2.5,2.62
1036,0.0007360000000000005,2.52,2.62
1037,0.0007519999999999992,2.52,2.64
1038,0.0007679999999999979,2.54,2.64
1039,0.000784,2.54,2.66
1040,0.0007999999999999986,2.56,2.66
1041,0.0008160000000000008,2.56,2.68
1042,0.0008319999999999994,2.56,2.68
1043,0.0008479999999999981,2.58,2.68
1044,0.0008640000000000002,2.58,2.7
1045,0.0008799999999999988,2.58,2.7
1046,0.000896000000000001,2.58,2.7
1047,0.0009119999999999996,2.6,2.72
1048,0.0009279999999999983,2.6,2.72
1049,0.0009440000000000004,2.62,2.74
1050,0.000959999999999999,2.62,2.74
1051,0.0009759999999999977,2.64,2.74
1052,0.0009919999999999998,2.64,2.7800000000000002
1053,0.0010079999999999985,2.64,2.7800000000000002
1054,0.0010240000000000006,2.64,2.7800000000000002
1055,0.0010399999999999993,2.66,2.7800000000000002
1056,0.001055999999999998,2.66,2.7800000000000002
1057,0.001072,2.68,2.8000000000000003
1058,0.0010879999999999987,2.68,2.8000000000000003
1059,0.0011040000000000008,2.68,2.82
1060,0.0011199999999999995,2.7,2.84
1061,0.0011359999999999981,2.7,2.82
1062,0.0011520000000000002,2.72,2.84
1063,0.001167999999999999,2.74,2.84
1064,0.001184000000000001,2.72,2.84
1065,0.0011999999999999997,2.74,2.86
1066,0.0012159999999999983,2.74,2.86
1067,0.0012320000000000005,2.7600000000000002,2.88
1068,0.0012479999999999991,2.7600000000000002,2.88
1069,0.0012639999999999978,2.7600000000000002,2.88
1070,0.0012799999999999999,2.7800000000000002,2.9
1071,0.0012959999999999985,2.7800000000000002,2.9
1072,0.0013120000000000007,2.7800000000000002,2.92
1073,0.0013279999999999993,2.8000000000000003,2.94
1074,0.001343999999999998,2.8000000000000003,2.94
1075,0.00136,2.82,2.94
1076,0.0013759999999999988,2.82,2.94
1077,0.0013920000000000009,2.82,2.96
1078,0.0014079999999999995,2.84,2.96
1079,0.0014239999999999982,2.84,2.96
1080,0.0014400000000000003,2.86,2.98
1081,0.001455999999999999,2.86,2.98
1082,0.0014719999999999976,2.86,2.98
1083,0.0014879999999999997,2.88,3.0
1084,0.0015039999999999984,2.9,3.02
1085,0.0015200000000000005,2.9,3.02
1086,0.0015359999999999992,2.9,3.02
1087,0.0015519999999999978,2.9,3.02
1088,0.001568,2.92,3.04
1089,0.0015839999999999986,2.92,3.04
1090,0.0016000000000000007,2.94,3.06
1091,0.0016159999999999994,2.94,3.08
1092,0.001631999999999998,2.94,3.08
1093,0.0016480000000000002,2.94,3.08
1094,0.0016639999999999988,2.96,3.08
1095,0.001680000000000001,2.96,3.1
1096,0.0016959999999999996,2.98,3.1
1097,0.0017119999999999982,2.98,3.12
1098,0.0017280000000000004,2.98,3.12
1099,0.001743999999999999,3.0,3.14
1100,0.0017599999999999977,3.0,3.14
1101,0.0017759999999999998,3.02,3.14
1102,0.0017919999999999985,3.02,3.16
1103,0.0018080000000000006,3.02,3.16
1104,0.0018239999999999992,3.04,3.18
1105,0.0018399999999999979,3.04,3.18
1106,0.001856,3.06,3.2
1107,0.0018719999999999987,3.06,3.2
1108,0.0018880000000000008,3.06,3.2
1109,0.0019039999999999994,3.08,3.2
1110,0.001919999999999998,3.08,3.22
1111,0.0019360000000000002,3.08,3.22
1112,0.0019519999999999989,3.1,3.24
1113,0.001968000000000001,3.12,3.24
1114,0.0019839999999999997,3.12,3.2600000000000002
1115,0.0019999999999999983,3.12,3.2600000000000002
1116,0.0020160000000000004,3.12,3.2800000000000002
1117,0.002031999999999999,3.14,3.2800000000000002
1118,0.0020479999999999977,3.14,3.2800000000000002
1119,0.002064,3.14,3.2800000000000002
1120,0.0020799999999999985,3.16,3.3000000000000003
1121,0.0020960000000000006,3.16,3.3000000000000003
1122,0.0021119999999999993,3.16,3.3200000000000003
1123,0.002127999999999998,3.2,3.34
1124,0.002144,3.18,3.34
1125,0.0021599999999999987,3.2,3.34
1126,0.002176000000000001,3.2,3.34
1127,0.0021919999999999995,3.22,3.36
1128,0.002207999999999998,3.22,3.36
1129,0.0022240000000000003,3.24,3.38
1130,0.002239999999999999,3.2600000000000002,3.4
1131,0.0022559999999999976,3.24,3.38
1132,0.0022719999999999997,3.2600000000000002,3.4
1133,0.0022879999999999984,3.2800000000000002,3.4
1134,0.0023040000000000005,3.2800000000000002,3.42
1135,0.002319999999999999,3.2800000000000002,3.44
1136,0.002335999999999998,3.2800000000000002,3.44
1137,0.002352,3.2800000000000002,3.44
1138,0.0023679999999999986,3.3000000000000003,3.44
1139,0.0023840000000000007,3.3200000000000003,3.44
1140,0.0023999999999999994,3.3200000000000003,3.46
1141,0.002415999999999998,3.3200000000000003,3.46
1142,0.002432,3.34,3.48
1143,0.002447999999999999,3.34,3.48
1144,0.002464000000000001,3.36,3.48
1145,0.0024799999999999996,3.34,3.5
1146,0.0024959999999999982,3.38,3.5
1147,0.0025120000000000003,3.36,3.52
1148,0.002527999999999999,3.38,3.52
1149,0.0025439999999999977,3.4,3.54
1150,0.0025599999999999998,3.38,3.54
1151,0.0025759999999999984,3.4,3.54
1152,0.0025920000000000006,3.4,3.56
1153,0.002607999999999999,3.4,3.56
1154,0.002623999999999998,3.42,3.56
1155,0.00264,3.42,3.58
1156,0.0026559999999999986,3.44,3.58
1157,0.0026720000000000008,3.44,3.6
1158,0.0026879999999999994,3.44,3.6
1159,0.002703999999999998,3.46,3.6
1160,0.00272,3.46,3.62
1161,0.002735999999999999,3.48,3.64
1162,0.002752000000000001,3.48,3.64
1163,0.0027679999999999996,3.48,3.64
1164,0.0027839999999999983,3.5,3.64
1165,0.0028000000000000004,3.52,3.66
1166,0.002815999999999999,3.52,3.68
1167,0.0028319999999999977,3.52,3.68
1168,0.002848,3.54,3.68
1169,0.0028639999999999985,3.54,3.7
1170,0.0028800000000000006,3.54,3.7
1171,0.0028959999999999993,3.54,3.7
1172,0.002911999999999998,3.56,3.72
1173,0.002928,3.56,3.72
1174,0.0029439999999999987,3.58,3.72
1175,0.002960000000000001,3.58,3.74
1176,0.0029759999999999995,3.58,3.74
1177,0.002991999999999998,3.58,3.7600000000000002
1178,0.0030080000000000003,3.6,3.7600000000000002
1179,0.003023999999999999,3.6,3.7600000000000002
1180,0.0030399999999999976,3.62,3.7800000000000002
1181,0.0030559999999999997,3.62,3.8000000000000003
1182,0.0030719999999999983,3.64,3.8000000000000003
1183,0.0030880000000000005,3.64,3.8000000000000003
1184,0.003103999999999999,3.64,3.8200000000000003
1185,0.0031199999999999978,3.66,3.8200000000000003
1186,0.003136,3.66,3.84
1187,0.0031519999999999986,3.68,3.84
1188,0.0031680000000000007,3.68,3.84
1189,0.0031839999999999993,3.68,3.84
1190,0.003199999999999998,3.7,3.86
1191,0.003216,3.7,3.86
1192,0.0032319999999999988,3.7,3.88
1193,0.003248000000000001,3.72,3.88
1194,0.0032639999999999995,3.72,3.88
1195,0.003279999999999998,3.72,3.9
1196,0.0032960000000000003,3.74,3.9
1197,0.003311999999999999,3.7600000000000002,3.92
1198,0.0033279999999999976,3.7600000000000002,3.92
1199,0.0033439999999999998,3.7600000000000002,3.94
1200,0.0033599999999999984,3.7800000000000002,3.94
1201,0.0033760000000000005,3.7800000000000002,3.94
1202,0.003391999999999999,3.7800000000000002,3.94
1203,0.003407999999999998,3.8000000000000003,3.96
1204,0.003424,3.8000000000000003,3.96
1205,0.0034399999999999986,3.8200000000000003,3.98
1206,0.0034560000000000007,3.8200000000000003,3.98
1207,0.0034719999999999994,3.8200000000000003,4.0
1208,0.003487999999999998,3.8200000000000003,4.0
1209,0.003504,3.84,4.0
1210,0.003519999999999999,3.84,4.04
1211,0.0035359999999999975,3.86,4.04
1212,0.0035519999999999996,3.86,4.04
1213,0.0035679999999999983,3.88,4.0600000000000005
1214,0.0035840000000000004,3.88,4.04
1215,0.003599999999999999,3.88,4.0600000000000005
1216,0.0036159999999999977,3.9,4.0600000000000005
1217,0.003632,3.9,4.08
1218,0.0036479999999999985,3.9,4.08
1219,0.0036640000000000006,3.92,4.08
1220,0.0036799999999999992,3.92,4.1
1221,0.003695999999999998,3.92,4.1
1222,0.003712,3.94,4.1
1223,0.0037279999999999987,3.94,4.12
1224,0.003744000000000001,3.96,4.12
1225,0.0037599999999999995,3.96,4.14
1226,0.003775999999999998,3.98,4.14
1227,0.0037920000000000002,3.98,4.14
1228,0.003807999999999999,3.98,4.16
1229,0.0038239999999999975,4.0,4.16
1230,0.0038399999999999997,4.0,4.18
1231,0.0038559999999999983,4.0200000000000005,4.18
1232,0.0038720000000000004,4.0200000000000005,4.18
1233,0.003887999999999999,4.04,4.2
1234,0.0039039999999999977,4.04,4.2
1235,0.00392,4.04,4.22
1236,0.0039359999999999985,4.04,4.22
1237,0.003952000000000001,4.0600000000000005,4.24
1238,0.003967999999999999,4.0600000000000005,4.24
1239,0.003983999999999998,4.0600000000000005,4.24
1240,0.004,4.08,4.26
1241,0.004015999999999999,4.08,4.26
1242,0.004032000000000001,4.1,4.26
1243,0.0040479999999999995,4.1,4.28
1244,0.004063999999999998,4.1,4.28
1245,0.00408,4.12,4.3
1246,0.004095999999999999,4.12,4.3
1247,0.004111999999999998,4.12,4.3
1248,0.004128,4.14,4.32
1249,0.004143999999999998,4.14,4.32
1250,0.0041600000000000005,4.16,4.34
1251,0.004175999999999999,4.16,4.34
1252,0.004191999999999998,4.16,4.34
1253,0.004208,4.18,4.36
1254,0.004223999999999999,4.18,4.38
1255,0.004240000000000001,4.2,4.38
1256,0.004255999999999999,4.2,4.38
1257,0.004271999999999998,4.2,4.4
1258,0.004288,4.2,4.4
1259,0.004303999999999999,4.22,4.42
1260,0.0043199999999999975,4.22,4.42
1261,0.004336,4.24,4.44
1262,0.004351999999999998,4.24,4.42
1263,0.004368,4.24,4.44
1264,0.004383999999999999,4.26,4.44
1265,0.004399999999999998,4.26,4.46
1266,0.004416,4.28,4.46
1267,0.0044319999999999984,4.28,4.48
1268,0.0044480000000000006,4.3,4.48
1269,0.004463999999999999,4.32,4.5
1270,0.004479999999999998,4.3,4.5
1271,0.004496,4.3,4.5200000000000005
1272,0.004511999999999999,4.32,4.5200000000000005
1273,0.004528000000000001,4.32,4.5200000000000005
1274,0.004543999999999999,4.34,4.5200000000000005
1275,0.004559999999999998,4.34,4.54
1276,0.004576,4.34,4.54
1277,0.004591999999999999,4.36,4.5600000000000005
1278,0.0046079999999999975,4.36,4.58
1279,0.004624,4.38,4.5600000000000005
1280,0.004639999999999998,4.38,4.58
1281,0.004656,4.38,4.58
1282,0.004671999999999999,4.4,4.6000000000000005
1283,0.004687999999999998,4.4,4.6000000000000005
1284,0.004704,4.4,4.6000000000000005
1285,0.0047199999999999985,4.42,4.62
1286,0.004736000000000001,4.42,4.62
1287,0.004751999999999999,4.44,4.62
1288,0.004767999999999998,4.44,4.64
1289,0.004784,4.44,4.64
1290,0.004799999999999999,4.46,4.64
1291,0.004816000000000001,4.46,4.68
1292,0.0048319999999999995,4.46,4.66
1293,0.004847999999999998,4.48,4.68
1294,0.004864,4.48,4.7
1295,0.004879999999999999,4.5,4.7
1296,0.004895999999999998,4.5,4.7
1297,0.004912,4.5,4.72
1298,0.004927999999999998,4.5200000000000005,4.72
1299,0.0049440000000000005,4.5200000000000005,4.72
1300,0.004959999999999999,4.5200000000000005,4.74
1301,0.004975999999999998,4.54,4.74
1302,0.004992,4.54,4.74
1303,0.0050079999999999986,4.5600000000000005,4.76
1304,0.005024000000000001,4.5600000000000005,4.78
1305,0.005039999999999999,4.5600000000000005,4.78
1306,0.005055999999999998,4.58,4.78
1307,0.005072,4.58,4.8
1308,0.005087999999999999,4.6000000000000005,4.8
1309,0.005103999999999997,4.6000000000000005,4.8
1310,0.0051199999999999996,4.6000000000000005,4.8
1311,0.005135999999999998,4.64,4.82
1312,0.005152,4.62,4.84
1313,0.005167999999999999,4.62,4.84
1314,0.005183999999999998,4.64,4.84
1315,0.0052,4.64,4.86
1316,0.005215999999999998,4.66,4.88
1317,0.0052320000000000005,4.66,4.86
1318,0.005247999999999999,4.66,4.9
1319,0.005263999999999998,4.68,4.88
1320,0.00528,4.68,4.88
1321,0.005295999999999999,4.68,4.9
1322,0.005312000000000001,4.7,4.9
1323,0.005327999999999999,4.7,4.92
1324,0.005343999999999998,4.72,4.92
1325,0.00536,4.72,4.94
1326,0.005375999999999999,4.74,4.94
1327,0.0053919999999999975,4.74,4.94
1328,0.005408,4.74,4.96
1329,0.005423999999999998,4.76,4.96
1330,0.00544,0.06,0.04
1331,0.005455999999999999,0.02,0.02
1332,0.005471999999999998,0.02,0.02
1333,0.005488,0.02,0.02
1334,0.0055039999999999985,0.04,0.04
1335,0.005520000000000001,0.02,0.04
1336,0.005535999999999999,0.06,0.06
1337,0.005551999999999998,0.06,0.06
1338,0.005568,0.06,0.08
1339,0.005583999999999999,0.08,0.08
1340,0.005600000000000001,0.08,0.08
1341,0.0056159999999999995,0.08,0.1
1342,0.005631999999999998,0.1,0.12
1343,0.005648,0.1,0.12
1344,0.005663999999999999,0.1,0.12
1345,0.0056799999999999976,0.12,0.12
1346,0.005696,0.12,0.14
1347,0.005711999999999998,0.14,0.14
1348,0.0057280000000000005,0.14,0.16
1349,0.005743999999999999,0.16,0.16
1350,0.005759999999999998,0.14,0.16
1351,0.005776,0.16,0.18
1352,0.0057919999999999985,0.16,0.18
1353,0.005808000000000001,0.18,0.2
1354,0.005823999999999999,0.18,0.18
1355,0.005839999999999998,0.2,0.2
1356,0.005856,0.2,0.22
1357,0.005871999999999999,0.2,0.22
1358,0.005887999999999997,0.22,0.24
1359,0.0059039999999999995,0.22,0.24
1360,0.005919999999999998,0.22,0.26
1361,0.005936,0.24,0.26
1362,0.005951999999999999,0.24,0.26
1363,0.005967999999999998,0.26,0.28
1364,0.005984,0.26,0.28
1365,0.005999999999999998,0.26,0.28
1366,0.0060160000000000005,0.28,0.3
1367,0.006031999999999999,0.28,0.28
1368,0.006047999999999998,0.28,0.3
1369,0.006064,0.3,0.32
1370,0.006079999999999999,0.32,0.32
1371,0.006096000000000001,0.32,0.32
1372,0.006111999999999999,0.32,0.32
1373,0.006127999999999998,0.32,0.34
1374,0.006144,0.34,0.34
1375,0.006159999999999999,0.34,0.36
1376,0.0061759999999999975,0.36,0.36
1377,0.006192,0.36,0.38
1378,0.006207999999999998,0.36,0.38
1379,0.006224,0.38,0.4
1380,0.006239999999999999,0.38,0.4
1381,0.006255999999999998,0.4,0.4
1382,0.006272,0.4,0.42
1383,0.0062879999999999985,0.4,0.42
1384,0.006304000000000001,0.4,0.44
1385,0.006319999999999999,0.42,0.44
1386,0.006335999999999998,0.42,0.44
1387,0.006352,0.44,0.46
1388,0.006367999999999999,0.44,0.48
1389,0.006384000000000001,0.46,0.48
1390,0.0063999999999999994,0.46,0.48
1391,0.006415999999999998,0.46,0.48
1392,0.006432,0.48,0.5
1393,0.006447999999999999,0.48,0.52
1394,0.0064639999999999975,0.5,0.52
1395,0.00648,0.5,0.52
1396,0.006495999999999998,0.5,0.54
1397,0.006512,0.52,0.54
1398,0.006527999999999999,0.52,0.54
1399,0.006543999999999998,0.52,0.56
1400,0.00656,0.54,0.58
1401,0.0065759999999999985,0.56,0.58
1402,0.006592000000000001,0.56,0.58
1403,0.006607999999999999,0.56,0.6
1404,0.006623999999999998,0.58,0.6
1405,0.00664,0.58,0.58
1406,0.006655999999999999,0.58,0.6
1407,0.006671999999999997,0.58,0.6
1408,0.0066879999999999995,0.58,0.64
1409,0.006703999999999998,0.6,0.64
1410,0.00672,0.62,0.66
1411,0.006735999999999999,0.64,0.66
1412,0.006751999999999998,0.64,0.66
1413,0.006768,0.64,0.66
1414,0.006783999999999998,0.66,0.68
1415,0.0068000000000000005,0.66,0.68
1416,0.006815999999999999,0.66,0.7000000000000001
1417,0.006831999999999998,0.68,0.7000000000000001
1418,0.006848,0.68,0.7000000000000001
1419,0.006863999999999999,0.68,0.72
1420,0.006880000000000001,0.7000000000000001,0.72
1421,0.006895999999999999,0.7000000000000001,0.74
1422,0.006911999999999998,0.7000000000000001,0.74
1423,0.006928,0.72,0.74
1424,0.006943999999999999,0.72,0.74
1425,0.0069599999999999974,0.74,0.76
1426,0.0069759999999999996,0.74,0.76
1427,0.006991999999999998,0.74,0.78
1428,0.007008,0.76,0.78
1429,0.007023999999999999,0.76,0.8
1430,0.007039999999999998,0.78,0.8
1431,0.007056,0.78,0.8200000000000001
1432,0.007071999999999998,0.8,0.8200000000000001
1433,0.0070880000000000006,0.8,0.8200000000000001
1434,0.007103999999999999,0.8200000000000001,0.84
1435,0.007119999999999998,0.8200000000000001,0.84
1436,0.007136,0.8200000000000001,0.84
1437,0.007151999999999999,0.84,0.86
1438,0.007168000000000001,0.84,0.86
1439,0.007183999999999999,0.84,0.88
1440,0.007199999999999998,0.84,0.88
1441,0.007216,0.86,0.9
1442,0.007231999999999999,0.84,0.9
1443,0.0072479999999999975,0.86,0.92
1444,0.007264,0.88,0.92
1445,0.007279999999999998,0.88,0.92
1446,0.007296,0.9,0.92
1447,0.007311999999999999,0.9,0.9400000000000001
1448,0.007327999999999998,0.9,0.96
1449,0.007344,0.92,0.96
1450,0.0073599999999999985,0.92,0.96
1451,0.007376000000000001,0.9400000000000001,0.98
1452,0.007391999999999999,0.9400000000000001,0.98
1453,0.007407999999999998,0.9400000000000001,0.98
1454,0.007424,0.96,1.0
1455,0.007439999999999999,0.96,1.0
1456,0.007455999999999997,0.96,1.02
1457,0.0074719999999999995,0.98,1.02
1458,0.007487999999999998,0.98,1.02
1459,0.007504,1.0,1.04
1460,0.007519999999999999,1.0,1.04
1461,0.0075359999999999976,1.0,1.04
1462,0.007552,1.02,1.06
1463,0.007567999999999998,1.04,1.06
1464,0.0075840000000000005,1.02,1.08
1465,0.007599999999999999,1.02,1.08
1466,0.007615999999999998,1.06,1.1
1467,0.007632,1.06,1.1
1468,0.0076479999999999985,1.06,1.1
1469,0.007664000000000001,1.08,1.12
1470,0.007679999999999999,1.08,1.12
1471,0.007695999999999998,1.08,1.12
1472,0.007712,1.1,1.1400000000000001
1473,0.007727999999999999,1.1,1.1400000000000001
1474,0.007743999999999997,1.1,1.16
1475,0.0077599999999999995,1.12,1.1400000000000001
1476,0.007775999999999998,1.1,1.16
1477,0.007792,1.1400000000000001,1.18
1478,0.007807999999999999,1.1400000000000001,1.16
1479,0.007823999999999998,1.1400000000000001,1.2
1480,0.00784,1.1400000000000001,1.2
1481,0.007855999999999998,1.16,1.22
1482,0.007872,1.16,1.2
1483,0.007888,1.18,1.22
1484,0.007903999999999998,1.16,1.22
1485,0.00792,1.2,1.24
1486,0.007935999999999999,1.2,1.24
1487,0.007952,1.22,1.26
1488,0.007968,1.22,1.26
1489,0.007983999999999998,1.22,1.28
1490,0.008,1.24,1.28
1491,0.008015999999999999,1.24,1.3
1492,0.008031999999999997,1.24,1.3
1493,0.008048,1.26,1.32
1494,0.008063999999999998,1.24,1.32
1495,0.00808,1.28,1.34
1496,0.008095999999999999,1.28,1.34
1497,0.008111999999999998,1.28,1.34
1498,0.008128,1.3,1.36
1499,0.008143999999999998,1.3,1.36
1500,0.00816,1.3,1.36
1501,0.008176,1.32,1.3800000000000001
1502,0.008191999999999998,1.32,1.3800000000000001
1503,0.008208,1.34,1.3800000000000001
1504,0.008223999999999999,1.34,1.4000000000000001
1505,0.008239999999999997,1.34,1.4000000000000001
1506,0.008256,1.36,1.4000000000000001
1507,0.008271999999999998,1.36,1.42
1508,0.008288,1.36,1.44
1509,0.008303999999999999,1.36,1.44
1510,0.008319999999999998,1.3800000000000001,1.44
1511,0.008336,1.3800000000000001,1.46
1512,0.008351999999999998,1.4000000000000001,1.46
1513,0.008368,1.4000000000000001,1.46
1514,0.008383999999999999,1.4000000000000001,1.48
1515,0.008399999999999998,1.42,1.48
1516,0.008416,1.42,1.48
1517,0.008431999999999999,1.44,1.5
1518,0.008448,1.44,1.5
1519,0.008464,1.44,1.52
1520,0.008479999999999998,1.46,1.52
1521,0.008496,1.46,1.52
1522,0.008511999999999999,1.48,1.54
1523,0.008527999999999997,1.46,1.54
1524,0.008544,1.48,1.56
1525,0.008559999999999998,1.5,1.54
1526,0.008576,1.5,1.56
1527,0.008591999999999999,1.52,1.58
1528,0.008607999999999998,1.52,1.58
1529,0.008624,1.52,1.6
1530,0.008639999999999998,1.54,1.6
1531,0.008656,1.54,1.62
1532,0.008672,1.54,1.62
1533,0.008687999999999998,1.54,1.62
1534,0.008704,1.56,1.62
1535,0.008719999999999999,1.58,1.6400000000000001
1536,0.008736,1.56,1.6400000000000001
1537,0.008752,1.58,1.6600000000000001
1538,0.008767999999999998,1.58,1.6600000000000001
1539,0.008784,1.6,1.68
1540,0.008799999999999999,1.6,1.6600000000000001
1541,0.008815999999999997,1.62,1.68
1542,0.008832,1.62,1.7
1543,0.008847999999999998,1.6400000000000001,1.7
1544,0.008864,1.6400000000000001,1.72
1545,0.008879999999999999,1.6400000000000001,1.72
1546,0.008895999999999998,1.6600000000000001,1.72
1547,0.008912,1.6600000000000001,1.74
1548,0.008927999999999998,1.6600000000000001,1.74
1549,0.008944,1.68,1.74
1550,0.00896,1.68,1.76
1551,0.008975999999999998,1.7,1.76
1552,0.008992,1.7,1.76
1553,0.009007999999999999,1.7,1.78
1554,0.009023999999999997,1.72,1.8
1555,0.00904,1.72,1.8
1556,0.009055999999999998,1.72,1.8
1557,0.009072,1.74,1.8
1558,0.009087999999999999,1.74,1.82
1559,0.009103999999999998,1.76,1.84
1560,0.00912,1.76,1.84
1561,0.009135999999999998,1.76,1.84
1562,0.009152,1.78,1.86
1563,0.009167999999999999,1.78,1.86
1564,0.009183999999999998,1.78,1.86
1565,0.0092,1.8,1.8800000000000001
1566,0.009215999999999998,1.8,1.8800000000000001
1567,0.009232,1.8,1.9000000000000001
1568,0.009248,1.82,1.9000000000000001
1569,0.009263999999999998,1.84,1.9000000000000001
1570,0.00928,1.84,1.92
1571,0.009295999999999999,1.84,1.92
1572,0.009311999999999997,1.84,1.94
1573,0.009328,1.86,1.94
1574,0.009343999999999998,1.8800000000000001,1.96
1575,0.00936,1.86,1.94
1576,0.009375999999999999,1.9000000000000001,1.96
1577,0.009391999999999998,1.9000000000000001,1.98
1578,0.009408,1.9000000000000001,1.98
1579,0.009423999999999998,1.9000000000000001,1.98
1580,0.00944,1.92,2.0
1581,0.009455999999999999,1.92,2.0
1582,0.009471999999999998,1.92,2.02
1583,0.009488,1.94,2.02
1584,0.009503999999999999,1.94,2.02
1585,0.009519999999999997,1.96,2.02
1586,0.009536,1.94,2.04
1587,0.009551999999999998,1.96,2.06
1588,0.009568,1.96,2.06
1589,0.009583999999999999,1.98,2.06
1590,0.009599999999999997,2.0,2.08
1591,0.009616,2.0,2.08
1592,0.009631999999999998,2.0,2.1
1593,0.009648,2.02,2.1
1594,0.009663999999999999,2.02,2.1
1595,0.009679999999999998,2.02,2.12
1596,0.009696,2.04,2.12
1597,0.009711999999999998,2.04,2.14
1598,0.009728,2.06,2.14
1599,0.009744,2.06,2.14
1600,0.009759999999999998,2.06,2.16
1601,0.009776,2.06,2.18
1602,0.009791999999999999,2.08,2.18
1603,0.009807999999999997,2.08,2.18
1604,0.009824,2.1,2.18
1605,0.009839999999999998,2.08,2.18
1606,0.009856,2.1,2.2
1607,0.009871999999999999,2.12,2.22
1608,0.009887999999999997,2.12,2.2
1609,0.009904,2.14,2.24
1610,0.009919999999999998,2.14,2.24
1611,0.009936,2.16,2.24
1612,0.009951999999999999,2.16,2.24
1613,0.009967999999999998,2.16,2.2600000000000002
1614,0.009984,2.16,2.2600000000000002
1615,0.009999999999999998,2.18,2.2800000000000002
1616,0.010016,2.18,2.2800000000000002
1617,0.010032,2.2,2.3000000000000003
1618,0.010047999999999998,2.2,2.3000000000000003
1619,0.010064,2.22,2.3000000000000003
1620,0.010079999999999999,2.22,2.32
1621,0.010095999999999997,2.22,2.32
1622,0.010112,2.24,2.34
1623,0.010127999999999998,2.24,2.34
1624,0.010144,2.24,2.34
1625,0.010159999999999999,2.2600000000000002,2.36
1626,0.010175999999999998,2.24,2.36
1627,0.010192,2.2800000000000002,2.38
1628,0.010207999999999998,2.2800000000000002,2.38
1629,0.010224,2.2800000000000002,2.38
1630,0.010239999999999999,2.3000000000000003,2.4
1631,0.010255999999999998,2.2800000000000002,2.4
1632,0.010272,2.3000000000000003,2.4
1633,0.010287999999999999,2.32,2.42
1634,0.010303999999999997,2.32,2.42
1635,0.01032,2.34,2.44
1636,0.010335999999999998,2.34,2.44
1637,0.010352,2.34,2.46
1638,0.010367999999999999,2.36,2.46
1639,0.010383999999999997,2.36,2.44
1640,0.0104,2.38,2.48
1641,0.010415999999999998,2.38,2.48
1642,0.010432,2.38,2.48
1643,0.010447999999999999,2.4,2.5
1644,0.010463999999999998,2.4,2.5
1645,0.01048,2.4,2.5
1646,0.010495999999999998,2.42,2.5
1647,0.010512,2.42,2.54
1648,0.010528,2.42,2.52
1649,0.010543999999999998,2.44,2.54
1650,0.01056,2.42,2.54
1651,0.010575999999999999,2.46,2.56
1652,0.010591999999999997,2.46,2.56
1653,0.010608,2.46,2.58
1654,0.010623999999999998,2.48,2.58
1655,0.01064,2.48,2.58
1656,0.010655999999999999,2.5,2.6
1657,0.010671999999999997,2.5,2.6
1658,0.010688,2.5,2.6
1659,0.010703999999999998,2.5,2.62
1660,0.01072,2.5,2.62
1661,0.010735999999999999,2.52,2.64
1662,0.010751999999999998,2.52,2.64
1663,0.010768,2.52,2.64
1664,0.010783999999999998,2.54,2.66
1665,0.0108,2.54,2.68
1666,0.010816,2.56,2.66
1667,0.010831999999999998,2.58,2.68
1668,0.010848,2.58,2.68
1669,0.010863999999999999,2.58,2.7
1670,0.010879999999999997,2.6,2.7
1671,0.010896,2.6,2.7
1672,0.010911999999999998,2.6,2.72
1673,0.010928,2.62,2.72
1674,0.010943999999999999,2.6,2.74
1675,0.010959999999999998,2.62,2.7600000000000002
1676,0.010976,2.62,2.7600000000000002
1677,0.010991999999999998,2.64,2.7600000000000002
1678,0.011008,2.64,2.7600000000000002
1679,0.011023999999999999,2.64,2.7600000000000002
1680,0.011039999999999998,2.66,2.7800000000000002
1681,0.011056,2.66,2.7800000000000002
1682,0.011071999999999999,2.68,2.8000000000000003
1683,0.011087999999999997,2.68,2.8000000000000003
1684,0.011104,2.7,2.8000000000000003
1685,0.011119999999999998,2.68,2.82
1686,0.011136,2.7,2.84
1687,0.011151999999999999,2.7,2.84
1688,0.011167999999999997,2.72,2.84
1689,0.011184,2.72,2.86
1690,0.011199999999999998,2.74,2.86
1691,0.011216,2.74,2.86
1692,0.011231999999999999,2.7600000000000002,2.88
1693,0.011247999999999998,2.7600000000000002,2.88
1694,0.011264,2.7600000000000002,2.88
1695,0.011279999999999998,2.7600000000000002,2.9
1696,0.011296,2.7800000000000002,2.9
1697,0.011312,2.7800000000000002,2.92
1698,0.011327999999999998,2.8000000000000003,2.92
1699,0.011344,2.8000000000000003,2.94
1700,0.011359999999999999,2.8000000000000003,2.94
1701,0.011375999999999997,2.82,2.94
1702,0.011392,2.82,2.94
1703,0.011407999999999998,2.84,2.96
1704,0.011424,2.86,2.98
1705,0.011439999999999999,2.84,2.98
1706,0.011455999999999997,2.86,2.98
1707,0.011472,2.86,3.0
1708,0.011487999999999998,2.88,3.0
1709,0.011504,2.88,3.02
1710,0.011519999999999999,2.9,3.02
1711,0.011535999999999998,2.9,3.04
1712,0.011552,2.9,3.02
1713,0.011567999999999998,2.9,3.04
1714,0.011584,2.92,3.04
1715,0.0116,2.94,3.06
1716,0.011615999999999998,2.94,3.06
1717,0.011632,2.94,3.08
1718,0.011647999999999999,2.94,3.08
1719,0.011663999999999997,2.96,3.1
1720,0.01168,2.98,3.1
1721,0.011695999999999998,2.98,3.1
1722,0.011712,2.98,3.12
1723,0.011727999999999999,2.98,3.12
1724,0.011743999999999997,3.0,3.12
1725,0.01176,3.0,3.14
1726,0.011775999999999998,3.02,3.14
1727,0.011792,3.02,3.14
1728,0.011807999999999999,3.02,3.18
1729,0.011823999999999998,3.02,3.18
1730,0.01184,3.04,3.18
1731,0.011855999999999998,3.06,3.18
1732,0.011871999999999997,3.06,3.2
1733,0.011888,3.06,3.2
1734,0.011903999999999998,3.08,3.22
1735,0.01192,3.08,3.22
1736,0.011935999999999999,3.1,3.24
1737,0.011951999999999997,3.1,3.24
1738,0.011968,3.1,3.24
1739,0.011983999999999998,3.12,3.24
1740,0.012,3.12,3.2800000000000002
1741,0.012015999999999999,3.12,3.2600000000000002
1742,0.012031999999999998,3.14,3.2800000000000002
1743,0.012048,3.14,3.3000000000000003
1744,0.012063999999999998,3.16,3.3000000000000003
1745,0.01208,3.16,3.3000000000000003
1746,0.012095999999999999,3.16,3.3000000000000003
1747,0.012111999999999998,3.18,3.3200000000000003
1748,0.012128,3.18,3.3200000000000003
1749,0.012143999999999999,3.18,3.34
1750,0.012159999999999997,3.2,3.34
1751,0.012176,3.2,3.34
1752,0.012191999999999998,3.2,3.36
1753,0.012208,3.22,3.36
1754,0.012223999999999999,3.24,3.38
1755,0.012239999999999997,3.24,3.38
1756,0.012256,3.24,3.38
1757,0.012271999999999998,3.2600000000000002,3.4
1758,0.012288,3.2800000000000002,3.4
1759,0.012303999999999999,3.2600000000000002,3.4
1760,0.012319999999999998,3.2800000000000002,3.42
1761,0.012336,3.2800000000000002,3.44
1762,0.012351999999999998,3.2800000000000002,3.44
1763,0.012368,3.3000000000000003,3.44
1764,0.012384,3.3000000000000003,3.44
1765,0.012399999999999998,3.3200000000000003,3.46
1766,0.012416,3.3200000000000003,3.48
1767,0.012431999999999999,3.3200000000000003,3.48
1768,0.012447999999999997,3.34,3.5
1769,0.012464,3.34,3.48
1770,0.012479999999999998,3.34,3.5
1771,0.012496,3.36,3.52
1772,0.012511999999999999,3.36,3.52
1773,0.012527999999999997,3.38,3.52
1774,0.012544,3.38,3.52
1775,0.012559999999999998,3.4,3.54
1776,0.012576,3.4,3.54
1777,0.012591999999999999,3.4,3.56
1778,0.012607999999999998,3.42,3.56
1779,0.012624,3.42,3.56
1780,0.012639999999999998,3.42,3.58
1781,0.012655999999999997,3.44,3.58
1782,0.012672,3.46,3.58
1783,0.012687999999999998,3.44,3.6
1784,0.012704,3.46,3.6
1785,0.012719999999999999,3.46,3.62
1786,0.012735999999999997,3.48,3.62
1787,0.012752,3.5,3.64
1788,0.012767999999999998,3.5,3.64
1789,0.012784,3.5,3.64
1790,0.012799999999999999,3.5,3.66
1791,0.012815999999999998,3.52,3.66
1792,0.012832,3.52,3.68
1793,0.012847999999999998,3.52,3.68
1794,0.012864,3.54,3.7
1795,0.012879999999999999,3.54,3.7
1796,0.012895999999999998,3.56,3.7
1797,0.012912,3.56,3.72
1798,0.012927999999999999,3.56,3.72
1799,0.012943999999999997,3.56,3.72
1800,0.01296,3.58,3.74
1801,0.012975999999999998,3.6,3.74
1802,0.012992,3.58,3.7600000000000002
1803,0.013007999999999999,3.6,3.7600000000000002
1804,0.013023999999999997,3.6,3.7800000000000002
1805,0.01304,3.62,3.7800000000000002
1806,0.013055999999999998,3.62,3.7800000000000002
1807,0.013072,3.64,3.8000000000000003
1808,0.013087999999999999,3.64,3.8000000000000003
1809,0.013103999999999998,3.64,3.8200000000000003
1810,0.01312,3.66,3.8200000000000003
1811,0.013135999999999998,3.66,3.8200000000000003
1812,0.013152,3.66,3.84
1813,0.013168,3.68,3.84
1814,0.013183999999999998,3.68,3.84
1815,0.0132,3.7,3.86
1816,0.013215999999999999,3.7,3.86
1817,0.013231999999999997,3.7,3.86
1818,0.013248,3.72,3.88
1819,0.013263999999999998,3.72,3.9
1820,0.01328,3.72,3.9
1821,0.013295999999999999,3.74,3.9
1822,0.013311999999999997,3.74,3.92
1823,0.013328,3.7600000000000002,3.92
1824,0.013343999999999998,3.7600000000000002,3.92
1825,0.01336,3.7800000000000002,3.94
1826,0.013375999999999999,3.8000000000000003,3.94
1827,0.013391999999999998,3.7800000000000002,3.96
1828,0.013408,3.7800000000000002,3.96
1829,0.013423999999999998,3.8000000000000003,3.96
1830,0.013439999999999997,3.8000000000000003,3.98
1831,0.013456,3.8200000000000003,4.0
1832,0.013471999999999998,3.8200000000000003,3.98
1833,0.013488,3.8200000000000003,4.0
1834,0.013503999999999999,3.84,4.0
1835,0.013519999999999997,3.84,4.0200000000000005
1836,0.013536,3.84,4.0200000000000005
1837,0.013551999999999998,3.86,4.04
1838,0.013568,3.88,4.04
1839,0.013583999999999999,3.88,4.04
1840,0.013599999999999998,3.9,4.0600000000000005
1841,0.013616,3.9,4.0600000000000005
1842,0.013631999999999998,3.92,4.0600000000000005
1843,0.013648,3.9,4.08
1844,0.013663999999999999,3.92,4.08
1845,0.013679999999999998,3.92,4.12
1846,0.013696,3.94,4.1
1847,0.013711999999999998,3.94,4.1
1848,0.013727999999999997,3.94,4.12
1849,0.013744,3.94,4.12
1850,0.013759999999999998,3.98,4.14
1851,0.013776,3.96,4.14
1852,0.013791999999999999,3.98,4.14
1853,0.013807999999999997,3.98,4.16
1854,0.013824,4.0,4.18
1855,0.013839999999999998,4.0,4.18
1856,0.013856,4.0200000000000005,4.2
1857,0.013871999999999999,4.0200000000000005,4.2
1858,0.013887999999999998,4.04,4.2
1859,0.013904,4.04,4.2
1860,0.013919999999999998,4.04,4.22
1861,0.013936,4.0600000000000005,4.22
1862,0.013951999999999999,4.0600000000000005,4.24
1863,0.013967999999999998,4.0600000000000005,4.24
1864,0.013984,4.0600000000000005,4.24
1865,0.013999999999999999,4.08,4.24
1866,0.014015999999999997,4.08,4.26
1867,0.014032,4.1,4.28
1868,0.014047999999999998,4.1,4.28
1869,0.014064,4.1,4.28
1870,0.014079999999999999,4.12,4.3
1871,0.014095999999999997,4.12,4.3
1872,0.014112,4.12,4.3
1873,0.014127999999999998,4.14,4.3
1874,0.014144,4.14,4.32
1875,0.014159999999999999,4.14,4.32
1876,0.014175999999999998,4.16,4.34
1877,0.014192,4.16,4.34
1878,0.014207999999999998,4.2,4.36
1879,0.014223999999999997,4.18,4.38
1880,0.01424,4.2,4.38
1881,0.014255999999999998,4.2,4.38
1882,0.014272,4.2,4.38
1883,0.014287999999999999,4.22,4.42
1884,0.014303999999999997,4.24,4.4
1885,0.01432,4.22,4.42
1886,0.014335999999999998,4.24,4.44
1887,0.014352,4.26,4.42
1888,0.014367999999999999,4.24,4.44
1889,0.014383999999999997,4.26,4.44
1890,0.0144,4.26,4.46
1891,0.014415999999999998,4.26,4.46
1892,0.014432,4.28,4.48
1893,0.014447999999999999,4.3,4.48
1894,0.014463999999999998,4.32,4.5
1895,0.01448,4.3,4.5
1896,0.014495999999999998,4.32,4.5
1897,0.014511999999999997,4.32,4.5
1898,0.014528,4.34,4.5200000000000005
1899,0.014543999999999998,4.34,4.5200000000000005
1900,0.01456,4.34,4.54
1901,0.014575999999999999,4.36,4.54
1902,0.014591999999999997,4.36,4.54
1903,0.014608,4.36,4.5600000000000005
1904,0.014623999999999998,4.38,4.5600000000000005
1905,0.01464,4.38,4.58
1906,0.014655999999999999,4.38,4.58
1907,0.014671999999999998,4.4,4.58
1908,0.014688,4.4,4.6000000000000005
1909,0.014703999999999998,4.4,4.6000000000000005
1910,0.014719999999999997,4.42,4.62
1911,0.014735999999999999,4.42,4.62
1912,0.014751999999999998,4.44,4.62
1913,0.014768,4.44,4.64
1914,0.014783999999999999,4.44,4.64
1915,0.014799999999999997,4.46,4.64
1916,0.014816,4.46,4.66
1917,0.014831999999999998,4.48,4.68
1918,0.014848,4.48,4.68
1919,0.014863999999999999,4.5,4.68
1920,0.014879999999999997,4.5,4.7
1921,0.014896,4.5,4.7
1922,0.014911999999999998,4.5200000000000005,4.7
1923,0.014928,4.5200000000000005,4.72
1924,0.014943999999999999,4.5200000000000005,4.72
1925,0.014959999999999998,4.54,4.72
1926,0.014976,4.54,4.74
1927,0.014991999999999998,4.54,4.74
1928,0.015007999999999997,4.5600000000000005,4.76
1929,0.015024,4.5600000000000005,4.76
1930,0.015039999999999998,4.5600000000000005,4.8
1931,0.015056,4.58,4.78
1932,0.015071999999999999,4.58,4.8
1933,0.015087999999999997,4.6000000000000005,4.8
1934,0.015104,4.6000000000000005,4.8
1935,0.015119999999999998,4.62,4.82
1936,0.015136,4.62,4.82
1937,0.015151999999999999,4.64,4.84
1938,0.015167999999999997,4.62,4.84
1939,0.015184,4.64,4.84
1940,0.015199999999999998,4.66,4.86
1941,0.015216,4.66,4.86
1942,0.015231999999999999,4.66,4.86
1943,0.015247999999999998,4.68,4.88
1944,0.015264,4.68,4.88
1945,0.015279999999999998,4.68,4.88
1946,0.015295999999999997,4.7,4.9
1947,0.015312,4.7,4.9
1948,0.015327999999999998,4.72,4.92
1949,0.015344,4.72,4.92
1950,0.015359999999999999,4.74,4.94
1951,0.015375999999999997,4.74,4.94
1952,0.015392,4.74,4.94
1953,0.015407999999999998,4.74,4.96
1954,0.015424,4.76,4.96
1955,0.015439999999999995,0.04,0.02
1956,0.015455999999999998,0.04,0.02
1957,0.015472,0.02,0.02
1958,0.015488000000000002,0.02,0.02
1959,0.015503999999999997,0.02,0.04
1960,0.015519999999999999,0.04,0.04
1961,0.015536000000000001,0.04,0.06
1962,0.015551999999999996,0.04,0.06
1963,0.015567999999999999,0.06,0.08
1964,0.015584,0.08,0.08
1965,0.015599999999999996,0.08,0.08
1966,0.015615999999999998,0.08,0.08
1967,0.015632,0.08,0.1
1968,0.015647999999999995,0.1,0.12
1969,0.015663999999999997,0.1,0.12
1970,0.01568,0.12,0.12
1971,0.015696,0.12,0.14
1972,0.015711999999999997,0.14,0.14
1973,0.015728,0.14,0.16
1974,0.015744,0.14,0.16
1975,0.015759999999999996,0.16,0.18
1976,0.015776,0.16,0.16
1977,0.015792,0.16,0.18
1978,0.015807999999999996,0.18,0.2
1979,0.015823999999999998,0.18,0.18
1980,0.01584,0.2,0.22
1981,0.015856000000000002,0.2,0.22
1982,0.015871999999999997,0.2,0.22
1983,0.015888,0.22,0.22
1984,0.015904,0.22,0.24
1985,0.015919999999999997,0.22,0.24
1986,0.015936,0.24,0.26
1987,0.015952,0.24,0.26
1988,0.015967999999999996,0.26,0.26
1989,0.015983999999999998,0.26,0.28
1990,0.016,0.26,0.28
1991,0.016015999999999996,0.28,0.3
1992,0.016031999999999998,0.3,0.3
1993,0.016048,0.3,0.32
1994,0.016064000000000002,0.3,0.3
1995,0.016079999999999997,0.32,0.32
1996,0.016096,0.3,0.32
1997,0.016112,0.32,0.34
1998,0.016127999999999997,0.32,0.34
1999,0.016144,0.34,0.36
