,time,v1,v2
0,-0.0014368,3.24,3.4
1,-0.0014352,3.2600000000000002,3.42
2,-0.0014336,3.2800000000000002,3.42
3,-0.0014320000000000001,3.3000000000000003,3.44
4,-0.0014304,3.3000000000000003,3.46
5,-0.0014288,3.3200000000000003,3.48
6,-0.0014272,3.3200000000000003,3.5
7,-0.0014256,3.34,3.5
8,-0.001424,3.36,3.52
9,-0.0014224,3.38,3.54
10,-0.0014208,3.4,3.56
11,-0.0014192,3.4,3.56
12,-0.0014176,3.42,3.58
13,-0.001416,3.44,3.6
14,-0.0014144000000000001,3.46,3.6
15,-0.0014128,3.46,3.62
16,-0.0014112,3.48,3.64
17,-0.0014096,3.5,3.66
18,-0.001408,3.5,3.68
19,-0.0014064,3.52,3.7
20,-0.0014048,3.54,3.7
21,-0.0014032,3.56,3.72
22,-0.0014016,3.56,3.74
23,-0.0014,3.58,3.74
24,-0.0013984,3.62,3.7600000000000002
25,-0.0013968000000000001,3.6,3.7800000000000002
26,-0.0013952,3.62,3.8000000000000003
27,-0.0013936,3.64,3.8200000000000003
28,-0.001392,3.68,3.84
29,-0.0013904,3.66,3.84
30,-0.0013888,3.68,3.86
31,-0.0013872,3.7,3.88
32,-0.0013856,3.7,3.9
33,-0.001384,3.72,3.92
34,-0.0013824,3.7600000000000002,3.92
35,-0.0013808,3.7600000000000002,3.94
36,-0.0013792,3.7600000000000002,3.96
37,-0.0013776,3.8000000000000003,3.98
38,-0.001376,3.8000000000000003,4.0
39,-0.0013744,3.8200000000000003,4.0200000000000005
40,-0.0013728,3.8200000000000003,4.0200000000000005
41,-0.0013712,3.84,4.04
42,-0.0013696000000000001,3.86,4.04
43,-0.001368,3.88,4.0600000000000005
44,-0.0013664,3.9,4.08
45,-0.0013648,3.9,4.1
46,-0.0013632,3.94,4.1
47,-0.0013616,3.94,4.12
48,-0.00136,3.94,4.14
49,-0.0013584,3.96,4.16
50,-0.0013568,3.98,4.16
51,-0.0013552,4.0,4.2
52,-0.0013536,4.0200000000000005,4.2
53,-0.001352,4.0200000000000005,4.2
54,-0.0013504,4.0600000000000005,4.22
55,-0.0013488,4.08,4.24
56,-0.0013472,4.08,4.26
57,-0.0013456,4.08,4.28
58,-0.001344,4.1,4.28
59,-0.0013424,4.12,4.3
60,-0.0013408,4.12,4.32
61,-0.0013392,4.14,4.34
62,-0.0013376,4.16,4.36
63,-0.001336,4.16,4.36
64,-0.0013344,4.18,4.38
65,-0.0013328,4.2,4.4
66,-0.0013312,4.22,4.42
67,-0.0013296,4.22,4.44
68,-0.001328,4.24,4.46
69,-0.0013264,4.26,4.46
70,-0.0013248000000000001,4.26,4.48
71,-0.0013232,4.28,4.48
72,-0.0013216,4.3,4.5
73,-0.00132,4.32,4.5200000000000005
74,-0.0013184,4.34,4.54
75,-0.0013168,4.34,4.5600000000000005
76,-0.0013152,4.36,4.5600000000000005
77,-0.0013136,4.38,4.58
78,-0.001312,4.38,4.6000000000000005
79,-0.0013104,4.4,4.62
80,-0.0013088,4.42,4.64
81,-0.0013072000000000001,4.44,4.66
82,-0.0013056,4.44,4.66
83,-0.001304,4.48,4.68
84,-0.0013024,4.48,4.68
85,-0.0013008,4.48,4.7
86,-0.0012992,4.5,4.72
87,-0.0012976,4.5200000000000005,4.74
88,-0.001296,4.54,4.76
89,-0.0012944,4.5600000000000005,4.76
90,-0.0012928,4.58,4.78
91,-0.0012912,4.58,4.8
92,-0.0012896000000000001,4.6000000000000005,4.82
93,-0.001288,4.62,4.84
94,-0.0012864,4.64,4.84
95,-0.0012848,4.64,4.86
96,-0.0012832,4.66,4.88
97,-0.0012816,4.66,4.9
98,-0.00128,4.68,4.92
99,-0.0012784,4.7,4.92
100,-0.0012768,4.72,4.94
101,-0.0012752,4.74,4.96
102,-0.0012736,4.74,4.96
103,-0.0012720000000000001,1.06,0.04
104,-0.0012704,0.16,0.06
105,-0.0012688,0.1,0.08
106,-0.0012672,0.1,0.1
107,-0.0012656,0.1,0.12
108,-0.001264,0.12,0.12
109,-0.0012624000000000001,0.12,0.14
110,-0.0012608,0.14,0.14
111,-0.0012592,0.14,0.16
112,-0.0012576,0.16,0.18
113,-0.001256,0.18,0.2
114,-0.0012544000000000001,0.18,0.2
115,-0.0012528,0.2,0.22
116,-0.0012512,0.2,0.24
117,-0.0012496,0.22,0.24
118,-0.001248,0.24,0.26
119,-0.0012464,0.26,0.28
120,-0.0012448,0.26,0.28
121,-0.0012432,0.28,0.3
122,-0.0012416,0.3,0.32
123,-0.00124,0.3,0.34
124,-0.0012384,0.32,0.34
125,-0.0012368000000000001,0.32,0.36
126,-0.0012352,0.34,0.38
127,-0.0012336,0.36,0.38
128,-0.001232,0.36,0.4
129,-0.0012304,0.38,0.42
130,-0.0012288,0.4,0.44
131,-0.0012272,0.4,0.44
132,-0.0012256,0.42,0.46
133,-0.001224,0.44,0.48
134,-0.0012224,0.46,0.5
135,-0.0012208,0.48,0.5
136,-0.0012192000000000001,0.48,0.52
137,-0.0012176,0.5,0.54
138,-0.001216,0.52,0.56
139,-0.0012144,0.54,0.56
140,-0.0012128,0.54,0.58
141,-0.0012112,0.56,0.58
142,-0.0012096,0.58,0.62
143,-0.001208,0.6,0.64
144,-0.0012064,0.6,0.64
145,-0.0012048,0.62,0.66
146,-0.0012032,0.62,0.68
147,-0.0012016,0.64,0.7000000000000001
148,-0.0012000000000000001,0.66,0.7000000000000001
149,-0.0011984,0.68,0.72
150,-0.0011968,0.7000000000000001,0.74
151,-0.0011952,0.72,0.76
152,-0.0011936,0.72,0.78
153,-0.001192,0.74,0.78
154,-0.0011904,0.76,0.8
155,-0.0011888,0.78,0.8
156,-0.0011872,0.78,0.84
157,-0.0011856,0.8,0.84
158,-0.0011840000000000002,0.8,0.86
159,-0.0011824000000000001,0.84,0.88
160,-0.0011808,0.84,0.88
161,-0.0011792,0.86,0.92
162,-0.0011776,0.88,0.92
163,-0.001176,0.9,0.92
164,-0.0011744,0.9,0.96
165,-0.0011728,0.92,0.98
166,-0.0011712,0.9400000000000001,0.98
167,-0.0011696,0.9400000000000001,1.0
168,-0.001168,0.96,1.02
169,-0.0011664,0.98,1.04
170,-0.0011648000000000001,0.98,1.06
171,-0.0011632,1.0,1.06
172,-0.0011616,1.02,1.08
173,-0.00116,1.04,1.08
174,-0.0011584,1.06,1.1
175,-0.0011568,1.06,1.12
176,-0.0011551999999999999,1.08,1.1400000000000001
177,-0.0011536,1.1,1.16
178,-0.001152,1.12,1.16
179,-0.0011504,1.1400000000000001,1.18
180,-0.0011488,1.1400000000000001,1.18
181,-0.0011472000000000001,1.16,1.2
182,-0.0011456,1.16,1.24
183,-0.001144,1.2,1.26
184,-0.0011424,1.2,1.26
185,-0.0011408,1.22,1.26
186,-0.0011392,1.22,1.3
187,-0.0011376,1.24,1.32
188,-0.001136,1.24,1.34
189,-0.0011344,1.28,1.34
190,-0.0011328,1.26,1.36
191,-0.0011312,1.3,1.3800000000000001
192,-0.0011296000000000001,1.32,1.4000000000000001
193,-0.001128,1.32,1.4000000000000001
194,-0.0011264,1.34,1.42
195,-0.0011248,1.36,1.44
196,-0.0011232,1.3800000000000001,1.46
197,-0.0011216,1.3800000000000001,1.46
198,-0.00112,1.4000000000000001,1.48
199,-0.0011184,1.42,1.5
200,-0.0011168,1.44,1.5
201,-0.0011152,1.44,1.54
202,-0.0011136,1.46,1.54
203,-0.0011120000000000001,1.48,1.56
204,-0.0011104,1.5,1.56
205,-0.0011088,1.52,1.58
206,-0.0011072,1.5,1.6
207,-0.0011056,1.52,1.6
208,-0.001104,1.56,1.6400000000000001
209,-0.0011024,1.56,1.6600000000000001
210,-0.0011008,1.58,1.6600000000000001
211,-0.0010992,1.6,1.68
212,-0.0010976,1.6,1.68
213,-0.001096,1.62,1.72
214,-0.0010944000000000001,1.62,1.72
215,-0.0010928,1.6600000000000001,1.74
216,-0.0010912,1.68,1.76
217,-0.0010896,1.68,1.76
218,-0.001088,1.7,1.78
219,-0.0010864,1.72,1.8
220,-0.0010848,1.72,1.82
221,-0.0010832,1.74,1.82
222,-0.0010816,1.76,1.84
223,-0.00108,1.76,1.86
224,-0.0010784,1.78,1.8800000000000001
225,-0.0010768000000000002,1.8,1.8800000000000001
226,-0.0010752000000000001,1.82,1.9000000000000001
227,-0.0010736,1.82,1.92
228,-0.001072,1.84,1.94
229,-0.0010704,1.86,1.94
230,-0.0010688,1.86,1.96
231,-0.0010672,1.9000000000000001,1.98
232,-0.0010656,1.92,2.0
233,-0.001064,1.92,2.0
234,-0.0010624,1.94,2.02
235,-0.0010608,1.94,2.04
236,-0.0010592000000000002,1.96,2.06
237,-0.0010576000000000001,1.96,2.08
238,-0.001056,1.98,2.08
239,-0.0010544,2.0,2.1
240,-0.0010528,2.02,2.12
241,-0.0010512,2.04,2.14
242,-0.0010496,2.04,2.16
243,-0.001048,2.06,2.18
244,-0.0010464,2.08,2.18
245,-0.0010448,2.1,2.18
246,-0.0010432,2.1,2.22
247,-0.0010416000000000002,2.14,2.22
248,-0.0010400000000000001,2.14,2.2600000000000002
249,-0.0010384,2.16,2.2600000000000002
250,-0.0010368,2.16,2.2800000000000002
251,-0.0010352,2.18,2.3000000000000003
252,-0.0010336,2.2,2.3000000000000003
253,-0.001032,2.22,2.32
254,-0.0010304000000000001,2.22,2.34
255,-0.0010288,2.24,2.36
256,-0.0010272,2.2600000000000002,2.36
257,-0.0010256,2.2800000000000002,2.38
258,-0.001024,2.3000000000000003,2.4
259,-0.0010224000000000001,2.3000000000000003,2.4
260,-0.0010208,2.3000000000000003,2.42
261,-0.0010192,2.32,2.44
262,-0.0010176,2.32,2.46
263,-0.001016,2.36,2.48
264,-0.0010144,2.38,2.5
265,-0.0010128,2.38,2.5
266,-0.0010112,2.38,2.5
267,-0.0010096,2.42,2.52
268,-0.001008,2.44,2.54
269,-0.0010064,2.44,2.56
270,-0.0010048000000000001,2.46,2.56
271,-0.0010032,2.48,2.58
272,-0.0010016,2.48,2.6
273,-0.001,2.5,2.62
274,-0.0009984,2.5,2.64
275,-0.0009968,2.54,2.64
276,-0.0009952,2.54,2.66
277,-0.0009936,2.54,2.68
278,-0.000992,2.58,2.7
279,-0.0009904,2.58,2.72
280,-0.0009888,2.58,2.72
281,-0.0009872000000000001,2.62,2.74
282,-0.0009856,2.62,2.7600000000000002
283,-0.000984,2.64,2.7600000000000002
284,-0.0009824,2.66,2.7800000000000002
285,-0.0009808,2.66,2.8000000000000003
286,-0.0009792,2.68,2.82
287,-0.0009776,2.7,2.84
288,-0.0009760000000000001,2.7,2.84
289,-0.0009744,2.72,2.86
290,-0.0009728,2.72,2.86
291,-0.0009712,2.7600000000000002,2.9
292,-0.0009696,2.7800000000000002,2.92
293,-0.0009680000000000001,2.7800000000000002,2.94
294,-0.0009664000000000001,2.82,2.94
295,-0.0009648,2.82,2.96
296,-0.0009632,2.82,2.96
297,-0.0009616,2.84,2.98
298,-0.00096,2.86,3.0
299,-0.0009584000000000001,2.88,3.02
300,-0.0009568000000000001,2.9,3.02
301,-0.0009552,2.92,3.04
302,-0.0009536,2.92,3.06
303,-0.000952,2.92,3.08
304,-0.0009504,2.94,3.1
305,-0.0009488000000000001,2.96,3.1
306,-0.0009472,2.98,3.12
307,-0.0009456,3.0,3.14
308,-0.0009440000000000001,3.0,3.16
309,-0.0009424,3.02,3.16
310,-0.0009408,3.04,3.18
311,-0.0009392000000000001,3.04,3.2
312,-0.0009376,3.08,3.22
313,-0.000936,3.08,3.22
314,-0.0009344,3.1,3.24
315,-0.0009328,3.12,3.2800000000000002
316,-0.0009312000000000001,3.12,3.2800000000000002
317,-0.0009296,3.14,3.3000000000000003
318,-0.000928,3.16,3.3000000000000003
319,-0.0009264000000000001,3.18,3.3200000000000003
320,-0.0009248,3.18,3.34
321,-0.0009232,3.2,3.36
322,-0.0009216000000000001,3.22,3.38
323,-0.00092,3.24,3.4
324,-0.0009184,3.24,3.4
325,-0.0009168000000000001,3.2600000000000002,3.42
326,-0.0009152,3.2800000000000002,3.44
327,-0.0009136000000000001,3.2800000000000002,3.46
328,-0.000912,3.3000000000000003,3.46
329,-0.0009104,3.3200000000000003,3.48
330,-0.0009088000000000001,3.34,3.5
331,-0.0009072,3.36,3.5
332,-0.0009056,3.36,3.52
333,-0.0009040000000000001,3.38,3.54
334,-0.0009024,3.4,3.56
335,-0.0009008,3.4,3.58
336,-0.0008992000000000001,3.42,3.58
337,-0.0008976,3.44,3.6
338,-0.000896,3.44,3.62
339,-0.0008944000000000001,3.48,3.62
340,-0.0008928,3.5,3.64
341,-0.0008912000000000001,3.5,3.66
342,-0.0008896,3.52,3.68
343,-0.000888,3.52,3.7
344,-0.0008864000000000001,3.54,3.7
345,-0.0008848,3.56,3.72
346,-0.0008832,3.56,3.74
347,-0.0008816000000000001,3.58,3.7600000000000002
348,-0.00088,3.6,3.7800000000000002
349,-0.0008784,3.6,3.7800000000000002
350,-0.0008768000000000001,3.62,3.8000000000000003
351,-0.0008752,3.64,3.8200000000000003
352,-0.0008736,3.66,3.84
353,-0.000872,3.66,3.86
354,-0.0008704,3.68,3.86
355,-0.0008688000000000001,3.72,3.88
356,-0.0008672,3.72,3.9
357,-0.0008656,3.74,3.92
358,-0.0008640000000000001,3.74,3.92
359,-0.0008624,3.7600000000000002,3.94
360,-0.0008608,3.7800000000000002,3.96
361,-0.0008592000000000001,3.8000000000000003,3.98
362,-0.0008576,3.8000000000000003,3.98
363,-0.000856,3.8200000000000003,4.0
364,-0.0008544000000000001,3.84,4.0200000000000005
365,-0.0008528,3.84,4.04
366,-0.0008512000000000001,3.86,4.04
367,-0.0008496,3.88,4.08
368,-0.000848,3.9,4.08
369,-0.0008464000000000001,3.9,4.08
370,-0.0008448,3.92,4.1
371,-0.0008432,3.96,4.14
372,-0.0008416000000000001,3.94,4.14
373,-0.00084,3.96,4.16
374,-0.0008384,4.0,4.16
375,-0.0008368000000000001,4.0,4.18
376,-0.0008352,4.0200000000000005,4.2
377,-0.0008336,4.0200000000000005,4.22
378,-0.0008320000000000001,4.04,4.24
379,-0.0008304,4.08,4.24
380,-0.0008288000000000001,4.08,4.26
381,-0.0008272,4.1,4.28
382,-0.0008256,4.1,4.3
383,-0.0008240000000000001,4.12,4.3
384,-0.0008224,4.12,4.32
385,-0.0008208,4.14,4.34
386,-0.0008192000000000001,4.16,4.36
387,-0.0008176,4.18,4.38
388,-0.000816,4.18,4.4
389,-0.0008144000000000001,4.2,4.4
390,-0.0008128,4.22,4.42
391,-0.0008112000000000001,4.24,4.44
392,-0.0008096000000000001,4.24,4.46
393,-0.000808,4.26,4.46
394,-0.0008064000000000001,4.28,4.48
395,-0.0008048,4.3,4.5
396,-0.0008032,4.3,4.5200000000000005
397,-0.0008016000000000001,4.32,4.54
398,-0.0008,4.34,4.54
399,-0.0007984,4.34,4.5600000000000005
400,-0.0007968000000000001,4.36,4.58
401,-0.0007952,4.38,4.58
402,-0.0007936,4.38,4.6000000000000005
403,-0.0007920000000000001,4.4,4.62
404,-0.0007904,4.44,4.64
405,-0.0007888000000000001,4.42,4.64
406,-0.0007872,4.46,4.66
407,-0.0007856,4.46,4.68
408,-0.0007840000000000001,4.48,4.7
409,-0.0007824,4.5200000000000005,4.7
410,-0.0007808,4.5200000000000005,4.72
411,-0.0007792000000000001,4.5200000000000005,4.74
412,-0.0007776,4.54,4.76
413,-0.000776,4.5600000000000005,4.78
414,-0.0007744000000000001,4.58,4.78
415,-0.0007728,4.58,4.82
416,-0.0007712000000000001,4.6000000000000005,4.82
417,-0.0007696000000000001,4.64,4.84
418,-0.000768,4.62,4.86
419,-0.0007664000000000001,4.64,4.88
420,-0.0007648,4.66,4.88
421,-0.0007632,4.68,4.9
422,-0.0007616000000000001,4.68,4.92
423,-0.00076,4.72,4.92
424,-0.0007584,4.72,4.94
425,-0.0007568000000000001,4.74,4.96
426,-0.0007552,4.74,0.1
427,-0.0007536,0.7000000000000001,0.06
428,-0.0007520000000000001,0.14,0.06
429,-0.0007504,0.1,0.08
430,-0.0007488000000000001,0.1,0.1
431,-0.0007472000000000001,0.1,0.12
432,-0.0007456,0.12,0.12
433,-0.0007440000000000001,0.12,0.14
434,-0.0007424,0.14,0.16
435,-0.0007408,0.16,0.16
436,-0.0007392000000000001,0.16,0.18
437,-0.0007376,0.18,0.2
438,-0.000736,0.18,0.2
439,-0.0007344000000000001,0.2,0.22
440,-0.0007328,0.22,0.24
441,-0.0007312,0.22,0.26
442,-0.0007296000000000001,0.24,0.26
443,-0.000728,0.24,0.28
444,-0.0007264000000000001,0.26,0.28
445,-0.0007248,0.26,0.3
446,-0.0007232,0.3,0.3
447,-0.0007216000000000001,0.3,0.34
448,-0.00072,0.32,0.34
449,-0.0007184,0.34,0.36
450,-0.0007168000000000001,0.34,0.38
451,-0.0007152,0.36,0.4
452,-0.0007136,0.38,0.4
453,-0.0007120000000000001,0.4,0.42
454,-0.0007104,0.4,0.44
455,-0.0007088000000000001,0.42,0.44
456,-0.0007072000000000001,0.42,0.46
457,-0.0007056,0.44,0.48
458,-0.0007040000000000001,0.46,0.5
459,-0.0007024,0.48,0.52
460,-0.0007008,0.48,0.52
461,-0.0006992000000000001,0.5,0.54
462,-0.0006976,0.52,0.56
463,-0.000696,0.54,0.58
464,-0.0006944000000000001,0.56,0.58
465,-0.0006928,0.56,0.6
466,-0.0006912,0.58,0.62
467,-0.0006896000000000001,0.6,0.62
468,-0.000688,0.6,0.64
469,-0.0006864000000000001,0.62,0.66
470,-0.0006848000000000001,0.64,0.68
471,-0.0006832,0.66,0.68
472,-0.0006816000000000001,0.68,0.7000000000000001
473,-0.00068,0.68,0.72
474,-0.0006784,0.7000000000000001,0.74
475,-0.0006768000000000001,0.72,0.76
476,-0.0006752,0.74,0.76
477,-0.0006736,0.74,0.78
478,-0.0006720000000000001,0.74,0.8
479,-0.0006704,0.78,0.8200000000000001
480,-0.0006688,0.78,0.84
481,-0.0006672000000000001,0.8,0.84
482,-0.0006656,0.8200000000000001,0.86
483,-0.0006640000000000001,0.8200000000000001,0.88
484,-0.0006624000000000001,0.86,0.9
485,-0.0006608,0.86,0.92
486,-0.0006592000000000001,0.88,0.92
487,-0.0006576,0.9,0.9400000000000001
488,-0.000656,0.92,0.96
489,-0.0006544000000000001,0.92,0.96
490,-0.0006528,0.9400000000000001,0.98
491,-0.0006512,0.96,1.0
492,-0.0006496000000000001,0.96,1.02
493,-0.000648,0.96,1.04
494,-0.0006464000000000001,1.0,1.04
495,-0.0006448000000000001,1.02,1.06
496,-0.0006432,1.02,1.08
497,-0.0006416000000000001,1.04,1.1
498,-0.00064,1.06,1.12
499,-0.0006384,1.06,1.12
500,-0.0006368000000000001,1.08,1.1400000000000001
501,-0.0006352,1.1,1.16
502,-0.0006336,1.12,1.16
503,-0.0006320000000000001,1.1400000000000001,1.2
504,-0.0006304,1.12,1.2
505,-0.0006288,1.16,1.22
506,-0.0006272000000000001,1.18,1.22
507,-0.0006256,1.18,1.26
508,-0.0006240000000000001,1.2,1.26
509,-0.0006224000000000001,1.22,1.28
510,-0.0006208,1.24,1.3
511,-0.0006192000000000001,1.26,1.3
512,-0.0006176,1.24,1.34
513,-0.000616,1.28,1.34
514,-0.0006144000000000001,1.3,1.3800000000000001
515,-0.0006128,1.32,1.3800000000000001
516,-0.0006112,1.32,1.4000000000000001
517,-0.0006096000000000001,1.32,1.4000000000000001
518,-0.000608,1.34,1.42
519,-0.0006064000000000001,1.36,1.44
520,-0.0006048000000000001,1.3800000000000001,1.46
521,-0.0006032,1.4000000000000001,1.46
522,-0.0006016000000000001,1.4000000000000001,1.48
523,-0.0006000000000000001,1.42,1.5
524,-0.0005984,1.44,1.52
525,-0.0005968000000000001,1.44,1.52
526,-0.0005952,1.46,1.54
527,-0.0005936,1.48,1.56
528,-0.0005920000000000001,1.5,1.56
529,-0.0005904,1.52,1.58
530,-0.0005888,1.52,1.6
531,-0.0005872000000000001,1.54,1.62
532,-0.0005856,1.54,1.6400000000000001
533,-0.0005840000000000001,1.58,1.6600000000000001
534,-0.0005824000000000001,1.56,1.6600000000000001
535,-0.0005808,1.6,1.68
536,-0.0005792000000000001,1.62,1.68
537,-0.0005776,1.62,1.72
538,-0.000576,1.6400000000000001,1.72
539,-0.0005744000000000001,1.6400000000000001,1.72
540,-0.0005728,1.6600000000000001,1.76
541,-0.0005712,1.68,1.78
542,-0.0005696000000000001,1.68,1.78
543,-0.000568,1.72,1.8
544,-0.0005664000000000001,1.74,1.82
545,-0.0005648000000000001,1.74,1.84
546,-0.0005632,1.76,1.84
547,-0.0005616000000000001,1.78,1.84
548,-0.0005600000000000001,1.78,1.8800000000000001
549,-0.0005584,1.8,1.8800000000000001
550,-0.0005568000000000001,1.82,1.92
551,-0.0005552,1.84,1.92
552,-0.0005536,1.86,1.94
553,-0.0005520000000000001,1.84,1.96
554,-0.0005504,1.8800000000000001,1.96
555,-0.0005488,1.9000000000000001,1.98
556,-0.0005472000000000001,1.9000000000000001,1.98
557,-0.0005456,1.92,2.02
558,-0.0005440000000000001,1.94,2.04
559,-0.0005424000000000001,1.94,2.04
560,-0.0005408,1.98,2.06
561,-0.0005392000000000001,1.98,2.08
562,-0.0005376000000000001,2.0,2.1
563,-0.000536,2.02,2.12
564,-0.0005344000000000001,2.02,2.12
565,-0.0005328,2.02,2.14
566,-0.0005312,2.06,2.16
567,-0.0005296000000000001,2.06,2.18
568,-0.000528,2.08,2.18
569,-0.0005264,2.1,2.2
570,-0.0005248000000000001,2.12,2.22
571,-0.0005232,2.14,2.24
572,-0.0005216000000000001,2.14,2.24
573,-0.0005200000000000001,2.16,2.2600000000000002
574,-0.0005184,2.16,2.2800000000000002
575,-0.0005168000000000001,2.18,2.3000000000000003
576,-0.0005152000000000001,2.18,2.32
577,-0.0005136,2.22,2.32
578,-0.0005120000000000001,2.24,2.32
579,-0.0005104,2.24,2.36
580,-0.0005088,2.2600000000000002,2.38
581,-0.0005072000000000001,2.2800000000000002,2.38
582,-0.0005056,2.3000000000000003,2.4
583,-0.0005040000000000001,2.3000000000000003,2.42
584,-0.0005024000000000001,2.32,2.44
585,-0.0005008,2.34,2.44
586,-0.0004992000000000001,2.34,2.46
587,-0.0004976000000000001,2.36,2.48
588,-0.000496,2.38,2.5
589,-0.0004944000000000001,2.38,2.52
590,-0.0004928,2.4,2.52
591,-0.0004912,2.42,2.54
592,-0.0004896000000000001,2.44,2.54
593,-0.00048800000000000004,2.46,2.56
594,-0.0004864,2.46,2.58
595,-0.0004848000000000001,2.48,2.6
596,-0.00048320000000000004,2.48,2.6
597,-0.0004816000000000001,2.48,2.62
598,-0.00048000000000000007,2.5,2.64
599,-0.00047840000000000003,2.52,2.66
600,-0.0004768000000000001,2.54,2.68
601,-0.00047520000000000006,2.56,2.68
602,-0.0004736,2.58,2.7
603,-0.0004720000000000001,2.58,2.72
604,-0.00047040000000000005,2.6,2.74
605,-0.0004688,2.6,2.74
606,-0.0004672000000000001,2.62,2.7600000000000002
607,-0.00046560000000000004,2.64,2.7600000000000002
608,-0.000464,2.66,2.8000000000000003
609,-0.00046240000000000007,2.68,2.8000000000000003
610,-0.00046080000000000003,2.68,2.84
611,-0.0004592000000000001,2.7,2.84
612,-0.00045760000000000006,2.72,2.84
613,-0.000456,2.72,2.86
614,-0.0004544,2.74,2.88
615,-0.00045280000000000016,2.7600000000000002,2.9
616,-0.0004512000000000001,2.7800000000000002,2.92
617,-0.0004496000000000001,2.7800000000000002,2.92
618,-0.00044800000000000005,2.8000000000000003,2.94
619,-0.0004464,2.82,2.96
620,-0.00044479999999999997,2.84,2.98
621,-0.00044320000000000015,2.86,2.98
622,-0.0004416000000000001,2.86,3.0
623,-0.00044000000000000007,2.88,3.02
624,-0.00043840000000000003,2.88,3.02
625,-0.0004368,2.9,3.06
626,-0.00043519999999999995,2.92,3.06
627,-0.00043360000000000013,2.94,3.08
628,-0.0004320000000000001,2.94,3.1
629,-0.00043040000000000005,2.96,3.1
630,-0.0004288,3.0,3.12
631,-0.0004272,3.0,3.14
632,-0.00042560000000000015,3.0,3.16
633,-0.0004240000000000001,3.02,3.18
634,-0.0004224000000000001,3.04,3.2
635,-0.00042080000000000004,3.04,3.2
636,-0.0004192,3.08,3.22
637,-0.00041759999999999996,3.08,3.24
638,-0.00041600000000000014,3.1,3.24
639,-0.0004144000000000001,3.12,3.2600000000000002
640,-0.00041280000000000006,3.12,3.3000000000000003
641,-0.0004112,3.14,3.3000000000000003
642,-0.0004096,3.16,3.3200000000000003
643,-0.00040800000000000016,3.18,3.3200000000000003
644,-0.0004064000000000001,3.18,3.34
645,-0.0004048000000000001,3.2,3.36
646,-0.00040320000000000004,3.24,3.38
647,-0.0004016,3.24,3.38
648,-0.00039999999999999996,3.24,3.42
649,-0.00039840000000000014,3.2800000000000002,3.42
650,-0.0003968000000000001,3.2800000000000002,3.44
651,-0.00039520000000000007,3.3000000000000003,3.44
652,-0.0003936,3.3200000000000003,3.46
653,-0.000392,3.3200000000000003,3.48
654,-0.00039040000000000017,3.34,3.5
655,-0.0003888000000000001,3.36,3.52
656,-0.0003872000000000001,3.38,3.52
657,-0.00038560000000000005,3.38,3.54
658,-0.000384,3.4,3.56
659,-0.00038239999999999997,3.4,3.58
660,-0.00038080000000000015,3.42,3.58
661,-0.0003792000000000001,3.44,3.62
662,-0.00037760000000000007,3.46,3.62
663,-0.00037600000000000003,3.48,3.64
664,-0.0003744,3.5,3.66
665,-0.00037279999999999995,3.5,3.66
666,-0.00037120000000000013,3.52,3.68
667,-0.0003696000000000001,3.54,3.7
668,-0.00036800000000000005,3.54,3.72
669,-0.0003664,3.56,3.74
670,-0.0003648,3.58,3.74
671,-0.00036320000000000015,3.6,3.7600000000000002
672,-0.0003616000000000001,3.62,3.7800000000000002
673,-0.0003600000000000001,3.62,3.8000000000000003
674,-0.00035840000000000004,3.62,3.8000000000000003
675,-0.0003568,3.64,3.8200000000000003
676,-0.00035519999999999996,3.66,3.84
677,-0.00035360000000000014,3.68,3.86
678,-0.0003520000000000001,3.7,3.88
679,-0.00035040000000000006,3.7,3.88
680,-0.0003488,3.72,3.9
681,-0.0003472,3.74,3.92
682,-0.00034560000000000016,3.74,3.94
683,-0.0003440000000000001,3.7800000000000002,3.94
684,-0.0003424000000000001,3.7800000000000002,3.98
685,-0.00034080000000000004,3.8000000000000003,3.98
686,-0.0003392,3.8200000000000003,3.98
687,-0.00033759999999999997,3.8200000000000003,4.0
688,-0.00033600000000000014,3.84,4.0200000000000005
689,-0.0003344000000000001,3.86,4.04
690,-0.00033280000000000007,3.86,4.04
691,-0.00033120000000000003,3.88,4.0600000000000005
692,-0.0003296,3.9,4.08
693,-0.00032800000000000017,3.9,4.1
694,-0.00032640000000000013,3.94,4.12
695,-0.0003248000000000001,3.96,4.12
696,-0.00032320000000000005,3.96,4.14
697,-0.0003216,3.98,4.16
698,-0.00031999999999999997,3.98,4.18
699,-0.00031840000000000015,4.0,4.18
700,-0.0003168000000000001,4.0200000000000005,4.22
701,-0.00031520000000000007,4.0200000000000005,4.22
702,-0.00031360000000000003,4.04,4.24
703,-0.000312,4.0600000000000005,4.24
704,-0.00031039999999999996,4.08,4.26
705,-0.00030880000000000013,4.08,4.3
706,-0.0003072000000000001,4.1,4.3
707,-0.00030560000000000006,4.12,4.3
708,-0.000304,4.12,4.32
709,-0.0003024,4.14,4.34
710,-0.00030080000000000016,4.16,4.36
711,-0.0002992000000000001,4.18,4.38
712,-0.0002976000000000001,4.18,4.38
713,-0.00029600000000000004,4.2,4.4
714,-0.0002944,4.22,4.42
715,-0.00029279999999999996,4.24,4.44
716,-0.00029120000000000014,4.24,4.46
717,-0.0002896000000000001,4.26,4.48
718,-0.00028800000000000006,4.28,4.48
719,-0.0002864,4.3,4.5
720,-0.0002848,4.3,4.5200000000000005
721,-0.00028320000000000016,4.32,4.54
722,-0.0002816000000000001,4.34,4.54
723,-0.0002800000000000001,4.36,4.5600000000000005
724,-0.00027840000000000005,4.36,4.58
725,-0.0002768,4.38,4.6000000000000005
726,-0.00027519999999999997,4.4,4.62
727,-0.00027360000000000015,4.4,4.62
728,-0.0002720000000000001,4.42,4.64
729,-0.00027040000000000007,4.44,4.66
730,-0.00026880000000000003,4.46,4.66
731,-0.0002672,4.46,4.68
732,-0.00026560000000000017,4.5,4.7
733,-0.00026400000000000013,4.5200000000000005,4.7
734,-0.0002624000000000001,4.5200000000000005,4.72
735,-0.00026080000000000005,4.5200000000000005,4.74
736,-0.0002592,4.54,4.76
737,-0.0002576,4.5600000000000005,4.78
738,-0.00025600000000000015,4.58,4.8
739,-0.0002544000000000001,4.6000000000000005,4.8
740,-0.0002528000000000001,4.6000000000000005,4.82
741,-0.00025120000000000003,4.62,4.84
742,-0.0002496,4.64,4.86
743,-0.0002480000000000002,4.66,4.86
744,-0.00024640000000000013,4.66,4.88
745,-0.0002448000000000001,4.68,4.9
746,-0.00024320000000000006,4.68,4.92
747,-0.00024160000000000002,4.72,4.92
748,-0.00023999999999999998,4.72,4.94
749,-0.00023840000000000016,4.74,4.96
750,-0.00023680000000000012,4.76,0.06
751,-0.00023520000000000008,0.48,0.06
752,-0.00023360000000000004,0.12,0.08
753,-0.000232,0.1,0.08
754,-0.00023039999999999996,0.1,0.08
755,-0.00022880000000000014,0.12,0.12
756,-0.0002272000000000001,0.12,0.14
757,-0.00022560000000000006,0.12,0.14
758,-0.00022400000000000002,0.14,0.16
759,-0.00022239999999999998,0.16,0.16
760,-0.00022080000000000016,0.16,0.18
761,-0.00021920000000000012,0.18,0.2
762,-0.00021760000000000009,0.18,0.22
763,-0.00021600000000000005,0.2,0.22
764,-0.0002144,0.22,0.24
765,-0.00021279999999999997,0.22,0.26
766,-0.00021120000000000015,0.22,0.26
767,-0.0002096000000000001,0.26,0.28
768,-0.00020800000000000007,0.26,0.3
769,-0.00020640000000000003,0.28,0.3
770,-0.0002048,0.3,0.32
771,-0.00020320000000000017,0.3,0.34
772,-0.00020160000000000013,0.3,0.36
773,-0.0002000000000000001,0.34,0.36
774,-0.00019840000000000005,0.36,0.38
775,-0.0001968,0.36,0.4
776,-0.00019519999999999997,0.38,0.42
777,-0.00019360000000000015,0.4,0.42
778,-0.0001920000000000001,0.4,0.44
779,-0.00019040000000000007,0.42,0.44
780,-0.00018880000000000004,0.42,0.46
781,-0.0001872,0.44,0.48
782,-0.00018560000000000017,0.46,0.5
783,-0.00018400000000000014,0.48,0.52
784,-0.0001824000000000001,0.5,0.54
785,-0.00018080000000000006,0.5,0.54
786,-0.00017920000000000002,0.52,0.56
787,-0.00017759999999999998,0.54,0.58
788,-0.00017600000000000016,0.56,0.6
789,-0.00017440000000000012,0.56,0.6
790,-0.00017280000000000008,0.58,0.62
791,-0.00017120000000000004,0.6,0.62
792,-0.0001696,0.62,0.66
793,-0.00016799999999999996,0.62,0.66
794,-0.00016640000000000014,0.64,0.68
795,-0.0001648000000000001,0.66,0.7000000000000001
796,-0.00016320000000000006,0.68,0.72
797,-0.00016160000000000002,0.68,0.74
798,-0.00015999999999999999,0.7000000000000001,0.74
799,-0.00015840000000000016,0.72,0.76
800,-0.00015680000000000013,0.74,0.78
801,-0.00015520000000000009,0.74,0.8
802,-0.00015360000000000005,0.76,0.8
803,-0.000152,0.78,0.8200000000000001
804,-0.00015039999999999997,0.8,0.84
805,-0.00014880000000000015,0.8,0.86
806,-0.0001472000000000001,0.8200000000000001,0.86
807,-0.00014560000000000007,0.84,0.88
808,-0.00014400000000000003,0.86,0.88
809,-0.0001424,0.86,0.92
810,-0.00014080000000000017,0.88,0.9400000000000001
811,-0.00013920000000000013,0.9,0.96
812,-0.0001376000000000001,0.92,0.96
813,-0.00013600000000000005,0.92,0.98
814,-0.00013440000000000001,0.9400000000000001,0.98
815,-0.00013279999999999998,0.96,1.0
816,-0.00013120000000000015,0.96,1.02
817,-0.00012960000000000011,0.98,1.04
818,-0.00012800000000000008,1.0,1.04
819,-0.00012640000000000004,1.02,1.08
820,-0.0001248,1.02,1.08
821,-0.00012320000000000018,1.04,1.1
822,-0.00012160000000000014,1.04,1.1
823,-0.0001200000000000001,1.08,1.12
824,-0.00011840000000000006,1.08,1.1400000000000001
825,-0.00011680000000000002,1.1,1.16
826,-0.00011519999999999998,1.12,1.18
827,-0.00011360000000000016,1.12,1.18
828,-0.00011200000000000012,1.1400000000000001,1.2
829,-0.00011040000000000008,1.1400000000000001,1.22
830,-0.00010880000000000004,1.18,1.24
831,-0.0001072,1.2,1.26
832,-0.00010560000000000018,1.2,1.26
833,-0.00010400000000000014,1.22,1.28
834,-0.0001024000000000001,1.24,1.3
835,-0.00010080000000000006,1.24,1.32
836,-9.920000000000003e-05,1.26,1.34
837,-9.759999999999999e-05,1.28,1.34
838,-9.600000000000017e-05,1.3,1.36
839,-9.440000000000013e-05,1.3,1.3800000000000001
840,-9.280000000000009e-05,1.32,1.4000000000000001
841,-9.120000000000005e-05,1.32,1.4000000000000001
842,-8.960000000000001e-05,1.36,1.42
843,-8.799999999999997e-05,1.36,1.44
844,-8.640000000000015e-05,1.3800000000000001,1.46
845,-8.480000000000011e-05,1.4000000000000001,1.46
846,-8.320000000000007e-05,1.4000000000000001,1.48
847,-8.160000000000003e-05,1.42,1.5
848,-7.999999999999999e-05,1.44,1.5
849,-7.840000000000017e-05,1.46,1.52
850,-7.680000000000013e-05,1.46,1.54
851,-7.520000000000009e-05,1.48,1.56
852,-7.360000000000005e-05,1.5,1.58
853,-7.200000000000002e-05,1.52,1.6
854,-7.039999999999998e-05,1.52,1.6
855,-6.880000000000015e-05,1.54,1.62
856,-6.720000000000012e-05,1.56,1.6400000000000001
857,-6.560000000000008e-05,1.56,1.6400000000000001
858,-6.400000000000004e-05,1.58,1.6400000000000001
859,-6.24e-05,1.58,1.6600000000000001
860,-6.080000000000018e-05,1.6,1.7
861,-5.920000000000014e-05,1.6400000000000001,1.7
862,-5.76000000000001e-05,1.6400000000000001,1.72
863,-5.600000000000006e-05,1.6600000000000001,1.74
864,-5.440000000000002e-05,1.68,1.76
865,-5.279999999999998e-05,1.68,1.78
866,-5.120000000000016e-05,1.7,1.78
867,-4.960000000000012e-05,1.72,1.8
868,-4.800000000000008e-05,1.74,1.82
869,-4.6400000000000044e-05,1.74,1.84
870,-4.4800000000000005e-05,1.76,1.86
871,-4.320000000000018e-05,1.78,1.86
872,-4.1600000000000144e-05,1.8,1.8800000000000001
873,-4.0000000000000105e-05,1.82,1.9000000000000001
874,-3.8400000000000066e-05,1.82,1.92
875,-3.680000000000003e-05,1.84,1.92
876,-3.519999999999999e-05,1.84,1.94
877,-3.3600000000000166e-05,1.86,1.94
878,-3.200000000000013e-05,1.8800000000000001,1.98
879,-3.040000000000009e-05,1.9000000000000001,1.98
880,-2.880000000000005e-05,1.9000000000000001,2.0
881,-2.720000000000001e-05,1.92,2.0
882,-2.5599999999999972e-05,1.94,2.04
883,-2.400000000000015e-05,1.96,2.06
884,-2.240000000000011e-05,1.98,2.06
885,-2.0800000000000072e-05,1.98,2.08
886,-1.9200000000000033e-05,1.98,2.1
887,-1.7599999999999994e-05,2.02,2.12
888,-1.6000000000000172e-05,2.02,2.14
889,-1.4400000000000133e-05,2.04,2.14
890,-1.2800000000000094e-05,2.06,2.16
891,-1.1200000000000055e-05,2.08,2.18
892,-9.600000000000017e-06,2.06,2.2
893,-7.999999999999978e-06,2.1,2.2
894,-6.4000000000001556e-06,2.12,2.22
895,-4.800000000000117e-06,2.14,2.24
896,-3.2000000000000778e-06,2.14,2.2600000000000002
897,-1.6000000000000389e-06,2.16,2.2600000000000002
898,0.0,2.18,2.2800000000000002
899,1.599999999999822e-06,2.18,2.3000000000000003
900,3.199999999999861e-06,2.2,2.3000000000000003
901,4.7999999999999e-06,2.22,2.32
902,6.399999999999939e-06,2.24,2.34
903,7.999999999999978e-06,2.24,2.36
904,9.600000000000017e-06,2.24,2.38
905,1.1199999999999839e-05,2.2800000000000002,2.4
906,1.2799999999999877e-05,2.3000000000000003,2.4
907,1.4399999999999916e-05,2.32,2.42
908,1.5999999999999955e-05,2.32,2.44
909,1.7599999999999994e-05,2.32,2.44
910,1.9199999999999816e-05,2.34,2.46
911,2.0799999999999855e-05,2.36,2.48
912,2.2399999999999894e-05,2.38,2.5
913,2.3999999999999933e-05,2.38,2.52
914,2.5599999999999972e-05,2.4,2.54
915,2.720000000000001e-05,2.42,2.54
916,2.8799999999999833e-05,2.44,2.54
917,3.039999999999987e-05,2.44,2.56
918,3.199999999999991e-05,2.46,2.58
919,3.359999999999995e-05,2.48,2.6
920,3.519999999999999e-05,2.5,2.6
921,3.680000000000003e-05,2.5,2.62
922,3.839999999999985e-05,2.52,2.64
923,3.999999999999989e-05,2.52,2.66
924,4.159999999999993e-05,2.56,2.66
925,4.3199999999999966e-05,2.56,2.7
926,4.4800000000000005e-05,2.56,2.7
927,4.639999999999983e-05,2.6,2.72
928,4.7999999999999866e-05,2.6,2.72
929,4.9599999999999905e-05,2.62,2.7600000000000002
930,5.1199999999999943e-05,2.62,2.7600000000000002
931,5.279999999999998e-05,2.64,2.8000000000000003
932,5.440000000000002e-05,2.66,2.7800000000000002
933,5.599999999999984e-05,2.68,2.82
934,5.759999999999988e-05,2.7,2.84
935,5.919999999999992e-05,2.7,2.84
936,6.079999999999996e-05,2.7,2.86
937,6.24e-05,2.72,2.86
938,6.399999999999982e-05,2.74,2.88
939,6.559999999999986e-05,2.7600000000000002,2.9
940,6.71999999999999e-05,2.7800000000000002,2.92
941,6.879999999999994e-05,2.7800000000000002,2.94
942,7.039999999999998e-05,2.8000000000000003,2.94
943,7.200000000000002e-05,2.82,2.96
944,7.359999999999984e-05,2.82,2.98
945,7.519999999999988e-05,2.84,3.0
946,7.679999999999992e-05,2.88,3.02
947,7.839999999999995e-05,2.88,3.02
948,7.999999999999999e-05,2.88,3.04
949,8.159999999999982e-05,2.92,3.06
950,8.319999999999985e-05,2.92,3.06
951,8.479999999999989e-05,2.96,3.08
952,8.639999999999993e-05,2.94,3.1
953,8.799999999999997e-05,2.96,3.12
954,8.960000000000001e-05,2.98,3.14
955,9.119999999999983e-05,3.0,3.14
956,9.279999999999987e-05,3.0,3.16
957,9.439999999999991e-05,3.02,3.2
958,9.599999999999995e-05,3.04,3.18
959,9.759999999999999e-05,3.06,3.22
960,9.920000000000003e-05,3.08,3.22
961,0.00010079999999999985,3.08,3.24
962,0.00010239999999999989,3.1,3.2600000000000002
963,0.00010399999999999993,3.12,3.2800000000000002
964,0.00010559999999999996,3.14,3.2800000000000002
965,0.0001072,3.14,3.3200000000000003
966,0.00010879999999999983,3.16,3.3200000000000003
967,0.00011039999999999986,3.2,3.34
968,0.0001119999999999999,3.18,3.34
969,0.00011359999999999994,3.2,3.36
970,0.00011519999999999998,3.24,3.38
971,0.00011680000000000002,3.22,3.4
972,0.00011839999999999984,3.24,3.42
973,0.00011999999999999988,3.2600000000000002,3.44
974,0.00012159999999999992,3.2800000000000002,3.44
975,0.00012319999999999996,3.3000000000000003,3.46
976,0.0001248,3.3200000000000003,3.46
977,0.00012639999999999982,3.3200000000000003,3.5
978,0.00012799999999999986,3.34,3.5
979,0.0001295999999999999,3.36,3.52
980,0.00013119999999999994,3.36,3.54
981,0.00013279999999999998,3.38,3.54
982,0.00013440000000000001,3.42,3.56
983,0.00013599999999999984,3.42,3.58
984,0.00013759999999999988,3.42,3.6
985,0.00013919999999999991,3.44,3.62
986,0.00014079999999999995,3.46,3.62
987,0.0001424,3.48,3.64
988,0.00014399999999999981,3.48,3.66
989,0.00014559999999999985,3.52,3.66
990,0.0001471999999999999,3.52,3.68
991,0.00014879999999999993,3.52,3.7
992,0.00015039999999999997,3.54,3.72
993,0.000152,3.56,3.74
994,0.00015359999999999983,3.58,3.74
995,0.00015519999999999987,3.6,3.7600000000000002
996,0.0001567999999999999,3.6,3.7800000000000002
997,0.00015839999999999995,3.62,3.8000000000000003
998,0.00015999999999999999,3.64,3.8200000000000003
999,0.0001615999999999998,3.64,3.8200000000000003
1000,0.00016319999999999985,3.66,3.84
1001,0.00016479999999999989,3.68,3.86
1002,0.00016639999999999992,3.68,3.88
1003,0.00016799999999999996,3.7,3.88
1004,0.0001696,3.72,3.92
1005,0.00017119999999999982,3.74,3.92
1006,0.00017279999999999986,3.7600000000000002,3.94
1007,0.0001743999999999999,3.7600000000000002,3.94
1008,0.00017599999999999994,3.7800000000000002,3.98
1009,0.00017759999999999998,3.8200000000000003,3.98
1010,0.00017920000000000002,3.8200000000000003,4.0
1011,0.00018079999999999984,3.8200000000000003,4.0
1012,0.00018239999999999988,3.84,4.04
1013,0.00018399999999999992,3.86,4.04
1014,0.00018559999999999996,3.86,4.0600000000000005
1015,0.0001872,3.88,4.0600000000000005
1016,0.00018879999999999982,3.9,4.08
1017,0.00019039999999999986,3.9,4.1
1018,0.0001919999999999999,3.92,4.12
1019,0.00019359999999999994,3.96,4.12
1020,0.00019519999999999997,3.96,4.14
1021,0.0001968,3.96,4.16
1022,0.00019839999999999984,3.98,4.18
1023,0.00019999999999999987,4.0200000000000005,4.2
1024,0.0002015999999999999,4.0200000000000005,4.2
1025,0.00020319999999999995,4.04,4.22
1026,0.0002048,4.04,4.24
1027,0.0002063999999999998,4.0600000000000005,4.26
1028,0.00020799999999999985,4.08,4.26
1029,0.0002095999999999999,4.1,4.28
1030,0.00021119999999999993,4.12,4.3
1031,0.00021279999999999997,4.12,4.32
1032,0.0002144,4.14,4.34
1033,0.00021599999999999983,4.16,4.34
1034,0.00021759999999999987,4.16,4.36
1035,0.0002191999999999999,4.18,4.38
1036,0.00022079999999999995,4.2,4.38
1037,0.00022239999999999998,4.2,4.4
1038,0.0002239999999999998,4.22,4.42
1039,0.00022559999999999985,4.24,4.44
1040,0.00022719999999999988,4.26,4.46
1041,0.00022879999999999992,4.26,4.48
1042,0.00023039999999999996,4.28,4.48
1043,0.000232,4.3,4.5
1044,0.00023359999999999982,4.32,4.5200000000000005
1045,0.00023519999999999986,4.34,4.5200000000000005
1046,0.0002367999999999999,4.36,4.54
1047,0.00023839999999999994,4.36,4.5600000000000005
1048,0.00023999999999999998,4.38,4.58
1049,0.00024160000000000002,4.38,4.6000000000000005
1050,0.00024319999999999984,4.4,4.62
1051,0.0002447999999999999,4.4,4.62
1052,0.0002463999999999999,4.42,4.64
1053,0.00024799999999999996,4.44,4.66
1054,0.0002496,4.46,4.66
1055,0.0002511999999999998,4.48,4.68
1056,0.00025279999999999986,4.48,4.72
1057,0.0002543999999999999,4.5,4.72
1058,0.00025599999999999993,4.5200000000000005,4.72
1059,0.0002576,4.5200000000000005,4.74
1060,0.0002592,4.54,4.76
1061,0.00026079999999999983,4.5600000000000005,4.8
1062,0.0002623999999999999,4.58,4.8
1063,0.0002639999999999999,4.6000000000000005,4.8
1064,0.00026559999999999995,4.6000000000000005,4.82
1065,0.0002672,4.62,4.84
1066,0.0002687999999999998,4.64,4.86
1067,0.00027039999999999985,4.66,4.88
1068,0.0002719999999999999,4.66,4.88
1069,0.00027359999999999993,4.68,4.9
1070,0.00027519999999999997,4.7,4.9
1071,0.0002768,4.7,4.94
1072,0.00027839999999999983,4.72,4.94
1073,0.00027999999999999987,4.74,4.96
1074,0.0002815999999999999,4.22,0.06
1075,0.00028319999999999994,0.34,0.04
1076,0.0002848,0.12,0.06
1077,0.0002863999999999998,0.1,0.08
1078,0.00028799999999999984,0.1,0.1
1079,0.0002895999999999999,0.1,0.12
1080,0.0002911999999999999,0.1,0.14
1081,0.00029279999999999996,0.12,0.14
1082,0.0002944,0.14,0.16
1083,0.0002959999999999998,0.14,0.16
1084,0.00029759999999999986,0.16,0.18
1085,0.0002991999999999999,0.18,0.18
1086,0.00030079999999999994,0.18,0.2
1087,0.0003024,0.2,0.22
1088,0.0003039999999999998,0.22,0.24
1089,0.00030559999999999984,0.22,0.26
1090,0.0003071999999999999,0.24,0.26
1091,0.0003087999999999999,0.26,0.28
1092,0.00031039999999999996,0.26,0.3
1093,0.000312,0.28,0.3
1094,0.0003135999999999998,0.3,0.32
1095,0.00031519999999999986,0.32,0.34
1096,0.0003167999999999999,0.32,0.36
1097,0.00031839999999999993,0.34,0.36
1098,0.00031999999999999997,0.34,0.38
1099,0.0003216,0.36,0.4
1100,0.00032319999999999983,0.38,0.42
1101,0.00032479999999999987,0.4,0.42
1102,0.0003263999999999999,0.4,0.44
1103,0.00032799999999999995,0.42,0.46
1104,0.0003296,0.44,0.46
1105,0.0003311999999999998,0.44,0.48
1106,0.00033279999999999985,0.46,0.5
1107,0.0003343999999999999,0.48,0.52
1108,0.00033599999999999993,0.5,0.54
1109,0.00033759999999999997,0.5,0.54
1110,0.0003392,0.52,0.56
1111,0.0003407999999999998,0.54,0.56
1112,0.00034239999999999987,0.54,0.6
1113,0.0003439999999999999,0.56,0.62
1114,0.00034559999999999994,0.58,0.62
1115,0.0003472,0.6,0.64
1116,0.0003487999999999998,0.62,0.64
1117,0.00035039999999999984,0.64,0.66
1118,0.0003519999999999999,0.64,0.68
1119,0.0003535999999999999,0.66,0.7000000000000001
1120,0.00035519999999999996,0.68,0.72
1121,0.0003568,0.7000000000000001,0.74
1122,0.0003583999999999998,0.7000000000000001,0.74
1123,0.00035999999999999986,0.72,0.76
1124,0.0003615999999999999,0.74,0.78
1125,0.00036319999999999994,0.74,0.8
1126,0.0003648,0.76,0.8
1127,0.0003663999999999998,0.78,0.8200000000000001
1128,0.00036799999999999984,0.8,0.84
1129,0.0003695999999999999,0.8,0.86
1130,0.0003711999999999999,0.8200000000000001,0.88
1131,0.00037279999999999995,0.84,0.88
1132,0.0003744,0.86,0.9
1133,0.0003759999999999998,0.86,0.92
1134,0.00037759999999999985,0.88,0.9400000000000001
1135,0.0003791999999999999,0.9,0.9400000000000001
1136,0.00038079999999999993,0.9,0.96
1137,0.00038239999999999997,0.9400000000000001,0.98
1138,0.000384,0.9400000000000001,1.0
1139,0.00038559999999999983,0.96,1.0
1140,0.00038719999999999987,0.98,1.02
1141,0.0003887999999999999,0.98,1.02
1142,0.00039039999999999995,1.0,1.04
1143,0.000392,1.02,1.06
1144,0.0003935999999999998,1.02,1.08
1145,0.00039519999999999985,1.02,1.08
1146,0.0003967999999999999,1.06,1.12
1147,0.0003983999999999999,1.08,1.1400000000000001
1148,0.00039999999999999996,1.1,1.1400000000000001
1149,0.0004016,1.08,1.16
1150,0.0004031999999999998,1.12,1.18
1151,0.00040479999999999986,1.1400000000000001,1.2
1152,0.0004063999999999999,1.16,1.2
1153,0.00040799999999999994,1.16,1.22
1154,0.0004096,1.18,1.22
1155,0.0004111999999999998,1.2,1.26
1156,0.00041279999999999984,1.2,1.28
1157,0.0004143999999999999,1.22,1.3
1158,0.0004159999999999999,1.24,1.3
1159,0.00041759999999999996,1.24,1.32
1160,0.0004192,1.26,1.34
1161,0.0004207999999999998,1.28,1.36
1162,0.00042239999999999986,1.3,1.36
1163,0.0004239999999999999,1.32,1.3800000000000001
1164,0.00042559999999999994,1.32,1.4000000000000001
1165,0.0004272,1.34,1.42
1166,0.0004287999999999998,1.34,1.42
1167,0.00043039999999999984,1.36,1.44
1168,0.0004319999999999999,1.3800000000000001,1.44
1169,0.0004335999999999999,1.4000000000000001,1.46
1170,0.00043519999999999995,1.4000000000000001,1.5
1171,0.0004368,1.42,1.48
1172,0.0004383999999999998,1.44,1.52
1173,0.00043999999999999985,1.46,1.52
1174,0.0004415999999999999,1.46,1.54
1175,0.00044319999999999993,1.48,1.56
1176,0.00044479999999999997,1.5,1.58
1177,0.0004464,1.52,1.6
1178,0.00044799999999999983,1.52,1.6
1179,0.00044959999999999987,1.54,1.62
1180,0.0004511999999999999,1.56,1.6400000000000001
1181,0.00045279999999999995,1.58,1.6400000000000001
1182,0.0004544,1.58,1.6600000000000001
1183,0.0004559999999999998,1.6,1.6600000000000001
1184,0.00045759999999999985,1.62,1.7
1185,0.0004591999999999999,1.62,1.72
1186,0.0004607999999999999,1.6400000000000001,1.74
1187,0.00046239999999999996,1.6600000000000001,1.74
1188,0.000464,1.68,1.76
1189,0.0004655999999999998,1.7,1.78
1190,0.00046719999999999986,1.7,1.78
1191,0.0004687999999999999,1.72,1.8
1192,0.00047039999999999994,1.74,1.82
1193,0.000472,1.76,1.84
1194,0.0004735999999999998,1.76,1.84
1195,0.00047519999999999984,1.78,1.86
1196,0.0004767999999999999,1.8,1.8800000000000001
1197,0.0004783999999999999,1.82,1.8800000000000001
1198,0.00047999999999999996,1.82,1.9000000000000001
1199,0.0004816,1.84,1.92
1200,0.0004831999999999998,1.84,1.94
1201,0.00048479999999999986,1.86,1.96
1202,0.0004863999999999999,1.8800000000000001,1.98
1203,0.00048799999999999994,1.9000000000000001,2.0
1204,0.0004896,1.9000000000000001,2.0
1205,0.0004911999999999998,1.92,2.02
1206,0.0004927999999999998,1.94,2.02
1207,0.0004943999999999999,1.94,2.04
1208,0.0004959999999999999,1.98,2.06
1209,0.0004976,1.98,2.08
1210,0.0004992,2.0,2.1
1211,0.0005007999999999998,2.02,2.12
1212,0.0005023999999999999,2.04,2.14
1213,0.0005039999999999999,2.04,2.14
1214,0.0005055999999999999,2.06,2.16
1215,0.0005072,2.06,2.18
1216,0.0005088,2.08,2.18
1217,0.0005103999999999998,2.1,2.2
1218,0.0005119999999999999,2.1,2.22
1219,0.0005135999999999999,2.14,2.24
1220,0.0005152,2.14,2.2600000000000002
1221,0.0005167999999999998,2.16,2.2600000000000002
1222,0.0005183999999999998,2.18,2.2800000000000002
1223,0.0005199999999999998,2.18,2.3000000000000003
1224,0.0005215999999999999,2.2,2.3000000000000003
1225,0.0005231999999999999,2.22,2.32
1226,0.0005248,2.22,2.32
1227,0.0005264,2.2600000000000002,2.34
1228,0.000528,2.2600000000000002,2.38
1229,0.0005296000000000001,2.2800000000000002,2.38
1230,0.0005311999999999997,2.2800000000000002,2.4
1231,0.0005327999999999997,2.3000000000000003,2.42
1232,0.0005343999999999998,2.32,2.44
1233,0.0005359999999999998,2.34,2.44
1234,0.0005375999999999998,2.34,2.48
1235,0.0005391999999999999,2.36,2.48
1236,0.0005407999999999999,2.38,2.5
1237,0.0005424,2.38,2.5
1238,0.000544,2.4,2.52
1239,0.0005456,2.42,2.54
1240,0.0005472000000000001,2.44,2.56
1241,0.0005488000000000001,2.44,2.56
1242,0.0005503999999999997,2.48,2.6
1243,0.0005519999999999998,2.48,2.6
1244,0.0005535999999999998,2.48,2.6
1245,0.0005551999999999998,2.5,2.62
1246,0.0005567999999999999,2.52,2.66
1247,0.0005583999999999999,2.54,2.66
1248,0.00056,2.54,2.68
1249,0.0005616,2.56,2.68
1250,0.0005632,2.56,2.72
1251,0.0005648000000000001,2.58,2.72
1252,0.0005664000000000001,2.6,2.74
1253,0.0005679999999999997,2.62,2.74
1254,0.0005695999999999998,2.64,2.7800000000000002
1255,0.0005711999999999998,2.64,2.8000000000000003
1256,0.0005727999999999998,2.66,2.8000000000000003
1257,0.0005743999999999999,2.68,2.82
1258,0.0005759999999999999,2.7,2.82
1259,0.0005775999999999999,2.7,2.84
1260,0.0005792,2.72,2.84
1261,0.0005808,2.72,2.86
1262,0.0005824000000000001,2.74,2.88
1263,0.0005840000000000001,2.7600000000000002,2.9
1264,0.0005855999999999997,2.7800000000000002,2.92
1265,0.0005871999999999997,2.8000000000000003,2.92
1266,0.0005887999999999998,2.8000000000000003,2.96
1267,0.0005903999999999998,2.82,2.96
1268,0.0005919999999999999,2.84,2.98
1269,0.0005935999999999999,2.84,3.0
1270,0.0005951999999999999,2.88,3.02
1271,0.0005968,2.88,3.02
1272,0.0005984,2.9,3.04
1273,0.0006000000000000001,2.92,3.06
1274,0.0006016000000000001,2.92,3.06
1275,0.0006031999999999997,2.94,3.08
1276,0.0006047999999999997,2.94,3.1
1277,0.0006063999999999998,2.96,3.12
1278,0.0006079999999999998,2.98,3.14
1279,0.0006095999999999999,2.98,3.14
1280,0.0006111999999999999,3.0,3.16
1281,0.0006127999999999999,3.02,3.2
1282,0.0006144,3.04,3.2
1283,0.000616,3.06,3.2
1284,0.0006176,3.08,3.22
1285,0.0006192000000000001,3.1,3.24
1286,0.0006207999999999997,3.1,3.2600000000000002
1287,0.0006223999999999997,3.12,3.2600000000000002
1288,0.0006239999999999998,3.14,3.3000000000000003
1289,0.0006255999999999998,3.14,3.3000000000000003
1290,0.0006271999999999998,3.16,3.3200000000000003
1291,0.0006287999999999999,3.18,3.34
1292,0.0006303999999999999,3.2,3.36
1293,0.000632,3.2,3.36
1294,0.0006336,3.22,3.38
1295,0.0006352,3.24,3.4
1296,0.0006368000000000001,3.2600000000000002,3.4
1297,0.0006383999999999997,3.2600000000000002,3.42
1298,0.0006399999999999997,3.2800000000000002,3.44
1299,0.0006415999999999998,3.3000000000000003,3.46
1300,0.0006431999999999998,3.3200000000000003,3.46
1301,0.0006447999999999998,3.3200000000000003,3.48
1302,0.0006463999999999999,3.34,3.52
1303,0.0006479999999999999,3.36,3.52
1304,0.0006496,3.38,3.54
1305,0.0006512,3.4,3.54
1306,0.0006528,3.4,3.56
1307,0.0006544000000000001,3.42,3.58
1308,0.0006559999999999997,3.42,3.6
1309,0.0006575999999999997,3.44,3.6
1310,0.0006591999999999998,3.44,3.62
1311,0.0006607999999999998,3.46,3.64
1312,0.0006623999999999998,3.5,3.66
1313,0.0006639999999999999,3.52,3.66
1314,0.0006655999999999999,3.52,3.7
1315,0.0006672,3.54,3.7
1316,0.0006688,3.54,3.72
1317,0.0006704,3.56,3.74
1318,0.0006720000000000001,3.58,3.7600000000000002
1319,0.0006735999999999997,3.58,3.7600000000000002
1320,0.0006751999999999997,3.6,3.7800000000000002
1321,0.0006767999999999998,3.62,3.8000000000000003
1322,0.0006783999999999998,3.64,3.8200000000000003
1323,0.0006799999999999998,3.66,3.8200000000000003
1324,0.0006815999999999999,3.66,3.86
1325,0.0006831999999999999,3.68,3.86
1326,0.0006848,3.68,3.88
1327,0.0006864,3.7,3.9
1328,0.000688,3.72,3.92
1329,0.0006896000000000001,3.7600000000000002,3.92
1330,0.0006912000000000001,3.74,3.94
1331,0.0006927999999999997,3.7600000000000002,3.96
1332,0.0006943999999999997,3.7800000000000002,3.96
1333,0.0006959999999999998,3.8000000000000003,3.98
1334,0.0006975999999999998,3.8200000000000003,4.0
1335,0.0006991999999999999,3.8200000000000003,4.0
1336,0.0007007999999999999,3.84,4.0200000000000005
1337,0.0007023999999999999,3.86,4.04
1338,0.000704,3.86,4.0600000000000005
1339,0.0007056,3.88,4.0600000000000005
1340,0.0007072000000000001,3.9,4.08
1341,0.0007088000000000001,3.92,4.1
1342,0.0007103999999999997,3.92,4.12
1343,0.0007119999999999997,3.94,4.14
1344,0.0007135999999999998,3.96,4.14
1345,0.0007151999999999998,3.98,4.16
1346,0.0007167999999999999,3.98,4.18
1347,0.0007183999999999999,4.0,4.2
1348,0.0007199999999999999,4.0,4.22
1349,0.0007216,4.04,4.22
1350,0.0007232,4.04,4.24
1351,0.0007248,4.0600000000000005,4.26
1352,0.0007264000000000001,4.08,4.26
1353,0.0007279999999999997,4.08,4.28
1354,0.0007295999999999997,4.1,4.3
1355,0.0007311999999999998,4.12,4.32
1356,0.0007327999999999998,4.14,4.34
1357,0.0007343999999999999,4.14,4.34
1358,0.0007359999999999999,4.16,4.36
1359,0.0007375999999999999,4.18,4.38
1360,0.0007392,4.2,4.4
1361,0.0007408,4.22,4.4
1362,0.0007424,4.22,4.42
1363,0.0007440000000000001,4.24,4.46
1364,0.0007455999999999997,4.24,4.46
1365,0.0007471999999999997,4.26,4.46
1366,0.0007487999999999998,4.28,4.5
1367,0.0007503999999999998,4.3,4.5
1368,0.0007519999999999998,4.32,4.5200000000000005
1369,0.0007535999999999999,4.32,4.54
1370,0.0007551999999999999,4.34,4.5600000000000005
1371,0.0007568,4.36,4.5600000000000005
1372,0.0007584,4.36,4.58
1373,0.00076,4.38,4.6000000000000005
1374,0.0007616000000000001,4.4,4.62
1375,0.0007631999999999997,4.42,4.62
1376,0.0007647999999999997,4.42,4.64
1377,0.0007663999999999998,4.44,4.66
1378,0.0007679999999999998,4.46,4.66
1379,0.0007695999999999998,4.48,4.68
1380,0.0007711999999999999,4.5,4.7
1381,0.0007727999999999999,4.5,4.7
1382,0.0007744,4.5200000000000005,4.72
1383,0.000776,4.54,4.74
1384,0.0007776,4.54,4.76
1385,0.0007792000000000001,4.5600000000000005,4.78
1386,0.0007807999999999997,4.58,4.8
1387,0.0007823999999999997,4.58,4.82
1388,0.0007839999999999998,4.62,4.84
1389,0.0007855999999999998,4.62,4.84
1390,0.0007871999999999998,4.64,4.86
1391,0.0007887999999999999,4.66,4.86
1392,0.0007903999999999999,4.66,4.88
1393,0.000792,4.68,4.9
1394,0.0007936,4.72,4.92
1395,0.0007952,4.72,4.92
1396,0.0007968000000000001,4.72,4.94
1397,0.0007983999999999997,4.74,4.96
1398,0.0007999999999999997,2.56,0.06
1399,0.0008015999999999998,0.26,0.06
1400,0.0008031999999999998,0.1,0.08
1401,0.0008047999999999998,0.1,0.1
1402,0.0008063999999999999,0.1,0.1
1403,0.0008079999999999999,0.12,0.12
1404,0.0008096,0.12,0.14
1405,0.0008112,0.14,0.14
1406,0.0008128,0.14,0.16
1407,0.0008144000000000001,0.14,0.16
1408,0.0008160000000000001,0.16,0.18
1409,0.0008175999999999997,0.18,0.2
1410,0.0008191999999999997,0.2,0.22
1411,0.0008207999999999998,0.2,0.22
1412,0.0008223999999999998,0.22,0.24
1413,0.0008239999999999999,0.22,0.26
1414,0.0008255999999999999,0.24,0.26
1415,0.0008271999999999999,0.26,0.28
1416,0.0008288,0.26,0.3
1417,0.0008304,0.28,0.32
1418,0.0008320000000000001,0.3,0.32
1419,0.0008336000000000001,0.32,0.34
1420,0.0008351999999999997,0.32,0.36
1421,0.0008367999999999997,0.34,0.38
1422,0.0008383999999999998,0.36,0.38
1423,0.0008399999999999998,0.36,0.4
1424,0.0008415999999999999,0.38,0.42
1425,0.0008431999999999999,0.38,0.42
1426,0.0008447999999999999,0.4,0.44
1427,0.0008464,0.42,0.46
1428,0.000848,0.44,0.48
1429,0.0008496,0.44,0.48
1430,0.0008512000000000001,0.46,0.5
1431,0.0008527999999999997,0.48,0.52
1432,0.0008543999999999997,0.5,0.52
1433,0.0008559999999999998,0.5,0.56
1434,0.0008575999999999998,0.5,0.56
1435,0.0008591999999999999,0.54,0.58
1436,0.0008607999999999999,0.56,0.6
1437,0.0008623999999999999,0.56,0.62
1438,0.000864,0.58,0.62
1439,0.0008656,0.6,0.64
1440,0.0008672,0.62,0.66
1441,0.0008688000000000001,0.64,0.68
1442,0.0008703999999999997,0.64,0.68
1443,0.0008719999999999997,0.66,0.7000000000000001
1444,0.0008735999999999998,0.68,0.7000000000000001
1445,0.0008751999999999998,0.68,0.74
1446,0.0008767999999999998,0.7000000000000001,0.74
1447,0.0008783999999999999,0.72,0.76
1448,0.0008799999999999999,0.74,0.78
1449,0.0008816,0.76,0.8
1450,0.0008832,0.76,0.8200000000000001
1451,0.0008848,0.78,0.8200000000000001
1452,0.0008864000000000001,0.8,0.84
1453,0.0008879999999999997,0.8200000000000001,0.86
1454,0.0008895999999999997,0.8200000000000001,0.86
1455,0.0008911999999999998,0.84,0.9
1456,0.0008927999999999998,0.86,0.9
1457,0.0008943999999999998,0.86,0.92
1458,0.0008959999999999999,0.88,0.9400000000000001
1459,0.0008975999999999999,0.9,0.96
1460,0.0008992,0.92,0.96
1461,0.0009008,0.92,0.98
1462,0.0009024,0.9400000000000001,1.0
1463,0.0009040000000000001,0.96,1.02
1464,0.0009055999999999997,0.98,1.02
1465,0.0009071999999999997,0.98,1.04
1466,0.0009087999999999998,1.0,1.04
1467,0.0009103999999999998,1.02,1.08
1468,0.0009119999999999998,1.04,1.08
1469,0.0009135999999999999,1.04,1.1
1470,0.0009151999999999999,1.06,1.12
1471,0.0009168,1.06,1.1400000000000001
1472,0.0009184,1.1,1.16
1473,0.00092,1.12,1.18
1474,0.0009216000000000001,1.12,1.16
1475,0.0009231999999999997,1.12,1.2
1476,0.0009247999999999997,1.16,1.22
1477,0.0009263999999999997,1.16,1.24
1478,0.0009279999999999998,1.18,1.24
1479,0.0009295999999999998,1.2,1.26
1480,0.0009311999999999999,1.2,1.28
1481,0.0009327999999999999,1.22,1.3
1482,0.0009343999999999999,1.24,1.3
1483,0.000936,1.26,1.32
1484,0.0009376,1.28,1.34
1485,0.0009392000000000001,1.28,1.36
1486,0.0009407999999999997,1.3,1.3800000000000001
1487,0.0009423999999999997,1.32,1.3800000000000001
1488,0.0009439999999999997,1.32,1.3800000000000001
1489,0.0009455999999999998,1.34,1.42
1490,0.0009471999999999998,1.36,1.42
1491,0.0009487999999999999,1.36,1.42
1492,0.0009503999999999999,1.3800000000000001,1.46
1493,0.0009519999999999999,1.3800000000000001,1.48
1494,0.0009536,1.42,1.48
1495,0.0009552,1.42,1.5
1496,0.0009568000000000001,1.44,1.5
1497,0.0009584000000000001,1.44,1.52
1498,0.0009599999999999997,1.48,1.54
1499,0.0009615999999999997,1.48,1.56
1500,0.0009631999999999998,1.5,1.56
1501,0.0009647999999999998,1.52,1.6
1502,0.0009663999999999999,1.54,1.6
1503,0.0009679999999999999,1.54,1.62
1504,0.0009695999999999999,1.56,1.6400000000000001
1505,0.0009712,1.58,1.6600000000000001
1506,0.0009728,1.6,1.68
1507,0.0009744,1.6,1.68
1508,0.0009760000000000001,1.62,1.7
1509,0.0009775999999999997,1.62,1.72
1510,0.0009791999999999997,1.6400000000000001,1.74
1511,0.0009807999999999998,1.6600000000000001,1.74
1512,0.0009823999999999998,1.6600000000000001,1.76
1513,0.0009839999999999998,1.7,1.78
1514,0.0009855999999999999,1.7,1.78
1515,0.0009872,1.72,1.8
1516,0.0009888,1.74,1.8
1517,0.0009904,1.76,1.82
1518,0.000992,1.78,1.86
1519,0.0009936,1.78,1.86
1520,0.0009951999999999997,1.8,1.8800000000000001
1521,0.0009967999999999997,1.82,1.9000000000000001
1522,0.0009983999999999998,1.82,1.92
1523,0.0009999999999999998,1.84,1.94
1524,0.0010015999999999998,1.86,1.96
1525,0.0010031999999999999,1.86,1.96
1526,0.0010048,1.8800000000000001,1.96
1527,0.0010064,1.9000000000000001,1.98
1528,0.001008,1.9000000000000001,2.02
1529,0.0010096,1.94,2.02
1530,0.0010112,1.94,2.06
1531,0.0010127999999999997,1.96,2.06
1532,0.0010143999999999997,1.96,2.08
1533,0.0010159999999999998,1.98,2.08
1534,0.0010175999999999998,2.0,2.1
1535,0.0010191999999999998,2.02,2.12
1536,0.0010207999999999999,2.02,2.14
1537,0.0010224,2.04,2.14
1538,0.001024,2.06,2.16
1539,0.0010256,2.08,2.18
1540,0.0010272,2.08,2.2
1541,0.0010288,2.1,2.2
1542,0.0010303999999999997,2.12,2.22
1543,0.0010319999999999997,2.14,2.24
1544,0.0010335999999999998,2.14,2.2600000000000002
1545,0.0010351999999999998,2.16,2.2600000000000002
1546,0.0010367999999999998,2.18,2.2800000000000002
1547,0.0010383999999999999,2.2,2.3000000000000003
1548,0.00104,2.2,2.3000000000000003
1549,0.0010416,2.2,2.34
1550,0.0010432,2.24,2.34
1551,0.0010448,2.24,2.36
1552,0.0010464,2.2600000000000002,2.38
1553,0.0010479999999999997,2.2800000000000002,2.4
1554,0.0010495999999999997,2.3000000000000003,2.42
1555,0.0010511999999999997,2.32,2.4
1556,0.0010527999999999998,2.32,2.44
1557,0.0010543999999999998,2.34,2.46
1558,0.0010559999999999999,2.34,2.46
1559,0.0010576,2.36,2.48
1560,0.0010592,2.38,2.5
1561,0.0010608,2.4,2.5
1562,0.0010624,2.42,2.52
1563,0.001064,2.42,2.54
1564,0.0010655999999999997,2.44,2.54
1565,0.0010671999999999997,2.46,2.56
1566,0.0010687999999999997,2.46,2.58
1567,0.0010703999999999998,2.46,2.6
1568,0.0010719999999999998,2.5,2.62
1569,0.0010735999999999999,2.5,2.62
1570,0.0010752,2.52,2.64
1571,0.0010768,2.54,2.66
1572,0.0010784,2.54,2.68
1573,0.00108,2.56,2.68
1574,0.0010816,2.58,2.7
1575,0.0010831999999999997,2.6,2.72
1576,0.0010847999999999997,2.62,2.74
1577,0.0010863999999999997,2.62,2.7600000000000002
1578,0.0010879999999999998,2.64,2.7800000000000002
1579,0.0010895999999999998,2.64,2.7800000000000002
1580,0.0010911999999999999,2.66,2.8000000000000003
1581,0.0010927999999999999,2.68,2.82
1582,0.0010944,2.68,2.82
1583,0.001096,2.7,2.84
1584,0.0010976,2.72,2.86
1585,0.0010992,2.74,2.88
1586,0.0011008,2.7600000000000002,2.9
1587,0.0011023999999999997,2.7600000000000002,2.92
1588,0.0011039999999999997,2.7800000000000002,2.94
1589,0.0011055999999999998,2.8000000000000003,2.94
1590,0.0011071999999999998,2.8000000000000003,2.94
1591,0.0011087999999999998,2.82,2.96
1592,0.0011103999999999999,2.84,2.98
1593,0.001112,2.86,3.0
1594,0.0011136,2.88,3.02
1595,0.0011152,2.88,3.04
1596,0.0011168,2.92,3.04
1597,0.0011184,2.92,3.06
1598,0.0011199999999999997,2.92,3.06
1599,0.0011215999999999997,2.96,3.1
1600,0.0011231999999999998,2.96,3.12
1601,0.0011247999999999998,2.98,3.12
1602,0.0011263999999999998,2.98,3.12
1603,0.0011279999999999999,3.02,3.14
1604,0.0011296,3.02,3.18
1605,0.0011312,3.02,3.18
1606,0.0011328,3.04,3.2
1607,0.0011344,3.06,3.2
1608,0.001136,3.1,3.22
1609,0.0011375999999999997,3.08,3.24
1610,0.0011391999999999997,3.1,3.2600000000000002
1611,0.0011407999999999998,3.12,3.2800000000000002
1612,0.0011423999999999998,3.14,3.2800000000000002
1613,0.0011439999999999998,3.14,3.3000000000000003
1614,0.0011455999999999999,3.16,3.3200000000000003
1615,0.0011472,3.18,3.34
1616,0.0011488,3.2,3.36
1617,0.0011504,3.2,3.38
1618,0.001152,3.22,3.38
1619,0.0011536,3.24,3.4
1620,0.0011551999999999997,3.2600000000000002,3.42
1621,0.0011567999999999997,3.2600000000000002,3.42
1622,0.0011583999999999998,3.2800000000000002,3.44
1623,0.0011599999999999998,3.3000000000000003,3.46
1624,0.0011615999999999998,3.3200000000000003,3.48
1625,0.0011631999999999999,3.3200000000000003,3.48
1626,0.0011648,3.34,3.5
1627,0.0011664,3.36,3.52
1628,0.001168,3.38,3.52
1629,0.0011696,3.4,3.54
1630,0.0011712,3.4,3.56
1631,0.0011727999999999997,3.42,3.58
1632,0.0011743999999999997,3.42,3.6
1633,0.0011759999999999997,3.44,3.6
1634,0.0011775999999999998,3.48,3.62
1635,0.0011791999999999998,3.48,3.64
1636,0.0011807999999999999,3.5,3.66
1637,0.0011824,3.5,3.68
1638,0.001184,3.52,3.7
1639,0.0011856,3.52,3.7
1640,0.0011872,3.54,3.72
1641,0.0011888,3.56,3.74
1642,0.0011903999999999997,3.58,3.7600000000000002
1643,0.0011919999999999997,3.58,3.7800000000000002
1644,0.0011935999999999997,3.6,3.7800000000000002
1645,0.0011951999999999998,3.62,3.8000000000000003
1646,0.0011967999999999998,3.64,3.8200000000000003
1647,0.0011983999999999999,3.66,3.84
1648,0.0012,3.66,3.86
1649,0.0012016,3.68,3.86
1650,0.0012032,3.7,3.88
1651,0.0012048,3.7,3.9
1652,0.0012064,3.72,3.9
1653,0.0012079999999999997,3.74,3.94
1654,0.0012095999999999997,3.7600000000000002,3.94
1655,0.0012111999999999997,3.7600000000000002,3.94
1656,0.0012127999999999998,3.7800000000000002,3.96
1657,0.0012143999999999998,3.8000000000000003,3.98
1658,0.0012159999999999999,3.8200000000000003,4.0
1659,0.0012175999999999999,3.8200000000000003,4.0200000000000005
1660,0.0012192,3.84,4.0200000000000005
1661,0.0012208,3.86,4.0600000000000005
1662,0.0012224,3.9,4.0600000000000005
1663,0.001224,3.9,4.0600000000000005
1664,0.0012255999999999996,3.9,4.08
1665,0.0012271999999999997,3.92,4.1
1666,0.0012287999999999997,3.92,4.12
1667,0.0012303999999999998,3.96,4.14
1668,0.0012319999999999998,3.96,4.14
1669,0.0012335999999999998,3.98,4.16
1670,0.0012351999999999999,4.0,4.18
1671,0.0012368,4.0,4.2
1672,0.0012384,4.0200000000000005,4.22
1673,0.00124,4.04,4.24
1674,0.0012416,4.0600000000000005,4.24
1675,0.0012432,4.0600000000000005,4.26
1676,0.0012447999999999997,4.08,4.28
1677,0.0012463999999999997,4.1,4.28
1678,0.0012479999999999998,4.1,4.3
1679,0.0012495999999999998,4.14,4.32
1680,0.0012511999999999998,4.14,4.34
1681,0.0012527999999999999,4.14,4.36
1682,0.0012544,4.16,4.36
1683,0.001256,4.18,4.38
1684,0.0012576,4.2,4.4
1685,0.0012592,4.2,4.42
1686,0.0012608,4.22,4.42
1687,0.0012623999999999997,4.24,4.44
1688,0.0012639999999999997,4.28,4.46
1689,0.0012655999999999998,4.28,4.48
1690,0.0012671999999999998,4.28,4.5
1691,0.0012687999999999998,4.3,4.5200000000000005
1692,0.0012703999999999999,4.32,4.54
1693,0.001272,4.32,4.54
1694,0.0012736,4.34,4.5600000000000005
1695,0.0012752,4.36,4.5600000000000005
1696,0.0012768,4.38,4.58
1697,0.0012784,4.4,4.6000000000000005
1698,0.0012799999999999997,4.42,4.6000000000000005
1699,0.0012815999999999997,4.44,4.62
1700,0.0012831999999999997,4.44,4.64
1701,0.0012847999999999998,4.44,4.66
1702,0.0012863999999999998,4.46,4.68
1703,0.0012879999999999999,4.48,4.68
1704,0.0012896,4.5,4.7
1705,0.0012912,4.5,4.72
1706,0.0012928,4.5200000000000005,4.74
1707,0.0012944,4.54,4.74
1708,0.001296,4.54,4.76
1709,0.0012975999999999997,4.5600000000000005,4.78
1710,0.0012991999999999997,4.58,4.8
1711,0.0013007999999999997,4.6000000000000005,4.8
1712,0.0013023999999999998,4.62,4.82
1713,0.0013039999999999998,4.62,4.84
1714,0.0013055999999999999,4.66,4.86
1715,0.0013072,4.66,4.88
1716,0.0013088,4.66,4.9
1717,0.0013104,4.68,4.9
1718,0.001312,4.7,4.92
1719,0.0013136,4.72,4.94
1720,0.0013151999999999997,4.74,4.96
1721,0.0013167999999999997,4.74,4.96
1722,0.0013183999999999997,1.62,0.06
1723,0.0013199999999999998,0.2,0.06
1724,0.0013215999999999998,0.1,0.08
1725,0.0013231999999999999,0.1,0.1
1726,0.0013248,0.12,0.12
1727,0.0013264,0.12,0.1
1728,0.001328,0.12,0.14
1729,0.0013296,0.14,0.16
1730,0.0013312,0.14,0.18
1731,0.0013327999999999997,0.16,0.18
1732,0.0013343999999999997,0.16,0.2
1733,0.0013359999999999997,0.18,0.2
1734,0.0013375999999999998,0.2,0.22
1735,0.0013391999999999998,0.2,0.24
1736,0.0013407999999999998,0.22,0.24
1737,0.0013423999999999999,0.22,0.26
1738,0.001344,0.24,0.26
1739,0.0013456,0.24,0.28
1740,0.0013472,0.28,0.3
1741,0.0013488,0.28,0.32
1742,0.0013503999999999996,0.3,0.34
1743,0.0013519999999999997,0.32,0.34
1744,0.0013535999999999997,0.34,0.36
1745,0.0013551999999999998,0.34,0.38
1746,0.0013567999999999998,0.36,0.38
1747,0.0013583999999999998,0.36,0.4
1748,0.0013599999999999999,0.38,0.42
1749,0.0013616,0.4,0.44
1750,0.0013632,0.4,0.44
1751,0.0013648,0.44,0.46
1752,0.0013664,0.44,0.48
1753,0.001368,0.44,0.48
1754,0.0013695999999999997,0.46,0.5
1755,0.0013711999999999997,0.48,0.52
1756,0.0013727999999999998,0.5,0.54
1757,0.0013743999999999998,0.52,0.54
1758,0.0013759999999999998,0.54,0.58
1759,0.0013775999999999999,0.54,0.58
1760,0.0013792,0.56,0.6
1761,0.0013808,0.58,0.6
1762,0.0013824,0.6,0.62
1763,0.001384,0.6,0.64
1764,0.0013856,0.62,0.66
1765,0.0013871999999999997,0.64,0.68
1766,0.0013887999999999997,0.64,0.7000000000000001
1767,0.0013903999999999998,0.66,0.7000000000000001
1768,0.0013919999999999998,0.68,0.72
1769,0.0013935999999999998,0.7000000000000001,0.74
1770,0.0013951999999999999,0.72,0.74
1771,0.0013968,0.72,0.78
1772,0.0013984,0.74,0.78
1773,0.0014,0.74,0.8
1774,0.0014016,0.76,0.8
1775,0.0014032,0.78,0.8200000000000001
1776,0.0014047999999999997,0.8,0.84
1777,0.0014063999999999997,0.8200000000000001,0.86
1778,0.0014079999999999997,0.8200000000000001,0.88
1779,0.0014095999999999998,0.84,0.9
1780,0.0014111999999999998,0.86,0.9
1781,0.0014127999999999999,0.88,0.92
1782,0.0014144,0.9,0.92
1783,0.001416,0.9,0.96
1784,0.0014176,0.92,0.98
1785,0.0014192,0.9400000000000001,0.98
1786,0.0014208,0.96,1.0
1787,0.0014223999999999997,0.96,1.0
1788,0.0014239999999999997,0.98,1.02
1789,0.0014255999999999997,1.0,1.04
1790,0.0014271999999999998,1.0,1.04
1791,0.0014287999999999998,1.02,1.08
1792,0.0014303999999999999,1.02,1.1
1793,0.001432,1.06,1.1
1794,0.0014336,1.06,1.12
1795,0.0014352,1.08,1.1400000000000001
1796,0.0014368,1.1,1.1400000000000001
1797,0.0014384,1.12,1.18
1798,0.0014399999999999997,1.12,1.18
1799,0.0014415999999999997,1.1400000000000001,1.2
1800,0.0014431999999999997,1.16,1.22
1801,0.0014447999999999998,1.18,1.22
1802,0.0014463999999999998,1.18,1.24
1803,0.0014479999999999999,1.2,1.26
1804,0.0014495999999999999,1.22,1.28
1805,0.0014512,1.22,1.3
1806,0.0014528,1.24,1.32
1807,0.0014544,1.26,1.32
1808,0.001456,1.26,1.34
1809,0.0014575999999999997,1.28,1.36
1810,0.0014591999999999997,1.3,1.3800000000000001
1811,0.0014607999999999997,1.32,1.3800000000000001
1812,0.0014623999999999998,1.32,1.4000000000000001
1813,0.0014639999999999998,1.34,1.42
1814,0.0014655999999999998,1.36,1.42
1815,0.0014671999999999999,1.3800000000000001,1.44
1816,0.0014688,1.3800000000000001,1.46
1817,0.0014704,1.4000000000000001,1.46
1818,0.001472,1.42,1.48
1819,0.0014736,1.42,1.5
1820,0.0014751999999999996,1.44,1.52
1821,0.0014767999999999997,1.46,1.54
1822,0.0014783999999999997,1.48,1.56
1823,0.0014799999999999998,1.48,1.58
1824,0.0014815999999999998,1.5,1.56
1825,0.0014831999999999998,1.52,1.6
1826,0.0014847999999999999,1.52,1.62
1827,0.0014864,1.56,1.6400000000000001
1828,0.001488,1.56,1.62
1829,0.0014896,1.58,1.6600000000000001
1830,0.0014912,1.6,1.68
1831,0.0014927999999999996,1.6,1.68
1832,0.0014943999999999997,1.62,1.7
1833,0.0014959999999999997,1.6400000000000001,1.72
1834,0.0014975999999999998,1.6600000000000001,1.72
1835,0.0014991999999999998,1.68,1.74
1836,0.0015007999999999998,1.68,1.76
1837,0.0015023999999999999,1.68,1.78
1838,0.001504,1.7,1.8
1839,0.0015056,1.72,1.82
1840,0.0015072,1.74,1.8
1841,0.0015088,1.76,1.84
1842,0.0015104,1.78,1.86
1843,0.0015119999999999997,1.76,1.86
1844,0.0015135999999999997,1.8,1.8800000000000001
1845,0.0015151999999999998,1.8,1.9000000000000001
1846,0.0015167999999999998,1.82,1.92
1847,0.0015183999999999998,1.84,1.92
1848,0.0015199999999999999,1.86,1.94
1849,0.0015216,1.8800000000000001,1.96
1850,0.0015232,1.8800000000000001,2.0
1851,0.0015248,1.9000000000000001,2.0
1852,0.0015264,1.92,2.0
1853,0.001528,1.94,2.02
1854,0.0015295999999999997,1.94,2.04
1855,0.0015311999999999997,1.96,2.06
1856,0.0015327999999999997,1.98,2.08
1857,0.0015343999999999998,2.0,2.08
1858,0.0015359999999999998,2.0,2.1
1859,0.0015375999999999999,2.02,2.12
1860,0.0015392,2.02,2.14
1861,0.0015408,2.06,2.14
1862,0.0015424,2.06,2.16
1863,0.001544,2.06,2.18
1864,0.0015456,2.08,2.2
1865,0.0015471999999999997,2.1,2.22
1866,0.0015487999999999997,2.12,2.22
1867,0.0015503999999999997,2.14,2.24
1868,0.0015519999999999998,2.16,2.24
1869,0.0015535999999999998,2.16,2.2600000000000002
1870,0.0015551999999999999,2.16,2.2800000000000002
1871,0.0015568,2.2,2.2800000000000002
1872,0.0015584,2.22,2.32
1873,0.00156,2.22,2.34
1874,0.0015616,2.24,2.34
1875,0.0015632,2.2600000000000002,2.36
1876,0.0015647999999999997,2.2600000000000002,2.38
1877,0.0015663999999999997,2.2800000000000002,2.4
1878,0.0015679999999999997,2.2800000000000002,2.4
1879,0.0015695999999999998,2.32,2.42
1880,0.0015711999999999998,2.32,2.44
1881,0.0015727999999999998,2.32,2.46
1882,0.0015743999999999999,2.36,2.48
1883,0.001576,2.38,2.5
1884,0.0015776,2.38,2.5
1885,0.0015792,2.4,2.52
1886,0.0015808,2.42,2.52
1887,0.0015823999999999996,2.44,2.54
1888,0.0015839999999999997,2.44,2.56
1889,0.0015855999999999997,2.46,2.58
1890,0.0015871999999999998,2.46,2.6
1891,0.0015887999999999998,2.48,2.6
1892,0.0015903999999999998,2.48,2.64
1893,0.0015919999999999999,2.5,2.62
1894,0.0015936,2.52,2.64
1895,0.0015952,2.54,2.66
1896,0.0015968,2.54,2.68
1897,0.0015984,2.58,2.68
1898,0.0015999999999999996,2.58,2.72
1899,0.0016015999999999997,2.6,2.72
1900,0.0016031999999999997,2.6,2.7600000000000002
1901,0.0016047999999999998,2.62,2.7600000000000002
1902,0.0016063999999999998,2.64,2.7600000000000002
1903,0.0016079999999999998,2.64,2.7800000000000002
1904,0.0016095999999999999,2.66,2.8000000000000003
1905,0.0016112,2.68,2.82
1906,0.0016128,2.68,2.82
1907,0.0016144,2.7,2.84
1908,0.001616,2.72,2.86
1909,0.0016175999999999996,2.74,2.88
1910,0.0016191999999999997,2.74,2.88
1911,0.0016207999999999997,2.7600000000000002,2.9
1912,0.0016223999999999998,2.8000000000000003,2.92
1913,0.0016239999999999998,2.8000000000000003,2.94
1914,0.0016255999999999998,2.82,2.94
1915,0.0016271999999999999,2.84,2.96
1916,0.0016288,2.86,2.98
1917,0.0016304,2.88,3.0
1918,0.001632,2.86,3.02
1919,0.0016336,2.88,3.02
1920,0.0016352,2.9,3.04
1921,0.0016367999999999997,2.92,3.06
1922,0.0016383999999999997,2.92,3.08
1923,0.0016399999999999997,2.94,3.1
1924,0.0016415999999999998,2.96,3.1
1925,0.0016431999999999998,2.98,3.12
1926,0.0016447999999999999,3.0,3.14
1927,0.0016464,3.0,3.16
1928,0.001648,3.02,3.16
1929,0.0016496,3.04,3.18
1930,0.0016512,3.04,3.2
1931,0.0016528,3.06,3.24
1932,0.0016543999999999997,3.08,3.22
1933,0.0016559999999999997,3.1,3.2600000000000002
1934,0.0016575999999999997,3.1,3.2600000000000002
1935,0.0016591999999999998,3.14,3.2800000000000002
1936,0.0016607999999999998,3.14,3.3000000000000003
1937,0.0016623999999999999,3.16,3.3000000000000003
1938,0.001664,3.16,3.3200000000000003
1939,0.0016656,3.2,3.34
1940,0.0016672,3.2,3.36
1941,0.0016688,3.22,3.38
1942,0.0016704,3.24,3.38
1943,0.0016719999999999997,3.24,3.4
1944,0.0016735999999999997,3.2600000000000002,3.42
1945,0.0016751999999999997,3.2800000000000002,3.44
1946,0.0016767999999999998,3.2800000000000002,3.46
1947,0.0016783999999999998,3.3000000000000003,3.46
1948,0.0016799999999999999,3.3200000000000003,3.46
1949,0.0016816,3.34,3.48
1950,0.0016832,3.36,3.5
1951,0.0016848,3.36,3.52
1952,0.0016864,3.38,3.54
1953,0.001688,3.4,3.56
1954,0.0016895999999999997,3.42,3.56
1955,0.0016911999999999997,3.44,3.6
1956,0.0016927999999999997,3.44,3.6
1957,0.0016943999999999998,3.44,3.62
1958,0.0016959999999999998,3.46,3.64
1959,0.0016975999999999998,3.48,3.64
1960,0.0016991999999999999,3.5,3.66
1961,0.0017008,3.5,3.68
1962,0.0017024,3.52,3.7
1963,0.001704,3.56,3.72
1964,0.0017056,3.56,3.72
1965,0.0017071999999999996,3.56,3.7600000000000002
1966,0.0017087999999999997,3.6,3.7600000000000002
1967,0.0017103999999999997,3.6,3.7800000000000002
1968,0.0017119999999999998,3.6,3.7800000000000002
1969,0.0017135999999999998,3.62,3.8000000000000003
1970,0.0017151999999999998,3.66,3.8200000000000003
1971,0.0017167999999999999,3.66,3.84
1972,0.0017184,3.66,3.84
1973,0.00172,3.68,3.86
1974,0.0017216,3.7,3.88
1975,0.0017232,3.72,3.9
1976,0.0017247999999999996,3.74,3.9
1977,0.0017263999999999997,3.74,3.92
1978,0.0017279999999999997,3.7600000000000002,3.94
1979,0.0017295999999999998,3.7800000000000002,3.96
1980,0.0017311999999999998,3.8000000000000003,3.96
1981,0.0017327999999999998,3.8000000000000003,3.98
1982,0.0017343999999999999,3.8200000000000003,4.0
1983,0.001736,3.84,4.0200000000000005
1984,0.0017376,3.86,4.04
1985,0.0017392,3.86,4.04
1986,0.0017408,3.88,4.0600000000000005
1987,0.0017423999999999996,3.88,4.08
1988,0.0017439999999999997,3.9,4.08
1989,0.0017455999999999997,3.92,4.12
1990,0.0017471999999999998,3.94,4.12
1991,0.0017487999999999998,3.94,4.14
1992,0.0017503999999999998,3.96,4.16
1993,0.0017519999999999999,3.98,4.16
1994,0.0017536,3.98,4.18
1995,0.0017552,4.0200000000000005,4.2
1996,0.0017568,4.0200000000000005,4.22
1997,0.0017584,4.04,4.24
1998,0.0017599999999999996,4.0600000000000005,4.24
1999,0.0017615999999999997,4.08,4.26
