,time,v1,v2
0,2.4e-06,2.36,2.5
1,2.56e-06,2.36,2.5
2,2.72e-06,2.38,2.52
3,2.88e-06,2.38,2.52
4,3.0399999999999997e-06,2.4,2.54
5,3.2e-06,2.4,2.54
6,3.36e-06,2.42,2.56
7,3.52e-06,2.42,2.56
8,3.68e-06,2.44,2.58
9,3.84e-06,2.46,2.58
10,4e-06,2.46,2.6
11,4.16e-06,2.46,2.6
12,4.32e-06,2.48,2.62
13,4.4799999999999995e-06,2.48,2.64
14,4.64e-06,2.5,2.64
15,4.8e-06,2.5,2.64
16,4.96e-06,2.52,2.66
17,5.12e-06,2.52,2.68
18,5.28e-06,2.52,2.68
19,5.4400000000000004e-06,2.54,2.7
20,5.6e-06,2.56,2.7
21,5.76e-06,2.56,2.72
22,5.92e-06,2.58,2.74
23,6.079999999999999e-06,2.58,2.74
24,6.24e-06,2.6,2.74
25,6.4e-06,2.6,2.7800000000000002
26,6.56e-06,2.62,2.7600000000000002
27,6.72e-06,2.64,2.7800000000000002
28,6.88e-06,2.64,2.7800000000000002
29,7.04e-06,2.66,2.82
30,7.2e-06,2.66,2.82
31,7.36e-06,2.68,2.84
32,7.52e-06,2.68,2.84
33,7.680000000000001e-06,2.7,2.84
34,7.84e-06,2.7,2.86
35,8e-06,2.7,2.86
36,8.16e-06,2.74,2.9
37,8.32e-06,2.74,2.9
38,8.48e-06,2.74,2.9
39,8.64e-06,2.7600000000000002,2.9
40,8.8e-06,2.7600000000000002,2.92
41,8.959999999999999e-06,2.7800000000000002,2.94
42,9.12e-06,2.7800000000000002,2.94
43,9.28e-06,2.8000000000000003,2.96
44,9.440000000000001e-06,2.8000000000000003,2.96
45,9.6e-06,2.82,2.98
46,9.76e-06,2.84,2.98
47,9.92e-06,2.84,3.0
48,1.0080000000000002e-05,2.86,3.02
49,1.024e-05,2.86,3.02
50,1.0399999999999999e-05,2.88,3.04
51,1.056e-05,2.88,3.04
52,1.0719999999999999e-05,2.88,3.06
53,1.0880000000000001e-05,2.92,3.08
54,1.104e-05,2.92,3.08
55,1.1200000000000001e-05,2.92,3.1
56,1.136e-05,2.94,3.1
57,1.1520000000000002e-05,2.94,3.12
58,1.168e-05,2.96,3.14
59,1.1839999999999998e-05,2.96,3.14
60,1.2e-05,2.98,3.14
61,1.2159999999999999e-05,2.98,3.16
62,1.232e-05,2.98,3.18
63,1.2479999999999999e-05,3.0,3.18
64,1.2640000000000001e-05,3.02,3.18
65,1.28e-05,3.02,3.2
66,1.2960000000000001e-05,3.04,3.22
67,1.312e-05,3.04,3.24
68,1.3280000000000002e-05,3.06,3.24
69,1.344e-05,3.08,3.24
70,1.3599999999999999e-05,3.08,3.2600000000000002
71,1.376e-05,3.1,3.2600000000000002
72,1.3919999999999999e-05,3.1,3.2800000000000002
73,1.408e-05,3.12,3.3000000000000003
74,1.424e-05,3.14,3.3000000000000003
75,1.4400000000000001e-05,3.14,3.3200000000000003
76,1.456e-05,3.14,3.3200000000000003
77,1.4720000000000001e-05,3.16,3.34
78,1.488e-05,3.16,3.36
79,1.5040000000000002e-05,3.18,3.36
80,1.52e-05,3.2,3.38
81,1.536e-05,3.22,3.4
82,1.552e-05,3.2,3.4
83,1.568e-05,3.22,3.4
84,1.584e-05,3.22,3.4
85,1.6e-05,3.24,3.42
86,1.616e-05,3.24,3.44
87,1.632e-05,3.2600000000000002,3.44
88,1.648e-05,3.2800000000000002,3.46
89,1.664e-05,3.2800000000000002,3.46
90,1.6800000000000002e-05,3.3000000000000003,3.48
91,1.696e-05,3.3000000000000003,3.5
92,1.712e-05,3.34,3.5
93,1.728e-05,3.34,3.52
94,1.744e-05,3.34,3.52
95,1.76e-05,3.34,3.54
96,1.7760000000000003e-05,3.36,3.54
97,1.792e-05,3.38,3.56
98,1.808e-05,3.38,3.56
99,1.824e-05,3.4,3.58
100,1.84e-05,3.4,3.6
101,1.8560000000000002e-05,3.42,3.6
102,1.872e-05,3.42,3.6
103,1.8880000000000002e-05,3.44,3.62
104,1.904e-05,3.44,3.64
105,1.9200000000000003e-05,3.46,3.66
106,1.936e-05,3.46,3.66
107,1.952e-05,3.48,3.68
108,1.968e-05,3.48,3.68
109,1.984e-05,3.5,3.68
110,2e-05,3.52,3.7
111,2.016e-05,3.52,3.7
112,2.0320000000000002e-05,3.52,3.72
113,2.048e-05,3.54,3.74
114,2.0640000000000002e-05,3.54,3.7600000000000002
115,2.08e-05,3.58,3.7600000000000002
116,2.0960000000000003e-05,3.58,3.7800000000000002
117,2.112e-05,3.58,3.7800000000000002
118,2.128e-05,3.6,3.8000000000000003
119,2.144e-05,3.6,3.8000000000000003
120,2.16e-05,3.62,3.8200000000000003
121,2.1760000000000002e-05,3.62,3.8200000000000003
122,2.192e-05,3.64,3.84
123,2.2080000000000002e-05,3.66,3.84
124,2.224e-05,3.66,3.86
125,2.2400000000000002e-05,3.68,3.88
126,2.256e-05,3.68,3.88
127,2.2720000000000003e-05,3.68,3.88
128,2.288e-05,3.7,3.9
129,2.304e-05,3.7,3.9
130,2.32e-05,3.72,3.92
131,2.336e-05,3.74,3.94
132,2.3520000000000002e-05,3.74,3.94
133,2.368e-05,3.74,3.96
134,2.3840000000000002e-05,3.7600000000000002,3.96
135,2.4e-05,3.7800000000000002,3.98
136,2.4160000000000002e-05,3.7800000000000002,3.98
137,2.432e-05,3.8000000000000003,4.0200000000000005
138,2.4480000000000003e-05,3.8000000000000003,4.0
139,2.464e-05,3.8000000000000003,4.0200000000000005
140,2.48e-05,3.8200000000000003,4.04
141,2.496e-05,3.84,4.04
142,2.512e-05,3.84,4.0600000000000005
143,2.5280000000000002e-05,3.86,4.0600000000000005
144,2.544e-05,3.86,4.08
145,2.5600000000000002e-05,3.88,4.08
146,2.576e-05,3.9,4.1
147,2.5920000000000003e-05,3.9,4.1
148,2.608e-05,3.9,4.12
149,2.6240000000000003e-05,3.92,4.14
150,2.64e-05,3.92,4.14
151,2.656e-05,3.94,4.16
152,2.672e-05,3.96,4.16
153,2.688e-05,3.96,4.18
154,2.7040000000000002e-05,3.98,4.18
155,2.72e-05,3.98,4.2
156,2.7360000000000002e-05,4.0,4.2
157,2.752e-05,4.0200000000000005,4.22
158,2.7680000000000003e-05,4.04,4.24
159,2.784e-05,4.04,4.24
160,2.8e-05,4.04,4.26
161,2.816e-05,4.0600000000000005,4.26
162,2.832e-05,4.0600000000000005,4.28
163,2.8480000000000002e-05,4.0600000000000005,4.28
164,2.864e-05,4.08,4.3
165,2.8800000000000002e-05,4.08,4.3
166,2.896e-05,4.1,4.32
167,2.9120000000000002e-05,4.12,4.34
168,2.928e-05,4.12,4.34
169,2.9440000000000003e-05,4.14,4.36
170,2.96e-05,4.14,4.36
171,2.976e-05,4.14,4.38
172,2.992e-05,4.16,4.4
173,3.008e-05,4.18,4.4
174,3.0240000000000002e-05,4.18,4.42
175,3.04e-05,4.2,4.42
176,3.056e-05,4.2,4.44
177,3.072e-05,4.22,4.44
178,3.088e-05,4.24,4.46
179,3.104e-05,4.24,4.48
180,3.12e-05,4.24,4.48
181,3.136e-05,4.26,4.48
182,3.1519999999999996e-05,4.26,4.5
183,3.168e-05,4.28,4.5200000000000005
184,3.184e-05,4.3,4.5200000000000005
185,3.2e-05,4.3,4.54
186,3.216e-05,4.32,4.54
187,3.232e-05,4.32,4.5600000000000005
188,3.248e-05,4.34,4.5600000000000005
189,3.264e-05,4.36,4.58
190,3.28e-05,4.36,4.6000000000000005
191,3.2959999999999996e-05,4.36,4.6000000000000005
192,3.312e-05,4.38,4.62
193,3.328e-05,4.38,4.64
194,3.344e-05,4.4,4.64
195,3.36e-05,4.4,4.66
196,3.3759999999999995e-05,4.42,4.68
197,3.392e-05,4.42,4.66
198,3.408e-05,4.44,4.68
199,3.424e-05,4.44,4.68
200,3.4399999999999996e-05,4.46,4.7
201,3.456e-05,4.48,4.72
202,3.472e-05,4.48,4.72
203,3.488e-05,4.5,4.74
204,3.5039999999999997e-05,4.5,4.74
205,3.5199999999999995e-05,4.5,4.76
206,3.536e-05,4.5200000000000005,4.76
207,3.552e-05,4.54,4.78
208,3.568e-05,4.5600000000000005,4.78
209,3.5839999999999996e-05,4.5600000000000005,4.8
210,3.6e-05,4.5600000000000005,4.8
211,3.616e-05,4.58,4.82
212,3.632e-05,4.6000000000000005,4.84
213,3.6479999999999996e-05,4.6000000000000005,4.86
214,3.6639999999999995e-05,4.6000000000000005,4.86
215,3.68e-05,4.62,4.88
216,3.696e-05,4.64,4.88
217,3.712e-05,4.64,4.88
218,3.7279999999999995e-05,4.64,4.9
219,3.744e-05,4.66,4.92
220,3.76e-05,4.68,4.92
221,3.776e-05,4.68,4.94
222,3.7919999999999996e-05,4.7,4.94
223,3.808e-05,4.7,4.94
224,3.824e-05,3.9,0.3
225,3.84e-05,2.9,0.1
226,3.856e-05,2.18,0.08
227,3.8719999999999995e-05,1.6600000000000001,0.08
228,3.888e-05,1.28,0.08
229,3.904e-05,1.0,0.1
230,3.92e-05,0.8,0.1
231,3.9359999999999996e-05,0.64,0.12
232,3.952e-05,0.52,0.12
233,3.968e-05,0.44,0.14
234,3.984e-05,0.38,0.14
235,3.9999999999999996e-05,0.34,0.16
236,4.0159999999999995e-05,0.3,0.16
237,4.032e-05,0.28,0.18
238,4.048e-05,0.26,0.18
239,4.064e-05,0.26,0.18
240,4.0799999999999996e-05,0.26,0.2
241,4.096e-05,0.26,0.22
242,4.112e-05,0.26,0.22
243,4.128e-05,0.26,0.24
244,4.1439999999999996e-05,0.26,0.24
245,4.16e-05,0.28,0.26
246,4.176e-05,0.28,0.28
247,4.192e-05,0.28,0.28
248,4.208e-05,0.28,0.28
249,4.2239999999999995e-05,0.3,0.3
250,4.24e-05,0.3,0.32
251,4.256e-05,0.32,0.34
252,4.272e-05,0.32,0.34
253,4.2879999999999996e-05,0.32,0.36
254,4.304e-05,0.34,0.36
255,4.32e-05,0.34,0.36
256,4.336e-05,0.34,0.38
257,4.352e-05,0.36,0.4
258,4.3679999999999995e-05,0.38,0.4
259,4.384e-05,0.38,0.4
260,4.4e-05,0.4,0.42
261,4.416e-05,0.4,0.44
262,4.4319999999999996e-05,0.42,0.44
263,4.448e-05,0.42,0.46
264,4.464e-05,0.42,0.46
265,4.48e-05,0.44,0.48
266,4.4959999999999996e-05,0.46,0.48
267,4.5119999999999995e-05,0.46,0.5
268,4.528e-05,0.46,0.52
269,4.544e-05,0.48,0.52
270,4.56e-05,0.5,0.54
271,4.5759999999999996e-05,0.5,0.54
272,4.592e-05,0.52,0.56
273,4.608e-05,0.52,0.56
274,4.624e-05,0.54,0.58
275,4.6399999999999996e-05,0.54,0.6
276,4.656e-05,0.56,0.6
277,4.672e-05,0.56,0.6
278,4.688e-05,0.58,0.62
279,4.704e-05,0.58,0.64
280,4.7199999999999995e-05,0.6,0.64
281,4.736e-05,0.62,0.66
282,4.752e-05,0.62,0.64
283,4.768e-05,0.64,0.68
284,4.7839999999999996e-05,0.64,0.68
285,4.8e-05,0.66,0.7000000000000001
286,4.816e-05,0.66,0.7000000000000001
287,4.832e-05,0.66,0.72
288,4.848e-05,0.68,0.72
289,4.8639999999999995e-05,0.68,0.74
290,4.88e-05,0.7000000000000001,0.74
291,4.896e-05,0.7000000000000001,0.76
292,4.912e-05,0.7000000000000001,0.76
293,4.9279999999999996e-05,0.72,0.78
294,4.944e-05,0.72,0.78
295,4.96e-05,0.76,0.8200000000000001
296,4.976e-05,0.76,0.8200000000000001
297,4.9919999999999996e-05,0.78,0.8200000000000001
298,5.008e-05,0.78,0.84
299,5.024e-05,0.8,0.86
300,5.04e-05,0.8,0.86
301,5.056e-05,0.8,0.88
302,5.0719999999999996e-05,0.8200000000000001,0.88
303,5.088e-05,0.84,0.88
304,5.104e-05,0.84,0.9
305,5.12e-05,0.86,0.92
306,5.1359999999999996e-05,0.86,0.92
307,5.152e-05,0.88,0.9400000000000001
308,5.168e-05,0.88,0.9400000000000001
309,5.184e-05,0.9,0.96
310,5.2e-05,0.92,0.98
311,5.2159999999999995e-05,0.92,0.98
312,5.232e-05,0.92,1.0
313,5.248e-05,0.9400000000000001,1.0
314,5.264e-05,0.92,1.02
315,5.2799999999999996e-05,0.96,1.0
316,5.296e-05,0.96,1.02
317,5.312e-05,0.96,1.04
318,5.328e-05,0.98,1.06
319,5.3439999999999997e-05,1.0,1.06
320,5.3599999999999995e-05,1.0,1.08
321,5.376e-05,1.02,1.08
322,5.392e-05,1.04,1.1
323,5.408e-05,1.04,1.1
324,5.4239999999999996e-05,1.06,1.12
325,5.44e-05,1.06,1.1400000000000001
326,5.456e-05,1.08,1.1400000000000001
327,5.472e-05,1.08,1.16
328,5.4879999999999996e-05,1.1,1.18
329,5.504e-05,1.1,1.18
330,5.52e-05,1.12,1.18
331,5.536e-05,1.12,1.2
332,5.552e-05,1.12,1.2
333,5.5679999999999995e-05,1.1400000000000001,1.22
334,5.584e-05,1.16,1.24
335,5.6e-05,1.1400000000000001,1.24
336,5.616e-05,1.16,1.26
337,5.6319999999999996e-05,1.18,1.26
338,5.648e-05,1.2,1.28
339,5.664e-05,1.2,1.28
340,5.68e-05,1.2,1.28
341,5.696e-05,1.22,1.3
342,5.7119999999999995e-05,1.24,1.32
343,5.728e-05,1.24,1.32
344,5.744e-05,1.26,1.34
345,5.76e-05,1.24,1.36
346,5.7759999999999996e-05,1.28,1.36
347,5.792e-05,1.28,1.3800000000000001
348,5.808e-05,1.3,1.3800000000000001
349,5.824e-05,1.3,1.4000000000000001
350,5.8399999999999997e-05,1.32,1.4000000000000001
351,5.856e-05,1.32,1.42
352,5.872e-05,1.34,1.42
353,5.888e-05,1.34,1.44
354,5.904e-05,1.36,1.46
355,5.9199999999999996e-05,1.3800000000000001,1.46
356,5.936e-05,1.3800000000000001,1.48
357,5.952e-05,1.3800000000000001,1.48
358,5.968e-05,1.4000000000000001,1.5
359,5.9839999999999996e-05,1.4000000000000001,1.52
360,6e-05,1.42,1.52
361,6.016e-05,1.42,1.52
362,6.032e-05,1.44,1.52
363,6.048e-05,1.44,1.54
364,6.0639999999999995e-05,1.46,1.56
365,6.08e-05,1.46,1.56
366,6.096e-05,1.48,1.58
367,6.112e-05,1.5,1.58
368,6.128e-05,1.48,1.58
369,6.144000000000001e-05,1.52,1.62
370,6.16e-05,1.52,1.62
371,6.176e-05,1.54,1.62
372,6.192e-05,1.54,1.6400000000000001
373,6.208e-05,1.56,1.6600000000000001
374,6.224e-05,1.54,1.6600000000000001
375,6.24e-05,1.58,1.68
376,6.256e-05,1.58,1.7
377,6.272e-05,1.6,1.7
378,6.288000000000001e-05,1.6,1.7
379,6.304e-05,1.62,1.72
380,6.32e-05,1.62,1.72
381,6.336e-05,1.6400000000000001,1.74
382,6.352e-05,1.6400000000000001,1.76
383,6.368e-05,1.6600000000000001,1.76
384,6.384000000000001e-05,1.6600000000000001,1.78
385,6.400000000000001e-05,1.68,1.78
386,6.416000000000001e-05,1.68,1.8
387,6.432000000000001e-05,1.68,1.8
388,6.448e-05,1.7,1.82
389,6.464e-05,1.72,1.82
390,6.48e-05,1.72,1.84
391,6.496e-05,1.74,1.86
392,6.512e-05,1.76,1.86
393,6.528000000000001e-05,1.76,1.86
394,6.544000000000001e-05,1.76,1.86
395,6.560000000000001e-05,1.78,1.9000000000000001
396,6.576000000000001e-05,1.78,1.9000000000000001
397,6.592e-05,1.8,1.92
398,6.608e-05,1.82,1.94
399,6.624e-05,1.84,1.94
400,6.64e-05,1.84,1.94
401,6.656e-05,1.84,1.96
402,6.672000000000001e-05,1.84,1.98
403,6.688000000000001e-05,1.86,1.98
404,6.704000000000001e-05,1.8800000000000001,2.0
405,6.720000000000001e-05,1.8800000000000001,2.0
406,6.736e-05,1.9000000000000001,2.02
407,6.752e-05,1.92,2.02
408,6.768e-05,1.92,2.02
409,6.784e-05,1.94,2.06
410,6.8e-05,1.94,2.06
411,6.816000000000001e-05,1.96,2.06
412,6.832000000000001e-05,1.94,2.08
413,6.848000000000001e-05,1.96,2.1
414,6.864000000000001e-05,1.98,2.08
415,6.88e-05,1.98,2.12
416,6.896e-05,2.0,2.12
417,6.912e-05,2.02,2.14
418,6.928e-05,2.02,2.14
419,6.944e-05,2.04,2.16
420,6.960000000000001e-05,2.04,2.18
421,6.976000000000001e-05,2.06,2.18
422,6.992000000000001e-05,2.06,2.2
423,7.008e-05,2.08,2.2
424,7.024e-05,2.08,2.22
425,7.04e-05,2.08,2.22
426,7.056e-05,2.12,2.24
427,7.072e-05,2.12,2.2600000000000002
428,7.088e-05,2.12,2.2600000000000002
429,7.104000000000001e-05,2.12,2.2800000000000002
430,7.120000000000001e-05,2.14,2.2800000000000002
431,7.136000000000001e-05,2.16,2.3000000000000003
432,7.152e-05,2.18,2.3000000000000003
433,7.168e-05,2.18,2.3000000000000003
434,7.184e-05,2.18,2.32
435,7.2e-05,2.2,2.34
436,7.216e-05,2.22,2.34
437,7.232000000000001e-05,2.22,2.36
438,7.248000000000001e-05,2.22,2.36
439,7.264000000000001e-05,2.24,2.38
440,7.280000000000001e-05,2.2600000000000002,2.4
441,7.296e-05,2.2600000000000002,2.4
442,7.312e-05,2.2800000000000002,2.4
443,7.328e-05,2.2800000000000002,2.42
444,7.344e-05,2.3000000000000003,2.44
445,7.36e-05,2.32,2.44
446,7.376000000000001e-05,2.32,2.46
447,7.392000000000001e-05,2.32,2.46
448,7.408000000000001e-05,2.34,2.48
449,7.424000000000001e-05,2.34,2.48
450,7.44e-05,2.36,2.5
451,7.456e-05,2.38,2.5
452,7.472e-05,2.36,2.52
453,7.488e-05,2.4,2.52
454,7.504e-05,2.4,2.54
455,7.520000000000001e-05,2.4,2.54
456,7.536000000000001e-05,2.42,2.56
457,7.552000000000001e-05,2.42,2.58
458,7.568000000000001e-05,2.44,2.58
459,7.584e-05,2.44,2.6
460,7.6e-05,2.46,2.6
461,7.616e-05,2.48,2.62
462,7.632e-05,2.48,2.64
463,7.648e-05,2.48,2.64
464,7.664000000000001e-05,2.5,2.66
465,7.680000000000001e-05,2.5,2.66
466,7.696000000000001e-05,2.52,2.66
467,7.712000000000001e-05,2.54,2.68
468,7.728e-05,2.54,2.7
469,7.744e-05,2.54,2.7
470,7.76e-05,2.56,2.7
471,7.776e-05,2.56,2.72
472,7.792e-05,2.58,2.74
473,7.808000000000001e-05,2.58,2.74
474,7.824000000000001e-05,2.58,2.7600000000000002
475,7.840000000000001e-05,2.6,2.7600000000000002
476,7.856000000000001e-05,2.62,2.7800000000000002
477,7.872e-05,2.62,2.7800000000000002
478,7.888e-05,2.64,2.8000000000000003
479,7.904e-05,2.66,2.8000000000000003
480,7.92e-05,2.66,2.82
481,7.936e-05,2.68,2.82
482,7.952000000000001e-05,2.68,2.84
483,7.968000000000001e-05,2.68,2.86
484,7.984000000000001e-05,2.7,2.88
485,8e-05,2.72,2.86
486,8.016e-05,2.72,2.88
487,8.032e-05,2.72,2.9
488,8.048e-05,2.74,2.9
489,8.064e-05,2.7600000000000002,2.92
490,8.080000000000001e-05,2.7600000000000002,2.94
491,8.096000000000001e-05,2.7800000000000002,2.94
492,8.112000000000001e-05,2.8000000000000003,2.94
493,8.128000000000001e-05,2.8000000000000003,2.96
494,8.144e-05,2.8000000000000003,2.96
495,8.16e-05,2.82,2.98
496,8.176e-05,2.84,3.0
497,8.192e-05,2.84,3.0
498,8.208e-05,2.86,3.02
499,8.224000000000001e-05,2.86,3.02
500,8.240000000000001e-05,2.88,3.04
501,8.256000000000001e-05,2.88,3.06
502,8.272000000000001e-05,2.9,3.06
503,8.288e-05,2.9,3.08
504,8.304e-05,2.92,3.08
505,8.32e-05,2.92,3.1
506,8.336e-05,2.94,3.1
507,8.352e-05,2.94,3.1
508,8.368000000000001e-05,2.96,3.12
509,8.384000000000001e-05,2.98,3.16
510,8.400000000000001e-05,2.98,3.14
511,8.416000000000001e-05,2.98,3.16
512,8.432e-05,3.0,3.16
513,8.448e-05,3.0,3.2
514,8.464e-05,3.02,3.2
515,8.48e-05,3.02,3.2
516,8.496e-05,3.04,3.22
517,8.512000000000001e-05,3.06,3.22
518,8.528000000000001e-05,3.06,3.24
519,8.544000000000001e-05,3.08,3.24
520,8.560000000000001e-05,3.08,3.2600000000000002
521,8.576e-05,3.1,3.2800000000000002
522,8.592e-05,3.1,3.3000000000000003
523,8.608e-05,3.12,3.3000000000000003
524,8.624e-05,3.14,3.3000000000000003
525,8.64e-05,3.14,3.3200000000000003
526,8.656000000000001e-05,3.14,3.34
527,8.672000000000001e-05,3.16,3.36
528,8.688000000000001e-05,3.18,3.34
529,8.704000000000001e-05,3.18,3.36
530,8.72e-05,3.2,3.36
531,8.736e-05,3.2,3.38
532,8.752e-05,3.22,3.4
533,8.768e-05,3.22,3.42
534,8.784e-05,3.24,3.42
535,8.800000000000001e-05,3.24,3.42
536,8.816000000000001e-05,3.2600000000000002,3.44
537,8.832000000000001e-05,3.2600000000000002,3.44
538,8.848e-05,3.3000000000000003,3.46
539,8.864e-05,3.3000000000000003,3.48
540,8.88e-05,3.3000000000000003,3.48
541,8.896e-05,3.3200000000000003,3.5
542,8.912e-05,3.3200000000000003,3.5
543,8.928000000000001e-05,3.3200000000000003,3.52
544,8.944000000000001e-05,3.34,3.52
545,8.960000000000001e-05,3.36,3.54
546,8.976000000000001e-05,3.36,3.54
547,8.992e-05,3.38,3.56
548,9.008e-05,3.38,3.56
549,9.024e-05,3.4,3.58
550,9.04e-05,3.4,3.6
551,9.056e-05,3.4,3.6
552,9.072000000000001e-05,3.42,3.62
553,9.088000000000001e-05,3.44,3.64
554,9.104000000000001e-05,3.44,3.64
555,9.120000000000001e-05,3.46,3.64
556,9.136e-05,3.48,3.66
557,9.152e-05,3.48,3.68
558,9.168e-05,3.48,3.68
559,9.184e-05,3.5,3.7
560,9.2e-05,3.52,3.7
561,9.216000000000001e-05,3.52,3.72
562,9.232000000000001e-05,3.52,3.72
563,9.248000000000001e-05,3.54,3.74
564,9.264000000000001e-05,3.54,3.74
565,9.28e-05,3.56,3.7600000000000002
566,9.296e-05,3.58,3.7800000000000002
567,9.312e-05,3.58,3.7800000000000002
568,9.328e-05,3.6,3.8000000000000003
569,9.344e-05,3.6,3.8000000000000003
570,9.360000000000001e-05,3.62,3.8200000000000003
571,9.376000000000001e-05,3.64,3.8200000000000003
572,9.392000000000001e-05,3.64,3.84
573,9.408000000000001e-05,3.64,3.86
574,9.424e-05,3.66,3.86
575,9.44e-05,3.66,3.88
576,9.456e-05,3.68,3.9
577,9.472e-05,3.7,3.9
578,9.488e-05,3.7,3.9
579,9.504000000000001e-05,3.7,3.92
580,9.520000000000001e-05,3.72,3.94
581,9.536000000000001e-05,3.74,3.94
582,9.552000000000001e-05,3.7600000000000002,3.94
583,9.568e-05,3.74,3.96
584,9.584e-05,3.7800000000000002,3.98
585,9.6e-05,3.7800000000000002,3.98
586,9.616e-05,3.7800000000000002,4.0
587,9.632e-05,3.8000000000000003,4.0
588,9.648000000000001e-05,3.8200000000000003,4.0200000000000005
589,9.664000000000001e-05,3.8200000000000003,4.0200000000000005
590,9.680000000000001e-05,3.8200000000000003,4.04
591,9.696000000000001e-05,3.84,4.04
592,9.712e-05,3.84,4.0600000000000005
593,9.728e-05,3.86,4.08
594,9.744e-05,3.88,4.08
595,9.76e-05,3.9,4.08
596,9.776000000000001e-05,3.88,4.1
597,9.792000000000001e-05,3.92,4.12
598,9.808000000000001e-05,3.92,4.12
599,9.824000000000001e-05,3.92,4.12
600,9.84e-05,3.92,4.14
601,9.856e-05,3.94,4.16
602,9.872e-05,3.96,4.18
603,9.888e-05,3.96,4.18
604,9.904e-05,3.98,4.2
605,9.920000000000001e-05,3.98,4.2
606,9.936000000000001e-05,4.0,4.22
607,9.952000000000001e-05,4.0200000000000005,4.22
608,9.968000000000001e-05,4.0200000000000005,4.24
609,9.984e-05,4.04,4.24
610,0.0001,4.04,4.26
611,0.00010016,4.04,4.28
612,0.00010032,4.08,4.28
613,0.00010048,4.08,4.3
614,0.00010064000000000001,4.08,4.3
615,0.00010080000000000001,4.08,4.32
616,0.00010096000000000001,4.1,4.32
617,0.00010112000000000001,4.1,4.34
618,0.00010128,4.12,4.36
619,0.00010144,4.14,4.36
620,0.0001016,4.14,4.38
621,0.00010176,4.16,4.4
622,0.00010192,4.16,4.38
623,0.00010208000000000001,4.2,4.4
624,0.00010224000000000001,4.18,4.42
625,0.00010240000000000001,4.2,4.42
626,0.00010256000000000001,4.22,4.44
627,0.00010272,4.22,4.46
628,0.00010288,4.24,4.46
629,0.00010304,4.24,4.48
630,0.0001032,4.26,4.48
631,0.00010336,4.26,4.5
632,0.00010352000000000001,4.28,4.5
633,0.00010368000000000001,4.28,4.5200000000000005
634,0.00010384000000000001,4.3,4.5200000000000005
635,0.00010400000000000001,4.3,4.54
636,0.00010416,4.32,4.5600000000000005
637,0.00010432,4.32,4.5600000000000005
638,0.00010448,4.34,4.58
639,0.00010464,4.34,4.58
640,0.0001048,4.36,4.6000000000000005
641,0.00010496000000000001,4.36,4.6000000000000005
642,0.00010512000000000001,4.4,4.6000000000000005
643,0.00010528000000000001,4.38,4.62
644,0.00010544000000000001,4.4,4.64
645,0.0001056,4.4,4.64
646,0.00010576,4.42,4.66
647,0.00010592,4.42,4.66
648,0.00010608,4.44,4.7
649,0.00010624000000000001,4.44,4.68
650,0.00010640000000000001,4.46,4.7
651,0.00010656000000000001,4.48,4.72
652,0.00010672000000000001,4.48,4.72
653,0.00010688,4.5,4.74
654,0.00010704,4.5,4.74
655,0.0001072,4.54,4.76
656,0.00010736,4.5200000000000005,4.76
657,0.00010752,4.54,4.8
658,0.00010768000000000001,4.5600000000000005,4.8
659,0.00010784000000000001,4.5600000000000005,4.8
660,0.00010800000000000001,4.58,4.82
661,0.00010816000000000001,4.58,4.82
662,0.00010832,4.6000000000000005,4.84
663,0.00010848,4.6000000000000005,4.86
664,0.00010864,4.62,4.88
665,0.0001088,4.62,4.88
666,0.00010896,4.62,4.88
667,0.00010912000000000001,4.64,4.88
668,0.00010928000000000001,4.66,4.9
669,0.00010944000000000001,4.66,4.92
670,0.00010960000000000001,4.66,4.92
671,0.00010976,4.68,4.94
672,0.00010992,4.7,4.94
673,0.00011008,4.7,4.96
674,0.00011024,3.72,-0.02
675,0.0001104,2.7800000000000002,0.08
676,0.00011056000000000001,2.1,0.08
677,0.00011072000000000001,1.6,0.08
678,0.00011088000000000001,1.22,0.08
679,0.00011104000000000001,0.96,0.1
680,0.0001112,0.78,0.1
681,0.00011136,0.62,0.1
682,0.00011152,0.5,0.12
683,0.00011168,0.42,0.14
684,0.00011184,0.38,0.12
685,0.00011200000000000001,0.34,0.16
686,0.00011216000000000001,0.3,0.16
687,0.00011232000000000001,0.28,0.18
688,0.00011248000000000001,0.28,0.18
689,0.00011264,0.26,0.2
690,0.0001128,0.26,0.2
691,0.00011296,0.26,0.22
692,0.00011312,0.26,0.22
693,0.00011328000000000001,0.26,0.24
694,0.00011344000000000001,0.26,0.26
695,0.00011360000000000001,0.28,0.26
696,0.00011376000000000001,0.26,0.26
697,0.00011392000000000001,0.28,0.28
698,0.00011408,0.28,0.3
699,0.00011424,0.3,0.3
700,0.0001144,0.3,0.3
701,0.00011456,0.32,0.34
702,0.00011472000000000001,0.32,0.34
703,0.00011488000000000001,0.34,0.34
704,0.00011504000000000001,0.34,0.36
705,0.00011520000000000001,0.34,0.36
706,0.00011536000000000001,0.36,0.38
707,0.00011552,0.36,0.4
708,0.00011568,0.38,0.4
709,0.00011584,0.38,0.42
710,0.000116,0.4,0.42
711,0.00011616000000000001,0.4,0.44
712,0.00011632000000000001,0.42,0.44
713,0.00011648000000000001,0.42,0.44
714,0.00011664000000000001,0.44,0.48
715,0.0001168,0.44,0.46
716,0.00011696,0.46,0.5
717,0.00011712,0.46,0.5
718,0.00011728,0.46,0.52
719,0.00011744,0.48,0.52
720,0.00011760000000000001,0.48,0.54
721,0.00011776000000000001,0.5,0.56
722,0.00011792000000000001,0.52,0.56
723,0.00011808000000000001,0.52,0.56
724,0.00011824,0.54,0.56
725,0.0001184,0.56,0.6
726,0.00011856,0.56,0.6
727,0.00011872,0.56,0.62
728,0.00011888,0.58,0.62
729,0.00011904000000000001,0.58,0.64
730,0.00011920000000000001,0.58,0.64
731,0.00011936000000000001,0.62,0.66
732,0.00011952000000000001,0.62,0.64
733,0.00011968,0.62,0.68
734,0.00011984,0.64,0.68
735,0.00012,0.64,0.7000000000000001
736,0.00012016,0.66,0.72
737,0.00012032,0.66,0.72
738,0.00012048000000000001,0.68,0.74
739,0.00012064000000000001,0.7000000000000001,0.74
740,0.00012080000000000001,0.7000000000000001,0.76
741,0.00012096000000000001,0.72,0.76
742,0.00012112,0.72,0.78
743,0.00012128,0.74,0.78
744,0.00012144,0.74,0.8
745,0.0001216,0.76,0.8
746,0.00012176000000000001,0.76,0.8200000000000001
747,0.00012192000000000001,0.78,0.8200000000000001
748,0.00012208,0.78,0.84
749,0.00012224,0.8,0.86
750,0.0001224,0.8,0.86
751,0.00012256,0.8200000000000001,0.88
752,0.00012272,0.8200000000000001,0.88
753,0.00012288,0.84,0.9
754,0.00012304,0.86,0.9
755,0.0001232,0.86,0.92
756,0.00012336,0.88,0.9400000000000001
757,0.00012352,0.88,0.9400000000000001
758,0.00012368,0.88,0.9400000000000001
759,0.00012384,0.9,0.96
760,0.000124,0.9,0.98
761,0.00012416,0.92,0.98
762,0.00012432,0.9400000000000001,1.0
763,0.00012448,0.9400000000000001,1.0
764,0.00012464,0.9400000000000001,1.02
765,0.0001248,0.96,1.02
766,0.00012496,0.96,1.02
767,0.00012512,0.98,1.04
768,0.00012528000000000002,1.0,1.06
769,0.00012544000000000002,1.0,1.08
770,0.00012560000000000002,1.0,1.08
771,0.00012576000000000002,1.02,1.1
772,0.00012592000000000001,1.04,1.1
773,0.00012608,1.04,1.12
774,0.00012624,1.06,1.12
775,0.0001264,1.06,1.1400000000000001
776,0.00012656,1.08,1.1400000000000001
777,0.00012672,1.08,1.16
778,0.00012688,1.08,1.16
779,0.00012704,1.1,1.18
780,0.0001272,1.12,1.2
781,0.00012736,1.12,1.2
782,0.00012752,1.12,1.22
783,0.00012768,1.1400000000000001,1.22
784,0.00012784,1.16,1.24
785,0.000128,1.16,1.24
786,0.00012816000000000002,1.18,1.24
787,0.00012832000000000002,1.16,1.28
788,0.00012848000000000002,1.2,1.28
789,0.00012864000000000002,1.2,1.28
790,0.00012880000000000001,1.22,1.3
791,0.00012896,1.24,1.32
792,0.00012912,1.24,1.32
793,0.00012928,1.24,1.34
794,0.00012944,1.26,1.34
795,0.0001296,1.28,1.36
796,0.00012976,1.28,1.3800000000000001
797,0.00012992,1.28,1.3800000000000001
798,0.00013008,1.28,1.3800000000000001
799,0.00013024,1.32,1.4000000000000001
800,0.0001304,1.32,1.4000000000000001
801,0.00013056,1.34,1.42
802,0.00013072,1.32,1.44
803,0.00013088,1.34,1.44
804,0.00013104000000000002,1.36,1.46
805,0.00013120000000000002,1.3800000000000001,1.46
806,0.00013136000000000002,1.4000000000000001,1.48
807,0.00013152000000000001,1.3800000000000001,1.48
808,0.00013168,1.4000000000000001,1.5
809,0.00013184,1.4000000000000001,1.5
810,0.000132,1.42,1.52
811,0.00013216,1.44,1.52
812,0.00013232,1.44,1.54
813,0.00013248,1.46,1.54
814,0.00013264,1.46,1.56
815,0.0001328,1.48,1.56
816,0.00013296,1.5,1.56
817,0.00013312,1.5,1.6
818,0.00013328,1.5,1.6
819,0.00013344,1.52,1.62
820,0.0001336,1.54,1.62
821,0.00013376000000000002,1.54,1.6400000000000001
822,0.00013392000000000002,1.54,1.6400000000000001
823,0.00013408000000000002,1.56,1.6600000000000001
824,0.00013424000000000002,1.56,1.6600000000000001
825,0.00013440000000000001,1.58,1.68
826,0.00013456,1.58,1.7
827,0.00013472,1.6,1.7
828,0.00013488,1.6,1.7
829,0.00013504,1.6,1.72
830,0.0001352,1.62,1.72
831,0.00013536,1.6400000000000001,1.74
832,0.00013552,1.6400000000000001,1.74
833,0.00013568,1.6400000000000001,1.76
834,0.00013584,1.6600000000000001,1.78
835,0.000136,1.6600000000000001,1.78
836,0.00013616,1.7,1.8
837,0.00013632,1.7,1.8
838,0.00013648,1.72,1.8
839,0.00013664000000000002,1.72,1.82
840,0.00013680000000000002,1.74,1.84
841,0.00013696000000000002,1.74,1.86
842,0.00013712000000000002,1.76,1.86
843,0.00013728000000000001,1.76,1.86
844,0.00013744,1.78,1.8800000000000001
845,0.0001376,1.78,1.9000000000000001
846,0.00013776,1.8,1.9000000000000001
847,0.00013792,1.8,1.9000000000000001
848,0.00013808,1.8,1.92
849,0.00013824,1.84,1.92
850,0.0001384,1.82,1.94
851,0.00013856,1.84,1.96
852,0.00013872,1.86,1.96
853,0.00013888,1.86,1.98
854,0.00013904,1.8800000000000001,2.0
855,0.0001392,1.8800000000000001,2.02
856,0.00013936,1.9000000000000001,2.02
857,0.00013952000000000002,1.92,2.02
858,0.00013968000000000002,1.92,2.04
859,0.00013984000000000002,1.94,2.04
860,0.00014000000000000001,1.94,2.06
861,0.00014016,1.96,2.06
862,0.00014032,1.94,2.08
863,0.00014048,1.98,2.1
864,0.00014064,1.98,2.1
865,0.0001408,2.0,2.12
866,0.00014096,2.0,2.12
867,0.00014112,2.02,2.12
868,0.00014128,2.02,2.14
869,0.00014144,2.04,2.14
870,0.0001416,2.04,2.18
871,0.00014176,2.06,2.18
872,0.00014192,2.06,2.2
873,0.00014208,2.08,2.2
874,0.00014224000000000002,2.08,2.22
875,0.00014240000000000002,2.1,2.22
876,0.00014256000000000002,2.1,2.24
877,0.00014272000000000002,2.12,2.24
878,0.00014288000000000001,2.14,2.24
879,0.00014304,2.14,2.2800000000000002
880,0.0001432,2.16,2.2800000000000002
881,0.00014336,2.14,2.3000000000000003
882,0.00014352,2.16,2.3000000000000003
883,0.00014368,2.18,2.3000000000000003
884,0.00014384,2.18,2.32
885,0.000144,2.2,2.34
886,0.00014416,2.22,2.34
887,0.00014432,2.22,2.34
888,0.00014448,2.22,2.36
889,0.00014464,2.2600000000000002,2.38
890,0.0001448,2.2600000000000002,2.38
891,0.00014496,2.2800000000000002,2.4
892,0.00014512000000000002,2.2800000000000002,2.42
893,0.00014528000000000002,2.2800000000000002,2.42
894,0.00014544000000000002,2.3000000000000003,2.44
895,0.00014560000000000002,2.3000000000000003,2.44
896,0.00014576000000000001,2.32,2.46
897,0.00014592,2.32,2.48
898,0.00014608,2.32,2.48
899,0.00014624,2.34,2.48
900,0.0001464,2.36,2.5
901,0.00014656,2.38,2.5
902,0.00014672,2.38,2.52
903,0.00014688,2.4,2.52
904,0.00014704,2.4,2.54
905,0.0001472,2.4,2.54
906,0.00014736,2.42,2.56
907,0.00014752,2.42,2.56
908,0.00014768,2.44,2.6
909,0.00014784,2.46,2.6
910,0.00014800000000000002,2.46,2.6
911,0.00014816000000000002,2.48,2.62
912,0.00014832000000000002,2.48,2.64
913,0.00014848000000000001,2.48,2.64
914,0.00014864,2.48,2.64
915,0.0001488,2.5,2.66
916,0.00014896,2.52,2.66
917,0.00014912,2.52,2.68
918,0.00014928,2.54,2.7
919,0.00014944,2.54,2.7
920,0.0001496,2.56,2.72
921,0.00014976,2.56,2.72
922,0.00014992,2.6,2.74
923,0.00015008,2.58,2.74
924,0.00015024,2.6,2.7600000000000002
925,0.0001504,2.6,2.7600000000000002
926,0.00015056,2.62,2.7800000000000002
927,0.00015072000000000002,2.64,2.7800000000000002
928,0.00015088000000000002,2.64,2.8000000000000003
929,0.00015104000000000002,2.66,2.82
930,0.00015120000000000002,2.66,2.82
931,0.00015136000000000001,2.68,2.84
932,0.00015152,2.68,2.84
933,0.00015168,2.68,2.86
934,0.00015184,2.7,2.86
935,0.000152,2.72,2.86
936,0.00015216,2.74,2.88
937,0.00015232,2.74,2.9
938,0.00015248,2.74,2.9
939,0.00015264,2.7600000000000002,2.92
940,0.0001528,2.7600000000000002,2.92
941,0.00015296,2.7800000000000002,2.94
942,0.00015312,2.8000000000000003,2.96
943,0.00015328,2.8000000000000003,2.96
944,0.00015344,2.82,2.98
945,0.00015360000000000002,2.82,3.0
946,0.00015376000000000002,2.82,3.0
947,0.00015392000000000002,2.84,3.0
948,0.00015408000000000002,2.86,3.02
949,0.00015424000000000001,2.86,3.02
950,0.0001544,2.88,3.04
951,0.00015456,2.88,3.04
952,0.00015472,2.9,3.06
953,0.00015488,2.9,3.06
954,0.00015504,2.92,3.1
955,0.0001552,2.92,3.1
956,0.00015536,2.94,3.1
957,0.00015552,2.94,3.12
958,0.00015568,2.96,3.14
959,0.00015584,2.96,3.16
960,0.000156,2.98,3.16
961,0.00015616,2.98,3.18
962,0.00015632,3.0,3.18
963,0.00015648000000000002,3.0,3.18
964,0.00015664000000000002,3.02,3.2
965,0.00015680000000000002,3.04,3.2
966,0.00015696000000000002,3.04,3.22
967,0.00015712000000000001,3.06,3.22
968,0.00015728,3.06,3.24
969,0.00015744,3.08,3.2600000000000002
970,0.0001576,3.08,3.2600000000000002
971,0.00015776,3.1,3.2800000000000002
972,0.00015792,3.1,3.2800000000000002
973,0.00015808,3.12,3.3000000000000003
974,0.00015824,3.12,3.3000000000000003
975,0.0001584,3.14,3.3200000000000003
976,0.00015856,3.16,3.34
977,0.00015872,3.16,3.34
978,0.00015888,3.16,3.36
979,0.00015904,3.18,3.36
980,0.00015920000000000002,3.2,3.38
981,0.00015936000000000002,3.22,3.38
982,0.00015952000000000002,3.22,3.4
983,0.00015968000000000002,3.22,3.42
984,0.00015984000000000001,3.24,3.42
985,0.00016,3.24,3.42
986,0.00016016,3.2600000000000002,3.44
987,0.00016032,3.2600000000000002,3.46
988,0.00016048,3.2800000000000002,3.46
989,0.00016064,3.2800000000000002,3.48
990,0.0001608,3.3000000000000003,3.48
991,0.00016096,3.3200000000000003,3.5
992,0.00016112,3.3200000000000003,3.5
993,0.00016128,3.3200000000000003,3.52
994,0.00016144,3.34,3.52
995,0.0001616,3.36,3.54
996,0.00016176,3.36,3.54
997,0.00016192,3.38,3.56
998,0.00016208000000000002,3.38,3.58
999,0.00016224000000000002,3.4,3.58
1000,0.00016240000000000002,3.4,3.58
1001,0.00016256000000000002,3.42,3.6
1002,0.00016272000000000001,3.42,3.6
1003,0.00016288,3.44,3.64
1004,0.00016304,3.44,3.64
1005,0.0001632,3.46,3.64
1006,0.00016336,3.46,3.66
1007,0.00016352,3.48,3.68
1008,0.00016368,3.48,3.7
1009,0.00016384,3.5,3.7
1010,0.000164,3.5,3.7
1011,0.00016416,3.52,3.72
1012,0.00016432,3.54,3.72
1013,0.00016448,3.54,3.74
1014,0.00016464,3.56,3.7600000000000002
1015,0.0001648,3.56,3.7600000000000002
1016,0.00016496000000000002,3.56,3.7800000000000002
1017,0.00016512000000000002,3.58,3.8000000000000003
1018,0.00016528000000000002,3.6,3.8000000000000003
1019,0.00016544000000000002,3.6,3.8200000000000003
1020,0.00016560000000000001,3.62,3.8200000000000003
1021,0.00016576,3.62,3.84
1022,0.00016592,3.64,3.84
1023,0.00016608,3.64,3.84
1024,0.00016624,3.66,3.86
1025,0.0001664,3.66,3.88
1026,0.00016656,3.68,3.88
1027,0.00016672,3.68,3.88
1028,0.00016688,3.7,3.92
1029,0.00016704,3.7,3.92
1030,0.0001672,3.72,3.92
1031,0.00016736,3.74,3.94
1032,0.00016752,3.7600000000000002,3.94
1033,0.00016768000000000002,3.74,3.98
1034,0.00016784000000000002,3.7600000000000002,3.96
1035,0.00016800000000000002,3.7800000000000002,3.98
1036,0.00016816000000000002,3.7800000000000002,4.0
1037,0.00016832000000000001,3.8000000000000003,4.0
1038,0.00016848,3.8000000000000003,4.0200000000000005
1039,0.00016864,3.8200000000000003,4.0200000000000005
1040,0.0001688,3.8200000000000003,4.04
1041,0.00016896,3.84,4.04
1042,0.00016912,3.86,4.0600000000000005
1043,0.00016928,3.86,4.08
1044,0.00016944,3.86,4.1
1045,0.0001696,3.9,4.1
1046,0.00016976,3.88,4.1
1047,0.00016992,3.9,4.12
1048,0.00017008,3.9,4.12
1049,0.00017024,3.92,4.14
1050,0.0001704,3.94,4.14
1051,0.00017056000000000002,3.94,4.16
1052,0.00017072000000000002,3.96,4.16
1053,0.00017088000000000002,3.96,4.2
1054,0.00017104000000000002,3.98,4.2
1055,0.00017120000000000001,3.98,4.2
1056,0.00017136,4.0200000000000005,4.22
1057,0.00017152,4.0,4.22
1058,0.00017168,4.0200000000000005,4.22
1059,0.00017184,4.0200000000000005,4.24
1060,0.000172,4.0600000000000005,4.28
1061,0.00017216,4.0600000000000005,4.26
1062,0.00017232,4.0600000000000005,4.28
1063,0.00017248,4.0600000000000005,4.3
1064,0.00017264,4.08,4.3
1065,0.0001728,4.08,4.3
1066,0.00017296,4.1,4.32
1067,0.00017312,4.1,4.34
1068,0.00017328,4.12,4.36
1069,0.00017344000000000002,4.14,4.36
1070,0.00017360000000000002,4.14,4.36
1071,0.00017376000000000002,4.16,4.38
1072,0.00017392000000000002,4.16,4.4
1073,0.00017408000000000001,4.2,4.4
1074,0.00017424,4.18,4.42
1075,0.0001744,4.2,4.42
1076,0.00017456,4.2,4.44
1077,0.00017472,4.22,4.44
1078,0.00017488,4.24,4.46
1079,0.00017504,4.24,4.48
1080,0.0001752,4.26,4.48
1081,0.00017536,4.26,4.5
1082,0.00017552,4.28,4.5
1083,0.00017568,4.28,4.5200000000000005
1084,0.00017584,4.3,4.5200000000000005
1085,0.000176,4.3,4.54
1086,0.00017616000000000002,4.32,4.54
1087,0.00017632000000000002,4.32,4.5600000000000005
1088,0.00017648000000000002,4.34,4.58
1089,0.00017664000000000002,4.34,4.58
1090,0.00017680000000000001,4.36,4.6000000000000005
1091,0.00017696,4.36,4.6000000000000005
1092,0.00017712,4.38,4.62
1093,0.00017728,4.38,4.64
1094,0.00017744,4.4,4.64
1095,0.0001776,4.4,4.64
1096,0.00017776,4.42,4.66
1097,0.00017792,4.44,4.68
1098,0.00017808,4.44,4.68
1099,0.00017824,4.44,4.68
1100,0.0001784,4.46,4.7
1101,0.00017856,4.48,4.72
1102,0.00017872,4.48,4.74
1103,0.00017888,4.48,4.74
1104,0.00017904000000000002,4.5,4.74
1105,0.00017920000000000002,4.5,4.76
1106,0.00017936000000000002,4.5200000000000005,4.76
1107,0.00017952000000000002,4.54,4.8
1108,0.00017968000000000001,4.54,4.78
1109,0.00017984,4.5600000000000005,4.8
1110,0.00018,4.58,4.82
1111,0.00018016,4.58,4.84
1112,0.00018032,4.58,4.84
1113,0.00018048,4.6000000000000005,4.84
1114,0.00018064,4.6000000000000005,4.86
1115,0.0001808,4.62,4.88
1116,0.00018096,4.64,4.88
1117,0.00018112,4.64,4.9
1118,0.00018128,4.66,4.9
1119,0.00018144,4.66,4.92
1120,0.0001816,4.68,4.94
1121,0.00018176,4.68,4.94
1122,0.00018192000000000002,4.7,4.94
1123,0.00018208000000000002,4.72,4.96
1124,0.00018224000000000002,3.5,0.02
1125,0.00018240000000000002,2.62,0.08
1126,0.00018256000000000001,1.98,0.08
1127,0.00018272,1.52,0.08
1128,0.00018288,1.16,0.1
1129,0.00018304,0.92,0.1
1130,0.0001832,0.74,0.1
1131,0.00018336,0.6,0.12
1132,0.00018352,0.48,0.12
1133,0.00018368,0.4,0.14
1134,0.00018384,0.36,0.14
1135,0.000184,0.32,0.16
1136,0.00018416,0.3,0.16
1137,0.00018432,0.28,0.18
1138,0.00018448,0.26,0.2
1139,0.00018464000000000002,0.24,0.2
1140,0.00018480000000000002,0.26,0.2
1141,0.00018496000000000002,0.24,0.22
1142,0.00018512000000000002,0.26,0.24
1143,0.00018528000000000001,0.26,0.24
1144,0.00018544,0.26,0.26
1145,0.0001856,0.26,0.26
1146,0.00018576,0.28,0.28
1147,0.00018592,0.28,0.28
1148,0.00018608,0.28,0.3
1149,0.00018624,0.3,0.3
1150,0.0001864,0.3,0.32
1151,0.00018656,0.32,0.32
1152,0.00018672,0.32,0.34
1153,0.00018688,0.32,0.34
1154,0.00018704,0.34,0.34
1155,0.0001872,0.34,0.38
1156,0.00018736,0.36,0.38
1157,0.00018752000000000002,0.36,0.4
1158,0.00018768000000000002,0.38,0.4
1159,0.00018784000000000002,0.38,0.42
1160,0.00018800000000000002,0.38,0.42
1161,0.00018816000000000001,0.4,0.44
1162,0.00018832,0.42,0.46
1163,0.00018848,0.42,0.46
1164,0.00018864,0.42,0.46
1165,0.0001888,0.44,0.48
1166,0.00018896,0.46,0.5
1167,0.00018912,0.46,0.5
1168,0.00018928,0.48,0.5
1169,0.00018944,0.48,0.52
1170,0.0001896,0.48,0.54
1171,0.00018976,0.5,0.54
1172,0.00018992,0.5,0.56
1173,0.00019008,0.52,0.58
1174,0.00019024,0.54,0.56
1175,0.00019040000000000002,0.54,0.58
1176,0.00019056000000000002,0.56,0.58
1177,0.00019072000000000002,0.56,0.6
1178,0.00019088000000000002,0.58,0.62
1179,0.00019104000000000001,0.58,0.62
1180,0.0001912,0.6,0.62
1181,0.00019136,0.6,0.66
1182,0.00019152,0.62,0.66
1183,0.00019168,0.62,0.68
1184,0.00019184,0.62,0.7000000000000001
1185,0.000192,0.66,0.7000000000000001
1186,0.00019216,0.66,0.7000000000000001
1187,0.00019232,0.68,0.72
1188,0.00019248,0.68,0.74
1189,0.00019264,0.68,0.74
1190,0.0001928,0.7000000000000001,0.76
1191,0.00019296,0.72,0.76
1192,0.00019312000000000002,0.72,0.78
1193,0.00019328000000000002,0.74,0.78
1194,0.00019344000000000002,0.74,0.8
1195,0.00019360000000000002,0.76,0.8200000000000001
1196,0.00019376000000000002,0.76,0.8200000000000001
1197,0.00019392000000000001,0.78,0.8200000000000001
1198,0.00019408,0.78,0.84
1199,0.00019424,0.8,0.84
1200,0.0001944,0.8,0.86
1201,0.00019456,0.8200000000000001,0.86
1202,0.00019472,0.84,0.88
1203,0.00019488,0.84,0.9
1204,0.00019504,0.84,0.9
1205,0.0001952,0.86,0.92
1206,0.00019536,0.88,0.92
1207,0.00019552,0.86,0.9400000000000001
1208,0.00019568,0.9,0.9400000000000001
1209,0.00019584,0.9,0.96
1210,0.00019600000000000002,0.92,0.98
1211,0.00019616000000000002,0.9,0.98
1212,0.00019632000000000002,0.9400000000000001,0.98
1213,0.00019648000000000002,0.9400000000000001,1.02
1214,0.00019664000000000001,0.9400000000000001,1.02
1215,0.0001968,0.96,1.02
1216,0.00019696,0.98,1.04
1217,0.00019712,0.98,1.06
1218,0.00019728,0.98,1.06
1219,0.00019744,1.0,1.08
1220,0.0001976,1.02,1.08
1221,0.00019776,1.0,1.1
1222,0.00019792,1.04,1.1
1223,0.00019808,1.04,1.12
1224,0.00019824,1.04,1.12
1225,0.0001984,1.06,1.1400000000000001
1226,0.00019856,1.06,1.16
1227,0.00019872,1.08,1.16
1228,0.00019888000000000002,1.1,1.18
1229,0.00019904000000000002,1.1,1.18
1230,0.00019920000000000002,1.12,1.2
1231,0.00019936000000000002,1.12,1.2
1232,0.00019952000000000001,1.1400000000000001,1.22
1233,0.00019968,1.1400000000000001,1.22
1234,0.00019984,1.16,1.24
1235,0.0002,1.16,1.26
1236,0.00020016,1.18,1.24
1237,0.00020032,1.18,1.26
1238,0.00020048,1.2,1.26
1239,0.00020064,1.2,1.3
1240,0.0002008,1.22,1.3
1241,0.00020096,1.24,1.32
1242,0.00020112,1.24,1.34
1243,0.00020128,1.24,1.32
1244,0.00020144,1.26,1.34
1245,0.00020160000000000002,1.26,1.36
1246,0.00020176000000000002,1.26,1.36
1247,0.00020192000000000002,1.28,1.3800000000000001
1248,0.00020208000000000002,1.3,1.3800000000000001
1249,0.00020224000000000002,1.32,1.4000000000000001
1250,0.00020240000000000001,1.32,1.42
1251,0.00020256,1.34,1.42
1252,0.00020272,1.34,1.44
1253,0.00020288,1.34,1.44
1254,0.00020304,1.36,1.44
1255,0.0002032,1.3800000000000001,1.46
1256,0.00020336,1.3800000000000001,1.48
1257,0.00020352,1.4000000000000001,1.48
1258,0.00020368,1.3800000000000001,1.5
1259,0.00020384,1.42,1.5
1260,0.000204,1.42,1.5
1261,0.00020416,1.44,1.52
1262,0.00020432,1.44,1.54
1263,0.00020448000000000002,1.46,1.56
1264,0.00020464000000000002,1.46,1.54
1265,0.00020480000000000002,1.48,1.58
1266,0.00020496000000000002,1.48,1.58
1267,0.00020512000000000001,1.5,1.58
1268,0.00020528,1.5,1.6
1269,0.00020544,1.52,1.6
1270,0.0002056,1.52,1.62
1271,0.00020576,1.54,1.6400000000000001
1272,0.00020592,1.54,1.6400000000000001
1273,0.00020608,1.56,1.6600000000000001
1274,0.00020624,1.56,1.6600000000000001
1275,0.0002064,1.58,1.68
1276,0.00020656,1.58,1.68
1277,0.00020672,1.6,1.68
1278,0.00020688,1.62,1.72
1279,0.00020704,1.62,1.72
1280,0.0002072,1.62,1.72
1281,0.00020736000000000002,1.6400000000000001,1.74
1282,0.00020752000000000002,1.6400000000000001,1.76
1283,0.00020768000000000002,1.6600000000000001,1.76
1284,0.00020784000000000002,1.68,1.78
1285,0.00020800000000000001,1.6600000000000001,1.8
1286,0.00020816,1.7,1.8
1287,0.00020832,1.7,1.82
1288,0.00020848,1.72,1.82
1289,0.00020864,1.72,1.84
1290,0.0002088,1.74,1.84
1291,0.00020896,1.74,1.86
1292,0.00020912,1.74,1.86
1293,0.00020928,1.76,1.8800000000000001
1294,0.00020944,1.76,1.8800000000000001
1295,0.0002096,1.78,1.9000000000000001
1296,0.00020976,1.8,1.9000000000000001
1297,0.00020992,1.8,1.92
1298,0.00021008000000000002,1.82,1.94
1299,0.00021024000000000002,1.82,1.94
1300,0.00021040000000000002,1.84,1.96
1301,0.00021056000000000002,1.84,1.96
1302,0.00021072000000000002,1.86,1.96
1303,0.00021088000000000001,1.86,1.98
1304,0.00021104,1.8800000000000001,2.0
1305,0.0002112,1.9000000000000001,2.0
1306,0.00021136,1.9000000000000001,2.02
1307,0.00021152,1.9000000000000001,2.04
1308,0.00021168,1.92,2.04
1309,0.00021184,1.94,2.06
1310,0.000212,1.94,2.06
1311,0.00021216,1.94,2.08
1312,0.00021232,1.96,2.08
1313,0.00021248,1.98,2.1
1314,0.00021264,1.98,2.1
1315,0.0002128,2.0,2.12
1316,0.00021296000000000002,2.0,2.12
1317,0.00021312000000000002,2.02,2.14
1318,0.00021328000000000002,2.02,2.16
1319,0.00021344000000000002,2.02,2.16
1320,0.00021360000000000001,2.04,2.18
1321,0.00021376,2.06,2.18
1322,0.00021392,2.06,2.2
1323,0.00021408,2.08,2.2
1324,0.00021424,2.1,2.2
1325,0.0002144,2.1,2.22
1326,0.00021456,2.12,2.24
1327,0.00021472,2.12,2.24
1328,0.00021488,2.14,2.2600000000000002
1329,0.00021504,2.14,2.2600000000000002
1330,0.0002152,2.14,2.2800000000000002
1331,0.00021536,2.16,2.3000000000000003
1332,0.00021552,2.18,2.3000000000000003
1333,0.00021568000000000002,2.18,2.32
1334,0.00021584000000000002,2.2,2.32
1335,0.00021600000000000002,2.2,2.34
1336,0.00021616000000000002,2.22,2.34
1337,0.00021632000000000002,2.22,2.34
1338,0.00021648000000000001,2.24,2.36
1339,0.00021664,2.2600000000000002,2.38
1340,0.0002168,2.2600000000000002,2.4
1341,0.00021696,2.2600000000000002,2.4
1342,0.00021712,2.2800000000000002,2.42
1343,0.00021728,2.2800000000000002,2.42
1344,0.00021744,2.3000000000000003,2.44
1345,0.0002176,2.32,2.44
1346,0.00021776,2.32,2.46
1347,0.00021792,2.34,2.48
1348,0.00021808,2.34,2.48
1349,0.00021824,2.36,2.5
1350,0.0002184,2.36,2.5
1351,0.00021856000000000002,2.38,2.5
1352,0.00021872000000000002,2.38,2.5
1353,0.00021888000000000002,2.4,2.52
1354,0.00021904000000000002,2.4,2.54
1355,0.00021920000000000002,2.42,2.54
1356,0.00021936000000000001,2.42,2.56
1357,0.00021952,2.44,2.56
1358,0.00021968,2.44,2.58
1359,0.00021984,2.46,2.6
1360,0.00022,2.46,2.6
1361,0.00022016,2.48,2.62
1362,0.00022032,2.48,2.62
1363,0.00022048,2.5,2.64
1364,0.00022064,2.5,2.66
1365,0.0002208,2.52,2.66
1366,0.00022096,2.52,2.66
1367,0.00022112,2.52,2.7
1368,0.00022128,2.54,2.7
1369,0.00022144000000000002,2.54,2.7
1370,0.00022160000000000002,2.56,2.7
1371,0.00022176000000000002,2.58,2.72
1372,0.00022192000000000002,2.58,2.74
1373,0.00022208000000000002,2.6,2.74
1374,0.00022224,2.6,2.74
1375,0.0002224,2.62,2.7600000000000002
1376,0.00022256,2.62,2.8000000000000003
1377,0.00022272,2.62,2.7800000000000002
1378,0.00022288,2.64,2.8000000000000003
1379,0.00022304,2.66,2.8000000000000003
1380,0.0002232,2.66,2.82
1381,0.00022336,2.68,2.84
1382,0.00022352,2.68,2.84
1383,0.00022368,2.7,2.86
1384,0.00022384,2.7,2.88
1385,0.000224,2.72,2.88
1386,0.00022416000000000002,2.72,2.88
1387,0.00022432000000000002,2.74,2.9
1388,0.00022448000000000002,2.74,2.9
1389,0.00022464000000000002,2.7600000000000002,2.92
1390,0.00022480000000000002,2.7600000000000002,2.94
1391,0.00022496000000000001,2.7800000000000002,2.94
1392,0.00022512,2.7800000000000002,2.96
1393,0.00022528,2.8000000000000003,2.96
1394,0.00022544,2.8000000000000003,2.98
1395,0.0002256,2.82,2.98
1396,0.00022576,2.84,3.0
1397,0.00022592,2.84,3.02
1398,0.00022608,2.86,3.02
1399,0.00022624,2.86,3.02
1400,0.0002264,2.9,3.04
1401,0.00022656,2.88,3.06
1402,0.00022672,2.9,3.06
1403,0.00022688,2.9,3.08
1404,0.00022704000000000002,2.92,3.08
1405,0.00022720000000000002,2.92,3.1
1406,0.00022736000000000002,2.96,3.1
1407,0.00022752000000000002,2.94,3.12
1408,0.00022768000000000002,2.96,3.14
1409,0.00022784000000000001,2.98,3.14
1410,0.000228,2.98,3.14
1411,0.00022816,3.0,3.18
1412,0.00022832,3.0,3.18
1413,0.00022848,3.02,3.18
1414,0.00022864,3.02,3.2
1415,0.0002288,3.04,3.2
1416,0.00022896,3.04,3.24
1417,0.00022912,3.06,3.24
1418,0.00022928,3.06,3.24
1419,0.00022944,3.08,3.2600000000000002
1420,0.0002296,3.08,3.2600000000000002
1421,0.00022976,3.1,3.2800000000000002
1422,0.00022992000000000002,3.12,3.2800000000000002
1423,0.00023008000000000002,3.12,3.3000000000000003
1424,0.00023024000000000002,3.14,3.3000000000000003
1425,0.00023040000000000002,3.14,3.34
1426,0.00023056000000000002,3.16,3.34
1427,0.00023072000000000001,3.18,3.34
1428,0.00023088,3.18,3.36
1429,0.00023104,3.2,3.36
1430,0.0002312,3.2,3.36
1431,0.00023136,3.2,3.38
1432,0.00023152,3.22,3.42
1433,0.00023168,3.22,3.42
1434,0.00023184,3.24,3.42
1435,0.000232,3.24,3.42
1436,0.00023216,3.2600000000000002,3.44
1437,0.00023232,3.2800000000000002,3.46
1438,0.00023248,3.2800000000000002,3.46
1439,0.00023264000000000002,3.3000000000000003,3.48
1440,0.00023280000000000002,3.3000000000000003,3.48
1441,0.00023296000000000002,3.3200000000000003,3.5
1442,0.00023312000000000002,3.3200000000000003,3.5
1443,0.00023328000000000002,3.34,3.52
1444,0.00023344000000000001,3.36,3.52
1445,0.0002336,3.36,3.54
1446,0.00023376,3.36,3.54
1447,0.00023392,3.38,3.56
1448,0.00023408,3.4,3.58
1449,0.00023424,3.4,3.58
1450,0.0002344,3.42,3.6
1451,0.00023456,3.42,3.6
1452,0.00023472,3.44,3.62
1453,0.00023488,3.46,3.62
1454,0.00023504,3.46,3.64
1455,0.0002352,3.46,3.64
1456,0.00023536,3.48,3.66
1457,0.00023552000000000002,3.48,3.68
1458,0.00023568000000000002,3.5,3.68
1459,0.00023584000000000002,3.5,3.7
1460,0.00023600000000000002,3.52,3.7
1461,0.00023616000000000002,3.52,3.72
1462,0.00023632000000000001,3.54,3.74
1463,0.00023648,3.54,3.74
1464,0.00023664,3.56,3.7600000000000002
1465,0.0002368,3.58,3.7600000000000002
1466,0.00023696,3.58,3.7800000000000002
1467,0.00023712,3.6,3.8000000000000003
1468,0.00023728,3.6,3.8000000000000003
1469,0.00023744,3.6,3.8000000000000003
1470,0.0002376,3.62,3.8200000000000003
1471,0.00023776,3.64,3.84
1472,0.00023792,3.66,3.84
1473,0.00023808,3.66,3.84
1474,0.00023824,3.66,3.86
1475,0.00023840000000000002,3.68,3.88
1476,0.00023856000000000002,3.68,3.88
1477,0.00023872000000000002,3.7,3.9
1478,0.00023888000000000002,3.7,3.92
1479,0.00023904000000000002,3.72,3.92
1480,0.00023920000000000001,3.72,3.94
1481,0.00023936,3.7600000000000002,3.96
1482,0.00023952,3.7600000000000002,3.94
1483,0.00023968,3.74,3.96
1484,0.00023984,3.7600000000000002,3.98
1485,0.00024,3.7800000000000002,4.0
1486,0.00024016,3.7800000000000002,4.0
1487,0.00024032,3.8000000000000003,4.0200000000000005
1488,0.00024048,3.8000000000000003,4.0200000000000005
1489,0.00024064,3.8200000000000003,4.0200000000000005
1490,0.0002408,3.8200000000000003,4.04
1491,0.00024096,3.84,4.0600000000000005
1492,0.00024112000000000002,3.84,4.0600000000000005
1493,0.00024128000000000002,3.86,4.0600000000000005
1494,0.00024144000000000002,3.88,4.08
1495,0.00024160000000000002,3.88,4.1
1496,0.00024176000000000002,3.9,4.12
1497,0.00024192000000000001,3.9,4.12
1498,0.00024208,3.92,4.12
1499,0.00024224,3.92,4.14
1500,0.0002424,3.94,4.16
1501,0.00024256,3.94,4.16
1502,0.00024272,3.96,4.18
1503,0.00024288,3.96,4.18
1504,0.00024304,3.98,4.2
1505,0.0002432,4.0,4.2
1506,0.00024336,4.0,4.22
1507,0.00024352,4.0200000000000005,4.22
1508,0.00024368,4.0200000000000005,4.26
1509,0.00024384,4.0200000000000005,4.24
1510,0.00024400000000000002,4.04,4.28
1511,0.00024416,4.0600000000000005,4.26
1512,0.00024432,4.0600000000000005,4.28
1513,0.00024448,4.08,4.3
1514,0.00024464,4.08,4.3
1515,0.0002448,4.1,4.32
1516,0.00024496,4.1,4.32
1517,0.00024512,4.12,4.32
1518,0.00024528,4.12,4.36
1519,0.00024544,4.14,4.36
1520,0.0002456,4.14,4.38
1521,0.00024576,4.16,4.38
1522,0.00024592,4.18,4.4
1523,0.00024608,4.18,4.4
1524,0.00024624,4.18,4.42
1525,0.00024639999999999997,4.2,4.44
1526,0.00024656,4.2,4.44
1527,0.00024672,4.24,4.46
1528,0.00024688,4.24,4.46
1529,0.00024704,4.24,4.46
1530,0.0002472,4.26,4.5
1531,0.00024736,4.26,4.5
1532,0.00024752,4.26,4.5200000000000005
1533,0.00024768,4.28,4.5200000000000005
1534,0.00024784,4.3,4.54
1535,0.000248,4.3,4.54
1536,0.00024816000000000004,4.32,4.5600000000000005
1537,0.00024832,4.32,4.5600000000000005
1538,0.00024848000000000003,4.34,4.58
1539,0.00024864,4.34,4.58
1540,0.00024880000000000003,4.36,4.58
1541,0.00024896,4.36,4.6000000000000005
1542,0.00024912000000000003,4.38,4.62
1543,0.00024928,4.4,4.64
1544,0.00024944,4.4,4.64
1545,0.0002496,4.4,4.64
1546,0.00024976,4.42,4.66
1547,0.00024992,4.42,4.66
1548,0.00025008,4.46,4.68
1549,0.00025024,4.46,4.7
1550,0.0002504,4.48,4.7
1551,0.00025056,4.48,4.74
1552,0.00025072,4.48,4.72
1553,0.00025088,4.5,4.76
1554,0.00025104,4.5,4.76
1555,0.00025120000000000003,4.5200000000000005,4.76
1556,0.00025136,4.5200000000000005,4.78
1557,0.00025152000000000003,4.5600000000000005,4.78
1558,0.00025168,4.54,4.8
1559,0.00025184000000000003,4.5600000000000005,4.82
1560,0.000252,4.5600000000000005,4.82
1561,0.00025216,4.58,4.84
1562,0.00025232,4.58,4.84
1563,0.00025248,4.62,4.86
1564,0.00025264,4.6000000000000005,4.86
1565,0.0002528,4.62,4.88
1566,0.00025296,4.62,4.88
1567,0.00025312,4.64,4.9
1568,0.00025328,4.66,4.92
1569,0.00025344,4.68,4.9
1570,0.0002536,4.66,4.92
1571,0.00025376,4.68,4.94
1572,0.00025392000000000004,4.7,4.96
1573,0.00025408,4.5600000000000005,4.96
1574,0.00025424000000000003,3.34,0.12
1575,0.0002544,2.5,0.08
1576,0.00025456000000000003,1.9000000000000001,0.08
1577,0.00025472,1.46,0.1
1578,0.00025488,1.1400000000000001,0.1
1579,0.00025504,0.9,0.1
1580,0.0002552,0.7000000000000001,0.12
1581,0.00025536,0.56,0.12
1582,0.00025552,0.48,0.12
1583,0.00025568,0.42,0.14
1584,0.00025584,0.36,0.14
1585,0.000256,0.32,0.16
1586,0.00025616,0.3,0.16
1587,0.00025632,0.26,0.16
1588,0.00025648,0.26,0.18
1589,0.00025664000000000004,0.26,0.2
1590,0.0002568,0.26,0.22
1591,0.00025696000000000003,0.26,0.22
1592,0.00025712,0.26,0.24
1593,0.00025728000000000003,0.26,0.24
1594,0.00025744,0.26,0.26
1595,0.00025760000000000003,0.26,0.28
1596,0.00025776,0.26,0.28
1597,0.00025792,0.28,0.28
1598,0.00025808,0.3,0.3
1599,0.00025824,0.3,0.32
1600,0.0002584,0.3,0.32
1601,0.00025856,0.3,0.34
1602,0.00025872,0.32,0.34
1603,0.00025888,0.32,0.34
1604,0.00025904,0.34,0.36
1605,0.0002592,0.34,0.38
1606,0.00025936,0.36,0.38
1607,0.00025952,0.36,0.4
1608,0.00025968000000000003,0.38,0.4
1609,0.00025984,0.38,0.42
1610,0.00026000000000000003,0.4,0.44
1611,0.00026016,0.4,0.44
1612,0.00026032000000000003,0.42,0.46
1613,0.00026048,0.42,0.46
1614,0.00026064,0.44,0.48
1615,0.0002608,0.44,0.46
1616,0.00026096,0.46,0.5
1617,0.00026112,0.46,0.52
1618,0.00026128,0.46,0.52
1619,0.00026144,0.48,0.54
1620,0.0002616,0.48,0.54
1621,0.00026176,0.5,0.54
1622,0.00026192,0.52,0.56
1623,0.00026208,0.52,0.58
1624,0.00026224,0.54,0.58
1625,0.00026240000000000004,0.54,0.6
1626,0.00026256,0.56,0.6
1627,0.00026272000000000003,0.58,0.62
1628,0.00026288,0.58,0.62
1629,0.00026304000000000003,0.58,0.64
1630,0.0002632,0.6,0.64
1631,0.00026336,0.6,0.66
1632,0.00026352,0.62,0.66
1633,0.00026368,0.62,0.68
1634,0.00026384,0.64,0.68
1635,0.000264,0.66,0.7000000000000001
1636,0.00026416,0.66,0.72
1637,0.00026432,0.68,0.72
1638,0.00026448,0.68,0.74
1639,0.00026464,0.7000000000000001,0.74
1640,0.0002648,0.7000000000000001,0.76
1641,0.00026496,0.72,0.76
1642,0.00026512000000000004,0.72,0.78
1643,0.00026528,0.74,0.78
1644,0.00026544000000000003,0.72,0.8
1645,0.0002656,0.76,0.8200000000000001
1646,0.00026576000000000003,0.76,0.8200000000000001
1647,0.00026592,0.78,0.8200000000000001
1648,0.00026608000000000003,0.78,0.84
1649,0.00026624,0.8,0.86
1650,0.0002664,0.8,0.86
1651,0.00026656,0.8200000000000001,0.88
1652,0.00026672,0.8200000000000001,0.9
1653,0.00026688,0.84,0.9
1654,0.00026704,0.84,0.92
1655,0.0002672,0.86,0.92
1656,0.00026736,0.86,0.9400000000000001
1657,0.00026752,0.88,0.9400000000000001
1658,0.00026768,0.9,0.96
1659,0.00026784,0.9,0.96
1660,0.000268,0.9,0.96
1661,0.00026816000000000003,0.92,0.98
1662,0.00026832,0.9400000000000001,1.0
1663,0.00026848000000000003,0.9400000000000001,1.0
1664,0.00026864,0.9400000000000001,1.02
1665,0.00026880000000000003,0.9400000000000001,1.04
1666,0.00026896,0.96,1.04
1667,0.00026912,0.96,1.04
1668,0.00026928,0.98,1.06
1669,0.00026944,1.0,1.08
1670,0.0002696,1.02,1.08
1671,0.00026976,1.02,1.1
1672,0.00026992,1.04,1.1
1673,0.00027008,1.04,1.12
1674,0.00027024,1.06,1.1400000000000001
1675,0.0002704,1.06,1.1400000000000001
1676,0.00027056,1.08,1.1400000000000001
1677,0.00027072,1.08,1.16
1678,0.00027088000000000004,1.1,1.18
1679,0.00027104,1.1,1.18
1680,0.00027120000000000003,1.12,1.2
1681,0.00027136,1.12,1.2
1682,0.00027152000000000003,1.1400000000000001,1.22
1683,0.00027168,1.1400000000000001,1.22
1684,0.00027184,1.16,1.24
1685,0.000272,1.1400000000000001,1.22
1686,0.00027216,1.18,1.26
1687,0.00027232,1.18,1.28
1688,0.00027248,1.2,1.28
1689,0.00027264,1.18,1.3
1690,0.0002728,1.22,1.3
1691,0.00027296,1.24,1.32
1692,0.00027312,1.24,1.32
1693,0.00027328,1.24,1.34
1694,0.00027344,1.26,1.36
1695,0.00027360000000000004,1.26,1.34
1696,0.00027376,1.28,1.3800000000000001
1697,0.00027392000000000003,1.3,1.3800000000000001
1698,0.00027408,1.28,1.4000000000000001
1699,0.00027424000000000003,1.32,1.4000000000000001
1700,0.0002744,1.32,1.42
1701,0.00027456000000000003,1.34,1.42
1702,0.00027472,1.32,1.44
1703,0.00027488,1.34,1.44
1704,0.00027504,1.36,1.46
1705,0.0002752,1.36,1.46
1706,0.00027536,1.3800000000000001,1.46
1707,0.00027552,1.4000000000000001,1.5
1708,0.00027568,1.4000000000000001,1.5
1709,0.00027584,1.42,1.5
1710,0.000276,1.42,1.52
1711,0.00027616,1.42,1.52
1712,0.00027632,1.44,1.54
1713,0.00027648,1.46,1.56
1714,0.00027664000000000003,1.46,1.56
1715,0.0002768,1.46,1.58
1716,0.00027696000000000003,1.48,1.58
1717,0.00027712,1.5,1.6
1718,0.00027728000000000003,1.5,1.6
1719,0.00027744,1.5,1.62
1720,0.0002776,1.52,1.62
1721,0.00027776,1.54,1.62
1722,0.00027792,1.56,1.6400000000000001
1723,0.00027808,1.56,1.6600000000000001
1724,0.00027824,1.56,1.6600000000000001
1725,0.0002784,1.58,1.68
1726,0.00027856,1.58,1.68
1727,0.00027872,1.6,1.7
1728,0.00027888,1.6,1.72
1729,0.00027904,1.62,1.72
1730,0.0002792,1.6400000000000001,1.74
1731,0.00027936000000000004,1.6400000000000001,1.74
1732,0.00027952,1.6400000000000001,1.74
1733,0.00027968000000000003,1.6600000000000001,1.78
1734,0.00027984,1.6600000000000001,1.78
1735,0.00028000000000000003,1.68,1.78
1736,0.00028016,1.7,1.78
1737,0.00028032,1.7,1.82
1738,0.00028048,1.7,1.82
1739,0.00028064,1.72,1.82
1740,0.0002808,1.72,1.84
1741,0.00028096,1.74,1.84
1742,0.00028112,1.76,1.86
1743,0.00028128,1.76,1.8800000000000001
1744,0.00028144,1.78,1.8800000000000001
1745,0.0002816,1.78,1.9000000000000001
1746,0.00028176,1.8,1.92
1747,0.00028192,1.8,1.92
1748,0.00028208000000000004,1.8,1.94
1749,0.00028224,1.82,1.94
1750,0.00028240000000000003,1.84,1.94
1751,0.00028256,1.86,1.96
1752,0.00028272000000000003,1.86,1.98
1753,0.00028288,1.8800000000000001,2.0
1754,0.00028304000000000003,1.8800000000000001,2.0
1755,0.0002832,1.9000000000000001,2.02
1756,0.00028336,1.9000000000000001,2.04
1757,0.00028352,1.92,2.04
1758,0.00028368,1.92,2.02
1759,0.00028384,1.94,2.04
1760,0.000284,1.94,2.06
1761,0.00028416,1.94,2.08
1762,0.00028432,1.96,2.08
1763,0.00028448,1.98,2.1
1764,0.00028464,1.98,2.12
1765,0.0002848,2.0,2.1
1766,0.00028496,2.02,2.12
1767,0.00028512000000000003,2.02,2.14
1768,0.00028528,2.02,2.16
1769,0.00028544000000000003,2.04,2.16
1770,0.0002856,2.06,2.18
1771,0.00028576000000000003,2.04,2.18
1772,0.00028592,2.06,2.2
1773,0.00028608,2.08,2.2
1774,0.00028624,2.1,2.22
1775,0.0002864,2.1,2.22
1776,0.00028656,2.12,2.24
1777,0.00028672,2.12,2.2600000000000002
1778,0.00028688,2.14,2.2600000000000002
1779,0.00028704,2.14,2.2600000000000002
1780,0.0002872,2.16,2.2800000000000002
1781,0.00028736,2.16,2.2800000000000002
1782,0.00028752,2.18,2.3000000000000003
1783,0.00028768,2.18,2.3000000000000003
1784,0.00028784000000000004,2.2,2.32
1785,0.000288,2.2,2.32
1786,0.00028816000000000003,2.22,2.36
1787,0.00028832,2.22,2.36
1788,0.00028848000000000003,2.24,2.36
1789,0.00028864,2.24,2.38
1790,0.0002888,2.2600000000000002,2.4
1791,0.00028896,2.2600000000000002,2.4
1792,0.00028912,2.2800000000000002,2.42
1793,0.00028928,2.2800000000000002,2.42
1794,0.00028944,2.3000000000000003,2.44
1795,0.0002896,2.32,2.44
1796,0.00028976,2.32,2.46
1797,0.00028992,2.34,2.46
1798,0.00029008,2.34,2.48
1799,0.00029024,2.36,2.5
1800,0.0002904,2.36,2.5
1801,0.00029056000000000004,2.38,2.5
1802,0.00029072,2.38,2.52
1803,0.00029088000000000003,2.4,2.52
1804,0.00029104,2.4,2.54
1805,0.00029120000000000003,2.42,2.56
1806,0.00029136,2.42,2.56
1807,0.00029152000000000003,2.44,2.58
1808,0.00029168,2.44,2.58
1809,0.00029184,2.46,2.6
1810,0.000292,2.46,2.6
1811,0.00029216,2.48,2.62
1812,0.00029232,2.48,2.64
1813,0.00029248,2.5,2.64
1814,0.00029264,2.5,2.64
1815,0.0002928,2.5,2.68
1816,0.00029296,2.52,2.68
1817,0.00029312,2.52,2.68
1818,0.00029328,2.56,2.7
1819,0.00029344,2.54,2.7
1820,0.00029360000000000003,2.56,2.72
1821,0.00029376,2.58,2.74
1822,0.00029392000000000003,2.58,2.74
1823,0.00029408,2.6,2.74
1824,0.00029424000000000003,2.6,2.7600000000000002
1825,0.0002944,2.62,2.7800000000000002
1826,0.00029456,2.62,2.7800000000000002
1827,0.00029472,2.64,2.7800000000000002
1828,0.00029488,2.64,2.82
1829,0.00029504,2.66,2.82
1830,0.0002952,2.68,2.82
1831,0.00029536,2.68,2.84
1832,0.00029552,2.7,2.84
1833,0.00029568,2.7,2.86
1834,0.00029584,2.7,2.88
1835,0.000296,2.72,2.88
1836,0.00029616,2.72,2.88
1837,0.00029632000000000004,2.74,2.9
1838,0.00029648,2.74,2.9
1839,0.00029664000000000003,2.7800000000000002,2.92
1840,0.0002968,2.7600000000000002,2.94
1841,0.00029696000000000003,2.7800000000000002,2.94
1842,0.00029712,2.8000000000000003,2.96
1843,0.00029728,2.8000000000000003,2.98
1844,0.00029744,2.82,2.98
1845,0.0002976,2.82,2.98
1846,0.00029776,2.82,3.0
1847,0.00029792,2.84,3.02
1848,0.00029808,2.86,3.02
1849,0.00029824,2.86,3.04
1850,0.0002984,2.88,3.04
1851,0.00029856,2.88,3.06
1852,0.00029872,2.9,3.06
1853,0.00029888,2.9,3.08
1854,0.00029904000000000004,2.92,3.1
1855,0.0002992,2.94,3.1
1856,0.00029936000000000003,2.94,3.1
1857,0.00029952,2.94,3.12
1858,0.00029968000000000003,2.96,3.12
1859,0.00029984,2.96,3.16
1860,0.00030000000000000003,3.0,3.16
1861,0.00030016,2.98,3.16
1862,0.00030032,3.0,3.18
1863,0.00030048,3.02,3.2
1864,0.00030064,3.02,3.2
1865,0.0003008,3.04,3.2
1866,0.00030096,3.04,3.22
1867,0.00030112,3.06,3.24
1868,0.00030128,3.06,3.24
1869,0.00030144,3.08,3.2600000000000002
1870,0.0003016,3.1,3.2600000000000002
1871,0.00030176,3.1,3.2600000000000002
1872,0.00030192,3.12,3.2800000000000002
1873,0.00030208000000000004,3.12,3.3000000000000003
1874,0.00030224,3.12,3.3000000000000003
1875,0.00030240000000000003,3.14,3.3200000000000003
1876,0.00030256,3.16,3.34
1877,0.00030272000000000003,3.16,3.34
1878,0.00030288,3.18,3.36
1879,0.00030304,3.18,3.38
1880,0.0003032,3.2,3.38
1881,0.00030336,3.2,3.4
1882,0.00030352,3.22,3.4
1883,0.00030368,3.22,3.42
1884,0.00030384,3.24,3.42
1885,0.000304,3.2600000000000002,3.42
1886,0.00030416,3.2600000000000002,3.44
1887,0.00030432,3.2800000000000002,3.46
1888,0.00030448,3.2800000000000002,3.46
1889,0.00030464,3.3000000000000003,3.48
1890,0.00030480000000000004,3.3000000000000003,3.48
1891,0.00030496,3.3200000000000003,3.5
1892,0.00030512000000000003,3.3200000000000003,3.52
1893,0.00030528,3.34,3.52
1894,0.00030544000000000003,3.34,3.54
1895,0.0003056,3.36,3.54
1896,0.00030576,3.38,3.56
1897,0.00030592,3.38,3.56
1898,0.00030608,3.38,3.58
1899,0.00030624,3.4,3.58
1900,0.0003064,3.4,3.6
1901,0.00030656,3.42,3.6
1902,0.00030672,3.44,3.62
1903,0.00030688,3.44,3.64
1904,0.00030704,3.46,3.64
1905,0.0003072,3.46,3.66
1906,0.00030736,3.48,3.66
1907,0.00030752000000000004,3.48,3.68
1908,0.00030768,3.5,3.7
1909,0.00030784000000000003,3.5,3.7
1910,0.000308,3.5,3.7
1911,0.00030816000000000003,3.52,3.72
1912,0.00030832,3.54,3.72
1913,0.00030848000000000003,3.54,3.74
1914,0.00030864,3.56,3.7600000000000002
1915,0.0003088,3.56,3.7600000000000002
1916,0.00030896,3.58,3.7800000000000002
1917,0.00030912,3.58,3.7800000000000002
1918,0.00030928,3.6,3.8000000000000003
1919,0.00030944,3.6,3.8200000000000003
1920,0.0003096,3.62,3.8200000000000003
1921,0.00030976,3.62,3.84
1922,0.00030992,3.64,3.84
1923,0.00031008,3.64,3.86
1924,0.00031024,3.66,3.86
1925,0.0003104,3.66,3.88
1926,0.00031056000000000004,3.68,3.88
1927,0.00031072,3.68,3.9
1928,0.00031088000000000003,3.7,3.92
1929,0.00031104,3.72,3.92
1930,0.00031120000000000003,3.72,3.94
1931,0.00031136,3.74,3.94
1932,0.00031152,3.74,3.96
1933,0.00031168,3.7600000000000002,3.96
1934,0.00031184,3.7600000000000002,3.96
1935,0.000312,3.7800000000000002,4.0
1936,0.00031216,3.7800000000000002,4.0
1937,0.00031232,3.8000000000000003,4.0200000000000005
1938,0.00031248,3.8000000000000003,4.0200000000000005
1939,0.00031264,3.8200000000000003,4.0200000000000005
1940,0.0003128,3.84,4.0600000000000005
1941,0.00031296,3.84,4.04
1942,0.00031312,3.86,4.0600000000000005
1943,0.00031328000000000004,3.86,4.0600000000000005
1944,0.00031344,3.86,4.08
1945,0.00031360000000000003,3.88,4.1
1946,0.00031376,3.9,4.1
1947,0.00031392000000000003,3.9,4.12
1948,0.00031408,3.92,4.12
1949,0.00031424000000000003,3.92,4.14
1950,0.0003144,3.94,4.16
1951,0.00031456,3.94,4.18
1952,0.00031472,3.96,4.18
1953,0.00031488,3.96,4.18
1954,0.00031504,3.98,4.2
1955,0.0003152,3.98,4.2
1956,0.00031536,4.0,4.22
1957,0.00031552,4.0200000000000005,4.24
1958,0.00031568,4.0200000000000005,4.24
1959,0.00031584,4.04,4.26
1960,0.00031600000000000004,4.04,4.26
1961,0.00031616,4.0600000000000005,4.26
1962,0.00031632000000000003,4.0600000000000005,4.28
1963,0.00031648,4.08,4.3
1964,0.00031664000000000003,4.08,4.3
1965,0.0003168,4.1,4.32
1966,0.00031696000000000003,4.1,4.32
1967,0.00031712,4.12,4.34
1968,0.00031728,4.12,4.36
1969,0.00031744,4.14,4.36
1970,0.0003176,4.14,4.38
1971,0.00031776,4.16,4.38
1972,0.00031792,4.18,4.4
1973,0.00031808,4.18,4.42
1974,0.00031824,4.18,4.42
1975,0.0003184,4.2,4.44
1976,0.00031856,4.2,4.44
1977,0.00031872,4.22,4.46
1978,0.00031888,4.24,4.46
1979,0.00031904000000000004,4.24,4.48
1980,0.0003192,4.24,4.5
1981,0.00031936000000000003,4.28,4.48
1982,0.00031952,4.28,4.5200000000000005
1983,0.00031968000000000003,4.3,4.5200000000000005
1984,0.00031984,4.3,4.54
1985,0.00032,4.3,4.54
1986,0.00032016,4.32,4.5600000000000005
1987,0.00032032,4.32,4.5600000000000005
1988,0.00032048,4.34,4.58
1989,0.00032064,4.34,4.6000000000000005
1990,0.0003208,4.36,4.6000000000000005
1991,0.00032096,4.36,4.6000000000000005
1992,0.00032112,4.38,4.62
1993,0.00032128,4.4,4.64
1994,0.00032144,4.42,4.64
1995,0.0003216,4.42,4.66
1996,0.00032176000000000004,4.42,4.66
1997,0.00032192,4.44,4.68
1998,0.00032208000000000003,3.24,4.68
1999,0.00032224,3.2600000000000002,4.38
