,time,v1,v2
0,-0.0030368,2.0,2.1
1,-0.0030336,2.02,2.12
2,-0.0030304,2.02,2.14
3,-0.0030272000000000003,2.04,2.12
4,-0.003024,2.06,2.16
5,-0.0030208,2.06,2.18
6,-0.0030176,2.06,2.2
7,-0.0030144,2.1,2.22
8,-0.0030112,2.1,2.22
9,-0.0030080000000000003,2.12,2.24
10,-0.0030048,2.14,2.2600000000000002
11,-0.0030016,2.16,2.2800000000000002
12,-0.0029984,2.16,2.2800000000000002
13,-0.0029952,2.2,2.3000000000000003
14,-0.0029920000000000003,2.2,2.32
15,-0.0029888000000000002,2.22,2.34
16,-0.0029856,2.24,2.34
17,-0.0029824,2.2600000000000002,2.36
18,-0.0029792,2.2600000000000002,2.36
19,-0.002976,2.2800000000000002,2.4
20,-0.0029728000000000003,2.3000000000000003,2.42
21,-0.0029696,2.32,2.42
22,-0.0029664,2.34,2.46
23,-0.0029632,2.34,2.46
24,-0.00296,2.36,2.48
25,-0.0029568,2.36,2.5
26,-0.0029536000000000002,2.38,2.5
27,-0.0029504,2.4,2.52
28,-0.0029472,2.42,2.54
29,-0.002944,2.42,2.54
30,-0.0029408,2.46,2.56
31,-0.0029376000000000003,2.46,2.58
32,-0.0029344,2.48,2.6
33,-0.0029312,2.5,2.62
34,-0.002928,2.5,2.62
35,-0.0029248,2.52,2.66
36,-0.0029216,2.54,2.66
37,-0.0029184000000000002,2.56,2.68
38,-0.0029152,2.56,2.68
39,-0.002912,2.58,2.7
40,-0.0029088,2.58,2.74
41,-0.0029056,2.6,2.74
42,-0.0029024000000000003,2.62,2.74
43,-0.0028992,2.64,2.7600000000000002
44,-0.002896,2.64,2.7800000000000002
45,-0.0028928,2.66,2.8000000000000003
46,-0.0028896,2.68,2.82
47,-0.0028864,2.7,2.82
48,-0.0028832000000000003,2.7,2.86
49,-0.00288,2.72,2.88
50,-0.0028768,2.74,2.88
51,-0.0028736,2.74,2.9
52,-0.0028704,2.7800000000000002,2.9
53,-0.0028672000000000003,2.7800000000000002,2.94
54,-0.0028640000000000002,2.8000000000000003,2.96
55,-0.0028608,2.82,2.96
56,-0.0028576,2.82,2.98
57,-0.0028544,2.84,3.0
58,-0.0028512,2.88,3.02
59,-0.0028480000000000003,2.88,3.02
60,-0.0028448,2.9,3.04
61,-0.0028416,2.9,3.06
62,-0.0028384,2.92,3.08
63,-0.0028352,2.92,3.08
64,-0.0028320000000000003,2.94,3.12
65,-0.0028288000000000002,2.98,3.12
66,-0.0028256,3.0,3.14
67,-0.0028224,3.0,3.16
68,-0.0028192,3.0,3.16
69,-0.002816,3.02,3.18
70,-0.0028128000000000003,3.06,3.2
71,-0.0028096,3.06,3.2
72,-0.0028064,3.08,3.24
73,-0.0028032,3.1,3.2600000000000002
74,-0.0028,3.1,3.2600000000000002
75,-0.0027968000000000003,3.12,3.2800000000000002
76,-0.0027936000000000002,3.14,3.3000000000000003
77,-0.0027904,3.16,3.3200000000000003
78,-0.0027872,3.18,3.3200000000000003
79,-0.002784,3.18,3.34
80,-0.0027808,3.22,3.36
81,-0.0027776,3.24,3.38
82,-0.0027744,3.22,3.38
83,-0.0027712,3.24,3.4
84,-0.002768,3.2600000000000002,3.44
85,-0.0027648,3.2800000000000002,3.44
86,-0.0027616000000000003,3.3000000000000003,3.46
87,-0.0027584000000000003,3.3200000000000003,3.46
88,-0.0027552,3.3200000000000003,3.48
89,-0.002752,3.34,3.5
90,-0.0027488,3.36,3.52
91,-0.0027456,3.38,3.54
92,-0.0027424,3.38,3.56
93,-0.0027392000000000002,3.4,3.56
94,-0.002736,3.42,3.58
95,-0.0027328,3.44,3.6
96,-0.0027296,3.44,3.62
97,-0.0027264,3.46,3.62
98,-0.0027232000000000003,3.48,3.64
99,-0.00272,3.5,3.68
100,-0.0027168,3.52,3.68
101,-0.0027136,3.52,3.7
102,-0.0027104,3.54,3.72
103,-0.0027072,3.56,3.74
104,-0.0027040000000000002,3.56,3.74
105,-0.0027008,3.58,3.7600000000000002
106,-0.0026976,3.6,3.7800000000000002
107,-0.0026944,3.6,3.8000000000000003
108,-0.0026912,3.62,3.8200000000000003
109,-0.0026880000000000003,3.64,3.8200000000000003
110,-0.0026848,3.66,3.84
111,-0.0026816,3.68,3.86
112,-0.0026784,3.68,3.86
113,-0.0026752,3.72,3.9
114,-0.002672,3.74,3.9
115,-0.0026688000000000003,3.74,3.92
116,-0.0026656,3.74,3.94
117,-0.0026624,3.7600000000000002,3.96
118,-0.0026592,3.8000000000000003,3.96
119,-0.002656,3.8000000000000003,3.98
120,-0.0026528000000000003,3.8200000000000003,4.0
121,-0.0026496000000000002,3.8200000000000003,4.0200000000000005
122,-0.0026464,3.84,4.0200000000000005
123,-0.0026432,3.86,4.04
124,-0.00264,3.86,4.0600000000000005
125,-0.0026368,3.9,4.08
126,-0.0026336000000000003,3.9,4.08
127,-0.0026304,3.94,4.1
128,-0.0026272,3.94,4.12
129,-0.002624,3.96,4.14
130,-0.0026208,3.96,4.16
131,-0.0026176000000000003,3.98,4.16
132,-0.0026144000000000002,4.0,4.2
133,-0.0026112,4.0,4.2
134,-0.002608,4.0200000000000005,4.22
135,-0.0026048,4.04,4.24
136,-0.0026016,4.0600000000000005,4.26
137,-0.0025984000000000003,4.08,4.26
138,-0.0025952,4.08,4.28
139,-0.002592,4.1,4.3
140,-0.0025888,4.12,4.32
141,-0.0025856,4.14,4.32
142,-0.0025824000000000003,4.14,4.34
143,-0.0025792000000000002,4.16,4.36
144,-0.002576,4.18,4.38
145,-0.0025728,4.2,4.42
146,-0.0025696,4.2,4.4
147,-0.0025664,4.22,4.44
148,-0.0025632000000000003,4.24,4.44
149,-0.00256,4.26,4.46
150,-0.0025568,4.26,4.48
151,-0.0025536,4.28,4.5
152,-0.0025504,4.3,4.5200000000000005
153,-0.0025472000000000003,4.32,4.5200000000000005
154,-0.0025440000000000003,4.32,4.54
155,-0.0025408,4.34,4.5600000000000005
156,-0.0025376,4.36,4.58
157,-0.0025344,4.38,4.58
158,-0.0025312,4.38,4.6000000000000005
159,-0.002528,4.4,4.62
160,-0.0025248000000000002,4.42,4.64
161,-0.0025216,4.44,4.64
162,-0.0025184,4.44,4.68
163,-0.0025152,4.46,4.68
164,-0.0025120000000000003,4.48,4.7
165,-0.0025088000000000003,4.5,4.72
166,-0.0025056,4.5200000000000005,4.74
167,-0.0025024,4.5200000000000005,4.76
168,-0.0024992,4.54,4.76
169,-0.002496,4.5600000000000005,4.78
170,-0.0024928,4.58,4.8
171,-0.0024896000000000002,4.6000000000000005,4.8
172,-0.0024864,4.6000000000000005,4.82
173,-0.0024832,4.62,4.86
174,-0.00248,4.64,4.86
175,-0.0024768000000000004,4.66,4.88
176,-0.0024736000000000003,4.66,4.9
177,-0.0024704,4.68,4.9
178,-0.0024672,4.7,4.92
179,-0.002464,4.72,4.94
180,-0.0024608,4.72,4.94
181,-0.0024576,4.74,4.98
182,-0.0024544000000000002,1.2,0.04
183,-0.0024512,0.08,0.06
184,-0.002448,0.08,0.08
185,-0.0024448,0.08,0.1
186,-0.0024416000000000004,0.1,0.1
187,-0.0024384000000000003,0.1,0.12
188,-0.0024352,0.1,0.14
189,-0.002432,0.12,0.14
190,-0.0024288,0.12,0.16
191,-0.0024256,0.14,0.18
192,-0.0024224,0.16,0.18
193,-0.0024192000000000003,0.16,0.2
194,-0.002416,0.18,0.2
195,-0.0024128,0.2,0.24
196,-0.0024096,0.22,0.24
197,-0.0024064000000000004,0.22,0.26
198,-0.0024032000000000003,0.24,0.28
199,-0.0024000000000000002,0.26,0.28
200,-0.0023968,0.28,0.3
201,-0.0023936,0.28,0.32
202,-0.0023904,0.3,0.32
203,-0.0023872,0.32,0.34
204,-0.0023840000000000003,0.32,0.36
205,-0.0023808,0.36,0.38
206,-0.0023776,0.36,0.4
207,-0.0023744,0.38,0.42
208,-0.0023712000000000004,0.38,0.44
209,-0.0023680000000000003,0.4,0.44
210,-0.0023648000000000002,0.42,0.46
211,-0.0023616,0.44,0.48
212,-0.0023584,0.44,0.48
213,-0.0023552,0.46,0.52
214,-0.002352,0.48,0.54
215,-0.0023488000000000003,0.5,0.54
216,-0.0023456,0.52,0.56
217,-0.0023424,0.54,0.58
218,-0.0023392,0.54,0.58
219,-0.002336,0.56,0.6
220,-0.0023328000000000003,0.58,0.62
221,-0.0023296000000000002,0.58,0.64
222,-0.0023264,0.62,0.66
223,-0.0023232,0.62,0.66
224,-0.00232,0.64,0.68
225,-0.0023168,0.66,0.7000000000000001
226,-0.0023136,0.66,0.72
227,-0.0023104,0.7000000000000001,0.74
228,-0.0023072,0.7000000000000001,0.74
229,-0.002304,0.72,0.76
230,-0.0023008,0.74,0.78
231,-0.0022976000000000003,0.76,0.8
232,-0.0022944000000000003,0.76,0.8200000000000001
233,-0.0022912,0.78,0.8200000000000001
234,-0.002288,0.78,0.84
235,-0.0022848,0.8200000000000001,0.86
236,-0.0022816,0.8200000000000001,0.88
237,-0.0022784,0.84,0.9
238,-0.0022752000000000002,0.86,0.92
239,-0.002272,0.88,0.92
240,-0.0022688,0.9,0.9400000000000001
241,-0.0022656,0.9,0.96
242,-0.0022624000000000003,0.92,0.98
243,-0.0022592000000000003,0.9400000000000001,1.0
244,-0.002256,0.96,1.0
245,-0.0022528,0.96,1.02
246,-0.0022496,0.98,1.04
247,-0.0022464,1.0,1.06
248,-0.0022432,1.02,1.08
249,-0.0022400000000000002,1.02,1.08
250,-0.0022368,1.04,1.1
251,-0.0022336,1.06,1.12
252,-0.0022304,1.08,1.12
253,-0.0022272000000000004,1.08,1.1400000000000001
254,-0.0022240000000000003,1.1,1.16
255,-0.0022208,1.12,1.18
256,-0.0022176,1.1400000000000001,1.2
257,-0.0022144,1.1400000000000001,1.22
258,-0.0022112,1.16,1.24
259,-0.002208,1.18,1.24
260,-0.0022048000000000002,1.2,1.26
261,-0.0022016,1.2,1.28
262,-0.0021984,1.22,1.3
263,-0.0021952,1.22,1.32
264,-0.0021920000000000004,1.24,1.34
265,-0.0021888000000000003,1.28,1.36
266,-0.0021856,1.28,1.36
267,-0.0021824,1.3,1.3800000000000001
268,-0.0021792,1.32,1.4000000000000001
269,-0.002176,1.34,1.42
270,-0.0021728,1.34,1.42
271,-0.0021696000000000003,1.36,1.42
272,-0.0021664,1.36,1.44
273,-0.0021632,1.3800000000000001,1.46
274,-0.00216,1.4000000000000001,1.48
275,-0.0021568000000000004,1.42,1.5
276,-0.0021536000000000003,1.44,1.52
277,-0.0021504000000000002,1.44,1.54
278,-0.0021472,1.46,1.56
279,-0.002144,1.46,1.56
280,-0.0021408,1.5,1.58
281,-0.0021376,1.52,1.6
282,-0.0021344000000000003,1.52,1.62
283,-0.0021312,1.54,1.62
284,-0.002128,1.56,1.6400000000000001
285,-0.0021248,1.58,1.6600000000000001
286,-0.0021216000000000004,1.58,1.68
287,-0.0021184000000000003,1.6,1.68
288,-0.0021152000000000002,1.62,1.7
289,-0.002112,1.6400000000000001,1.72
290,-0.0021088,1.6400000000000001,1.74
291,-0.0021056,1.6600000000000001,1.76
292,-0.0021024,1.68,1.76
293,-0.0020992000000000003,1.7,1.78
294,-0.002096,1.7,1.8
295,-0.0020928,1.72,1.82
296,-0.0020896,1.72,1.84
297,-0.0020864,1.76,1.86
298,-0.0020832000000000003,1.78,1.86
299,-0.0020800000000000003,1.8,1.8800000000000001
300,-0.0020768,1.78,1.9000000000000001
301,-0.0020736,1.82,1.9000000000000001
302,-0.0020704,1.84,1.94
303,-0.0020672,1.84,1.94
304,-0.002064,1.84,1.96
305,-0.0020608000000000002,1.8800000000000001,1.98
306,-0.0020576,1.8800000000000001,1.98
307,-0.0020544,1.9000000000000001,2.02
308,-0.0020512000000000004,1.94,2.02
309,-0.0020480000000000003,1.92,2.04
310,-0.0020448000000000003,1.96,2.06
311,-0.0020416,1.98,2.08
312,-0.0020384,2.0,2.08
313,-0.0020352,2.0,2.1
314,-0.002032,2.02,2.1
315,-0.0020288,2.02,2.14
316,-0.0020256000000000002,2.06,2.16
317,-0.0020224,2.06,2.16
318,-0.0020192,2.08,2.18
319,-0.0020160000000000004,2.1,2.2
320,-0.0020128000000000004,2.1,2.22
321,-0.0020096000000000003,2.12,2.24
322,-0.0020064,2.14,2.24
323,-0.0020032,2.16,2.2600000000000002
324,-0.002,2.16,2.2800000000000002
325,-0.0019968,2.18,2.3000000000000003
326,-0.0019936,2.2,2.32
327,-0.0019904000000000002,2.22,2.32
328,-0.0019872,2.24,2.34
329,-0.001984,2.24,2.36
330,-0.0019808000000000004,2.2600000000000002,2.36
331,-0.0019776000000000004,2.2800000000000002,2.4
332,-0.0019744000000000003,2.2800000000000002,2.4
333,-0.0019712,2.3000000000000003,2.42
334,-0.001968,2.32,2.44
335,-0.0019648,2.34,2.46
336,-0.0019616,2.34,2.46
337,-0.0019584,2.38,2.48
338,-0.0019552,2.38,2.5
339,-0.0019520000000000002,2.38,2.52
340,-0.0019488,2.4,2.52
341,-0.0019456000000000002,2.42,2.54
342,-0.0019424000000000002,2.44,2.56
343,-0.0019392,2.46,2.58
344,-0.0019360000000000002,2.48,2.58
345,-0.0019328000000000001,2.48,2.6
346,-0.0019296,2.5,2.64
347,-0.0019264000000000002,2.5,2.64
348,-0.0019232000000000001,2.54,2.66
349,-0.00192,2.54,2.66
350,-0.0019168000000000002,2.56,2.68
351,-0.0019136000000000001,2.58,2.7
352,-0.0019104,2.58,2.72
353,-0.0019072000000000002,2.6,2.72
354,-0.001904,2.62,2.74
355,-0.0019008000000000002,2.62,2.7600000000000002
356,-0.0018976000000000002,2.64,2.7800000000000002
357,-0.0018944,2.66,2.7800000000000002
358,-0.0018912000000000002,2.68,2.82
359,-0.0018880000000000001,2.68,2.82
360,-0.0018848,2.7,2.86
361,-0.0018816000000000002,2.72,2.86
362,-0.0018784000000000001,2.74,2.88
363,-0.0018752,2.74,2.9
364,-0.0018720000000000002,2.7600000000000002,2.9
365,-0.0018688,2.7800000000000002,2.92
366,-0.0018656000000000002,2.8000000000000003,2.94
367,-0.0018624000000000002,2.8000000000000003,2.96
368,-0.0018592,2.82,2.96
369,-0.0018560000000000002,2.84,2.98
370,-0.0018528000000000001,2.86,3.0
371,-0.0018496,2.86,3.0
372,-0.0018464000000000002,2.88,3.04
373,-0.0018432000000000001,2.92,3.04
374,-0.00184,2.9,3.06
375,-0.0018368000000000002,2.92,3.08
376,-0.0018336000000000001,2.94,3.1
377,-0.0018304,2.98,3.1
378,-0.0018272000000000002,2.96,3.14
379,-0.001824,3.0,3.14
380,-0.0018208000000000002,3.02,3.16
381,-0.0018176000000000002,3.02,3.18
382,-0.0018144,3.04,3.2
383,-0.0018112000000000002,3.06,3.22
384,-0.0018080000000000001,3.06,3.22
385,-0.0018048,3.08,3.24
386,-0.0018016000000000002,3.1,3.2600000000000002
387,-0.0017984000000000001,3.12,3.2600000000000002
388,-0.0017952,3.14,3.2800000000000002
389,-0.0017920000000000002,3.14,3.3000000000000003
390,-0.0017888000000000001,3.16,3.3200000000000003
391,-0.0017856000000000003,3.18,3.34
392,-0.0017824000000000002,3.18,3.34
393,-0.0017792,3.2,3.36
394,-0.0017760000000000002,3.22,3.38
395,-0.0017728000000000002,3.24,3.4
396,-0.0017696,3.2600000000000002,3.42
397,-0.0017664000000000002,3.2800000000000002,3.44
398,-0.0017632000000000001,3.2800000000000002,3.44
399,-0.00176,3.3000000000000003,3.46
400,-0.0017568000000000002,3.3200000000000003,3.5
401,-0.0017536000000000001,3.34,3.48
402,-0.0017504,3.34,3.52
403,-0.0017472000000000002,3.38,3.54
404,-0.001744,3.38,3.56
405,-0.0017408000000000002,3.4,3.56
406,-0.0017376000000000002,3.4,3.58
407,-0.0017344,3.42,3.58
408,-0.0017312000000000002,3.44,3.6
409,-0.0017280000000000002,3.46,3.62
410,-0.0017248,3.48,3.64
411,-0.0017216000000000002,3.5,3.66
412,-0.0017184000000000001,3.5,3.68
413,-0.0017152,3.52,3.68
414,-0.0017120000000000002,3.52,3.7
415,-0.0017088000000000001,3.54,3.72
416,-0.0017056000000000003,3.56,3.74
417,-0.0017024000000000002,3.58,3.7600000000000002
418,-0.0016992,3.6,3.7600000000000002
419,-0.0016960000000000002,3.62,3.7800000000000002
420,-0.0016928000000000002,3.62,3.8000000000000003
421,-0.0016896,3.64,3.8200000000000003
422,-0.0016864000000000002,3.66,3.84
423,-0.0016832000000000001,3.66,3.84
424,-0.00168,3.68,3.86
425,-0.0016768000000000002,3.7,3.88
426,-0.0016736000000000001,3.7,3.9
427,-0.0016704,3.72,3.92
428,-0.0016672000000000002,3.74,3.92
429,-0.0016640000000000001,3.7600000000000002,3.94
430,-0.0016608000000000003,3.7600000000000002,3.96
431,-0.0016576000000000002,3.7800000000000002,3.98
432,-0.0016544,3.8000000000000003,4.0
433,-0.0016512000000000002,3.8200000000000003,4.0200000000000005
434,-0.0016480000000000002,3.84,4.0200000000000005
435,-0.0016448,3.84,4.04
436,-0.0016416000000000002,3.86,4.0600000000000005
437,-0.0016384000000000001,3.9,4.0600000000000005
438,-0.0016352,3.9,4.08
439,-0.0016320000000000002,3.92,4.12
440,-0.0016288000000000001,3.92,4.1
441,-0.0016256,3.94,4.14
442,-0.0016224000000000002,3.98,4.14
443,-0.0016192000000000001,3.98,4.16
444,-0.0016160000000000002,3.98,4.2
445,-0.0016128000000000002,4.0,4.2
446,-0.0016096,4.0200000000000005,4.22
447,-0.0016064000000000002,4.0200000000000005,4.22
448,-0.0016032000000000002,4.0600000000000005,4.26
449,-0.0016,4.0600000000000005,4.26
450,-0.0015968000000000002,4.08,4.26
451,-0.0015936000000000001,4.1,4.28
452,-0.0015904,4.1,4.32
453,-0.0015872000000000002,4.12,4.32
454,-0.0015840000000000001,4.14,4.34
455,-0.0015808000000000003,4.16,4.34
456,-0.0015776000000000002,4.18,4.38
457,-0.0015744,4.2,4.38
458,-0.0015712000000000002,4.2,4.4
459,-0.0015680000000000002,4.2,4.42
460,-0.0015648,4.22,4.44
461,-0.0015616000000000002,4.24,4.44
462,-0.0015584000000000001,4.26,4.46
463,-0.0015552,4.28,4.48
464,-0.0015520000000000002,4.3,4.5
465,-0.0015488000000000001,4.3,4.5200000000000005
466,-0.0015456,4.32,4.5200000000000005
467,-0.0015424000000000002,4.34,4.54
468,-0.0015392000000000001,4.34,4.58
469,-0.0015360000000000003,4.36,4.58
470,-0.0015328000000000002,4.38,4.58
471,-0.0015296,4.4,4.62
472,-0.0015264000000000002,4.42,4.64
473,-0.0015232000000000002,4.44,4.64
474,-0.00152,4.44,4.66
475,-0.0015168000000000002,4.46,4.66
476,-0.0015136000000000001,4.48,4.7
477,-0.0015104,4.48,4.7
478,-0.0015072000000000002,4.5,4.72
479,-0.0015040000000000001,4.5200000000000005,4.74
480,-0.0015008,4.54,4.76
481,-0.0014976000000000002,4.5600000000000005,4.76
482,-0.0014944000000000001,4.5600000000000005,4.78
483,-0.0014912000000000003,4.58,4.8
484,-0.0014880000000000002,4.6000000000000005,4.84
485,-0.0014848,4.62,4.84
486,-0.0014816000000000002,4.62,4.84
487,-0.0014784000000000002,4.64,4.86
488,-0.0014752,4.66,4.88
489,-0.0014720000000000002,4.68,4.88
490,-0.0014688000000000001,4.68,4.92
491,-0.0014656,4.7,4.92
492,-0.0014624000000000002,4.72,4.94
493,-0.0014592000000000001,4.74,4.96
494,-0.0014560000000000003,4.76,0.04
495,-0.0014528000000000002,0.16,0.06
496,-0.0014496,0.08,0.08
497,-0.0014464000000000002,0.08,0.08
498,-0.0014432000000000002,0.08,0.1
499,-0.00144,0.1,0.1
500,-0.0014368000000000002,0.1,0.12
501,-0.0014336000000000002,0.12,0.14
502,-0.0014304,0.12,0.14
503,-0.0014272000000000002,0.14,0.16
504,-0.0014240000000000001,0.16,0.18
505,-0.0014208,0.16,0.18
506,-0.0014176000000000002,0.18,0.2
507,-0.0014144000000000001,0.18,0.22
508,-0.0014112000000000003,0.2,0.24
509,-0.0014080000000000002,0.22,0.26
510,-0.0014048,0.24,0.26
511,-0.0014016000000000002,0.26,0.28
512,-0.0013984000000000002,0.26,0.3
513,-0.0013952,0.28,0.32
514,-0.0013920000000000002,0.3,0.32
515,-0.0013888000000000001,0.32,0.34
516,-0.0013856,0.32,0.36
517,-0.0013824000000000002,0.34,0.36
518,-0.0013792000000000001,0.36,0.4
519,-0.0013760000000000003,0.36,0.4
520,-0.0013728000000000002,0.38,0.42
521,-0.0013696000000000001,0.4,0.44
522,-0.0013664000000000003,0.42,0.46
523,-0.0013632000000000002,0.44,0.48
524,-0.00136,0.44,0.48
525,-0.0013568000000000002,0.46,0.5
526,-0.0013536000000000002,0.48,0.52
527,-0.0013504,0.5,0.54
528,-0.0013472000000000002,0.5,0.54
529,-0.0013440000000000001,0.52,0.58
530,-0.0013408,0.54,0.58
531,-0.0013376000000000002,0.56,0.6
532,-0.0013344000000000001,0.56,0.62
533,-0.0013312000000000003,0.58,0.64
534,-0.0013280000000000002,0.6,0.64
535,-0.0013248000000000001,0.62,0.66
536,-0.0013216000000000002,0.64,0.68
537,-0.0013184000000000002,0.66,0.7000000000000001
538,-0.0013152,0.68,0.7000000000000001
539,-0.0013120000000000002,0.68,0.72
540,-0.0013088000000000002,0.7000000000000001,0.74
541,-0.0013056,0.72,0.76
542,-0.0013024000000000002,0.72,0.78
543,-0.0012992000000000001,0.74,0.78
544,-0.0012960000000000003,0.76,0.8
545,-0.0012928000000000002,0.78,0.8200000000000001
546,-0.0012896000000000001,0.8,0.84
547,-0.0012864000000000003,0.8,0.86
548,-0.0012832000000000002,0.8200000000000001,0.88
549,-0.00128,0.84,0.88
550,-0.0012768000000000002,0.86,0.9
551,-0.0012736000000000002,0.88,0.92
552,-0.0012704,0.88,0.9400000000000001
553,-0.0012672000000000002,0.9,0.9400000000000001
554,-0.0012640000000000001,0.92,0.98
555,-0.0012608,0.92,0.98
556,-0.0012576000000000002,0.9400000000000001,1.0
557,-0.0012544000000000001,0.96,1.0
558,-0.0012512000000000003,0.96,1.02
559,-0.0012480000000000002,0.98,1.04
560,-0.0012448000000000001,1.0,1.06
561,-0.0012416000000000003,1.02,1.08
562,-0.0012384000000000002,1.04,1.1
563,-0.0012352,1.06,1.1
564,-0.0012320000000000002,1.06,1.12
565,-0.0012288000000000002,1.06,1.1400000000000001
566,-0.0012256,1.1,1.16
567,-0.0012224000000000002,1.12,1.18
568,-0.0012192000000000001,1.12,1.2
569,-0.001216,1.1400000000000001,1.2
570,-0.0012128000000000002,1.16,1.22
571,-0.0012096000000000001,1.18,1.24
572,-0.0012064000000000003,1.18,1.26
573,-0.0012032000000000002,1.2,1.26
574,-0.0012000000000000001,1.22,1.28
575,-0.0011968000000000003,1.24,1.32
576,-0.0011936000000000002,1.26,1.32
577,-0.0011904,1.26,1.34
578,-0.0011872000000000002,1.26,1.36
579,-0.0011840000000000002,1.3,1.36
580,-0.0011808,1.3,1.36
581,-0.0011776000000000002,1.32,1.4000000000000001
582,-0.0011744000000000001,1.34,1.42
583,-0.0011712000000000003,1.34,1.44
584,-0.0011680000000000002,1.3800000000000001,1.46
585,-0.0011648000000000001,1.3800000000000001,1.46
586,-0.0011616000000000003,1.4000000000000001,1.48
587,-0.0011584000000000002,1.42,1.5
588,-0.0011552,1.42,1.5
589,-0.0011520000000000002,1.44,1.52
590,-0.0011488000000000002,1.46,1.52
591,-0.0011456,1.46,1.56
592,-0.0011424000000000002,1.5,1.56
593,-0.0011392000000000002,1.52,1.6
594,-0.001136,1.52,1.6
595,-0.0011328000000000002,1.54,1.62
596,-0.0011296000000000001,1.56,1.6400000000000001
597,-0.0011264000000000003,1.58,1.6600000000000001
598,-0.0011232000000000002,1.58,1.6600000000000001
599,-0.0011200000000000001,1.6,1.68
600,-0.0011168000000000003,1.6,1.68
601,-0.0011136000000000002,1.62,1.72
602,-0.0011104,1.6400000000000001,1.72
603,-0.0011072000000000002,1.6600000000000001,1.74
604,-0.0011040000000000002,1.68,1.76
605,-0.0011008,1.68,1.78
606,-0.0010976000000000002,1.7,1.8
607,-0.0010944000000000001,1.72,1.8
608,-0.0010912,1.74,1.82
609,-0.0010880000000000002,1.76,1.84
610,-0.0010848000000000001,1.76,1.86
611,-0.0010816000000000003,1.78,1.86
612,-0.0010784000000000002,1.8,1.8800000000000001
613,-0.0010752000000000001,1.82,1.9000000000000001
614,-0.001072,1.82,1.92
615,-0.0010688000000000004,1.84,1.94
616,-0.0010656000000000003,1.84,1.96
617,-0.0010624000000000002,1.8800000000000001,1.96
618,-0.0010592000000000002,1.8800000000000001,1.98
619,-0.001056,1.9000000000000001,2.0
620,-0.0010528,1.9000000000000001,2.02
621,-0.0010496000000000004,1.94,2.04
622,-0.0010464000000000003,1.94,2.04
623,-0.0010432000000000002,1.96,2.06
624,-0.0010400000000000001,1.98,2.08
625,-0.0010368,2.0,2.1
626,-0.0010336,2.02,2.12
627,-0.0010304000000000003,2.02,2.12
628,-0.0010272000000000002,2.04,2.14
629,-0.0010240000000000002,2.06,2.16
630,-0.0010208,2.08,2.18
631,-0.0010176,2.06,2.2
632,-0.0010144000000000004,2.1,2.22
633,-0.0010112000000000003,2.12,2.22
634,-0.0010080000000000002,2.14,2.24
635,-0.0010048000000000001,2.14,2.2600000000000002
636,-0.0010016,2.14,2.2800000000000002
637,-0.0009984,2.18,2.2800000000000002
638,-0.0009952000000000003,2.2,2.3000000000000003
639,-0.0009920000000000003,2.2,2.32
640,-0.0009888000000000002,2.22,2.34
641,-0.0009856,2.24,2.34
642,-0.0009824,2.2600000000000002,2.36
643,-0.0009792000000000004,2.2800000000000002,2.38
644,-0.0009760000000000003,2.2600000000000002,2.4
645,-0.0009728000000000002,2.2800000000000002,2.42
646,-0.0009696000000000001,2.32,2.44
647,-0.0009664000000000001,2.34,2.44
648,-0.0009632,2.34,2.46
649,-0.0009600000000000003,2.36,2.48
650,-0.0009568000000000003,2.36,2.48
651,-0.0009536000000000002,2.38,2.5
652,-0.0009504000000000001,2.4,2.52
653,-0.0009472,2.42,2.54
654,-0.0009440000000000004,2.42,2.54
655,-0.0009408000000000003,2.46,2.58
656,-0.0009376000000000002,2.44,2.58
657,-0.0009344000000000002,2.48,2.6
658,-0.0009312000000000001,2.48,2.6
659,-0.000928,2.5,2.64
660,-0.0009248000000000004,2.5,2.66
661,-0.0009216000000000003,2.52,2.66
662,-0.0009184000000000002,2.56,2.68
663,-0.0009152000000000001,2.56,2.68
664,-0.000912,2.58,2.7
665,-0.0009088,2.58,2.72
666,-0.0009056000000000003,2.62,2.74
667,-0.0009024000000000003,2.62,2.7600000000000002
668,-0.0008992000000000002,2.64,2.7600000000000002
669,-0.0008960000000000001,2.66,2.7800000000000002
670,-0.0008928,2.66,2.8000000000000003
671,-0.0008896000000000004,2.66,2.82
672,-0.0008864000000000003,2.7,2.84
673,-0.0008832000000000002,2.7,2.86
674,-0.0008800000000000001,2.72,2.86
675,-0.0008768000000000001,2.74,2.88
676,-0.0008736,2.7600000000000002,2.9
677,-0.0008704000000000003,2.7600000000000002,2.92
678,-0.0008672000000000003,2.8000000000000003,2.92
679,-0.0008640000000000002,2.82,2.94
680,-0.0008608000000000001,2.82,2.96
681,-0.0008576,2.82,2.98
682,-0.0008544000000000004,2.86,2.98
683,-0.0008512000000000003,2.86,3.0
684,-0.0008480000000000002,2.88,3.02
685,-0.0008448000000000002,2.88,3.04
686,-0.0008416000000000001,2.9,3.06
687,-0.0008384,2.92,3.08
688,-0.0008352000000000004,2.94,3.08
689,-0.0008320000000000003,2.96,3.1
690,-0.0008288000000000002,2.96,3.12
691,-0.0008256000000000001,3.0,3.14
692,-0.0008224,3.0,3.14
693,-0.0008192000000000004,3.02,3.18
694,-0.0008160000000000003,3.04,3.18
695,-0.0008128000000000002,3.04,3.2
696,-0.0008096000000000002,3.06,3.22
697,-0.0008064000000000001,3.08,3.22
698,-0.0008032,3.08,3.2600000000000002
699,-0.0008000000000000004,3.1,3.2800000000000002
700,-0.0007968000000000003,3.12,3.3000000000000003
701,-0.0007936000000000002,3.14,3.3000000000000003
702,-0.0007904000000000001,3.18,3.3200000000000003
703,-0.0007872,3.16,3.34
704,-0.000784,3.18,3.34
705,-0.0007808000000000003,3.2,3.36
706,-0.0007776000000000003,3.22,3.38
707,-0.0007744000000000002,3.24,3.4
708,-0.0007712000000000001,3.24,3.4
709,-0.000768,3.2600000000000002,3.42
710,-0.0007648000000000004,3.2800000000000002,3.44
711,-0.0007616000000000003,3.3000000000000003,3.46
712,-0.0007584000000000002,3.3000000000000003,3.48
713,-0.0007552000000000001,3.3200000000000003,3.48
714,-0.0007520000000000001,3.34,3.52
715,-0.0007488,3.36,3.52
716,-0.0007456000000000003,3.36,3.52
717,-0.0007424000000000003,3.38,3.54
718,-0.0007392000000000002,3.4,3.58
719,-0.0007360000000000001,3.42,3.58
720,-0.0007328,3.42,3.6
721,-0.0007296000000000004,3.44,3.62
722,-0.0007264000000000003,3.46,3.62
723,-0.0007232000000000002,3.48,3.64
724,-0.0007200000000000002,3.48,3.66
725,-0.0007168000000000001,3.52,3.68
726,-0.0007136,3.52,3.7
727,-0.0007104000000000004,3.54,3.7
728,-0.0007072000000000003,3.56,3.72
729,-0.0007040000000000002,3.58,3.74
730,-0.0007008000000000001,3.58,3.7600000000000002
731,-0.0006976,3.6,3.7800000000000002
732,-0.0006944000000000004,3.6,3.7800000000000002
733,-0.0006912000000000003,3.62,3.8000000000000003
734,-0.0006880000000000002,3.66,3.8200000000000003
735,-0.0006848000000000002,3.66,3.84
736,-0.0006816000000000001,3.66,3.86
737,-0.0006784,3.68,3.86
738,-0.0006752000000000004,3.7,3.88
739,-0.0006720000000000003,3.72,3.9
740,-0.0006688000000000002,3.74,3.92
741,-0.0006656000000000001,3.7600000000000002,3.94
742,-0.0006624000000000001,3.7600000000000002,3.96
743,-0.0006592000000000004,3.7800000000000002,3.96
744,-0.0006560000000000003,3.8000000000000003,3.98
745,-0.0006528000000000003,3.8200000000000003,4.0
746,-0.0006496000000000002,3.8200000000000003,4.0200000000000005
747,-0.0006464000000000001,3.84,4.0200000000000005
748,-0.0006432,3.86,4.04
749,-0.0006400000000000004,3.86,4.0600000000000005
750,-0.0006368000000000003,3.88,4.08
751,-0.0006336000000000002,3.9,4.1
752,-0.0006304000000000001,3.92,4.12
753,-0.0006272000000000001,3.92,4.12
754,-0.000624,3.96,4.14
755,-0.0006208000000000003,3.96,4.16
756,-0.0006176000000000003,3.98,4.16
757,-0.0006144000000000002,4.0,4.18
758,-0.0006112000000000001,4.0200000000000005,4.2
759,-0.000608,4.0200000000000005,4.22
760,-0.0006048000000000004,4.04,4.24
761,-0.0006016000000000003,4.0600000000000005,4.26
762,-0.0005984000000000002,4.08,4.26
763,-0.0005952000000000002,4.08,4.28
764,-0.0005920000000000001,4.12,4.3
765,-0.0005888,4.12,4.32
766,-0.0005856000000000004,4.14,4.32
767,-0.0005824000000000003,4.14,4.36
768,-0.0005792000000000002,4.18,4.36
769,-0.0005760000000000001,4.18,4.38
770,-0.0005728,4.18,4.4
771,-0.0005696000000000004,4.2,4.4
772,-0.0005664000000000003,4.22,4.44
773,-0.0005632000000000002,4.24,4.44
774,-0.0005600000000000002,4.26,4.46
775,-0.0005568000000000001,4.28,4.48
776,-0.0005536,4.28,4.5
777,-0.0005504000000000004,4.3,4.5200000000000005
778,-0.0005472000000000003,4.32,4.5200000000000005
779,-0.0005440000000000002,4.32,4.5600000000000005
780,-0.0005408000000000001,4.34,4.5600000000000005
781,-0.0005376000000000001,4.36,4.5600000000000005
782,-0.0005344000000000004,4.38,4.58
783,-0.0005312000000000003,4.38,4.6000000000000005
784,-0.0005280000000000003,4.4,4.62
785,-0.0005248000000000002,4.4,4.64
786,-0.0005216000000000001,4.42,4.66
787,-0.0005184,4.46,4.66
788,-0.0005152000000000004,4.46,4.68
789,-0.0005120000000000003,4.48,4.7
790,-0.0005088000000000002,4.5,4.72
791,-0.0005056000000000001,4.5,4.72
792,-0.0005024000000000001,4.5200000000000005,4.74
793,-0.0004992,4.54,4.76
794,-0.0004960000000000003,4.5600000000000005,4.78
795,-0.0004928000000000003,4.58,4.8
796,-0.0004896000000000002,4.58,4.82
797,-0.0004864000000000001,4.6000000000000005,4.82
798,-0.00048320000000000004,4.62,4.84
799,-0.0004800000000000004,4.64,4.86
800,-0.0004768000000000003,4.66,4.88
801,-0.00047360000000000024,4.66,4.9
802,-0.00047040000000000016,4.68,4.9
803,-0.0004672000000000001,4.7,4.92
804,-0.000464,4.7,4.92
805,-0.00046080000000000036,4.72,4.96
806,-0.0004576000000000003,4.74,4.96
807,-0.0004544000000000002,1.18,0.04
808,-0.0004512000000000001,0.08,0.06
809,-0.00044800000000000005,0.08,0.06
810,-0.0004448000000000004,0.08,0.1
811,-0.0004416000000000003,0.1,0.12
812,-0.00043840000000000025,0.1,0.12
813,-0.00043520000000000017,0.1,0.12
814,-0.0004320000000000001,0.12,0.14
815,-0.0004288,0.12,0.16
816,-0.00042560000000000037,0.14,0.18
817,-0.0004224000000000003,0.16,0.18
818,-0.0004192000000000002,0.16,0.2
819,-0.00041600000000000014,0.18,0.22
820,-0.00041280000000000006,0.2,0.22
821,-0.0004096000000000004,0.22,0.24
822,-0.00040640000000000034,0.22,0.26
823,-0.00040320000000000026,0.24,0.26
824,-0.0004000000000000002,0.24,0.3
825,-0.0003968000000000001,0.28,0.3
826,-0.0003936,0.28,0.32
827,-0.0003904000000000004,0.3,0.34
828,-0.0003872000000000003,0.32,0.36
829,-0.0003840000000000002,0.34,0.36
830,-0.00038080000000000015,0.34,0.38
831,-0.00037760000000000007,0.36,0.4
832,-0.0003744000000000004,0.38,0.42
833,-0.00037120000000000035,0.4,0.44
834,-0.00036800000000000027,0.4,0.46
835,-0.0003648000000000002,0.42,0.46
836,-0.0003616000000000001,0.44,0.48
837,-0.00035840000000000004,0.46,0.5
838,-0.0003552000000000004,0.46,0.5
839,-0.0003520000000000003,0.48,0.52
840,-0.00034880000000000024,0.52,0.54
841,-0.00034560000000000016,0.52,0.56
842,-0.0003424000000000001,0.54,0.58
843,-0.0003392,0.54,0.58
844,-0.00033600000000000036,0.56,0.6
845,-0.0003328000000000003,0.58,0.62
846,-0.0003296000000000002,0.6,0.64
847,-0.00032640000000000013,0.62,0.66
848,-0.00032320000000000005,0.62,0.66
849,-0.0003200000000000004,0.64,0.7000000000000001
850,-0.00031680000000000033,0.66,0.7000000000000001
851,-0.00031360000000000025,0.68,0.72
852,-0.00031040000000000017,0.7000000000000001,0.74
853,-0.0003072000000000001,0.7000000000000001,0.74
854,-0.000304,0.72,0.76
855,-0.00030080000000000037,0.74,0.78
856,-0.0002976000000000003,0.76,0.8
857,-0.0002944000000000002,0.78,0.8200000000000001
858,-0.00029120000000000014,0.78,0.84
859,-0.00028800000000000006,0.78,0.84
860,-0.0002848000000000004,0.8200000000000001,0.86
861,-0.00028160000000000034,0.8200000000000001,0.88
862,-0.00027840000000000026,0.84,0.88
863,-0.0002752000000000002,0.86,0.9
864,-0.0002720000000000001,0.88,0.9400000000000001
865,-0.00026880000000000003,0.88,0.9400000000000001
866,-0.0002656000000000004,0.9,0.96
867,-0.0002624000000000003,0.92,0.98
868,-0.00025920000000000023,0.9400000000000001,0.98
869,-0.00025600000000000015,0.9400000000000001,1.0
870,-0.0002528000000000001,0.96,1.02
871,-0.00024960000000000043,0.98,1.04
872,-0.00024640000000000035,1.0,1.06
873,-0.00024320000000000027,1.02,1.08
874,-0.0002400000000000002,1.02,1.1
875,-0.00023680000000000012,1.04,1.1
876,-0.00023360000000000004,1.06,1.12
877,-0.0002304000000000004,1.08,1.1400000000000001
878,-0.00022720000000000032,1.1,1.16
879,-0.00022400000000000024,1.1,1.18
880,-0.00022080000000000016,1.12,1.18
881,-0.00021760000000000009,1.12,1.2
882,-0.0002144,1.1400000000000001,1.22
883,-0.00021120000000000036,1.16,1.22
884,-0.00020800000000000029,1.18,1.24
885,-0.0002048000000000002,1.18,1.24
886,-0.00020160000000000013,1.2,1.28
887,-0.00019840000000000005,1.22,1.3
888,-0.0001952000000000004,1.22,1.32
889,-0.00019200000000000033,1.26,1.32
890,-0.00018880000000000025,1.28,1.36
891,-0.00018560000000000017,1.28,1.36
892,-0.0001824000000000001,1.3,1.3800000000000001
893,-0.00017920000000000002,1.3,1.4000000000000001
894,-0.00017600000000000037,1.32,1.42
895,-0.0001728000000000003,1.34,1.42
896,-0.00016960000000000022,1.36,1.42
897,-0.00016640000000000014,1.3800000000000001,1.46
898,-0.00016320000000000006,1.3800000000000001,1.46
899,-0.00016000000000000042,1.4000000000000001,1.48
900,-0.00015680000000000034,1.42,1.5
901,-0.00015360000000000026,1.44,1.52
902,-0.00015040000000000019,1.46,1.52
903,-0.0001472000000000001,1.46,1.56
904,-0.00014400000000000003,1.48,1.56
905,-0.0001408000000000004,1.5,1.58
906,-0.0001376000000000003,1.52,1.6
907,-0.00013440000000000023,1.52,1.62
908,-0.00013120000000000015,1.54,1.62
909,-0.00012800000000000008,1.56,1.6400000000000001
910,-0.00012480000000000043,1.58,1.6600000000000001
911,-0.00012160000000000035,1.6,1.68
912,-0.00011840000000000028,1.6,1.7
913,-0.0001152000000000002,1.6,1.72
914,-0.00011200000000000012,1.6400000000000001,1.72
915,-0.00010880000000000004,1.6400000000000001,1.72
916,-0.0001056000000000004,1.6600000000000001,1.76
917,-0.00010240000000000032,1.68,1.76
918,-9.920000000000024e-05,1.7,1.78
919,-9.600000000000017e-05,1.7,1.78
920,-9.280000000000009e-05,1.74,1.82
921,-8.960000000000001e-05,1.74,1.84
922,-8.640000000000037e-05,1.76,1.84
923,-8.320000000000029e-05,1.78,1.86
924,-8.000000000000021e-05,1.78,1.8800000000000001
925,-7.680000000000013e-05,1.8,1.8800000000000001
926,-7.360000000000005e-05,1.8,1.92
927,-7.040000000000041e-05,1.82,1.94
928,-6.720000000000033e-05,1.86,1.94
929,-6.400000000000025e-05,1.86,1.94
930,-6.080000000000018e-05,1.8800000000000001,1.98
931,-5.76000000000001e-05,1.9000000000000001,2.0
932,-5.440000000000002e-05,1.92,2.02
933,-5.120000000000038e-05,1.92,2.02
934,-4.80000000000003e-05,1.92,2.04
935,-4.480000000000022e-05,1.96,2.06
936,-4.1600000000000144e-05,1.98,2.08
937,-3.8400000000000066e-05,1.98,2.08
938,-3.520000000000042e-05,1.98,2.1
939,-3.2000000000000344e-05,2.02,2.12
940,-2.8800000000000266e-05,2.02,2.14
941,-2.560000000000019e-05,2.04,2.14
942,-2.240000000000011e-05,2.04,2.16
943,-1.9200000000000033e-05,2.08,2.18
944,-1.600000000000039e-05,2.08,2.18
945,-1.2800000000000311e-05,2.12,2.22
946,-9.600000000000233e-06,2.12,2.24
947,-6.4000000000001556e-06,2.14,2.2600000000000002
948,-3.2000000000000778e-06,2.16,2.2600000000000002
949,-4.336808689942018e-19,2.16,2.2800000000000002
950,3.199999999999644e-06,2.18,2.3000000000000003
951,6.399999999999722e-06,2.2,2.3000000000000003
952,9.5999999999998e-06,2.22,2.32
953,1.2799999999999877e-05,2.22,2.34
954,1.5999999999999955e-05,2.24,2.36
955,1.91999999999996e-05,2.2600000000000002,2.36
956,2.2399999999999677e-05,2.2800000000000002,2.4
957,2.5599999999999755e-05,2.2800000000000002,2.42
958,2.8799999999999833e-05,2.3000000000000003,2.4
959,3.199999999999991e-05,2.32,2.44
960,3.519999999999999e-05,2.34,2.46
961,3.839999999999963e-05,2.36,2.48
962,4.159999999999971e-05,2.38,2.48
963,4.479999999999979e-05,2.38,2.48
964,4.7999999999999866e-05,2.38,2.52
965,5.1199999999999943e-05,2.4,2.54
966,5.439999999999959e-05,2.4,2.56
967,5.7599999999999665e-05,2.42,2.56
968,6.079999999999974e-05,2.44,2.58
969,6.399999999999982e-05,2.46,2.58
970,6.71999999999999e-05,2.48,2.6
971,7.039999999999998e-05,2.5,2.62
972,7.359999999999962e-05,2.5,2.66
973,7.67999999999997e-05,2.52,2.66
974,7.999999999999978e-05,2.54,2.66
975,8.319999999999985e-05,2.56,2.68
976,8.639999999999993e-05,2.56,2.7
977,8.959999999999958e-05,2.58,2.72
978,9.279999999999965e-05,2.6,2.74
979,9.599999999999973e-05,2.62,2.7600000000000002
980,9.919999999999981e-05,2.62,2.7800000000000002
981,0.00010239999999999989,2.64,2.7800000000000002
982,0.00010559999999999996,2.66,2.8000000000000003
983,0.00010879999999999961,2.68,2.82
984,0.00011199999999999969,2.68,2.82
985,0.00011519999999999976,2.7,2.84
986,0.00011839999999999984,2.72,2.86
987,0.00012159999999999992,2.74,2.88
988,0.00012479999999999956,2.74,2.88
989,0.00012799999999999964,2.7600000000000002,2.9
990,0.00013119999999999972,2.7800000000000002,2.92
991,0.0001343999999999998,2.7800000000000002,2.94
992,0.00013759999999999988,2.8000000000000003,2.94
993,0.00014079999999999995,2.82,2.98
994,0.0001439999999999996,2.84,2.98
995,0.00014719999999999967,2.86,3.0
996,0.00015039999999999975,2.86,3.02
997,0.00015359999999999983,2.9,3.02
998,0.0001567999999999999,2.9,3.06
999,0.00015999999999999955,2.92,3.08
1000,0.00016319999999999963,2.92,3.08
1001,0.0001663999999999997,2.94,3.08
1002,0.00016959999999999979,2.96,3.12
1003,0.00017279999999999986,2.98,3.14
1004,0.00017599999999999994,3.0,3.16
1005,0.00017919999999999959,3.02,3.16
1006,0.00018239999999999966,3.04,3.18
1007,0.00018559999999999974,3.04,3.2
1008,0.00018879999999999982,3.06,3.22
1009,0.0001919999999999999,3.08,3.24
1010,0.00019519999999999997,3.08,3.24
1011,0.00019839999999999962,3.1,3.2600000000000002
1012,0.0002015999999999997,3.12,3.2800000000000002
1013,0.00020479999999999977,3.14,3.2800000000000002
1014,0.00020799999999999985,3.16,3.3000000000000003
1015,0.00021119999999999993,3.18,3.3200000000000003
1016,0.00021439999999999957,3.18,3.36
1017,0.00021759999999999965,3.2,3.36
1018,0.00022079999999999973,3.2,3.36
1019,0.0002239999999999998,3.22,3.38
1020,0.00022719999999999988,3.24,3.4
1021,0.00023039999999999996,3.2600000000000002,3.42
1022,0.0002335999999999996,3.2600000000000002,3.44
1023,0.00023679999999999968,3.2800000000000002,3.46
1024,0.00023999999999999976,3.3200000000000003,3.46
1025,0.00024319999999999984,3.3200000000000003,3.48
1026,0.0002463999999999999,3.3200000000000003,3.48
1027,0.00024959999999999956,3.34,3.52
1028,0.00025279999999999964,3.36,3.52
1029,0.0002559999999999997,3.36,3.54
1030,0.0002591999999999998,3.38,3.56
1031,0.0002623999999999999,3.4,3.56
1032,0.00026559999999999995,3.42,3.6
1033,0.0002687999999999996,3.44,3.6
1034,0.00027199999999999967,3.44,3.62
1035,0.00027519999999999975,3.46,3.64
1036,0.00027839999999999983,3.48,3.66
1037,0.0002815999999999999,3.5,3.66
1038,0.00028479999999999955,3.5,3.7
1039,0.00028799999999999963,3.52,3.7
1040,0.0002911999999999997,3.54,3.72
1041,0.0002943999999999998,3.56,3.74
1042,0.00029759999999999986,3.56,3.7600000000000002
1043,0.00030079999999999994,3.6,3.7600000000000002
1044,0.0003039999999999996,3.6,3.7800000000000002
1045,0.00030719999999999966,3.62,3.8000000000000003
1046,0.00031039999999999974,3.62,3.8200000000000003
1047,0.0003135999999999998,3.64,3.84
1048,0.0003167999999999999,3.66,3.84
1049,0.00031999999999999997,3.68,3.86
1050,0.0003231999999999996,3.68,3.88
1051,0.0003263999999999997,3.7,3.9
1052,0.00032959999999999977,3.74,3.92
1053,0.00033279999999999985,3.74,3.92
1054,0.00033599999999999993,3.7600000000000002,3.94
1055,0.00033919999999999957,3.7600000000000002,3.96
1056,0.00034239999999999965,3.8000000000000003,3.98
1057,0.0003455999999999997,3.8000000000000003,4.0
1058,0.0003487999999999998,3.8200000000000003,4.0200000000000005
1059,0.0003519999999999999,3.84,4.04
1060,0.00035519999999999996,3.84,4.04
1061,0.0003583999999999996,3.86,4.04
1062,0.0003615999999999997,3.9,4.0600000000000005
1063,0.00036479999999999976,3.9,4.08
1064,0.00036799999999999984,3.9,4.1
1065,0.0003711999999999999,3.92,4.12
1066,0.00037439999999999956,3.94,4.12
1067,0.00037759999999999964,3.96,4.16
1068,0.0003807999999999997,3.98,4.16
1069,0.0003839999999999998,3.98,4.2
1070,0.00038719999999999987,4.0,4.2
1071,0.00039039999999999995,4.0200000000000005,4.22
1072,0.0003935999999999996,4.0200000000000005,4.22
1073,0.00039679999999999967,4.04,4.26
1074,0.00039999999999999975,4.0600000000000005,4.26
1075,0.0004031999999999998,4.08,4.28
1076,0.0004063999999999999,4.1,4.3
1077,0.00040959999999999955,4.1,4.3
1078,0.0004127999999999996,4.12,4.32
1079,0.0004159999999999997,4.14,4.34
1080,0.0004191999999999998,4.16,4.36
1081,0.00042239999999999986,4.16,4.38
1082,0.00042559999999999994,4.18,4.38
1083,0.0004287999999999996,4.2,4.4
1084,0.00043199999999999966,4.22,4.42
1085,0.00043519999999999974,4.22,4.44
1086,0.0004383999999999998,4.24,4.46
1087,0.0004415999999999999,4.26,4.46
1088,0.00044479999999999954,4.28,4.48
1089,0.0004479999999999996,4.3,4.5
1090,0.0004511999999999997,4.3,4.5200000000000005
1091,0.00045439999999999977,4.32,4.54
1092,0.00045759999999999985,4.34,4.5600000000000005
1093,0.0004607999999999999,4.34,4.5600000000000005
1094,0.00046399999999999957,4.36,4.58
1095,0.00046719999999999965,4.38,4.6000000000000005
1096,0.0004703999999999997,4.4,4.62
1097,0.0004735999999999998,4.4,4.62
1098,0.0004767999999999999,4.44,4.64
1099,0.00047999999999999996,4.44,4.66
1100,0.0004831999999999996,4.46,4.68
1101,0.0004863999999999997,4.48,4.68
1102,0.0004895999999999998,4.48,4.7
1103,0.0004927999999999998,4.5200000000000005,4.72
1104,0.0004959999999999999,4.5200000000000005,4.74
1105,0.0004991999999999996,4.54,4.76
1106,0.0005023999999999996,4.54,4.78
1107,0.0005055999999999997,4.5600000000000005,4.78
1108,0.0005087999999999998,4.6000000000000005,4.8
1109,0.0005119999999999999,4.6000000000000005,4.82
1110,0.0005152,4.62,4.84
1111,0.0005183999999999996,4.62,4.86
1112,0.0005215999999999997,4.64,4.86
1113,0.0005247999999999997,4.66,4.88
1114,0.0005279999999999998,4.68,4.9
1115,0.0005311999999999999,4.7,4.92
1116,0.0005343999999999995,4.7,4.94
1117,0.0005375999999999996,4.72,4.94
1118,0.0005407999999999997,4.74,4.96
1119,0.0005439999999999998,4.74,0.04
1120,0.0005471999999999999,0.16,0.06
1121,0.0005503999999999999,0.08,0.06
1122,0.0005535999999999996,0.08,0.08
1123,0.0005567999999999997,0.08,0.1
1124,0.0005599999999999997,0.08,0.12
1125,0.0005631999999999998,0.1,0.12
1126,0.0005663999999999999,0.12,0.14
1127,0.0005695999999999995,0.12,0.16
1128,0.0005727999999999996,0.14,0.16
1129,0.0005759999999999997,0.14,0.18
1130,0.0005791999999999998,0.16,0.2
1131,0.0005823999999999998,0.16,0.2
1132,0.0005855999999999999,0.2,0.22
1133,0.0005887999999999996,0.2,0.24
1134,0.0005919999999999996,0.2,0.26
1135,0.0005951999999999997,0.24,0.28
1136,0.0005983999999999998,0.24,0.28
1137,0.0006015999999999999,0.26,0.28
1138,0.0006048,0.28,0.32
1139,0.0006079999999999996,0.3,0.34
1140,0.0006111999999999997,0.3,0.34
1141,0.0006143999999999998,0.32,0.34
1142,0.0006175999999999998,0.34,0.38
1143,0.0006207999999999999,0.36,0.4
1144,0.0006239999999999996,0.38,0.4
1145,0.0006271999999999996,0.38,0.42
1146,0.0006303999999999997,0.4,0.44
1147,0.0006335999999999998,0.4,0.46
1148,0.0006367999999999999,0.42,0.46
1149,0.0006399999999999999,0.44,0.48
1150,0.0006431999999999996,0.46,0.5
1151,0.0006463999999999997,0.48,0.52
1152,0.0006495999999999997,0.5,0.54
1153,0.0006527999999999998,0.5,0.56
1154,0.0006559999999999999,0.52,0.56
1155,0.0006591999999999995,0.54,0.58
1156,0.0006623999999999996,0.56,0.6
1157,0.0006655999999999997,0.58,0.6
1158,0.0006687999999999998,0.6,0.62
1159,0.0006719999999999999,0.6,0.64
1160,0.0006751999999999999,0.62,0.66
1161,0.0006783999999999996,0.64,0.68
1162,0.0006815999999999997,0.66,0.7000000000000001
1163,0.0006847999999999997,0.68,0.72
1164,0.0006879999999999998,0.68,0.72
1165,0.0006911999999999999,0.7000000000000001,0.74
1166,0.0006943999999999995,0.72,0.76
1167,0.0006975999999999996,0.72,0.78
1168,0.0007007999999999997,0.74,0.78
1169,0.0007039999999999998,0.76,0.8
1170,0.0007071999999999998,0.76,0.8200000000000001
1171,0.0007103999999999999,0.78,0.84
1172,0.0007135999999999996,0.8,0.86
1173,0.0007167999999999996,0.8200000000000001,0.88
1174,0.0007199999999999997,0.84,0.88
1175,0.0007231999999999998,0.86,0.9
1176,0.0007263999999999999,0.86,0.92
1177,0.0007296,0.88,0.92
1178,0.0007327999999999996,0.9,0.96
1179,0.0007359999999999997,0.9,0.96
1180,0.0007391999999999998,0.9400000000000001,0.98
1181,0.0007423999999999998,0.9400000000000001,0.98
1182,0.0007455999999999999,0.96,1.02
1183,0.0007487999999999996,0.98,1.02
1184,0.0007519999999999996,0.98,1.04
1185,0.0007551999999999997,1.0,1.08
1186,0.0007583999999999998,1.02,1.08
1187,0.0007615999999999999,1.04,1.1
1188,0.0007647999999999999,1.06,1.1
1189,0.0007679999999999996,1.06,1.12
1190,0.0007711999999999997,1.08,1.1400000000000001
1191,0.0007743999999999997,1.1,1.16
1192,0.0007775999999999998,1.12,1.18
1193,0.0007807999999999999,1.1400000000000001,1.18
1194,0.0007839999999999995,1.1400000000000001,1.22
1195,0.0007871999999999996,1.1400000000000001,1.22
1196,0.0007903999999999997,1.18,1.24
1197,0.0007935999999999998,1.18,1.24
1198,0.0007967999999999999,1.2,1.26
1199,0.0007999999999999999,1.2,1.28
1200,0.0008031999999999996,1.24,1.3
1201,0.0008063999999999997,1.26,1.32
1202,0.0008095999999999997,1.26,1.34
1203,0.0008127999999999998,1.28,1.36
1204,0.0008159999999999999,1.28,1.36
1205,0.0008191999999999995,1.32,1.3800000000000001
1206,0.0008223999999999996,1.32,1.4000000000000001
1207,0.0008255999999999997,1.34,1.42
1208,0.0008287999999999998,1.34,1.44
1209,0.0008319999999999998,1.36,1.44
1210,0.0008351999999999999,1.3800000000000001,1.46
1211,0.0008383999999999996,1.4000000000000001,1.48
1212,0.0008415999999999996,1.4000000000000001,1.5
1213,0.0008447999999999997,1.42,1.5
1214,0.0008479999999999998,1.44,1.52
1215,0.0008511999999999999,1.46,1.54
1216,0.0008544,1.48,1.56
1217,0.0008575999999999996,1.48,1.58
1218,0.0008607999999999997,1.5,1.58
1219,0.0008639999999999998,1.52,1.6
1220,0.0008671999999999998,1.54,1.62
1221,0.0008703999999999995,1.56,1.6400000000000001
1222,0.0008735999999999996,1.56,1.6600000000000001
1223,0.0008767999999999996,1.56,1.68
1224,0.0008799999999999997,1.6,1.68
1225,0.0008831999999999998,1.62,1.7
1226,0.0008863999999999999,1.6400000000000001,1.72
1227,0.0008895999999999999,1.62,1.74
1228,0.0008928,1.6600000000000001,1.74
1229,0.0008960000000000001,1.6600000000000001,1.76
1230,0.0008991999999999993,1.68,1.78
1231,0.0009023999999999994,1.68,1.8
1232,0.0009055999999999995,1.7,1.82
1233,0.0009087999999999995,1.74,1.84
1234,0.0009119999999999996,1.74,1.82
1235,0.0009151999999999997,1.78,1.86
1236,0.0009183999999999998,1.78,1.8800000000000001
1237,0.0009215999999999998,1.8,1.9000000000000001
1238,0.0009247999999999999,1.82,1.9000000000000001
1239,0.000928,1.82,1.9000000000000001
1240,0.0009312000000000001,1.84,1.94
1241,0.0009344000000000002,1.86,1.94
1242,0.0009375999999999994,1.86,1.96
1243,0.0009407999999999994,1.8800000000000001,1.98
1244,0.0009439999999999995,1.92,1.98
1245,0.0009471999999999996,1.92,2.02
1246,0.0009503999999999997,1.94,2.02
1247,0.0009535999999999998,1.94,2.04
1248,0.0009567999999999998,1.96,2.06
1249,0.0009599999999999999,1.98,2.08
1250,0.0009632,2.0,2.1
1251,0.0009664000000000001,2.02,2.12
1252,0.0009696000000000001,2.02,2.12
1253,0.0009727999999999994,2.04,2.14
1254,0.0009759999999999994,2.06,2.16
1255,0.0009791999999999995,2.06,2.18
1256,0.0009823999999999996,2.08,2.2
1257,0.0009855999999999997,2.08,2.22
1258,0.0009887999999999997,2.12,2.22
1259,0.0009919999999999998,2.14,2.22
1260,0.0009952,2.14,2.2600000000000002
1261,0.0009984,2.14,2.2600000000000002
1262,0.0010016,2.18,2.2800000000000002
1263,0.0010048000000000001,2.18,2.3000000000000003
1264,0.0010079999999999993,2.2,2.3000000000000003
1265,0.0010111999999999994,2.22,2.34
1266,0.0010143999999999995,2.24,2.34
1267,0.0010175999999999996,2.24,2.36
1268,0.0010207999999999997,2.2600000000000002,2.38
1269,0.0010239999999999997,2.2800000000000002,2.38
1270,0.0010271999999999998,2.3000000000000003,2.42
1271,0.0010304,2.32,2.42
1272,0.0010336,2.32,2.46
1273,0.0010368,2.34,2.46
1274,0.0010400000000000001,2.34,2.48
1275,0.0010431999999999993,2.38,2.5
1276,0.0010463999999999994,2.38,2.5
1277,0.0010495999999999995,2.4,2.52
1278,0.0010527999999999996,2.42,2.54
1279,0.0010559999999999996,2.44,2.54
1280,0.0010591999999999997,2.44,2.56
1281,0.0010623999999999998,2.46,2.58
1282,0.0010655999999999999,2.48,2.6
1283,0.0010688,2.5,2.62
1284,0.001072,2.5,2.62
1285,0.0010752000000000001,2.52,2.64
1286,0.0010783999999999993,2.52,2.66
1287,0.0010815999999999994,2.56,2.68
1288,0.0010847999999999995,2.56,2.7
1289,0.0010879999999999996,2.58,2.7
1290,0.0010911999999999996,2.58,2.72
1291,0.0010943999999999997,2.6,2.74
1292,0.0010975999999999998,2.62,2.7600000000000002
1293,0.0011007999999999999,2.64,2.7600000000000002
1294,0.001104,2.64,2.8000000000000003
1295,0.0011072,2.68,2.8000000000000003
1296,0.0011104,2.68,2.82
1297,0.0011135999999999993,2.7,2.82
1298,0.0011167999999999994,2.72,2.86
1299,0.0011199999999999995,2.72,2.86
1300,0.0011231999999999995,2.74,2.88
1301,0.0011263999999999996,2.7600000000000002,2.9
1302,0.0011295999999999997,2.7600000000000002,2.92
1303,0.0011327999999999998,2.7800000000000002,2.94
1304,0.0011359999999999999,2.8000000000000003,2.94
1305,0.0011392,2.82,2.96
1306,0.0011424,2.82,2.98
1307,0.0011456,2.86,3.0
1308,0.0011487999999999993,2.86,3.0
1309,0.0011519999999999994,2.88,3.04
1310,0.0011551999999999995,2.9,3.04
1311,0.0011583999999999995,2.9,3.06
1312,0.0011615999999999996,2.92,3.08
1313,0.0011647999999999997,2.94,3.08
1314,0.0011679999999999998,2.96,3.1
1315,0.0011711999999999998,2.96,3.12
1316,0.0011744,2.98,3.14
1317,0.0011776,3.0,3.16
1318,0.0011808,3.0,3.16
1319,0.0011839999999999993,3.02,3.18
1320,0.0011871999999999994,3.06,3.2
1321,0.0011903999999999994,3.06,3.22
1322,0.0011935999999999995,3.08,3.24
1323,0.0011967999999999996,3.1,3.24
1324,0.0011999999999999997,3.1,3.2600000000000002
1325,0.0012031999999999998,3.12,3.2800000000000002
1326,0.0012063999999999998,3.14,3.3000000000000003
1327,0.0012096,3.16,3.3200000000000003
1328,0.0012128,3.16,3.3200000000000003
1329,0.001216,3.18,3.34
1330,0.0012192000000000001,3.2,3.36
1331,0.0012223999999999994,3.22,3.38
1332,0.0012255999999999994,3.24,3.4
1333,0.0012287999999999995,3.24,3.4
1334,0.0012319999999999996,3.2600000000000002,3.42
1335,0.0012351999999999997,3.3000000000000003,3.44
1336,0.0012383999999999997,3.3000000000000003,3.46
1337,0.0012415999999999998,3.3200000000000003,3.48
1338,0.0012448,3.3200000000000003,3.48
1339,0.001248,3.34,3.5
1340,0.0012512,3.34,3.52
1341,0.0012544000000000001,3.38,3.52
1342,0.0012575999999999993,3.38,3.54
1343,0.0012607999999999994,3.4,3.58
1344,0.0012639999999999995,3.42,3.6
1345,0.0012671999999999996,3.44,3.6
1346,0.0012703999999999997,3.44,3.62
1347,0.0012735999999999997,3.46,3.64
1348,0.0012767999999999998,3.48,3.64
1349,0.0012799999999999999,3.48,3.66
1350,0.0012832,3.52,3.68
1351,0.0012864,3.52,3.7
1352,0.0012896000000000001,3.54,3.72
1353,0.0012927999999999993,3.56,3.74
1354,0.0012959999999999994,3.56,3.74
1355,0.0012991999999999995,3.6,3.7600000000000002
1356,0.0013023999999999996,3.6,3.7800000000000002
1357,0.0013055999999999996,3.6,3.8000000000000003
1358,0.0013087999999999997,3.64,3.8000000000000003
1359,0.0013119999999999998,3.64,3.84
1360,0.0013151999999999999,3.68,3.84
1361,0.0013184,3.66,3.86
1362,0.0013216,3.68,3.86
1363,0.0013248000000000001,3.7,3.88
1364,0.0013279999999999993,3.72,3.9
1365,0.0013311999999999994,3.72,3.92
1366,0.0013343999999999995,3.7600000000000002,3.94
1367,0.0013375999999999996,3.7600000000000002,3.94
1368,0.0013407999999999996,3.8000000000000003,3.96
1369,0.0013439999999999997,3.8000000000000003,3.98
1370,0.0013471999999999998,3.8200000000000003,4.0
1371,0.0013503999999999999,3.8200000000000003,4.0200000000000005
1372,0.0013536,3.84,4.04
1373,0.0013568,3.86,4.04
1374,0.00136,3.86,4.0600000000000005
1375,0.0013631999999999993,3.88,4.08
1376,0.0013663999999999994,3.9,4.1
1377,0.0013695999999999995,3.92,4.1
1378,0.0013727999999999995,3.92,4.12
1379,0.0013759999999999996,3.96,4.14
1380,0.0013791999999999997,3.98,4.18
1381,0.0013823999999999998,3.98,4.18
1382,0.0013855999999999999,4.0,4.18
1383,0.0013888,4.0200000000000005,4.22
1384,0.001392,4.0200000000000005,4.22
1385,0.0013952,4.04,4.24
1386,0.0013983999999999993,4.0600000000000005,4.24
1387,0.0014015999999999994,4.0600000000000005,4.26
1388,0.0014047999999999995,4.08,4.28
1389,0.0014079999999999995,4.1,4.32
1390,0.0014111999999999996,4.12,4.3
1391,0.0014143999999999997,4.14,4.32
1392,0.0014175999999999998,4.14,4.34
1393,0.0014207999999999998,4.16,4.36
1394,0.001424,4.18,4.38
1395,0.0014272,4.2,4.38
1396,0.0014304,4.2,4.42
1397,0.0014335999999999993,4.22,4.42
1398,0.0014367999999999994,4.24,4.44
1399,0.0014399999999999994,4.26,4.46
1400,0.0014431999999999995,4.26,4.48
1401,0.0014463999999999996,4.28,4.5
1402,0.0014495999999999997,4.3,4.5200000000000005
1403,0.0014527999999999998,4.32,4.5200000000000005
1404,0.0014559999999999998,4.32,4.54
1405,0.0014592,4.34,4.54
1406,0.0014624,4.38,4.58
1407,0.0014656,4.38,4.58
1408,0.0014688000000000001,4.38,4.6000000000000005
1409,0.0014719999999999994,4.4,4.62
1410,0.0014751999999999994,4.42,4.62
1411,0.0014783999999999995,4.44,4.66
1412,0.0014815999999999996,4.46,4.68
1413,0.0014847999999999997,4.46,4.68
1414,0.0014879999999999997,4.48,4.7
1415,0.0014911999999999998,4.5,4.72
1416,0.0014944,4.5200000000000005,4.74
1417,0.0014976,4.5200000000000005,4.74
1418,0.0015008,4.54,4.76
1419,0.0015040000000000001,4.5600000000000005,4.78
1420,0.0015071999999999993,4.58,4.8
1421,0.0015103999999999994,4.58,4.82
1422,0.0015135999999999995,4.6000000000000005,4.82
1423,0.0015167999999999996,4.62,4.84
1424,0.0015199999999999997,4.62,4.86
1425,0.0015231999999999997,4.64,4.86
1426,0.0015263999999999998,4.66,4.9
1427,0.0015295999999999999,4.68,4.9
1428,0.0015328,4.7,4.92
1429,0.001536,4.72,4.94
1430,0.0015392000000000001,4.74,4.94
1431,0.0015423999999999993,4.74,4.96
1432,0.0015455999999999994,1.1400000000000001,0.04
1433,0.0015487999999999995,0.1,0.06
1434,0.0015519999999999996,0.08,0.08
1435,0.0015551999999999996,0.08,0.1
1436,0.0015583999999999997,0.08,0.1
1437,0.0015615999999999998,0.1,0.12
1438,0.0015647999999999999,0.1,0.12
1439,0.001568,0.12,0.14
1440,0.0015712,0.12,0.16
1441,0.0015744,0.14,0.18
1442,0.0015775999999999993,0.16,0.18
1443,0.0015807999999999994,0.18,0.18
1444,0.0015839999999999995,0.18,0.22
1445,0.0015871999999999995,0.2,0.22
1446,0.0015903999999999996,0.22,0.24
1447,0.0015935999999999997,0.24,0.26
1448,0.0015967999999999998,0.24,0.28
1449,0.0015999999999999999,0.26,0.3
1450,0.0016032,0.28,0.3
1451,0.0016064,0.3,0.32
1452,0.0016096,0.3,0.34
1453,0.0016127999999999993,0.32,0.36
1454,0.0016159999999999994,0.34,0.38
1455,0.0016191999999999995,0.34,0.38
1456,0.0016223999999999995,0.36,0.4
1457,0.0016255999999999996,0.38,0.4
1458,0.0016287999999999997,0.4,0.42
1459,0.0016319999999999998,0.4,0.44
1460,0.0016351999999999998,0.42,0.46
1461,0.0016384,0.44,0.48
1462,0.0016416,0.44,0.5
1463,0.0016448,0.46,0.52
1464,0.0016479999999999993,0.48,0.52
1465,0.0016511999999999994,0.5,0.54
1466,0.0016543999999999994,0.52,0.56
1467,0.0016575999999999995,0.52,0.58
1468,0.0016607999999999996,0.54,0.58
1469,0.0016639999999999997,0.56,0.6
1470,0.0016671999999999998,0.58,0.6
1471,0.0016703999999999998,0.6,0.64
1472,0.0016736,0.62,0.64
1473,0.0016768,0.62,0.66
1474,0.00168,0.64,0.68
1475,0.0016831999999999993,0.66,0.7000000000000001
1476,0.0016863999999999994,0.68,0.72
1477,0.0016895999999999994,0.68,0.74
1478,0.0016927999999999995,0.7000000000000001,0.74
1479,0.0016959999999999996,0.72,0.76
1480,0.0016991999999999997,0.74,0.78
1481,0.0017023999999999997,0.74,0.78
1482,0.0017055999999999998,0.78,0.8200000000000001
1483,0.0017088,0.78,0.8200000000000001
1484,0.001712,0.8,0.86
1485,0.0017152,0.8200000000000001,0.86
1486,0.0017183999999999993,0.8200000000000001,0.88
1487,0.0017215999999999993,0.84,0.88
1488,0.0017247999999999994,0.86,0.92
1489,0.0017279999999999995,0.88,0.92
1490,0.0017311999999999996,0.9,0.9400000000000001
1491,0.0017343999999999997,0.9,0.96
1492,0.0017375999999999997,0.92,0.98
1493,0.0017407999999999998,0.9400000000000001,0.98
1494,0.0017439999999999999,0.9400000000000001,1.0
1495,0.0017472,0.96,1.02
1496,0.0017504,0.98,1.04
1497,0.0017536000000000001,1.0,1.06
1498,0.0017567999999999993,1.02,1.08
1499,0.0017599999999999994,1.0,1.08
1500,0.0017631999999999995,1.06,1.1
1501,0.0017663999999999996,1.06,1.12
1502,0.0017695999999999996,1.06,1.1400000000000001
1503,0.0017727999999999997,1.08,1.16
1504,0.0017759999999999998,1.1,1.16
1505,0.0017791999999999999,1.12,1.18
1506,0.0017824,1.1400000000000001,1.2
1507,0.0017856,1.1400000000000001,1.22
1508,0.0017888000000000001,1.1400000000000001,1.24
1509,0.0017919999999999993,1.18,1.26
1510,0.0017951999999999994,1.2,1.24
1511,0.0017983999999999995,1.2,1.28
1512,0.0018015999999999996,1.22,1.3
1513,0.0018047999999999996,1.24,1.32
1514,0.0018079999999999997,1.26,1.32
1515,0.0018111999999999998,1.28,1.34
1516,0.0018143999999999999,1.28,1.36
1517,0.0018176,1.3,1.3800000000000001
1518,0.0018208,1.3,1.4000000000000001
1519,0.001824,1.34,1.42
1520,0.0018271999999999993,1.34,1.44
1521,0.0018303999999999994,1.36,1.44
1522,0.0018335999999999995,1.36,1.46
1523,0.0018367999999999995,1.4000000000000001,1.46
1524,0.0018399999999999996,1.42,1.48
1525,0.0018431999999999997,1.42,1.48
1526,0.0018463999999999998,1.44,1.52
1527,0.0018495999999999999,1.46,1.54
1528,0.0018528,1.46,1.54
1529,0.001856,1.48,1.56
1530,0.0018592,1.5,1.58
1531,0.0018623999999999993,1.52,1.6
1532,0.0018655999999999994,1.54,1.62
1533,0.0018687999999999995,1.54,1.62
1534,0.0018719999999999995,1.56,1.6400000000000001
1535,0.0018751999999999996,1.58,1.6600000000000001
1536,0.0018783999999999997,1.6,1.68
1537,0.0018815999999999998,1.6,1.68
1538,0.0018847999999999998,1.62,1.7
1539,0.001888,1.6400000000000001,1.7
1540,0.0018912,1.6400000000000001,1.74
1541,0.0018944,1.6600000000000001,1.76
1542,0.0018975999999999993,1.68,1.78
1543,0.0019007999999999994,1.68,1.78
1544,0.0019039999999999994,1.72,1.8
1545,0.0019071999999999995,1.72,1.82
1546,0.0019103999999999996,1.74,1.84
1547,0.0019135999999999997,1.76,1.84
1548,0.0019167999999999998,1.78,1.86
1549,0.0019199999999999998,1.78,1.8800000000000001
1550,0.0019232,1.82,1.9000000000000001
1551,0.0019264,1.82,1.92
1552,0.0019296,1.82,1.92
1553,0.0019327999999999993,1.84,1.96
1554,0.0019359999999999994,1.86,1.96
1555,0.0019391999999999994,1.8800000000000001,1.98
1556,0.0019423999999999995,1.9000000000000001,1.98
1557,0.0019455999999999996,1.9000000000000001,2.0
1558,0.0019487999999999997,1.92,2.02
1559,0.0019519999999999997,1.92,2.02
1560,0.0019552,1.96,2.06
1561,0.0019584,1.96,2.06
1562,0.0019616,1.98,2.1
1563,0.0019648,2.0,2.1
1564,0.0019679999999999993,2.02,2.12
1565,0.0019711999999999993,2.04,2.14
1566,0.0019743999999999994,2.04,2.16
1567,0.0019775999999999995,2.06,2.18
1568,0.0019807999999999996,2.06,2.18
1569,0.0019839999999999997,2.1,2.2
1570,0.0019871999999999997,2.12,2.2
1571,0.0019904,2.12,2.24
1572,0.0019936,2.14,2.24
1573,0.0019968,2.14,2.2600000000000002
1574,0.002,2.18,2.2800000000000002
1575,0.0020031999999999993,2.18,2.3000000000000003
1576,0.0020063999999999993,2.2,2.3000000000000003
1577,0.0020095999999999994,2.22,2.32
1578,0.0020127999999999995,2.24,2.34
1579,0.0020159999999999996,2.24,2.36
1580,0.0020191999999999996,2.2600000000000002,2.38
1581,0.0020223999999999997,2.2800000000000002,2.4
1582,0.0020256,2.2800000000000002,2.4
1583,0.0020288,2.3000000000000003,2.42
1584,0.002032,2.32,2.42
1585,0.0020352,2.34,2.46
1586,0.0020384,2.36,2.48
1587,0.0020415999999999993,2.38,2.48
1588,0.0020447999999999994,2.36,2.48
1589,0.0020479999999999995,2.4,2.5
1590,0.0020511999999999996,2.4,2.52
1591,0.0020543999999999996,2.4,2.54
1592,0.0020575999999999997,2.44,2.56
1593,0.0020608,2.46,2.58
1594,0.002064,2.48,2.6
1595,0.0020672,2.48,2.6
1596,0.0020704,2.48,2.62
1597,0.0020736,2.5,2.64
1598,0.0020767999999999993,2.52,2.66
1599,0.0020799999999999994,2.54,2.66
1600,0.0020831999999999995,2.56,2.68
1601,0.0020863999999999995,2.56,2.7
1602,0.0020895999999999996,2.58,2.72
1603,0.0020927999999999997,2.6,2.72
1604,0.0020959999999999998,2.62,2.74
1605,0.0020992,2.62,2.7600000000000002
1606,0.0021024,2.64,2.7800000000000002
1607,0.0021056,2.66,2.8000000000000003
1608,0.0021088,2.68,2.8000000000000003
1609,0.0021119999999999993,2.68,2.82
1610,0.0021151999999999994,2.7,2.84
1611,0.0021183999999999995,2.72,2.86
1612,0.0021215999999999995,2.72,2.86
1613,0.0021247999999999996,2.74,2.88
1614,0.0021279999999999997,2.7600000000000002,2.9
1615,0.0021311999999999998,2.7800000000000002,2.92
1616,0.0021344,2.7800000000000002,2.92
1617,0.0021376,2.8000000000000003,2.96
1618,0.0021408,2.82,2.96
1619,0.002144,2.84,2.98
1620,0.0021471999999999993,2.86,3.0
1621,0.0021503999999999994,2.86,3.02
1622,0.0021535999999999994,2.88,3.02
1623,0.0021567999999999995,2.9,3.06
1624,0.0021599999999999996,2.9,3.08
1625,0.0021631999999999997,2.94,3.08
1626,0.0021663999999999997,2.94,3.1
1627,0.0021696,2.96,3.12
1628,0.0021728,2.98,3.12
1629,0.002176,3.0,3.14
1630,0.0021792,3.0,3.16
1631,0.0021823999999999993,3.02,3.18
1632,0.0021855999999999993,3.04,3.18
1633,0.0021887999999999994,3.04,3.2
1634,0.0021919999999999995,3.06,3.22
1635,0.0021951999999999996,3.08,3.2600000000000002
1636,0.0021983999999999997,3.1,3.2600000000000002
1637,0.0022015999999999997,3.12,3.2800000000000002
1638,0.0022048,3.12,3.2800000000000002
1639,0.002208,3.14,3.3000000000000003
1640,0.0022112,3.16,3.34
1641,0.0022144,3.18,3.34
1642,0.0022175999999999993,3.2,3.36
1643,0.0022207999999999993,3.22,3.38
1644,0.0022239999999999994,3.22,3.38
1645,0.0022271999999999995,3.24,3.42
1646,0.0022303999999999996,3.2600000000000002,3.42
1647,0.0022335999999999996,3.2800000000000002,3.44
1648,0.0022367999999999997,3.2800000000000002,3.46
1649,0.00224,3.3000000000000003,3.48
1650,0.0022432,3.3200000000000003,3.48
1651,0.0022464,3.34,3.5
1652,0.0022496,3.34,3.52
1653,0.0022527999999999992,3.36,3.52
1654,0.0022559999999999993,3.38,3.54
1655,0.0022591999999999994,3.4,3.56
1656,0.0022623999999999995,3.42,3.58
1657,0.0022655999999999996,3.42,3.6
1658,0.0022687999999999996,3.44,3.62
1659,0.0022719999999999997,3.46,3.62
1660,0.0022752,3.46,3.64
1661,0.0022784,3.48,3.66
1662,0.0022816,3.5,3.68
1663,0.0022848,3.52,3.7
1664,0.0022879999999999992,3.54,3.7
1665,0.0022911999999999993,3.54,3.72
1666,0.0022943999999999994,3.56,3.74
1667,0.0022975999999999995,3.58,3.74
1668,0.0023007999999999995,3.58,3.7600000000000002
1669,0.0023039999999999996,3.6,3.7800000000000002
1670,0.0023071999999999997,3.62,3.8000000000000003
1671,0.0023103999999999998,3.64,3.8200000000000003
1672,0.0023136,3.66,3.8200000000000003
1673,0.0023168,3.66,3.84
1674,0.00232,3.68,3.86
1675,0.0023232,3.7,3.88
1676,0.0023263999999999993,3.7,3.9
1677,0.0023295999999999994,3.72,3.9
1678,0.0023327999999999995,3.74,3.94
1679,0.0023359999999999995,3.7600000000000002,3.96
1680,0.0023391999999999996,3.7600000000000002,3.96
1681,0.0023423999999999997,3.7800000000000002,3.98
1682,0.0023455999999999998,3.8000000000000003,3.98
1683,0.0023488,3.8200000000000003,4.0
1684,0.002352,3.84,4.0200000000000005
1685,0.0023552,3.84,4.04
1686,0.0023584,3.86,4.0600000000000005
1687,0.0023615999999999993,3.88,4.0600000000000005
1688,0.0023647999999999994,3.9,4.08
1689,0.0023679999999999994,3.92,4.1
1690,0.0023711999999999995,3.92,4.12
1691,0.0023743999999999996,3.94,4.14
1692,0.0023775999999999997,3.96,4.14
1693,0.0023807999999999998,3.98,4.16
1694,0.002384,3.98,4.18
1695,0.0023872,4.0,4.2
1696,0.0023904,4.0200000000000005,4.22
1697,0.0023936,4.04,4.22
1698,0.0023967999999999993,4.04,4.24
1699,0.0023999999999999994,4.0600000000000005,4.26
1700,0.0024031999999999994,4.08,4.26
1701,0.0024063999999999995,4.1,4.3
1702,0.0024095999999999996,4.1,4.3
1703,0.0024127999999999997,4.12,4.32
1704,0.0024159999999999997,4.14,4.36
1705,0.0024192,4.16,4.36
1706,0.0024224,4.16,4.38
1707,0.0024256,4.18,4.38
1708,0.0024288,4.2,4.4
1709,0.0024319999999999993,4.22,4.42
1710,0.0024351999999999993,4.24,4.42
1711,0.0024383999999999994,4.24,4.46
1712,0.0024415999999999995,4.26,4.48
1713,0.0024447999999999996,4.28,4.48
1714,0.0024479999999999997,4.3,4.5200000000000005
1715,0.0024511999999999997,4.3,4.5200000000000005
1716,0.0024544,4.32,4.54
1717,0.0024576,4.34,4.54
1718,0.0024608,4.36,4.5600000000000005
1719,0.002464,4.36,4.58
1720,0.0024671999999999993,4.38,4.6000000000000005
1721,0.0024703999999999993,4.4,4.62
1722,0.0024735999999999994,4.42,4.62
1723,0.0024767999999999995,4.42,4.64
1724,0.0024799999999999996,4.44,4.66
1725,0.0024831999999999996,4.46,4.68
1726,0.0024863999999999997,4.48,4.7
1727,0.0024896,4.5,4.7
1728,0.0024928,4.5,4.72
1729,0.002496,4.5200000000000005,4.74
1730,0.0024992,4.54,4.76
1731,0.0025023999999999992,4.5600000000000005,4.76
1732,0.0025055999999999993,4.5600000000000005,4.78
1733,0.0025087999999999994,4.6000000000000005,4.8
1734,0.0025119999999999995,4.6000000000000005,4.82
1735,0.0025151999999999996,4.62,4.84
1736,0.0025183999999999996,4.62,4.86
1737,0.0025215999999999997,4.64,4.86
1738,0.0025248,4.66,4.88
1739,0.002528,4.68,4.92
1740,0.0025312,4.68,4.92
1741,0.0025344,4.72,4.92
1742,0.0025375999999999992,4.72,4.94
1743,0.0025407999999999993,4.74,4.96
1744,0.0025439999999999994,4.76,0.04
1745,0.0025471999999999995,0.16,0.06
1746,0.0025503999999999995,0.08,0.06
1747,0.0025535999999999996,0.08,0.08
1748,0.0025567999999999997,0.1,0.1
1749,0.0025599999999999998,0.1,0.1
1750,0.0025632,0.1,0.12
1751,0.0025664,0.12,0.14
1752,0.0025696,0.12,0.16
1753,0.0025728,0.14,0.16
1754,0.0025759999999999993,0.16,0.18
1755,0.0025791999999999994,0.16,0.2
1756,0.0025823999999999995,0.18,0.2
1757,0.0025855999999999995,0.2,0.22
1758,0.0025887999999999996,0.2,0.24
1759,0.0025919999999999997,0.22,0.24
1760,0.0025951999999999998,0.24,0.26
1761,0.0025984,0.24,0.28
1762,0.0026016,0.26,0.3
1763,0.0026048,0.28,0.32
1764,0.002608,0.3,0.34
1765,0.0026111999999999993,0.32,0.34
1766,0.0026143999999999994,0.32,0.36
1767,0.0026175999999999994,0.34,0.38
1768,0.0026207999999999995,0.34,0.4
1769,0.0026239999999999996,0.36,0.4
1770,0.0026271999999999997,0.38,0.42
1771,0.0026303999999999998,0.4,0.44
1772,0.0026336,0.42,0.46
1773,0.0026368,0.44,0.46
1774,0.00264,0.46,0.5
1775,0.0026432,0.46,0.5
1776,0.0026463999999999993,0.48,0.52
1777,0.0026495999999999994,0.5,0.54
1778,0.0026527999999999994,0.5,0.56
1779,0.0026559999999999995,0.52,0.58
1780,0.0026591999999999996,0.54,0.58
1781,0.0026623999999999997,0.56,0.58
1782,0.0026655999999999997,0.58,0.6
1783,0.0026688,0.6,0.6
1784,0.002672,0.6,0.64
1785,0.0026752,0.62,0.66
1786,0.0026784,0.64,0.68
1787,0.0026815999999999993,0.66,0.7000000000000001
1788,0.0026847999999999993,0.66,0.7000000000000001
1789,0.0026879999999999994,0.7000000000000001,0.72
1790,0.0026911999999999995,0.7000000000000001,0.74
1791,0.0026943999999999996,0.72,0.76
1792,0.0026975999999999997,0.72,0.78
1793,0.0027007999999999997,0.74,0.78
1794,0.002704,0.74,0.8200000000000001
1795,0.0027072,0.78,0.8200000000000001
1796,0.0027104,0.78,0.84
1797,0.0027136,0.8,0.86
1798,0.0027167999999999993,0.8200000000000001,0.86
1799,0.0027199999999999993,0.84,0.88
1800,0.0027231999999999994,0.86,0.92
1801,0.0027263999999999995,0.88,0.92
1802,0.0027295999999999996,0.88,0.92
1803,0.0027327999999999996,0.9,0.96
1804,0.0027359999999999997,0.92,0.98
1805,0.0027392,0.92,0.98
1806,0.0027424,0.9400000000000001,1.0
1807,0.0027456,0.96,1.0
1808,0.0027488,0.96,1.04
1809,0.0027519999999999992,0.98,1.04
1810,0.0027551999999999993,1.0,1.06
1811,0.0027583999999999994,1.02,1.08
1812,0.0027615999999999995,1.02,1.1
1813,0.0027647999999999995,1.06,1.1
1814,0.0027679999999999996,1.08,1.12
1815,0.0027711999999999997,1.08,1.1400000000000001
1816,0.0027743999999999998,1.1,1.16
1817,0.0027776,1.12,1.18
1818,0.0027808,1.12,1.2
1819,0.002784,1.1400000000000001,1.2
1820,0.0027871999999999992,1.16,1.22
1821,0.0027903999999999993,1.18,1.22
1822,0.0027935999999999994,1.18,1.26
1823,0.0027967999999999995,1.2,1.26
1824,0.0027999999999999995,1.22,1.28
1825,0.0028031999999999996,1.24,1.3
1826,0.0028063999999999997,1.26,1.32
1827,0.0028095999999999998,1.26,1.32
1828,0.0028128,1.28,1.36
1829,0.002816,1.3,1.3800000000000001
1830,0.0028192,1.32,1.3800000000000001
1831,0.002822399999999999,1.34,1.4000000000000001
1832,0.0028255999999999993,1.32,1.42
1833,0.0028287999999999994,1.36,1.42
1834,0.0028319999999999994,1.36,1.44
1835,0.0028351999999999995,1.3800000000000001,1.44
1836,0.0028383999999999996,1.4000000000000001,1.48
1837,0.0028415999999999997,1.42,1.5
1838,0.0028447999999999998,1.44,1.52
1839,0.002848,1.44,1.52
1840,0.0028512,1.46,1.54
1841,0.0028544,1.48,1.56
1842,0.0028576,1.48,1.58
1843,0.0028607999999999993,1.52,1.58
1844,0.0028639999999999994,1.52,1.6
1845,0.0028671999999999994,1.54,1.62
1846,0.0028703999999999995,1.54,1.6400000000000001
1847,0.0028735999999999996,1.56,1.6600000000000001
1848,0.0028767999999999997,1.58,1.6600000000000001
1849,0.0028799999999999997,1.6,1.68
1850,0.0028832,1.62,1.7
1851,0.0028864,1.6400000000000001,1.72
1852,0.0028896,1.6400000000000001,1.72
1853,0.0028928,1.6600000000000001,1.74
1854,0.0028959999999999993,1.68,1.76
1855,0.0028991999999999993,1.68,1.76
1856,0.0029023999999999994,1.7,1.78
1857,0.0029055999999999995,1.72,1.82
1858,0.0029087999999999996,1.74,1.8
1859,0.0029119999999999997,1.76,1.84
1860,0.0029151999999999997,1.76,1.86
1861,0.0029184,1.78,1.8800000000000001
1862,0.0029216,1.78,1.8800000000000001
1863,0.0029248,1.82,1.9000000000000001
1864,0.002928,1.82,1.9000000000000001
1865,0.0029311999999999993,1.82,1.94
1866,0.0029343999999999993,1.86,1.94
1867,0.0029375999999999994,1.8800000000000001,1.98
1868,0.0029407999999999995,1.8800000000000001,1.98
1869,0.0029439999999999996,1.8800000000000001,2.0
1870,0.0029471999999999996,1.9000000000000001,2.02
1871,0.0029503999999999997,1.94,2.02
1872,0.0029536,1.96,2.04
1873,0.0029568,1.96,2.06
1874,0.00296,1.96,2.08
1875,0.0029632,2.0,2.08
1876,0.0029663999999999992,2.02,2.1
1877,0.0029695999999999993,2.02,2.12
1878,0.0029727999999999994,2.04,2.14
1879,0.0029759999999999995,2.06,2.16
1880,0.0029791999999999996,2.06,2.18
1881,0.0029823999999999996,2.08,2.2
1882,0.0029855999999999997,2.1,2.2
1883,0.0029888,2.12,2.22
1884,0.002992,2.14,2.24
1885,0.0029952,2.14,2.24
1886,0.0029984,2.16,2.2600000000000002
1887,0.0030015999999999992,2.16,2.2800000000000002
1888,0.0030047999999999993,2.18,2.3000000000000003
1889,0.0030079999999999994,2.2,2.32
1890,0.0030111999999999995,2.22,2.34
1891,0.0030143999999999995,2.24,2.36
1892,0.0030175999999999996,2.24,2.36
1893,0.0030207999999999997,2.2600000000000002,2.38
1894,0.0030239999999999998,2.3000000000000003,2.38
1895,0.0030272,2.3000000000000003,2.42
1896,0.0030304,2.3000000000000003,2.42
1897,0.0030336,2.32,2.44
1898,0.0030367999999999992,2.34,2.46
1899,0.0030399999999999993,2.34,2.48
1900,0.0030431999999999994,2.38,2.48
1901,0.0030463999999999995,2.38,2.5
1902,0.0030495999999999995,2.4,2.52
1903,0.0030527999999999996,2.42,2.54
1904,0.0030559999999999997,2.44,2.54
1905,0.0030591999999999998,2.44,2.58
1906,0.0030624,2.44,2.58
1907,0.0030656,2.48,2.6
1908,0.0030688,2.5,2.62
1909,0.003071999999999999,2.5,2.62
1910,0.0030751999999999993,2.5,2.64
1911,0.0030783999999999994,2.52,2.66
1912,0.0030815999999999994,2.56,2.68
1913,0.0030847999999999995,2.56,2.7
1914,0.0030879999999999996,2.56,2.7
1915,0.0030911999999999997,2.6,2.72
1916,0.0030943999999999998,2.6,2.74
1917,0.0030976,2.62,2.7600000000000002
1918,0.0031008,2.62,2.7600000000000002
1919,0.003104,2.64,2.7800000000000002
1920,0.0031072,2.66,2.8000000000000003
1921,0.0031103999999999993,2.68,2.82
1922,0.0031135999999999994,2.7,2.84
1923,0.0031167999999999994,2.7,2.84
1924,0.0031199999999999995,2.72,2.86
1925,0.0031231999999999996,2.74,2.88
1926,0.0031263999999999997,2.7600000000000002,2.9
1927,0.0031295999999999997,2.7800000000000002,2.9
1928,0.0031328,2.7800000000000002,2.92
1929,0.003136,2.8000000000000003,2.94
1930,0.0031392,2.82,2.96
1931,0.0031424,2.84,2.98
1932,0.0031455999999999993,2.86,3.0
1933,0.0031487999999999993,2.86,3.0
1934,0.0031519999999999994,2.88,3.02
1935,0.0031551999999999995,2.9,3.04
1936,0.0031583999999999996,2.9,3.06
1937,0.0031615999999999997,2.92,3.06
1938,0.0031647999999999997,2.94,3.1
1939,0.003168,2.96,3.1
1940,0.0031712,2.96,3.12
1941,0.0031744,2.98,3.14
1942,0.0031776,3.0,3.16
1943,0.0031807999999999993,3.02,3.16
1944,0.0031839999999999993,3.02,3.18
1945,0.0031871999999999994,3.06,3.2
1946,0.0031903999999999995,3.06,3.22
1947,0.0031935999999999996,3.08,3.24
1948,0.0031967999999999996,3.08,3.2600000000000002
1949,0.0031999999999999997,3.12,3.2800000000000002
1950,0.0032032,3.14,3.3000000000000003
1951,0.0032064,3.14,3.3000000000000003
1952,0.0032096,3.16,3.3200000000000003
1953,0.0032128,3.16,3.3200000000000003
1954,0.0032159999999999992,3.18,3.34
1955,0.0032191999999999993,3.2,3.36
1956,0.0032223999999999994,3.24,3.38
1957,0.0032255999999999995,3.22,3.4
1958,0.0032287999999999996,3.24,3.42
1959,0.0032319999999999996,3.2600000000000002,3.42
1960,0.0032351999999999997,3.2800000000000002,3.44
1961,0.0032384,3.3000000000000003,3.46
1962,0.0032416,3.3000000000000003,3.46
1963,0.0032448,3.3200000000000003,3.5
1964,0.003248,3.34,3.5
1965,0.0032511999999999992,3.38,3.52
1966,0.0032543999999999993,3.36,3.52
1967,0.0032575999999999994,3.38,3.54
1968,0.0032607999999999995,3.4,3.56
1969,0.0032639999999999995,3.42,3.58
1970,0.0032671999999999996,3.42,3.6
1971,0.0032703999999999997,3.44,3.6
1972,0.0032735999999999998,3.46,3.64
1973,0.0032768,3.48,3.66
1974,0.00328,3.5,3.66
1975,0.0032832,3.52,3.68
1976,0.0032863999999999992,3.52,3.7
1977,0.0032895999999999993,3.54,3.7
1978,0.0032927999999999994,3.56,3.72
1979,0.0032959999999999995,3.56,3.74
1980,0.0032991999999999995,3.58,3.74
1981,0.0033023999999999996,3.6,3.7800000000000002
1982,0.0033055999999999997,3.6,3.7800000000000002
1983,0.0033087999999999998,3.62,3.8000000000000003
1984,0.003312,3.64,3.8200000000000003
1985,0.0033152,3.66,3.84
1986,0.0033184,3.68,3.86
1987,0.003321599999999999,3.68,3.88
1988,0.0033247999999999993,3.72,3.88
1989,0.0033279999999999994,3.72,3.9
1990,0.0033311999999999994,3.74,3.94
1991,0.0033343999999999995,3.7600000000000002,3.94
1992,0.0033375999999999996,3.7600000000000002,3.96
1993,0.0033407999999999997,3.7800000000000002,3.98
1994,0.0033439999999999998,3.8000000000000003,3.98
1995,0.0033472,3.8000000000000003,4.0
1996,0.0033504,3.8200000000000003,4.0
1997,0.0033536,3.84,4.0200000000000005
1998,0.003356799999999999,3.86,4.04
1999,0.0033599999999999993,3.88,3.4
