,time,v1,v2
0,0.000130432,1.04,1.22
1,0.00013046399999999998,1.06,1.2
2,0.000130496,1.06,1.22
3,0.00013052799999999998,1.08,1.22
4,0.00013056,1.08,1.24
5,0.00013059199999999999,1.08,1.26
6,0.00013062399999999997,1.1,1.24
7,0.000130656,1.1,1.26
8,0.00013068799999999998,1.12,1.28
9,0.00013072,1.12,1.3
10,0.00013075199999999998,1.12,1.28
11,0.000130784,1.1400000000000001,1.28
12,0.000130816,1.1400000000000001,1.3
13,0.00013084799999999998,1.1400000000000001,1.32
14,0.00013088,1.16,1.32
15,0.00013091199999999998,1.16,1.34
16,0.000130944,1.18,1.34
17,0.000130976,1.18,1.36
18,0.00013100799999999998,1.18,1.36
19,0.00013104,1.2,1.36
20,0.00013107199999999998,1.2,1.3800000000000001
21,0.000131104,1.22,1.3800000000000001
22,0.00013113599999999999,1.2,1.4000000000000001
23,0.00013116799999999997,1.24,1.4000000000000001
24,0.0001312,1.24,1.4000000000000001
25,0.00013123199999999998,1.24,1.42
26,0.000131264,1.24,1.42
27,0.00013129599999999998,1.26,1.44
28,0.000131328,1.26,1.44
29,0.00013136,1.26,1.44
30,0.00013139199999999998,1.28,1.46
31,0.000131424,1.28,1.48
32,0.00013145599999999998,1.28,1.48
33,0.000131488,1.3,1.48
34,0.00013152,1.3,1.48
35,0.00013155199999999998,1.32,1.5
36,0.000131584,1.32,1.52
37,0.00013161599999999998,1.32,1.52
38,0.000131648,1.34,1.5
39,0.00013167999999999999,1.34,1.52
40,0.00013171199999999997,1.36,1.52
41,0.000131744,1.36,1.54
42,0.00013177599999999998,1.36,1.56
43,0.000131808,1.36,1.56
44,0.00013183999999999998,1.3800000000000001,1.58
45,0.000131872,1.3800000000000001,1.58
46,0.000131904,1.4000000000000001,1.6
47,0.00013193599999999998,1.4000000000000001,1.6
48,0.000131968,1.4000000000000001,1.6
49,0.00013199999999999998,1.42,1.62
50,0.000132032,1.42,1.62
51,0.000132064,1.44,1.62
52,0.00013209599999999998,1.44,1.6400000000000001
53,0.000132128,1.44,1.6400000000000001
54,0.00013215999999999998,1.46,1.6600000000000001
55,0.000132192,1.46,1.6600000000000001
56,0.00013222399999999999,1.48,1.6600000000000001
57,0.00013225599999999998,1.48,1.68
58,0.000132288,1.48,1.68
59,0.00013231999999999998,1.48,1.68
60,0.000132352,1.52,1.7
61,0.00013238399999999998,1.52,1.7
62,0.000132416,1.52,1.72
63,0.000132448,1.54,1.74
64,0.00013247999999999998,1.52,1.74
65,0.000132512,1.52,1.74
66,0.00013254399999999998,1.56,1.76
67,0.000132576,1.56,1.76
68,0.000132608,1.56,1.76
69,0.00013263999999999998,1.58,1.78
70,0.000132672,1.56,1.78
71,0.00013270399999999998,1.58,1.78
72,0.000132736,1.6,1.78
73,0.000132768,1.6,1.8
74,0.00013279999999999998,1.62,1.82
75,0.000132832,1.62,1.82
76,0.00013286399999999998,1.6400000000000001,1.84
77,0.000132896,1.62,1.84
78,0.00013292799999999998,1.6400000000000001,1.86
79,0.00013296,1.6600000000000001,1.86
80,0.000132992,1.6600000000000001,1.86
81,0.00013302399999999998,1.6600000000000001,1.86
82,0.000133056,1.68,1.86
83,0.00013308799999999998,1.68,1.8800000000000001
84,0.00013312,1.7,1.8800000000000001
85,0.000133152,1.7,1.92
86,0.00013318399999999998,1.72,1.92
87,0.000133216,1.72,1.92
88,0.00013324799999999998,1.7,1.94
89,0.00013328,1.74,1.94
90,0.000133312,1.74,1.94
91,0.00013334399999999998,1.76,1.96
92,0.000133376,1.76,1.96
93,0.00013340799999999998,1.76,1.98
94,0.00013344,1.78,1.96
95,0.00013347199999999999,1.78,1.98
96,0.000133504,1.78,2.0
97,0.000133536,1.8,2.0
98,0.00013356799999999998,1.8,2.02
99,0.0001336,1.8,2.02
100,0.00013363199999999998,1.82,2.04
101,0.000133664,1.82,2.04
102,0.000133696,1.84,2.04
103,0.00013372799999999998,1.84,2.06
104,0.00013376,1.84,2.04
105,0.00013379199999999998,1.86,2.08
106,0.000133824,1.86,2.08
107,0.000133856,1.86,2.08
108,0.00013388799999999998,1.8800000000000001,2.1
109,0.00013392,1.8800000000000001,2.1
110,0.00013395199999999998,1.8800000000000001,2.1
111,0.000133984,1.8800000000000001,2.12
112,0.00013401599999999999,1.9000000000000001,2.12
113,0.00013404799999999997,1.92,2.14
114,0.00013408,1.92,2.14
115,0.00013411199999999998,1.92,2.16
116,0.000134144,1.94,2.16
117,0.00013417599999999998,1.94,2.18
118,0.000134208,1.94,2.18
119,0.00013424,1.96,2.18
120,0.00013427199999999998,1.98,2.2
121,0.000134304,1.98,2.18
122,0.00013433599999999998,2.0,2.2
123,0.000134368,1.98,2.2
124,0.0001344,2.0,2.22
125,0.00013443199999999998,2.0,2.24
126,0.000134464,2.02,2.24
127,0.00013449599999999998,2.02,2.24
128,0.000134528,2.04,2.2600000000000002
129,0.00013455999999999999,2.02,2.2600000000000002
130,0.00013459199999999997,2.04,2.2800000000000002
131,0.000134624,2.06,2.2800000000000002
132,0.00013465599999999998,2.06,2.3000000000000003
133,0.000134688,2.08,2.3000000000000003
134,0.00013471999999999998,2.08,2.3000000000000003
135,0.000134752,2.08,2.32
136,0.000134784,2.1,2.32
137,0.00013481599999999998,2.1,2.34
138,0.000134848,2.12,2.34
139,0.00013487999999999998,2.1,2.34
140,0.000134912,2.12,2.34
141,0.000134944,2.14,2.36
142,0.00013497599999999998,2.14,2.38
143,0.000135008,2.14,2.38
144,0.00013503999999999998,2.16,2.38
145,0.000135072,2.16,2.4
146,0.00013510399999999999,2.18,2.4
147,0.00013513599999999997,2.18,2.42
148,0.000135168,2.18,2.42
149,0.00013519999999999998,2.2,2.42
150,0.000135232,2.2,2.44
151,0.00013526399999999998,2.22,2.44
152,0.000135296,2.22,2.44
153,0.000135328,2.24,2.44
154,0.00013535999999999998,2.24,2.46
155,0.000135392,2.24,2.46
156,0.00013542399999999998,2.24,2.48
157,0.000135456,2.2600000000000002,2.5
158,0.000135488,2.2800000000000002,2.5
159,0.00013551999999999998,2.2800000000000002,2.5
160,0.000135552,2.2800000000000002,2.5
161,0.00013558399999999998,2.3000000000000003,2.52
162,0.000135616,2.3000000000000003,2.52
163,0.00013564799999999999,2.3000000000000003,2.52
164,0.00013567999999999997,2.32,2.54
165,0.000135712,2.32,2.56
166,0.00013574399999999998,2.32,2.58
167,0.000135776,2.34,2.58
168,0.00013580799999999998,2.34,2.58
169,0.00013584,2.34,2.58
170,0.000135872,2.34,2.6
171,0.00013590399999999998,2.36,2.6
172,0.000135936,2.38,2.6
173,0.00013596799999999998,2.38,2.6
174,0.000136,2.38,2.62
175,0.000136032,2.4,2.62
176,0.00013606399999999998,2.38,2.66
177,0.000136096,2.42,2.64
178,0.00013612799999999998,2.42,2.66
179,0.00013616,2.42,2.66
180,0.00013619199999999999,2.44,2.68
181,0.00013622399999999998,2.44,2.68
182,0.000136256,2.44,2.7
183,0.00013628799999999998,2.46,2.7
184,0.00013632,2.46,2.7
185,0.00013635199999999998,2.48,2.72
186,0.000136384,2.48,2.72
187,0.000136416,2.48,2.74
188,0.00013644799999999998,2.5,2.74
189,0.00013648,2.5,2.74
190,0.00013651199999999998,2.5,2.7600000000000002
191,0.000136544,2.5,2.7800000000000002
192,0.000136576,2.52,2.7800000000000002
193,0.00013660799999999998,2.52,2.7800000000000002
194,0.00013664,2.52,2.8000000000000003
195,0.00013667199999999998,2.54,2.8000000000000003
196,0.000136704,2.54,2.8000000000000003
197,0.000136736,2.54,2.82
198,0.00013676799999999998,2.58,2.82
199,0.0001368,2.58,2.82
200,0.00013683199999999998,2.58,2.84
201,0.000136864,2.58,2.84
202,0.00013689599999999998,2.6,2.86
203,0.00013692799999999997,2.6,2.86
204,0.00013696,2.6,2.86
205,0.00013699199999999998,2.62,2.88
206,0.000137024,2.64,2.9
207,0.00013705599999999998,2.62,2.9
208,0.000137088,2.64,2.9
209,0.00013712,2.66,2.9
210,0.00013715199999999998,2.64,2.92
211,0.000137184,2.66,2.92
212,0.00013721599999999998,2.68,2.94
213,0.000137248,2.68,2.94
214,0.00013728,2.68,2.94
215,0.00013731199999999998,2.7,2.96
216,0.000137344,2.7,2.96
217,0.00013737599999999998,2.7,2.98
218,0.000137408,2.72,2.98
219,0.00013743999999999999,2.72,3.0
220,0.00013747199999999997,2.74,3.0
221,0.000137504,2.74,3.0
222,0.00013753599999999998,2.74,3.02
223,0.000137568,2.7600000000000002,3.02
224,0.00013759999999999998,2.7600000000000002,3.04
225,0.000137632,2.7600000000000002,3.04
226,0.000137664,2.7800000000000002,3.06
227,0.00013769599999999998,2.7800000000000002,3.06
228,0.000137728,2.8000000000000003,3.06
229,0.00013775999999999998,2.8000000000000003,3.08
230,0.000137792,2.8000000000000003,3.08
231,0.000137824,2.84,3.08
232,0.00013785599999999998,2.84,3.1
233,0.000137888,2.84,3.1
234,0.00013791999999999998,2.84,3.12
235,0.000137952,2.86,3.12
236,0.00013798399999999999,2.86,3.12
237,0.00013801599999999997,2.88,3.14
238,0.000138048,2.88,3.16
239,0.00013807999999999998,2.88,3.16
240,0.000138112,2.88,3.16
241,0.00013814399999999998,2.9,3.18
242,0.000138176,2.92,3.18
243,0.000138208,2.92,3.18
244,0.00013823999999999998,2.92,3.2
245,0.000138272,2.92,3.2
246,0.00013830399999999998,2.94,3.22
247,0.000138336,2.94,3.22
248,0.000138368,2.96,3.24
249,0.00013839999999999998,2.98,3.24
250,0.000138432,2.98,3.24
251,0.00013846399999999998,2.98,3.2600000000000002
252,0.000138496,2.98,3.2600000000000002
253,0.00013852799999999999,2.98,3.2800000000000002
254,0.00013855999999999997,3.0,3.2800000000000002
255,0.000138592,3.02,3.2800000000000002
256,0.00013862399999999998,3.0,3.3000000000000003
257,0.000138656,3.02,3.3000000000000003
258,0.00013868799999999998,3.02,3.3200000000000003
259,0.00013872,3.04,3.3200000000000003
260,0.000138752,3.04,3.34
261,0.00013878399999999998,3.06,3.34
262,0.000138816,3.06,3.36
263,0.00013884799999999998,3.08,3.36
264,0.00013888,3.08,3.36
265,0.000138912,3.08,3.36
266,0.00013894399999999998,3.1,3.38
267,0.000138976,3.1,3.38
268,0.00013900799999999998,3.12,3.4
269,0.00013904,3.12,3.42
270,0.00013907199999999999,3.12,3.42
271,0.00013910399999999997,3.14,3.42
272,0.000139136,3.14,3.42
273,0.00013916799999999998,3.16,3.46
274,0.0001392,3.18,3.46
275,0.00013923199999999998,3.16,3.46
276,0.000139264,3.18,3.46
277,0.000139296,3.2,3.46
278,0.00013932799999999998,3.18,3.48
279,0.00013936,3.2,3.48
280,0.00013939199999999998,3.2,3.48
281,0.000139424,3.22,3.5
282,0.000139456,3.22,3.5
283,0.00013948799999999998,3.24,3.52
284,0.00013952,3.24,3.54
285,0.00013955199999999998,3.2600000000000002,3.54
286,0.000139584,3.2600000000000002,3.54
287,0.00013961599999999999,3.2600000000000002,3.54
288,0.00013964799999999997,3.2600000000000002,3.56
289,0.00013968,3.3000000000000003,3.56
290,0.00013971199999999998,3.3000000000000003,3.58
291,0.000139744,3.3000000000000003,3.58
292,0.00013977599999999998,3.3000000000000003,3.58
293,0.000139808,3.3200000000000003,3.6
294,0.00013984,3.34,3.6
295,0.00013987199999999998,3.3200000000000003,3.62
296,0.000139904,3.34,3.62
297,0.00013993599999999998,3.34,3.64
298,0.000139968,3.36,3.64
299,0.00014,3.36,3.64
300,0.00014003199999999998,3.36,3.66
301,0.000140064,3.38,3.66
302,0.00014009599999999998,3.38,3.68
303,0.000140128,3.38,3.68
304,0.00014015999999999999,3.38,3.7
305,0.00014019199999999998,3.4,3.7
306,0.000140224,3.42,3.7
307,0.00014025599999999998,3.42,3.72
308,0.000140288,3.42,3.72
309,0.00014031999999999998,3.44,3.74
310,0.000140352,3.44,3.74
311,0.000140384,3.44,3.74
312,0.00014041599999999998,3.46,3.7600000000000002
313,0.000140448,3.48,3.7600000000000002
314,0.00014047999999999998,3.48,3.7600000000000002
315,0.000140512,3.48,3.7800000000000002
316,0.000140544,3.48,3.8000000000000003
317,0.00014057599999999998,3.5,3.8000000000000003
318,0.000140608,3.5,3.8000000000000003
319,0.00014063999999999998,3.52,3.8200000000000003
320,0.000140672,3.52,3.84
321,0.00014070399999999999,3.52,3.84
322,0.00014073599999999998,3.54,3.86
323,0.000140768,3.54,3.84
324,0.00014079999999999998,3.56,3.86
325,0.000140832,3.56,3.86
326,0.00014086399999999998,3.56,3.88
327,0.000140896,3.56,3.88
328,0.000140928,3.58,3.9
329,0.00014095999999999998,3.58,3.9
330,0.000140992,3.6,3.9
331,0.00014102399999999998,3.6,3.92
332,0.000141056,3.62,3.92
333,0.000141088,3.62,3.94
334,0.00014111999999999998,3.62,3.94
335,0.000141152,3.64,3.94
336,0.00014118399999999998,3.64,3.96
337,0.000141216,3.66,3.96
338,0.000141248,3.66,3.96
339,0.00014127999999999998,3.68,3.98
340,0.000141312,3.68,3.98
341,0.00014134399999999998,3.7,4.0
342,0.000141376,3.68,4.0
343,0.00014140799999999999,3.7,4.0
344,0.00014144,3.7,4.0200000000000005
345,0.000141472,3.72,4.0200000000000005
346,0.00014150399999999998,3.74,4.04
347,0.000141536,3.74,4.04
348,0.00014156799999999998,3.74,4.04
349,0.0001416,3.74,4.0600000000000005
350,0.000141632,3.7600000000000002,4.0600000000000005
351,0.00014166399999999998,3.7600000000000002,4.1
352,0.000141696,3.7600000000000002,4.08
353,0.00014172799999999998,3.7800000000000002,4.08
354,0.00014176,3.7800000000000002,4.1
355,0.000141792,3.8000000000000003,4.1
356,0.00014182399999999998,3.8000000000000003,4.12
357,0.000141856,3.8200000000000003,4.12
358,0.00014188799999999998,3.8200000000000003,4.14
359,0.00014192,3.8200000000000003,4.14
360,0.00014195199999999999,3.8200000000000003,4.14
361,0.000141984,3.84,4.16
362,0.000142016,3.84,4.16
363,0.00014204799999999998,3.86,4.18
364,0.00014208,3.86,4.18
365,0.00014211199999999998,3.86,4.2
366,0.000142144,3.88,4.2
367,0.000142176,3.88,4.2
368,0.00014220799999999998,3.9,4.22
369,0.00014224,3.92,4.22
370,0.00014227199999999998,3.92,4.24
371,0.000142304,3.92,4.24
372,0.000142336,3.92,4.26
373,0.00014236799999999998,3.92,4.26
374,0.0001424,3.94,4.26
375,0.00014243199999999998,3.96,4.28
376,0.000142464,3.94,4.28
377,0.00014249599999999999,3.96,4.28
378,0.000142528,3.98,4.3
379,0.00014256,3.98,4.3
380,0.00014259199999999998,3.98,4.3
381,0.000142624,4.0,4.32
382,0.00014265599999999998,4.0,4.32
383,0.000142688,4.0200000000000005,4.34
384,0.00014272,4.0200000000000005,4.34
385,0.00014275199999999998,4.04,4.36
386,0.000142784,4.04,4.36
387,0.00014281599999999998,4.04,4.36
388,0.000142848,4.0600000000000005,4.38
389,0.00014288,4.0600000000000005,4.4
390,0.00014291199999999998,4.0600000000000005,4.4
391,0.000142944,4.08,4.42
392,0.00014297599999999998,4.08,4.42
393,0.000143008,4.1,4.42
394,0.00014303999999999999,4.1,4.44
395,0.000143072,4.1,4.44
396,0.000143104,4.12,4.46
397,0.00014313599999999998,4.12,4.46
398,0.000143168,4.12,4.46
399,0.00014319999999999998,4.16,4.46
400,0.000143232,4.14,4.48
401,0.000143264,4.16,4.5
402,0.00014329599999999998,4.16,4.5
403,0.000143328,4.16,4.5
404,0.00014335999999999998,4.18,4.5200000000000005
405,0.000143392,4.18,4.5200000000000005
406,0.000143424,4.18,4.54
407,0.00014345599999999998,4.22,4.54
408,0.000143488,4.22,4.5600000000000005
409,0.00014351999999999998,4.22,4.5600000000000005
410,0.000143552,4.22,4.5600000000000005
411,0.00014358399999999999,4.22,4.58
412,0.000143616,4.22,4.58
413,0.000143648,4.24,4.58
414,0.00014367999999999998,4.24,4.6000000000000005
415,0.000143712,4.28,4.6000000000000005
416,0.00014374399999999998,4.26,4.62
417,0.000143776,4.28,4.62
418,0.000143808,4.28,4.62
419,0.00014383999999999998,4.3,4.64
420,0.000143872,4.32,4.64
421,0.00014390399999999998,4.3,4.64
422,0.000143936,4.32,4.66
423,0.000143968,4.32,4.66
424,0.00014399999999999998,4.34,4.7
425,0.000144032,4.34,4.68
426,0.00014406399999999998,4.34,4.7
427,0.000144096,4.36,4.7
428,0.00014412799999999999,4.36,4.7
429,0.00014416,4.38,4.72
430,0.000144192,4.38,4.72
431,0.00014422399999999998,4.4,4.74
432,0.000144256,4.4,4.76
433,0.00014428799999999998,4.4,4.76
434,0.00014432,4.42,4.76
435,0.000144352,4.42,4.76
436,0.00014438399999999998,4.42,4.78
437,0.000144416,4.44,4.78
438,0.00014444799999999998,4.44,4.8
439,0.00014448,4.44,4.82
440,0.000144512,4.46,4.8
441,0.00014454399999999998,4.46,4.82
442,0.000144576,4.48,4.82
443,0.00014460799999999998,4.48,4.84
444,0.00014464,4.48,4.84
445,0.00014467199999999999,4.5,4.86
446,0.000144704,4.5,4.86
447,0.000144736,4.5200000000000005,4.86
448,0.00014476799999999998,4.5200000000000005,4.88
449,0.0001448,4.5200000000000005,4.88
450,0.00014483199999999998,4.54,4.88
451,0.00014486399999999997,4.5600000000000005,4.9
452,0.000144896,4.5600000000000005,4.9
453,0.00014492799999999998,4.5600000000000005,4.92
454,0.00014496,4.58,4.92
455,0.00014499199999999998,4.58,4.94
456,0.000145024,4.58,4.94
457,0.000145056,4.58,4.94
458,0.00014508799999999998,4.36,-0.04
459,0.00014512,4.08,0.2
460,0.00014515199999999998,3.84,0.12
461,0.000145184,3.6,0.08
462,0.000145216,3.4,0.12
463,0.00014524799999999998,3.2,0.12
464,0.00014528,3.02,0.12
465,0.00014531199999999998,2.84,0.12
466,0.000145344,2.68,0.12
467,0.00014537599999999999,2.54,0.12
468,0.00014540799999999997,2.4,0.14
469,0.00014544,2.2600000000000002,0.12
470,0.00014547199999999998,2.16,0.16
471,0.000145504,2.04,0.16
472,0.00014553599999999998,1.94,0.16
473,0.000145568,1.84,0.16
474,0.0001456,1.74,0.18
475,0.00014563199999999998,1.6600000000000001,0.18
476,0.000145664,1.58,0.2
477,0.00014569599999999998,1.5,0.18
478,0.000145728,1.44,0.2
479,0.00014576,1.3800000000000001,0.2
480,0.000145792,1.32,0.2
481,0.000145824,1.24,0.22
482,0.00014585599999999998,1.18,0.22
483,0.000145888,1.16,0.24
484,0.00014591999999999999,1.1,0.22
485,0.00014595199999999997,1.06,0.26
486,0.000145984,1.02,0.26
487,0.00014601599999999998,0.96,0.26
488,0.000146048,0.9400000000000001,0.28
489,0.00014607999999999998,0.9,0.28
490,0.000146112,0.88,0.3
491,0.000146144,0.84,0.3
492,0.00014617599999999998,0.8200000000000001,0.3
493,0.000146208,0.8,0.3
494,0.00014623999999999998,0.78,0.32
495,0.000146272,0.76,0.34
496,0.000146304,0.72,0.34
497,0.000146336,0.7000000000000001,0.32
498,0.000146368,0.7000000000000001,0.36
499,0.00014639999999999998,0.68,0.36
500,0.000146432,0.64,0.36
501,0.00014646399999999999,0.66,0.38
502,0.00014649599999999997,0.64,0.38
503,0.000146528,0.62,0.38
504,0.00014655999999999998,0.62,0.4
505,0.000146592,0.62,0.4
506,0.00014662399999999998,0.6,0.4
507,0.000146656,0.6,0.42
508,0.000146688,0.58,0.42
509,0.00014671999999999998,0.58,0.44
510,0.000146752,0.58,0.44
511,0.00014678399999999998,0.56,0.44
512,0.000146816,0.58,0.46
513,0.000146848,0.56,0.46
514,0.00014688,0.56,0.48
515,0.000146912,0.56,0.48
516,0.00014694399999999998,0.56,0.48
517,0.000146976,0.56,0.5
518,0.00014700799999999999,0.56,0.5
519,0.00014703999999999997,0.56,0.5
520,0.000147072,0.56,0.52
521,0.00014710399999999998,0.56,0.54
522,0.000147136,0.56,0.54
523,0.00014716799999999998,0.56,0.56
524,0.0001472,0.54,0.54
525,0.000147232,0.56,0.56
526,0.00014726399999999998,0.56,0.56
527,0.000147296,0.56,0.58
528,0.00014732799999999998,0.56,0.58
529,0.00014736,0.58,0.6
530,0.000147392,0.58,0.6
531,0.000147424,0.58,0.62
532,0.000147456,0.58,0.62
533,0.00014748799999999998,0.58,0.62
534,0.00014752,0.6,0.64
535,0.00014755199999999999,0.6,0.64
536,0.00014758399999999997,0.6,0.66
537,0.000147616,0.62,0.66
538,0.00014764799999999998,0.62,0.66
539,0.00014768,0.6,0.68
540,0.00014771199999999998,0.62,0.68
541,0.000147744,0.62,0.68
542,0.000147776,0.62,0.7000000000000001
543,0.00014780799999999998,0.64,0.72
544,0.00014784,0.64,0.72
545,0.00014787199999999998,0.64,0.74
546,0.000147904,0.64,0.74
547,0.000147936,0.66,0.74
548,0.00014796799999999998,0.66,0.76
549,0.000148,0.66,0.76
550,0.00014803199999999998,0.66,0.78
551,0.000148064,0.66,0.78
552,0.00014809599999999999,0.68,0.78
553,0.00014812799999999997,0.7000000000000001,0.8
554,0.00014816,0.7000000000000001,0.8
555,0.00014819199999999998,0.7000000000000001,0.8200000000000001
556,0.000148224,0.72,0.8200000000000001
557,0.00014825599999999998,0.72,0.8200000000000001
558,0.000148288,0.74,0.84
559,0.00014832,0.74,0.84
560,0.00014835199999999998,0.74,0.86
561,0.000148384,0.74,0.86
562,0.00014841599999999998,0.76,0.86
563,0.000148448,0.76,0.88
564,0.00014848,0.76,0.88
565,0.00014851199999999998,0.78,0.9
566,0.000148544,0.78,0.9
567,0.00014857599999999998,0.78,0.92
568,0.000148608,0.8,0.92
569,0.00014863999999999999,0.8,0.92
570,0.00014867199999999998,0.8,0.9400000000000001
571,0.000148704,0.8,0.9400000000000001
572,0.00014873599999999998,0.8200000000000001,0.96
573,0.000148768,0.84,0.96
574,0.00014879999999999998,0.8200000000000001,0.96
575,0.000148832,0.84,0.98
576,0.000148864,0.86,0.98
577,0.00014889599999999998,0.86,0.98
578,0.000148928,0.86,1.0
579,0.00014895999999999998,0.88,1.0
580,0.000148992,0.88,1.02
581,0.000149024,0.88,1.02
582,0.00014905599999999998,0.9,1.04
583,0.000149088,0.9,1.04
584,0.00014911999999999998,0.92,1.04
585,0.000149152,0.92,1.06
586,0.000149184,0.9400000000000001,1.06
587,0.00014921599999999998,0.9400000000000001,1.06
588,0.000149248,0.9400000000000001,1.08
589,0.00014927999999999998,0.9400000000000001,1.1
590,0.000149312,0.96,1.1
591,0.00014934399999999999,0.96,1.1
592,0.000149376,0.96,1.12
593,0.000149408,0.98,1.12
594,0.00014943999999999998,0.98,1.1400000000000001
595,0.000149472,0.98,1.1400000000000001
596,0.00014950399999999998,0.98,1.1400000000000001
597,0.000149536,1.0,1.16
598,0.000149568,1.02,1.16
599,0.00014959999999999998,1.02,1.18
600,0.000149632,1.02,1.18
601,0.00014966399999999998,1.04,1.2
602,0.000149696,1.02,1.18
603,0.000149728,1.04,1.22
604,0.00014975999999999998,1.04,1.22
605,0.000149792,1.08,1.22
606,0.00014982399999999998,1.08,1.24
607,0.000149856,1.08,1.24
608,0.00014988799999999999,1.1,1.26
609,0.00014992,1.1,1.24
610,0.000149952,1.1,1.28
611,0.00014998399999999998,1.12,1.28
612,0.000150016,1.12,1.28
613,0.00015004799999999998,1.12,1.3
614,0.00015008,1.12,1.3
615,0.000150112,1.1400000000000001,1.3
616,0.00015014399999999998,1.1400000000000001,1.32
617,0.000150176,1.16,1.34
618,0.00015020799999999998,1.16,1.34
619,0.00015024,1.18,1.34
620,0.000150272,1.18,1.36
621,0.00015030399999999998,1.18,1.36
622,0.000150336,1.2,1.36
623,0.00015036799999999998,1.2,1.3800000000000001
624,0.0001504,1.22,1.3800000000000001
625,0.00015043199999999999,1.22,1.4000000000000001
626,0.000150464,1.22,1.4000000000000001
627,0.000150496,1.24,1.4000000000000001
628,0.00015052799999999998,1.24,1.42
629,0.00015056,1.24,1.42
630,0.00015059199999999998,1.24,1.44
631,0.000150624,1.26,1.44
632,0.000150656,1.26,1.44
633,0.00015068799999999998,1.28,1.46
634,0.00015072,1.28,1.46
635,0.00015075199999999998,1.3,1.48
636,0.000150784,1.28,1.48
637,0.000150816,1.3,1.5
638,0.00015084799999999998,1.32,1.48
639,0.00015088,1.32,1.5
640,0.00015091199999999998,1.32,1.52
641,0.000150944,1.34,1.52
642,0.00015097599999999999,1.34,1.52
643,0.000151008,1.36,1.54
644,0.00015104,1.36,1.54
645,0.00015107199999999998,1.36,1.56
646,0.000151104,1.3800000000000001,1.56
647,0.00015113599999999998,1.3800000000000001,1.58
648,0.000151168,1.4000000000000001,1.58
649,0.0001512,1.3800000000000001,1.56
650,0.00015123199999999998,1.4000000000000001,1.6
651,0.000151264,1.42,1.6
652,0.00015129599999999998,1.42,1.6
653,0.000151328,1.42,1.62
654,0.00015136,1.44,1.62
655,0.00015139199999999998,1.44,1.6400000000000001
656,0.000151424,1.44,1.6400000000000001
657,0.00015145599999999998,1.46,1.6400000000000001
658,0.000151488,1.48,1.6600000000000001
659,0.00015151999999999999,1.48,1.6600000000000001
660,0.000151552,1.48,1.68
661,0.000151584,1.5,1.68
662,0.00015161599999999998,1.5,1.7
663,0.000151648,1.5,1.7
664,0.00015167999999999998,1.52,1.7
665,0.000151712,1.5,1.72
666,0.000151744,1.54,1.7
667,0.00015177599999999998,1.54,1.74
668,0.000151808,1.54,1.74
669,0.00015183999999999998,1.54,1.74
670,0.000151872,1.56,1.76
671,0.000151904,1.58,1.76
672,0.00015193599999999998,1.58,1.78
673,0.000151968,1.58,1.78
674,0.00015199999999999998,1.58,1.78
675,0.000152032,1.6,1.8
676,0.00015206399999999999,1.6,1.8
677,0.000152096,1.62,1.8
678,0.000152128,1.62,1.82
679,0.00015215999999999998,1.62,1.84
680,0.000152192,1.6400000000000001,1.84
681,0.00015222399999999998,1.62,1.86
682,0.00015225599999999997,1.6600000000000001,1.86
683,0.000152288,1.6400000000000001,1.86
684,0.00015231999999999998,1.6600000000000001,1.86
685,0.000152352,1.68,1.8800000000000001
686,0.00015238399999999998,1.68,1.9000000000000001
687,0.000152416,1.68,1.9000000000000001
688,0.000152448,1.7,1.9000000000000001
689,0.00015247999999999998,1.7,1.9000000000000001
690,0.000152512,1.7,1.9000000000000001
691,0.00015254399999999998,1.72,1.92
692,0.000152576,1.72,1.94
693,0.00015260799999999999,1.74,1.94
694,0.00015264,1.74,1.94
695,0.000152672,1.74,1.96
696,0.00015270399999999998,1.76,1.98
697,0.000152736,1.76,1.98
698,0.00015276799999999998,1.78,1.98
699,0.00015279999999999997,1.78,1.98
700,0.000152832,1.8,1.98
701,0.00015286399999999998,1.8,2.0
702,0.000152896,1.8,2.02
703,0.00015292799999999998,1.82,2.02
704,0.00015296,1.82,2.02
705,0.000152992,1.82,2.04
706,0.00015302399999999998,1.84,2.06
707,0.000153056,1.84,2.06
708,0.00015308799999999998,1.86,2.06
709,0.00015312,1.86,2.08
710,0.000153152,1.86,2.08
711,0.000153184,1.86,2.1
712,0.000153216,1.8800000000000001,2.1
713,0.00015324799999999998,1.9000000000000001,2.12
714,0.00015328,1.8800000000000001,2.12
715,0.00015331199999999998,1.9000000000000001,2.12
716,0.00015334399999999997,1.92,2.14
717,0.000153376,1.92,2.12
718,0.00015340799999999998,1.92,2.16
719,0.00015344,1.94,2.14
720,0.00015347199999999998,1.94,2.18
721,0.000153504,1.96,2.18
722,0.000153536,1.96,2.18
723,0.00015356799999999998,1.96,2.2
724,0.0001536,1.98,2.2
725,0.00015363199999999998,1.98,2.2
726,0.000153664,1.98,2.22
727,0.000153696,1.98,2.22
728,0.000153728,2.02,2.24
729,0.00015376,2.02,2.24
730,0.00015379199999999998,2.0,2.24
731,0.000153824,2.02,2.2600000000000002
732,0.00015385599999999999,2.04,2.2600000000000002
733,0.00015388799999999997,2.06,2.2800000000000002
734,0.00015392,2.06,2.2800000000000002
735,0.00015395199999999998,2.04,2.2800000000000002
736,0.000153984,2.06,2.2800000000000002
737,0.00015401599999999998,2.08,2.3000000000000003
738,0.000154048,2.08,2.32
739,0.00015408,2.1,2.3000000000000003
740,0.00015411199999999998,2.1,2.32
741,0.000154144,2.1,2.34
742,0.00015417599999999998,2.12,2.34
743,0.000154208,2.12,2.36
744,0.00015424,2.14,2.36
745,0.000154272,2.12,2.38
746,0.000154304,2.14,2.36
747,0.00015433599999999998,2.16,2.38
748,0.000154368,2.14,2.4
749,0.00015439999999999999,2.16,2.4
750,0.00015443199999999997,2.18,2.42
751,0.000154464,2.18,2.42
752,0.00015449599999999998,2.2,2.42
753,0.000154528,2.2,2.42
754,0.00015455999999999998,2.22,2.44
755,0.000154592,2.22,2.46
756,0.000154624,2.22,2.46
757,0.00015465599999999998,2.24,2.46
758,0.000154688,2.24,2.48
759,0.00015471999999999998,2.24,2.48
760,0.000154752,2.2600000000000002,2.5
761,0.000154784,2.2600000000000002,2.48
762,0.000154816,2.2600000000000002,2.5
763,0.000154848,2.2800000000000002,2.5
764,0.00015487999999999998,2.2800000000000002,2.52
765,0.000154912,2.3000000000000003,2.52
766,0.00015494399999999999,2.3000000000000003,2.54
767,0.00015497599999999997,2.3000000000000003,2.56
768,0.000155008,2.3000000000000003,2.56
769,0.00015503999999999998,2.32,2.56
770,0.000155072,2.34,2.58
771,0.00015510399999999998,2.34,2.56
772,0.000155136,2.34,2.58
773,0.000155168,2.36,2.6
774,0.00015519999999999998,2.36,2.6
775,0.000155232,2.38,2.62
776,0.00015526399999999998,2.36,2.62
777,0.000155296,2.38,2.62
778,0.000155328,2.4,2.64
779,0.00015536,2.4,2.64
780,0.000155392,2.4,2.66
781,0.00015542399999999998,2.42,2.66
782,0.000155456,2.44,2.66
783,0.00015548799999999999,2.44,2.66
784,0.00015551999999999997,2.42,2.68
785,0.000155552,2.44,2.7
786,0.00015558399999999998,2.46,2.7
787,0.000155616,2.44,2.7
788,0.00015564799999999998,2.48,2.72
789,0.00015568,2.48,2.72
790,0.000155712,2.48,2.72
791,0.00015574399999999998,2.5,2.74
792,0.000155776,2.5,2.74
793,0.00015580799999999998,2.5,2.7600000000000002
794,0.00015584,2.52,2.7600000000000002
795,0.000155872,2.52,2.7800000000000002
796,0.000155904,2.52,2.7800000000000002
797,0.000155936,2.52,2.7800000000000002
798,0.00015596799999999998,2.56,2.8000000000000003
799,0.000156,2.54,2.8000000000000003
800,0.00015603199999999999,2.56,2.82
801,0.00015606399999999997,2.56,2.8000000000000003
802,0.000156096,2.56,2.82
803,0.00015612799999999998,2.58,2.84
804,0.00015616,2.58,2.84
805,0.00015619199999999998,2.58,2.84
806,0.000156224,2.6,2.86
807,0.000156256,2.6,2.86
808,0.00015628799999999998,2.6,2.88
809,0.00015632,2.62,2.88
810,0.00015635199999999998,2.64,2.88
811,0.000156384,2.62,2.9
812,0.000156416,2.64,2.92
813,0.000156448,2.64,2.92
814,0.00015648,2.66,2.92
815,0.00015651199999999998,2.66,2.92
816,0.000156544,2.66,2.94
817,0.00015657599999999999,2.68,2.94
818,0.00015660799999999998,2.7,2.96
819,0.00015664,2.7,2.98
820,0.00015667199999999998,2.7,2.98
821,0.000156704,2.72,2.98
822,0.00015673599999999998,2.72,2.98
823,0.000156768,2.72,3.0
824,0.0001568,2.74,3.0
825,0.00015683199999999998,2.74,3.0
826,0.000156864,2.7600000000000002,3.02
827,0.00015689599999999998,2.7600000000000002,3.02
828,0.000156928,2.7800000000000002,3.04
829,0.00015696,2.7800000000000002,3.04
830,0.000156992,2.7800000000000002,3.04
831,0.000157024,2.7800000000000002,3.06
832,0.00015705599999999998,2.82,3.06
833,0.000157088,2.82,3.08
834,0.00015712,2.82,3.08
835,0.00015715199999999998,2.82,3.1
836,0.000157184,2.82,3.1
837,0.00015721599999999998,2.84,3.12
838,0.000157248,2.86,3.12
839,0.00015727999999999998,2.86,3.12
840,0.000157312,2.88,3.14
841,0.000157344,2.88,3.16
842,0.00015737599999999998,2.88,3.16
843,0.000157408,2.88,3.16
844,0.00015743999999999998,2.88,3.16
845,0.000157472,2.9,3.18
846,0.000157504,2.92,3.18
847,0.00015753599999999998,2.92,3.2
848,0.000157568,2.92,3.2
849,0.00015759999999999998,2.94,3.2
850,0.000157632,2.96,3.22
851,0.000157664,2.96,3.22
852,0.00015769599999999998,2.96,3.24
853,0.000157728,2.98,3.24
854,0.00015775999999999998,2.98,3.24
855,0.000157792,2.98,3.2600000000000002
856,0.00015782399999999999,2.98,3.2600000000000002
857,0.000157856,3.0,3.2800000000000002
858,0.000157888,3.0,3.2800000000000002
859,0.00015791999999999998,3.0,3.3000000000000003
860,0.000157952,3.02,3.3000000000000003
861,0.00015798399999999998,3.04,3.3000000000000003
862,0.000158016,3.04,3.3200000000000003
863,0.000158048,3.04,3.3200000000000003
864,0.00015807999999999998,3.06,3.34
865,0.000158112,3.06,3.34
866,0.00015814399999999998,3.06,3.36
867,0.000158176,3.06,3.36
868,0.000158208,3.08,3.36
869,0.00015823999999999998,3.1,3.36
870,0.000158272,3.1,3.4
871,0.00015830399999999998,3.1,3.38
872,0.000158336,3.12,3.4
873,0.00015836799999999999,3.12,3.4
874,0.0001584,3.14,3.42
875,0.000158432,3.14,3.42
876,0.00015846399999999998,3.14,3.44
877,0.000158496,3.16,3.46
878,0.00015852799999999998,3.16,3.46
879,0.00015856,3.18,3.46
880,0.000158592,3.18,3.46
881,0.00015862399999999998,3.18,3.46
882,0.000158656,3.2,3.5
883,0.00015868799999999998,3.22,3.48
884,0.00015872,3.22,3.5
885,0.000158752,3.22,3.5
886,0.00015878399999999998,3.22,3.52
887,0.000158816,3.24,3.52
888,0.00015884799999999998,3.24,3.52
889,0.00015888,3.24,3.54
890,0.00015891199999999999,3.2600000000000002,3.54
891,0.000158944,3.2600000000000002,3.56
892,0.000158976,3.2800000000000002,3.56
893,0.00015900799999999998,3.2800000000000002,3.58
894,0.00015904,3.2800000000000002,3.6
895,0.00015907199999999998,3.3000000000000003,3.58
896,0.000159104,3.3000000000000003,3.58
897,0.000159136,3.3200000000000003,3.6
898,0.00015916799999999998,3.34,3.6
899,0.0001592,3.34,3.62
900,0.00015923199999999998,3.34,3.64
901,0.000159264,3.34,3.64
902,0.000159296,3.34,3.64
903,0.00015932799999999998,3.36,3.66
904,0.00015936,3.38,3.66
905,0.00015939199999999998,3.38,3.66
906,0.000159424,3.38,3.68
907,0.00015945599999999999,3.38,3.7
908,0.000159488,3.4,3.7
909,0.00015952,3.42,3.7
910,0.00015955199999999998,3.42,3.72
911,0.000159584,3.42,3.72
912,0.00015961599999999998,3.44,3.72
913,0.000159648,3.44,3.74
914,0.00015968,3.44,3.74
915,0.00015971199999999998,3.46,3.7600000000000002
916,0.000159744,3.46,3.7600000000000002
917,0.00015977599999999998,3.46,3.7800000000000002
918,0.000159808,3.48,3.7800000000000002
919,0.00015984,3.5,3.7800000000000002
920,0.00015987199999999998,3.5,3.8000000000000003
921,0.000159904,3.5,3.8000000000000003
922,0.00015993599999999998,3.52,3.8000000000000003
923,0.000159968,3.52,3.8200000000000003
924,0.00015999999999999999,3.52,3.84
925,0.000160032,3.54,3.84
926,0.000160064,3.54,3.84
927,0.00016009599999999998,3.54,3.86
928,0.000160128,3.56,3.86
929,0.00016015999999999998,3.56,3.86
930,0.000160192,3.56,3.88
931,0.000160224,3.58,3.88
932,0.00016025599999999998,3.58,3.88
933,0.000160288,3.58,3.9
934,0.00016031999999999998,3.6,3.9
935,0.000160352,3.62,3.92
936,0.000160384,3.62,3.92
937,0.00016041599999999998,3.62,3.94
938,0.000160448,3.64,3.96
939,0.00016047999999999998,3.64,3.94
940,0.000160512,3.64,3.96
941,0.00016054399999999999,3.66,3.96
942,0.000160576,3.66,3.98
943,0.000160608,3.66,3.98
944,0.00016063999999999998,3.68,3.98
945,0.000160672,3.68,4.0
946,0.00016070399999999998,3.68,4.0
947,0.000160736,3.7,4.0200000000000005
948,0.000160768,3.72,4.0200000000000005
949,0.00016079999999999998,3.72,4.0200000000000005
950,0.000160832,3.72,4.04
951,0.00016086399999999998,3.74,4.04
952,0.000160896,3.74,4.0600000000000005
953,0.000160928,3.7600000000000002,4.0600000000000005
954,0.00016095999999999998,3.7600000000000002,4.08
955,0.000160992,3.7600000000000002,4.08
956,0.00016102399999999998,3.7600000000000002,4.08
957,0.000161056,3.8000000000000003,4.1
958,0.00016108799999999999,3.7800000000000002,4.1
959,0.00016112,3.8000000000000003,4.12
960,0.000161152,3.8000000000000003,4.12
961,0.00016118399999999998,3.8200000000000003,4.14
962,0.000161216,3.8200000000000003,4.14
963,0.00016124799999999998,3.84,4.14
964,0.00016127999999999997,3.84,4.16
965,0.000161312,3.86,4.16
966,0.000161344,3.86,4.18
967,0.000161376,3.86,4.18
968,0.00016140799999999998,3.88,4.18
969,0.00016144,3.88,4.2
970,0.000161472,3.88,4.2
971,0.00016150399999999998,3.88,4.2
972,0.000161536,3.9,4.22
973,0.00016156799999999998,3.92,4.22
974,0.0001616,3.92,4.24
975,0.000161632,3.92,4.24
976,0.000161664,3.94,4.24
977,0.000161696,3.94,4.26
978,0.00016172799999999998,3.94,4.28
979,0.00016176,3.96,4.28
980,0.00016179199999999999,3.96,4.28
981,0.00016182399999999997,3.98,4.3
982,0.000161856,3.98,4.3
983,0.000161888,4.0,4.3
984,0.00016192,4.0,4.32
985,0.00016195199999999998,4.0,4.32
986,0.000161984,4.0200000000000005,4.34
987,0.000162016,4.0200000000000005,4.34
988,0.00016204799999999998,4.04,4.36
989,0.00016208,4.04,4.38
990,0.00016211199999999998,4.04,4.36
991,0.000162144,4.0600000000000005,4.38
992,0.000162176,4.0600000000000005,4.38
993,0.000162208,4.0600000000000005,4.4
994,0.00016224,4.08,4.4
995,0.00016227199999999998,4.08,4.42
996,0.000162304,4.1,4.42
997,0.00016233599999999999,4.1,4.42
998,0.00016236799999999997,4.1,4.44
999,0.0001624,4.12,4.46
1000,0.000162432,4.12,4.46
1001,0.000162464,4.12,4.46
1002,0.00016249599999999998,4.14,4.48
1003,0.000162528,4.14,4.48
1004,0.00016256,4.14,4.48
1005,0.00016259199999999998,4.16,4.48
1006,0.000162624,4.16,4.5
1007,0.00016265599999999998,4.18,4.5
1008,0.000162688,4.18,4.5200000000000005
1009,0.00016272,4.2,4.5200000000000005
1010,0.000162752,4.2,4.5200000000000005
1011,0.000162784,4.2,4.54
1012,0.00016281599999999998,4.2,4.54
1013,0.000162848,4.22,4.5600000000000005
1014,0.00016287999999999999,4.22,4.5600000000000005
1015,0.00016291199999999997,4.24,4.58
1016,0.000162944,4.24,4.58
1017,0.00016297599999999998,4.24,4.6000000000000005
1018,0.000163008,4.28,4.6000000000000005
1019,0.00016303999999999998,4.26,4.6000000000000005
1020,0.000163072,4.28,4.62
1021,0.000163104,4.28,4.62
1022,0.00016313599999999998,4.3,4.64
1023,0.000163168,4.3,4.64
1024,0.00016319999999999998,4.3,4.64
1025,0.000163232,4.3,4.66
1026,0.000163264,4.32,4.66
1027,0.000163296,4.34,4.68
1028,0.000163328,4.34,4.68
1029,0.00016335999999999998,4.36,4.7
1030,0.000163392,4.36,4.72
1031,0.00016342399999999999,4.36,4.7
1032,0.00016345599999999997,4.38,4.72
1033,0.000163488,4.4,4.72
1034,0.00016351999999999998,4.38,4.72
1035,0.000163552,4.4,4.74
1036,0.00016358399999999998,4.4,4.74
1037,0.000163616,4.4,4.76
1038,0.000163648,4.42,4.76
1039,0.00016367999999999998,4.42,4.76
1040,0.000163712,4.44,4.78
1041,0.00016374399999999998,4.44,4.8
1042,0.000163776,4.44,4.8
1043,0.000163808,4.46,4.8
1044,0.00016384,4.46,4.82
1045,0.000163872,4.46,4.82
1046,0.00016390399999999998,4.48,4.84
1047,0.000163936,4.48,4.84
1048,0.00016396799999999999,4.5,4.84
1049,0.00016399999999999997,4.5,4.84
1050,0.000164032,4.5200000000000005,4.86
1051,0.00016406399999999998,4.5200000000000005,4.88
1052,0.000164096,4.5200000000000005,4.9
1053,0.00016412799999999998,4.54,4.88
1054,0.00016416,4.54,4.88
1055,0.000164192,4.5600000000000005,4.9
1056,0.00016422399999999998,4.5600000000000005,4.9
1057,0.000164256,4.5600000000000005,4.92
1058,0.00016428799999999998,4.58,4.92
1059,0.00016432,4.58,4.94
1060,0.000164352,4.58,4.94
1061,0.000164384,4.4,4.54
1062,0.000164416,4.16,-0.04
1063,0.00016444799999999998,3.9,0.32
1064,0.00016448,3.66,0.02
1065,0.00016451199999999999,3.46,0.12
1066,0.00016454399999999998,3.24,0.12
1067,0.000164576,3.06,0.12
1068,0.00016460799999999998,2.9,0.12
1069,0.00016464,2.72,0.12
1070,0.00016467199999999998,2.58,0.14
1071,0.000164704,2.44,0.14
1072,0.000164736,2.3000000000000003,0.14
1073,0.00016476799999999998,2.18,0.16
1074,0.0001648,2.06,0.16
1075,0.00016483199999999998,1.96,0.16
1076,0.000164864,1.86,0.18
1077,0.000164896,1.78,0.18
1078,0.000164928,1.68,0.18
1079,0.00016496,1.6,0.18
1080,0.00016499199999999998,1.52,0.18
1081,0.000165024,1.44,0.2
1082,0.00016505599999999999,1.3800000000000001,0.2
1083,0.00016508799999999998,1.32,0.22
1084,0.00016512,1.26,0.22
1085,0.00016515199999999998,1.2,0.22
1086,0.000165184,1.16,0.24
1087,0.00016521599999999998,1.12,0.22
1088,0.000165248,1.06,0.24
1089,0.00016528,1.0,0.26
1090,0.00016531199999999998,0.98,0.26
1091,0.000165344,0.9400000000000001,0.28
1092,0.00016537599999999998,0.92,0.28
1093,0.000165408,0.88,0.28
1094,0.00016544,0.86,0.3
1095,0.000165472,0.8200000000000001,0.3
1096,0.000165504,0.8,0.3
1097,0.00016553599999999998,0.76,0.3
1098,0.000165568,0.74,0.32
1099,0.0001656,0.74,0.32
1100,0.00016563199999999998,0.72,0.34
1101,0.000165664,0.7000000000000001,0.34
1102,0.00016569599999999998,0.68,0.36
1103,0.000165728,0.66,0.34
1104,0.00016575999999999999,0.66,0.38
1105,0.000165792,0.64,0.38
1106,0.000165824,0.62,0.38
1107,0.00016585599999999998,0.62,0.4
1108,0.000165888,0.6,0.4
1109,0.00016591999999999998,0.6,0.42
1110,0.000165952,0.58,0.4
1111,0.000165984,0.58,0.42
1112,0.000166016,0.56,0.44
1113,0.000166048,0.58,0.44
1114,0.00016607999999999998,0.56,0.44
1115,0.000166112,0.56,0.44
1116,0.000166144,0.54,0.46
1117,0.00016617599999999998,0.56,0.48
1118,0.000166208,0.56,0.48
1119,0.00016623999999999998,0.56,0.5
1120,0.000166272,0.56,0.5
1121,0.00016630399999999999,0.56,0.5
1122,0.000166336,0.56,0.5
1123,0.000166368,0.54,0.52
1124,0.00016639999999999998,0.54,0.52
1125,0.000166432,0.56,0.54
1126,0.00016646399999999998,0.56,0.54
1127,0.00016649599999999997,0.56,0.56
1128,0.000166528,0.56,0.56
1129,0.00016656,0.56,0.58
1130,0.000166592,0.56,0.58
1131,0.00016662399999999998,0.56,0.58
1132,0.000166656,0.58,0.6
1133,0.000166688,0.58,0.6
1134,0.00016671999999999998,0.58,0.6
1135,0.000166752,0.58,0.62
1136,0.00016678399999999998,0.58,0.62
1137,0.000166816,0.58,0.64
1138,0.00016684799999999999,0.6,0.64
1139,0.00016688,0.6,0.66
1140,0.000166912,0.6,0.66
1141,0.00016694399999999998,0.6,0.66
1142,0.000166976,0.62,0.68
1143,0.00016700799999999998,0.62,0.68
1144,0.00016703999999999997,0.62,0.7000000000000001
1145,0.000167072,0.62,0.7000000000000001
1146,0.000167104,0.62,0.7000000000000001
1147,0.000167136,0.62,0.72
1148,0.00016716799999999998,0.64,0.74
1149,0.0001672,0.64,0.74
1150,0.000167232,0.66,0.74
1151,0.00016726399999999998,0.66,0.76
1152,0.000167296,0.66,0.76
1153,0.00016732799999999998,0.66,0.76
1154,0.00016736,0.68,0.78
1155,0.00016739199999999999,0.68,0.76
1156,0.000167424,0.68,0.8
1157,0.000167456,0.7000000000000001,0.8
1158,0.00016748799999999998,0.7000000000000001,0.8200000000000001
1159,0.00016752,0.7000000000000001,0.8200000000000001
1160,0.00016755199999999998,0.72,0.8200000000000001
1161,0.00016758399999999997,0.72,0.84
1162,0.000167616,0.72,0.84
1163,0.000167648,0.74,0.86
1164,0.00016768,0.74,0.84
1165,0.00016771199999999998,0.74,0.86
1166,0.000167744,0.74,0.88
1167,0.000167776,0.76,0.88
1168,0.00016780799999999998,0.78,0.9
1169,0.00016784,0.78,0.9
1170,0.00016787199999999998,0.78,0.9
1171,0.000167904,0.8,0.92
1172,0.00016793599999999999,0.8,0.92
1173,0.000167968,0.8,0.92
1174,0.000168,0.8200000000000001,0.9400000000000001
1175,0.00016803199999999998,0.8200000000000001,0.9400000000000001
1176,0.000168064,0.8200000000000001,0.96
1177,0.00016809599999999998,0.84,0.96
1178,0.00016812799999999997,0.84,0.98
1179,0.00016816,0.84,0.98
1180,0.000168192,0.86,0.98
1181,0.000168224,0.86,1.0
1182,0.00016825599999999998,0.86,1.0
1183,0.000168288,0.88,1.02
1184,0.00016832,0.88,1.02
1185,0.00016835199999999998,0.9,1.04
1186,0.000168384,0.9,1.04
1187,0.00016841599999999998,0.9,1.04
1188,0.000168448,0.9,1.06
1189,0.00016847999999999999,0.92,1.06
1190,0.000168512,0.9400000000000001,1.08
1191,0.000168544,0.9400000000000001,1.08
1192,0.00016857599999999998,0.9400000000000001,1.08
1193,0.000168608,0.9400000000000001,1.1
1194,0.00016863999999999998,0.96,1.1
1195,0.00016867199999999997,0.96,1.1
1196,0.000168704,0.96,1.12
1197,0.000168736,0.98,1.12
1198,0.000168768,0.96,1.12
1199,0.00016879999999999998,1.0,1.1400000000000001
1200,0.000168832,1.0,1.16
1201,0.000168864,1.02,1.1400000000000001
1202,0.00016889599999999998,1.02,1.18
1203,0.000168928,1.02,1.18
1204,0.00016895999999999998,1.02,1.18
1205,0.000168992,1.04,1.2
1206,0.00016902399999999999,1.04,1.2
1207,0.000169056,1.06,1.2
1208,0.000169088,1.06,1.2
1209,0.00016911999999999998,1.08,1.24
1210,0.000169152,1.08,1.24
1211,0.00016918399999999998,1.08,1.24
1212,0.00016921599999999997,1.08,1.26
1213,0.000169248,1.1,1.26
1214,0.00016928,1.12,1.28
1215,0.000169312,1.1,1.28
1216,0.00016934399999999998,1.12,1.28
1217,0.000169376,1.12,1.28
1218,0.000169408,1.1400000000000001,1.3
1219,0.00016943999999999998,1.1400000000000001,1.32
1220,0.000169472,1.16,1.32
1221,0.00016950399999999998,1.16,1.34
1222,0.000169536,1.16,1.34
1223,0.000169568,1.18,1.34
1224,0.0001696,1.18,1.36
1225,0.000169632,1.2,1.36
1226,0.00016966399999999998,1.18,1.36
1227,0.000169696,1.2,1.3800000000000001
1228,0.00016972799999999999,1.2,1.4000000000000001
1229,0.00016975999999999997,1.22,1.4000000000000001
1230,0.000169792,1.2,1.4000000000000001
1231,0.000169824,1.24,1.42
1232,0.000169856,1.24,1.42
1233,0.00016988799999999998,1.26,1.44
1234,0.00016992,1.26,1.44
1235,0.000169952,1.26,1.44
1236,0.00016998399999999998,1.28,1.46
1237,0.000170016,1.28,1.44
1238,0.00017004799999999998,1.28,1.48
1239,0.00017008,1.3,1.48
1240,0.000170112,1.3,1.48
1241,0.000170144,1.32,1.48
1242,0.000170176,1.32,1.52
1243,0.00017020799999999998,1.3,1.48
1244,0.00017024,1.32,1.52
1245,0.00017027199999999999,1.34,1.52
1246,0.00017030399999999997,1.34,1.54
1247,0.000170336,1.36,1.52
1248,0.000170368,1.36,1.54
1249,0.0001704,1.3800000000000001,1.56
1250,0.00017043199999999998,1.3800000000000001,1.56
1251,0.000170464,1.3800000000000001,1.58
1252,0.000170496,1.4000000000000001,1.58
1253,0.00017052799999999998,1.3800000000000001,1.6
1254,0.00017056,1.42,1.6
1255,0.00017059199999999998,1.42,1.58
1256,0.000170624,1.42,1.62
1257,0.000170656,1.44,1.62
1258,0.000170688,1.44,1.62
1259,0.00017072,1.44,1.6400000000000001
1260,0.00017075199999999998,1.46,1.6400000000000001
1261,0.000170784,1.46,1.6600000000000001
1262,0.00017081599999999999,1.48,1.6600000000000001
1263,0.00017084799999999997,1.46,1.68
1264,0.00017088,1.48,1.68
1265,0.000170912,1.5,1.68
1266,0.000170944,1.5,1.7
1267,0.00017097599999999998,1.5,1.7
1268,0.000171008,1.52,1.72
1269,0.00017104,1.52,1.72
1270,0.00017107199999999998,1.54,1.72
1271,0.000171104,1.54,1.74
1272,0.00017113599999999998,1.54,1.74
1273,0.000171168,1.56,1.74
1274,0.0001712,1.56,1.76
1275,0.000171232,1.58,1.76
1276,0.000171264,1.56,1.78
1277,0.00017129599999999998,1.58,1.78
1278,0.000171328,1.6,1.78
1279,0.00017135999999999999,1.6,1.8
1280,0.00017139199999999997,1.6,1.82
1281,0.000171424,1.62,1.82
1282,0.000171456,1.62,1.82
1283,0.000171488,1.6400000000000001,1.84
1284,0.00017151999999999998,1.6400000000000001,1.84
1285,0.000171552,1.6400000000000001,1.84
1286,0.000171584,1.6600000000000001,1.84
1287,0.00017161599999999998,1.6600000000000001,1.86
1288,0.000171648,1.68,1.8800000000000001
1289,0.00017167999999999998,1.6600000000000001,1.8800000000000001
1290,0.000171712,1.68,1.8800000000000001
1291,0.000171744,1.7,1.9000000000000001
1292,0.000171776,1.7,1.9000000000000001
1293,0.000171808,1.72,1.92
1294,0.00017183999999999998,1.7,1.92
1295,0.000171872,1.72,1.94
1296,0.00017190399999999999,1.74,1.94
1297,0.00017193599999999997,1.74,1.96
1298,0.000171968,1.76,1.96
1299,0.000172,1.76,1.96
1300,0.000172032,1.76,1.98
1301,0.00017206399999999998,1.78,1.98
1302,0.000172096,1.78,1.98
1303,0.000172128,1.8,2.0
1304,0.00017215999999999998,1.8,2.0
1305,0.000172192,1.8,2.02
1306,0.00017222399999999998,1.8,2.02
1307,0.000172256,1.82,2.02
1308,0.000172288,1.84,2.04
1309,0.00017232,1.84,2.04
1310,0.000172352,1.84,2.06
1311,0.00017238399999999998,1.86,2.06
1312,0.000172416,1.86,2.08
1313,0.00017244799999999999,1.86,2.08
1314,0.00017247999999999997,1.8800000000000001,2.08
1315,0.000172512,1.8800000000000001,2.1
1316,0.00017254399999999998,1.8800000000000001,2.1
1317,0.000172576,1.9000000000000001,2.12
1318,0.00017260799999999998,1.9000000000000001,2.12
1319,0.00017264,1.92,2.14
1320,0.000172672,1.92,2.12
1321,0.00017270399999999998,1.92,2.14
1322,0.000172736,1.92,2.14
1323,0.00017276799999999998,1.94,2.16
1324,0.0001728,1.96,2.18
1325,0.000172832,1.96,2.18
1326,0.000172864,1.96,2.18
1327,0.000172896,1.98,2.2
1328,0.00017292799999999998,1.98,2.2
1329,0.00017296,1.98,2.22
1330,0.00017299199999999999,2.0,2.22
1331,0.00017302399999999998,2.02,2.22
1332,0.000173056,2.02,2.24
1333,0.00017308799999999998,2.02,2.24
1334,0.00017312,2.02,2.24
1335,0.00017315199999999998,2.04,2.2600000000000002
1336,0.000173184,2.04,2.2600000000000002
1337,0.000173216,2.06,2.2800000000000002
1338,0.00017324799999999998,2.06,2.2600000000000002
1339,0.00017328,2.06,2.2800000000000002
1340,0.00017331199999999998,2.08,2.3000000000000003
1341,0.000173344,2.08,2.3000000000000003
1342,0.000173376,2.08,2.32
1343,0.000173408,2.08,2.3000000000000003
1344,0.00017344,2.1,2.34
1345,0.00017347199999999998,2.12,2.34
1346,0.000173504,2.12,2.34
1347,0.000173536,2.12,2.36
1348,0.00017356799999999998,2.14,2.36
1349,0.0001736,2.16,2.38
1350,0.00017363199999999998,2.16,2.38
1351,0.000173664,2.16,2.38
1352,0.00017369599999999998,2.16,2.4
1353,0.000173728,2.18,2.4
1354,0.00017376,2.2,2.42
1355,0.00017379199999999998,2.2,2.42
1356,0.000173824,2.18,2.44
1357,0.00017385599999999998,2.22,2.44
1358,0.000173888,2.22,2.44
1359,0.00017392,2.24,2.46
1360,0.000173952,2.22,2.46
1361,0.000173984,2.24,2.48
1362,0.00017401599999999998,2.24,2.48
1363,0.000174048,2.2600000000000002,2.48
1364,0.00017408,2.2600000000000002,2.48
1365,0.00017411199999999998,2.2600000000000002,2.5
1366,0.000174144,2.2800000000000002,2.5
1367,0.00017417599999999998,2.2800000000000002,2.52
1368,0.000174208,2.3000000000000003,2.52
1369,0.00017423999999999999,2.3000000000000003,2.52
1370,0.000174272,2.3000000000000003,2.54
1371,0.000174304,2.32,2.54
1372,0.00017433599999999998,2.32,2.56
1373,0.000174368,2.32,2.56
1374,0.00017439999999999998,2.34,2.56
1375,0.000174432,2.36,2.58
1376,0.000174464,2.36,2.58
1377,0.000174496,2.36,2.6
1378,0.000174528,2.38,2.6
1379,0.00017455999999999998,2.38,2.62
1380,0.000174592,2.38,2.62
1381,0.000174624,2.4,2.62
1382,0.00017465599999999998,2.4,2.64
1383,0.000174688,2.4,2.66
1384,0.00017471999999999998,2.42,2.64
1385,0.000174752,2.42,2.64
1386,0.00017478399999999999,2.42,2.66
1387,0.000174816,2.44,2.68
1388,0.000174848,2.44,2.68
1389,0.00017487999999999998,2.46,2.7
1390,0.000174912,2.46,2.7
1391,0.00017494399999999998,2.46,2.7
1392,0.000174976,2.48,2.72
1393,0.000175008,2.48,2.72
1394,0.00017504,2.48,2.74
1395,0.000175072,2.5,2.74
1396,0.00017510399999999998,2.5,2.74
1397,0.000175136,2.5,2.7600000000000002
1398,0.000175168,2.52,2.7600000000000002
1399,0.00017519999999999998,2.52,2.7800000000000002
1400,0.000175232,2.52,2.7800000000000002
1401,0.00017526399999999998,2.54,2.7800000000000002
1402,0.000175296,2.56,2.8000000000000003
1403,0.00017532799999999999,2.56,2.8000000000000003
1404,0.00017536,2.56,2.8000000000000003
1405,0.000175392,2.56,2.82
1406,0.00017542399999999998,2.58,2.82
1407,0.000175456,2.58,2.84
1408,0.00017548799999999998,2.58,2.84
1409,0.00017552,2.6,2.86
1410,0.000175552,2.6,2.86
1411,0.000175584,2.62,2.86
1412,0.000175616,2.62,2.88
1413,0.00017564799999999998,2.64,2.88
1414,0.00017568,2.64,2.9
1415,0.000175712,2.64,2.9
1416,0.00017574399999999998,2.64,2.9
1417,0.000175776,2.66,2.92
1418,0.00017580799999999998,2.66,2.92
1419,0.00017584,2.68,2.94
1420,0.00017587199999999999,2.68,2.96
1421,0.000175904,2.68,2.94
1422,0.000175936,2.72,2.96
1423,0.00017596799999999998,2.7,2.96
1424,0.000176,2.72,2.98
1425,0.00017603199999999998,2.72,2.98
1426,0.00017606399999999997,2.72,2.98
1427,0.000176096,2.74,3.0
1428,0.000176128,2.74,3.02
1429,0.00017616,2.7600000000000002,3.02
1430,0.00017619199999999998,2.7600000000000002,3.02
1431,0.000176224,2.7800000000000002,3.04
1432,0.000176256,2.7800000000000002,3.04
1433,0.00017628799999999998,2.7800000000000002,3.04
1434,0.00017632,2.8000000000000003,3.06
1435,0.00017635199999999998,2.82,3.06
1436,0.000176384,2.8000000000000003,3.08
1437,0.00017641599999999999,2.82,3.1
1438,0.000176448,2.82,3.1
1439,0.00017648,2.84,3.1
1440,0.00017651199999999998,2.84,3.12
1441,0.000176544,2.84,3.12
1442,0.00017657599999999998,2.86,3.12
1443,0.00017660799999999997,2.86,3.14
1444,0.00017664,2.88,3.14
1445,0.000176672,2.88,3.16
1446,0.000176704,2.88,3.16
1447,0.00017673599999999998,2.9,3.16
1448,0.000176768,2.9,3.18
1449,0.0001768,2.9,3.18
1450,0.00017683199999999998,2.92,3.18
1451,0.000176864,2.92,3.22
1452,0.00017689599999999998,2.92,3.2
1453,0.000176928,2.94,3.22
1454,0.00017695999999999999,2.94,3.22
1455,0.000176992,2.96,3.22
1456,0.000177024,2.96,3.24
1457,0.00017705599999999998,2.98,3.24
1458,0.000177088,2.98,3.2600000000000002
1459,0.00017711999999999998,2.98,3.2800000000000002
1460,0.00017715199999999997,2.98,3.2800000000000002
1461,0.000177184,3.0,3.2800000000000002
1462,0.000177216,3.02,3.2800000000000002
1463,0.000177248,3.02,3.3000000000000003
1464,0.00017727999999999998,3.02,3.3200000000000003
1465,0.000177312,3.02,3.3200000000000003
1466,0.000177344,3.04,3.3200000000000003
1467,0.00017737599999999998,3.04,3.34
1468,0.000177408,3.06,3.34
1469,0.00017743999999999998,3.06,3.36
1470,0.000177472,3.06,3.38
1471,0.00017750399999999999,3.08,3.36
1472,0.000177536,3.08,3.38
1473,0.000177568,3.12,3.38
1474,0.00017759999999999998,3.1,3.38
1475,0.000177632,3.12,3.4
1476,0.00017766399999999998,3.14,3.4
1477,0.00017769599999999997,3.14,3.42
1478,0.000177728,3.14,3.42
1479,0.00017776,3.14,3.44
1480,0.000177792,3.14,3.44
1481,0.00017782399999999998,3.16,3.46
1482,0.000177856,3.16,3.46
1483,0.000177888,3.18,3.46
1484,0.00017791999999999998,3.18,3.48
1485,0.000177952,3.2,3.48
1486,0.00017798399999999998,3.2,3.48
1487,0.000178016,3.2,3.5
1488,0.000178048,3.22,3.52
1489,0.00017808,3.22,3.52
1490,0.000178112,3.24,3.52
1491,0.00017814399999999998,3.24,3.54
1492,0.000178176,3.2600000000000002,3.54
1493,0.00017820799999999999,3.2600000000000002,3.54
1494,0.00017823999999999997,3.2800000000000002,3.54
1495,0.000178272,3.2600000000000002,3.56
1496,0.000178304,3.2800000000000002,3.56
1497,0.000178336,3.3000000000000003,3.58
1498,0.00017836799999999998,3.3000000000000003,3.58
1499,0.0001784,3.3000000000000003,3.6
1500,0.000178432,3.3200000000000003,3.6
1501,0.00017846399999999998,3.3200000000000003,3.62
1502,0.000178496,3.3200000000000003,3.62
1503,0.00017852799999999998,3.34,3.64
1504,0.00017856,3.34,3.64
1505,0.000178592,3.36,3.64
1506,0.000178624,3.36,3.66
1507,0.000178656,3.36,3.66
1508,0.00017868799999999998,3.38,3.68
1509,0.00017872,3.38,3.68
1510,0.00017875199999999999,3.4,3.68
1511,0.00017878399999999997,3.4,3.7
1512,0.000178816,3.42,3.7
1513,0.000178848,3.42,3.72
1514,0.00017888,3.42,3.72
1515,0.00017891199999999998,3.42,3.72
1516,0.000178944,3.44,3.74
1517,0.000178976,3.44,3.74
1518,0.00017900799999999998,3.44,3.7600000000000002
1519,0.00017904,3.46,3.7600000000000002
1520,0.00017907199999999998,3.46,3.7600000000000002
1521,0.000179104,3.48,3.7800000000000002
1522,0.000179136,3.48,3.7800000000000002
1523,0.000179168,3.5,3.8000000000000003
1524,0.0001792,3.5,3.8000000000000003
1525,0.00017923199999999998,3.5,3.8200000000000003
1526,0.000179264,3.52,3.8200000000000003
1527,0.00017929599999999999,3.52,3.84
1528,0.00017932799999999997,3.52,3.84
1529,0.00017936,3.54,3.84
1530,0.000179392,3.54,3.86
1531,0.000179424,3.56,3.86
1532,0.00017945599999999998,3.56,3.86
1533,0.000179488,3.58,3.88
1534,0.00017952,3.58,3.9
1535,0.00017955199999999998,3.58,3.9
1536,0.000179584,3.58,3.9
1537,0.00017961599999999998,3.62,3.9
1538,0.000179648,3.6,3.92
1539,0.00017968,3.62,3.92
1540,0.000179712,3.64,3.94
1541,0.000179744,3.62,3.94
1542,0.00017977599999999998,3.64,3.94
1543,0.000179808,3.66,3.96
1544,0.00017983999999999999,3.66,3.96
1545,0.00017987199999999997,3.66,3.96
1546,0.000179904,3.66,3.98
1547,0.000179936,3.68,4.0
1548,0.000179968,3.68,4.0
1549,0.00017999999999999998,3.68,4.0
1550,0.000180032,3.7,4.0
1551,0.000180064,3.7,4.04
1552,0.00018009599999999998,3.72,4.0200000000000005
1553,0.000180128,3.72,4.0600000000000005
1554,0.00018015999999999998,3.72,4.04
1555,0.000180192,3.74,4.0600000000000005
1556,0.000180224,3.74,4.0600000000000005
1557,0.000180256,3.7600000000000002,4.0600000000000005
1558,0.000180288,3.7600000000000002,4.08
1559,0.00018031999999999998,3.7800000000000002,4.08
1560,0.000180352,3.8000000000000003,4.1
1561,0.00018038399999999999,3.7800000000000002,4.1
1562,0.00018041599999999997,3.8000000000000003,4.1
1563,0.000180448,3.8000000000000003,4.12
1564,0.00018048,3.8200000000000003,4.12
1565,0.000180512,3.84,4.14
1566,0.00018054399999999998,3.8200000000000003,4.14
1567,0.000180576,3.84,4.16
1568,0.000180608,3.84,4.16
1569,0.00018063999999999998,3.86,4.16
1570,0.000180672,3.86,4.18
1571,0.00018070399999999998,3.86,4.18
1572,0.000180736,3.86,4.22
1573,0.000180768,3.88,4.2
1574,0.0001808,3.9,4.22
1575,0.000180832,3.9,4.22
1576,0.00018086399999999998,3.9,4.22
1577,0.000180896,3.92,4.24
1578,0.00018092799999999999,3.92,4.24
1579,0.00018095999999999998,3.92,4.26
1580,0.000180992,3.94,4.26
1581,0.000181024,3.94,4.26
1582,0.000181056,3.96,4.3
1583,0.00018108799999999998,3.96,4.28
1584,0.00018112,3.98,4.28
1585,0.000181152,3.98,4.3
1586,0.00018118399999999998,3.98,4.3
1587,0.000181216,4.0,4.32
1588,0.00018124799999999998,4.0200000000000005,4.34
1589,0.00018128,4.0,4.34
1590,0.000181312,4.0200000000000005,4.34
1591,0.000181344,4.0200000000000005,4.36
1592,0.000181376,4.04,4.36
1593,0.00018140799999999998,4.04,4.38
1594,0.00018144,4.04,4.38
1595,0.00018147199999999999,4.0600000000000005,4.38
1596,0.00018150399999999998,4.08,4.4
1597,0.000181536,4.08,4.4
1598,0.000181568,4.08,4.42
1599,0.0001816,4.1,4.42
1600,0.00018163199999999998,4.1,4.42
1601,0.000181664,4.1,4.44
1602,0.000181696,4.1,4.44
1603,0.00018172799999999998,4.12,4.46
1604,0.00018176,4.12,4.46
1605,0.00018179199999999998,4.12,4.46
1606,0.000181824,4.16,4.48
1607,0.000181856,4.14,4.48
1608,0.000181888,4.16,4.5
1609,0.00018192,4.18,4.5
1610,0.00018195199999999998,4.18,4.5200000000000005
1611,0.000181984,4.18,4.5200000000000005
1612,0.000182016,4.2,4.5200000000000005
1613,0.00018204799999999998,4.2,4.54
1614,0.00018208,4.2,4.54
1615,0.00018211199999999998,4.22,4.54
1616,0.000182144,4.22,4.5600000000000005
1617,0.00018217599999999999,4.22,4.5600000000000005
1618,0.000182208,4.24,4.58
1619,0.00018224,4.24,4.58
1620,0.00018227199999999998,4.24,4.6000000000000005
1621,0.000182304,4.26,4.6000000000000005
1622,0.00018233599999999998,4.26,4.6000000000000005
1623,0.000182368,4.28,4.62
1624,0.0001824,4.28,4.62
1625,0.000182432,4.28,4.64
1626,0.000182464,4.3,4.64
1627,0.00018249599999999998,4.32,4.64
1628,0.000182528,4.32,4.66
1629,0.00018256,4.32,4.66
1630,0.00018259199999999998,4.32,4.66
1631,0.000182624,4.34,4.68
1632,0.00018265599999999998,4.34,4.68
1633,0.000182688,4.34,4.7
1634,0.00018271999999999999,4.36,4.7
1635,0.000182752,4.36,4.7
1636,0.000182784,4.38,4.72
1637,0.00018281599999999998,4.38,4.72
1638,0.000182848,4.4,4.74
1639,0.00018287999999999998,4.4,4.74
1640,0.000182912,4.4,4.76
1641,0.000182944,4.42,4.76
1642,0.000182976,4.42,4.78
1643,0.000183008,4.42,4.78
1644,0.00018303999999999998,4.44,4.78
1645,0.000183072,4.44,4.8
1646,0.000183104,4.46,4.8
1647,0.00018313599999999998,4.46,4.82
1648,0.000183168,4.46,4.82
1649,0.00018319999999999998,4.48,4.84
1650,0.000183232,4.48,4.84
1651,0.00018326399999999999,4.5,4.84
1652,0.000183296,4.5,4.84
1653,0.000183328,4.5,4.86
1654,0.00018335999999999998,4.5200000000000005,4.88
1655,0.000183392,4.5200000000000005,4.9
1656,0.00018342399999999998,4.54,4.88
1657,0.000183456,4.54,4.9
1658,0.000183488,4.54,4.92
1659,0.00018352,4.5600000000000005,4.9
1660,0.000183552,4.5600000000000005,4.92
1661,0.00018358399999999998,4.5600000000000005,4.94
1662,0.000183616,4.6000000000000005,4.94
1663,0.000183648,4.58,4.94
1664,0.00018367999999999998,4.5600000000000005,4.94
1665,0.000183712,4.28,0.8200000000000001
1666,0.00018374399999999998,4.04,-0.04
1667,0.000183776,3.7800000000000002,0.14
1668,0.00018380799999999999,3.56,0.1
1669,0.00018384,3.36,0.1
1670,0.000183872,3.16,0.12
1671,0.00018390399999999998,2.98,0.12
1672,0.000183936,2.82,0.12
1673,0.00018396799999999998,2.64,0.14
1674,0.000184,2.5,0.14
1675,0.000184032,2.38,0.14
1676,0.000184064,2.24,0.16
1677,0.000184096,2.14,0.16
1678,0.00018412799999999998,2.02,0.16
1679,0.00018416,1.92,0.16
1680,0.000184192,1.82,0.18
1681,0.00018422399999999998,1.72,0.18
1682,0.000184256,1.6400000000000001,0.18
1683,0.00018428799999999998,1.56,0.18
1684,0.00018432,1.5,0.2
1685,0.00018435199999999999,1.42,0.2
1686,0.000184384,1.34,0.2
1687,0.000184416,1.28,0.22
1688,0.00018444799999999998,1.24,0.22
1689,0.00018448,1.18,0.22
1690,0.00018451199999999998,1.12,0.24
1691,0.000184544,1.08,0.24
1692,0.000184576,1.04,0.26
1693,0.000184608,1.0,0.26
1694,0.00018464,0.96,0.26
1695,0.00018467199999999998,0.92,0.28
1696,0.000184704,0.9,0.28
1697,0.000184736,0.88,0.28
1698,0.00018476799999999998,0.8200000000000001,0.3
1699,0.0001848,0.8,0.3
1700,0.00018483199999999998,0.8,0.32
1701,0.000184864,0.76,0.32
1702,0.00018489599999999999,0.74,0.32
1703,0.000184928,0.72,0.34
1704,0.00018496,0.7000000000000001,0.34
1705,0.00018499199999999998,0.68,0.36
1706,0.000185024,0.66,0.36
1707,0.00018505599999999998,0.66,0.36
1708,0.000185088,0.64,0.38
1709,0.00018512,0.64,0.38
1710,0.000185152,0.62,0.38
1711,0.000185184,0.62,0.4
1712,0.00018521599999999998,0.6,0.4
1713,0.000185248,0.6,0.4
1714,0.00018528,0.6,0.42
1715,0.00018531199999999998,0.58,0.42
1716,0.000185344,0.58,0.44
1717,0.00018537599999999998,0.58,0.44
1718,0.000185408,0.58,0.46
1719,0.00018543999999999999,0.58,0.46
1720,0.000185472,0.56,0.46
1721,0.000185504,0.56,0.48
1722,0.00018553599999999998,0.56,0.48
1723,0.000185568,0.56,0.48
1724,0.00018559999999999998,0.56,0.5
1725,0.000185632,0.56,0.5
1726,0.000185664,0.56,0.52
1727,0.000185696,0.54,0.52
1728,0.000185728,0.56,0.54
1729,0.00018575999999999998,0.56,0.54
1730,0.000185792,0.56,0.54
1731,0.000185824,0.56,0.56
1732,0.00018585599999999998,0.54,0.58
1733,0.000185888,0.56,0.58
1734,0.00018591999999999998,0.58,0.58
1735,0.000185952,0.58,0.58
1736,0.000185984,0.58,0.58
1737,0.000186016,0.58,0.62
1738,0.000186048,0.58,0.62
1739,0.00018607999999999998,0.58,0.62
1740,0.000186112,0.58,0.64
1741,0.00018614399999999999,0.6,0.64
1742,0.00018617599999999997,0.6,0.64
1743,0.000186208,0.6,0.66
1744,0.00018624,0.6,0.66
1745,0.000186272,0.6,0.68
1746,0.00018630399999999998,0.62,0.68
1747,0.000186336,0.62,0.68
1748,0.000186368,0.62,0.7000000000000001
1749,0.00018639999999999998,0.64,0.7000000000000001
1750,0.000186432,0.64,0.72
1751,0.00018646399999999998,0.64,0.72
1752,0.000186496,0.64,0.72
1753,0.000186528,0.66,0.74
1754,0.00018656,0.66,0.74
1755,0.000186592,0.68,0.76
1756,0.00018662399999999998,0.68,0.76
1757,0.000186656,0.68,0.78
1758,0.00018668799999999999,0.68,0.78
1759,0.00018671999999999997,0.7000000000000001,0.78
1760,0.000186752,0.7000000000000001,0.78
1761,0.000186784,0.7000000000000001,0.8
1762,0.000186816,0.7000000000000001,0.8
1763,0.00018684799999999998,0.72,0.8200000000000001
1764,0.00018688,0.72,0.8200000000000001
1765,0.000186912,0.72,0.8200000000000001
1766,0.00018694399999999998,0.74,0.84
1767,0.000186976,0.74,0.86
1768,0.00018700799999999998,0.74,0.86
1769,0.00018704,0.76,0.86
1770,0.000187072,0.76,0.88
1771,0.000187104,0.76,0.9
1772,0.000187136,0.78,0.9
1773,0.00018716799999999998,0.78,0.9
1774,0.0001872,0.8,0.92
1775,0.00018723199999999999,0.8,0.92
1776,0.00018726399999999997,0.8,0.9400000000000001
1777,0.000187296,0.8200000000000001,0.92
1778,0.000187328,0.8200000000000001,0.9400000000000001
1779,0.00018736,0.8200000000000001,0.9400000000000001
1780,0.00018739199999999998,0.84,0.96
1781,0.000187424,0.84,0.96
1782,0.000187456,0.84,0.98
1783,0.00018748799999999998,0.86,0.98
1784,0.00018752,0.86,1.0
1785,0.00018755199999999998,0.88,1.0
1786,0.000187584,0.88,1.0
1787,0.000187616,0.88,1.02
1788,0.000187648,0.9,1.04
1789,0.00018768,0.9,1.04
1790,0.00018771199999999998,0.9,1.04
1791,0.000187744,0.92,1.06
1792,0.00018777599999999999,0.9,1.06
1793,0.00018780799999999997,0.9400000000000001,1.06
1794,0.00018784,0.9400000000000001,1.06
1795,0.000187872,0.9400000000000001,1.08
1796,0.000187904,0.96,1.1
1797,0.00018793599999999998,0.96,1.1
1798,0.000187968,0.98,1.1
1799,0.000188,0.96,1.12
1800,0.00018803199999999998,0.98,1.12
1801,0.000188064,0.98,1.12
1802,0.00018809599999999998,0.98,1.1400000000000001
1803,0.000188128,1.0,1.16
1804,0.00018816,1.0,1.1400000000000001
1805,0.000188192,1.02,1.18
1806,0.000188224,1.02,1.18
1807,0.00018825599999999998,1.02,1.18
1808,0.000188288,1.04,1.18
1809,0.00018831999999999999,1.04,1.2
1810,0.00018835199999999997,1.06,1.2
1811,0.000188384,1.06,1.2
1812,0.000188416,1.06,1.22
1813,0.000188448,1.08,1.24
1814,0.00018847999999999998,1.08,1.24
1815,0.000188512,1.1,1.24
1816,0.000188544,1.1,1.26
1817,0.00018857599999999998,1.1,1.26
1818,0.000188608,1.12,1.28
1819,0.00018863999999999998,1.12,1.28
1820,0.000188672,1.12,1.3
1821,0.000188704,1.1400000000000001,1.28
1822,0.000188736,1.1400000000000001,1.32
1823,0.000188768,1.16,1.32
1824,0.00018879999999999998,1.16,1.34
1825,0.000188832,1.16,1.34
1826,0.00018886399999999999,1.18,1.34
1827,0.00018889599999999997,1.16,1.36
1828,0.000188928,1.2,1.36
1829,0.00018896,1.2,1.36
1830,0.000188992,1.2,1.3800000000000001
1831,0.00018902399999999998,1.2,1.3800000000000001
1832,0.000189056,1.22,1.4000000000000001
1833,0.000189088,1.22,1.4000000000000001
1834,0.00018911999999999998,1.24,1.4000000000000001
1835,0.000189152,1.24,1.42
1836,0.00018918399999999998,1.24,1.42
1837,0.000189216,1.26,1.44
1838,0.000189248,1.26,1.44
1839,0.00018928,1.28,1.46
1840,0.000189312,1.28,1.44
1841,0.00018934399999999998,1.28,1.46
1842,0.000189376,1.3,1.48
1843,0.00018940799999999999,1.3,1.48
1844,0.00018943999999999998,1.32,1.5
1845,0.000189472,1.32,1.5
1846,0.000189504,1.32,1.5
1847,0.000189536,1.34,1.52
1848,0.00018956799999999998,1.34,1.52
1849,0.0001896,1.34,1.54
1850,0.000189632,1.36,1.52
1851,0.00018966399999999998,1.36,1.54
1852,0.000189696,1.36,1.54
1853,0.00018972799999999998,1.3800000000000001,1.54
1854,0.00018976,1.3800000000000001,1.58
1855,0.000189792,1.4000000000000001,1.56
1856,0.000189824,1.4000000000000001,1.6
1857,0.000189856,1.4000000000000001,1.6
1858,0.00018988799999999998,1.42,1.6
1859,0.00018992,1.42,1.6
1860,0.000189952,1.42,1.62
1861,0.00018998399999999998,1.44,1.62
1862,0.000190016,1.46,1.6400000000000001
1863,0.000190048,1.46,1.6400000000000001
1864,0.00019008,1.46,1.6400000000000001
1865,0.00019011199999999998,1.48,1.6600000000000001
1866,0.000190144,1.48,1.68
1867,0.000190176,1.48,1.68
1868,0.00019020799999999998,1.48,1.68
1869,0.00019024,1.5,1.68
1870,0.00019027199999999998,1.5,1.7
1871,0.000190304,1.52,1.72
1872,0.000190336,1.54,1.72
1873,0.000190368,1.54,1.72
1874,0.0001904,1.52,1.74
1875,0.00019043199999999998,1.54,1.74
1876,0.000190464,1.56,1.76
1877,0.000190496,1.56,1.74
1878,0.00019052799999999998,1.58,1.76
1879,0.00019056,1.58,1.78
1880,0.000190592,1.58,1.76
1881,0.000190624,1.6,1.8
1882,0.00019065599999999999,1.6,1.8
1883,0.000190688,1.6,1.8
1884,0.00019072,1.6,1.82
1885,0.00019075199999999998,1.62,1.82
1886,0.000190784,1.6400000000000001,1.84
1887,0.00019081599999999998,1.6400000000000001,1.84
1888,0.000190848,1.6400000000000001,1.86
1889,0.00019088,1.6600000000000001,1.86
1890,0.000190912,1.6600000000000001,1.86
1891,0.000190944,1.68,1.8800000000000001
1892,0.00019097599999999998,1.6600000000000001,1.8800000000000001
1893,0.000191008,1.68,1.9000000000000001
1894,0.00019104,1.7,1.9000000000000001
1895,0.00019107199999999998,1.7,1.92
1896,0.000191104,1.72,1.92
1897,0.000191136,1.7,1.9000000000000001
1898,0.000191168,1.72,1.94
1899,0.00019119999999999999,1.74,1.94
1900,0.000191232,1.72,1.94
1901,0.000191264,1.74,1.96
1902,0.00019129599999999998,1.76,1.96
1903,0.000191328,1.76,1.98
1904,0.00019135999999999998,1.78,1.96
1905,0.000191392,1.78,1.98
1906,0.000191424,1.8,1.98
1907,0.000191456,1.8,2.0
1908,0.000191488,1.8,2.02
1909,0.00019151999999999998,1.82,2.0
1910,0.000191552,1.82,2.04
1911,0.000191584,1.82,2.04
1912,0.00019161599999999998,1.84,2.04
1913,0.000191648,1.84,2.06
1914,0.00019168,1.86,2.06
1915,0.000191712,1.86,2.08
1916,0.00019174399999999999,1.86,2.08
1917,0.000191776,1.86,2.08
1918,0.000191808,1.8800000000000001,2.1
1919,0.00019183999999999998,1.9000000000000001,2.1
1920,0.000191872,1.9000000000000001,2.12
1921,0.000191904,1.9000000000000001,2.12
1922,0.00019193599999999997,1.92,2.12
1923,0.000191968,1.92,2.12
1924,0.000192,1.92,2.14
1925,0.000192032,1.94,2.16
1926,0.00019206399999999998,1.94,2.14
1927,0.000192096,1.96,2.18
1928,0.000192128,1.96,2.18
1929,0.00019215999999999998,1.96,2.18
1930,0.000192192,1.98,2.18
1931,0.000192224,1.98,2.2
1932,0.000192256,1.98,2.2
1933,0.00019228799999999999,2.0,2.22
1934,0.00019232,2.0,2.22
1935,0.000192352,2.02,2.24
1936,0.00019238399999999998,2.02,2.24
1937,0.000192416,2.02,2.2600000000000002
1938,0.00019244799999999998,2.04,2.2600000000000002
1939,0.00019247999999999997,2.04,2.2600000000000002
1940,0.000192512,2.06,2.2800000000000002
1941,0.000192544,2.06,2.2600000000000002
1942,0.000192576,2.06,2.3000000000000003
1943,0.00019260799999999998,2.08,2.3000000000000003
1944,0.00019264,2.06,2.32
1945,0.000192672,2.1,2.32
1946,0.00019270399999999998,2.1,2.32
1947,0.000192736,2.1,2.32
1948,0.000192768,2.12,2.32
1949,0.0001928,2.12,2.34
1950,0.00019283199999999999,2.14,2.36
1951,0.000192864,2.14,2.36
1952,0.000192896,2.14,2.36
1953,0.00019292799999999998,2.16,2.38
1954,0.00019296,2.16,2.38
1955,0.00019299199999999998,2.16,2.4
1956,0.00019302399999999997,2.18,2.4
1957,0.000193056,2.18,2.4
1958,0.000193088,2.18,2.42
1959,0.00019312,2.2,2.42
1960,0.00019315199999999998,2.2,2.44
1961,0.000193184,2.22,2.44
1962,0.000193216,2.22,2.46
1963,0.00019324799999999998,2.22,2.46
1964,0.00019328,2.24,2.46
1965,0.000193312,2.24,2.48
1966,0.000193344,2.24,2.48
1967,0.00019337599999999999,2.2600000000000002,2.5
1968,0.000193408,2.2600000000000002,2.48
1969,0.00019344,2.2800000000000002,2.5
1970,0.00019347199999999998,2.2800000000000002,2.52
1971,0.000193504,2.2800000000000002,2.52
1972,0.00019353599999999998,2.3000000000000003,2.52
1973,0.00019356799999999997,2.3000000000000003,2.54
1974,0.0001936,2.32,2.54
1975,0.000193632,2.32,2.56
1976,0.000193664,2.32,2.56
1977,0.00019369599999999998,2.34,2.58
1978,0.000193728,2.34,2.58
1979,0.00019376,2.34,2.58
1980,0.00019379199999999998,2.36,2.6
1981,0.000193824,2.36,2.6
1982,0.000193856,2.38,2.6
1983,0.000193888,2.38,2.62
1984,0.00019392,2.38,2.62
1985,0.000193952,2.38,2.64
1986,0.000193984,2.4,2.64
1987,0.00019401599999999998,2.42,2.66
1988,0.000194048,2.42,2.66
1989,0.00019407999999999998,2.42,2.68
1990,0.00019411199999999997,2.44,2.68
1991,0.000194144,2.44,2.68
1992,0.000194176,2.46,2.68
1993,0.000194208,2.46,2.7
1994,0.00019423999999999998,2.46,2.7
1995,0.000194272,2.46,2.72
1996,0.000194304,2.48,2.72
1997,0.00019433599999999998,2.48,2.72
1998,0.000194368,2.5,2.74
1999,0.0001944,2.5,2.74
