,time,v1,v2
0,-0.0006376,3.56,3.74
1,-0.0006368,3.58,3.74
2,-0.000636,3.58,3.74
3,-0.0006352,3.6,3.7600000000000002
4,-0.0006344,3.62,3.7800000000000002
5,-0.0006336,3.62,3.7800000000000002
6,-0.0006328,3.62,3.7800000000000002
7,-0.000632,3.64,3.8000000000000003
8,-0.0006312,3.64,3.8200000000000003
9,-0.0006304,3.66,3.8200000000000003
10,-0.0006296,3.66,3.84
11,-0.0006288,3.68,3.86
12,-0.000628,3.68,3.86
13,-0.0006272,3.7,3.86
14,-0.0006264,3.7,3.88
15,-0.0006256,3.72,3.9
16,-0.0006248,3.72,3.9
17,-0.000624,3.74,3.9
18,-0.0006232,3.74,3.92
19,-0.0006224,3.7600000000000002,3.92
20,-0.0006216,3.7600000000000002,3.94
21,-0.0006208,3.8000000000000003,3.94
22,-0.00062,3.8000000000000003,3.96
23,-0.0006192,3.8000000000000003,3.96
24,-0.0006184,3.8200000000000003,3.98
25,-0.0006176,3.8200000000000003,4.0
26,-0.0006168,3.84,4.0
27,-0.000616,3.84,4.0200000000000005
28,-0.0006152,3.86,4.0200000000000005
29,-0.0006144,3.86,4.04
30,-0.0006136,3.88,4.04
31,-0.0006128,3.9,4.0600000000000005
32,-0.000612,3.9,4.0600000000000005
33,-0.0006112,3.9,4.08
34,-0.0006104,3.9,4.08
35,-0.0006096,3.92,4.1
36,-0.0006087999999999999,3.92,4.1
37,-0.000608,3.96,4.12
38,-0.0006072,3.94,4.14
39,-0.0006064,3.96,4.14
40,-0.0006056,3.96,4.16
41,-0.0006048,3.98,4.16
42,-0.000604,4.0,4.18
43,-0.0006032,4.0,4.18
44,-0.0006024,4.0200000000000005,4.18
45,-0.0006016,4.0200000000000005,4.2
46,-0.0006008,4.04,4.22
47,-0.0006,4.0600000000000005,4.22
48,-0.0005992,4.0600000000000005,4.24
49,-0.0005984,4.0600000000000005,4.24
50,-0.0005976,4.08,4.26
51,-0.0005968,4.08,4.26
52,-0.000596,4.1,4.28
53,-0.0005951999999999999,4.1,4.28
54,-0.0005944,4.14,4.3
55,-0.0005936,4.14,4.3
56,-0.0005928,4.14,4.32
57,-0.000592,4.14,4.34
58,-0.0005912,4.18,4.34
59,-0.0005904,4.18,4.36
60,-0.0005896,4.18,4.36
61,-0.0005888,4.18,4.38
62,-0.000588,4.2,4.38
63,-0.0005872,4.22,4.4
64,-0.0005863999999999999,4.22,4.42
65,-0.0005856,4.24,4.42
66,-0.0005848,4.24,4.44
67,-0.000584,4.24,4.44
68,-0.0005832,4.26,4.46
69,-0.0005824,4.26,4.46
70,-0.0005816,4.28,4.48
71,-0.0005808,4.28,4.48
72,-0.00058,4.3,4.5
73,-0.0005792,4.32,4.5200000000000005
74,-0.0005784,4.32,4.5200000000000005
75,-0.0005775999999999999,4.34,4.54
76,-0.0005768,4.34,4.54
77,-0.000576,4.36,4.5600000000000005
78,-0.0005752,4.36,4.5600000000000005
79,-0.0005744,4.38,4.58
80,-0.0005736,4.38,4.58
81,-0.0005728,4.4,4.58
82,-0.000572,4.4,4.6000000000000005
83,-0.0005712,4.42,4.62
84,-0.0005704,4.42,4.62
85,-0.0005696,4.44,4.64
86,-0.0005688,4.44,4.64
87,-0.000568,4.46,4.66
88,-0.0005672,4.46,4.66
89,-0.0005664,4.48,4.68
90,-0.0005656,4.5,4.68
91,-0.0005648,4.5,4.7
92,-0.000564,4.5,4.7
93,-0.0005632,4.5200000000000005,4.72
94,-0.0005624,4.5200000000000005,4.74
95,-0.0005616,4.54,4.74
96,-0.0005608,4.54,4.74
97,-0.00056,4.58,4.76
98,-0.0005592,4.5600000000000005,4.78
99,-0.0005584,4.58,4.78
100,-0.0005576,4.6000000000000005,4.8
101,-0.0005568,4.6000000000000005,4.8
102,-0.000556,4.6000000000000005,4.82
103,-0.0005552,4.62,4.82
104,-0.0005544,4.62,4.84
105,-0.0005536,4.64,4.84
106,-0.0005528,4.66,4.86
107,-0.000552,4.66,4.86
108,-0.0005512,4.66,4.88
109,-0.0005504,4.68,4.88
110,-0.0005496,4.7,4.9
111,-0.0005488,4.7,4.9
112,-0.000548,4.72,4.92
113,-0.0005472,4.72,4.94
114,-0.0005464,4.72,4.94
115,-0.0005456,4.74,4.94
116,-0.0005448,3.2600000000000002,4.96
117,-0.000544,0.86,0.08
118,-0.0005432,0.3,0.06
119,-0.0005424,0.16,0.06
120,-0.0005415999999999999,0.12,0.06
121,-0.0005408,0.12,0.08
122,-0.00054,0.1,0.1
123,-0.0005392,0.1,0.1
124,-0.0005384,0.12,0.12
125,-0.0005376000000000001,0.14,0.12
126,-0.0005368,0.14,0.14
127,-0.000536,0.14,0.14
128,-0.0005352,0.14,0.16
129,-0.0005344,0.16,0.16
130,-0.0005336,0.16,0.18
131,-0.0005327999999999999,0.18,0.18
132,-0.000532,0.18,0.2
133,-0.0005312,0.2,0.2
134,-0.0005304,0.2,0.22
135,-0.0005296,0.22,0.22
136,-0.0005288000000000001,0.22,0.24
137,-0.000528,0.24,0.24
138,-0.0005272,0.24,0.24
139,-0.0005264,0.26,0.26
140,-0.0005256,0.26,0.28
141,-0.0005248,0.26,0.28
142,-0.0005239999999999999,0.28,0.3
143,-0.0005232,0.28,0.3
144,-0.0005224,0.3,0.32
145,-0.0005216,0.3,0.3
146,-0.0005208,0.3,0.32
147,-0.00052,0.32,0.34
148,-0.0005192,0.32,0.34
149,-0.0005184,0.34,0.36
150,-0.0005176,0.34,0.36
151,-0.0005168,0.36,0.38
152,-0.000516,0.36,0.4
153,-0.0005152,0.38,0.4
154,-0.0005144,0.38,0.4
155,-0.0005136,0.4,0.42
156,-0.0005128,0.42,0.44
157,-0.000512,0.42,0.44
158,-0.0005112000000000001,0.42,0.44
159,-0.0005104,0.44,0.46
160,-0.0005096,0.44,0.46
161,-0.0005088,0.46,0.48
162,-0.000508,0.46,0.5
163,-0.0005072,0.48,0.5
164,-0.0005064,0.5,0.52
165,-0.0005056,0.5,0.52
166,-0.0005048,0.5,0.54
167,-0.000504,0.52,0.54
168,-0.0005032,0.52,0.54
169,-0.0005024,0.54,0.56
170,-0.0005016,0.56,0.58
171,-0.0005008,0.56,0.58
172,-0.0005,0.58,0.6
173,-0.0004992,0.58,0.6
174,-0.0004984,0.6,0.62
175,-0.0004976,0.6,0.62
176,-0.0004967999999999999,0.6,0.64
177,-0.000496,0.62,0.64
178,-0.0004952,0.64,0.66
179,-0.0004944,0.64,0.68
180,-0.0004936,0.66,0.68
181,-0.0004928,0.66,0.7000000000000001
182,-0.000492,0.68,0.7000000000000001
183,-0.0004912,0.68,0.7000000000000001
184,-0.0004904,0.7000000000000001,0.72
185,-0.0004896,0.7000000000000001,0.72
186,-0.0004888,0.72,0.74
187,-0.000488,0.74,0.76
188,-0.0004872,0.74,0.76
189,-0.0004864,0.74,0.78
190,-0.0004856,0.76,0.78
191,-0.00048479999999999997,0.76,0.78
192,-0.000484,0.78,0.8
193,-0.00048320000000000004,0.8,0.8200000000000001
194,-0.0004824,0.8,0.84
195,-0.0004816,0.8200000000000001,0.84
196,-0.0004808,0.8200000000000001,0.84
197,-0.00048,0.84,0.86
198,-0.0004792,0.84,0.86
199,-0.00047840000000000003,0.86,0.88
200,-0.0004776,0.86,0.9
201,-0.0004768,0.86,0.9
202,-0.00047599999999999997,0.88,0.92
203,-0.0004752,0.88,0.92
204,-0.00047440000000000004,0.88,0.9400000000000001
205,-0.0004736,0.92,0.96
206,-0.0004728,0.9,0.96
207,-0.000472,0.92,0.98
208,-0.0004712,0.9400000000000001,0.98
209,-0.0004704,0.96,0.98
210,-0.00046960000000000003,0.96,1.0
211,-0.0004688,0.98,1.0
212,-0.000468,0.98,1.02
213,-0.00046719999999999997,0.98,1.04
214,-0.0004664,1.0,1.04
215,-0.00046560000000000004,1.02,1.06
216,-0.0004648,1.02,1.06
217,-0.000464,1.04,1.08
218,-0.0004632,1.04,1.08
219,-0.00046239999999999996,1.06,1.1
220,-0.0004616,1.06,1.1
221,-0.00046080000000000003,1.08,1.1
222,-0.00046,1.08,1.12
223,-0.0004592,1.1,1.1400000000000001
224,-0.0004584,1.08,1.1400000000000001
225,-0.0004576,1.12,1.16
226,-0.0004568,1.12,1.16
227,-0.000456,1.1400000000000001,1.16
228,-0.0004552,1.1400000000000001,1.18
229,-0.0004544,1.16,1.2
230,-0.00045359999999999997,1.16,1.22
231,-0.0004528,1.18,1.24
232,-0.00045200000000000004,1.18,1.24
233,-0.0004512,1.2,1.26
234,-0.0004504,1.2,1.26
235,-0.0004496,1.22,1.28
236,-0.0004488,1.22,1.28
237,-0.000448,1.24,1.28
238,-0.00044720000000000003,1.24,1.3
239,-0.0004464,1.26,1.32
240,-0.0004456,1.28,1.32
241,-0.00044479999999999997,1.26,1.34
242,-0.000444,1.3,1.34
243,-0.00044320000000000004,1.28,1.36
244,-0.0004424,1.3,1.36
245,-0.0004416,1.32,1.3800000000000001
246,-0.0004408,1.32,1.3800000000000001
247,-0.00044,1.34,1.4000000000000001
248,-0.0004392,1.34,1.42
249,-0.00043840000000000003,1.36,1.42
250,-0.0004376,1.36,1.44
251,-0.0004368,1.36,1.44
252,-0.00043599999999999997,1.3800000000000001,1.46
253,-0.0004352,1.4000000000000001,1.46
254,-0.00043440000000000004,1.4000000000000001,1.48
255,-0.0004336,1.4000000000000001,1.48
256,-0.0004328,1.42,1.5
257,-0.000432,1.44,1.5
258,-0.00043119999999999996,1.44,1.52
259,-0.0004304,1.46,1.54
260,-0.00042960000000000003,1.48,1.54
261,-0.0004288,1.48,1.54
262,-0.000428,1.48,1.56
263,-0.0004272,1.5,1.56
264,-0.0004264,1.5,1.58
265,-0.0004256,1.52,1.58
266,-0.0004248,1.52,1.6
267,-0.000424,1.54,1.6
268,-0.0004232,1.56,1.62
269,-0.00042239999999999997,1.56,1.62
270,-0.0004216,1.58,1.6400000000000001
271,-0.00042080000000000004,1.58,1.6400000000000001
272,-0.00042,1.6,1.6600000000000001
273,-0.0004192,1.6,1.6600000000000001
274,-0.0004184,1.62,1.68
275,-0.0004176,1.62,1.68
276,-0.0004168,1.6400000000000001,1.7
277,-0.00041600000000000003,1.6400000000000001,1.72
278,-0.0004152,1.6600000000000001,1.72
279,-0.0004144,1.6600000000000001,1.74
280,-0.00041359999999999997,1.68,1.74
281,-0.0004128,1.7,1.76
282,-0.00041200000000000004,1.7,1.76
283,-0.0004112,1.7,1.78
284,-0.0004104,1.72,1.8
285,-0.0004096,1.72,1.8
286,-0.0004088,1.74,1.8
287,-0.000408,1.74,1.82
288,-0.00040720000000000003,1.76,1.82
289,-0.0004064,1.76,1.84
290,-0.0004056,1.76,1.86
291,-0.0004048,1.78,1.86
292,-0.000404,1.8,1.8800000000000001
293,-0.00040320000000000004,1.8,1.9000000000000001
294,-0.0004024,1.82,1.8800000000000001
295,-0.0004016,1.84,1.9000000000000001
296,-0.0004008,1.84,1.92
297,-0.00039999999999999996,1.84,1.92
298,-0.0003992,1.86,1.92
299,-0.00039840000000000003,1.86,1.96
300,-0.0003976,1.8800000000000001,1.94
301,-0.0003968,1.9000000000000001,1.96
302,-0.000396,1.9000000000000001,1.96
303,-0.0003952,1.92,1.98
304,-0.0003944,1.92,2.0
305,-0.0003936,1.94,2.02
306,-0.0003928,1.92,2.02
307,-0.000392,1.96,2.04
308,-0.0003912,1.96,2.04
309,-0.0003904,1.98,2.06
310,-0.0003896,1.98,2.06
311,-0.0003888,1.98,2.06
312,-0.000388,2.0,2.1
313,-0.0003872,2.0,2.1
314,-0.0003864,2.02,2.1
315,-0.0003856,2.02,2.12
316,-0.00038480000000000003,2.04,2.14
317,-0.000384,2.04,2.12
318,-0.0003832,2.06,2.16
319,-0.0003824,2.06,2.16
320,-0.0003816,2.08,2.16
321,-0.0003808,2.08,2.18
322,-0.00038,2.1,2.2
323,-0.0003792,2.12,2.2
324,-0.0003784,2.12,2.2
325,-0.0003776,2.14,2.22
326,-0.0003768,2.14,2.24
327,-0.00037600000000000003,2.14,2.2600000000000002
328,-0.0003752,2.16,2.2600000000000002
329,-0.0003744,2.18,2.2600000000000002
330,-0.00037360000000000003,2.18,2.2800000000000002
331,-0.0003728,2.2,2.3000000000000003
332,-0.000372,2.2,2.3000000000000003
333,-0.0003712,2.22,2.32
334,-0.0003704,2.22,2.32
335,-0.0003696,2.24,2.32
336,-0.0003688,2.24,2.34
337,-0.000368,2.2600000000000002,2.34
338,-0.0003672,2.2600000000000002,2.36
339,-0.0003664,2.2800000000000002,2.38
340,-0.0003656,2.2800000000000002,2.38
341,-0.00036480000000000003,2.3000000000000003,2.4
342,-0.000364,2.3000000000000003,2.4
343,-0.0003632,2.32,2.42
344,-0.0003624,2.32,2.44
345,-0.0003616,2.34,2.44
346,-0.0003608,2.34,2.44
347,-0.00036,2.34,2.46
348,-0.0003592,2.36,2.48
349,-0.0003584,2.38,2.48
350,-0.0003576,2.38,2.5
351,-0.0003568,2.38,2.5
352,-0.000356,2.4,2.5
353,-0.0003552,2.42,2.5
354,-0.0003544,2.42,2.52
355,-0.00035360000000000003,2.44,2.54
356,-0.0003528,2.44,2.54
357,-0.000352,2.46,2.56
358,-0.0003512,2.46,2.58
359,-0.0003504,2.48,2.58
360,-0.0003496,2.5,2.58
361,-0.0003488,2.5,2.6
362,-0.000348,2.5,2.62
363,-0.0003472,2.5,2.64
364,-0.0003464,2.5,2.64
365,-0.0003456,2.52,2.64
366,-0.00034480000000000003,2.54,2.64
367,-0.000344,2.54,2.66
368,-0.0003432,2.56,2.68
369,-0.00034240000000000003,2.56,2.68
370,-0.0003416,2.58,2.7
371,-0.0003408,2.58,2.7
372,-0.00034,2.6,2.72
373,-0.0003392,2.62,2.72
374,-0.0003384,2.62,2.7600000000000002
375,-0.0003376,2.62,2.7600000000000002
376,-0.0003368,2.64,2.7600000000000002
377,-0.000336,2.64,2.7600000000000002
378,-0.0003352,2.66,2.7800000000000002
379,-0.0003344,2.66,2.7800000000000002
380,-0.00033360000000000003,2.68,2.8000000000000003
381,-0.0003328,2.7,2.8000000000000003
382,-0.000332,2.7,2.84
383,-0.00033120000000000003,2.7,2.84
384,-0.0003304,2.72,2.84
385,-0.0003296,2.72,2.86
386,-0.0003288,2.74,2.86
387,-0.000328,2.74,2.88
388,-0.0003272,2.7600000000000002,2.88
389,-0.0003264,2.7800000000000002,2.88
390,-0.0003256,2.7800000000000002,2.92
391,-0.00032480000000000003,2.8000000000000003,2.92
392,-0.000324,2.8000000000000003,2.92
393,-0.0003232,2.82,2.94
394,-0.00032240000000000003,2.82,2.96
395,-0.0003216,2.84,2.96
396,-0.0003208,2.84,2.96
397,-0.00032,2.84,2.98
398,-0.0003192,2.86,2.98
399,-0.0003184,2.88,3.0
400,-0.0003176,2.88,3.02
401,-0.0003168,2.9,3.02
402,-0.000316,2.9,3.04
403,-0.0003152,2.92,3.06
404,-0.0003144,2.92,3.06
405,-0.00031360000000000003,2.94,3.06
406,-0.0003128,2.94,3.08
407,-0.000312,2.98,3.1
408,-0.00031120000000000003,2.98,3.1
409,-0.0003104,3.0,3.12
410,-0.0003096,2.98,3.12
411,-0.0003088,3.0,3.14
412,-0.000308,3.0,3.14
413,-0.0003072,3.0,3.14
414,-0.0003064,3.02,3.16
415,-0.0003056,3.04,3.16
416,-0.00030480000000000004,3.04,3.18
417,-0.000304,3.08,3.2
418,-0.0003032,3.06,3.22
419,-0.00030240000000000003,3.1,3.22
420,-0.0003016,3.08,3.22
421,-0.0003008,3.1,3.24
422,-0.00030000000000000003,3.12,3.2600000000000002
423,-0.0002992,3.12,3.2600000000000002
424,-0.0002984,3.14,3.2800000000000002
425,-0.0002976,3.14,3.2800000000000002
426,-0.0002968,3.14,3.3000000000000003
427,-0.000296,3.16,3.3000000000000003
428,-0.0002952,3.18,3.3200000000000003
429,-0.0002944,3.18,3.34
430,-0.00029360000000000003,3.2,3.34
431,-0.0002928,3.2,3.36
432,-0.000292,3.22,3.36
433,-0.00029120000000000003,3.22,3.38
434,-0.0002904,3.24,3.38
435,-0.0002896,3.2600000000000002,3.38
436,-0.0002888,3.2600000000000002,3.4
437,-0.000288,3.2600000000000002,3.42
438,-0.0002872,3.2800000000000002,3.42
439,-0.0002864,3.2800000000000002,3.44
440,-0.0002856,3.3000000000000003,3.44
441,-0.0002848,3.3000000000000003,3.46
442,-0.000284,3.3200000000000003,3.48
443,-0.0002832,3.34,3.48
444,-0.00028240000000000003,3.34,3.48
445,-0.0002816,3.36,3.52
446,-0.0002808,3.38,3.5
447,-0.00028000000000000003,3.36,3.52
448,-0.0002792,3.4,3.54
449,-0.0002784,3.38,3.56
450,-0.0002776,3.4,3.56
451,-0.0002768,3.42,3.56
452,-0.000276,3.42,3.56
453,-0.0002752,3.44,3.58
454,-0.0002744,3.44,3.58
455,-0.00027360000000000004,3.44,3.6
456,-0.0002728,3.46,3.62
457,-0.000272,3.46,3.62
458,-0.00027120000000000003,3.5,3.64
459,-0.0002704,3.5,3.64
460,-0.0002696,3.52,3.66
461,-0.00026880000000000003,3.52,3.68
462,-0.000268,3.52,3.68
463,-0.0002672,3.54,3.7
464,-0.0002664,3.54,3.7
465,-0.0002656,3.56,3.72
466,-0.0002648,3.56,3.72
467,-0.000264,3.56,3.74
468,-0.0002632,3.58,3.74
469,-0.00026240000000000004,3.6,3.7600000000000002
470,-0.0002616,3.6,3.7600000000000002
471,-0.0002608,3.62,3.7800000000000002
472,-0.00026000000000000003,3.62,3.8000000000000003
473,-0.0002592,3.64,3.8000000000000003
474,-0.0002584,3.66,3.8200000000000003
475,-0.00025760000000000003,3.66,3.8200000000000003
476,-0.0002568,3.68,3.84
477,-0.000256,3.7,3.84
478,-0.0002552,3.68,3.86
479,-0.0002544,3.7,3.88
480,-0.0002536,3.7,3.88
481,-0.0002528,3.72,3.9
482,-0.000252,3.72,3.92
483,-0.00025120000000000003,3.74,3.9
484,-0.0002504,3.74,3.92
485,-0.0002496,3.7600000000000002,3.92
486,-0.00024880000000000003,3.7600000000000002,3.94
487,-0.000248,3.8000000000000003,3.96
488,-0.0002472,3.7800000000000002,3.96
489,-0.0002464,3.8000000000000003,3.98
490,-0.0002456,3.8000000000000003,3.98
491,-0.0002448,3.8200000000000003,3.98
492,-0.00024400000000000002,3.84,4.0
493,-0.0002432,3.84,4.0
494,-0.00024240000000000004,3.86,4.0200000000000005
495,-0.00024160000000000002,3.88,4.04
496,-0.0002408,3.86,4.04
497,-0.00024000000000000003,3.88,4.0600000000000005
498,-0.00023920000000000001,3.88,4.0600000000000005
499,-0.0002384,3.9,4.08
500,-0.00023760000000000003,3.9,4.08
501,-0.0002368,3.92,4.1
502,-0.000236,3.92,4.1
503,-0.00023520000000000002,3.94,4.12
504,-0.0002344,3.96,4.14
505,-0.00023359999999999999,3.98,4.14
506,-0.00023280000000000002,3.98,4.14
507,-0.000232,3.98,4.16
508,-0.00023120000000000004,4.0,4.18
509,-0.00023040000000000002,4.0,4.18
510,-0.0002296,4.0200000000000005,4.2
511,-0.00022880000000000003,4.0200000000000005,4.22
512,-0.000228,4.0600000000000005,4.22
513,-0.0002272,4.04,4.22
514,-0.00022640000000000003,4.0600000000000005,4.24
515,-0.0002256,4.0600000000000005,4.24
516,-0.0002248,4.08,4.26
517,-0.00022400000000000002,4.08,4.26
518,-0.0002232,4.1,4.28
519,-0.00022240000000000004,4.1,4.28
520,-0.00022160000000000002,4.12,4.3
521,-0.0002208,4.12,4.3
522,-0.00022000000000000003,4.14,4.32
523,-0.00021920000000000002,4.14,4.34
524,-0.0002184,4.16,4.34
525,-0.00021760000000000003,4.16,4.34
526,-0.0002168,4.2,4.38
527,-0.000216,4.2,4.4
528,-0.00021520000000000003,4.2,4.38
529,-0.0002144,4.2,4.4
530,-0.0002136,4.22,4.4
531,-0.00021280000000000002,4.22,4.42
532,-0.000212,4.26,4.42
533,-0.00021120000000000004,4.24,4.44
534,-0.00021040000000000002,4.26,4.46
535,-0.0002096,4.26,4.46
536,-0.00020880000000000003,4.28,4.48
537,-0.00020800000000000001,4.3,4.48
538,-0.0002072,4.3,4.5
539,-0.00020640000000000003,4.32,4.5
540,-0.0002056,4.32,4.5200000000000005
541,-0.0002048,4.32,4.5200000000000005
542,-0.00020400000000000003,4.34,4.54
543,-0.0002032,4.36,4.54
544,-0.00020240000000000004,4.36,4.5600000000000005
545,-0.00020160000000000002,4.38,4.5600000000000005
546,-0.0002008,4.38,4.58
547,-0.00020000000000000004,4.4,4.6000000000000005
548,-0.00019920000000000002,4.4,4.6000000000000005
549,-0.0001984,4.42,4.6000000000000005
550,-0.00019760000000000003,4.42,4.62
551,-0.0001968,4.44,4.64
552,-0.000196,4.44,4.64
553,-0.00019520000000000003,4.46,4.64
554,-0.0001944,4.46,4.66
555,-0.0001936,4.48,4.68
556,-0.00019280000000000002,4.48,4.68
557,-0.000192,4.5,4.7
558,-0.00019120000000000004,4.5,4.7
559,-0.00019040000000000002,4.5200000000000005,4.74
560,-0.0001896,4.5200000000000005,4.72
561,-0.00018880000000000004,4.54,4.74
562,-0.00018800000000000002,4.54,4.74
563,-0.0001872,4.5600000000000005,4.76
564,-0.00018640000000000003,4.5600000000000005,4.78
565,-0.0001856,4.58,4.8
566,-0.0001848,4.58,4.8
567,-0.00018400000000000003,4.6000000000000005,4.8
568,-0.0001832,4.62,4.82
569,-0.0001824,4.62,4.82
570,-0.00018160000000000002,4.64,4.84
571,-0.0001808,4.64,4.86
572,-0.00018000000000000004,4.66,4.86
573,-0.00017920000000000002,4.66,4.88
574,-0.0001784,4.68,4.88
575,-0.00017760000000000003,4.68,4.9
576,-0.00017680000000000001,4.7,4.9
577,-0.000176,4.7,4.9
578,-0.00017520000000000003,4.7,4.92
579,-0.0001744,4.72,4.94
580,-0.0001736,4.74,4.94
581,-0.00017280000000000003,4.74,4.96
582,-0.000172,3.6,4.96
583,-0.00017120000000000004,0.92,0.08
584,-0.00017040000000000002,0.32,0.06
585,-0.0001696,0.16,0.06
586,-0.00016880000000000004,0.12,0.06
587,-0.00016800000000000002,0.1,0.08
588,-0.0001672,0.12,0.1
589,-0.00016640000000000003,0.12,0.1
590,-0.00016560000000000001,0.12,0.12
591,-0.0001648,0.14,0.1
592,-0.00016400000000000003,0.14,0.14
593,-0.0001632,0.14,0.14
594,-0.0001624,0.16,0.16
595,-0.00016160000000000002,0.14,0.16
596,-0.0001608,0.16,0.18
597,-0.00016000000000000004,0.18,0.16
598,-0.00015920000000000002,0.18,0.2
599,-0.0001584,0.2,0.2
600,-0.00015760000000000004,0.2,0.22
601,-0.00015680000000000002,0.2,0.22
602,-0.000156,0.22,0.24
603,-0.00015520000000000003,0.22,0.24
604,-0.0001544,0.24,0.26
605,-0.0001536,0.24,0.26
606,-0.00015280000000000003,0.26,0.26
607,-0.000152,0.26,0.28
608,-0.0001512,0.26,0.3
609,-0.00015040000000000002,0.28,0.3
610,-0.0001496,0.3,0.3
611,-0.00014880000000000004,0.3,0.32
612,-0.00014800000000000002,0.32,0.32
613,-0.0001472,0.32,0.32
614,-0.00014639999999999998,0.34,0.34
615,-0.00014560000000000007,0.34,0.36
616,-0.00014480000000000005,0.34,0.36
617,-0.00014400000000000003,0.36,0.38
618,-0.0001432,0.36,0.4
619,-0.0001424,0.36,0.4
620,-0.00014159999999999997,0.38,0.4
621,-0.00014080000000000006,0.4,0.42
622,-0.00014000000000000004,0.4,0.42
623,-0.00013920000000000002,0.42,0.42
624,-0.0001384,0.42,0.44
625,-0.00013759999999999998,0.44,0.44
626,-0.00013679999999999996,0.44,0.48
627,-0.00013600000000000005,0.46,0.48
628,-0.00013520000000000003,0.46,0.48
629,-0.00013440000000000001,0.48,0.5
630,-0.0001336,0.48,0.5
631,-0.00013279999999999998,0.5,0.54
632,-0.00013200000000000006,0.5,0.54
633,-0.00013120000000000004,0.52,0.54
634,-0.00013040000000000003,0.52,0.56
635,-0.0001296,0.54,0.56
636,-0.0001288,0.54,0.56
637,-0.00012799999999999997,0.56,0.58
638,-0.00012720000000000006,0.56,0.6
639,-0.00012640000000000004,0.58,0.6
640,-0.00012560000000000002,0.58,0.6
641,-0.0001248,0.6,0.6
642,-0.00012399999999999998,0.6,0.64
643,-0.00012320000000000007,0.62,0.66
644,-0.00012240000000000005,0.64,0.66
645,-0.00012160000000000003,0.64,0.68
646,-0.00012080000000000001,0.66,0.68
647,-0.00011999999999999999,0.66,0.68
648,-0.00011919999999999997,0.68,0.7000000000000001
649,-0.00011840000000000006,0.68,0.7000000000000001
650,-0.00011760000000000004,0.7000000000000001,0.72
651,-0.00011680000000000002,0.7000000000000001,0.74
652,-0.000116,0.72,0.74
653,-0.00011519999999999998,0.72,0.76
654,-0.00011440000000000007,0.74,0.76
655,-0.00011360000000000005,0.74,0.78
656,-0.00011280000000000003,0.74,0.8
657,-0.00011200000000000001,0.76,0.8
658,-0.00011119999999999999,0.78,0.8
659,-0.00011039999999999997,0.78,0.8200000000000001
660,-0.00010960000000000006,0.8,0.8200000000000001
661,-0.00010880000000000004,0.8,0.84
662,-0.00010800000000000002,0.8200000000000001,0.86
663,-0.0001072,0.8200000000000001,0.86
664,-0.00010639999999999998,0.84,0.86
665,-0.00010559999999999996,0.84,0.88
666,-0.00010480000000000005,0.86,0.88
667,-0.00010400000000000003,0.88,0.9
668,-0.00010320000000000001,0.88,0.92
669,-0.0001024,0.88,0.92
670,-0.00010159999999999998,0.9,0.9400000000000001
671,-0.00010080000000000006,0.9,0.96
672,-0.00010000000000000005,0.92,0.96
673,-9.920000000000003e-05,0.9400000000000001,0.98
674,-9.84e-05,0.9400000000000001,0.96
675,-9.759999999999999e-05,0.96,0.98
676,-9.679999999999997e-05,0.9400000000000001,1.0
677,-9.600000000000006e-05,0.96,1.0
678,-9.520000000000004e-05,0.96,1.02
679,-9.440000000000002e-05,0.98,1.04
680,-9.36e-05,1.0,1.04
681,-9.279999999999998e-05,1.02,1.04
682,-9.200000000000007e-05,1.02,1.06
683,-9.120000000000005e-05,1.04,1.08
684,-9.040000000000003e-05,1.04,1.08
685,-8.960000000000001e-05,1.04,1.1
686,-8.879999999999999e-05,1.06,1.1
687,-8.799999999999997e-05,1.06,1.12
688,-8.720000000000006e-05,1.08,1.12
689,-8.640000000000004e-05,1.08,1.1400000000000001
690,-8.560000000000002e-05,1.08,1.1400000000000001
691,-8.48e-05,1.1,1.16
692,-8.399999999999998e-05,1.12,1.18
693,-8.320000000000007e-05,1.1400000000000001,1.18
694,-8.240000000000005e-05,1.1400000000000001,1.18
695,-8.160000000000003e-05,1.16,1.2
696,-8.080000000000001e-05,1.16,1.22
697,-7.999999999999999e-05,1.16,1.22
698,-7.919999999999997e-05,1.18,1.24
699,-7.840000000000006e-05,1.2,1.24
700,-7.760000000000004e-05,1.2,1.26
701,-7.680000000000002e-05,1.22,1.28
702,-7.6e-05,1.22,1.28
703,-7.519999999999998e-05,1.24,1.3
704,-7.439999999999997e-05,1.24,1.3
705,-7.360000000000005e-05,1.26,1.3
706,-7.280000000000003e-05,1.26,1.32
707,-7.200000000000002e-05,1.28,1.34
708,-7.12e-05,1.3,1.36
709,-7.039999999999998e-05,1.28,1.36
710,-6.960000000000007e-05,1.3,1.36
711,-6.880000000000005e-05,1.32,1.3800000000000001
712,-6.800000000000003e-05,1.32,1.4000000000000001
713,-6.720000000000001e-05,1.34,1.4000000000000001
714,-6.639999999999999e-05,1.34,1.42
715,-6.559999999999997e-05,1.36,1.42
716,-6.480000000000006e-05,1.36,1.44
717,-6.400000000000004e-05,1.3800000000000001,1.44
718,-6.320000000000002e-05,1.3800000000000001,1.44
719,-6.24e-05,1.4000000000000001,1.46
720,-6.159999999999998e-05,1.4000000000000001,1.46
721,-6.080000000000007e-05,1.4000000000000001,1.48
722,-6.000000000000005e-05,1.42,1.5
723,-5.920000000000003e-05,1.44,1.5
724,-5.840000000000001e-05,1.44,1.52
725,-5.759999999999999e-05,1.46,1.52
726,-5.679999999999997e-05,1.46,1.54
727,-5.600000000000006e-05,1.48,1.54
728,-5.520000000000004e-05,1.48,1.56
729,-5.440000000000002e-05,1.5,1.56
730,-5.36e-05,1.5,1.58
731,-5.279999999999998e-05,1.52,1.58
732,-5.200000000000007e-05,1.52,1.6
733,-5.120000000000005e-05,1.52,1.6
734,-5.040000000000003e-05,1.54,1.62
735,-4.960000000000001e-05,1.54,1.62
736,-4.8799999999999994e-05,1.58,1.6400000000000001
737,-4.7999999999999974e-05,1.58,1.6400000000000001
738,-4.720000000000006e-05,1.6,1.6400000000000001
739,-4.6400000000000044e-05,1.58,1.68
740,-4.5600000000000024e-05,1.6,1.68
741,-4.4800000000000005e-05,1.62,1.7
742,-4.3999999999999985e-05,1.6400000000000001,1.7
743,-4.3200000000000074e-05,1.6400000000000001,1.72
744,-4.2400000000000055e-05,1.6400000000000001,1.72
745,-4.1600000000000035e-05,1.6400000000000001,1.74
746,-4.0800000000000016e-05,1.68,1.74
747,-3.9999999999999996e-05,1.68,1.76
748,-3.919999999999998e-05,1.7,1.76
749,-3.8400000000000066e-05,1.7,1.78
750,-3.7600000000000047e-05,1.72,1.78
751,-3.680000000000003e-05,1.72,1.78
752,-3.600000000000001e-05,1.74,1.8
753,-3.519999999999999e-05,1.74,1.82
754,-3.439999999999997e-05,1.76,1.82
755,-3.360000000000006e-05,1.76,1.84
756,-3.280000000000004e-05,1.78,1.86
757,-3.200000000000002e-05,1.78,1.86
758,-3.12e-05,1.8,1.8800000000000001
759,-3.039999999999998e-05,1.8,1.8800000000000001
760,-2.960000000000007e-05,1.82,1.8800000000000001
761,-2.880000000000005e-05,1.82,1.9000000000000001
762,-2.800000000000003e-05,1.84,1.92
763,-2.720000000000001e-05,1.84,1.9000000000000001
764,-2.639999999999999e-05,1.86,1.94
765,-2.5599999999999972e-05,1.86,1.94
766,-2.480000000000006e-05,1.8800000000000001,1.96
767,-2.400000000000004e-05,1.8800000000000001,1.98
768,-2.3200000000000022e-05,1.9000000000000001,1.96
769,-2.2400000000000002e-05,1.9000000000000001,1.98
770,-2.1599999999999983e-05,1.92,2.0
771,-2.0800000000000072e-05,1.94,2.02
772,-2.0000000000000052e-05,1.94,2.02
773,-1.9200000000000033e-05,1.94,2.04
774,-1.8400000000000014e-05,1.96,2.04
775,-1.7599999999999994e-05,1.96,2.06
776,-1.6799999999999975e-05,1.98,2.06
777,-1.6000000000000064e-05,1.98,2.08
778,-1.5200000000000044e-05,1.98,2.08
779,-1.4400000000000025e-05,2.0,2.08
780,-1.3600000000000005e-05,2.02,2.1
781,-1.2799999999999986e-05,2.04,2.12
782,-1.2000000000000075e-05,2.04,2.12
783,-1.1200000000000055e-05,2.04,2.14
784,-1.0400000000000036e-05,2.06,2.16
785,-9.600000000000017e-06,2.08,2.16
786,-8.799999999999997e-06,2.08,2.18
787,-7.999999999999978e-06,2.1,2.18
788,-7.200000000000067e-06,2.08,2.2
789,-6.400000000000047e-06,2.12,2.2
790,-5.600000000000028e-06,2.1,2.22
791,-4.800000000000008e-06,2.14,2.22
792,-3.999999999999989e-06,2.14,2.24
793,-3.1999999999999694e-06,2.16,2.24
794,-2.4000000000000583e-06,2.16,2.24
795,-1.6000000000000389e-06,2.18,2.2600000000000002
796,-8.000000000000194e-07,2.18,2.2800000000000002
797,0.0,2.2,2.2800000000000002
798,8.000000000000194e-07,2.2,2.3000000000000003
799,1.5999999999999305e-06,2.22,2.3000000000000003
800,2.39999999999995e-06,2.22,2.32
801,3.1999999999999694e-06,2.24,2.32
802,3.999999999999989e-06,2.24,2.34
803,4.800000000000008e-06,2.2600000000000002,2.36
804,5.600000000000028e-06,2.2600000000000002,2.36
805,6.399999999999939e-06,2.2800000000000002,2.38
806,7.199999999999958e-06,2.2800000000000002,2.38
807,7.999999999999978e-06,2.2800000000000002,2.4
808,8.799999999999997e-06,2.3000000000000003,2.4
809,9.600000000000017e-06,2.32,2.42
810,1.0399999999999928e-05,2.32,2.42
811,1.1199999999999947e-05,2.34,2.44
812,1.1999999999999966e-05,2.34,2.44
813,1.2799999999999986e-05,2.36,2.46
814,1.3600000000000005e-05,2.36,2.48
815,1.4400000000000025e-05,2.38,2.46
816,1.5199999999999936e-05,2.38,2.5
817,1.5999999999999955e-05,2.4,2.5
818,1.6799999999999975e-05,2.4,2.5
819,1.7599999999999994e-05,2.42,2.52
820,1.8400000000000014e-05,2.42,2.52
821,1.9199999999999925e-05,2.42,2.54
822,1.9999999999999944e-05,2.44,2.54
823,2.0799999999999963e-05,2.46,2.56
824,2.1599999999999983e-05,2.46,2.56
825,2.2400000000000002e-05,2.48,2.58
826,2.3200000000000022e-05,2.48,2.6
827,2.3999999999999933e-05,2.5,2.6
828,2.4799999999999952e-05,2.5,2.6
829,2.5599999999999972e-05,2.5,2.62
830,2.639999999999999e-05,2.52,2.64
831,2.720000000000001e-05,2.52,2.64
832,2.799999999999992e-05,2.54,2.66
833,2.879999999999994e-05,2.54,2.66
834,2.959999999999996e-05,2.56,2.66
835,3.039999999999998e-05,2.56,2.7
836,3.12e-05,2.58,2.7
837,3.200000000000002e-05,2.58,2.7
838,3.279999999999993e-05,2.6,2.72
839,3.359999999999995e-05,2.6,2.72
840,3.439999999999997e-05,2.62,2.74
841,3.519999999999999e-05,2.62,2.7600000000000002
842,3.600000000000001e-05,2.64,2.7600000000000002
843,3.680000000000003e-05,2.64,2.7600000000000002
844,3.759999999999994e-05,2.66,2.7800000000000002
845,3.839999999999996e-05,2.66,2.7800000000000002
846,3.919999999999998e-05,2.68,2.8000000000000003
847,3.9999999999999996e-05,2.68,2.82
848,4.0800000000000016e-05,2.7,2.82
849,4.159999999999993e-05,2.7,2.82
850,4.2399999999999946e-05,2.72,2.84
851,4.3199999999999966e-05,2.74,2.86
852,4.3999999999999985e-05,2.74,2.86
853,4.4800000000000005e-05,2.74,2.88
854,4.5600000000000024e-05,2.7800000000000002,2.88
855,4.6399999999999935e-05,2.7800000000000002,2.9
856,4.7199999999999955e-05,2.8000000000000003,2.9
857,4.7999999999999974e-05,2.8000000000000003,2.92
858,4.8799999999999994e-05,2.8000000000000003,2.94
859,4.960000000000001e-05,2.82,2.94
860,5.0399999999999924e-05,2.84,2.94
861,5.1199999999999943e-05,2.82,2.96
862,5.199999999999996e-05,2.86,2.98
863,5.279999999999998e-05,2.86,2.98
864,5.36e-05,2.86,3.0
865,5.440000000000002e-05,2.86,3.02
866,5.519999999999993e-05,2.88,3.02
867,5.599999999999995e-05,2.9,3.02
868,5.679999999999997e-05,2.9,3.04
869,5.759999999999999e-05,2.92,3.04
870,5.840000000000001e-05,2.92,3.06
871,5.919999999999992e-05,2.94,3.08
872,5.999999999999994e-05,2.94,3.08
873,6.079999999999996e-05,2.96,3.08
874,6.159999999999998e-05,2.96,3.1
875,6.24e-05,2.98,3.12
876,6.320000000000002e-05,2.98,3.12
877,6.399999999999993e-05,3.0,3.14
878,6.479999999999995e-05,3.0,3.14
879,6.559999999999997e-05,3.02,3.16
880,6.639999999999999e-05,3.02,3.16
881,6.720000000000001e-05,3.02,3.18
882,6.800000000000003e-05,3.04,3.2
883,6.879999999999994e-05,3.06,3.22
884,6.959999999999996e-05,3.06,3.2
885,7.039999999999998e-05,3.08,3.22
886,7.12e-05,3.1,3.22
887,7.200000000000002e-05,3.1,3.2600000000000002
888,7.279999999999993e-05,3.12,3.24
889,7.359999999999995e-05,3.12,3.2800000000000002
890,7.439999999999997e-05,3.12,3.2600000000000002
891,7.519999999999998e-05,3.14,3.2800000000000002
892,7.6e-05,3.14,3.3000000000000003
893,7.680000000000002e-05,3.16,3.3000000000000003
894,7.759999999999993e-05,3.18,3.3200000000000003
895,7.839999999999995e-05,3.18,3.34
896,7.919999999999997e-05,3.18,3.34
897,7.999999999999999e-05,3.2,3.36
898,8.080000000000001e-05,3.22,3.36
899,8.159999999999992e-05,3.22,3.38
900,8.239999999999994e-05,3.24,3.38
901,8.319999999999996e-05,3.24,3.38
902,8.399999999999998e-05,3.2600000000000002,3.4
903,8.48e-05,3.2600000000000002,3.42
904,8.560000000000002e-05,3.2800000000000002,3.42
905,8.639999999999993e-05,3.2800000000000002,3.44
906,8.719999999999995e-05,3.3000000000000003,3.46
907,8.799999999999997e-05,3.3000000000000003,3.46
908,8.879999999999999e-05,3.3200000000000003,3.46
909,8.960000000000001e-05,3.3200000000000003,3.48
910,9.039999999999992e-05,3.36,3.48
911,9.119999999999994e-05,3.36,3.5
912,9.199999999999996e-05,3.36,3.52
913,9.279999999999998e-05,3.38,3.52
914,9.36e-05,3.38,3.54
915,9.440000000000002e-05,3.4,3.54
916,9.519999999999993e-05,3.4,3.56
917,9.599999999999995e-05,3.42,3.56
918,9.679999999999997e-05,3.42,3.58
919,9.759999999999999e-05,3.44,3.58
920,9.84e-05,3.44,3.6
921,9.920000000000003e-05,3.46,3.62
922,9.999999999999994e-05,3.46,3.62
923,0.00010079999999999996,3.48,3.64
924,0.00010159999999999998,3.48,3.64
925,0.0001024,3.48,3.64
926,0.00010320000000000001,3.5,3.66
927,0.00010399999999999993,3.5,3.66
928,0.00010479999999999995,3.52,3.68
929,0.00010559999999999996,3.54,3.7
930,0.00010639999999999998,3.54,3.7
931,0.0001072,3.56,3.72
932,0.00010800000000000002,3.58,3.72
933,0.00010879999999999993,3.56,3.74
934,0.00010959999999999995,3.58,3.74
935,0.00011039999999999997,3.58,3.7600000000000002
936,0.00011119999999999999,3.6,3.7600000000000002
937,0.00011200000000000001,3.62,3.7800000000000002
938,0.00011279999999999992,3.62,3.8000000000000003
939,0.00011359999999999994,3.62,3.8000000000000003
940,0.00011439999999999996,3.64,3.8200000000000003
941,0.00011519999999999998,3.66,3.8200000000000003
942,0.000116,3.66,3.84
943,0.00011680000000000002,3.68,3.84
944,0.00011759999999999993,3.68,3.86
945,0.00011839999999999995,3.7,3.88
946,0.00011919999999999997,3.7,3.88
947,0.00011999999999999999,3.72,3.88
948,0.00012080000000000001,3.72,3.9
949,0.00012159999999999992,3.74,3.92
950,0.00012239999999999994,3.74,3.92
951,0.00012319999999999996,3.7600000000000002,3.92
952,0.00012399999999999998,3.7600000000000002,3.94
953,0.0001248,3.7800000000000002,3.94
954,0.00012560000000000002,3.8000000000000003,3.96
955,0.00012639999999999993,3.8000000000000003,3.96
956,0.00012719999999999995,3.8200000000000003,3.98
957,0.00012799999999999997,3.8200000000000003,3.98
958,0.0001288,3.84,4.0
959,0.0001296,3.84,4.0
960,0.00013040000000000003,3.84,4.0200000000000005
961,0.00013119999999999994,3.86,4.0200000000000005
962,0.00013199999999999996,3.88,4.0600000000000005
963,0.00013279999999999998,3.9,4.0600000000000005
964,0.0001336,3.88,4.08
965,0.00013440000000000001,3.9,4.08
966,0.00013519999999999993,3.92,4.08
967,0.00013599999999999994,3.92,4.1
968,0.00013679999999999996,3.94,4.1
969,0.00013759999999999998,3.94,4.12
970,0.0001384,3.96,4.14
971,0.00013920000000000002,3.96,4.14
972,0.00013999999999999993,3.98,4.14
973,0.00014079999999999995,4.0,4.16
974,0.00014159999999999997,4.0,4.18
975,0.0001424,4.0,4.18
976,0.0001432,4.0200000000000005,4.2
977,0.00014399999999999992,4.0200000000000005,4.2
978,0.00014479999999999994,4.04,4.22
979,0.00014559999999999996,4.04,4.22
980,0.00014639999999999998,4.0600000000000005,4.26
981,0.0001472,4.0600000000000005,4.24
982,0.00014800000000000002,4.08,4.26
983,0.00014879999999999993,4.1,4.26
984,0.00014959999999999995,4.1,4.28
985,0.00015039999999999997,4.1,4.3
986,0.0001512,4.12,4.3
987,0.000152,4.12,4.3
988,0.00015279999999999992,4.14,4.32
989,0.00015359999999999994,4.14,4.34
990,0.00015439999999999996,4.16,4.34
991,0.00015519999999999998,4.16,4.34
992,0.000156,4.2,4.36
993,0.00015680000000000002,4.2,4.36
994,0.00015759999999999993,4.2,4.38
995,0.00015839999999999995,4.2,4.4
996,0.00015919999999999997,4.22,4.4
997,0.00015999999999999999,4.24,4.42
998,0.0001608,4.24,4.42
999,0.00016159999999999992,4.24,4.46
1000,0.00016239999999999994,4.26,4.46
1001,0.00016319999999999996,4.28,4.46
1002,0.00016399999999999997,4.3,4.48
1003,0.0001648,4.3,4.48
1004,0.00016560000000000001,4.3,4.5
1005,0.00016639999999999992,4.32,4.5
1006,0.00016719999999999994,4.32,4.5200000000000005
1007,0.00016799999999999996,4.34,4.5200000000000005
1008,0.00016879999999999998,4.34,4.54
1009,0.0001696,4.36,4.5600000000000005
1010,0.00017040000000000002,4.36,4.5600000000000005
1011,0.00017119999999999993,4.38,4.58
1012,0.00017199999999999995,4.38,4.58
1013,0.00017279999999999997,4.42,4.58
1014,0.0001736,4.4,4.6000000000000005
1015,0.0001744,4.42,4.62
1016,0.00017519999999999992,4.42,4.62
1017,0.00017599999999999994,4.44,4.64
1018,0.00017679999999999996,4.44,4.64
1019,0.00017759999999999998,4.44,4.66
1020,0.0001784,4.46,4.66
1021,0.00017920000000000002,4.48,4.68
1022,0.00017999999999999993,4.48,4.7
1023,0.00018079999999999995,4.5,4.7
1024,0.00018159999999999997,4.5,4.7
1025,0.0001824,4.5200000000000005,4.72
1026,0.0001832,4.5200000000000005,4.72
1027,0.00018399999999999992,4.54,4.74
1028,0.00018479999999999994,4.5600000000000005,4.76
1029,0.00018559999999999996,4.5600000000000005,4.76
1030,0.00018639999999999998,4.5600000000000005,4.76
1031,0.0001872,4.58,4.78
1032,0.00018800000000000002,4.58,4.8
1033,0.00018879999999999993,4.6000000000000005,4.8
1034,0.00018959999999999995,4.62,4.82
1035,0.00019039999999999997,4.62,4.82
1036,0.00019119999999999999,4.62,4.84
1037,0.000192,4.64,4.86
1038,0.00019279999999999992,4.66,4.86
1039,0.00019359999999999994,4.66,4.86
1040,0.00019439999999999995,4.68,4.88
1041,0.00019519999999999997,4.68,4.88
1042,0.000196,4.7,4.92
1043,0.0001968,4.72,4.9
1044,0.00019759999999999992,4.7,4.92
1045,0.00019839999999999994,4.72,4.94
1046,0.00019919999999999996,4.74,4.94
1047,0.00019999999999999998,4.74,4.96
1048,0.0002008,3.98,4.96
1049,0.00020160000000000002,1.02,0.08
1050,0.00020239999999999993,0.32,0.06
1051,0.00020319999999999995,0.18,0.06
1052,0.00020399999999999997,0.12,0.06
1053,0.0002048,0.12,0.08
1054,0.0002056,0.12,0.08
1055,0.00020639999999999992,0.12,0.1
1056,0.00020719999999999994,0.12,0.12
1057,0.00020799999999999996,0.12,0.12
1058,0.00020879999999999998,0.14,0.14
1059,0.0002096,0.14,0.14
1060,0.00021040000000000002,0.16,0.16
1061,0.00021119999999999993,0.16,0.16
1062,0.00021199999999999995,0.16,0.18
1063,0.00021279999999999997,0.18,0.18
1064,0.0002136,0.18,0.2
1065,0.0002144,0.2,0.2
1066,0.00021519999999999992,0.2,0.22
1067,0.00021599999999999994,0.22,0.22
1068,0.00021679999999999996,0.22,0.24
1069,0.00021759999999999998,0.24,0.24
1070,0.0002184,0.24,0.26
1071,0.00021920000000000002,0.24,0.26
1072,0.00021999999999999993,0.26,0.28
1073,0.00022079999999999995,0.26,0.28
1074,0.00022159999999999997,0.28,0.3
1075,0.00022239999999999998,0.28,0.3
1076,0.0002232,0.3,0.3
1077,0.00022399999999999992,0.3,0.32
1078,0.00022479999999999993,0.32,0.32
1079,0.00022559999999999995,0.32,0.34
1080,0.00022639999999999997,0.34,0.34
1081,0.0002272,0.34,0.34
1082,0.000228,0.36,0.36
1083,0.00022879999999999992,0.36,0.38
1084,0.00022959999999999994,0.38,0.4
1085,0.00023039999999999996,0.38,0.4
1086,0.00023119999999999998,0.38,0.4
1087,0.000232,0.4,0.42
1088,0.0002327999999999999,0.4,0.42
1089,0.00023359999999999993,0.42,0.44
1090,0.00023439999999999995,0.42,0.44
1091,0.00023519999999999997,0.44,0.46
1092,0.000236,0.44,0.46
1093,0.0002368,0.46,0.48
1094,0.00023759999999999992,0.46,0.48
1095,0.00023839999999999994,0.46,0.5
1096,0.00023919999999999996,0.48,0.5
1097,0.00023999999999999998,0.48,0.52
1098,0.0002408,0.5,0.54
1099,0.00024160000000000002,0.52,0.54
1100,0.00024239999999999993,0.52,0.56
1101,0.00024319999999999995,0.54,0.56
1102,0.00024399999999999997,0.56,0.58
1103,0.0002448,0.54,0.58
1104,0.0002456,0.56,0.6
1105,0.0002463999999999999,0.58,0.6
1106,0.00024719999999999994,0.58,0.62
1107,0.00024799999999999996,0.6,0.62
1108,0.0002488,0.62,0.64
1109,0.0002496,0.62,0.64
1110,0.0002504,0.62,0.66
1111,0.0002511999999999999,0.62,0.66
1112,0.00025199999999999995,0.64,0.68
1113,0.00025279999999999996,0.66,0.7000000000000001
1114,0.0002536,0.68,0.7000000000000001
1115,0.0002544,0.7000000000000001,0.7000000000000001
1116,0.0002551999999999999,0.7000000000000001,0.7000000000000001
1117,0.00025599999999999993,0.7000000000000001,0.74
1118,0.00025679999999999995,0.72,0.74
1119,0.0002576,0.72,0.76
1120,0.0002584,0.74,0.76
1121,0.0002592,0.74,0.78
1122,0.0002599999999999999,0.76,0.78
1123,0.00026079999999999994,0.76,0.8
1124,0.00026159999999999996,0.76,0.8
1125,0.0002624,0.8,0.8200000000000001
1126,0.0002632,0.8,0.8200000000000001
1127,0.0002639999999999999,0.8,0.84
1128,0.00026479999999999993,0.8200000000000001,0.84
1129,0.00026559999999999995,0.8200000000000001,0.86
1130,0.00026639999999999997,0.84,0.86
1131,0.0002672,0.84,0.88
1132,0.000268,0.86,0.9
1133,0.0002687999999999999,0.88,0.9
1134,0.00026959999999999994,0.88,0.92
1135,0.00027039999999999996,0.88,0.92
1136,0.0002712,0.9,0.9400000000000001
1137,0.000272,0.9,0.9400000000000001
1138,0.0002728,0.92,0.96
1139,0.00027359999999999993,0.9400000000000001,0.96
1140,0.00027439999999999995,0.9400000000000001,0.98
1141,0.00027519999999999997,0.9400000000000001,1.0
1142,0.000276,0.96,1.0
1143,0.0002768,0.96,1.02
1144,0.0002775999999999999,0.98,1.02
1145,0.00027839999999999994,0.98,1.02
1146,0.00027919999999999996,1.0,1.04
1147,0.00028,1.02,1.06
1148,0.0002808,1.02,1.06
1149,0.0002816,1.04,1.08
1150,0.0002823999999999999,1.04,1.1
1151,0.00028319999999999994,1.06,1.1
1152,0.00028399999999999996,1.06,1.1
1153,0.0002848,1.08,1.1
1154,0.0002856,1.08,1.1400000000000001
1155,0.0002863999999999999,1.1,1.1400000000000001
1156,0.00028719999999999993,1.1,1.1400000000000001
1157,0.00028799999999999995,1.12,1.1400000000000001
1158,0.00028879999999999997,1.12,1.16
1159,0.0002896,1.1400000000000001,1.18
1160,0.0002904,1.1400000000000001,1.18
1161,0.0002911999999999999,1.16,1.2
1162,0.00029199999999999994,1.16,1.22
1163,0.00029279999999999996,1.18,1.22
1164,0.0002936,1.18,1.24
1165,0.0002944,1.2,1.24
1166,0.0002951999999999999,1.2,1.26
1167,0.00029599999999999993,1.22,1.26
1168,0.00029679999999999995,1.22,1.28
1169,0.00029759999999999997,1.24,1.3
1170,0.0002984,1.24,1.3
1171,0.0002992,1.26,1.32
1172,0.0002999999999999999,1.26,1.32
1173,0.00030079999999999994,1.28,1.34
1174,0.00030159999999999996,1.28,1.36
1175,0.0003024,1.3,1.36
1176,0.0003032,1.3,1.36
1177,0.000304,1.32,1.3800000000000001
1178,0.00030479999999999993,1.32,1.3800000000000001
1179,0.00030559999999999995,1.34,1.4000000000000001
1180,0.00030639999999999997,1.34,1.4000000000000001
1181,0.0003072,1.36,1.42
1182,0.000308,1.36,1.42
1183,0.0003087999999999999,1.3800000000000001,1.44
1184,0.00030959999999999994,1.4000000000000001,1.46
1185,0.00031039999999999996,1.4000000000000001,1.46
1186,0.0003112,1.42,1.46
1187,0.000312,1.42,1.46
1188,0.0003128,1.44,1.5
1189,0.0003135999999999999,1.44,1.48
1190,0.00031439999999999994,1.46,1.52
1191,0.00031519999999999996,1.46,1.52
1192,0.000316,1.46,1.54
1193,0.0003168,1.48,1.54
1194,0.0003175999999999999,1.48,1.56
1195,0.00031839999999999993,1.5,1.56
1196,0.00031919999999999995,1.5,1.58
1197,0.00031999999999999997,1.52,1.6
1198,0.0003208,1.54,1.58
1199,0.0003216,1.54,1.6
1200,0.0003223999999999999,1.54,1.62
1201,0.00032319999999999994,1.56,1.62
1202,0.00032399999999999996,1.58,1.6400000000000001
1203,0.0003248,1.58,1.6600000000000001
1204,0.0003256,1.58,1.6400000000000001
1205,0.0003263999999999999,1.6,1.6600000000000001
1206,0.00032719999999999993,1.6,1.68
1207,0.00032799999999999995,1.62,1.7
1208,0.00032879999999999997,1.62,1.7
1209,0.0003296,1.62,1.7
1210,0.0003304,1.6400000000000001,1.72
1211,0.0003311999999999999,1.6400000000000001,1.72
1212,0.00033199999999999994,1.6600000000000001,1.74
1213,0.00033279999999999996,1.6600000000000001,1.76
1214,0.0003336,1.7,1.76
1215,0.0003344,1.72,1.78
1216,0.0003352,1.72,1.78
1217,0.00033599999999999993,1.72,1.8
1218,0.00033679999999999995,1.74,1.8
1219,0.00033759999999999997,1.74,1.8
1220,0.0003384,1.74,1.84
1221,0.0003391999999999999,1.76,1.84
1222,0.0003399999999999999,1.76,1.86
1223,0.00034079999999999994,1.8,1.86
1224,0.00034159999999999995,1.8,1.86
1225,0.0003424,1.8,1.8800000000000001
1226,0.0003432,1.82,1.9000000000000001
1227,0.000344,1.82,1.9000000000000001
1228,0.00034480000000000003,1.84,1.92
1229,0.00034560000000000005,1.84,1.94
1230,0.00034639999999999985,1.86,1.94
1231,0.0003471999999999999,1.86,1.94
1232,0.0003479999999999999,1.8800000000000001,1.96
1233,0.0003487999999999999,1.8800000000000001,1.98
1234,0.00034959999999999993,1.9000000000000001,1.98
1235,0.00035039999999999995,1.9000000000000001,2.0
1236,0.00035119999999999997,1.92,2.0
1237,0.000352,1.92,2.02
1238,0.0003528,1.94,2.02
1239,0.00035360000000000003,1.94,2.04
1240,0.00035440000000000005,1.96,2.04
1241,0.00035520000000000007,1.98,2.06
1242,0.00035599999999999987,1.98,2.06
1243,0.0003567999999999999,2.0,2.08
1244,0.0003575999999999999,2.0,2.08
1245,0.00035839999999999993,2.02,2.1
1246,0.00035919999999999995,2.02,2.12
1247,0.00035999999999999997,2.04,2.12
1248,0.0003608,2.02,2.14
1249,0.0003616,2.06,2.12
1250,0.0003624,2.06,2.16
1251,0.00036320000000000005,2.08,2.16
1252,0.00036400000000000007,2.08,2.18
1253,0.00036479999999999987,2.1,2.18
1254,0.0003655999999999999,2.1,2.2
1255,0.0003663999999999999,2.12,2.2
1256,0.0003671999999999999,2.12,2.22
1257,0.00036799999999999995,2.12,2.22
1258,0.00036879999999999997,2.14,2.24
1259,0.0003696,2.16,2.2600000000000002
1260,0.0003704,2.16,2.2600000000000002
1261,0.0003712,2.18,2.2600000000000002
1262,0.00037200000000000004,2.18,2.2800000000000002
1263,0.00037280000000000006,2.2,2.3000000000000003
1264,0.00037359999999999987,2.2,2.3000000000000003
1265,0.0003743999999999999,2.2,2.3000000000000003
1266,0.0003751999999999999,2.22,2.32
1267,0.0003759999999999999,2.24,2.34
1268,0.00037679999999999994,2.24,2.34
1269,0.00037759999999999996,2.2600000000000002,2.36
1270,0.0003784,2.24,2.36
1271,0.0003792,2.2600000000000002,2.36
1272,0.00038,2.2800000000000002,2.38
1273,0.00038080000000000004,2.2800000000000002,2.4
1274,0.00038160000000000006,2.3000000000000003,2.42
1275,0.00038239999999999986,2.32,2.42
1276,0.0003831999999999999,2.32,2.44
1277,0.0003839999999999999,2.34,2.44
1278,0.0003847999999999999,2.34,2.46
1279,0.00038559999999999994,2.34,2.46
1280,0.00038639999999999996,2.36,2.48
1281,0.0003872,2.38,2.48
1282,0.000388,2.38,2.5
1283,0.0003888,2.4,2.5
1284,0.00038960000000000004,2.4,2.5
1285,0.00039040000000000006,2.42,2.52
1286,0.00039119999999999986,2.44,2.52
1287,0.0003919999999999999,2.44,2.56
1288,0.0003927999999999999,2.44,2.54
1289,0.0003935999999999999,2.46,2.56
1290,0.00039439999999999994,2.46,2.58
1291,0.00039519999999999996,2.48,2.58
1292,0.000396,2.48,2.58
1293,0.0003968,2.5,2.6
1294,0.0003976,2.5,2.62
1295,0.00039840000000000003,2.52,2.62
1296,0.00039920000000000005,2.52,2.64
1297,0.00039999999999999986,2.52,2.64
1298,0.0004007999999999999,2.54,2.66
1299,0.0004015999999999999,2.54,2.66
1300,0.0004023999999999999,2.56,2.66
1301,0.00040319999999999993,2.56,2.68
1302,0.00040399999999999995,2.58,2.7
1303,0.0004048,2.58,2.72
1304,0.0004056,2.6,2.72
1305,0.0004064,2.6,2.72
1306,0.00040720000000000003,2.62,2.74
1307,0.00040800000000000005,2.62,2.74
1308,0.00040879999999999985,2.64,2.7600000000000002
1309,0.0004095999999999999,2.66,2.7800000000000002
1310,0.0004103999999999999,2.66,2.7800000000000002
1311,0.0004111999999999999,2.66,2.8000000000000003
1312,0.00041199999999999993,2.68,2.8000000000000003
1313,0.00041279999999999995,2.68,2.82
1314,0.00041359999999999997,2.7,2.82
1315,0.0004144,2.7,2.84
1316,0.0004152,2.72,2.84
1317,0.00041600000000000003,2.74,2.86
1318,0.00041680000000000005,2.74,2.86
1319,0.00041759999999999985,2.7600000000000002,2.88
1320,0.00041839999999999987,2.7600000000000002,2.88
1321,0.0004191999999999999,2.7600000000000002,2.9
1322,0.0004199999999999999,2.7800000000000002,2.9
1323,0.00042079999999999993,2.8000000000000003,2.92
1324,0.00042159999999999995,2.8000000000000003,2.92
1325,0.00042239999999999997,2.82,2.94
1326,0.0004232,2.82,2.94
1327,0.000424,2.84,2.96
1328,0.0004248,2.84,2.98
1329,0.00042560000000000005,2.86,2.98
1330,0.00042640000000000006,2.86,3.0
1331,0.00042719999999999987,2.88,3.0
1332,0.0004279999999999999,2.88,3.02
1333,0.0004287999999999999,2.9,3.04
1334,0.0004295999999999999,2.9,3.04
1335,0.00043039999999999994,2.92,3.06
1336,0.00043119999999999996,2.92,3.06
1337,0.000432,2.94,3.06
1338,0.0004328,2.94,3.08
1339,0.0004336,2.94,3.08
1340,0.00043440000000000004,2.98,3.1
1341,0.00043520000000000006,2.98,3.1
1342,0.00043599999999999986,2.98,3.12
1343,0.0004367999999999999,3.0,3.12
1344,0.0004375999999999999,3.0,3.14
1345,0.0004383999999999999,3.02,3.16
1346,0.00043919999999999994,3.02,3.18
1347,0.00043999999999999996,3.04,3.18
1348,0.0004408,3.04,3.2
1349,0.0004416,3.06,3.22
1350,0.0004424,3.06,3.22
1351,0.00044320000000000004,3.1,3.22
1352,0.00044400000000000006,3.1,3.22
1353,0.00044479999999999986,3.1,3.24
1354,0.0004455999999999999,3.12,3.2600000000000002
1355,0.0004463999999999999,3.14,3.2800000000000002
1356,0.0004471999999999999,3.12,3.2800000000000002
1357,0.00044799999999999994,3.14,3.3000000000000003
1358,0.00044879999999999996,3.16,3.3000000000000003
1359,0.0004496,3.16,3.3000000000000003
1360,0.0004504,3.18,3.3200000000000003
1361,0.0004512,3.18,3.34
1362,0.00045200000000000004,3.2,3.36
1363,0.00045280000000000006,3.2,3.34
1364,0.00045359999999999986,3.22,3.36
1365,0.0004543999999999999,3.22,3.38
1366,0.0004551999999999999,3.24,3.38
1367,0.0004559999999999999,3.24,3.4
1368,0.00045679999999999994,3.2600000000000002,3.4
1369,0.00045759999999999996,3.2600000000000002,3.4
1370,0.0004584,3.3000000000000003,3.42
1371,0.0004592,3.2800000000000002,3.44
1372,0.00046,3.3000000000000003,3.44
1373,0.00046080000000000003,3.3200000000000003,3.46
1374,0.00046160000000000005,3.3200000000000003,3.46
1375,0.00046239999999999986,3.3200000000000003,3.46
1376,0.0004631999999999999,3.34,3.48
1377,0.0004639999999999999,3.36,3.5
1378,0.0004647999999999999,3.36,3.52
1379,0.00046559999999999993,3.38,3.54
1380,0.00046639999999999995,3.4,3.52
1381,0.00046719999999999997,3.38,3.54
1382,0.000468,3.4,3.54
1383,0.0004688,3.4,3.56
1384,0.00046960000000000003,3.42,3.56
1385,0.00047040000000000005,3.44,3.58
1386,0.00047119999999999985,3.44,3.6
1387,0.00047199999999999987,3.44,3.6
1388,0.0004727999999999999,3.46,3.6
1389,0.0004735999999999999,3.46,3.62
1390,0.00047439999999999993,3.48,3.64
1391,0.00047519999999999995,3.5,3.64
1392,0.00047599999999999997,3.5,3.66
1393,0.0004768,3.52,3.66
1394,0.0004776,3.52,3.66
1395,0.00047840000000000003,3.54,3.68
1396,0.00047920000000000005,3.54,3.7
1397,0.00047999999999999985,3.56,3.72
1398,0.00048079999999999987,3.56,3.72
1399,0.0004815999999999999,3.58,3.74
1400,0.0004823999999999999,3.58,3.74
1401,0.00048319999999999993,3.6,3.74
1402,0.00048399999999999995,3.62,3.7800000000000002
1403,0.00048479999999999997,3.62,3.7800000000000002
1404,0.0004856,3.62,3.7800000000000002
1405,0.0004864,3.64,3.8000000000000003
1406,0.0004872,3.64,3.8200000000000003
1407,0.00048800000000000004,3.64,3.8200000000000003
1408,0.0004888000000000001,3.66,3.84
1409,0.0004895999999999999,3.68,3.84
1410,0.0004903999999999999,3.68,3.86
1411,0.0004911999999999999,3.7,3.86
1412,0.0004919999999999999,3.7,3.88
1413,0.0004927999999999999,3.72,3.88
1414,0.0004936,3.74,3.9
1415,0.0004944,3.74,3.9
1416,0.0004952,3.74,3.9
1417,0.000496,3.7600000000000002,3.92
1418,0.0004968,3.7600000000000002,3.94
1419,0.0004976000000000001,3.7800000000000002,3.96
1420,0.0004983999999999999,3.8000000000000003,3.98
1421,0.0004991999999999999,3.8000000000000003,3.96
1422,0.0004999999999999999,3.8200000000000003,3.98
1423,0.0005007999999999999,3.8200000000000003,3.98
1424,0.0005015999999999999,3.8200000000000003,4.0
1425,0.0005024,3.84,4.0
1426,0.0005032,3.84,4.0200000000000005
1427,0.000504,3.86,4.04
1428,0.0005048,3.86,4.04
1429,0.0005056,3.9,4.04
1430,0.0005064000000000001,3.9,4.0600000000000005
1431,0.0005071999999999999,3.9,4.08
1432,0.0005079999999999999,3.92,4.08
1433,0.0005087999999999999,3.94,4.1
1434,0.0005095999999999999,3.92,4.12
1435,0.0005103999999999999,3.94,4.12
1436,0.0005112,3.96,4.14
1437,0.000512,3.96,4.14
1438,0.0005128,3.96,4.14
1439,0.0005136,3.98,4.16
1440,0.0005144,4.0,4.16
1441,0.0005152000000000001,4.0,4.18
1442,0.0005159999999999999,4.0,4.2
1443,0.0005167999999999999,4.0200000000000005,4.2
1444,0.0005175999999999999,4.04,4.22
1445,0.0005183999999999999,4.0600000000000005,4.24
1446,0.0005191999999999999,4.0600000000000005,4.26
1447,0.00052,4.0600000000000005,4.24
1448,0.0005208,4.08,4.28
1449,0.0005216,4.08,4.26
1450,0.0005224,4.1,4.28
1451,0.0005232,4.12,4.3
1452,0.000524,4.12,4.3
1453,0.0005247999999999999,4.12,4.3
1454,0.0005255999999999999,4.14,4.32
1455,0.0005263999999999999,4.14,4.34
1456,0.0005271999999999999,4.16,4.34
1457,0.0005279999999999999,4.16,4.34
1458,0.0005288,4.18,4.36
1459,0.0005296,4.18,4.38
1460,0.0005304,4.2,4.38
1461,0.0005312,4.2,4.4
1462,0.000532,4.22,4.42
1463,0.0005328,4.24,4.42
1464,0.0005335999999999999,4.24,4.42
1465,0.0005343999999999999,4.24,4.44
1466,0.0005351999999999999,4.26,4.46
1467,0.0005359999999999999,4.26,4.46
1468,0.0005367999999999999,4.28,4.48
1469,0.0005376,4.3,4.5
1470,0.0005384,4.3,4.5
1471,0.0005392,4.3,4.5
1472,0.00054,4.32,4.5200000000000005
1473,0.0005408,4.32,4.5200000000000005
1474,0.0005416,4.34,4.54
1475,0.0005423999999999998,4.36,4.54
1476,0.0005431999999999999,4.36,4.5600000000000005
1477,0.0005439999999999999,4.38,4.5600000000000005
1478,0.0005447999999999999,4.38,4.58
1479,0.0005455999999999999,4.4,4.58
1480,0.0005463999999999999,4.4,4.6000000000000005
1481,0.0005472,4.42,4.62
1482,0.000548,4.42,4.64
1483,0.0005488,4.44,4.64
1484,0.0005496,4.44,4.64
1485,0.0005504,4.46,4.66
1486,0.0005511999999999998,4.46,4.66
1487,0.0005519999999999999,4.46,4.68
1488,0.0005527999999999999,4.48,4.68
1489,0.0005535999999999999,4.5,4.7
1490,0.0005543999999999999,4.5,4.7
1491,0.0005551999999999999,4.5200000000000005,4.72
1492,0.000556,4.5200000000000005,4.72
1493,0.0005568,4.54,4.74
1494,0.0005576,4.54,4.74
1495,0.0005584,4.5600000000000005,4.76
1496,0.0005592,4.5600000000000005,4.76
1497,0.0005600000000000001,4.58,4.78
1498,0.0005607999999999999,4.58,4.8
1499,0.0005615999999999999,4.6000000000000005,4.8
1500,0.0005623999999999999,4.6000000000000005,4.82
1501,0.0005631999999999999,4.62,4.82
1502,0.0005639999999999999,4.64,4.84
1503,0.0005648,4.64,4.84
1504,0.0005656,4.66,4.86
1505,0.0005664,4.66,4.86
1506,0.0005672,4.66,4.88
1507,0.000568,4.68,4.88
1508,0.0005688000000000001,4.68,4.9
1509,0.0005695999999999999,4.7,4.92
1510,0.0005703999999999999,4.72,4.92
1511,0.0005711999999999999,4.72,4.94
1512,0.0005719999999999999,4.74,4.94
1513,0.0005727999999999999,4.74,4.94
1514,0.0005736,4.42,4.96
1515,0.0005744,1.08,0.08
1516,0.0005752,0.34,0.06
1517,0.000576,0.18,0.04
1518,0.0005768,0.14,0.06
1519,0.0005776,0.12,0.08
1520,0.0005783999999999999,0.12,0.1
1521,0.0005791999999999999,0.1,0.1
1522,0.0005799999999999999,0.12,0.12
1523,0.0005807999999999999,0.12,0.12
1524,0.0005815999999999999,0.14,0.14
1525,0.0005824,0.14,0.14
1526,0.0005832,0.16,0.16
1527,0.000584,0.16,0.16
1528,0.0005848,0.18,0.18
1529,0.0005856,0.18,0.18
1530,0.0005864,0.2,0.2
1531,0.0005871999999999999,0.2,0.18
1532,0.0005879999999999999,0.2,0.22
1533,0.0005887999999999999,0.22,0.22
1534,0.0005895999999999999,0.22,0.24
1535,0.0005903999999999999,0.22,0.24
1536,0.0005912,0.24,0.26
1537,0.000592,0.24,0.26
1538,0.0005928,0.26,0.26
1539,0.0005936,0.26,0.28
1540,0.0005944,0.28,0.28
1541,0.0005952,0.28,0.3
1542,0.0005959999999999999,0.28,0.3
1543,0.0005967999999999999,0.3,0.3
1544,0.0005975999999999999,0.3,0.32
1545,0.0005983999999999999,0.32,0.34
1546,0.0005991999999999999,0.34,0.34
1547,0.0006,0.34,0.36
1548,0.0006008,0.34,0.36
1549,0.0006016,0.36,0.38
1550,0.0006024,0.36,0.38
1551,0.0006032,0.38,0.4
1552,0.000604,0.38,0.42
1553,0.0006047999999999998,0.4,0.4
1554,0.0006055999999999999,0.4,0.42
1555,0.0006063999999999999,0.42,0.42
1556,0.0006071999999999999,0.42,0.44
1557,0.0006079999999999999,0.44,0.46
1558,0.0006087999999999999,0.44,0.48
1559,0.0006096,0.46,0.46
1560,0.0006104,0.46,0.48
1561,0.0006112,0.46,0.5
1562,0.000612,0.48,0.5
1563,0.0006128,0.5,0.52
1564,0.0006135999999999998,0.5,0.52
1565,0.0006143999999999999,0.52,0.54
1566,0.0006151999999999999,0.52,0.56
1567,0.0006159999999999999,0.54,0.56
1568,0.0006167999999999999,0.56,0.58
1569,0.0006175999999999999,0.56,0.58
1570,0.0006184,0.56,0.58
1571,0.0006192,0.58,0.6
1572,0.00062,0.58,0.6
1573,0.0006208,0.6,0.62
1574,0.0006216,0.6,0.64
1575,0.0006223999999999998,0.62,0.64
1576,0.0006231999999999999,0.62,0.66
1577,0.0006239999999999999,0.64,0.66
1578,0.0006247999999999999,0.64,0.68
1579,0.0006255999999999999,0.66,0.68
1580,0.0006263999999999999,0.68,0.7000000000000001
1581,0.0006272,0.68,0.72
1582,0.000628,0.7000000000000001,0.7000000000000001
1583,0.0006288,0.7000000000000001,0.74
1584,0.0006296,0.72,0.74
1585,0.0006304,0.7000000000000001,0.76
1586,0.0006312000000000001,0.72,0.76
1587,0.0006319999999999999,0.74,0.78
1588,0.0006327999999999999,0.76,0.78
1589,0.0006335999999999999,0.76,0.8
1590,0.0006343999999999999,0.78,0.8200000000000001
1591,0.0006351999999999999,0.78,0.8200000000000001
1592,0.000636,0.8,0.84
1593,0.0006368,0.8,0.84
1594,0.0006376,0.8200000000000001,0.86
1595,0.0006384,0.8200000000000001,0.86
1596,0.0006392,0.8200000000000001,0.86
1597,0.00064,0.84,0.88
1598,0.0006407999999999999,0.84,0.9
1599,0.0006415999999999999,0.86,0.9
1600,0.0006423999999999999,0.88,0.9
1601,0.0006431999999999999,0.88,0.9400000000000001
1602,0.0006439999999999999,0.88,0.9400000000000001
1603,0.0006448,0.92,0.9400000000000001
1604,0.0006456,0.92,0.96
1605,0.0006464,0.9400000000000001,0.96
1606,0.0006472,0.92,0.98
1607,0.000648,0.96,0.98
1608,0.0006488,0.96,1.0
1609,0.0006495999999999999,0.96,1.0
1610,0.0006503999999999999,0.98,1.02
1611,0.0006511999999999999,0.98,1.04
1612,0.0006519999999999999,1.0,1.04
1613,0.0006527999999999999,1.02,1.06
1614,0.0006536,1.02,1.06
1615,0.0006544,1.02,1.08
1616,0.0006552,1.04,1.1
1617,0.000656,1.04,1.1
1618,0.0006568,1.06,1.1
1619,0.0006576,1.08,1.12
1620,0.0006583999999999998,1.08,1.12
1621,0.0006591999999999999,1.1,1.1400000000000001
1622,0.0006599999999999999,1.1,1.1400000000000001
1623,0.0006607999999999999,1.12,1.16
1624,0.0006615999999999999,1.12,1.18
1625,0.0006624,1.1400000000000001,1.18
1626,0.0006632,1.1400000000000001,1.18
1627,0.000664,1.16,1.2
1628,0.0006648,1.16,1.2
1629,0.0006656,1.16,1.22
1630,0.0006664,1.18,1.24
1631,0.0006671999999999998,1.2,1.24
1632,0.0006679999999999999,1.2,1.26
1633,0.0006687999999999999,1.22,1.28
1634,0.0006695999999999999,1.24,1.28
1635,0.0006703999999999999,1.24,1.28
1636,0.0006711999999999999,1.24,1.3
1637,0.000672,1.26,1.32
1638,0.0006728,1.26,1.32
1639,0.0006736,1.28,1.32
1640,0.0006744,1.28,1.34
1641,0.0006752,1.3,1.36
1642,0.0006759999999999998,1.3,1.36
1643,0.0006767999999999999,1.32,1.3800000000000001
1644,0.0006775999999999999,1.32,1.3800000000000001
1645,0.0006783999999999999,1.32,1.4000000000000001
1646,0.0006791999999999999,1.34,1.4000000000000001
1647,0.0006799999999999999,1.36,1.42
1648,0.0006808,1.36,1.42
1649,0.0006816,1.3800000000000001,1.44
1650,0.0006824,1.3800000000000001,1.44
1651,0.0006832,1.4000000000000001,1.46
1652,0.000684,1.4000000000000001,1.46
1653,0.0006847999999999998,1.42,1.48
1654,0.0006855999999999999,1.42,1.5
1655,0.0006863999999999999,1.44,1.5
1656,0.0006871999999999999,1.44,1.52
1657,0.0006879999999999999,1.44,1.52
1658,0.0006887999999999999,1.48,1.54
1659,0.0006896,1.48,1.54
1660,0.0006904,1.48,1.56
1661,0.0006912,1.5,1.56
1662,0.000692,1.5,1.56
1663,0.0006928,1.52,1.58
1664,0.0006935999999999998,1.54,1.6
1665,0.0006943999999999999,1.54,1.6
1666,0.0006951999999999999,1.54,1.62
1667,0.0006959999999999999,1.54,1.62
1668,0.0006967999999999999,1.58,1.62
1669,0.0006975999999999999,1.58,1.6400000000000001
1670,0.0006984,1.6,1.6600000000000001
1671,0.0006992,1.6,1.6600000000000001
1672,0.0007,1.6,1.68
1673,0.0007008,1.62,1.7
1674,0.0007016,1.6400000000000001,1.7
1675,0.0007024,1.6400000000000001,1.72
1676,0.0007031999999999999,1.6600000000000001,1.72
1677,0.0007039999999999999,1.6600000000000001,1.74
1678,0.0007047999999999999,1.6600000000000001,1.74
1679,0.0007055999999999999,1.68,1.76
1680,0.0007063999999999999,1.68,1.76
1681,0.0007072,1.7,1.78
1682,0.000708,1.72,1.78
1683,0.0007088,1.7,1.8
1684,0.0007096,1.74,1.8
1685,0.0007104,1.76,1.82
1686,0.0007112,1.76,1.84
1687,0.0007119999999999999,1.76,1.82
1688,0.0007127999999999999,1.78,1.86
1689,0.0007135999999999999,1.78,1.86
1690,0.0007143999999999999,1.78,1.8800000000000001
1691,0.0007151999999999999,1.8,1.8800000000000001
1692,0.000716,1.82,1.9000000000000001
1693,0.0007168,1.82,1.9000000000000001
1694,0.0007176,1.84,1.9000000000000001
1695,0.0007184,1.84,1.92
1696,0.0007192,1.86,1.94
1697,0.00072,1.86,1.96
1698,0.0007207999999999998,1.8800000000000001,1.96
1699,0.0007215999999999999,1.8800000000000001,1.96
1700,0.0007223999999999999,1.9000000000000001,1.96
1701,0.0007231999999999999,1.9000000000000001,1.98
1702,0.0007239999999999999,1.9000000000000001,2.0
1703,0.0007247999999999999,1.92,2.02
1704,0.0007256,1.94,2.02
1705,0.0007264,1.94,2.02
1706,0.0007272,1.96,2.04
1707,0.000728,1.96,2.06
1708,0.0007288,1.98,2.06
1709,0.0007295999999999998,1.98,2.08
1710,0.0007303999999999999,1.98,2.08
1711,0.0007311999999999999,2.02,2.1
1712,0.0007319999999999999,2.02,2.1
1713,0.0007327999999999999,2.02,2.12
1714,0.0007335999999999999,2.02,2.12
1715,0.0007344,2.04,2.14
1716,0.0007352,2.06,2.16
1717,0.000736,2.08,2.16
1718,0.0007368,2.08,2.18
1719,0.0007376,2.08,2.18
1720,0.0007383999999999998,2.1,2.2
1721,0.0007391999999999999,2.1,2.2
1722,0.0007399999999999999,2.12,2.22
1723,0.0007407999999999999,2.14,2.22
1724,0.0007415999999999999,2.14,2.24
1725,0.0007423999999999999,2.16,2.24
1726,0.0007432,2.14,2.2600000000000002
1727,0.000744,2.18,2.2600000000000002
1728,0.0007448,2.18,2.2800000000000002
1729,0.0007456,2.2,2.2800000000000002
1730,0.0007464,2.2,2.3000000000000003
1731,0.0007471999999999998,2.22,2.3000000000000003
1732,0.0007479999999999999,2.22,2.32
1733,0.0007487999999999999,2.24,2.34
1734,0.0007495999999999999,2.22,2.34
1735,0.0007503999999999999,2.2600000000000002,2.36
1736,0.0007511999999999999,2.2600000000000002,2.36
1737,0.000752,2.2800000000000002,2.38
1738,0.0007528,2.2800000000000002,2.38
1739,0.0007536,2.2800000000000002,2.38
1740,0.0007544,2.3000000000000003,2.4
1741,0.0007552,2.32,2.42
1742,0.0007559999999999998,2.32,2.42
1743,0.0007567999999999999,2.34,2.42
1744,0.0007575999999999999,2.34,2.44
1745,0.0007583999999999999,2.36,2.46
1746,0.0007591999999999999,2.36,2.46
1747,0.0007599999999999999,2.38,2.48
1748,0.0007608,2.4,2.5
1749,0.0007616,2.4,2.48
1750,0.0007624,2.4,2.5
1751,0.0007632,2.42,2.52
1752,0.000764,2.42,2.52
1753,0.0007648,2.44,2.54
1754,0.0007655999999999999,2.44,2.54
1755,0.0007663999999999999,2.46,2.56
1756,0.0007671999999999999,2.48,2.56
1757,0.0007679999999999999,2.46,2.58
1758,0.0007687999999999999,2.48,2.6
1759,0.0007696,2.5,2.58
1760,0.0007704,2.5,2.6
1761,0.0007712,2.52,2.62
1762,0.000772,2.52,2.64
1763,0.0007728,2.52,2.64
1764,0.0007736,2.54,2.66
1765,0.0007743999999999998,2.54,2.68
1766,0.0007751999999999999,2.56,2.68
1767,0.0007759999999999999,2.56,2.68
1768,0.0007767999999999999,2.58,2.72
1769,0.0007775999999999999,2.58,2.7
1770,0.0007784,2.6,2.72
1771,0.0007792,2.62,2.72
1772,0.00078,2.62,2.74
1773,0.0007808,2.62,2.74
1774,0.0007816,2.64,2.7600000000000002
1775,0.0007824,2.64,2.7600000000000002
1776,0.0007831999999999998,2.66,2.7800000000000002
1777,0.0007839999999999999,2.68,2.8000000000000003
1778,0.0007847999999999999,2.68,2.8000000000000003
1779,0.0007855999999999999,2.7,2.8000000000000003
1780,0.0007863999999999999,2.7,2.82
1781,0.0007871999999999999,2.7,2.84
1782,0.000788,2.72,2.84
1783,0.0007888,2.74,2.86
1784,0.0007896,2.74,2.86
1785,0.0007904,2.74,2.88
1786,0.0007912,2.7800000000000002,2.9
1787,0.0007919999999999998,2.7800000000000002,2.9
1788,0.0007927999999999999,2.7800000000000002,2.92
1789,0.0007935999999999999,2.8000000000000003,2.92
1790,0.0007943999999999999,2.8000000000000003,2.94
1791,0.0007951999999999999,2.82,2.94
1792,0.0007959999999999999,2.82,2.94
1793,0.0007968,2.84,2.96
1794,0.0007976,2.86,2.98
1795,0.0007984,2.86,3.0
1796,0.0007992,2.86,3.0
1797,0.0008,2.86,3.02
1798,0.0008007999999999998,2.9,3.02
1799,0.0008015999999999999,2.9,3.02
1800,0.0008023999999999999,2.92,3.04
1801,0.0008031999999999999,2.92,3.06
1802,0.0008039999999999999,2.92,3.06
1803,0.0008047999999999999,2.94,3.08
1804,0.0008056,2.94,3.08
1805,0.0008064,2.96,3.1
1806,0.0008072,2.96,3.1
1807,0.000808,2.98,3.12
1808,0.0008088,2.98,3.12
1809,0.0008095999999999998,2.98,3.14
1810,0.0008103999999999999,3.0,3.14
1811,0.0008111999999999999,3.02,3.16
1812,0.0008119999999999999,3.02,3.16
1813,0.0008127999999999999,3.04,3.18
1814,0.0008135999999999999,3.06,3.18
1815,0.0008144,3.06,3.2
1816,0.0008152,3.08,3.2
1817,0.000816,3.08,3.22
1818,0.0008168,3.1,3.24
1819,0.0008176,3.1,3.2600000000000002
1820,0.0008183999999999998,3.12,3.2600000000000002
1821,0.0008191999999999999,3.12,3.2600000000000002
1822,0.0008199999999999999,3.12,3.2800000000000002
1823,0.0008207999999999999,3.14,3.2800000000000002
1824,0.0008215999999999999,3.14,3.3200000000000003
1825,0.0008223999999999999,3.16,3.3000000000000003
1826,0.0008232,3.18,3.3200000000000003
1827,0.000824,3.2,3.3200000000000003
1828,0.0008248,3.18,3.34
1829,0.0008256,3.22,3.36
1830,0.0008264,3.22,3.36
1831,0.0008271999999999998,3.22,3.36
1832,0.0008279999999999999,3.24,3.38
1833,0.0008287999999999999,3.24,3.4
1834,0.0008295999999999999,3.2600000000000002,3.4
1835,0.0008303999999999999,3.2600000000000002,3.42
1836,0.0008311999999999999,3.2800000000000002,3.44
1837,0.000832,3.2800000000000002,3.44
1838,0.0008328,3.3000000000000003,3.44
1839,0.0008336,3.3000000000000003,3.46
1840,0.0008344,3.3200000000000003,3.46
1841,0.0008352,3.3200000000000003,3.48
1842,0.000836,3.34,3.48
1843,0.0008367999999999998,3.36,3.48
1844,0.0008375999999999999,3.38,3.52
1845,0.0008383999999999999,3.36,3.52
1846,0.0008391999999999999,3.38,3.52
1847,0.0008399999999999999,3.38,3.54
1848,0.0008408,3.4,3.54
1849,0.0008416,3.4,3.56
1850,0.0008424,3.42,3.56
1851,0.0008432,3.42,3.58
1852,0.000844,3.44,3.6
1853,0.0008448,3.44,3.6
1854,0.0008455999999999998,3.46,3.62
1855,0.0008463999999999999,3.48,3.62
1856,0.0008471999999999999,3.48,3.64
1857,0.0008479999999999999,3.48,3.66
1858,0.0008487999999999999,3.5,3.66
1859,0.0008495999999999999,3.52,3.68
1860,0.0008504,3.52,3.68
1861,0.0008512,3.52,3.7
1862,0.000852,3.54,3.7
1863,0.0008528,3.56,3.72
1864,0.0008536,3.56,3.72
1865,0.0008543999999999998,3.58,3.74
1866,0.0008551999999999999,3.6,3.74
1867,0.0008559999999999999,3.58,3.7600000000000002
1868,0.0008567999999999999,3.62,3.7600000000000002
1869,0.0008575999999999999,3.6,3.7800000000000002
1870,0.0008583999999999999,3.62,3.8000000000000003
1871,0.0008592,3.64,3.8000000000000003
1872,0.00086,3.64,3.8200000000000003
1873,0.0008608,3.66,3.8200000000000003
1874,0.0008616,3.66,3.84
1875,0.0008624,3.68,3.84
1876,0.0008631999999999998,3.7,3.86
1877,0.0008639999999999999,3.7,3.86
1878,0.0008647999999999999,3.7,3.88
1879,0.0008655999999999999,3.72,3.88
1880,0.0008663999999999999,3.72,3.9
1881,0.0008671999999999999,3.74,3.9
1882,0.000868,3.74,3.92
1883,0.0008688,3.7600000000000002,3.92
1884,0.0008696,3.7600000000000002,3.94
1885,0.0008704,3.7800000000000002,3.96
1886,0.0008712,3.7800000000000002,3.96
1887,0.0008719999999999998,3.8000000000000003,3.98
1888,0.0008727999999999999,3.8200000000000003,3.98
1889,0.0008735999999999999,3.8200000000000003,3.98
1890,0.0008743999999999999,3.84,4.0
1891,0.0008751999999999999,3.84,4.0200000000000005
1892,0.0008759999999999999,3.84,4.0200000000000005
1893,0.0008768,3.86,4.0200000000000005
1894,0.0008776,3.86,4.04
1895,0.0008784,3.9,4.04
1896,0.0008792,3.88,4.0600000000000005
1897,0.00088,3.9,4.0600000000000005
1898,0.0008807999999999998,3.9,4.08
1899,0.0008815999999999999,3.92,4.1
1900,0.0008823999999999999,3.92,4.1
1901,0.0008831999999999999,3.94,4.12
1902,0.0008839999999999999,3.96,4.12
1903,0.0008847999999999999,3.96,4.14
1904,0.0008856,3.98,4.14
1905,0.0008864,3.98,4.16
1906,0.0008872,4.0,4.18
1907,0.000888,4.0,4.18
1908,0.0008888,4.0200000000000005,4.18
1909,0.0008895999999999998,4.0200000000000005,4.2
1910,0.0008903999999999999,4.04,4.2
1911,0.0008911999999999999,4.04,4.22
1912,0.0008919999999999999,4.0600000000000005,4.24
1913,0.0008927999999999999,4.0600000000000005,4.24
1914,0.0008935999999999999,4.08,4.26
1915,0.0008944,4.08,4.26
1916,0.0008952,4.1,4.28
1917,0.000896,4.1,4.28
1918,0.0008968,4.12,4.3
1919,0.0008976,4.12,4.3
1920,0.0008984,4.14,4.32
1921,0.0008991999999999998,4.14,4.34
1922,0.0008999999999999999,4.16,4.34
1923,0.0009007999999999999,4.16,4.36
1924,0.0009015999999999999,4.18,4.36
1925,0.0009023999999999999,4.2,4.38
1926,0.0009031999999999999,4.2,4.38
1927,0.000904,4.2,4.4
1928,0.0009048,4.22,4.42
1929,0.0009056,4.22,4.42
1930,0.0009064,4.24,4.44
1931,0.0009072,4.24,4.44
1932,0.0009079999999999998,4.26,4.46
1933,0.0009087999999999999,4.26,4.46
1934,0.0009095999999999999,4.28,4.46
1935,0.0009103999999999999,4.3,4.48
1936,0.0009111999999999999,4.3,4.5
1937,0.0009119999999999999,4.32,4.5
1938,0.0009128,4.32,4.5200000000000005
1939,0.0009136,4.34,4.5200000000000005
1940,0.0009144,4.34,4.54
1941,0.0009152,4.34,4.54
1942,0.000916,4.36,4.5600000000000005
1943,0.0009167999999999998,4.38,4.58
1944,0.0009175999999999999,4.38,4.58
1945,0.0009183999999999999,4.4,4.58
1946,0.0009191999999999999,4.4,4.6000000000000005
1947,0.0009199999999999999,4.42,4.6000000000000005
1948,0.0009207999999999999,4.42,4.62
1949,0.0009216,4.44,4.64
1950,0.0009224,4.44,4.64
1951,0.0009232,4.44,4.64
1952,0.000924,4.46,4.66
1953,0.0009248,4.48,4.68
1954,0.0009255999999999998,4.48,4.68
1955,0.0009263999999999999,4.5,4.7
1956,0.0009271999999999999,4.5,4.7
1957,0.0009279999999999999,4.5200000000000005,4.7
1958,0.0009287999999999999,4.5200000000000005,4.72
1959,0.0009295999999999999,4.54,4.74
1960,0.0009304,4.54,4.74
1961,0.0009312,4.5600000000000005,4.76
1962,0.000932,4.5600000000000005,4.78
1963,0.0009328,4.58,4.78
1964,0.0009336,4.58,4.78
1965,0.0009343999999999998,4.6000000000000005,4.82
1966,0.0009351999999999999,4.62,4.82
1967,0.0009359999999999999,4.62,4.82
1968,0.0009367999999999999,4.62,4.84
1969,0.0009375999999999999,4.66,4.84
1970,0.0009383999999999999,4.64,4.86
1971,0.0009392,4.66,4.86
1972,0.00094,4.68,4.88
1973,0.0009408,4.68,4.88
1974,0.0009416,4.68,4.9
1975,0.0009424,4.7,4.9
1976,0.0009431999999999998,4.7,4.92
1977,0.0009439999999999999,4.72,4.92
1978,0.0009447999999999999,4.74,4.94
1979,0.0009455999999999999,4.74,4.94
1980,0.0009463999999999999,4.76,4.96
1981,0.0009471999999999999,1.2,0.1
1982,0.000948,0.38,0.04
1983,0.0009488,0.18,0.04
1984,0.0009496,0.12,0.06
1985,0.0009504,0.12,0.06
1986,0.0009512,0.12,0.08
1987,0.0009519999999999998,0.12,0.1
1988,0.0009527999999999998,0.12,0.1
1989,0.0009535999999999999,0.12,0.12
1990,0.0009543999999999999,0.14,0.12
1991,0.0009551999999999999,0.12,0.14
1992,0.0009559999999999999,0.14,0.16
1993,0.0009568,0.16,0.14
1994,0.0009576,0.16,0.18
1995,0.0009584,0.16,0.16
1996,0.0009592,0.18,0.2
1997,0.00096,0.18,0.2
1998,0.0009607999999999998,0.18,0.22
1999,0.0009615999999999998,0.16,0.18
