,time,v1,v2
0,0.000130432,2.38,2.7600000000000002
1,0.00013046399999999998,2.38,2.7600000000000002
2,0.000130496,2.4,2.8000000000000003
3,0.00013052799999999998,2.42,2.8000000000000003
4,0.00013056,2.44,2.82
5,0.00013059199999999999,2.46,2.84
6,0.00013062399999999997,2.46,2.84
7,0.000130656,2.48,2.86
8,0.00013068799999999998,2.5,2.88
9,0.00013072,2.5,2.88
10,0.00013075199999999998,2.52,2.92
11,0.000130784,2.54,2.94
12,0.000130816,2.54,2.94
13,0.00013084799999999998,2.56,2.96
14,0.00013088,2.58,2.98
15,0.00013091199999999998,2.58,3.0
16,0.000130944,2.62,3.0
17,0.000130976,2.62,3.02
18,0.00013100799999999998,2.64,3.04
19,0.00013104,2.64,3.06
20,0.00013107199999999998,2.66,3.06
21,0.000131104,2.7,3.08
22,0.00013113599999999999,2.7,3.1
23,0.00013116799999999997,2.72,3.12
24,0.0001312,2.74,3.14
25,0.00013123199999999998,2.74,3.14
26,0.000131264,2.7600000000000002,3.16
27,0.00013129599999999998,2.7600000000000002,3.18
28,0.000131328,2.7800000000000002,3.2
29,0.00013136,2.82,3.2
30,0.00013139199999999998,2.82,3.22
31,0.000131424,2.84,3.24
32,0.00013145599999999998,2.84,3.2600000000000002
33,0.000131488,2.86,3.2800000000000002
34,0.00013152,2.88,3.2800000000000002
35,0.00013155199999999998,2.88,3.3000000000000003
36,0.000131584,2.92,3.3200000000000003
37,0.00013161599999999998,2.92,3.34
38,0.000131648,2.94,3.36
39,0.00013167999999999999,2.96,3.36
40,0.00013171199999999997,2.96,3.38
41,0.000131744,2.98,3.4
42,0.00013177599999999998,3.0,3.42
43,0.000131808,3.0,3.44
44,0.00013183999999999998,3.02,3.44
45,0.000131872,3.04,3.46
46,0.000131904,3.06,3.48
47,0.00013193599999999998,3.06,3.5
48,0.000131968,3.1,3.52
49,0.00013199999999999998,3.1,3.52
50,0.000132032,3.12,3.54
51,0.000132064,3.14,3.56
52,0.00013209599999999998,3.14,3.56
53,0.000132128,3.16,3.58
54,0.00013215999999999998,3.18,3.6
55,0.000132192,3.2,3.62
56,0.00013222399999999999,3.22,3.64
57,0.00013225599999999998,3.22,3.64
58,0.000132288,3.24,3.68
59,0.00013231999999999998,3.2600000000000002,3.7
60,0.000132352,3.2800000000000002,3.7
61,0.00013238399999999998,3.2800000000000002,3.72
62,0.000132416,3.3000000000000003,3.74
63,0.000132448,3.3200000000000003,3.74
64,0.00013247999999999998,3.34,3.7800000000000002
65,0.000132512,3.36,3.7800000000000002
66,0.00013254399999999998,3.36,3.8000000000000003
67,0.000132576,3.38,3.8000000000000003
68,0.000132608,3.38,3.84
69,0.00013263999999999998,3.4,3.84
70,0.000132672,3.42,3.86
71,0.00013270399999999998,3.44,3.88
72,0.000132736,3.46,3.9
73,0.000132768,3.46,3.9
74,0.00013279999999999998,3.48,3.94
75,0.000132832,3.5,3.94
76,0.00013286399999999998,3.5,3.94
77,0.000132896,3.52,3.96
78,0.00013292799999999998,3.54,4.0
79,0.00013296,3.56,4.0
80,0.000132992,3.56,4.0
81,0.00013302399999999998,3.58,4.04
82,0.000133056,3.6,4.04
83,0.00013308799999999998,3.62,4.0600000000000005
84,0.00013312,3.62,4.08
85,0.000133152,3.64,4.1
86,0.00013318399999999998,3.66,4.1
87,0.000133216,3.68,4.12
88,0.00013324799999999998,3.7,4.14
89,0.00013328,3.7,4.16
90,0.000133312,3.72,4.18
91,0.00013334399999999998,3.7600000000000002,4.2
92,0.000133376,3.74,4.2
93,0.00013340799999999998,3.7800000000000002,4.24
94,0.00013344,3.7800000000000002,4.24
95,0.00013347199999999999,3.8200000000000003,4.24
96,0.000133504,3.8200000000000003,4.26
97,0.000133536,3.8200000000000003,4.28
98,0.00013356799999999998,3.84,4.3
99,0.0001336,3.86,4.3
100,0.00013363199999999998,3.88,4.34
101,0.000133664,3.88,4.34
102,0.000133696,3.9,4.36
103,0.00013372799999999998,3.92,4.4
104,0.00013376,3.94,4.4
105,0.00013379199999999998,3.94,4.42
106,0.000133824,3.98,4.44
107,0.000133856,3.98,4.44
108,0.00013388799999999998,4.0,4.46
109,0.00013392,4.0,4.48
110,0.00013395199999999998,4.0200000000000005,4.5
111,0.000133984,4.04,4.5200000000000005
112,0.00013401599999999999,4.0600000000000005,4.5200000000000005
113,0.00013404799999999997,4.08,4.54
114,0.00013408,4.08,4.5600000000000005
115,0.00013411199999999998,4.12,4.58
116,0.000134144,4.14,4.58
117,0.00013417599999999998,4.14,4.6000000000000005
118,0.000134208,4.14,4.62
119,0.00013424,4.16,4.64
120,0.00013427199999999998,4.18,4.66
121,0.000134304,4.18,4.66
122,0.00013433599999999998,4.2,4.7
123,0.000134368,4.24,4.7
124,0.0001344,4.24,4.72
125,0.00013443199999999998,4.26,4.72
126,0.000134464,4.26,4.74
127,0.00013449599999999998,4.3,4.76
128,0.000134528,4.3,4.78
129,0.00013455999999999999,4.32,4.78
130,0.00013459199999999997,4.34,4.8
131,0.000134624,4.34,4.82
132,0.00013465599999999998,4.36,4.84
133,0.000134688,4.38,4.86
134,0.00013471999999999998,4.38,4.88
135,0.000134752,4.42,4.88
136,0.000134784,4.42,4.9
137,0.00013481599999999998,4.42,4.92
138,0.000134848,4.44,4.94
139,0.00013487999999999998,4.48,3.7800000000000002
140,0.000134912,4.24,-0.04
141,0.000134944,3.96,0.28
142,0.00013497599999999998,3.72,0.1
143,0.000135008,3.5,0.14
144,0.00013503999999999998,3.3200000000000003,0.16
145,0.000135072,3.1,0.16
146,0.00013510399999999999,2.94,0.18
147,0.00013513599999999997,2.7800000000000002,0.18
148,0.000135168,2.62,0.2
149,0.00013519999999999998,2.48,0.22
150,0.000135232,2.36,0.24
151,0.00013526399999999998,2.24,0.24
152,0.000135296,2.12,0.24
153,0.000135328,2.02,0.28
154,0.00013535999999999998,1.92,0.26
155,0.000135392,1.82,0.3
156,0.00013542399999999998,1.74,0.3
157,0.000135456,1.6600000000000001,0.32
158,0.000135488,1.58,0.34
159,0.00013551999999999998,1.52,0.34
160,0.000135552,1.46,0.36
161,0.00013558399999999998,1.4000000000000001,0.38
162,0.000135616,1.34,0.4
163,0.00013564799999999999,1.3,0.4
164,0.00013567999999999997,1.26,0.42
165,0.000135712,1.2,0.44
166,0.00013574399999999998,1.16,0.46
167,0.000135776,1.12,0.46
168,0.00013580799999999998,1.08,0.48
169,0.00013584,1.06,0.5
170,0.000135872,1.04,0.52
171,0.00013590399999999998,1.02,0.54
172,0.000135936,0.98,0.56
173,0.00013596799999999998,0.96,0.56
174,0.000136,0.9400000000000001,0.56
175,0.000136032,0.92,0.58
176,0.00013606399999999998,0.92,0.6
177,0.000136096,0.9,0.62
178,0.00013612799999999998,0.88,0.64
179,0.00013616,0.88,0.64
180,0.00013619199999999999,0.84,0.66
181,0.00013622399999999998,0.86,0.68
182,0.000136256,0.84,0.7000000000000001
183,0.00013628799999999998,0.84,0.7000000000000001
184,0.00013632,0.84,0.72
185,0.00013635199999999998,0.84,0.74
186,0.000136384,0.8200000000000001,0.76
187,0.000136416,0.8200000000000001,0.78
188,0.00013644799999999998,0.84,0.78
189,0.00013648,0.8200000000000001,0.8200000000000001
190,0.00013651199999999998,0.8200000000000001,0.8200000000000001
191,0.000136544,0.8200000000000001,0.84
192,0.000136576,0.84,0.86
193,0.00013660799999999998,0.84,0.86
194,0.00013664,0.84,0.88
195,0.00013667199999999998,0.84,0.9
196,0.000136704,0.86,0.92
197,0.000136736,0.86,0.9400000000000001
198,0.00013676799999999998,0.86,0.9400000000000001
199,0.0001368,0.86,0.96
200,0.00013683199999999998,0.88,0.98
201,0.000136864,0.88,1.0
202,0.00013689599999999998,0.88,1.02
203,0.00013692799999999997,0.9,1.02
204,0.00013696,0.9,1.04
205,0.00013699199999999998,0.92,1.06
206,0.000137024,0.92,1.08
207,0.00013705599999999998,0.92,1.1
208,0.000137088,0.9400000000000001,1.12
209,0.00013712,0.9400000000000001,1.12
210,0.00013715199999999998,0.96,1.12
211,0.000137184,0.96,1.16
212,0.00013721599999999998,0.96,1.18
213,0.000137248,1.0,1.18
214,0.00013728,1.0,1.2
215,0.00013731199999999998,1.0,1.22
216,0.000137344,1.02,1.24
217,0.00013737599999999998,1.04,1.24
218,0.000137408,1.04,1.26
219,0.00013743999999999999,1.06,1.26
220,0.00013747199999999997,1.06,1.3
221,0.000137504,1.08,1.32
222,0.00013753599999999998,1.1,1.32
223,0.000137568,1.12,1.36
224,0.00013759999999999998,1.12,1.36
225,0.000137632,1.1400000000000001,1.36
226,0.000137664,1.1400000000000001,1.4000000000000001
227,0.00013769599999999998,1.16,1.4000000000000001
228,0.000137728,1.16,1.44
229,0.00013775999999999998,1.18,1.42
230,0.000137792,1.2,1.46
231,0.000137824,1.2,1.48
232,0.00013785599999999998,1.22,1.48
233,0.000137888,1.24,1.5
234,0.00013791999999999998,1.24,1.52
235,0.000137952,1.24,1.54
236,0.00013798399999999999,1.28,1.56
237,0.00013801599999999997,1.28,1.56
238,0.000138048,1.3,1.58
239,0.00013807999999999998,1.32,1.6
240,0.000138112,1.32,1.6
241,0.00013814399999999998,1.34,1.62
242,0.000138176,1.36,1.6400000000000001
243,0.000138208,1.36,1.6600000000000001
244,0.00013823999999999998,1.3800000000000001,1.68
245,0.000138272,1.4000000000000001,1.68
246,0.00013830399999999998,1.42,1.72
247,0.000138336,1.42,1.72
248,0.000138368,1.44,1.74
249,0.00013839999999999998,1.46,1.76
250,0.000138432,1.46,1.76
251,0.00013846399999999998,1.48,1.78
252,0.000138496,1.5,1.8
253,0.00013852799999999999,1.52,1.8
254,0.00013855999999999997,1.52,1.84
255,0.000138592,1.54,1.84
256,0.00013862399999999998,1.54,1.86
257,0.000138656,1.56,1.8800000000000001
258,0.00013868799999999998,1.58,1.9000000000000001
259,0.00013872,1.6,1.92
260,0.000138752,1.6,1.92
261,0.00013878399999999998,1.62,1.94
262,0.000138816,1.6400000000000001,1.96
263,0.00013884799999999998,1.6600000000000001,1.98
264,0.00013888,1.6600000000000001,2.0
265,0.000138912,1.68,2.02
266,0.00013894399999999998,1.7,2.02
267,0.000138976,1.7,2.04
268,0.00013900799999999998,1.72,2.04
269,0.00013904,1.72,2.08
270,0.00013907199999999999,1.76,2.08
271,0.00013910399999999997,1.78,2.1
272,0.000139136,1.8,2.12
273,0.00013916799999999998,1.8,2.14
274,0.0001392,1.82,2.14
275,0.00013923199999999998,1.82,2.16
276,0.000139264,1.84,2.18
277,0.000139296,1.86,2.2
278,0.00013932799999999998,1.8800000000000001,2.22
279,0.00013936,1.9000000000000001,2.22
280,0.00013939199999999998,1.9000000000000001,2.24
281,0.000139424,1.92,2.2600000000000002
282,0.000139456,1.94,2.2600000000000002
283,0.00013948799999999998,1.94,2.2800000000000002
284,0.00013952,1.96,2.3000000000000003
285,0.00013955199999999998,1.98,2.32
286,0.000139584,1.98,2.34
287,0.00013961599999999999,2.02,2.36
288,0.00013964799999999997,2.02,2.38
289,0.00013968,2.04,2.38
290,0.00013971199999999998,2.06,2.4
291,0.000139744,2.06,2.42
292,0.00013977599999999998,2.08,2.44
293,0.000139808,2.1,2.44
294,0.00013984,2.12,2.46
295,0.00013987199999999998,2.12,2.48
296,0.000139904,2.14,2.48
297,0.00013993599999999998,2.14,2.52
298,0.000139968,2.16,2.52
299,0.00014,2.18,2.54
300,0.00014003199999999998,2.18,2.56
301,0.000140064,2.22,2.56
302,0.00014009599999999998,2.22,2.58
303,0.000140128,2.24,2.62
304,0.00014015999999999999,2.2600000000000002,2.62
305,0.00014019199999999998,2.2600000000000002,2.64
306,0.000140224,2.2800000000000002,2.64
307,0.00014025599999999998,2.3000000000000003,2.66
308,0.000140288,2.32,2.68
309,0.00014031999999999998,2.32,2.7
310,0.000140352,2.34,2.7
311,0.000140384,2.36,2.72
312,0.00014041599999999998,2.38,2.74
313,0.000140448,2.38,2.7800000000000002
314,0.00014047999999999998,2.4,2.7600000000000002
315,0.000140512,2.42,2.8000000000000003
316,0.000140544,2.44,2.82
317,0.00014057599999999998,2.44,2.82
318,0.000140608,2.46,2.84
319,0.00014063999999999998,2.48,2.84
320,0.000140672,2.5,2.86
321,0.00014070399999999999,2.48,2.88
322,0.00014073599999999998,2.5,2.9
323,0.000140768,2.52,2.92
324,0.00014079999999999998,2.54,2.92
325,0.000140832,2.56,2.94
326,0.00014086399999999998,2.58,2.96
327,0.000140896,2.58,2.98
328,0.000140928,2.6,2.98
329,0.00014095999999999998,2.62,3.0
330,0.000140992,2.64,3.02
331,0.00014102399999999998,2.64,3.04
332,0.000141056,2.66,3.04
333,0.000141088,2.68,3.08
334,0.00014111999999999998,2.68,3.1
335,0.000141152,2.72,3.12
336,0.00014118399999999998,2.72,3.12
337,0.000141216,2.74,3.14
338,0.000141248,2.74,3.16
339,0.00014127999999999998,2.7800000000000002,3.18
340,0.000141312,2.7800000000000002,3.18
341,0.00014134399999999998,2.8000000000000003,3.2
342,0.000141376,2.82,3.22
343,0.00014140799999999999,2.82,3.22
344,0.00014144,2.84,3.24
345,0.000141472,2.86,3.2600000000000002
346,0.00014150399999999998,2.86,3.2800000000000002
347,0.000141536,2.88,3.3000000000000003
348,0.00014156799999999998,2.9,3.3000000000000003
349,0.0001416,2.92,3.3200000000000003
350,0.000141632,2.94,3.34
351,0.00014166399999999998,2.94,3.36
352,0.000141696,2.96,3.38
353,0.00014172799999999998,2.98,3.38
354,0.00014176,2.98,3.4
355,0.000141792,3.02,3.42
356,0.00014182399999999998,3.02,3.44
357,0.000141856,3.04,3.46
358,0.00014188799999999998,3.06,3.48
359,0.00014192,3.06,3.48
360,0.00014195199999999999,3.1,3.52
361,0.000141984,3.1,3.52
362,0.000142016,3.12,3.54
363,0.00014204799999999998,3.14,3.56
364,0.00014208,3.14,3.56
365,0.00014211199999999998,3.16,3.58
366,0.000142144,3.18,3.6
367,0.000142176,3.18,3.6
368,0.00014220799999999998,3.2,3.64
369,0.00014224,3.24,3.64
370,0.00014227199999999998,3.22,3.66
371,0.000142304,3.24,3.68
372,0.000142336,3.2600000000000002,3.7
373,0.00014236799999999998,3.2800000000000002,3.7
374,0.0001424,3.3000000000000003,3.72
375,0.00014243199999999998,3.3000000000000003,3.74
376,0.000142464,3.3200000000000003,3.7600000000000002
377,0.00014249599999999999,3.34,3.7800000000000002
378,0.000142528,3.36,3.8000000000000003
379,0.00014256,3.36,3.8000000000000003
380,0.00014259199999999998,3.38,3.8200000000000003
381,0.000142624,3.42,3.84
382,0.00014265599999999998,3.42,3.86
383,0.000142688,3.44,3.86
384,0.00014272,3.44,3.88
385,0.00014275199999999998,3.48,3.9
386,0.000142784,3.48,3.92
387,0.00014281599999999998,3.5,3.92
388,0.000142848,3.5,3.94
389,0.00014288,3.52,3.96
390,0.00014291199999999998,3.54,3.98
391,0.000142944,3.54,4.0
392,0.00014297599999999998,3.56,4.0
393,0.000143008,3.58,4.04
394,0.00014303999999999999,3.6,4.04
395,0.000143072,3.62,4.0600000000000005
396,0.000143104,3.62,4.08
397,0.00014313599999999998,3.64,4.1
398,0.000143168,3.66,4.1
399,0.00014319999999999998,3.66,4.1
400,0.000143232,3.68,4.14
401,0.000143264,3.72,4.14
402,0.00014329599999999998,3.72,4.16
403,0.000143328,3.74,4.18
404,0.00014335999999999998,3.7600000000000002,4.2
405,0.000143392,3.7600000000000002,4.22
406,0.000143424,3.7800000000000002,4.24
407,0.00014345599999999998,3.8000000000000003,4.24
408,0.000143488,3.8200000000000003,4.28
409,0.00014351999999999998,3.8200000000000003,4.28
410,0.000143552,3.84,4.3
411,0.00014358399999999999,3.86,4.3
412,0.000143616,3.88,4.32
413,0.000143648,3.88,4.34
414,0.00014367999999999998,3.92,4.36
415,0.000143712,3.92,4.38
416,0.00014374399999999998,3.92,4.38
417,0.000143776,3.94,4.4
418,0.000143808,3.96,4.42
419,0.00014383999999999998,3.98,4.44
420,0.000143872,4.0,4.46
421,0.00014390399999999998,4.0,4.46
422,0.000143936,4.0200000000000005,4.5
423,0.000143968,4.04,4.5
424,0.00014399999999999998,4.0600000000000005,4.5200000000000005
425,0.000144032,4.0600000000000005,4.5200000000000005
426,0.00014406399999999998,4.1,4.54
427,0.000144096,4.1,4.5600000000000005
428,0.00014412799999999999,4.1,4.58
429,0.00014416,4.12,4.6000000000000005
430,0.000144192,4.14,4.6000000000000005
431,0.00014422399999999998,4.16,4.62
432,0.000144256,4.16,4.64
433,0.00014428799999999998,4.18,4.66
434,0.00014432,4.2,4.68
435,0.000144352,4.22,4.7
436,0.00014438399999999998,4.22,4.7
437,0.000144416,4.24,4.72
438,0.00014444799999999998,4.28,4.74
439,0.00014448,4.28,4.74
440,0.000144512,4.28,4.78
441,0.00014454399999999998,4.3,4.8
442,0.000144576,4.32,4.8
443,0.00014460799999999998,4.34,4.82
444,0.00014464,4.36,4.84
445,0.00014467199999999999,4.38,4.86
446,0.000144704,4.38,4.88
447,0.000144736,4.4,4.88
448,0.00014476799999999998,4.42,4.9
449,0.0001448,4.42,4.92
450,0.00014483199999999998,4.44,4.92
451,0.00014486399999999997,4.46,4.94
452,0.000144896,4.4,0.22
453,0.00014492799999999998,4.08,-0.02
454,0.00014496,3.84,0.2
455,0.00014499199999999998,3.62,0.08
456,0.000145024,3.4,0.16
457,0.000145056,3.2,0.14
458,0.00014508799999999998,3.02,0.16
459,0.00014512,2.86,0.18
460,0.00014515199999999998,2.68,0.2
461,0.000145184,2.54,0.2
462,0.000145216,2.42,0.22
463,0.00014524799999999998,2.3000000000000003,0.24
464,0.00014528,2.18,0.24
465,0.00014531199999999998,2.06,0.26
466,0.000145344,1.96,0.28
467,0.00014537599999999999,1.86,0.28
468,0.00014540799999999997,1.78,0.3
469,0.00014544,1.7,0.32
470,0.00014547199999999998,1.62,0.32
471,0.000145504,1.54,0.36
472,0.00014553599999999998,1.48,0.36
473,0.000145568,1.42,0.38
474,0.0001456,1.36,0.38
475,0.00014563199999999998,1.32,0.4
476,0.000145664,1.26,0.42
477,0.00014569599999999998,1.22,0.42
478,0.000145728,1.18,0.44
479,0.00014576,1.1400000000000001,0.46
480,0.000145792,1.12,0.48
481,0.000145824,1.08,0.5
482,0.00014585599999999998,1.04,0.5
483,0.000145888,1.02,0.5
484,0.00014591999999999999,0.98,0.54
485,0.00014595199999999997,0.98,0.54
486,0.000145984,0.9400000000000001,0.56
487,0.00014601599999999998,0.9400000000000001,0.58
488,0.000146048,0.92,0.6
489,0.00014607999999999998,0.9,0.6
490,0.000146112,0.88,0.62
491,0.000146144,0.88,0.64
492,0.00014617599999999998,0.86,0.66
493,0.000146208,0.86,0.68
494,0.00014623999999999998,0.86,0.68
495,0.000146272,0.84,0.68
496,0.000146304,0.84,0.72
497,0.000146336,0.84,0.74
498,0.000146368,0.84,0.74
499,0.00014639999999999998,0.8200000000000001,0.76
500,0.000146432,0.84,0.78
501,0.00014646399999999999,0.8200000000000001,0.8
502,0.00014649599999999997,0.8200000000000001,0.8
503,0.000146528,0.84,0.8200000000000001
504,0.00014655999999999998,0.8200000000000001,0.84
505,0.000146592,0.84,0.86
506,0.00014662399999999998,0.84,0.88
507,0.000146656,0.8200000000000001,0.9
508,0.000146688,0.84,0.9
509,0.00014671999999999998,0.84,0.92
510,0.000146752,0.86,0.9400000000000001
511,0.00014678399999999998,0.86,0.96
512,0.000146816,0.88,0.96
513,0.000146848,0.88,0.98
514,0.00014688,0.88,1.0
515,0.000146912,0.9,1.02
516,0.00014694399999999998,0.9,1.02
517,0.000146976,0.9,1.06
518,0.00014700799999999999,0.9,1.08
519,0.00014703999999999997,0.92,1.08
520,0.000147072,0.92,1.1
521,0.00014710399999999998,0.9400000000000001,1.12
522,0.000147136,0.9400000000000001,1.1400000000000001
523,0.00014716799999999998,0.96,1.1400000000000001
524,0.0001472,0.98,1.16
525,0.000147232,0.98,1.16
526,0.00014726399999999998,0.98,1.2
527,0.000147296,1.0,1.2
528,0.00014732799999999998,1.0,1.24
529,0.00014736,1.02,1.24
530,0.000147392,1.04,1.26
531,0.000147424,1.04,1.28
532,0.000147456,1.06,1.3
533,0.00014748799999999998,1.08,1.3
534,0.00014752,1.08,1.34
535,0.00014755199999999999,1.1,1.34
536,0.00014758399999999997,1.1,1.36
537,0.000147616,1.12,1.36
538,0.00014764799999999998,1.1400000000000001,1.4000000000000001
539,0.00014768,1.1400000000000001,1.4000000000000001
540,0.00014771199999999998,1.16,1.4000000000000001
541,0.000147744,1.18,1.44
542,0.000147776,1.18,1.44
543,0.00014780799999999998,1.2,1.46
544,0.00014784,1.22,1.48
545,0.00014787199999999998,1.22,1.48
546,0.000147904,1.24,1.52
547,0.000147936,1.24,1.52
548,0.00014796799999999998,1.26,1.54
549,0.000148,1.28,1.56
550,0.00014803199999999998,1.28,1.58
551,0.000148064,1.3,1.58
552,0.00014809599999999999,1.32,1.6
553,0.00014812799999999997,1.32,1.6
554,0.00014816,1.34,1.6400000000000001
555,0.00014819199999999998,1.36,1.6400000000000001
556,0.000148224,1.3800000000000001,1.6600000000000001
557,0.00014825599999999998,1.3800000000000001,1.68
558,0.000148288,1.4000000000000001,1.7
559,0.00014832,1.42,1.72
560,0.00014835199999999998,1.42,1.74
561,0.000148384,1.44,1.74
562,0.00014841599999999998,1.46,1.76
563,0.000148448,1.48,1.78
564,0.00014848,1.48,1.78
565,0.00014851199999999998,1.5,1.82
566,0.000148544,1.52,1.82
567,0.00014857599999999998,1.52,1.84
568,0.000148608,1.54,1.86
569,0.00014863999999999999,1.56,1.86
570,0.00014867199999999998,1.58,1.8800000000000001
571,0.000148704,1.58,1.9000000000000001
572,0.00014873599999999998,1.6,1.92
573,0.000148768,1.6,1.94
574,0.00014879999999999998,1.62,1.96
575,0.000148832,1.6400000000000001,1.96
576,0.000148864,1.6600000000000001,1.98
577,0.00014889599999999998,1.68,2.0
578,0.000148928,1.68,2.02
579,0.00014895999999999998,1.7,2.04
580,0.000148992,1.72,2.04
581,0.000149024,1.72,2.08
582,0.00014905599999999998,1.74,2.08
583,0.000149088,1.76,2.1
584,0.00014911999999999998,1.78,2.12
585,0.000149152,1.78,2.14
586,0.000149184,1.8,2.14
587,0.00014921599999999998,1.82,2.16
588,0.000149248,1.84,2.18
589,0.00014927999999999998,1.84,2.2
590,0.000149312,1.86,2.2
591,0.00014934399999999999,1.8800000000000001,2.22
592,0.000149376,1.9000000000000001,2.24
593,0.000149408,1.9000000000000001,2.2600000000000002
594,0.00014943999999999998,1.94,2.2800000000000002
595,0.000149472,1.94,2.2800000000000002
596,0.00014950399999999998,1.94,2.3000000000000003
597,0.000149536,1.98,2.3000000000000003
598,0.000149568,1.98,2.34
599,0.00014959999999999998,1.98,2.34
600,0.000149632,2.0,2.36
601,0.00014966399999999998,2.02,2.38
602,0.000149696,2.04,2.4
603,0.000149728,2.06,2.42
604,0.00014975999999999998,2.08,2.42
605,0.000149792,2.08,2.44
606,0.00014982399999999998,2.1,2.46
607,0.000149856,2.12,2.48
608,0.00014988799999999999,2.14,2.48
609,0.00014992,2.14,2.5
610,0.000149952,2.16,2.52
611,0.00014998399999999998,2.16,2.52
612,0.000150016,2.18,2.54
613,0.00015004799999999998,2.18,2.58
614,0.00015008,2.22,2.58
615,0.000150112,2.24,2.6
616,0.00015014399999999998,2.24,2.6
617,0.000150176,2.2600000000000002,2.64
618,0.00015020799999999998,2.2800000000000002,2.66
619,0.00015024,2.2800000000000002,2.66
620,0.000150272,2.3000000000000003,2.68
621,0.00015030399999999998,2.32,2.68
622,0.000150336,2.32,2.7
623,0.00015036799999999998,2.36,2.72
624,0.0001504,2.36,2.74
625,0.00015043199999999999,2.38,2.74
626,0.000150464,2.4,2.7600000000000002
627,0.000150496,2.4,2.7800000000000002
628,0.00015052799999999998,2.42,2.8000000000000003
629,0.00015056,2.44,2.8000000000000003
630,0.00015059199999999998,2.46,2.84
631,0.000150624,2.46,2.84
632,0.000150656,2.46,2.86
633,0.00015068799999999998,2.5,2.86
634,0.00015072,2.5,2.9
635,0.00015075199999999998,2.52,2.9
636,0.000150784,2.54,2.94
637,0.000150816,2.54,2.96
638,0.00015084799999999998,2.56,2.96
639,0.00015088,2.58,2.96
640,0.00015091199999999998,2.58,3.0
641,0.000150944,2.62,3.0
642,0.00015097599999999999,2.62,3.02
643,0.000151008,2.64,3.04
644,0.00015104,2.66,3.04
645,0.00015107199999999998,2.66,3.06
646,0.000151104,2.7,3.08
647,0.00015113599999999998,2.68,3.1
648,0.000151168,2.7,3.12
649,0.0001512,2.74,3.12
650,0.00015123199999999998,2.74,3.16
651,0.000151264,2.7600000000000002,3.16
652,0.00015129599999999998,2.7800000000000002,3.18
653,0.000151328,2.8000000000000003,3.2
654,0.00015136,2.8000000000000003,3.22
655,0.00015139199999999998,2.82,3.22
656,0.000151424,2.84,3.24
657,0.00015145599999999998,2.84,3.2600000000000002
658,0.000151488,2.86,3.2800000000000002
659,0.00015151999999999999,2.88,3.3000000000000003
660,0.000151552,2.88,3.3000000000000003
661,0.000151584,2.9,3.3200000000000003
662,0.00015161599999999998,2.92,3.34
663,0.000151648,2.94,3.34
664,0.00015167999999999998,2.94,3.38
665,0.000151712,2.96,3.38
666,0.000151744,2.98,3.4
667,0.00015177599999999998,3.0,3.42
668,0.000151808,3.0,3.44
669,0.00015183999999999998,3.04,3.44
670,0.000151872,3.04,3.46
671,0.000151904,3.06,3.48
672,0.00015193599999999998,3.06,3.5
673,0.000151968,3.08,3.52
674,0.00015199999999999998,3.1,3.52
675,0.000152032,3.12,3.54
676,0.00015206399999999999,3.14,3.56
677,0.000152096,3.14,3.56
678,0.000152128,3.16,3.6
679,0.00015215999999999998,3.18,3.6
680,0.000152192,3.2,3.62
681,0.00015222399999999998,3.22,3.64
682,0.00015225599999999997,3.22,3.66
683,0.000152288,3.2600000000000002,3.68
684,0.00015231999999999998,3.2600000000000002,3.7
685,0.000152352,3.2800000000000002,3.7
686,0.00015238399999999998,3.2800000000000002,3.72
687,0.000152416,3.3200000000000003,3.74
688,0.000152448,3.3200000000000003,3.7600000000000002
689,0.00015247999999999998,3.34,3.7800000000000002
690,0.000152512,3.34,3.7800000000000002
691,0.00015254399999999998,3.36,3.8000000000000003
692,0.000152576,3.38,3.8200000000000003
693,0.00015260799999999999,3.4,3.84
694,0.00015264,3.4,3.84
695,0.000152672,3.42,3.86
696,0.00015270399999999998,3.44,3.88
697,0.000152736,3.44,3.9
698,0.00015276799999999998,3.46,3.9
699,0.00015279999999999997,3.48,3.92
700,0.000152832,3.5,3.94
701,0.00015286399999999998,3.52,3.96
702,0.000152896,3.54,3.96
703,0.00015292799999999998,3.54,3.98
704,0.00015296,3.56,4.0
705,0.000152992,3.56,4.0200000000000005
706,0.00015302399999999998,3.6,4.04
707,0.000153056,3.6,4.04
708,0.00015308799999999998,3.62,4.0600000000000005
709,0.00015312,3.64,4.08
710,0.000153152,3.64,4.1
711,0.000153184,3.66,4.1
712,0.000153216,3.68,4.12
713,0.00015324799999999998,3.7,4.14
714,0.00015328,3.7,4.16
715,0.00015331199999999998,3.72,4.18
716,0.00015334399999999997,3.74,4.2
717,0.000153376,3.7800000000000002,4.2
718,0.00015340799999999998,3.7600000000000002,4.22
719,0.00015344,3.7800000000000002,4.24
720,0.00015347199999999998,3.8000000000000003,4.24
721,0.000153504,3.8200000000000003,4.28
722,0.000153536,3.84,4.3
723,0.00015356799999999998,3.84,4.3
724,0.0001536,3.86,4.32
725,0.00015363199999999998,3.88,4.32
726,0.000153664,3.88,4.34
727,0.000153696,3.9,4.36
728,0.000153728,3.92,4.38
729,0.00015376,3.94,4.4
730,0.00015379199999999998,3.94,4.4
731,0.000153824,3.96,4.44
732,0.00015385599999999999,3.98,4.44
733,0.00015388799999999997,4.0,4.46
734,0.00015392,4.0200000000000005,4.48
735,0.00015395199999999998,4.04,4.5
736,0.000153984,4.04,4.5
737,0.00015401599999999998,4.0600000000000005,4.5200000000000005
738,0.000154048,4.08,4.54
739,0.00015408,4.08,4.5600000000000005
740,0.00015411199999999998,4.1,4.58
741,0.000154144,4.12,4.6000000000000005
742,0.00015417599999999998,4.12,4.62
743,0.000154208,4.14,4.62
744,0.00015424,4.16,4.64
745,0.000154272,4.18,4.64
746,0.000154304,4.18,4.66
747,0.00015433599999999998,4.2,4.68
748,0.000154368,4.22,4.7
749,0.00015439999999999999,4.24,4.72
750,0.00015443199999999997,4.24,4.74
751,0.000154464,4.26,4.74
752,0.00015449599999999998,4.28,4.76
753,0.000154528,4.3,4.8
754,0.00015455999999999998,4.32,4.8
755,0.000154592,4.32,4.8
756,0.000154624,4.34,4.84
757,0.00015465599999999998,4.36,4.84
758,0.000154688,4.36,4.86
759,0.00015471999999999998,4.38,4.88
760,0.000154752,4.4,4.9
761,0.000154784,4.42,4.92
762,0.000154816,4.42,4.92
763,0.000154848,4.44,4.94
764,0.00015487999999999998,4.46,3.74
765,0.000154912,4.24,-0.04
766,0.00015494399999999999,3.94,0.28
767,0.00015497599999999997,3.72,0.1
768,0.000155008,3.5,0.14
769,0.00015503999999999998,3.3000000000000003,0.16
770,0.000155072,3.12,0.16
771,0.00015510399999999998,2.92,0.18
772,0.000155136,2.7600000000000002,0.18
773,0.000155168,2.62,0.2
774,0.00015519999999999998,2.48,0.22
775,0.000155232,2.36,0.24
776,0.00015526399999999998,2.22,0.24
777,0.000155296,2.12,0.26
778,0.000155328,2.02,0.28
779,0.00015536,1.92,0.28
780,0.000155392,1.82,0.3
781,0.00015542399999999998,1.74,0.3
782,0.000155456,1.6600000000000001,0.32
783,0.00015548799999999999,1.58,0.34
784,0.00015551999999999997,1.52,0.36
785,0.000155552,1.46,0.36
786,0.00015558399999999998,1.4000000000000001,0.38
787,0.000155616,1.34,0.4
788,0.00015564799999999998,1.28,0.4
789,0.00015568,1.24,0.42
790,0.000155712,1.18,0.44
791,0.00015574399999999998,1.16,0.46
792,0.000155776,1.12,0.46
793,0.00015580799999999998,1.08,0.48
794,0.00015584,1.06,0.5
795,0.000155872,1.02,0.52
796,0.000155904,1.0,0.54
797,0.000155936,0.98,0.54
798,0.00015596799999999998,0.9400000000000001,0.56
799,0.000156,0.9400000000000001,0.58
800,0.00015603199999999999,0.92,0.6
801,0.00015606399999999997,0.9,0.6
802,0.000156096,0.9,0.62
803,0.00015612799999999998,0.88,0.64
804,0.00015616,0.88,0.64
805,0.00015619199999999998,0.86,0.68
806,0.000156224,0.84,0.66
807,0.000156256,0.84,0.7000000000000001
808,0.00015628799999999998,0.84,0.72
809,0.00015632,0.8200000000000001,0.74
810,0.00015635199999999998,0.8200000000000001,0.74
811,0.000156384,0.8200000000000001,0.76
812,0.000156416,0.8200000000000001,0.76
813,0.000156448,0.8200000000000001,0.8
814,0.00015648,0.8200000000000001,0.8
815,0.00015651199999999998,0.8200000000000001,0.8200000000000001
816,0.000156544,0.8200000000000001,0.84
817,0.00015657599999999999,0.8200000000000001,0.84
818,0.00015660799999999998,0.84,0.88
819,0.00015664,0.84,0.88
820,0.00015667199999999998,0.84,0.9
821,0.000156704,0.84,0.92
822,0.00015673599999999998,0.86,0.9400000000000001
823,0.000156768,0.86,0.96
824,0.0001568,0.86,0.98
825,0.00015683199999999998,0.86,0.98
826,0.000156864,0.88,1.0
827,0.00015689599999999998,0.86,1.02
828,0.000156928,0.88,1.02
829,0.00015696,0.9,1.06
830,0.000156992,0.9,1.06
831,0.000157024,0.92,1.08
832,0.00015705599999999998,0.92,1.1
833,0.000157088,0.9400000000000001,1.1
834,0.00015712,0.9400000000000001,1.12
835,0.00015715199999999998,0.96,1.1400000000000001
836,0.000157184,0.96,1.16
837,0.00015721599999999998,0.98,1.16
838,0.000157248,0.98,1.16
839,0.00015727999999999998,1.0,1.2
840,0.000157312,1.0,1.2
841,0.000157344,1.02,1.24
842,0.00015737599999999998,1.02,1.26
843,0.000157408,1.04,1.26
844,0.00015743999999999998,1.06,1.28
845,0.000157472,1.06,1.3
846,0.000157504,1.08,1.32
847,0.00015753599999999998,1.08,1.34
848,0.000157568,1.1,1.34
849,0.00015759999999999998,1.12,1.34
850,0.000157632,1.12,1.3800000000000001
851,0.000157664,1.1400000000000001,1.4000000000000001
852,0.00015769599999999998,1.16,1.42
853,0.000157728,1.16,1.42
854,0.00015775999999999998,1.18,1.44
855,0.000157792,1.18,1.46
856,0.00015782399999999999,1.2,1.48
857,0.000157856,1.22,1.48
858,0.000157888,1.24,1.5
859,0.00015791999999999998,1.24,1.52
860,0.000157952,1.26,1.54
861,0.00015798399999999998,1.28,1.56
862,0.000158016,1.28,1.56
863,0.000158048,1.3,1.58
864,0.00015807999999999998,1.32,1.6
865,0.000158112,1.32,1.62
866,0.00015814399999999998,1.34,1.6400000000000001
867,0.000158176,1.36,1.6400000000000001
868,0.000158208,1.36,1.6600000000000001
869,0.00015823999999999998,1.3800000000000001,1.68
870,0.000158272,1.3800000000000001,1.7
871,0.00015830399999999998,1.42,1.7
872,0.000158336,1.42,1.7
873,0.00015836799999999999,1.44,1.74
874,0.0001584,1.46,1.76
875,0.000158432,1.46,1.78
876,0.00015846399999999998,1.48,1.78
877,0.000158496,1.48,1.8
878,0.00015852799999999998,1.5,1.82
879,0.00015856,1.52,1.84
880,0.000158592,1.54,1.84
881,0.00015862399999999998,1.56,1.86
882,0.000158656,1.56,1.8800000000000001
883,0.00015868799999999998,1.58,1.8800000000000001
884,0.00015872,1.58,1.92
885,0.000158752,1.6,1.94
886,0.00015878399999999998,1.6,1.94
887,0.000158816,1.6400000000000001,1.94
888,0.00015884799999999998,1.6400000000000001,1.96
889,0.00015888,1.6600000000000001,2.0
890,0.00015891199999999999,1.68,2.02
891,0.000158944,1.7,2.02
892,0.000158976,1.72,2.04
893,0.00015900799999999998,1.72,2.06
894,0.00015904,1.74,2.08
895,0.00015907199999999998,1.76,2.08
896,0.000159104,1.78,2.1
897,0.000159136,1.78,2.1
898,0.00015916799999999998,1.78,2.12
899,0.0001592,1.82,2.16
900,0.00015923199999999998,1.82,2.18
901,0.000159264,1.84,2.18
902,0.000159296,1.86,2.2
903,0.00015932799999999998,1.86,2.22
904,0.00015936,1.8800000000000001,2.24
905,0.00015939199999999998,1.9000000000000001,2.24
906,0.000159424,1.92,2.2600000000000002
907,0.00015945599999999999,1.94,2.2800000000000002
908,0.000159488,1.94,2.3000000000000003
909,0.00015952,1.96,2.3000000000000003
910,0.00015955199999999998,1.98,2.32
911,0.000159584,1.98,2.34
912,0.00015961599999999998,2.0,2.36
913,0.000159648,2.02,2.38
914,0.00015968,2.04,2.4
915,0.00015971199999999998,2.04,2.42
916,0.000159744,2.06,2.42
917,0.00015977599999999998,2.06,2.44
918,0.000159808,2.1,2.46
919,0.00015984,2.1,2.46
920,0.00015987199999999998,2.12,2.48
921,0.000159904,2.14,2.48
922,0.00015993599999999998,2.14,2.5
923,0.000159968,2.16,2.52
924,0.00015999999999999999,2.18,2.54
925,0.000160032,2.2,2.56
926,0.000160064,2.22,2.58
927,0.00016009599999999998,2.22,2.58
928,0.000160128,2.24,2.6
929,0.00016015999999999998,2.2600000000000002,2.6
930,0.000160192,2.2800000000000002,2.64
931,0.000160224,2.2800000000000002,2.66
932,0.00016025599999999998,2.3000000000000003,2.66
933,0.000160288,2.32,2.7
934,0.00016031999999999998,2.34,2.68
935,0.000160352,2.34,2.72
936,0.000160384,2.36,2.74
937,0.00016041599999999998,2.38,2.7600000000000002
938,0.000160448,2.38,2.7600000000000002
939,0.00016047999999999998,2.4,2.7800000000000002
940,0.000160512,2.4,2.8000000000000003
941,0.00016054399999999999,2.42,2.8000000000000003
942,0.000160576,2.44,2.82
943,0.000160608,2.46,2.84
944,0.00016063999999999998,2.48,2.84
945,0.000160672,2.48,2.86
946,0.00016070399999999998,2.5,2.9
947,0.000160736,2.5,2.9
948,0.000160768,2.52,2.92
949,0.00016079999999999998,2.54,2.94
950,0.000160832,2.56,2.94
951,0.00016086399999999998,2.58,2.98
952,0.000160896,2.58,2.98
953,0.000160928,2.6,3.0
954,0.00016095999999999998,2.62,3.02
955,0.000160992,2.62,3.02
956,0.00016102399999999998,2.64,3.06
957,0.000161056,2.66,3.06
958,0.00016108799999999999,2.68,3.08
959,0.00016112,2.7,3.1
960,0.000161152,2.72,3.1
961,0.00016118399999999998,2.72,3.12
962,0.000161216,2.74,3.14
963,0.00016124799999999998,2.74,3.16
964,0.00016127999999999997,2.7600000000000002,3.16
965,0.000161312,2.7800000000000002,3.18
966,0.000161344,2.8000000000000003,3.22
967,0.000161376,2.8000000000000003,3.22
968,0.00016140799999999998,2.82,3.24
969,0.00016144,2.84,3.2600000000000002
970,0.000161472,2.86,3.2800000000000002
971,0.00016150399999999998,2.88,3.3000000000000003
972,0.000161536,2.88,3.3000000000000003
973,0.00016156799999999998,2.9,3.3200000000000003
974,0.0001616,2.92,3.34
975,0.000161632,2.94,3.34
976,0.000161664,2.94,3.36
977,0.000161696,2.96,3.38
978,0.00016172799999999998,2.96,3.4
979,0.00016176,2.98,3.42
980,0.00016179199999999999,3.0,3.44
981,0.00016182399999999997,3.02,3.44
982,0.000161856,3.04,3.46
983,0.000161888,3.06,3.46
984,0.00016192,3.06,3.48
985,0.00016195199999999998,3.08,3.52
986,0.000161984,3.1,3.52
987,0.000162016,3.1,3.54
988,0.00016204799999999998,3.12,3.56
989,0.00016208,3.14,3.56
990,0.00016211199999999998,3.16,3.58
991,0.000162144,3.16,3.6
992,0.000162176,3.18,3.62
993,0.000162208,3.2,3.64
994,0.00016224,3.24,3.64
995,0.00016227199999999998,3.24,3.66
996,0.000162304,3.2600000000000002,3.68
997,0.00016233599999999999,3.2600000000000002,3.7
998,0.00016236799999999997,3.2800000000000002,3.7
999,0.0001624,3.3000000000000003,3.72
1000,0.000162432,3.3000000000000003,3.74
1001,0.000162464,3.3200000000000003,3.7600000000000002
1002,0.00016249599999999998,3.34,3.7800000000000002
1003,0.000162528,3.36,3.8000000000000003
1004,0.00016256,3.36,3.8000000000000003
1005,0.00016259199999999998,3.38,3.8200000000000003
1006,0.000162624,3.4,3.84
1007,0.00016265599999999998,3.4,3.86
1008,0.000162688,3.42,3.86
1009,0.00016272,3.44,3.88
1010,0.000162752,3.46,3.9
1011,0.000162784,3.48,3.9
1012,0.00016281599999999998,3.48,3.94
1013,0.000162848,3.5,3.94
1014,0.00016287999999999999,3.52,3.98
1015,0.00016291199999999997,3.56,3.98
1016,0.000162944,3.54,4.0
1017,0.00016297599999999998,3.56,4.0200000000000005
1018,0.000163008,3.58,4.0200000000000005
1019,0.00016303999999999998,3.6,4.04
1020,0.000163072,3.6,4.04
1021,0.000163104,3.62,4.0600000000000005
1022,0.00016313599999999998,3.64,4.08
1023,0.000163168,3.66,4.1
1024,0.00016319999999999998,3.68,4.12
1025,0.000163232,3.68,4.14
1026,0.000163264,3.7,4.14
1027,0.000163296,3.72,4.16
1028,0.000163328,3.74,4.18
1029,0.00016335999999999998,3.74,4.2
1030,0.000163392,3.7600000000000002,4.22
1031,0.00016342399999999999,3.7800000000000002,4.22
1032,0.00016345599999999997,3.8000000000000003,4.24
1033,0.000163488,3.8000000000000003,4.26
1034,0.00016351999999999998,3.84,4.28
1035,0.000163552,3.84,4.3
1036,0.00016358399999999998,3.84,4.3
1037,0.000163616,3.86,4.32
1038,0.000163648,3.88,4.34
1039,0.00016367999999999998,3.9,4.36
1040,0.000163712,3.9,4.38
1041,0.00016374399999999998,3.92,4.38
1042,0.000163776,3.94,4.42
1043,0.000163808,3.96,4.42
1044,0.00016384,3.98,4.44
1045,0.000163872,4.0,4.46
1046,0.00016390399999999998,4.0,4.48
1047,0.000163936,4.0200000000000005,4.5
1048,0.00016396799999999999,4.04,4.5200000000000005
1049,0.00016399999999999997,4.0600000000000005,4.5200000000000005
1050,0.000164032,4.0600000000000005,4.54
1051,0.00016406399999999998,4.08,4.5600000000000005
1052,0.000164096,4.1,4.5600000000000005
1053,0.00016412799999999998,4.1,4.58
1054,0.00016416,4.12,4.6000000000000005
1055,0.000164192,4.14,4.6000000000000005
1056,0.00016422399999999998,4.14,4.64
1057,0.000164256,4.16,4.64
1058,0.00016428799999999998,4.18,4.66
1059,0.00016432,4.2,4.68
1060,0.000164352,4.2,4.7
1061,0.000164384,4.22,4.7
1062,0.000164416,4.24,4.72
1063,0.00016444799999999998,4.26,4.74
1064,0.00016448,4.28,4.76
1065,0.00016451199999999999,4.28,4.76
1066,0.00016454399999999998,4.3,4.8
1067,0.000164576,4.32,4.8
1068,0.00016460799999999998,4.34,4.82
1069,0.00016464,4.34,4.84
1070,0.00016467199999999998,4.36,4.86
1071,0.000164704,4.38,4.86
1072,0.000164736,4.4,4.88
1073,0.00016476799999999998,4.4,4.9
1074,0.0001648,4.44,4.92
1075,0.00016483199999999998,4.44,4.94
1076,0.000164864,4.46,4.94
1077,0.000164896,4.38,0.26
1078,0.000164928,4.08,-0.02
1079,0.00016496,3.84,0.22
1080,0.00016499199999999998,3.6,0.08
1081,0.000165024,3.4,0.16
1082,0.00016505599999999999,3.2,0.16
1083,0.00016508799999999998,3.02,0.18
1084,0.00016512,2.86,0.18
1085,0.00016515199999999998,2.68,0.2
1086,0.000165184,2.54,0.2
1087,0.00016521599999999998,2.42,0.2
1088,0.000165248,2.2800000000000002,0.24
1089,0.00016528,2.16,0.26
1090,0.00016531199999999998,2.06,0.26
1091,0.000165344,1.96,0.28
1092,0.00016537599999999998,1.86,0.28
1093,0.000165408,1.78,0.28
1094,0.00016544,1.7,0.32
1095,0.000165472,1.62,0.32
1096,0.000165504,1.54,0.34
1097,0.00016553599999999998,1.48,0.36
1098,0.000165568,1.42,0.38
1099,0.0001656,1.36,0.38
1100,0.00016563199999999998,1.32,0.4
1101,0.000165664,1.26,0.42
1102,0.00016569599999999998,1.22,0.44
1103,0.000165728,1.16,0.46
1104,0.00016575999999999999,1.1400000000000001,0.46
1105,0.000165792,1.12,0.48
1106,0.000165824,1.08,0.48
1107,0.00016585599999999998,1.04,0.52
1108,0.000165888,1.02,0.52
1109,0.00016591999999999998,1.0,0.52
1110,0.000165952,0.96,0.56
1111,0.000165984,0.9400000000000001,0.58
1112,0.000166016,0.92,0.58
1113,0.000166048,0.92,0.6
1114,0.00016607999999999998,0.9,0.62
1115,0.000166112,0.88,0.62
1116,0.000166144,0.86,0.62
1117,0.00016617599999999998,0.86,0.66
1118,0.000166208,0.86,0.68
1119,0.00016623999999999998,0.84,0.7000000000000001
1120,0.000166272,0.84,0.7000000000000001
1121,0.00016630399999999999,0.84,0.7000000000000001
1122,0.000166336,0.84,0.74
1123,0.000166368,0.8200000000000001,0.74
1124,0.00016639999999999998,0.8200000000000001,0.76
1125,0.000166432,0.8200000000000001,0.78
1126,0.00016646399999999998,0.8200000000000001,0.8
1127,0.00016649599999999997,0.8200000000000001,0.8200000000000001
1128,0.000166528,0.8200000000000001,0.8200000000000001
1129,0.00016656,0.8200000000000001,0.84
1130,0.000166592,0.84,0.86
1131,0.00016662399999999998,0.84,0.88
1132,0.000166656,0.84,0.9
1133,0.000166688,0.8200000000000001,0.92
1134,0.00016671999999999998,0.86,0.92
1135,0.000166752,0.86,0.9400000000000001
1136,0.00016678399999999998,0.86,0.96
1137,0.000166816,0.86,0.98
1138,0.00016684799999999999,0.86,1.0
1139,0.00016688,0.88,1.0
1140,0.000166912,0.88,1.02
1141,0.00016694399999999998,0.9,1.04
1142,0.000166976,0.9,1.06
1143,0.00016700799999999998,0.92,1.06
1144,0.00016703999999999997,0.92,1.08
1145,0.000167072,0.9400000000000001,1.1
1146,0.000167104,0.9400000000000001,1.12
1147,0.000167136,0.9400000000000001,1.1400000000000001
1148,0.00016716799999999998,0.9400000000000001,1.1400000000000001
1149,0.0001672,0.96,1.16
1150,0.000167232,0.98,1.18
1151,0.00016726399999999998,0.98,1.18
1152,0.000167296,0.98,1.2
1153,0.00016732799999999998,1.02,1.22
1154,0.00016736,1.04,1.24
1155,0.00016739199999999999,1.04,1.26
1156,0.000167424,1.04,1.28
1157,0.000167456,1.06,1.28
1158,0.00016748799999999998,1.08,1.3
1159,0.00016752,1.08,1.32
1160,0.00016755199999999998,1.08,1.34
1161,0.00016758399999999997,1.1,1.36
1162,0.000167616,1.12,1.3800000000000001
1163,0.000167648,1.12,1.4000000000000001
1164,0.00016768,1.16,1.4000000000000001
1165,0.00016771199999999998,1.1400000000000001,1.42
1166,0.000167744,1.18,1.42
1167,0.000167776,1.18,1.44
1168,0.00016780799999999998,1.2,1.48
1169,0.00016784,1.2,1.48
1170,0.00016787199999999998,1.22,1.5
1171,0.000167904,1.24,1.52
1172,0.00016793599999999999,1.26,1.5
1173,0.000167968,1.26,1.52
1174,0.000168,1.26,1.56
1175,0.00016803199999999998,1.3,1.58
1176,0.000168064,1.3,1.58
1177,0.00016809599999999998,1.3,1.6
1178,0.00016812799999999997,1.34,1.62
1179,0.00016816,1.34,1.6400000000000001
1180,0.000168192,1.34,1.6600000000000001
1181,0.000168224,1.3800000000000001,1.68
1182,0.00016825599999999998,1.4000000000000001,1.68
1183,0.000168288,1.4000000000000001,1.7
1184,0.00016832,1.42,1.72
1185,0.00016835199999999998,1.44,1.72
1186,0.000168384,1.44,1.76
1187,0.00016841599999999998,1.46,1.76
1188,0.000168448,1.46,1.78
1189,0.00016847999999999999,1.48,1.8
1190,0.000168512,1.5,1.8
1191,0.000168544,1.52,1.82
1192,0.00016857599999999998,1.52,1.84
1193,0.000168608,1.54,1.86
1194,0.00016863999999999998,1.56,1.8800000000000001
1195,0.00016867199999999997,1.58,1.8800000000000001
1196,0.000168704,1.58,1.9000000000000001
1197,0.000168736,1.6,1.92
1198,0.000168768,1.62,1.94
1199,0.00016879999999999998,1.6400000000000001,1.96
1200,0.000168832,1.6400000000000001,1.96
1201,0.000168864,1.6600000000000001,1.98
1202,0.00016889599999999998,1.6600000000000001,2.0
1203,0.000168928,1.68,2.02
1204,0.00016895999999999998,1.7,2.02
1205,0.000168992,1.72,2.06
1206,0.00016902399999999999,1.72,2.08
1207,0.000169056,1.74,2.08
1208,0.000169088,1.76,2.1
1209,0.00016911999999999998,1.78,2.12
1210,0.000169152,1.8,2.12
1211,0.00016918399999999998,1.8,2.14
1212,0.00016921599999999997,1.82,2.14
1213,0.000169248,1.84,2.18
1214,0.00016928,1.84,2.18
1215,0.000169312,1.86,2.2
1216,0.00016934399999999998,1.8800000000000001,2.2
1217,0.000169376,1.8800000000000001,2.24
1218,0.000169408,1.9000000000000001,2.2600000000000002
1219,0.00016943999999999998,1.92,2.2600000000000002
1220,0.000169472,1.94,2.2800000000000002
1221,0.00016950399999999998,1.94,2.3000000000000003
1222,0.000169536,1.98,2.32
1223,0.000169568,1.98,2.32
1224,0.0001696,2.0,2.34
1225,0.000169632,2.02,2.36
1226,0.00016966399999999998,2.02,2.38
1227,0.000169696,2.04,2.38
1228,0.00016972799999999999,2.06,2.42
1229,0.00016975999999999997,2.08,2.42
1230,0.000169792,2.08,2.44
1231,0.000169824,2.1,2.44
1232,0.000169856,2.12,2.46
1233,0.00016988799999999998,2.12,2.5
1234,0.00016992,2.14,2.5
1235,0.000169952,2.14,2.5
1236,0.00016998399999999998,2.18,2.54
1237,0.000170016,2.2,2.54
1238,0.00017004799999999998,2.2,2.56
1239,0.00017008,2.22,2.58
1240,0.000170112,2.24,2.6
1241,0.000170144,2.2600000000000002,2.6
1242,0.000170176,2.2600000000000002,2.62
1243,0.00017020799999999998,2.2600000000000002,2.64
1244,0.00017024,2.3000000000000003,2.66
1245,0.00017027199999999999,2.3000000000000003,2.66
1246,0.00017030399999999997,2.3000000000000003,2.68
1247,0.000170336,2.34,2.7
1248,0.000170368,2.36,2.72
1249,0.0001704,2.36,2.74
1250,0.00017043199999999998,2.38,2.74
1251,0.000170464,2.4,2.7800000000000002
1252,0.000170496,2.4,2.7800000000000002
1253,0.00017052799999999998,2.42,2.8000000000000003
1254,0.00017056,2.44,2.8000000000000003
1255,0.00017059199999999998,2.46,2.84
1256,0.000170624,2.46,2.86
1257,0.000170656,2.48,2.86
1258,0.000170688,2.48,2.86
1259,0.00017072,2.5,2.88
1260,0.00017075199999999998,2.52,2.9
1261,0.000170784,2.54,2.92
1262,0.00017081599999999999,2.54,2.94
1263,0.00017084799999999997,2.58,2.94
1264,0.00017088,2.6,2.98
1265,0.000170912,2.6,2.98
1266,0.000170944,2.6,3.0
1267,0.00017097599999999998,2.62,3.02
1268,0.000171008,2.64,3.04
1269,0.00017104,2.64,3.06
1270,0.00017107199999999998,2.68,3.06
1271,0.000171104,2.68,3.08
1272,0.00017113599999999998,2.7,3.1
1273,0.000171168,2.7,3.1
1274,0.0001712,2.72,3.12
1275,0.000171232,2.7600000000000002,3.16
1276,0.000171264,2.7600000000000002,3.16
1277,0.00017129599999999998,2.7800000000000002,3.18
1278,0.000171328,2.8000000000000003,3.2
1279,0.00017135999999999999,2.8000000000000003,3.2
1280,0.00017139199999999997,2.82,3.22
1281,0.000171424,2.84,3.24
1282,0.000171456,2.84,3.2600000000000002
1283,0.000171488,2.86,3.2800000000000002
1284,0.00017151999999999998,2.88,3.3000000000000003
1285,0.000171552,2.9,3.3000000000000003
1286,0.000171584,2.9,3.3200000000000003
1287,0.00017161599999999998,2.92,3.34
1288,0.000171648,2.94,3.34
1289,0.00017167999999999998,2.96,3.38
1290,0.000171712,2.96,3.38
1291,0.000171744,2.98,3.4
1292,0.000171776,3.0,3.42
1293,0.000171808,3.02,3.44
1294,0.00017183999999999998,3.02,3.44
1295,0.000171872,3.06,3.46
1296,0.00017190399999999999,3.06,3.48
1297,0.00017193599999999997,3.06,3.5
1298,0.000171968,3.1,3.52
1299,0.000172,3.1,3.54
1300,0.000172032,3.12,3.54
1301,0.00017206399999999998,3.14,3.56
1302,0.000172096,3.14,3.58
1303,0.000172128,3.16,3.6
1304,0.00017215999999999998,3.18,3.6
1305,0.000172192,3.2,3.62
1306,0.00017222399999999998,3.2,3.64
1307,0.000172256,3.22,3.66
1308,0.000172288,3.24,3.68
1309,0.00017232,3.2600000000000002,3.68
1310,0.000172352,3.2800000000000002,3.7
1311,0.00017238399999999998,3.3000000000000003,3.72
1312,0.000172416,3.3000000000000003,3.72
1313,0.00017244799999999999,3.3200000000000003,3.74
1314,0.00017247999999999997,3.34,3.7600000000000002
1315,0.000172512,3.34,3.7800000000000002
1316,0.00017254399999999998,3.36,3.8000000000000003
1317,0.000172576,3.38,3.8200000000000003
1318,0.00017260799999999998,3.38,3.8200000000000003
1319,0.00017264,3.4,3.86
1320,0.000172672,3.42,3.86
1321,0.00017270399999999998,3.44,3.88
1322,0.000172736,3.46,3.88
1323,0.00017276799999999998,3.46,3.92
1324,0.0001728,3.48,3.92
1325,0.000172832,3.5,3.94
1326,0.000172864,3.52,3.94
1327,0.000172896,3.54,3.96
1328,0.00017292799999999998,3.54,4.0
1329,0.00017296,3.56,4.0200000000000005
1330,0.00017299199999999999,3.58,4.0200000000000005
1331,0.00017302399999999998,3.58,4.04
1332,0.000173056,3.6,4.04
1333,0.00017308799999999998,3.62,4.0600000000000005
1334,0.00017312,3.64,4.1
1335,0.00017315199999999998,3.64,4.1
1336,0.000173184,3.68,4.1
1337,0.000173216,3.68,4.12
1338,0.00017324799999999998,3.7,4.14
1339,0.00017328,3.7,4.16
1340,0.00017331199999999998,3.72,4.18
1341,0.000173344,3.74,4.2
1342,0.000173376,3.7600000000000002,4.2
1343,0.000173408,3.7800000000000002,4.22
1344,0.00017344,3.7800000000000002,4.24
1345,0.00017347199999999998,3.8000000000000003,4.26
1346,0.000173504,3.8000000000000003,4.26
1347,0.000173536,3.8200000000000003,4.28
1348,0.00017356799999999998,3.84,4.3
1349,0.0001736,3.86,4.32
1350,0.00017363199999999998,3.88,4.34
1351,0.000173664,3.88,4.36
1352,0.00017369599999999998,3.9,4.36
1353,0.000173728,3.92,4.38
1354,0.00017376,3.94,4.4
1355,0.00017379199999999998,3.94,4.42
1356,0.000173824,3.98,4.44
1357,0.00017385599999999998,3.98,4.46
1358,0.000173888,4.0,4.46
1359,0.00017392,4.0200000000000005,4.48
1360,0.000173952,4.0200000000000005,4.5
1361,0.000173984,4.04,4.5200000000000005
1362,0.00017401599999999998,4.0600000000000005,4.54
1363,0.000174048,4.0600000000000005,4.54
1364,0.00017408,4.08,4.5600000000000005
1365,0.00017411199999999998,4.1,4.58
1366,0.000174144,4.12,4.58
1367,0.00017417599999999998,4.14,4.6000000000000005
1368,0.000174208,4.14,4.62
1369,0.00017423999999999999,4.18,4.64
1370,0.000174272,4.18,4.64
1371,0.000174304,4.2,4.66
1372,0.00017433599999999998,4.22,4.68
1373,0.000174368,4.22,4.72
1374,0.00017439999999999998,4.24,4.72
1375,0.000174432,4.24,4.74
1376,0.000174464,4.26,4.76
1377,0.000174496,4.28,4.76
1378,0.000174528,4.3,4.78
1379,0.00017455999999999998,4.3,4.78
1380,0.000174592,4.32,4.82
1381,0.000174624,4.34,4.82
1382,0.00017465599999999998,4.36,4.84
1383,0.000174688,4.38,4.86
1384,0.00017471999999999998,4.38,4.88
1385,0.000174752,4.4,4.88
1386,0.00017478399999999999,4.42,4.92
1387,0.000174816,4.44,4.94
1388,0.000174848,4.46,4.94
1389,0.00017487999999999998,4.46,3.68
1390,0.000174912,4.24,-0.04
1391,0.00017494399999999998,3.96,0.28
1392,0.000174976,3.72,0.1
1393,0.000175008,3.5,0.14
1394,0.00017504,3.3000000000000003,0.16
1395,0.000175072,3.1,0.14
1396,0.00017510399999999998,2.94,0.18
1397,0.000175136,2.7600000000000002,0.18
1398,0.000175168,2.62,0.2
1399,0.00017519999999999998,2.48,0.2
1400,0.000175232,2.36,0.22
1401,0.00017526399999999998,2.24,0.24
1402,0.000175296,2.12,0.26
1403,0.00017532799999999999,2.02,0.26
1404,0.00017536,1.92,0.28
1405,0.000175392,1.82,0.3
1406,0.00017542399999999998,1.74,0.32
1407,0.000175456,1.6600000000000001,0.32
1408,0.00017548799999999998,1.58,0.34
1409,0.00017552,1.52,0.36
1410,0.000175552,1.46,0.36
1411,0.000175584,1.4000000000000001,0.38
1412,0.000175616,1.34,0.4
1413,0.00017564799999999998,1.3,0.4
1414,0.00017568,1.24,0.42
1415,0.000175712,1.2,0.44
1416,0.00017574399999999998,1.16,0.44
1417,0.000175776,1.12,0.46
1418,0.00017580799999999998,1.1,0.48
1419,0.00017584,1.06,0.5
1420,0.00017587199999999999,1.04,0.52
1421,0.000175904,1.02,0.52
1422,0.000175936,0.98,0.54
1423,0.00017596799999999998,0.96,0.54
1424,0.000176,0.9400000000000001,0.58
1425,0.00017603199999999998,0.92,0.6
1426,0.00017606399999999997,0.9,0.6
1427,0.000176096,0.9,0.62
1428,0.000176128,0.88,0.64
1429,0.00017616,0.88,0.64
1430,0.00017619199999999998,0.86,0.66
1431,0.000176224,0.86,0.68
1432,0.000176256,0.84,0.7000000000000001
1433,0.00017628799999999998,0.84,0.7000000000000001
1434,0.00017632,0.84,0.72
1435,0.00017635199999999998,0.8200000000000001,0.74
1436,0.000176384,0.8200000000000001,0.76
1437,0.00017641599999999999,0.8200000000000001,0.78
1438,0.000176448,0.8200000000000001,0.8
1439,0.00017648,0.8200000000000001,0.8
1440,0.00017651199999999998,0.84,0.8200000000000001
1441,0.000176544,0.8200000000000001,0.84
1442,0.00017657599999999998,0.84,0.86
1443,0.00017660799999999997,0.84,0.86
1444,0.00017664,0.84,0.88
1445,0.000176672,0.84,0.9
1446,0.000176704,0.84,0.92
1447,0.00017673599999999998,0.86,0.9400000000000001
1448,0.000176768,0.86,0.96
1449,0.0001768,0.86,0.96
1450,0.00017683199999999998,0.88,0.96
1451,0.000176864,0.88,1.0
1452,0.00017689599999999998,0.88,1.0
1453,0.000176928,0.9,1.02
1454,0.00017695999999999999,0.9,1.04
1455,0.000176992,0.92,1.06
1456,0.000177024,0.92,1.08
1457,0.00017705599999999998,0.92,1.08
1458,0.000177088,0.9400000000000001,1.1
1459,0.00017711999999999998,0.9400000000000001,1.12
1460,0.00017715199999999997,0.96,1.1400000000000001
1461,0.000177184,0.96,1.16
1462,0.000177216,0.98,1.18
1463,0.000177248,1.0,1.18
1464,0.00017727999999999998,1.0,1.2
1465,0.000177312,1.02,1.2
1466,0.000177344,1.02,1.24
1467,0.00017737599999999998,1.04,1.26
1468,0.000177408,1.04,1.28
1469,0.00017743999999999998,1.06,1.28
1470,0.000177472,1.06,1.3
1471,0.00017750399999999999,1.06,1.32
1472,0.000177536,1.1,1.34
1473,0.000177568,1.1,1.34
1474,0.00017759999999999998,1.12,1.36
1475,0.000177632,1.1400000000000001,1.3800000000000001
1476,0.00017766399999999998,1.1400000000000001,1.4000000000000001
1477,0.00017769599999999997,1.16,1.42
1478,0.000177728,1.16,1.44
1479,0.00017776,1.18,1.44
1480,0.000177792,1.2,1.46
1481,0.00017782399999999998,1.2,1.46
1482,0.000177856,1.22,1.5
1483,0.000177888,1.24,1.5
1484,0.00017791999999999998,1.24,1.52
1485,0.000177952,1.24,1.54
1486,0.00017798399999999998,1.28,1.56
1487,0.000178016,1.28,1.56
1488,0.000178048,1.28,1.58
1489,0.00017808,1.32,1.6
1490,0.000178112,1.32,1.62
1491,0.00017814399999999998,1.34,1.62
1492,0.000178176,1.36,1.6400000000000001
1493,0.00017820799999999999,1.36,1.6400000000000001
1494,0.00017823999999999997,1.3800000000000001,1.68
1495,0.000178272,1.4000000000000001,1.7
1496,0.000178304,1.42,1.7
1497,0.000178336,1.42,1.72
1498,0.00017836799999999998,1.44,1.72
1499,0.0001784,1.46,1.76
1500,0.000178432,1.46,1.76
1501,0.00017846399999999998,1.48,1.78
1502,0.000178496,1.5,1.8
1503,0.00017852799999999998,1.52,1.8
1504,0.00017856,1.52,1.84
1505,0.000178592,1.54,1.84
1506,0.000178624,1.56,1.86
1507,0.000178656,1.58,1.8800000000000001
1508,0.00017868799999999998,1.58,1.9000000000000001
1509,0.00017872,1.6,1.92
1510,0.00017875199999999999,1.6,1.92
1511,0.00017878399999999997,1.62,1.94
1512,0.000178816,1.6400000000000001,1.94
1513,0.000178848,1.6600000000000001,1.98
1514,0.00017888,1.6600000000000001,2.0
1515,0.00017891199999999998,1.68,2.02
1516,0.000178944,1.7,2.02
1517,0.000178976,1.72,2.04
1518,0.00017900799999999998,1.72,2.04
1519,0.00017904,1.74,2.06
1520,0.00017907199999999998,1.76,2.1
1521,0.000179104,1.78,2.1
1522,0.000179136,1.78,2.12
1523,0.000179168,1.8,2.14
1524,0.0001792,1.8,2.14
1525,0.00017923199999999998,1.84,2.16
1526,0.000179264,1.84,2.2
1527,0.00017929599999999999,1.86,2.2
1528,0.00017932799999999997,1.86,2.22
1529,0.00017936,1.8800000000000001,2.24
1530,0.000179392,1.9000000000000001,2.2600000000000002
1531,0.000179424,1.9000000000000001,2.2600000000000002
1532,0.00017945599999999998,1.92,2.2600000000000002
1533,0.000179488,1.94,2.3000000000000003
1534,0.00017952,1.96,2.3000000000000003
1535,0.00017955199999999998,1.98,2.34
1536,0.000179584,2.0,2.34
1537,0.00017961599999999998,2.0,2.36
1538,0.000179648,2.02,2.38
1539,0.00017968,2.04,2.4
1540,0.000179712,2.06,2.4
1541,0.000179744,2.06,2.42
1542,0.00017977599999999998,2.06,2.42
1543,0.000179808,2.1,2.46
1544,0.00017983999999999999,2.1,2.46
1545,0.00017987199999999997,2.12,2.48
1546,0.000179904,2.12,2.5
1547,0.000179936,2.16,2.5
1548,0.000179968,2.16,2.54
1549,0.00017999999999999998,2.18,2.54
1550,0.000180032,2.2,2.56
1551,0.000180064,2.2,2.58
1552,0.00018009599999999998,2.22,2.58
1553,0.000180128,2.22,2.6
1554,0.00018015999999999998,2.2600000000000002,2.6
1555,0.000180192,2.2800000000000002,2.62
1556,0.000180224,2.2800000000000002,2.66
1557,0.000180256,2.3000000000000003,2.66
1558,0.000180288,2.32,2.68
1559,0.00018031999999999998,2.32,2.7
1560,0.000180352,2.34,2.7
1561,0.00018038399999999999,2.34,2.72
1562,0.00018041599999999997,2.38,2.74
1563,0.000180448,2.38,2.7800000000000002
1564,0.00018048,2.4,2.7600000000000002
1565,0.000180512,2.42,2.7800000000000002
1566,0.00018054399999999998,2.42,2.8000000000000003
1567,0.000180576,2.44,2.82
1568,0.000180608,2.46,2.84
1569,0.00018063999999999998,2.48,2.84
1570,0.000180672,2.5,2.86
1571,0.00018070399999999998,2.5,2.88
1572,0.000180736,2.5,2.88
1573,0.000180768,2.52,2.92
1574,0.0001808,2.54,2.92
1575,0.000180832,2.56,2.94
1576,0.00018086399999999998,2.58,2.96
1577,0.000180896,2.58,2.98
1578,0.00018092799999999999,2.6,2.98
1579,0.00018095999999999998,2.62,3.02
1580,0.000180992,2.62,3.02
1581,0.000181024,2.64,3.06
1582,0.000181056,2.66,3.06
1583,0.00018108799999999998,2.68,3.08
1584,0.00018112,2.7,3.08
1585,0.000181152,2.7,3.1
1586,0.00018118399999999998,2.72,3.12
1587,0.000181216,2.74,3.14
1588,0.00018124799999999998,2.74,3.16
1589,0.00018128,2.7600000000000002,3.18
1590,0.000181312,2.7800000000000002,3.18
1591,0.000181344,2.8000000000000003,3.2
1592,0.000181376,2.8000000000000003,3.22
1593,0.00018140799999999998,2.82,3.22
1594,0.00018144,2.84,3.2600000000000002
1595,0.00018147199999999999,2.86,3.2600000000000002
1596,0.00018150399999999998,2.86,3.2800000000000002
1597,0.000181536,2.88,3.3000000000000003
1598,0.000181568,2.9,3.3000000000000003
1599,0.0001816,2.92,3.34
1600,0.00018163199999999998,2.94,3.34
1601,0.000181664,2.94,3.36
1602,0.000181696,2.96,3.38
1603,0.00018172799999999998,2.98,3.38
1604,0.00018176,2.98,3.42
1605,0.00018179199999999998,3.0,3.42
1606,0.000181824,3.0,3.44
1607,0.000181856,3.02,3.46
1608,0.000181888,3.06,3.46
1609,0.00018192,3.06,3.48
1610,0.00018195199999999998,3.08,3.5
1611,0.000181984,3.1,3.52
1612,0.000182016,3.12,3.54
1613,0.00018204799999999998,3.12,3.56
1614,0.00018208,3.14,3.56
1615,0.00018211199999999998,3.16,3.56
1616,0.000182144,3.18,3.6
1617,0.00018217599999999999,3.18,3.6
1618,0.000182208,3.2,3.62
1619,0.00018224,3.22,3.66
1620,0.00018227199999999998,3.24,3.66
1621,0.000182304,3.2600000000000002,3.68
1622,0.00018233599999999998,3.2600000000000002,3.7
1623,0.000182368,3.3000000000000003,3.7
1624,0.0001824,3.3000000000000003,3.72
1625,0.000182432,3.3000000000000003,3.74
1626,0.000182464,3.3200000000000003,3.7600000000000002
1627,0.00018249599999999998,3.34,3.7800000000000002
1628,0.000182528,3.36,3.8000000000000003
1629,0.00018256,3.38,3.8000000000000003
1630,0.00018259199999999998,3.38,3.8200000000000003
1631,0.000182624,3.4,3.84
1632,0.00018265599999999998,3.4,3.86
1633,0.000182688,3.44,3.86
1634,0.00018271999999999999,3.44,3.88
1635,0.000182752,3.46,3.9
1636,0.000182784,3.48,3.92
1637,0.00018281599999999998,3.5,3.92
1638,0.000182848,3.5,3.96
1639,0.00018287999999999998,3.52,3.96
1640,0.000182912,3.54,3.98
1641,0.000182944,3.56,3.98
1642,0.000182976,3.56,4.0
1643,0.000183008,3.58,4.0200000000000005
1644,0.00018303999999999998,3.6,4.04
1645,0.000183072,3.6,4.0600000000000005
1646,0.000183104,3.62,4.08
1647,0.00018313599999999998,3.64,4.08
1648,0.000183168,3.66,4.1
1649,0.00018319999999999998,3.66,4.12
1650,0.000183232,3.68,4.14
1651,0.00018326399999999999,3.7,4.16
1652,0.000183296,3.72,4.16
1653,0.000183328,3.74,4.18
1654,0.00018335999999999998,3.74,4.2
1655,0.000183392,3.7600000000000002,4.22
1656,0.00018342399999999998,3.7800000000000002,4.22
1657,0.000183456,3.8000000000000003,4.26
1658,0.000183488,3.8200000000000003,4.26
1659,0.00018352,3.84,4.28
1660,0.000183552,3.84,4.3
1661,0.00018358399999999998,3.86,4.3
1662,0.000183616,3.86,4.32
1663,0.000183648,3.9,4.34
1664,0.00018367999999999998,3.9,4.36
1665,0.000183712,3.9,4.38
1666,0.00018374399999999998,3.92,4.4
1667,0.000183776,3.94,4.42
1668,0.00018380799999999999,3.96,4.42
1669,0.00018384,3.98,4.44
1670,0.000183872,4.0,4.46
1671,0.00018390399999999998,4.0,4.48
1672,0.000183936,4.0200000000000005,4.5
1673,0.00018396799999999998,4.04,4.5
1674,0.000184,4.0600000000000005,4.5200000000000005
1675,0.000184032,4.0600000000000005,4.54
1676,0.000184064,4.1,4.5600000000000005
1677,0.000184096,4.1,4.5600000000000005
1678,0.00018412799999999998,4.1,4.6000000000000005
1679,0.00018416,4.12,4.6000000000000005
1680,0.000184192,4.14,4.62
1681,0.00018422399999999998,4.14,4.64
1682,0.000184256,4.16,4.64
1683,0.00018428799999999998,4.2,4.66
1684,0.00018432,4.2,4.68
1685,0.00018435199999999999,4.2,4.7
1686,0.000184384,4.22,4.7
1687,0.000184416,4.26,4.72
1688,0.00018444799999999998,4.26,4.74
1689,0.00018448,4.28,4.76
1690,0.00018451199999999998,4.3,4.78
1691,0.000184544,4.3,4.8
1692,0.000184576,4.32,4.8
1693,0.000184608,4.34,4.82
1694,0.00018464,4.36,4.82
1695,0.00018467199999999998,4.36,4.86
1696,0.000184704,4.38,4.88
1697,0.000184736,4.42,4.88
1698,0.00018476799999999998,4.4,4.9
1699,0.0001848,4.44,4.92
1700,0.00018483199999999998,4.44,4.94
1701,0.000184864,4.46,4.94
1702,0.00018489599999999999,4.38,0.26
1703,0.000184928,4.08,-0.02
1704,0.00018496,3.84,0.22
1705,0.00018499199999999998,3.6,0.08
1706,0.000185024,3.4,0.16
1707,0.00018505599999999998,3.22,0.16
1708,0.000185088,3.02,0.16
1709,0.00018512,2.86,0.18
1710,0.000185152,2.7,0.2
1711,0.000185184,2.54,0.2
1712,0.00018521599999999998,2.42,0.2
1713,0.000185248,2.3000000000000003,0.24
1714,0.00018528,2.18,0.24
1715,0.00018531199999999998,2.06,0.26
1716,0.000185344,1.96,0.26
1717,0.00018537599999999998,1.86,0.28
1718,0.000185408,1.78,0.3
1719,0.00018543999999999999,1.7,0.32
1720,0.000185472,1.62,0.34
1721,0.000185504,1.54,0.34
1722,0.00018553599999999998,1.48,0.36
1723,0.000185568,1.42,0.36
1724,0.00018559999999999998,1.36,0.4
1725,0.000185632,1.32,0.4
1726,0.000185664,1.26,0.4
1727,0.000185696,1.22,0.44
1728,0.000185728,1.18,0.44
1729,0.00018575999999999998,1.16,0.46
1730,0.000185792,1.12,0.48
1731,0.000185824,1.08,0.5
1732,0.00018585599999999998,1.04,0.5
1733,0.000185888,1.02,0.5
1734,0.00018591999999999998,0.98,0.54
1735,0.000185952,0.98,0.56
1736,0.000185984,0.96,0.56
1737,0.000186016,0.92,0.58
1738,0.000186048,0.92,0.6
1739,0.00018607999999999998,0.9,0.62
1740,0.000186112,0.88,0.62
1741,0.00018614399999999999,0.88,0.64
1742,0.00018617599999999997,0.86,0.66
1743,0.000186208,0.86,0.68
1744,0.00018624,0.84,0.68
1745,0.000186272,0.84,0.7000000000000001
1746,0.00018630399999999998,0.84,0.72
1747,0.000186336,0.84,0.74
1748,0.000186368,0.8200000000000001,0.76
1749,0.00018639999999999998,0.8200000000000001,0.76
1750,0.000186432,0.8200000000000001,0.78
1751,0.00018646399999999998,0.8200000000000001,0.8
1752,0.000186496,0.8200000000000001,0.8200000000000001
1753,0.000186528,0.8200000000000001,0.84
1754,0.00018656,0.84,0.84
1755,0.000186592,0.84,0.88
1756,0.00018662399999999998,0.84,0.88
1757,0.000186656,0.84,0.9
1758,0.00018668799999999999,0.84,0.9
1759,0.00018671999999999997,0.84,0.92
1760,0.000186752,0.86,0.9400000000000001
1761,0.000186784,0.86,0.96
1762,0.000186816,0.86,0.96
1763,0.00018684799999999998,0.88,1.0
1764,0.00018688,0.88,1.0
1765,0.000186912,0.88,1.02
1766,0.00018694399999999998,0.9,1.02
1767,0.000186976,0.9,1.06
1768,0.00018700799999999998,0.92,1.06
1769,0.00018704,0.9,1.08
1770,0.000187072,0.92,1.1
1771,0.000187104,0.9400000000000001,1.12
1772,0.000187136,0.9400000000000001,1.12
1773,0.00018716799999999998,0.96,1.1400000000000001
1774,0.0001872,0.98,1.16
1775,0.00018723199999999999,0.98,1.18
1776,0.00018726399999999997,1.0,1.18
1777,0.000187296,0.98,1.2
1778,0.000187328,1.02,1.24
1779,0.00018736,1.02,1.24
1780,0.00018739199999999998,1.04,1.26
1781,0.000187424,1.06,1.28
1782,0.000187456,1.06,1.3
1783,0.00018748799999999998,1.08,1.3
1784,0.00018752,1.08,1.32
1785,0.00018755199999999998,1.1,1.34
1786,0.000187584,1.1,1.36
1787,0.000187616,1.12,1.3800000000000001
1788,0.000187648,1.1400000000000001,1.3800000000000001
1789,0.00018768,1.1400000000000001,1.4000000000000001
1790,0.00018771199999999998,1.1400000000000001,1.42
1791,0.000187744,1.18,1.44
1792,0.00018777599999999999,1.18,1.44
1793,0.00018780799999999997,1.2,1.46
1794,0.00018784,1.2,1.46
1795,0.000187872,1.22,1.5
1796,0.000187904,1.24,1.52
1797,0.00018793599999999998,1.26,1.54
1798,0.000187968,1.26,1.52
1799,0.000188,1.28,1.56
1800,0.00018803199999999998,1.3,1.56
1801,0.000188064,1.3,1.58
1802,0.00018809599999999998,1.32,1.6
1803,0.000188128,1.34,1.62
1804,0.00018816,1.34,1.6400000000000001
1805,0.000188192,1.36,1.6600000000000001
1806,0.000188224,1.3800000000000001,1.6600000000000001
1807,0.00018825599999999998,1.4000000000000001,1.68
1808,0.000188288,1.4000000000000001,1.7
1809,0.00018831999999999999,1.42,1.72
1810,0.00018835199999999997,1.42,1.72
1811,0.000188384,1.44,1.74
1812,0.000188416,1.44,1.74
1813,0.000188448,1.46,1.76
1814,0.00018847999999999998,1.5,1.8
1815,0.000188512,1.5,1.8
1816,0.000188544,1.52,1.82
1817,0.00018857599999999998,1.54,1.84
1818,0.000188608,1.54,1.86
1819,0.00018863999999999998,1.56,1.8800000000000001
1820,0.000188672,1.58,1.8800000000000001
1821,0.000188704,1.58,1.92
1822,0.000188736,1.58,1.92
1823,0.000188768,1.6,1.92
1824,0.00018879999999999998,1.62,1.96
1825,0.000188832,1.6400000000000001,1.98
1826,0.00018886399999999999,1.6600000000000001,1.98
1827,0.00018889599999999997,1.68,2.0
1828,0.000188928,1.68,2.02
1829,0.00018896,1.7,2.04
1830,0.000188992,1.72,2.06
1831,0.00018902399999999998,1.72,2.06
1832,0.000189056,1.74,2.06
1833,0.000189088,1.76,2.1
1834,0.00018911999999999998,1.78,2.12
1835,0.000189152,1.8,2.14
1836,0.00018918399999999998,1.8,2.14
1837,0.000189216,1.82,2.14
1838,0.000189248,1.84,2.18
1839,0.00018928,1.84,2.2
1840,0.000189312,1.86,2.22
1841,0.00018934399999999998,1.8800000000000001,2.22
1842,0.000189376,1.9000000000000001,2.24
1843,0.00018940799999999999,1.92,2.2600000000000002
1844,0.00018943999999999998,1.92,2.2600000000000002
1845,0.000189472,1.94,2.2800000000000002
1846,0.000189504,1.94,2.3000000000000003
1847,0.000189536,1.96,2.32
1848,0.00018956799999999998,1.98,2.34
1849,0.0001896,2.0,2.36
1850,0.000189632,2.02,2.38
1851,0.00018966399999999998,2.02,2.38
1852,0.000189696,2.04,2.4
1853,0.00018972799999999998,2.06,2.4
1854,0.00018976,2.08,2.42
1855,0.000189792,2.08,2.44
1856,0.000189824,2.08,2.46
1857,0.000189856,2.1,2.48
1858,0.00018988799999999998,2.14,2.48
1859,0.00018992,2.12,2.5
1860,0.000189952,2.16,2.52
1861,0.00018998399999999998,2.18,2.54
1862,0.000190016,2.2,2.54
1863,0.000190048,2.2,2.56
1864,0.00019008,2.22,2.58
1865,0.00019011199999999998,2.24,2.6
1866,0.000190144,2.24,2.62
1867,0.000190176,2.2600000000000002,2.62
1868,0.00019020799999999998,2.2800000000000002,2.64
1869,0.00019024,2.2800000000000002,2.68
1870,0.00019027199999999998,2.3000000000000003,2.66
1871,0.000190304,2.32,2.7
1872,0.000190336,2.34,2.7
1873,0.000190368,2.34,2.72
1874,0.0001904,2.36,2.74
1875,0.00019043199999999998,2.38,2.7600000000000002
1876,0.000190464,2.4,2.7800000000000002
1877,0.000190496,2.42,2.7800000000000002
1878,0.00019052799999999998,2.42,2.8000000000000003
1879,0.00019056,2.42,2.82
1880,0.000190592,2.46,2.82
1881,0.000190624,2.46,2.84
1882,0.00019065599999999999,2.48,2.88
1883,0.000190688,2.5,2.86
1884,0.00019072,2.5,2.9
1885,0.00019075199999999998,2.52,2.9
1886,0.000190784,2.52,2.92
1887,0.00019081599999999998,2.54,2.94
1888,0.000190848,2.58,2.94
1889,0.00019088,2.58,2.96
1890,0.000190912,2.6,2.98
1891,0.000190944,2.62,3.0
1892,0.00019097599999999998,2.62,3.02
1893,0.000191008,2.64,3.04
1894,0.00019104,2.64,3.04
1895,0.00019107199999999998,2.66,3.06
1896,0.000191104,2.68,3.08
1897,0.000191136,2.7,3.1
1898,0.000191168,2.7,3.12
1899,0.00019119999999999999,2.74,3.14
1900,0.000191232,2.74,3.14
1901,0.000191264,2.7600000000000002,3.16
1902,0.00019129599999999998,2.7600000000000002,3.18
1903,0.000191328,2.7800000000000002,3.2
1904,0.00019135999999999998,2.8000000000000003,3.2
1905,0.000191392,2.82,3.24
1906,0.000191424,2.84,3.24
1907,0.000191456,2.84,3.2600000000000002
1908,0.000191488,2.86,3.2800000000000002
1909,0.00019151999999999998,2.88,3.3000000000000003
1910,0.000191552,2.88,3.3000000000000003
1911,0.000191584,2.9,3.34
1912,0.00019161599999999998,2.92,3.34
1913,0.000191648,2.94,3.36
1914,0.00019168,2.96,3.36
1915,0.000191712,2.96,3.4
1916,0.00019174399999999999,3.0,3.4
1917,0.000191776,3.0,3.42
1918,0.000191808,3.0,3.42
1919,0.00019183999999999998,3.02,3.44
1920,0.000191872,3.04,3.46
1921,0.000191904,3.06,3.48
1922,0.00019193599999999997,3.08,3.5
1923,0.000191968,3.08,3.52
1924,0.000192,3.1,3.52
1925,0.000192032,3.12,3.54
1926,0.00019206399999999998,3.14,3.56
1927,0.000192096,3.14,3.56
1928,0.000192128,3.16,3.6
1929,0.00019215999999999998,3.18,3.6
1930,0.000192192,3.2,3.62
1931,0.000192224,3.2,3.64
1932,0.000192256,3.22,3.66
1933,0.00019228799999999999,3.24,3.68
1934,0.00019232,3.2600000000000002,3.7
1935,0.000192352,3.2600000000000002,3.7
1936,0.00019238399999999998,3.2800000000000002,3.72
1937,0.000192416,3.3000000000000003,3.74
1938,0.00019244799999999998,3.3200000000000003,3.74
1939,0.00019247999999999997,3.34,3.7800000000000002
1940,0.000192512,3.34,3.7800000000000002
1941,0.000192544,3.36,3.8000000000000003
1942,0.000192576,3.38,3.8200000000000003
1943,0.00019260799999999998,3.4,3.84
1944,0.00019264,3.42,3.84
1945,0.000192672,3.42,3.86
1946,0.00019270399999999998,3.44,3.88
1947,0.000192736,3.46,3.9
1948,0.000192768,3.46,3.9
1949,0.0001928,3.48,3.92
1950,0.00019283199999999999,3.5,3.94
1951,0.000192864,3.52,3.96
1952,0.000192896,3.52,3.98
1953,0.00019292799999999998,3.56,3.98
1954,0.00019296,3.56,4.0
1955,0.00019299199999999998,3.56,4.0200000000000005
1956,0.00019302399999999997,3.58,4.04
1957,0.000193056,3.6,4.04
1958,0.000193088,3.62,4.0600000000000005
1959,0.00019312,3.64,4.08
1960,0.00019315199999999998,3.64,4.1
1961,0.000193184,3.66,4.12
1962,0.000193216,3.7,4.14
1963,0.00019324799999999998,3.7,4.14
1964,0.00019328,3.7,4.18
1965,0.000193312,3.72,4.18
1966,0.000193344,3.74,4.2
1967,0.00019337599999999999,3.7600000000000002,4.2
1968,0.000193408,3.7600000000000002,4.22
1969,0.00019344,3.8000000000000003,4.24
1970,0.00019347199999999998,3.8000000000000003,4.26
1971,0.000193504,3.8200000000000003,4.28
1972,0.00019353599999999998,3.8200000000000003,4.28
1973,0.00019356799999999997,3.84,4.3
1974,0.0001936,3.86,4.32
1975,0.000193632,3.88,4.34
1976,0.000193664,3.88,4.34
1977,0.00019369599999999998,3.9,4.36
1978,0.000193728,3.92,4.38
1979,0.00019376,3.92,4.4
1980,0.00019379199999999998,3.94,4.42
1981,0.000193824,3.96,4.44
1982,0.000193856,3.98,4.44
1983,0.000193888,4.0,4.46
1984,0.00019392,4.0200000000000005,4.5
1985,0.000193952,4.04,4.5
1986,0.000193984,4.0600000000000005,4.5200000000000005
1987,0.00019401599999999998,4.0600000000000005,4.5200000000000005
1988,0.000194048,4.08,4.54
1989,0.00019407999999999998,4.08,4.5600000000000005
1990,0.00019411199999999997,4.1,4.58
1991,0.000194144,4.12,4.6000000000000005
1992,0.000194176,4.14,4.6000000000000005
1993,0.000194208,4.14,4.62
1994,0.00019423999999999998,4.18,4.64
1995,0.000194272,4.18,4.66
1996,0.000194304,4.18,4.66
1997,0.00019433599999999998,4.2,4.68
1998,0.000194368,4.22,4.7
1999,0.0001944,4.24,4.72
