,time,v1,v2
0,-0.0006376,0.42,0.44
1,-0.0006368,0.42,0.46
2,-0.000636,0.44,0.48
3,-0.0006352,0.44,0.48
4,-0.0006344,0.46,0.5
5,-0.0006336,0.48,0.52
6,-0.0006328,0.5,0.52
7,-0.000632,0.5,0.54
8,-0.0006312,0.52,0.56
9,-0.0006304,0.54,0.58
10,-0.0006296,0.56,0.58
11,-0.0006288,0.56,0.6
12,-0.000628,0.58,0.62
13,-0.0006272,0.58,0.62
14,-0.0006264,0.62,0.62
15,-0.0006256,0.62,0.66
16,-0.0006248,0.64,0.68
17,-0.000624,0.64,0.68
18,-0.0006232,0.66,0.7000000000000001
19,-0.0006224,0.68,0.7000000000000001
20,-0.0006216,0.68,0.74
21,-0.0006208,0.7000000000000001,0.74
22,-0.00062,0.72,0.76
23,-0.0006192,0.72,0.76
24,-0.0006184,0.74,0.8
25,-0.0006176,0.76,0.8
26,-0.0006168,0.78,0.8200000000000001
27,-0.000616,0.78,0.8200000000000001
28,-0.0006152,0.78,0.86
29,-0.0006144,0.8200000000000001,0.86
30,-0.0006136,0.8200000000000001,0.88
31,-0.0006128,0.8200000000000001,0.9
32,-0.000612,0.86,0.9
33,-0.0006112,0.88,0.92
34,-0.0006104,0.88,0.9400000000000001
35,-0.0006096,0.9,0.96
36,-0.0006087999999999999,0.92,0.96
37,-0.000608,0.9400000000000001,0.98
38,-0.0006072,0.9400000000000001,1.0
39,-0.0006064,0.96,1.02
40,-0.0006056,0.96,1.02
41,-0.0006048,0.98,1.04
42,-0.000604,1.0,1.06
43,-0.0006032,1.02,1.08
44,-0.0006024,1.04,1.08
45,-0.0006016,1.06,1.1
46,-0.0006008,1.06,1.1
47,-0.0006,1.06,1.1400000000000001
48,-0.0005992,1.1,1.1400000000000001
49,-0.0005984,1.1,1.1400000000000001
50,-0.0005976,1.12,1.18
51,-0.0005968,1.12,1.18
52,-0.000596,1.1400000000000001,1.2
53,-0.0005951999999999999,1.16,1.2
54,-0.0005944,1.18,1.24
55,-0.0005936,1.18,1.26
56,-0.0005928,1.2,1.26
57,-0.000592,1.22,1.28
58,-0.0005912,1.22,1.3
59,-0.0005904,1.24,1.3
60,-0.0005896,1.26,1.32
61,-0.0005888,1.28,1.34
62,-0.000588,1.28,1.36
63,-0.0005872,1.3,1.36
64,-0.0005863999999999999,1.3,1.3800000000000001
65,-0.0005856,1.32,1.4000000000000001
66,-0.0005848,1.34,1.4000000000000001
67,-0.000584,1.36,1.44
68,-0.0005832,1.36,1.44
69,-0.0005824,1.3800000000000001,1.44
70,-0.0005816,1.4000000000000001,1.46
71,-0.0005808,1.42,1.48
72,-0.00058,1.42,1.5
73,-0.0005792,1.44,1.52
74,-0.0005784,1.46,1.52
75,-0.0005775999999999999,1.46,1.54
76,-0.0005768,1.48,1.56
77,-0.000576,1.5,1.58
78,-0.0005752,1.52,1.58
79,-0.0005744,1.54,1.6
80,-0.0005736,1.54,1.62
81,-0.0005728,1.56,1.6400000000000001
82,-0.000572,1.56,1.6400000000000001
83,-0.0005712,1.58,1.6400000000000001
84,-0.0005704,1.6,1.68
85,-0.0005696,1.6,1.68
86,-0.0005688,1.62,1.7
87,-0.000568,1.6400000000000001,1.72
88,-0.0005672,1.6400000000000001,1.74
89,-0.0005664,1.6600000000000001,1.74
90,-0.0005656,1.68,1.76
91,-0.0005648,1.68,1.78
92,-0.000564,1.7,1.78
93,-0.0005632,1.72,1.8
94,-0.0005624,1.74,1.82
95,-0.0005616,1.76,1.84
96,-0.0005608,1.76,1.86
97,-0.00056,1.78,1.86
98,-0.0005592,1.8,1.8800000000000001
99,-0.0005584,1.8,1.8800000000000001
100,-0.0005576,1.82,1.92
101,-0.0005568,1.84,1.92
102,-0.000556,1.86,1.94
103,-0.0005552,1.86,1.96
104,-0.0005544,1.8800000000000001,1.96
105,-0.0005536,1.9000000000000001,1.98
106,-0.0005528,1.92,2.0
107,-0.000552,1.92,2.02
108,-0.0005512,1.94,2.02
109,-0.0005504,1.96,2.04
110,-0.0005496,1.96,2.06
111,-0.0005488,1.96,2.08
112,-0.000548,2.0,2.1
113,-0.0005472,2.0,2.1
114,-0.0005464,2.0,2.1
115,-0.0005456,2.04,2.14
116,-0.0005448,2.06,2.16
117,-0.000544,2.06,2.18
118,-0.0005432,2.08,2.18
119,-0.0005424,2.08,2.2
120,-0.0005415999999999999,2.1,2.22
121,-0.0005408,2.12,2.22
122,-0.00054,2.14,2.24
123,-0.0005392,2.16,2.24
124,-0.0005384,2.16,2.2600000000000002
125,-0.0005376000000000001,2.16,2.2800000000000002
126,-0.0005368,2.18,2.2800000000000002
127,-0.000536,2.2,2.3000000000000003
128,-0.0005352,2.22,2.32
129,-0.0005344,2.24,2.34
130,-0.0005336,2.24,2.36
131,-0.0005327999999999999,2.24,2.38
132,-0.000532,2.2800000000000002,2.38
133,-0.0005312,2.3000000000000003,2.4
134,-0.0005304,2.3000000000000003,2.4
135,-0.0005296,2.32,2.44
136,-0.0005288000000000001,2.34,2.46
137,-0.000528,2.34,2.46
138,-0.0005272,2.36,2.48
139,-0.0005264,2.36,2.5
140,-0.0005256,2.38,2.5
141,-0.0005248,2.4,2.52
142,-0.0005239999999999999,2.42,2.52
143,-0.0005232,2.42,2.54
144,-0.0005224,2.44,2.56
145,-0.0005216,2.44,2.56
146,-0.0005208,2.48,2.58
147,-0.00052,2.48,2.6
148,-0.0005192,2.5,2.62
149,-0.0005184,2.5,2.64
150,-0.0005176,2.52,2.64
151,-0.0005168,2.52,2.66
152,-0.000516,2.54,2.68
153,-0.0005152,2.56,2.68
154,-0.0005144,2.56,2.7
155,-0.0005136,2.58,2.74
156,-0.0005128,2.6,2.74
157,-0.000512,2.62,2.74
158,-0.0005112000000000001,2.62,2.7600000000000002
159,-0.0005104,2.64,2.7800000000000002
160,-0.0005096,2.66,2.7800000000000002
161,-0.0005088,2.66,2.8000000000000003
162,-0.000508,2.7,2.82
163,-0.0005072,2.7,2.82
164,-0.0005064,2.7,2.86
165,-0.0005056,2.74,2.86
166,-0.0005048,2.74,2.88
167,-0.000504,2.7600000000000002,2.9
168,-0.0005032,2.7600000000000002,2.9
169,-0.0005024,2.7800000000000002,2.92
170,-0.0005016,2.8000000000000003,2.96
171,-0.0005008,2.82,2.94
172,-0.0005,2.82,2.96
173,-0.0004992,2.86,2.98
174,-0.0004984,2.86,3.0
175,-0.0004976,2.88,3.02
176,-0.0004967999999999999,2.88,3.04
177,-0.000496,2.9,3.04
178,-0.0004952,2.9,3.06
179,-0.0004944,2.92,3.06
180,-0.0004936,2.94,3.08
181,-0.0004928,2.96,3.1
182,-0.000492,2.96,3.12
183,-0.0004912,2.98,3.14
184,-0.0004904,3.0,3.14
185,-0.0004896,3.0,3.16
186,-0.0004888,3.02,3.18
187,-0.000488,3.04,3.2
188,-0.0004872,3.06,3.22
189,-0.0004864,3.06,3.22
190,-0.0004856,3.08,3.24
191,-0.00048479999999999997,3.1,3.2600000000000002
192,-0.000484,3.12,3.2800000000000002
193,-0.00048320000000000004,3.12,3.2800000000000002
194,-0.0004824,3.14,3.3000000000000003
195,-0.0004816,3.16,3.3200000000000003
196,-0.0004808,3.18,3.3200000000000003
197,-0.00048,3.18,3.34
198,-0.0004792,3.22,3.36
199,-0.00047840000000000003,3.22,3.38
200,-0.0004776,3.22,3.38
201,-0.0004768,3.24,3.4
202,-0.00047599999999999997,3.2600000000000002,3.42
203,-0.0004752,3.2800000000000002,3.44
204,-0.00047440000000000004,3.2800000000000002,3.44
205,-0.0004736,3.3000000000000003,3.46
206,-0.0004728,3.3200000000000003,3.48
207,-0.000472,3.3200000000000003,3.48
208,-0.0004712,3.34,3.5
209,-0.0004704,3.36,3.52
210,-0.00046960000000000003,3.38,3.54
211,-0.0004688,3.38,3.56
212,-0.000468,3.4,3.56
213,-0.00046719999999999997,3.42,3.58
214,-0.0004664,3.42,3.6
215,-0.00046560000000000004,3.44,3.62
216,-0.0004648,3.46,3.62
217,-0.000464,3.48,3.64
218,-0.0004632,3.48,3.66
219,-0.00046239999999999996,3.5,3.68
220,-0.0004616,3.52,3.7
221,-0.00046080000000000003,3.54,3.7
222,-0.00046,3.56,3.72
223,-0.0004592,3.56,3.74
224,-0.0004584,3.56,3.7600000000000002
225,-0.0004576,3.6,3.7600000000000002
226,-0.0004568,3.6,3.7800000000000002
227,-0.000456,3.62,3.8000000000000003
228,-0.0004552,3.62,3.8200000000000003
229,-0.0004544,3.64,3.84
230,-0.00045359999999999997,3.66,3.84
231,-0.0004528,3.68,3.84
232,-0.00045200000000000004,3.68,3.86
233,-0.0004512,3.7,3.88
234,-0.0004504,3.72,3.92
235,-0.0004496,3.74,3.9
236,-0.0004488,3.74,3.92
237,-0.000448,3.7600000000000002,3.94
238,-0.00044720000000000003,3.7600000000000002,3.96
239,-0.0004464,3.7800000000000002,3.98
240,-0.0004456,3.8000000000000003,3.98
241,-0.00044479999999999997,3.8200000000000003,4.0
242,-0.000444,3.84,4.0
243,-0.00044320000000000004,3.84,4.04
244,-0.0004424,3.84,4.04
245,-0.0004416,3.86,4.0600000000000005
246,-0.0004408,3.88,4.08
247,-0.00044,3.9,4.08
248,-0.0004392,3.9,4.1
249,-0.00043840000000000003,3.92,4.14
250,-0.0004376,3.94,4.12
251,-0.0004368,3.96,4.14
252,-0.00043599999999999997,3.96,4.16
253,-0.0004352,3.98,4.18
254,-0.00043440000000000004,4.0,4.2
255,-0.0004336,4.0200000000000005,4.2
256,-0.0004328,4.0200000000000005,4.22
257,-0.000432,4.04,4.24
258,-0.00043119999999999996,4.0600000000000005,4.26
259,-0.0004304,4.0600000000000005,4.26
260,-0.00042960000000000003,4.08,4.28
261,-0.0004288,4.1,4.3
262,-0.000428,4.1,4.32
263,-0.0004272,4.12,4.32
264,-0.0004264,4.14,4.34
265,-0.0004256,4.14,4.34
266,-0.0004248,4.16,4.36
267,-0.000424,4.18,4.38
268,-0.0004232,4.2,4.4
269,-0.00042239999999999997,4.2,4.4
270,-0.0004216,4.22,4.42
271,-0.00042080000000000004,4.24,4.44
272,-0.00042,4.24,4.46
273,-0.0004192,4.28,4.48
274,-0.0004184,4.28,4.48
275,-0.0004176,4.3,4.5
276,-0.0004168,4.3,4.5200000000000005
277,-0.00041600000000000003,4.32,4.54
278,-0.0004152,4.34,4.54
279,-0.0004144,4.34,4.5600000000000005
280,-0.00041359999999999997,4.36,4.58
281,-0.0004128,4.38,4.6000000000000005
282,-0.00041200000000000004,4.4,4.6000000000000005
283,-0.0004112,4.42,4.62
284,-0.0004104,4.42,4.64
285,-0.0004096,4.44,4.64
286,-0.0004088,4.44,4.66
287,-0.000408,4.46,4.68
288,-0.00040720000000000003,4.48,4.68
289,-0.0004064,4.5,4.7
290,-0.0004056,4.5,4.74
291,-0.0004048,4.5200000000000005,4.74
292,-0.000404,4.54,4.76
293,-0.00040320000000000004,4.5600000000000005,4.76
294,-0.0004024,4.5600000000000005,4.78
295,-0.0004016,4.58,4.82
296,-0.0004008,4.6000000000000005,4.82
297,-0.00039999999999999996,4.62,4.84
298,-0.0003992,4.62,4.84
299,-0.00039840000000000003,4.64,4.86
300,-0.0003976,4.66,4.88
301,-0.0003968,4.68,4.88
302,-0.000396,4.68,4.9
303,-0.0003952,4.7,4.92
304,-0.0003944,4.72,4.94
305,-0.0003936,4.72,4.94
306,-0.0003928,4.74,4.96
307,-0.000392,2.02,0.06
308,-0.0003912,0.58,0.06
309,-0.0003904,0.24,0.08
310,-0.0003896,0.14,0.08
311,-0.0003888,0.12,0.1
312,-0.000388,0.12,0.1
313,-0.0003872,0.14,0.14
314,-0.0003864,0.14,0.16
315,-0.0003856,0.16,0.16
316,-0.00038480000000000003,0.18,0.18
317,-0.000384,0.18,0.18
318,-0.0003832,0.2,0.2
319,-0.0003824,0.2,0.22
320,-0.0003816,0.22,0.24
321,-0.0003808,0.22,0.24
322,-0.00038,0.24,0.26
323,-0.0003792,0.24,0.28
324,-0.0003784,0.26,0.28
325,-0.0003776,0.28,0.3
326,-0.0003768,0.28,0.3
327,-0.00037600000000000003,0.3,0.32
328,-0.0003752,0.32,0.34
329,-0.0003744,0.32,0.34
330,-0.00037360000000000003,0.34,0.36
331,-0.0003728,0.36,0.38
332,-0.000372,0.36,0.4
333,-0.0003712,0.38,0.4
334,-0.0003704,0.4,0.42
335,-0.0003696,0.4,0.44
336,-0.0003688,0.42,0.44
337,-0.000368,0.44,0.46
338,-0.0003672,0.44,0.48
339,-0.0003664,0.46,0.5
340,-0.0003656,0.48,0.5
341,-0.00036480000000000003,0.48,0.52
342,-0.000364,0.5,0.52
343,-0.0003632,0.52,0.54
344,-0.0003624,0.52,0.56
345,-0.0003616,0.54,0.58
346,-0.0003608,0.56,0.6
347,-0.00036,0.58,0.6
348,-0.0003592,0.6,0.62
349,-0.0003584,0.6,0.64
350,-0.0003576,0.62,0.64
351,-0.0003568,0.62,0.66
352,-0.000356,0.64,0.68
353,-0.0003552,0.66,0.7000000000000001
354,-0.0003544,0.66,0.7000000000000001
355,-0.00035360000000000003,0.68,0.72
356,-0.0003528,0.7000000000000001,0.74
357,-0.000352,0.72,0.76
358,-0.0003512,0.72,0.76
359,-0.0003504,0.74,0.78
360,-0.0003496,0.76,0.8
361,-0.0003488,0.78,0.8200000000000001
362,-0.000348,0.8,0.8200000000000001
363,-0.0003472,0.8,0.84
364,-0.0003464,0.8200000000000001,0.86
365,-0.0003456,0.8200000000000001,0.86
366,-0.00034480000000000003,0.84,0.88
367,-0.000344,0.86,0.9
368,-0.0003432,0.88,0.92
369,-0.00034240000000000003,0.88,0.92
370,-0.0003416,0.9,0.9400000000000001
371,-0.0003408,0.9,0.96
372,-0.00034,0.92,0.96
373,-0.0003392,0.9400000000000001,1.0
374,-0.0003384,0.9400000000000001,1.0
375,-0.0003376,0.98,1.02
376,-0.0003368,0.98,1.04
377,-0.000336,1.0,1.06
378,-0.0003352,1.02,1.06
379,-0.0003344,1.02,1.08
380,-0.00033360000000000003,1.02,1.08
381,-0.0003328,1.06,1.1
382,-0.000332,1.08,1.12
383,-0.00033120000000000003,1.08,1.1400000000000001
384,-0.0003304,1.1,1.1400000000000001
385,-0.0003296,1.1,1.16
386,-0.0003288,1.12,1.18
387,-0.000328,1.1400000000000001,1.2
388,-0.0003272,1.16,1.22
389,-0.0003264,1.16,1.24
390,-0.0003256,1.18,1.24
391,-0.00032480000000000003,1.2,1.26
392,-0.000324,1.2,1.28
393,-0.0003232,1.22,1.3
394,-0.00032240000000000003,1.24,1.3
395,-0.0003216,1.26,1.32
396,-0.0003208,1.26,1.34
397,-0.00032,1.28,1.36
398,-0.0003192,1.3,1.36
399,-0.0003184,1.32,1.3800000000000001
400,-0.0003176,1.32,1.4000000000000001
401,-0.0003168,1.32,1.42
402,-0.000316,1.36,1.42
403,-0.0003152,1.36,1.44
404,-0.0003144,1.3800000000000001,1.46
405,-0.00031360000000000003,1.3800000000000001,1.46
406,-0.0003128,1.4000000000000001,1.48
407,-0.000312,1.42,1.5
408,-0.00031120000000000003,1.44,1.5
409,-0.0003104,1.44,1.5
410,-0.0003096,1.46,1.54
411,-0.0003088,1.48,1.56
412,-0.000308,1.48,1.58
413,-0.0003072,1.5,1.58
414,-0.0003064,1.52,1.6
415,-0.0003056,1.54,1.6
416,-0.00030480000000000004,1.54,1.62
417,-0.000304,1.56,1.6400000000000001
418,-0.0003032,1.56,1.6600000000000001
419,-0.00030240000000000003,1.58,1.68
420,-0.0003016,1.6,1.68
421,-0.0003008,1.62,1.7
422,-0.00030000000000000003,1.6400000000000001,1.72
423,-0.0002992,1.6400000000000001,1.74
424,-0.0002984,1.6600000000000001,1.74
425,-0.0002976,1.68,1.76
426,-0.0002968,1.68,1.78
427,-0.000296,1.7,1.8
428,-0.0002952,1.72,1.78
429,-0.0002944,1.74,1.82
430,-0.00029360000000000003,1.74,1.84
431,-0.0002928,1.76,1.84
432,-0.000292,1.78,1.86
433,-0.00029120000000000003,1.78,1.8800000000000001
434,-0.0002904,1.78,1.9000000000000001
435,-0.0002896,1.82,1.92
436,-0.0002888,1.82,1.92
437,-0.000288,1.84,1.92
438,-0.0002872,1.86,1.96
439,-0.0002864,1.8800000000000001,1.96
440,-0.0002856,1.8800000000000001,1.98
441,-0.0002848,1.9000000000000001,2.0
442,-0.000284,1.92,2.0
443,-0.0002832,1.94,2.02
444,-0.00028240000000000003,1.94,2.04
445,-0.0002816,1.96,2.06
446,-0.0002808,1.96,2.06
447,-0.00028000000000000003,1.98,2.08
448,-0.0002792,2.0,2.1
449,-0.0002784,2.02,2.12
450,-0.0002776,2.02,2.14
451,-0.0002768,2.04,2.14
452,-0.000276,2.04,2.16
453,-0.0002752,2.08,2.18
454,-0.0002744,2.08,2.2
455,-0.00027360000000000004,2.1,2.2
456,-0.0002728,2.12,2.22
457,-0.000272,2.12,2.24
458,-0.00027120000000000003,2.14,2.2600000000000002
459,-0.0002704,2.16,2.2600000000000002
460,-0.0002696,2.16,2.2800000000000002
461,-0.00026880000000000003,2.18,2.3000000000000003
462,-0.000268,2.2,2.3000000000000003
463,-0.0002672,2.22,2.32
464,-0.0002664,2.24,2.34
465,-0.0002656,2.24,2.34
466,-0.0002648,2.2600000000000002,2.38
467,-0.000264,2.2800000000000002,2.38
468,-0.0002632,2.2800000000000002,2.4
469,-0.00026240000000000004,2.3000000000000003,2.42
470,-0.0002616,2.32,2.42
471,-0.0002608,2.32,2.44
472,-0.00026000000000000003,2.34,2.46
473,-0.0002592,2.34,2.46
474,-0.0002584,2.36,2.48
475,-0.00025760000000000003,2.38,2.5
476,-0.0002568,2.4,2.5
477,-0.000256,2.42,2.54
478,-0.0002552,2.42,2.54
479,-0.0002544,2.44,2.56
480,-0.0002536,2.46,2.58
481,-0.0002528,2.46,2.58
482,-0.000252,2.48,2.6
483,-0.00025120000000000003,2.48,2.6
484,-0.0002504,2.5,2.62
485,-0.0002496,2.52,2.66
486,-0.00024880000000000003,2.52,2.66
487,-0.000248,2.54,2.66
488,-0.0002472,2.56,2.68
489,-0.0002464,2.56,2.7
490,-0.0002456,2.58,2.72
491,-0.0002448,2.58,2.72
492,-0.00024400000000000002,2.6,2.74
493,-0.0002432,2.62,2.7600000000000002
494,-0.00024240000000000004,2.62,2.7800000000000002
495,-0.00024160000000000002,2.66,2.7800000000000002
496,-0.0002408,2.66,2.8000000000000003
497,-0.00024000000000000003,2.68,2.82
498,-0.00023920000000000001,2.68,2.82
499,-0.0002384,2.72,2.84
500,-0.00023760000000000003,2.74,2.86
501,-0.0002368,2.74,2.86
502,-0.000236,2.74,2.9
503,-0.00023520000000000002,2.7600000000000002,2.9
504,-0.0002344,2.7800000000000002,2.92
505,-0.00023359999999999999,2.8000000000000003,2.92
506,-0.00023280000000000002,2.8000000000000003,2.96
507,-0.000232,2.84,2.96
508,-0.00023120000000000004,2.84,2.98
509,-0.00023040000000000002,2.86,3.0
510,-0.0002296,2.88,3.0
511,-0.00022880000000000003,2.88,3.02
512,-0.000228,2.9,3.04
513,-0.0002272,2.9,3.04
514,-0.00022640000000000003,2.92,3.08
515,-0.0002256,2.94,3.08
516,-0.0002248,2.94,3.1
517,-0.00022400000000000002,2.96,3.12
518,-0.0002232,2.98,3.14
519,-0.00022240000000000004,3.0,3.14
520,-0.00022160000000000002,3.0,3.16
521,-0.0002208,3.04,3.18
522,-0.00022000000000000003,3.04,3.2
523,-0.00021920000000000002,3.04,3.2
524,-0.0002184,3.06,3.22
525,-0.00021760000000000003,3.08,3.22
526,-0.0002168,3.1,3.2600000000000002
527,-0.000216,3.12,3.2600000000000002
528,-0.00021520000000000003,3.12,3.2800000000000002
529,-0.0002144,3.14,3.2800000000000002
530,-0.0002136,3.16,3.3000000000000003
531,-0.00021280000000000002,3.16,3.3200000000000003
532,-0.000212,3.18,3.36
533,-0.00021120000000000004,3.2,3.34
534,-0.00021040000000000002,3.22,3.36
535,-0.0002096,3.22,3.38
536,-0.00020880000000000003,3.24,3.4
537,-0.00020800000000000001,3.2600000000000002,3.42
538,-0.0002072,3.2600000000000002,3.44
539,-0.00020640000000000003,3.2800000000000002,3.44
540,-0.0002056,3.3000000000000003,3.46
541,-0.0002048,3.3200000000000003,3.46
542,-0.00020400000000000003,3.34,3.48
543,-0.0002032,3.36,3.5
544,-0.00020240000000000004,3.36,3.52
545,-0.00020160000000000002,3.38,3.54
546,-0.0002008,3.38,3.54
547,-0.00020000000000000004,3.4,3.56
548,-0.00019920000000000002,3.42,3.58
549,-0.0001984,3.42,3.6
550,-0.00019760000000000003,3.44,3.6
551,-0.0001968,3.46,3.62
552,-0.000196,3.46,3.64
553,-0.00019520000000000003,3.48,3.66
554,-0.0001944,3.5,3.66
555,-0.0001936,3.52,3.68
556,-0.00019280000000000002,3.54,3.7
557,-0.000192,3.54,3.7
558,-0.00019120000000000004,3.54,3.74
559,-0.00019040000000000002,3.56,3.74
560,-0.0001896,3.58,3.7600000000000002
561,-0.00018880000000000004,3.6,3.7800000000000002
562,-0.00018800000000000002,3.6,3.8000000000000003
563,-0.0001872,3.62,3.8000000000000003
564,-0.00018640000000000003,3.64,3.8200000000000003
565,-0.0001856,3.64,3.84
566,-0.0001848,3.66,3.86
567,-0.00018400000000000003,3.68,3.86
568,-0.0001832,3.7,3.86
569,-0.0001824,3.7,3.9
570,-0.00018160000000000002,3.72,3.9
571,-0.0001808,3.74,3.92
572,-0.00018000000000000004,3.7600000000000002,3.94
573,-0.00017920000000000002,3.7600000000000002,3.94
574,-0.0001784,3.7800000000000002,3.96
575,-0.00017760000000000003,3.8000000000000003,3.98
576,-0.00017680000000000001,3.8200000000000003,4.0
577,-0.000176,3.8200000000000003,4.0
578,-0.00017520000000000003,3.84,4.04
579,-0.0001744,3.84,4.0200000000000005
580,-0.0001736,3.86,4.0600000000000005
581,-0.00017280000000000003,3.88,4.0600000000000005
582,-0.000172,3.9,4.08
583,-0.00017120000000000004,3.9,4.1
584,-0.00017040000000000002,3.92,4.1
585,-0.0001696,3.94,4.12
586,-0.00016880000000000004,3.94,4.14
587,-0.00016800000000000002,3.96,4.16
588,-0.0001672,3.98,4.18
589,-0.00016640000000000003,4.0,4.18
590,-0.00016560000000000001,4.0200000000000005,4.22
591,-0.0001648,4.04,4.2
592,-0.00016400000000000003,4.04,4.24
593,-0.0001632,4.0600000000000005,4.24
594,-0.0001624,4.0600000000000005,4.26
595,-0.00016160000000000002,4.08,4.28
596,-0.0001608,4.1,4.3
597,-0.00016000000000000004,4.1,4.3
598,-0.00015920000000000002,4.12,4.34
599,-0.0001584,4.14,4.34
600,-0.00015760000000000004,4.14,4.34
601,-0.00015680000000000002,4.16,4.36
602,-0.000156,4.18,4.38
603,-0.00015520000000000003,4.2,4.4
604,-0.0001544,4.2,4.4
605,-0.0001536,4.22,4.44
606,-0.00015280000000000003,4.24,4.44
607,-0.000152,4.26,4.46
608,-0.0001512,4.26,4.46
609,-0.00015040000000000002,4.28,4.48
610,-0.0001496,4.3,4.5
611,-0.00014880000000000004,4.32,4.5200000000000005
612,-0.00014800000000000002,4.32,4.54
613,-0.0001472,4.34,4.54
614,-0.00014639999999999998,4.36,4.5600000000000005
615,-0.00014560000000000007,4.36,4.58
616,-0.00014480000000000005,4.38,4.58
617,-0.00014400000000000003,4.38,4.6000000000000005
618,-0.0001432,4.4,4.62
619,-0.0001424,4.42,4.64
620,-0.00014159999999999997,4.42,4.64
621,-0.00014080000000000006,4.44,4.66
622,-0.00014000000000000004,4.46,4.68
623,-0.00013920000000000002,4.48,4.68
624,-0.0001384,4.5,4.7
625,-0.00013759999999999998,4.5,4.72
626,-0.00013679999999999996,4.5200000000000005,4.74
627,-0.00013600000000000005,4.54,4.74
628,-0.00013520000000000003,4.5600000000000005,4.76
629,-0.00013440000000000001,4.5600000000000005,4.78
630,-0.0001336,4.58,4.8
631,-0.00013279999999999998,4.6000000000000005,4.8
632,-0.00013200000000000006,4.6000000000000005,4.82
633,-0.00013120000000000004,4.62,4.84
634,-0.00013040000000000003,4.62,4.86
635,-0.0001296,4.66,4.88
636,-0.0001288,4.66,4.88
637,-0.00012799999999999997,4.68,4.9
638,-0.00012720000000000006,4.68,4.92
639,-0.00012640000000000004,4.7,4.92
640,-0.00012560000000000002,4.72,4.94
641,-0.0001248,4.74,4.94
642,-0.00012399999999999998,3.54,0.1
643,-0.00012320000000000007,0.92,0.06
644,-0.00012240000000000005,0.32,0.08
645,-0.00012160000000000003,0.16,0.08
646,-0.00012080000000000001,0.12,0.1
647,-0.00011999999999999999,0.12,0.12
648,-0.00011919999999999997,0.14,0.12
649,-0.00011840000000000006,0.14,0.14
650,-0.00011760000000000004,0.14,0.16
651,-0.00011680000000000002,0.16,0.16
652,-0.000116,0.18,0.18
653,-0.00011519999999999998,0.18,0.2
654,-0.00011440000000000007,0.2,0.2
655,-0.00011360000000000005,0.2,0.22
656,-0.00011280000000000003,0.22,0.24
657,-0.00011200000000000001,0.22,0.24
658,-0.00011119999999999999,0.24,0.26
659,-0.00011039999999999997,0.24,0.28
660,-0.00010960000000000006,0.28,0.3
661,-0.00010880000000000004,0.28,0.3
662,-0.00010800000000000002,0.3,0.32
663,-0.0001072,0.32,0.32
664,-0.00010639999999999998,0.32,0.34
665,-0.00010559999999999996,0.32,0.36
666,-0.00010480000000000005,0.34,0.36
667,-0.00010400000000000003,0.36,0.4
668,-0.00010320000000000001,0.38,0.4
669,-0.0001024,0.38,0.42
670,-0.00010159999999999998,0.4,0.42
671,-0.00010080000000000006,0.42,0.44
672,-0.00010000000000000005,0.42,0.46
673,-9.920000000000003e-05,0.44,0.46
674,-9.84e-05,0.46,0.48
675,-9.759999999999999e-05,0.46,0.48
676,-9.679999999999997e-05,0.48,0.52
677,-9.600000000000006e-05,0.5,0.52
678,-9.520000000000004e-05,0.52,0.54
679,-9.440000000000002e-05,0.52,0.56
680,-9.36e-05,0.54,0.56
681,-9.279999999999998e-05,0.54,0.58
682,-9.200000000000007e-05,0.58,0.6
683,-9.120000000000005e-05,0.58,0.62
684,-9.040000000000003e-05,0.6,0.62
685,-8.960000000000001e-05,0.6,0.64
686,-8.879999999999999e-05,0.62,0.66
687,-8.799999999999997e-05,0.62,0.66
688,-8.720000000000006e-05,0.64,0.68
689,-8.640000000000004e-05,0.66,0.7000000000000001
690,-8.560000000000002e-05,0.68,0.72
691,-8.48e-05,0.68,0.74
692,-8.399999999999998e-05,0.7000000000000001,0.74
693,-8.320000000000007e-05,0.72,0.76
694,-8.240000000000005e-05,0.74,0.78
695,-8.160000000000003e-05,0.74,0.8
696,-8.080000000000001e-05,0.76,0.8
697,-7.999999999999999e-05,0.78,0.8200000000000001
698,-7.919999999999997e-05,0.78,0.8200000000000001
699,-7.840000000000006e-05,0.8,0.84
700,-7.760000000000004e-05,0.8200000000000001,0.86
701,-7.680000000000002e-05,0.84,0.88
702,-7.6e-05,0.84,0.9
703,-7.519999999999998e-05,0.86,0.9
704,-7.439999999999997e-05,0.86,0.92
705,-7.360000000000005e-05,0.88,0.9400000000000001
706,-7.280000000000003e-05,0.9,0.9400000000000001
707,-7.200000000000002e-05,0.92,0.98
708,-7.12e-05,0.9400000000000001,0.98
709,-7.039999999999998e-05,0.96,1.0
710,-6.960000000000007e-05,0.96,1.02
711,-6.880000000000005e-05,0.98,1.04
712,-6.800000000000003e-05,0.98,1.04
713,-6.720000000000001e-05,1.0,1.06
714,-6.639999999999999e-05,1.02,1.06
715,-6.559999999999997e-05,1.04,1.1
716,-6.480000000000006e-05,1.06,1.1
717,-6.400000000000004e-05,1.06,1.1
718,-6.320000000000002e-05,1.08,1.12
719,-6.24e-05,1.1,1.16
720,-6.159999999999998e-05,1.1,1.16
721,-6.080000000000007e-05,1.12,1.18
722,-6.000000000000005e-05,1.12,1.2
723,-5.920000000000003e-05,1.1400000000000001,1.22
724,-5.840000000000001e-05,1.16,1.22
725,-5.759999999999999e-05,1.18,1.24
726,-5.679999999999997e-05,1.2,1.26
727,-5.600000000000006e-05,1.2,1.26
728,-5.520000000000004e-05,1.22,1.28
729,-5.440000000000002e-05,1.24,1.3
730,-5.36e-05,1.26,1.32
731,-5.279999999999998e-05,1.26,1.34
732,-5.200000000000007e-05,1.28,1.36
733,-5.120000000000005e-05,1.3,1.36
734,-5.040000000000003e-05,1.3,1.3800000000000001
735,-4.960000000000001e-05,1.32,1.3800000000000001
736,-4.8799999999999994e-05,1.34,1.4000000000000001
737,-4.7999999999999974e-05,1.34,1.42
738,-4.720000000000006e-05,1.34,1.42
739,-4.6400000000000044e-05,1.3800000000000001,1.44
740,-4.5600000000000024e-05,1.3800000000000001,1.46
741,-4.4800000000000005e-05,1.4000000000000001,1.46
742,-4.3999999999999985e-05,1.42,1.5
743,-4.3200000000000074e-05,1.42,1.5
744,-4.2400000000000055e-05,1.42,1.5
745,-4.1600000000000035e-05,1.46,1.54
746,-4.0800000000000016e-05,1.48,1.54
747,-3.9999999999999996e-05,1.48,1.56
748,-3.919999999999998e-05,1.5,1.58
749,-3.8400000000000066e-05,1.52,1.6
750,-3.7600000000000047e-05,1.52,1.62
751,-3.680000000000003e-05,1.54,1.62
752,-3.600000000000001e-05,1.56,1.6400000000000001
753,-3.519999999999999e-05,1.58,1.6600000000000001
754,-3.439999999999997e-05,1.58,1.6600000000000001
755,-3.360000000000006e-05,1.6,1.6600000000000001
756,-3.280000000000004e-05,1.6,1.7
757,-3.200000000000002e-05,1.62,1.7
758,-3.12e-05,1.6400000000000001,1.72
759,-3.039999999999998e-05,1.6600000000000001,1.74
760,-2.960000000000007e-05,1.6600000000000001,1.74
761,-2.880000000000005e-05,1.68,1.78
762,-2.800000000000003e-05,1.7,1.78
763,-2.720000000000001e-05,1.72,1.8
764,-2.639999999999999e-05,1.72,1.8
765,-2.5599999999999972e-05,1.74,1.84
766,-2.480000000000006e-05,1.76,1.84
767,-2.400000000000004e-05,1.76,1.86
768,-2.3200000000000022e-05,1.78,1.8800000000000001
769,-2.2400000000000002e-05,1.8,1.8800000000000001
770,-2.1599999999999983e-05,1.8,1.9000000000000001
771,-2.0800000000000072e-05,1.82,1.92
772,-2.0000000000000052e-05,1.84,1.94
773,-1.9200000000000033e-05,1.84,1.94
774,-1.8400000000000014e-05,1.86,1.96
775,-1.7599999999999994e-05,1.8800000000000001,1.98
776,-1.6799999999999975e-05,1.8800000000000001,1.98
777,-1.6000000000000064e-05,1.92,2.0
778,-1.5200000000000044e-05,1.92,2.02
779,-1.4400000000000025e-05,1.94,2.04
780,-1.3600000000000005e-05,1.96,2.06
781,-1.2799999999999986e-05,1.98,2.06
782,-1.2000000000000075e-05,1.98,2.08
783,-1.1200000000000055e-05,2.0,2.08
784,-1.0400000000000036e-05,2.0,2.1
785,-9.600000000000017e-06,2.02,2.1
786,-8.799999999999997e-06,2.04,2.14
787,-7.999999999999978e-06,2.04,2.16
788,-7.200000000000067e-06,2.06,2.18
789,-6.400000000000047e-06,2.08,2.18
790,-5.600000000000028e-06,2.1,2.2
791,-4.800000000000008e-06,2.1,2.22
792,-3.999999999999989e-06,2.12,2.22
793,-3.1999999999999694e-06,2.14,2.24
794,-2.4000000000000583e-06,2.14,2.2600000000000002
795,-1.6000000000000389e-06,2.16,2.2600000000000002
796,-8.000000000000194e-07,2.18,2.2800000000000002
797,0.0,2.2,2.3000000000000003
798,8.000000000000194e-07,2.2,2.32
799,1.5999999999999305e-06,2.22,2.34
800,2.39999999999995e-06,2.24,2.34
801,3.1999999999999694e-06,2.24,2.36
802,3.999999999999989e-06,2.2600000000000002,2.36
803,4.800000000000008e-06,2.2800000000000002,2.4
804,5.600000000000028e-06,2.3000000000000003,2.4
805,6.399999999999939e-06,2.32,2.42
806,7.199999999999958e-06,2.32,2.42
807,7.999999999999978e-06,2.34,2.46
808,8.799999999999997e-06,2.36,2.46
809,9.600000000000017e-06,2.36,2.48
810,1.0399999999999928e-05,2.36,2.5
811,1.1199999999999947e-05,2.4,2.52
812,1.1999999999999966e-05,2.4,2.52
813,1.2799999999999986e-05,2.4,2.54
814,1.3600000000000005e-05,2.44,2.54
815,1.4400000000000025e-05,2.44,2.56
816,1.5199999999999936e-05,2.44,2.58
817,1.5999999999999955e-05,2.48,2.6
818,1.6799999999999975e-05,2.48,2.6
819,1.7599999999999994e-05,2.5,2.62
820,1.8400000000000014e-05,2.5,2.64
821,1.9199999999999925e-05,2.52,2.66
822,1.9999999999999944e-05,2.54,2.66
823,2.0799999999999963e-05,2.54,2.68
824,2.1599999999999983e-05,2.56,2.7
825,2.2400000000000002e-05,2.58,2.7
826,2.3200000000000022e-05,2.58,2.72
827,2.3999999999999933e-05,2.6,2.74
828,2.4799999999999952e-05,2.62,2.7600000000000002
829,2.5599999999999972e-05,2.62,2.7800000000000002
830,2.639999999999999e-05,2.64,2.8000000000000003
831,2.720000000000001e-05,2.66,2.8000000000000003
832,2.799999999999992e-05,2.68,2.8000000000000003
833,2.879999999999994e-05,2.68,2.84
834,2.959999999999996e-05,2.7,2.84
835,3.039999999999998e-05,2.72,2.86
836,3.12e-05,2.72,2.88
837,3.200000000000002e-05,2.7600000000000002,2.88
838,3.279999999999993e-05,2.7600000000000002,2.9
839,3.359999999999995e-05,2.7800000000000002,2.92
840,3.439999999999997e-05,2.7800000000000002,2.92
841,3.519999999999999e-05,2.8000000000000003,2.94
842,3.600000000000001e-05,2.82,2.96
843,3.680000000000003e-05,2.82,2.98
844,3.759999999999994e-05,2.86,2.98
845,3.839999999999996e-05,2.86,3.0
846,3.919999999999998e-05,2.88,3.04
847,3.9999999999999996e-05,2.88,3.02
848,4.0800000000000016e-05,2.92,3.04
849,4.159999999999993e-05,2.92,3.06
850,4.2399999999999946e-05,2.92,3.08
851,4.3199999999999966e-05,2.94,3.1
852,4.3999999999999985e-05,2.96,3.12
853,4.4800000000000005e-05,2.98,3.12
854,4.5600000000000024e-05,2.98,3.14
855,4.6399999999999935e-05,3.02,3.16
856,4.7199999999999955e-05,3.02,3.16
857,4.7999999999999974e-05,3.02,3.18
858,4.8799999999999994e-05,3.06,3.2
859,4.960000000000001e-05,3.06,3.2
860,5.0399999999999924e-05,3.08,3.24
861,5.1199999999999943e-05,3.08,3.24
862,5.199999999999996e-05,3.1,3.2600000000000002
863,5.279999999999998e-05,3.12,3.2800000000000002
864,5.36e-05,3.14,3.3000000000000003
865,5.440000000000002e-05,3.14,3.3000000000000003
866,5.519999999999993e-05,3.16,3.3200000000000003
867,5.599999999999995e-05,3.18,3.34
868,5.679999999999997e-05,3.18,3.34
869,5.759999999999999e-05,3.2,3.36
870,5.840000000000001e-05,3.22,3.38
871,5.919999999999992e-05,3.24,3.4
872,5.999999999999994e-05,3.2600000000000002,3.42
873,6.079999999999996e-05,3.2600000000000002,3.44
874,6.159999999999998e-05,3.2800000000000002,3.44
875,6.24e-05,3.2800000000000002,3.46
876,6.320000000000002e-05,3.3200000000000003,3.46
877,6.399999999999993e-05,3.3200000000000003,3.48
878,6.479999999999995e-05,3.34,3.5
879,6.559999999999997e-05,3.36,3.5
880,6.639999999999999e-05,3.36,3.52
881,6.720000000000001e-05,3.38,3.54
882,6.800000000000003e-05,3.38,3.56
883,6.879999999999994e-05,3.4,3.56
884,6.959999999999996e-05,3.42,3.6
885,7.039999999999998e-05,3.44,3.6
886,7.12e-05,3.44,3.62
887,7.200000000000002e-05,3.48,3.64
888,7.279999999999993e-05,3.48,3.64
889,7.359999999999995e-05,3.48,3.66
890,7.439999999999997e-05,3.5,3.68
891,7.519999999999998e-05,3.52,3.7
892,7.6e-05,3.54,3.7
893,7.680000000000002e-05,3.56,3.72
894,7.759999999999993e-05,3.56,3.74
895,7.839999999999995e-05,3.58,3.74
896,7.919999999999997e-05,3.58,3.7600000000000002
897,7.999999999999999e-05,3.62,3.7800000000000002
898,8.080000000000001e-05,3.62,3.8000000000000003
899,8.159999999999992e-05,3.64,3.8200000000000003
900,8.239999999999994e-05,3.64,3.8200000000000003
901,8.319999999999996e-05,3.68,3.84
902,8.399999999999998e-05,3.68,3.86
903,8.48e-05,3.68,3.86
904,8.560000000000002e-05,3.7,3.88
905,8.639999999999993e-05,3.72,3.9
906,8.719999999999995e-05,3.74,3.92
907,8.799999999999997e-05,3.7600000000000002,3.92
908,8.879999999999999e-05,3.7600000000000002,3.96
909,8.960000000000001e-05,3.7600000000000002,3.96
910,9.039999999999992e-05,3.7800000000000002,3.98
911,9.119999999999994e-05,3.8000000000000003,3.98
912,9.199999999999996e-05,3.8200000000000003,4.0200000000000005
913,9.279999999999998e-05,3.84,4.0200000000000005
914,9.36e-05,3.84,4.0200000000000005
915,9.440000000000002e-05,3.86,4.04
916,9.519999999999993e-05,3.86,4.08
917,9.599999999999995e-05,3.88,4.08
918,9.679999999999997e-05,3.9,4.1
919,9.759999999999999e-05,3.92,4.12
920,9.84e-05,3.94,4.12
921,9.920000000000003e-05,3.94,4.14
922,9.999999999999994e-05,3.96,4.14
923,0.00010079999999999996,3.96,4.16
924,0.00010159999999999998,4.0,4.18
925,0.0001024,4.0,4.2
926,0.00010320000000000001,4.0200000000000005,4.22
927,0.00010399999999999993,4.04,4.22
928,0.00010479999999999995,4.04,4.24
929,0.00010559999999999996,4.0600000000000005,4.26
930,0.00010639999999999998,4.08,4.26
931,0.0001072,4.08,4.28
932,0.00010800000000000002,4.1,4.3
933,0.00010879999999999993,4.12,4.3
934,0.00010959999999999995,4.12,4.32
935,0.00011039999999999997,4.14,4.34
936,0.00011119999999999999,4.16,4.36
937,0.00011200000000000001,4.18,4.38
938,0.00011279999999999992,4.2,4.38
939,0.00011359999999999994,4.2,4.4
940,0.00011439999999999996,4.22,4.4
941,0.00011519999999999998,4.24,4.42
942,0.000116,4.24,4.44
943,0.00011680000000000002,4.26,4.46
944,0.00011759999999999993,4.28,4.48
945,0.00011839999999999995,4.28,4.5
946,0.00011919999999999997,4.3,4.5
947,0.00011999999999999999,4.32,4.54
948,0.00012080000000000001,4.34,4.54
949,0.00012159999999999992,4.34,4.54
950,0.00012239999999999994,4.36,4.5600000000000005
951,0.00012319999999999996,4.38,4.58
952,0.00012399999999999998,4.4,4.6000000000000005
953,0.0001248,4.4,4.62
954,0.00012560000000000002,4.42,4.64
955,0.00012639999999999993,4.42,4.64
956,0.00012719999999999995,4.44,4.66
957,0.00012799999999999997,4.46,4.66
958,0.0001288,4.48,4.68
959,0.0001296,4.48,4.7
960,0.00013040000000000003,4.5,4.7
961,0.00013119999999999994,4.5200000000000005,4.72
962,0.00013199999999999996,4.5200000000000005,4.74
963,0.00013279999999999998,4.54,4.76
964,0.0001336,4.5600000000000005,4.78
965,0.00013440000000000001,4.5600000000000005,4.8
966,0.00013519999999999993,4.58,4.8
967,0.00013599999999999994,4.6000000000000005,4.82
968,0.00013679999999999996,4.62,4.82
969,0.00013759999999999998,4.62,4.84
970,0.0001384,4.64,4.88
971,0.00013920000000000002,4.66,4.88
972,0.00013999999999999993,4.66,4.9
973,0.00014079999999999995,4.68,4.9
974,0.00014159999999999997,4.7,4.92
975,0.0001424,4.72,4.94
976,0.0001432,4.74,4.94
977,0.00014399999999999992,4.74,4.96
978,0.00014479999999999994,1.5,0.06
979,0.00014559999999999996,0.44,0.06
980,0.00014639999999999998,0.2,0.08
981,0.0001472,0.14,0.08
982,0.00014800000000000002,0.12,0.08
983,0.00014879999999999993,0.12,0.12
984,0.00014959999999999995,0.14,0.14
985,0.00015039999999999997,0.14,0.16
986,0.0001512,0.16,0.16
987,0.000152,0.16,0.18
988,0.00015279999999999992,0.18,0.2
989,0.00015359999999999994,0.2,0.2
990,0.00015439999999999996,0.2,0.22
991,0.00015519999999999998,0.22,0.24
992,0.000156,0.22,0.24
993,0.00015680000000000002,0.24,0.26
994,0.00015759999999999993,0.24,0.28
995,0.00015839999999999995,0.26,0.28
996,0.00015919999999999997,0.28,0.3
997,0.00015999999999999999,0.3,0.32
998,0.0001608,0.3,0.34
999,0.00016159999999999992,0.32,0.34
1000,0.00016239999999999994,0.32,0.36
1001,0.00016319999999999996,0.34,0.36
1002,0.00016399999999999997,0.36,0.38
1003,0.0001648,0.36,0.4
1004,0.00016560000000000001,0.38,0.4
1005,0.00016639999999999992,0.4,0.42
1006,0.00016719999999999994,0.4,0.44
1007,0.00016799999999999996,0.42,0.46
1008,0.00016879999999999998,0.44,0.46
1009,0.0001696,0.46,0.48
1010,0.00017040000000000002,0.46,0.5
1011,0.00017119999999999993,0.48,0.5
1012,0.00017199999999999995,0.5,0.52
1013,0.00017279999999999997,0.5,0.54
1014,0.0001736,0.52,0.54
1015,0.0001744,0.54,0.56
1016,0.00017519999999999992,0.56,0.58
1017,0.00017599999999999994,0.56,0.6
1018,0.00017679999999999996,0.58,0.6
1019,0.00017759999999999998,0.58,0.62
1020,0.0001784,0.6,0.64
1021,0.00017920000000000002,0.6,0.66
1022,0.00017999999999999993,0.62,0.66
1023,0.00018079999999999995,0.64,0.68
1024,0.00018159999999999997,0.66,0.7000000000000001
1025,0.0001824,0.68,0.72
1026,0.0001832,0.68,0.72
1027,0.00018399999999999992,0.7000000000000001,0.74
1028,0.00018479999999999994,0.72,0.76
1029,0.00018559999999999996,0.72,0.76
1030,0.00018639999999999998,0.74,0.78
1031,0.0001872,0.76,0.8
1032,0.00018800000000000002,0.76,0.8
1033,0.00018879999999999993,0.8,0.8200000000000001
1034,0.00018959999999999995,0.8,0.84
1035,0.00019039999999999997,0.8200000000000001,0.86
1036,0.00019119999999999999,0.84,0.88
1037,0.000192,0.84,0.9
1038,0.00019279999999999992,0.86,0.9
1039,0.00019359999999999994,0.86,0.92
1040,0.00019439999999999995,0.88,0.9400000000000001
1041,0.00019519999999999997,0.9,0.9400000000000001
1042,0.000196,0.92,0.96
1043,0.0001968,0.9400000000000001,0.98
1044,0.00019759999999999992,0.9400000000000001,0.98
1045,0.00019839999999999994,0.96,1.0
1046,0.00019919999999999996,0.96,1.02
1047,0.00019999999999999998,0.98,1.02
1048,0.0002008,1.0,1.06
1049,0.00020160000000000002,1.0,1.06
1050,0.00020239999999999993,1.02,1.08
1051,0.00020319999999999995,1.04,1.1
1052,0.00020399999999999997,1.06,1.12
1053,0.0002048,1.06,1.1400000000000001
1054,0.0002056,1.08,1.1400000000000001
1055,0.00020639999999999992,1.1,1.16
1056,0.00020719999999999994,1.12,1.18
1057,0.00020799999999999996,1.12,1.18
1058,0.00020879999999999998,1.1400000000000001,1.2
1059,0.0002096,1.16,1.2
1060,0.00021040000000000002,1.16,1.24
1061,0.00021119999999999993,1.18,1.26
1062,0.00021199999999999995,1.2,1.26
1063,0.00021279999999999997,1.2,1.26
1064,0.0002136,1.22,1.3
1065,0.0002144,1.24,1.3
1066,0.00021519999999999992,1.26,1.32
1067,0.00021599999999999994,1.28,1.34
1068,0.00021679999999999996,1.28,1.36
1069,0.00021759999999999998,1.3,1.36
1070,0.0002184,1.3,1.3800000000000001
1071,0.00021920000000000002,1.32,1.4000000000000001
1072,0.00021999999999999993,1.32,1.42
1073,0.00022079999999999995,1.36,1.44
1074,0.00022159999999999997,1.3800000000000001,1.44
1075,0.00022239999999999998,1.3800000000000001,1.46
1076,0.0002232,1.4000000000000001,1.48
1077,0.00022399999999999992,1.42,1.48
1078,0.00022479999999999993,1.42,1.48
1079,0.00022559999999999995,1.44,1.52
1080,0.00022639999999999997,1.46,1.54
1081,0.0002272,1.46,1.52
1082,0.000228,1.48,1.56
1083,0.00022879999999999992,1.5,1.58
1084,0.00022959999999999994,1.5,1.58
1085,0.00023039999999999996,1.5,1.6
1086,0.00023119999999999998,1.54,1.62
1087,0.000232,1.54,1.62
1088,0.0002327999999999999,1.56,1.6400000000000001
1089,0.00023359999999999993,1.58,1.6600000000000001
1090,0.00023439999999999995,1.58,1.68
1091,0.00023519999999999997,1.6,1.68
1092,0.000236,1.62,1.7
1093,0.0002368,1.6400000000000001,1.7
1094,0.00023759999999999992,1.6600000000000001,1.72
1095,0.00023839999999999994,1.6600000000000001,1.74
1096,0.00023919999999999996,1.68,1.76
1097,0.00023999999999999998,1.7,1.78
1098,0.0002408,1.7,1.8
1099,0.00024160000000000002,1.72,1.8
1100,0.00024239999999999993,1.74,1.82
1101,0.00024319999999999995,1.74,1.84
1102,0.00024399999999999997,1.76,1.86
1103,0.0002448,1.78,1.86
1104,0.0002456,1.8,1.8800000000000001
1105,0.0002463999999999999,1.8,1.9000000000000001
1106,0.00024719999999999994,1.82,1.9000000000000001
1107,0.00024799999999999996,1.84,1.92
1108,0.0002488,1.84,1.92
1109,0.0002496,1.86,1.96
1110,0.0002504,1.8800000000000001,1.96
1111,0.0002511999999999999,1.8800000000000001,2.0
1112,0.00025199999999999995,1.9000000000000001,1.98
1113,0.00025279999999999996,1.92,2.02
1114,0.0002536,1.94,2.02
1115,0.0002544,1.94,2.04
1116,0.0002551999999999999,1.94,2.06
1117,0.00025599999999999993,1.98,2.08
1118,0.00025679999999999995,2.0,2.1
1119,0.0002576,2.0,2.1
1120,0.0002584,2.02,2.12
1121,0.0002592,2.02,2.14
1122,0.0002599999999999999,2.06,2.14
1123,0.00026079999999999994,2.04,2.16
1124,0.00026159999999999996,2.08,2.18
1125,0.0002624,2.08,2.2
1126,0.0002632,2.1,2.2
1127,0.0002639999999999999,2.1,2.22
1128,0.00026479999999999993,2.14,2.24
1129,0.00026559999999999995,2.14,2.2600000000000002
1130,0.00026639999999999997,2.16,2.2600000000000002
1131,0.0002672,2.18,2.2800000000000002
1132,0.000268,2.18,2.3000000000000003
1133,0.0002687999999999999,2.2,2.3000000000000003
1134,0.00026959999999999994,2.22,2.32
1135,0.00027039999999999996,2.22,2.34
1136,0.0002712,2.24,2.36
1137,0.000272,2.2600000000000002,2.38
1138,0.0002728,2.2800000000000002,2.38
1139,0.00027359999999999993,2.2800000000000002,2.4
1140,0.00027439999999999995,2.3000000000000003,2.42
1141,0.00027519999999999997,2.3000000000000003,2.44
1142,0.000276,2.34,2.46
1143,0.0002768,2.34,2.46
1144,0.0002775999999999999,2.36,2.48
1145,0.00027839999999999994,2.38,2.48
1146,0.00027919999999999996,2.38,2.52
1147,0.00028,2.4,2.52
1148,0.0002808,2.42,2.52
1149,0.0002816,2.42,2.54
1150,0.0002823999999999999,2.44,2.56
1151,0.00028319999999999994,2.46,2.56
1152,0.00028399999999999996,2.48,2.58
1153,0.0002848,2.48,2.6
1154,0.0002856,2.5,2.6
1155,0.0002863999999999999,2.5,2.62
1156,0.00028719999999999993,2.52,2.66
1157,0.00028799999999999995,2.52,2.66
1158,0.00028879999999999997,2.54,2.68
1159,0.0002896,2.56,2.68
1160,0.0002904,2.58,2.7
1161,0.0002911999999999999,2.58,2.72
1162,0.00029199999999999994,2.62,2.74
1163,0.00029279999999999996,2.62,2.74
1164,0.0002936,2.62,2.7600000000000002
1165,0.0002944,2.64,2.7800000000000002
1166,0.0002951999999999999,2.66,2.7800000000000002
1167,0.00029599999999999993,2.66,2.8000000000000003
1168,0.00029679999999999995,2.68,2.82
1169,0.00029759999999999997,2.68,2.84
1170,0.0002984,2.7,2.86
1171,0.0002992,2.74,2.86
1172,0.0002999999999999999,2.7600000000000002,2.88
1173,0.00030079999999999994,2.7600000000000002,2.9
1174,0.00030159999999999996,2.7600000000000002,2.9
1175,0.0003024,2.8000000000000003,2.92
1176,0.0003032,2.8000000000000003,2.94
1177,0.000304,2.82,2.94
1178,0.00030479999999999993,2.82,2.96
1179,0.00030559999999999995,2.86,2.98
1180,0.00030639999999999997,2.86,3.0
1181,0.0003072,2.88,3.02
1182,0.000308,2.88,3.04
1183,0.0003087999999999999,2.9,3.04
1184,0.00030959999999999994,2.92,3.06
1185,0.00031039999999999996,2.94,3.06
1186,0.0003112,2.94,3.08
1187,0.000312,2.96,3.1
1188,0.0003128,2.96,3.12
1189,0.0003135999999999999,2.98,3.14
1190,0.00031439999999999994,3.0,3.14
1191,0.00031519999999999996,3.0,3.16
1192,0.000316,3.02,3.18
1193,0.0003168,3.04,3.2
1194,0.0003175999999999999,3.06,3.2
1195,0.00031839999999999993,3.06,3.22
1196,0.00031919999999999995,3.08,3.24
1197,0.00031999999999999997,3.1,3.2600000000000002
1198,0.0003208,3.12,3.2800000000000002
1199,0.0003216,3.14,3.2800000000000002
1200,0.0003223999999999999,3.14,3.3000000000000003
1201,0.00032319999999999994,3.16,3.3000000000000003
1202,0.00032399999999999996,3.18,3.3200000000000003
1203,0.0003248,3.18,3.34
1204,0.0003256,3.2,3.36
1205,0.0003263999999999999,3.22,3.36
1206,0.00032719999999999993,3.22,3.38
1207,0.00032799999999999995,3.24,3.4
1208,0.00032879999999999997,3.2600000000000002,3.42
1209,0.0003296,3.2600000000000002,3.44
1210,0.0003304,3.2800000000000002,3.44
1211,0.0003311999999999999,3.3200000000000003,3.46
1212,0.00033199999999999994,3.3200000000000003,3.48
1213,0.00033279999999999996,3.34,3.48
1214,0.0003336,3.34,3.5
1215,0.0003344,3.36,3.52
1216,0.0003352,3.38,3.54
1217,0.00033599999999999993,3.38,3.56
1218,0.00033679999999999995,3.4,3.56
1219,0.00033759999999999997,3.42,3.58
1220,0.0003384,3.42,3.6
1221,0.0003391999999999999,3.44,3.62
1222,0.0003399999999999999,3.46,3.64
1223,0.00034079999999999994,3.48,3.64
1224,0.00034159999999999995,3.48,3.66
1225,0.0003424,3.5,3.66
1226,0.0003432,3.52,3.7
1227,0.000344,3.54,3.7
1228,0.00034480000000000003,3.54,3.72
1229,0.00034560000000000005,3.56,3.72
1230,0.00034639999999999985,3.58,3.74
1231,0.0003471999999999999,3.58,3.7600000000000002
1232,0.0003479999999999999,3.6,3.7800000000000002
1233,0.0003487999999999999,3.62,3.8000000000000003
1234,0.00034959999999999993,3.62,3.8000000000000003
1235,0.00035039999999999995,3.66,3.8200000000000003
1236,0.00035119999999999997,3.66,3.84
1237,0.000352,3.68,3.84
1238,0.0003528,3.68,3.86
1239,0.00035360000000000003,3.7,3.86
1240,0.00035440000000000005,3.72,3.88
1241,0.00035520000000000007,3.72,3.92
1242,0.00035599999999999987,3.74,3.92
1243,0.0003567999999999999,3.7600000000000002,3.94
1244,0.0003575999999999999,3.7600000000000002,3.96
1245,0.00035839999999999993,3.7800000000000002,3.96
1246,0.00035919999999999995,3.8000000000000003,3.98
1247,0.00035999999999999997,3.8200000000000003,4.0
1248,0.0003608,3.8200000000000003,4.0
1249,0.0003616,3.84,4.0200000000000005
1250,0.0003624,3.84,4.0600000000000005
1251,0.00036320000000000005,3.86,4.04
1252,0.00036400000000000007,3.88,4.0600000000000005
1253,0.00036479999999999987,3.9,4.08
1254,0.0003655999999999999,3.9,4.1
1255,0.0003663999999999999,3.94,4.1
1256,0.0003671999999999999,3.94,4.14
1257,0.00036799999999999995,3.96,4.14
1258,0.00036879999999999997,3.96,4.16
1259,0.0003696,4.0,4.18
1260,0.0003704,4.0,4.18
1261,0.0003712,4.0,4.2
1262,0.00037200000000000004,4.0200000000000005,4.22
1263,0.00037280000000000006,4.04,4.22
1264,0.00037359999999999987,4.0600000000000005,4.26
1265,0.0003743999999999999,4.08,4.26
1266,0.0003751999999999999,4.08,4.28
1267,0.0003759999999999999,4.1,4.28
1268,0.00037679999999999994,4.1,4.3
1269,0.00037759999999999996,4.12,4.32
1270,0.0003784,4.14,4.34
1271,0.0003792,4.16,4.34
1272,0.00038,4.16,4.38
1273,0.00038080000000000004,4.18,4.38
1274,0.00038160000000000006,4.2,4.4
1275,0.00038239999999999986,4.22,4.42
1276,0.0003831999999999999,4.22,4.42
1277,0.0003839999999999999,4.24,4.44
1278,0.0003847999999999999,4.24,4.46
1279,0.00038559999999999994,4.28,4.48
1280,0.00038639999999999996,4.28,4.48
1281,0.0003872,4.3,4.5
1282,0.000388,4.3,4.5200000000000005
1283,0.0003888,4.34,4.54
1284,0.00038960000000000004,4.34,4.5600000000000005
1285,0.00039040000000000006,4.34,4.5600000000000005
1286,0.00039119999999999986,4.36,4.58
1287,0.0003919999999999999,4.38,4.6000000000000005
1288,0.0003927999999999999,4.4,4.6000000000000005
1289,0.0003935999999999999,4.4,4.62
1290,0.00039439999999999994,4.42,4.64
1291,0.00039519999999999996,4.44,4.64
1292,0.000396,4.44,4.66
1293,0.0003968,4.46,4.68
1294,0.0003976,4.48,4.68
1295,0.00039840000000000003,4.5,4.72
1296,0.00039920000000000005,4.5200000000000005,4.72
1297,0.00039999999999999986,4.5200000000000005,4.72
1298,0.0004007999999999999,4.54,4.74
1299,0.0004015999999999999,4.5600000000000005,4.76
1300,0.0004023999999999999,4.5600000000000005,4.78
1301,0.00040319999999999993,4.58,4.8
1302,0.00040399999999999995,4.58,4.82
1303,0.0004048,4.6000000000000005,4.82
1304,0.0004056,4.62,4.84
1305,0.0004064,4.64,4.86
1306,0.00040720000000000003,4.64,4.88
1307,0.00040800000000000005,4.66,4.88
1308,0.00040879999999999985,4.68,4.9
1309,0.0004095999999999999,4.7,4.92
1310,0.0004103999999999999,4.72,4.92
1311,0.0004111999999999999,4.72,4.94
1312,0.00041199999999999993,4.74,4.94
1313,0.00041279999999999995,2.56,0.08
1314,0.00041359999999999997,0.68,0.06
1315,0.0004144,0.26,0.06
1316,0.0004152,0.14,0.08
1317,0.00041600000000000003,0.14,0.1
1318,0.00041680000000000005,0.12,0.12
1319,0.00041759999999999985,0.14,0.12
1320,0.00041839999999999987,0.14,0.14
1321,0.0004191999999999999,0.16,0.16
1322,0.0004199999999999999,0.16,0.18
1323,0.00042079999999999993,0.18,0.18
1324,0.00042159999999999995,0.18,0.2
1325,0.00042239999999999997,0.2,0.22
1326,0.0004232,0.22,0.22
1327,0.000424,0.24,0.24
1328,0.0004248,0.24,0.26
1329,0.00042560000000000005,0.26,0.26
1330,0.00042640000000000006,0.26,0.28
1331,0.00042719999999999987,0.28,0.3
1332,0.0004279999999999999,0.28,0.3
1333,0.0004287999999999999,0.3,0.32
1334,0.0004295999999999999,0.3,0.34
1335,0.00043039999999999994,0.32,0.34
1336,0.00043119999999999996,0.34,0.36
1337,0.000432,0.36,0.38
1338,0.0004328,0.36,0.4
1339,0.0004336,0.38,0.38
1340,0.00043440000000000004,0.38,0.42
1341,0.00043520000000000006,0.4,0.42
1342,0.00043599999999999986,0.42,0.44
1343,0.0004367999999999999,0.42,0.46
1344,0.0004375999999999999,0.44,0.48
1345,0.0004383999999999999,0.46,0.5
1346,0.00043919999999999994,0.46,0.5
1347,0.00043999999999999996,0.48,0.52
1348,0.0004408,0.5,0.54
1349,0.0004416,0.5,0.54
1350,0.0004424,0.52,0.56
1351,0.00044320000000000004,0.54,0.58
1352,0.00044400000000000006,0.56,0.6
1353,0.00044479999999999986,0.58,0.6
1354,0.0004455999999999999,0.58,0.62
1355,0.0004463999999999999,0.6,0.64
1356,0.0004471999999999999,0.6,0.64
1357,0.00044799999999999994,0.62,0.66
1358,0.00044879999999999996,0.64,0.68
1359,0.0004496,0.64,0.68
1360,0.0004504,0.66,0.7000000000000001
1361,0.0004512,0.68,0.72
1362,0.00045200000000000004,0.7000000000000001,0.74
1363,0.00045280000000000006,0.7000000000000001,0.76
1364,0.00045359999999999986,0.72,0.76
1365,0.0004543999999999999,0.74,0.78
1366,0.0004551999999999999,0.76,0.8
1367,0.0004559999999999999,0.76,0.8
1368,0.00045679999999999994,0.78,0.8200000000000001
1369,0.00045759999999999996,0.8,0.8200000000000001
1370,0.0004584,0.8200000000000001,0.86
1371,0.0004592,0.8200000000000001,0.86
1372,0.00046,0.84,0.88
1373,0.00046080000000000003,0.86,0.9
1374,0.00046160000000000005,0.86,0.92
1375,0.00046239999999999986,0.88,0.92
1376,0.0004631999999999999,0.88,0.9400000000000001
1377,0.0004639999999999999,0.9,0.96
1378,0.0004647999999999999,0.92,0.98
1379,0.00046559999999999993,0.9400000000000001,0.98
1380,0.00046639999999999995,0.9400000000000001,1.0
1381,0.00046719999999999997,0.96,1.02
1382,0.000468,0.98,1.04
1383,0.0004688,0.98,1.04
1384,0.00046960000000000003,1.02,1.06
1385,0.00047040000000000005,1.02,1.06
1386,0.00047119999999999985,1.04,1.1
1387,0.00047199999999999987,1.06,1.1
1388,0.0004727999999999999,1.06,1.12
1389,0.0004735999999999999,1.06,1.1400000000000001
1390,0.00047439999999999993,1.1,1.1400000000000001
1391,0.00047519999999999995,1.1,1.18
1392,0.00047599999999999997,1.12,1.16
1393,0.0004768,1.1400000000000001,1.2
1394,0.0004776,1.16,1.22
1395,0.00047840000000000003,1.16,1.22
1396,0.00047920000000000005,1.18,1.24
1397,0.00047999999999999985,1.18,1.26
1398,0.00048079999999999987,1.2,1.28
1399,0.0004815999999999999,1.22,1.28
1400,0.0004823999999999999,1.24,1.3
1401,0.00048319999999999993,1.24,1.32
1402,0.00048399999999999995,1.24,1.32
1403,0.00048479999999999997,1.28,1.36
1404,0.0004856,1.28,1.36
1405,0.0004864,1.3,1.3800000000000001
1406,0.0004872,1.32,1.4000000000000001
1407,0.00048800000000000004,1.32,1.42
1408,0.0004888000000000001,1.34,1.42
1409,0.0004895999999999999,1.36,1.44
1410,0.0004903999999999999,1.3800000000000001,1.44
1411,0.0004911999999999999,1.3800000000000001,1.46
1412,0.0004919999999999999,1.4000000000000001,1.48
1413,0.0004927999999999999,1.42,1.48
1414,0.0004936,1.44,1.5
1415,0.0004944,1.46,1.52
1416,0.0004952,1.46,1.54
1417,0.000496,1.48,1.56
1418,0.0004968,1.48,1.56
1419,0.0004976000000000001,1.5,1.58
1420,0.0004983999999999999,1.52,1.6
1421,0.0004991999999999999,1.54,1.62
1422,0.0004999999999999999,1.54,1.62
1423,0.0005007999999999999,1.56,1.6400000000000001
1424,0.0005015999999999999,1.58,1.6600000000000001
1425,0.0005024,1.58,1.6600000000000001
1426,0.0005032,1.6,1.68
1427,0.000504,1.62,1.7
1428,0.0005048,1.6400000000000001,1.7
1429,0.0005056,1.6400000000000001,1.72
1430,0.0005064000000000001,1.6600000000000001,1.74
1431,0.0005071999999999999,1.68,1.76
1432,0.0005079999999999999,1.68,1.78
1433,0.0005087999999999999,1.68,1.78
1434,0.0005095999999999999,1.72,1.8
1435,0.0005103999999999999,1.72,1.82
1436,0.0005112,1.74,1.82
1437,0.000512,1.76,1.84
1438,0.0005128,1.78,1.86
1439,0.0005136,1.78,1.8800000000000001
1440,0.0005144,1.8,1.8800000000000001
1441,0.0005152000000000001,1.8,1.9000000000000001
1442,0.0005159999999999999,1.82,1.92
1443,0.0005167999999999999,1.84,1.94
1444,0.0005175999999999999,1.86,1.94
1445,0.0005183999999999999,1.86,1.96
1446,0.0005191999999999999,1.8800000000000001,1.98
1447,0.00052,1.8800000000000001,2.0
1448,0.0005208,1.9000000000000001,2.02
1449,0.0005216,1.92,2.02
1450,0.0005224,1.94,2.04
1451,0.0005232,1.96,2.04
1452,0.000524,1.96,2.06
1453,0.0005247999999999999,1.98,2.08
1454,0.0005255999999999999,2.0,2.1
1455,0.0005263999999999999,2.02,2.12
1456,0.0005271999999999999,2.02,2.12
1457,0.0005279999999999999,2.04,2.14
1458,0.0005288,2.06,2.16
1459,0.0005296,2.06,2.18
1460,0.0005304,2.06,2.18
1461,0.0005312,2.1,2.2
1462,0.000532,2.12,2.22
1463,0.0005328,2.12,2.24
1464,0.0005335999999999999,2.14,2.24
1465,0.0005343999999999999,2.16,2.2600000000000002
1466,0.0005351999999999999,2.16,2.2800000000000002
1467,0.0005359999999999999,2.18,2.2800000000000002
1468,0.0005367999999999999,2.2,2.3000000000000003
1469,0.0005376,2.22,2.32
1470,0.0005384,2.22,2.32
1471,0.0005392,2.22,2.36
1472,0.00054,2.2600000000000002,2.36
1473,0.0005408,2.2800000000000002,2.38
1474,0.0005416,2.2800000000000002,2.4
1475,0.0005423999999999998,2.3000000000000003,2.42
1476,0.0005431999999999999,2.32,2.42
1477,0.0005439999999999999,2.32,2.44
1478,0.0005447999999999999,2.34,2.46
1479,0.0005455999999999999,2.34,2.46
1480,0.0005463999999999999,2.38,2.5
1481,0.0005472,2.38,2.5
1482,0.000548,2.4,2.5
1483,0.0005488,2.42,2.54
1484,0.0005496,2.42,2.54
1485,0.0005504,2.44,2.56
1486,0.0005511999999999998,2.44,2.56
1487,0.0005519999999999999,2.46,2.58
1488,0.0005527999999999999,2.48,2.6
1489,0.0005535999999999999,2.48,2.6
1490,0.0005543999999999999,2.5,2.64
1491,0.0005551999999999999,2.5,2.64
1492,0.000556,2.52,2.66
1493,0.0005568,2.54,2.68
1494,0.0005576,2.54,2.68
1495,0.0005584,2.58,2.7
1496,0.0005592,2.58,2.7
1497,0.0005600000000000001,2.6,2.72
1498,0.0005607999999999999,2.6,2.74
1499,0.0005615999999999999,2.62,2.7600000000000002
1500,0.0005623999999999999,2.64,2.7800000000000002
1501,0.0005631999999999999,2.66,2.7800000000000002
1502,0.0005639999999999999,2.66,2.8000000000000003
1503,0.0005648,2.68,2.82
1504,0.0005656,2.68,2.82
1505,0.0005664,2.7,2.84
1506,0.0005672,2.72,2.88
1507,0.000568,2.74,2.86
1508,0.0005688000000000001,2.74,2.88
1509,0.0005695999999999999,2.7600000000000002,2.9
1510,0.0005703999999999999,2.7800000000000002,2.92
1511,0.0005711999999999999,2.8000000000000003,2.94
1512,0.0005719999999999999,2.8000000000000003,2.94
1513,0.0005727999999999999,2.82,2.96
1514,0.0005736,2.82,2.98
1515,0.0005744,2.84,3.0
1516,0.0005752,2.86,3.0
1517,0.000576,2.88,3.02
1518,0.0005768,2.9,3.04
1519,0.0005776,2.92,3.04
1520,0.0005783999999999999,2.94,3.08
1521,0.0005791999999999999,2.94,3.08
1522,0.0005799999999999999,2.94,3.1
1523,0.0005807999999999999,2.96,3.12
1524,0.0005815999999999999,3.0,3.12
1525,0.0005824,2.98,3.14
1526,0.0005832,3.0,3.16
1527,0.000584,3.02,3.18
1528,0.0005848,3.02,3.2
1529,0.0005856,3.04,3.2
1530,0.0005864,3.06,3.22
1531,0.0005871999999999999,3.08,3.22
1532,0.0005879999999999999,3.1,3.24
1533,0.0005887999999999999,3.1,3.2600000000000002
1534,0.0005895999999999999,3.12,3.2600000000000002
1535,0.0005903999999999999,3.14,3.3000000000000003
1536,0.0005912,3.16,3.3000000000000003
1537,0.000592,3.16,3.3200000000000003
1538,0.0005928,3.18,3.34
1539,0.0005936,3.2,3.34
1540,0.0005944,3.2,3.36
1541,0.0005952,3.22,3.38
1542,0.0005959999999999999,3.24,3.4
1543,0.0005967999999999999,3.24,3.4
1544,0.0005975999999999999,3.2600000000000002,3.44
1545,0.0005983999999999999,3.3000000000000003,3.44
1546,0.0005991999999999999,3.3000000000000003,3.46
1547,0.0006,3.3000000000000003,3.46
1548,0.0006008,3.3200000000000003,3.48
1549,0.0006016,3.34,3.5
1550,0.0006024,3.36,3.52
1551,0.0006032,3.36,3.52
1552,0.000604,3.38,3.54
1553,0.0006047999999999998,3.4,3.56
1554,0.0006055999999999999,3.4,3.56
1555,0.0006063999999999999,3.44,3.6
1556,0.0006071999999999999,3.46,3.6
1557,0.0006079999999999999,3.44,3.62
1558,0.0006087999999999999,3.46,3.64
1559,0.0006096,3.48,3.64
1560,0.0006104,3.5,3.66
1561,0.0006112,3.5,3.68
1562,0.000612,3.52,3.7
1563,0.0006128,3.54,3.7
1564,0.0006135999999999998,3.56,3.72
1565,0.0006143999999999999,3.56,3.74
1566,0.0006151999999999999,3.58,3.7600000000000002
1567,0.0006159999999999999,3.58,3.7800000000000002
1568,0.0006167999999999999,3.6,3.7800000000000002
1569,0.0006175999999999999,3.62,3.8000000000000003
1570,0.0006184,3.64,3.8200000000000003
1571,0.0006192,3.64,3.84
1572,0.00062,3.66,3.84
1573,0.0006208,3.68,3.86
1574,0.0006216,3.68,3.88
1575,0.0006223999999999998,3.7,3.88
1576,0.0006231999999999999,3.72,3.9
1577,0.0006239999999999999,3.74,3.92
1578,0.0006247999999999999,3.7600000000000002,3.94
1579,0.0006255999999999999,3.7600000000000002,3.96
1580,0.0006263999999999999,3.7800000000000002,3.96
1581,0.0006272,3.7800000000000002,3.98
1582,0.000628,3.8000000000000003,4.0
1583,0.0006288,3.8200000000000003,4.0200000000000005
1584,0.0006296,3.84,4.0200000000000005
1585,0.0006304,3.84,4.04
1586,0.0006312000000000001,3.86,4.04
1587,0.0006319999999999999,3.88,4.0600000000000005
1588,0.0006327999999999999,3.9,4.0600000000000005
1589,0.0006335999999999999,3.9,4.1
1590,0.0006343999999999999,3.92,4.1
1591,0.0006351999999999999,3.94,4.12
1592,0.000636,3.94,4.14
1593,0.0006368,3.96,4.16
1594,0.0006376,3.98,4.16
1595,0.0006384,4.0,4.18
1596,0.0006392,4.0,4.2
1597,0.00064,4.0200000000000005,4.22
1598,0.0006407999999999999,4.04,4.22
1599,0.0006415999999999999,4.04,4.26
1600,0.0006423999999999999,4.0600000000000005,4.26
1601,0.0006431999999999999,4.08,4.28
1602,0.0006439999999999999,4.1,4.28
1603,0.0006448,4.1,4.3
1604,0.0006456,4.12,4.32
1605,0.0006464,4.14,4.34
1606,0.0006472,4.14,4.34
1607,0.000648,4.16,4.36
1608,0.0006488,4.18,4.38
1609,0.0006495999999999999,4.2,4.4
1610,0.0006503999999999999,4.22,4.4
1611,0.0006511999999999999,4.22,4.42
1612,0.0006519999999999999,4.24,4.42
1613,0.0006527999999999999,4.24,4.46
1614,0.0006536,4.26,4.46
1615,0.0006544,4.28,4.48
1616,0.0006552,4.3,4.5
1617,0.000656,4.3,4.5200000000000005
1618,0.0006568,4.32,4.54
1619,0.0006576,4.34,4.54
1620,0.0006583999999999998,4.36,4.5600000000000005
1621,0.0006591999999999999,4.38,4.5600000000000005
1622,0.0006599999999999999,4.38,4.58
1623,0.0006607999999999999,4.38,4.6000000000000005
1624,0.0006615999999999999,4.4,4.62
1625,0.0006624,4.42,4.62
1626,0.0006632,4.42,4.64
1627,0.000664,4.44,4.66
1628,0.0006648,4.46,4.66
1629,0.0006656,4.46,4.7
1630,0.0006664,4.5,4.7
1631,0.0006671999999999998,4.5,4.72
1632,0.0006679999999999999,4.5200000000000005,4.72
1633,0.0006687999999999999,4.5200000000000005,4.74
1634,0.0006695999999999999,4.54,4.76
1635,0.0006703999999999999,4.5600000000000005,4.78
1636,0.0006711999999999999,4.58,4.78
1637,0.000672,4.6000000000000005,4.8
1638,0.0006728,4.6000000000000005,4.84
1639,0.0006736,4.64,4.84
1640,0.0006744,4.64,4.86
1641,0.0006752,4.66,4.86
1642,0.0006759999999999998,4.66,4.9
1643,0.0006767999999999999,4.68,4.9
1644,0.0006775999999999999,4.68,4.9
1645,0.0006783999999999999,4.7,4.94
1646,0.0006791999999999999,4.72,4.94
1647,0.0006799999999999999,4.74,4.96
1648,0.0006808,4.5200000000000005,0.14
1649,0.0006816,1.12,0.06
1650,0.0006824,0.36,0.06
1651,0.0006832,0.18,0.06
1652,0.000684,0.14,0.1
1653,0.0006847999999999998,0.12,0.12
1654,0.0006855999999999999,0.14,0.12
1655,0.0006863999999999999,0.14,0.14
1656,0.0006871999999999999,0.14,0.16
1657,0.0006879999999999999,0.16,0.16
1658,0.0006887999999999999,0.18,0.18
1659,0.0006896,0.18,0.2
1660,0.0006904,0.2,0.22
1661,0.0006912,0.2,0.22
1662,0.000692,0.22,0.24
1663,0.0006928,0.22,0.26
1664,0.0006935999999999998,0.24,0.26
1665,0.0006943999999999999,0.26,0.28
1666,0.0006951999999999999,0.26,0.28
1667,0.0006959999999999999,0.28,0.3
1668,0.0006967999999999999,0.3,0.32
1669,0.0006975999999999999,0.3,0.34
1670,0.0006984,0.32,0.34
1671,0.0006992,0.34,0.36
1672,0.0007,0.34,0.36
1673,0.0007008,0.36,0.4
1674,0.0007016,0.38,0.4
1675,0.0007024,0.38,0.42
1676,0.0007031999999999999,0.4,0.42
1677,0.0007039999999999999,0.4,0.44
1678,0.0007047999999999999,0.42,0.46
1679,0.0007055999999999999,0.44,0.48
1680,0.0007063999999999999,0.46,0.48
1681,0.0007072,0.46,0.5
1682,0.000708,0.48,0.5
1683,0.0007088,0.5,0.52
1684,0.0007096,0.52,0.54
1685,0.0007104,0.52,0.56
1686,0.0007112,0.54,0.58
1687,0.0007119999999999999,0.54,0.58
1688,0.0007127999999999999,0.56,0.6
1689,0.0007135999999999999,0.58,0.62
1690,0.0007143999999999999,0.6,0.64
1691,0.0007151999999999999,0.6,0.64
1692,0.000716,0.62,0.64
1693,0.0007168,0.62,0.66
1694,0.0007176,0.64,0.66
1695,0.0007184,0.66,0.7000000000000001
1696,0.0007192,0.68,0.7000000000000001
1697,0.00072,0.7000000000000001,0.72
1698,0.0007207999999999998,0.7000000000000001,0.74
1699,0.0007215999999999999,0.72,0.76
1700,0.0007223999999999999,0.72,0.78
1701,0.0007231999999999999,0.74,0.78
1702,0.0007239999999999999,0.76,0.8
1703,0.0007247999999999999,0.78,0.8200000000000001
1704,0.0007256,0.78,0.8200000000000001
1705,0.0007264,0.8,0.84
1706,0.0007272,0.8200000000000001,0.86
1707,0.000728,0.8200000000000001,0.86
1708,0.0007288,0.84,0.9
1709,0.0007295999999999998,0.86,0.92
1710,0.0007303999999999999,0.88,0.92
1711,0.0007311999999999999,0.9,0.9400000000000001
1712,0.0007319999999999999,0.9,0.96
1713,0.0007327999999999999,0.92,0.96
1714,0.0007335999999999999,0.9400000000000001,0.98
1715,0.0007344,0.9400000000000001,1.0
1716,0.0007352,0.96,1.0
1717,0.000736,0.98,1.02
1718,0.0007368,0.98,1.04
1719,0.0007376,1.0,1.06
1720,0.0007383999999999998,1.02,1.06
1721,0.0007391999999999999,1.02,1.08
1722,0.0007399999999999999,1.04,1.1
1723,0.0007407999999999999,1.06,1.1
1724,0.0007415999999999999,1.06,1.12
1725,0.0007423999999999999,1.1,1.1400000000000001
1726,0.0007432,1.1,1.16
1727,0.000744,1.1,1.18
1728,0.0007448,1.12,1.18
1729,0.0007456,1.1400000000000001,1.2
1730,0.0007464,1.16,1.22
1731,0.0007471999999999998,1.18,1.22
1732,0.0007479999999999999,1.18,1.24
1733,0.0007487999999999999,1.2,1.26
1734,0.0007495999999999999,1.22,1.28
1735,0.0007503999999999999,1.24,1.3
1736,0.0007511999999999999,1.24,1.32
1737,0.000752,1.26,1.34
1738,0.0007528,1.26,1.34
1739,0.0007536,1.28,1.36
1740,0.0007544,1.28,1.36
1741,0.0007552,1.32,1.3800000000000001
1742,0.0007559999999999998,1.32,1.4000000000000001
1743,0.0007567999999999999,1.34,1.42
1744,0.0007575999999999999,1.36,1.44
1745,0.0007583999999999999,1.36,1.44
1746,0.0007591999999999999,1.3800000000000001,1.46
1747,0.0007599999999999999,1.4000000000000001,1.48
1748,0.0007608,1.4000000000000001,1.5
1749,0.0007616,1.42,1.5
1750,0.0007624,1.44,1.52
1751,0.0007632,1.46,1.52
1752,0.000764,1.48,1.54
1753,0.0007648,1.48,1.56
1754,0.0007655999999999999,1.5,1.58
1755,0.0007663999999999999,1.5,1.6
1756,0.0007671999999999999,1.52,1.6
1757,0.0007679999999999999,1.54,1.62
1758,0.0007687999999999999,1.54,1.6400000000000001
1759,0.0007696,1.58,1.6400000000000001
1760,0.0007704,1.58,1.6600000000000001
1761,0.0007712,1.6,1.68
1762,0.000772,1.6,1.68
1763,0.0007728,1.6,1.7
1764,0.0007736,1.6400000000000001,1.72
1765,0.0007743999999999998,1.6600000000000001,1.72
1766,0.0007751999999999999,1.6600000000000001,1.76
1767,0.0007759999999999999,1.68,1.76
1768,0.0007767999999999999,1.68,1.78
1769,0.0007775999999999999,1.7,1.8
1770,0.0007784,1.72,1.8
1771,0.0007792,1.74,1.82
1772,0.00078,1.76,1.84
1773,0.0007808,1.76,1.86
1774,0.0007816,1.78,1.8800000000000001
1775,0.0007824,1.78,1.86
1776,0.0007831999999999998,1.8,1.9000000000000001
1777,0.0007839999999999999,1.82,1.92
1778,0.0007847999999999999,1.84,1.94
1779,0.0007855999999999999,1.84,1.94
1780,0.0007863999999999999,1.86,1.96
1781,0.0007871999999999999,1.8800000000000001,1.98
1782,0.000788,1.9000000000000001,1.98
1783,0.0007888,1.9000000000000001,2.0
1784,0.0007896,1.92,2.02
1785,0.0007904,1.94,2.04
1786,0.0007912,1.94,2.04
1787,0.0007919999999999998,1.96,2.06
1788,0.0007927999999999999,1.98,2.08
1789,0.0007935999999999999,1.98,2.1
1790,0.0007943999999999999,2.0,2.1
1791,0.0007951999999999999,2.0,2.1
1792,0.0007959999999999999,2.04,2.14
1793,0.0007968,2.04,2.14
1794,0.0007976,2.06,2.16
1795,0.0007984,2.08,2.18
1796,0.0007992,2.1,2.2
1797,0.0008,2.1,2.2
1798,0.0008007999999999998,2.1,2.24
1799,0.0008015999999999999,2.14,2.24
1800,0.0008023999999999999,2.14,2.2600000000000002
1801,0.0008031999999999999,2.16,2.2800000000000002
1802,0.0008039999999999999,2.18,2.3000000000000003
1803,0.0008047999999999999,2.18,2.3000000000000003
1804,0.0008056,2.2,2.32
1805,0.0008064,2.22,2.32
1806,0.0008072,2.22,2.34
1807,0.000808,2.24,2.36
1808,0.0008088,2.2600000000000002,2.38
1809,0.0008095999999999998,2.2800000000000002,2.4
1810,0.0008103999999999999,2.2800000000000002,2.4
1811,0.0008111999999999999,2.2800000000000002,2.42
1812,0.0008119999999999999,2.32,2.42
1813,0.0008127999999999999,2.34,2.44
1814,0.0008135999999999999,2.34,2.46
1815,0.0008144,2.36,2.46
1816,0.0008152,2.38,2.5
1817,0.000816,2.38,2.5
1818,0.0008168,2.4,2.54
1819,0.0008176,2.42,2.52
1820,0.0008183999999999998,2.42,2.54
1821,0.0008191999999999999,2.44,2.56
1822,0.0008199999999999999,2.46,2.58
1823,0.0008207999999999999,2.48,2.58
1824,0.0008215999999999999,2.48,2.6
1825,0.0008223999999999999,2.5,2.62
1826,0.0008232,2.5,2.64
1827,0.000824,2.52,2.64
1828,0.0008248,2.54,2.66
1829,0.0008256,2.54,2.68
1830,0.0008264,2.56,2.7
1831,0.0008271999999999998,2.58,2.7
1832,0.0008279999999999999,2.58,2.72
1833,0.0008287999999999999,2.6,2.72
1834,0.0008295999999999999,2.62,2.7600000000000002
1835,0.0008303999999999999,2.64,2.7600000000000002
1836,0.0008311999999999999,2.64,2.7800000000000002
1837,0.000832,2.66,2.7800000000000002
1838,0.0008328,2.68,2.8000000000000003
1839,0.0008336,2.68,2.82
1840,0.0008344,2.7,2.84
1841,0.0008352,2.72,2.86
1842,0.000836,2.72,2.86
1843,0.0008367999999999998,2.74,2.88
1844,0.0008375999999999999,2.7600000000000002,2.9
1845,0.0008383999999999999,2.7800000000000002,2.92
1846,0.0008391999999999999,2.7800000000000002,2.92
1847,0.0008399999999999999,2.8000000000000003,2.94
1848,0.0008408,2.82,2.96
1849,0.0008416,2.84,2.98
1850,0.0008424,2.84,2.98
1851,0.0008432,2.86,3.0
1852,0.000844,2.86,3.02
1853,0.0008448,2.88,3.02
1854,0.0008455999999999998,2.9,3.04
1855,0.0008463999999999999,2.92,3.06
1856,0.0008471999999999999,2.94,3.08
1857,0.0008479999999999999,2.94,3.1
1858,0.0008487999999999999,2.96,3.12
1859,0.0008495999999999999,2.98,3.12
1860,0.0008504,3.0,3.14
1861,0.0008512,3.0,3.14
1862,0.000852,3.0,3.16
1863,0.0008528,3.02,3.18
1864,0.0008536,3.04,3.2
1865,0.0008543999999999998,3.06,3.2
1866,0.0008551999999999999,3.06,3.22
1867,0.0008559999999999999,3.1,3.24
1868,0.0008567999999999999,3.1,3.2600000000000002
1869,0.0008575999999999999,3.12,3.2800000000000002
1870,0.0008583999999999999,3.14,3.2800000000000002
1871,0.0008592,3.14,3.3000000000000003
1872,0.00086,3.16,3.3200000000000003
1873,0.0008608,3.18,3.34
1874,0.0008616,3.18,3.34
1875,0.0008624,3.2,3.36
1876,0.0008631999999999998,3.22,3.38
1877,0.0008639999999999999,3.22,3.4
1878,0.0008647999999999999,3.24,3.42
1879,0.0008655999999999999,3.2800000000000002,3.42
1880,0.0008663999999999999,3.2800000000000002,3.44
1881,0.0008671999999999999,3.2800000000000002,3.44
1882,0.000868,3.3000000000000003,3.46
1883,0.0008688,3.34,3.48
1884,0.0008696,3.3200000000000003,3.5
1885,0.0008704,3.34,3.5
1886,0.0008712,3.36,3.52
1887,0.0008719999999999998,3.38,3.54
1888,0.0008727999999999999,3.38,3.56
1889,0.0008735999999999999,3.4,3.56
1890,0.0008743999999999999,3.42,3.58
1891,0.0008751999999999999,3.44,3.6
1892,0.0008759999999999999,3.44,3.6
1893,0.0008768,3.46,3.62
1894,0.0008776,3.48,3.64
1895,0.0008784,3.48,3.66
1896,0.0008792,3.5,3.68
1897,0.00088,3.52,3.68
1898,0.0008807999999999998,3.52,3.7
1899,0.0008815999999999999,3.54,3.72
1900,0.0008823999999999999,3.56,3.74
1901,0.0008831999999999999,3.58,3.74
1902,0.0008839999999999999,3.58,3.7600000000000002
1903,0.0008847999999999999,3.6,3.7800000000000002
1904,0.0008856,3.6,3.8000000000000003
1905,0.0008864,3.64,3.8000000000000003
1906,0.0008872,3.64,3.84
1907,0.000888,3.66,3.84
1908,0.0008888,3.68,3.84
1909,0.0008895999999999998,3.68,3.86
1910,0.0008903999999999999,3.7,3.88
1911,0.0008911999999999999,3.72,3.9
1912,0.0008919999999999999,3.72,3.9
1913,0.0008927999999999999,3.74,3.92
1914,0.0008935999999999999,3.7600000000000002,3.94
1915,0.0008944,3.7600000000000002,3.96
1916,0.0008952,3.7800000000000002,3.96
1917,0.000896,3.8000000000000003,4.0
1918,0.0008968,3.8200000000000003,4.0
1919,0.0008976,3.8200000000000003,4.0
1920,0.0008984,3.84,4.0200000000000005
1921,0.0008991999999999998,3.86,4.04
1922,0.0008999999999999999,3.88,4.0600000000000005
1923,0.0009007999999999999,3.88,4.08
1924,0.0009015999999999999,3.9,4.08
1925,0.0009023999999999999,3.92,4.1
1926,0.0009031999999999999,3.92,4.12
1927,0.000904,3.94,4.12
1928,0.0009048,3.96,4.14
1929,0.0009056,3.96,4.16
1930,0.0009064,3.98,4.16
1931,0.0009072,4.0,4.2
1932,0.0009079999999999998,4.0200000000000005,4.2
1933,0.0009087999999999999,4.0200000000000005,4.22
1934,0.0009095999999999999,4.04,4.24
1935,0.0009103999999999999,4.0600000000000005,4.24
1936,0.0009111999999999999,4.08,4.26
1937,0.0009119999999999999,4.08,4.28
1938,0.0009128,4.1,4.3
1939,0.0009136,4.12,4.3
1940,0.0009144,4.12,4.32
1941,0.0009152,4.14,4.34
1942,0.000916,4.16,4.34
1943,0.0009167999999999998,4.18,4.36
1944,0.0009175999999999999,4.18,4.38
1945,0.0009183999999999999,4.2,4.4
1946,0.0009191999999999999,4.2,4.42
1947,0.0009199999999999999,4.22,4.44
1948,0.0009207999999999999,4.24,4.46
1949,0.0009216,4.26,4.46
1950,0.0009224,4.28,4.48
1951,0.0009232,4.28,4.48
1952,0.000924,4.3,4.5
1953,0.0009248,4.32,4.5200000000000005
1954,0.0009255999999999998,4.32,4.54
1955,0.0009263999999999999,4.34,4.5600000000000005
1956,0.0009271999999999999,4.36,4.5600000000000005
1957,0.0009279999999999999,4.36,4.58
1958,0.0009287999999999999,4.38,4.6000000000000005
1959,0.0009295999999999999,4.4,4.6000000000000005
1960,0.0009304,4.4,4.62
1961,0.0009312,4.42,4.64
1962,0.000932,4.44,4.64
1963,0.0009328,4.46,4.66
1964,0.0009336,4.46,4.68
1965,0.0009343999999999998,4.5,4.68
1966,0.0009351999999999999,4.5,4.7
1967,0.0009359999999999999,4.5200000000000005,4.74
1968,0.0009367999999999999,4.5200000000000005,4.74
1969,0.0009375999999999999,4.54,4.76
1970,0.0009383999999999999,4.54,4.78
1971,0.0009392,4.5600000000000005,4.78
1972,0.00094,4.58,4.8
1973,0.0009408,4.6000000000000005,4.82
1974,0.0009416,4.6000000000000005,4.84
1975,0.0009424,4.62,4.84
1976,0.0009431999999999998,4.64,4.86
1977,0.0009439999999999999,4.66,4.88
1978,0.0009447999999999999,4.66,4.88
1979,0.0009455999999999999,4.68,4.9
1980,0.0009463999999999999,4.7,4.92
1981,0.0009471999999999999,4.72,4.94
1982,0.000948,4.74,4.96
1983,0.0009488,4.74,4.96
1984,0.0009496,1.86,0.08
1985,0.0009504,0.54,0.06
1986,0.0009512,0.22,0.08
1987,0.0009519999999999998,0.14,0.1
1988,0.0009527999999999998,0.12,0.1
1989,0.0009535999999999999,0.12,0.12
1990,0.0009543999999999999,0.12,0.14
1991,0.0009551999999999999,0.14,0.16
1992,0.0009559999999999999,0.14,0.16
1993,0.0009568,0.16,0.18
1994,0.0009576,0.18,0.18
1995,0.0009584,0.18,0.2
1996,0.0009592,0.2,0.22
1997,0.00096,0.22,0.24
1998,0.0009607999999999998,0.24,0.24
1999,0.0009615999999999998,3.7800000000000002,4.0200000000000005
