,time,v1,v2
0,-0.0030368,1.3,1.36
1,-0.0030336,1.32,1.3800000000000001
2,-0.0030304,1.32,1.4000000000000001
3,-0.0030272000000000003,1.34,1.4000000000000001
4,-0.003024,1.36,1.42
5,-0.0030208,1.36,1.42
6,-0.0030176,1.3800000000000001,1.44
7,-0.0030144,1.3800000000000001,1.44
8,-0.0030112,1.4000000000000001,1.46
9,-0.0030080000000000003,1.4000000000000001,1.46
10,-0.0030048,1.4000000000000001,1.46
11,-0.0030016,1.42,1.48
12,-0.0029984,1.42,1.5
13,-0.0029952,1.46,1.52
14,-0.0029920000000000003,1.46,1.52
15,-0.0029888000000000002,1.46,1.52
16,-0.0029856,1.48,1.54
17,-0.0029824,1.5,1.56
18,-0.0029792,1.5,1.58
19,-0.002976,1.52,1.58
20,-0.0029728000000000003,1.52,1.6
21,-0.0029696,1.54,1.6
22,-0.0029664,1.56,1.62
23,-0.0029632,1.54,1.62
24,-0.00296,1.58,1.6400000000000001
25,-0.0029568,1.58,1.6400000000000001
26,-0.0029536000000000002,1.58,1.6600000000000001
27,-0.0029504,1.6,1.6600000000000001
28,-0.0029472,1.62,1.68
29,-0.002944,1.62,1.7
30,-0.0029408,1.6400000000000001,1.7
31,-0.0029376000000000003,1.6400000000000001,1.72
32,-0.0029344,1.6600000000000001,1.74
33,-0.0029312,1.6600000000000001,1.74
34,-0.002928,1.68,1.74
35,-0.0029248,1.68,1.76
36,-0.0029216,1.72,1.78
37,-0.0029184000000000002,1.72,1.78
38,-0.0029152,1.72,1.8
39,-0.002912,1.74,1.8
40,-0.0029088,1.74,1.82
41,-0.0029056,1.74,1.82
42,-0.0029024000000000003,1.76,1.84
43,-0.0028992,1.76,1.84
44,-0.002896,1.78,1.84
45,-0.0028928,1.8,1.8800000000000001
46,-0.0028896,1.82,1.8800000000000001
47,-0.0028864,1.82,1.9000000000000001
48,-0.0028832000000000003,1.82,1.9000000000000001
49,-0.00288,1.84,1.92
50,-0.0028768,1.84,1.94
51,-0.0028736,1.86,1.94
52,-0.0028704,1.8800000000000001,1.94
53,-0.0028672000000000003,1.9000000000000001,1.98
54,-0.0028640000000000002,1.9000000000000001,1.98
55,-0.0028608,1.92,2.0
56,-0.0028576,1.92,2.02
57,-0.0028544,1.94,2.02
58,-0.0028512,1.94,2.04
59,-0.0028480000000000003,1.96,2.04
60,-0.0028448,1.96,2.06
61,-0.0028416,1.98,2.06
62,-0.0028384,1.98,2.06
63,-0.0028352,2.0,2.1
64,-0.0028320000000000003,2.02,2.1
65,-0.0028288000000000002,2.02,2.1
66,-0.0028256,2.04,2.12
67,-0.0028224,2.04,2.14
68,-0.0028192,2.06,2.14
69,-0.002816,2.06,2.14
70,-0.0028128000000000003,2.08,2.18
71,-0.0028096,2.08,2.18
72,-0.0028064,2.08,2.18
73,-0.0028032,2.12,2.2
74,-0.0028,2.12,2.2
75,-0.0027968000000000003,2.12,2.22
76,-0.0027936000000000002,2.12,2.24
77,-0.0027904,2.14,2.24
78,-0.0027872,2.16,2.2600000000000002
79,-0.002784,2.18,2.2600000000000002
80,-0.0027808,2.18,2.2800000000000002
81,-0.0027776,2.2,2.3000000000000003
82,-0.0027744,2.2,2.3000000000000003
83,-0.0027712,2.22,2.32
84,-0.002768,2.22,2.32
85,-0.0027648,2.22,2.34
86,-0.0027616000000000003,2.2600000000000002,2.34
87,-0.0027584000000000003,2.24,2.34
88,-0.0027552,2.2800000000000002,2.38
89,-0.002752,2.3000000000000003,2.38
90,-0.0027488,2.2800000000000002,2.4
91,-0.0027456,2.3000000000000003,2.4
92,-0.0027424,2.32,2.42
93,-0.0027392000000000002,2.32,2.42
94,-0.002736,2.34,2.44
95,-0.0027328,2.36,2.44
96,-0.0027296,2.36,2.46
97,-0.0027264,2.36,2.48
98,-0.0027232000000000003,2.38,2.48
99,-0.00272,2.38,2.5
100,-0.0027168,2.4,2.5
101,-0.0027136,2.4,2.52
102,-0.0027104,2.4,2.54
103,-0.0027072,2.44,2.52
104,-0.0027040000000000002,2.44,2.54
105,-0.0027008,2.46,2.56
106,-0.0026976,2.46,2.56
107,-0.0026944,2.46,2.58
108,-0.0026912,2.5,2.58
109,-0.0026880000000000003,2.5,2.6
110,-0.0026848,2.5,2.62
111,-0.0026816,2.5,2.62
112,-0.0026784,2.52,2.64
113,-0.0026752,2.52,2.64
114,-0.002672,2.54,2.66
115,-0.0026688000000000003,2.54,2.68
116,-0.0026656,2.56,2.68
117,-0.0026624,2.58,2.7
118,-0.0026592,2.58,2.7
119,-0.002656,2.6,2.72
120,-0.0026528000000000003,2.6,2.72
121,-0.0026496000000000002,2.62,2.74
122,-0.0026464,2.64,2.74
123,-0.0026432,2.64,2.7800000000000002
124,-0.00264,2.64,2.7800000000000002
125,-0.0026368,2.66,2.7800000000000002
126,-0.0026336000000000003,2.68,2.8000000000000003
127,-0.0026304,2.68,2.8000000000000003
128,-0.0026272,2.7,2.82
129,-0.002624,2.7,2.84
130,-0.0026208,2.72,2.84
131,-0.0026176000000000003,2.72,2.86
132,-0.0026144000000000002,2.74,2.88
133,-0.0026112,2.74,2.88
134,-0.002608,2.7600000000000002,2.88
135,-0.0026048,2.7800000000000002,2.9
136,-0.0026016,2.7800000000000002,2.9
137,-0.0025984000000000003,2.8000000000000003,2.92
138,-0.0025952,2.8000000000000003,2.94
139,-0.002592,2.82,2.94
140,-0.0025888,2.82,2.96
141,-0.0025856,2.84,2.98
142,-0.0025824000000000003,2.86,2.98
143,-0.0025792000000000002,2.86,3.0
144,-0.002576,2.88,3.0
145,-0.0025728,2.88,3.02
146,-0.0025696,2.9,3.02
147,-0.0025664,2.9,3.04
148,-0.0025632000000000003,2.9,3.04
149,-0.00256,2.94,3.06
150,-0.0025568,2.94,3.06
151,-0.0025536,2.94,3.08
152,-0.0025504,2.96,3.08
153,-0.0025472000000000003,2.96,3.12
154,-0.0025440000000000003,2.98,3.12
155,-0.0025408,3.0,3.12
156,-0.0025376,3.0,3.14
157,-0.0025344,3.0,3.16
158,-0.0025312,3.02,3.16
159,-0.002528,3.04,3.18
160,-0.0025248000000000002,3.04,3.18
161,-0.0025216,3.06,3.2
162,-0.0025184,3.06,3.2
163,-0.0025152,3.08,3.22
164,-0.0025120000000000003,3.08,3.24
165,-0.0025088000000000003,3.1,3.24
166,-0.0025056,3.12,3.2800000000000002
167,-0.0025024,3.12,3.2600000000000002
168,-0.0024992,3.14,3.2800000000000002
169,-0.002496,3.16,3.2800000000000002
170,-0.0024928,3.16,3.3000000000000003
171,-0.0024896000000000002,3.18,3.3000000000000003
172,-0.0024864,3.18,3.3200000000000003
173,-0.0024832,3.18,3.34
174,-0.00248,3.2,3.34
175,-0.0024768000000000004,3.22,3.36
176,-0.0024736000000000003,3.24,3.38
177,-0.0024704,3.2600000000000002,3.38
178,-0.0024672,3.24,3.4
179,-0.002464,3.2600000000000002,3.42
180,-0.0024608,3.2600000000000002,3.42
181,-0.0024576,3.3000000000000003,3.44
182,-0.0024544000000000002,3.3000000000000003,3.44
183,-0.0024512,3.3000000000000003,3.46
184,-0.002448,3.3200000000000003,3.46
185,-0.0024448,3.3200000000000003,3.48
186,-0.0024416000000000004,3.34,3.48
187,-0.0024384000000000003,3.34,3.48
188,-0.0024352,3.36,3.5
189,-0.002432,3.36,3.52
190,-0.0024288,3.38,3.54
191,-0.0024256,3.42,3.54
192,-0.0024224,3.4,3.54
193,-0.0024192000000000003,3.42,3.56
194,-0.002416,3.42,3.56
195,-0.0024128,3.44,3.58
196,-0.0024096,3.44,3.6
197,-0.0024064000000000004,3.46,3.6
198,-0.0024032000000000003,3.48,3.62
199,-0.0024000000000000002,3.48,3.64
200,-0.0023968,3.48,3.64
201,-0.0023936,3.5,3.66
202,-0.0023904,3.5,3.68
203,-0.0023872,3.52,3.68
204,-0.0023840000000000003,3.54,3.7
205,-0.0023808,3.54,3.7
206,-0.0023776,3.54,3.72
207,-0.0023744,3.58,3.74
208,-0.0023712000000000004,3.56,3.74
209,-0.0023680000000000003,3.6,3.74
210,-0.0023648000000000002,3.6,3.7600000000000002
211,-0.0023616,3.62,3.7800000000000002
212,-0.0023584,3.62,3.7800000000000002
213,-0.0023552,3.64,3.8000000000000003
214,-0.002352,3.64,3.8200000000000003
215,-0.0023488000000000003,3.66,3.8200000000000003
216,-0.0023456,3.66,3.84
217,-0.0023424,3.68,3.84
218,-0.0023392,3.68,3.86
219,-0.002336,3.72,3.86
220,-0.0023328000000000003,3.7,3.88
221,-0.0023296000000000002,3.72,3.88
222,-0.0023264,3.72,3.9
223,-0.0023232,3.74,3.9
224,-0.00232,3.7600000000000002,3.92
225,-0.0023168,3.7600000000000002,3.94
226,-0.0023136,3.7800000000000002,3.94
227,-0.0023104,3.7800000000000002,3.96
228,-0.0023072,3.8000000000000003,3.96
229,-0.002304,3.8000000000000003,3.98
230,-0.0023008,3.8200000000000003,4.0
231,-0.0022976000000000003,3.84,4.0
232,-0.0022944000000000003,3.86,4.0200000000000005
233,-0.0022912,3.86,4.0200000000000005
234,-0.002288,3.86,4.04
235,-0.0022848,3.88,4.04
236,-0.0022816,3.88,4.0600000000000005
237,-0.0022784,3.88,4.08
238,-0.0022752000000000002,3.9,4.08
239,-0.002272,3.9,4.08
240,-0.0022688,3.92,4.12
241,-0.0022656,3.94,4.12
242,-0.0022624000000000003,3.94,4.14
243,-0.0022592000000000003,3.96,4.14
244,-0.002256,3.98,4.16
245,-0.0022528,3.98,4.16
246,-0.0022496,4.0,4.18
247,-0.0022464,4.0,4.18
248,-0.0022432,4.0200000000000005,4.2
249,-0.0022400000000000002,4.0200000000000005,4.2
250,-0.0022368,4.04,4.22
251,-0.0022336,4.04,4.24
252,-0.0022304,4.08,4.24
253,-0.0022272000000000004,4.08,4.24
254,-0.0022240000000000003,4.08,4.26
255,-0.0022208,4.08,4.26
256,-0.0022176,4.1,4.28
257,-0.0022144,4.12,4.3
258,-0.0022112,4.12,4.3
259,-0.002208,4.14,4.32
260,-0.0022048000000000002,4.14,4.34
261,-0.0022016,4.16,4.34
262,-0.0021984,4.16,4.36
263,-0.0021952,4.18,4.36
264,-0.0021920000000000004,4.2,4.38
265,-0.0021888000000000003,4.2,4.38
266,-0.0021856,4.2,4.4
267,-0.0021824,4.22,4.4
268,-0.0021792,4.22,4.42
269,-0.002176,4.26,4.44
270,-0.0021728,4.26,4.46
271,-0.0021696000000000003,4.26,4.46
272,-0.0021664,4.28,4.48
273,-0.0021632,4.3,4.48
274,-0.00216,4.3,4.5
275,-0.0021568000000000004,4.32,4.5
276,-0.0021536000000000003,4.32,4.5200000000000005
277,-0.0021504000000000002,4.34,4.5200000000000005
278,-0.0021472,4.34,4.54
279,-0.002144,4.36,4.5600000000000005
280,-0.0021408,4.38,4.58
281,-0.0021376,4.38,4.58
282,-0.0021344000000000003,4.38,4.58
283,-0.0021312,4.4,4.6000000000000005
284,-0.002128,4.42,4.6000000000000005
285,-0.0021248,4.42,4.64
286,-0.0021216000000000004,4.42,4.64
287,-0.0021184000000000003,4.44,4.64
288,-0.0021152000000000002,4.46,4.66
289,-0.002112,4.46,4.66
290,-0.0021088,4.48,4.68
291,-0.0021056,4.48,4.68
292,-0.0021024,4.5200000000000005,4.7
293,-0.0020992000000000003,4.5,4.7
294,-0.002096,4.5200000000000005,4.72
295,-0.0020928,4.54,4.72
296,-0.0020896,4.54,4.74
297,-0.0020864,4.54,4.76
298,-0.0020832000000000003,4.5600000000000005,4.76
299,-0.0020800000000000003,4.58,4.78
300,-0.0020768,4.58,4.8
301,-0.0020736,4.6000000000000005,4.8
302,-0.0020704,4.6000000000000005,4.82
303,-0.0020672,4.62,4.82
304,-0.002064,4.64,4.84
305,-0.0020608000000000002,4.64,4.84
306,-0.0020576,4.64,4.86
307,-0.0020544,4.66,4.88
308,-0.0020512000000000004,4.66,4.88
309,-0.0020480000000000003,4.68,4.9
310,-0.0020448000000000003,4.7,4.9
311,-0.0020416,4.72,4.92
312,-0.0020384,4.72,4.92
313,-0.0020352,4.72,4.94
314,-0.002032,4.74,4.96
315,-0.0020288,4.76,4.96
316,-0.0020256000000000002,0.46,0.04
317,-0.0020224,0.06,0.04
318,-0.0020192,0.08,0.06
319,-0.0020160000000000004,0.06,0.08
320,-0.0020128000000000004,0.08,0.08
321,-0.0020096000000000003,0.08,0.08
322,-0.0020064,0.08,0.1
323,-0.0020032,0.1,0.1
324,-0.002,0.08,0.1
325,-0.0019968,0.1,0.12
326,-0.0019936,0.1,0.14
327,-0.0019904000000000002,0.12,0.14
328,-0.0019872,0.14,0.14
329,-0.001984,0.16,0.16
330,-0.0019808000000000004,0.16,0.16
331,-0.0019776000000000004,0.16,0.16
332,-0.0019744000000000003,0.18,0.2
333,-0.0019712,0.18,0.2
334,-0.001968,0.2,0.22
335,-0.0019648,0.2,0.22
336,-0.0019616,0.22,0.24
337,-0.0019584,0.22,0.26
338,-0.0019552,0.26,0.26
339,-0.0019520000000000002,0.26,0.26
340,-0.0019488,0.26,0.28
341,-0.0019456000000000002,0.28,0.3
342,-0.0019424000000000002,0.28,0.3
343,-0.0019392,0.3,0.32
344,-0.0019360000000000002,0.32,0.34
345,-0.0019328000000000001,0.32,0.34
346,-0.0019296,0.34,0.36
347,-0.0019264000000000002,0.34,0.36
348,-0.0019232000000000001,0.36,0.38
349,-0.00192,0.36,0.38
350,-0.0019168000000000002,0.36,0.4
351,-0.0019136000000000001,0.38,0.4
352,-0.0019104,0.4,0.42
353,-0.0019072000000000002,0.4,0.42
354,-0.001904,0.42,0.44
355,-0.0019008000000000002,0.42,0.46
356,-0.0018976000000000002,0.44,0.46
357,-0.0018944,0.44,0.48
358,-0.0018912000000000002,0.46,0.48
359,-0.0018880000000000001,0.48,0.5
360,-0.0018848,0.48,0.5
361,-0.0018816000000000002,0.5,0.52
362,-0.0018784000000000001,0.5,0.54
363,-0.0018752,0.52,0.54
364,-0.0018720000000000002,0.52,0.54
365,-0.0018688,0.54,0.56
366,-0.0018656000000000002,0.56,0.58
367,-0.0018624000000000002,0.56,0.58
368,-0.0018592,0.58,0.6
369,-0.0018560000000000002,0.58,0.6
370,-0.0018528000000000001,0.6,0.62
371,-0.0018496,0.6,0.64
372,-0.0018464000000000002,0.62,0.64
373,-0.0018432000000000001,0.62,0.66
374,-0.00184,0.64,0.68
375,-0.0018368000000000002,0.64,0.66
376,-0.0018336000000000001,0.66,0.7000000000000001
377,-0.0018304,0.68,0.7000000000000001
378,-0.0018272000000000002,0.68,0.7000000000000001
379,-0.001824,0.7000000000000001,0.72
380,-0.0018208000000000002,0.7000000000000001,0.74
381,-0.0018176000000000002,0.72,0.76
382,-0.0018144,0.72,0.76
383,-0.0018112000000000002,0.74,0.76
384,-0.0018080000000000001,0.74,0.78
385,-0.0018048,0.76,0.78
386,-0.0018016000000000002,0.78,0.8
387,-0.0017984000000000001,0.8,0.8200000000000001
388,-0.0017952,0.8,0.84
389,-0.0017920000000000002,0.8200000000000001,0.84
390,-0.0017888000000000001,0.8200000000000001,0.84
391,-0.0017856000000000003,0.8200000000000001,0.86
392,-0.0017824000000000002,0.8200000000000001,0.88
393,-0.0017792,0.86,0.9
394,-0.0017760000000000002,0.86,0.9
395,-0.0017728000000000002,0.88,0.9
396,-0.0017696,0.88,0.92
397,-0.0017664000000000002,0.9,0.9400000000000001
398,-0.0017632000000000001,0.9,0.9400000000000001
399,-0.00176,0.92,0.96
400,-0.0017568000000000002,0.92,0.96
401,-0.0017536000000000001,0.9400000000000001,0.98
402,-0.0017504,0.96,1.0
403,-0.0017472000000000002,0.96,1.0
404,-0.001744,0.96,1.02
405,-0.0017408000000000002,0.98,1.02
406,-0.0017376000000000002,1.0,1.04
407,-0.0017344,1.0,1.04
408,-0.0017312000000000002,1.02,1.06
409,-0.0017280000000000002,1.0,1.08
410,-0.0017248,1.04,1.08
411,-0.0017216000000000002,1.04,1.1
412,-0.0017184000000000001,1.06,1.1
413,-0.0017152,1.08,1.12
414,-0.0017120000000000002,1.08,1.12
415,-0.0017088000000000001,1.1,1.1400000000000001
416,-0.0017056000000000003,1.1,1.1400000000000001
417,-0.0017024000000000002,1.12,1.16
418,-0.0016992,1.12,1.18
419,-0.0016960000000000002,1.1400000000000001,1.2
420,-0.0016928000000000002,1.1400000000000001,1.2
421,-0.0016896,1.16,1.2
422,-0.0016864000000000002,1.18,1.22
423,-0.0016832000000000001,1.18,1.22
424,-0.00168,1.2,1.24
425,-0.0016768000000000002,1.2,1.26
426,-0.0016736000000000001,1.22,1.28
427,-0.0016704,1.22,1.28
428,-0.0016672000000000002,1.24,1.3
429,-0.0016640000000000001,1.24,1.3
430,-0.0016608000000000003,1.26,1.3
431,-0.0016576000000000002,1.26,1.32
432,-0.0016544,1.28,1.34
433,-0.0016512000000000002,1.28,1.36
434,-0.0016480000000000002,1.3,1.36
435,-0.0016448,1.32,1.3800000000000001
436,-0.0016416000000000002,1.32,1.3800000000000001
437,-0.0016384000000000001,1.34,1.4000000000000001
438,-0.0016352,1.34,1.42
439,-0.0016320000000000002,1.36,1.42
440,-0.0016288000000000001,1.36,1.42
441,-0.0016256,1.3800000000000001,1.44
442,-0.0016224000000000002,1.3800000000000001,1.46
443,-0.0016192000000000001,1.3800000000000001,1.46
444,-0.0016160000000000002,1.4000000000000001,1.48
445,-0.0016128000000000002,1.42,1.48
446,-0.0016096,1.44,1.5
447,-0.0016064000000000002,1.44,1.52
448,-0.0016032000000000002,1.46,1.52
449,-0.0016,1.46,1.52
450,-0.0015968000000000002,1.48,1.54
451,-0.0015936000000000001,1.48,1.56
452,-0.0015904,1.48,1.54
453,-0.0015872000000000002,1.5,1.58
454,-0.0015840000000000001,1.52,1.58
455,-0.0015808000000000003,1.52,1.58
456,-0.0015776000000000002,1.54,1.6
457,-0.0015744,1.56,1.62
458,-0.0015712000000000002,1.54,1.62
459,-0.0015680000000000002,1.58,1.6400000000000001
460,-0.0015648,1.58,1.6600000000000001
461,-0.0015616000000000002,1.6,1.6600000000000001
462,-0.0015584000000000001,1.6,1.68
463,-0.0015552,1.6,1.7
464,-0.0015520000000000002,1.62,1.7
465,-0.0015488000000000001,1.6400000000000001,1.7
466,-0.0015456,1.6600000000000001,1.72
467,-0.0015424000000000002,1.6600000000000001,1.74
468,-0.0015392000000000001,1.68,1.74
469,-0.0015360000000000003,1.68,1.76
470,-0.0015328000000000002,1.7,1.76
471,-0.0015296,1.7,1.78
472,-0.0015264000000000002,1.7,1.8
473,-0.0015232000000000002,1.72,1.8
474,-0.00152,1.74,1.82
475,-0.0015168000000000002,1.76,1.8
476,-0.0015136000000000001,1.76,1.84
477,-0.0015104,1.78,1.86
478,-0.0015072000000000002,1.78,1.86
479,-0.0015040000000000001,1.8,1.86
480,-0.0015008,1.8,1.8800000000000001
481,-0.0014976000000000002,1.82,1.8800000000000001
482,-0.0014944000000000001,1.82,1.9000000000000001
483,-0.0014912000000000003,1.84,1.9000000000000001
484,-0.0014880000000000002,1.84,1.92
485,-0.0014848,1.86,1.92
486,-0.0014816000000000002,1.86,1.94
487,-0.0014784000000000002,1.8800000000000001,1.96
488,-0.0014752,1.9000000000000001,1.96
489,-0.0014720000000000002,1.9000000000000001,1.98
490,-0.0014688000000000001,1.92,2.0
491,-0.0014656,1.92,2.02
492,-0.0014624000000000002,1.94,2.02
493,-0.0014592000000000001,1.96,2.04
494,-0.0014560000000000003,1.94,2.04
495,-0.0014528000000000002,1.96,2.06
496,-0.0014496,1.98,2.06
497,-0.0014464000000000002,2.0,2.08
498,-0.0014432000000000002,2.0,2.08
499,-0.00144,2.02,2.1
500,-0.0014368000000000002,2.02,2.1
501,-0.0014336000000000002,2.04,2.12
502,-0.0014304,2.04,2.14
503,-0.0014272000000000002,2.06,2.14
504,-0.0014240000000000001,2.06,2.16
505,-0.0014208,2.08,2.18
506,-0.0014176000000000002,2.08,2.18
507,-0.0014144000000000001,2.1,2.2
508,-0.0014112000000000003,2.1,2.2
509,-0.0014080000000000002,2.12,2.22
510,-0.0014048,2.14,2.22
511,-0.0014016000000000002,2.14,2.22
512,-0.0013984000000000002,2.16,2.2600000000000002
513,-0.0013952,2.16,2.2600000000000002
514,-0.0013920000000000002,2.18,2.2800000000000002
515,-0.0013888000000000001,2.18,2.2800000000000002
516,-0.0013856,2.18,2.3000000000000003
517,-0.0013824000000000002,2.2,2.3000000000000003
518,-0.0013792000000000001,2.22,2.32
519,-0.0013760000000000003,2.24,2.34
520,-0.0013728000000000002,2.24,2.32
521,-0.0013696000000000001,2.2600000000000002,2.36
522,-0.0013664000000000003,2.2600000000000002,2.36
523,-0.0013632000000000002,2.2600000000000002,2.38
524,-0.00136,2.2800000000000002,2.38
525,-0.0013568000000000002,2.3000000000000003,2.4
526,-0.0013536000000000002,2.3000000000000003,2.4
527,-0.0013504,2.32,2.42
528,-0.0013472000000000002,2.32,2.42
529,-0.0013440000000000001,2.34,2.44
530,-0.0013408,2.34,2.46
531,-0.0013376000000000002,2.36,2.46
532,-0.0013344000000000001,2.38,2.48
533,-0.0013312000000000003,2.38,2.5
534,-0.0013280000000000002,2.38,2.5
535,-0.0013248000000000001,2.4,2.52
536,-0.0013216000000000002,2.4,2.52
537,-0.0013184000000000002,2.42,2.52
538,-0.0013152,2.44,2.54
539,-0.0013120000000000002,2.44,2.54
540,-0.0013088000000000002,2.46,2.56
541,-0.0013056,2.46,2.58
542,-0.0013024000000000002,2.48,2.58
543,-0.0012992000000000001,2.5,2.58
544,-0.0012960000000000003,2.5,2.6
545,-0.0012928000000000002,2.5,2.62
546,-0.0012896000000000001,2.5,2.62
547,-0.0012864000000000003,2.52,2.66
548,-0.0012832000000000002,2.54,2.66
549,-0.00128,2.56,2.66
550,-0.0012768000000000002,2.56,2.68
551,-0.0012736000000000002,2.58,2.7
552,-0.0012704,2.58,2.7
553,-0.0012672000000000002,2.58,2.7
554,-0.0012640000000000001,2.6,2.72
555,-0.0012608,2.62,2.74
556,-0.0012576000000000002,2.62,2.74
557,-0.0012544000000000001,2.64,2.7600000000000002
558,-0.0012512000000000003,2.64,2.7600000000000002
559,-0.0012480000000000002,2.66,2.7800000000000002
560,-0.0012448000000000001,2.68,2.8000000000000003
561,-0.0012416000000000003,2.68,2.8000000000000003
562,-0.0012384000000000002,2.68,2.82
563,-0.0012352,2.7,2.82
564,-0.0012320000000000002,2.7,2.84
565,-0.0012288000000000002,2.72,2.84
566,-0.0012256,2.74,2.86
567,-0.0012224000000000002,2.74,2.86
568,-0.0012192000000000001,2.7600000000000002,2.88
569,-0.001216,2.7600000000000002,2.88
570,-0.0012128000000000002,2.7800000000000002,2.9
571,-0.0012096000000000001,2.8000000000000003,2.92
572,-0.0012064000000000003,2.8000000000000003,2.92
573,-0.0012032000000000002,2.8000000000000003,2.94
574,-0.0012000000000000001,2.82,2.94
575,-0.0011968000000000003,2.82,2.96
576,-0.0011936000000000002,2.84,2.96
577,-0.0011904,2.84,2.98
578,-0.0011872000000000002,2.86,3.0
579,-0.0011840000000000002,2.86,3.0
580,-0.0011808,2.88,3.02
581,-0.0011776000000000002,2.9,3.02
582,-0.0011744000000000001,2.92,3.04
583,-0.0011712000000000003,2.92,3.04
584,-0.0011680000000000002,2.92,3.06
585,-0.0011648000000000001,2.94,3.08
586,-0.0011616000000000003,2.94,3.08
587,-0.0011584000000000002,2.96,3.1
588,-0.0011552,2.98,3.1
589,-0.0011520000000000002,2.98,3.12
590,-0.0011488000000000002,3.0,3.12
591,-0.0011456,3.0,3.16
592,-0.0011424000000000002,3.0,3.14
593,-0.0011392000000000002,3.02,3.16
594,-0.001136,3.04,3.18
595,-0.0011328000000000002,3.04,3.2
596,-0.0011296000000000001,3.06,3.2
597,-0.0011264000000000003,3.08,3.22
598,-0.0011232000000000002,3.08,3.22
599,-0.0011200000000000001,3.1,3.24
600,-0.0011168000000000003,3.1,3.2600000000000002
601,-0.0011136000000000002,3.12,3.2600000000000002
602,-0.0011104,3.12,3.2600000000000002
603,-0.0011072000000000002,3.14,3.2800000000000002
604,-0.0011040000000000002,3.16,3.2800000000000002
605,-0.0011008,3.16,3.3000000000000003
606,-0.0010976000000000002,3.16,3.3200000000000003
607,-0.0010944000000000001,3.18,3.34
608,-0.0010912,3.2,3.36
609,-0.0010880000000000002,3.2,3.36
610,-0.0010848000000000001,3.22,3.36
611,-0.0010816000000000003,3.22,3.38
612,-0.0010784000000000002,3.24,3.38
613,-0.0010752000000000001,3.24,3.42
614,-0.001072,3.2600000000000002,3.42
615,-0.0010688000000000004,3.2600000000000002,3.42
616,-0.0010656000000000003,3.2800000000000002,3.44
617,-0.0010624000000000002,3.3000000000000003,3.44
618,-0.0010592000000000002,3.3000000000000003,3.46
619,-0.001056,3.3200000000000003,3.46
620,-0.0010528,3.3200000000000003,3.48
621,-0.0010496000000000004,3.34,3.5
622,-0.0010464000000000003,3.36,3.5
623,-0.0010432000000000002,3.36,3.52
624,-0.0010400000000000001,3.38,3.52
625,-0.0010368,3.38,3.54
626,-0.0010336,3.4,3.54
627,-0.0010304000000000003,3.4,3.56
628,-0.0010272000000000002,3.42,3.56
629,-0.0010240000000000002,3.42,3.58
630,-0.0010208,3.44,3.58
631,-0.0010176,3.46,3.6
632,-0.0010144000000000004,3.46,3.62
633,-0.0010112000000000003,3.48,3.62
634,-0.0010080000000000002,3.48,3.64
635,-0.0010048000000000001,3.5,3.64
636,-0.0010016,3.5,3.66
637,-0.0009984,3.52,3.68
638,-0.0009952000000000003,3.52,3.68
639,-0.0009920000000000003,3.54,3.7
640,-0.0009888000000000002,3.54,3.7
641,-0.0009856,3.56,3.72
642,-0.0009824,3.56,3.72
643,-0.0009792000000000004,3.58,3.74
644,-0.0009760000000000003,3.6,3.7600000000000002
645,-0.0009728000000000002,3.6,3.7600000000000002
646,-0.0009696000000000001,3.62,3.7800000000000002
647,-0.0009664000000000001,3.62,3.7800000000000002
648,-0.0009632,3.64,3.8000000000000003
649,-0.0009600000000000003,3.66,3.8200000000000003
650,-0.0009568000000000003,3.66,3.8200000000000003
651,-0.0009536000000000002,3.66,3.84
652,-0.0009504000000000001,3.68,3.84
653,-0.0009472,3.68,3.86
654,-0.0009440000000000004,3.7,3.86
655,-0.0009408000000000003,3.7,3.88
656,-0.0009376000000000002,3.72,3.88
657,-0.0009344000000000002,3.74,3.9
658,-0.0009312000000000001,3.74,3.9
659,-0.000928,3.7600000000000002,3.92
660,-0.0009248000000000004,3.7800000000000002,3.94
661,-0.0009216000000000003,3.7800000000000002,3.96
662,-0.0009184000000000002,3.7800000000000002,3.96
663,-0.0009152000000000001,3.8000000000000003,3.98
664,-0.000912,3.8000000000000003,3.98
665,-0.0009088,3.8200000000000003,3.98
666,-0.0009056000000000003,3.8200000000000003,4.0
667,-0.0009024000000000003,3.84,4.0200000000000005
668,-0.0008992000000000002,3.86,4.0200000000000005
669,-0.0008960000000000001,3.88,4.04
670,-0.0008928,3.88,4.04
671,-0.0008896000000000004,3.88,4.0600000000000005
672,-0.0008864000000000003,3.9,4.0600000000000005
673,-0.0008832000000000002,3.92,4.08
674,-0.0008800000000000001,3.92,4.1
675,-0.0008768000000000001,3.92,4.1
676,-0.0008736,3.94,4.12
677,-0.0008704000000000003,3.94,4.12
678,-0.0008672000000000003,3.96,4.14
679,-0.0008640000000000002,3.98,4.16
680,-0.0008608000000000001,3.98,4.16
681,-0.0008576,4.0,4.18
682,-0.0008544000000000004,4.0,4.2
683,-0.0008512000000000003,4.0200000000000005,4.2
684,-0.0008480000000000002,4.04,4.22
685,-0.0008448000000000002,4.04,4.22
686,-0.0008416000000000001,4.04,4.24
687,-0.0008384,4.0600000000000005,4.24
688,-0.0008352000000000004,4.08,4.26
689,-0.0008320000000000003,4.08,4.26
690,-0.0008288000000000002,4.1,4.28
691,-0.0008256000000000001,4.12,4.3
692,-0.0008224,4.12,4.32
693,-0.0008192000000000004,4.12,4.3
694,-0.0008160000000000003,4.14,4.32
695,-0.0008128000000000002,4.14,4.34
696,-0.0008096000000000002,4.16,4.34
697,-0.0008064000000000001,4.18,4.36
698,-0.0008032,4.18,4.38
699,-0.0008000000000000004,4.2,4.38
700,-0.0007968000000000003,4.22,4.4
701,-0.0007936000000000002,4.22,4.4
702,-0.0007904000000000001,4.22,4.42
703,-0.0007872,4.24,4.42
704,-0.000784,4.24,4.44
705,-0.0007808000000000003,4.26,4.46
706,-0.0007776000000000003,4.28,4.46
707,-0.0007744000000000002,4.28,4.48
708,-0.0007712000000000001,4.3,4.48
709,-0.000768,4.3,4.5
710,-0.0007648000000000004,4.32,4.5200000000000005
711,-0.0007616000000000003,4.32,4.5200000000000005
712,-0.0007584000000000002,4.36,4.54
713,-0.0007552000000000001,4.34,4.54
714,-0.0007520000000000001,4.36,4.5600000000000005
715,-0.0007488,4.36,4.5600000000000005
716,-0.0007456000000000003,4.38,4.58
717,-0.0007424000000000003,4.4,4.58
718,-0.0007392000000000002,4.4,4.6000000000000005
719,-0.0007360000000000001,4.42,4.62
720,-0.0007328,4.42,4.62
721,-0.0007296000000000004,4.44,4.64
722,-0.0007264000000000003,4.44,4.64
723,-0.0007232000000000002,4.46,4.66
724,-0.0007200000000000002,4.46,4.68
725,-0.0007168000000000001,4.48,4.68
726,-0.0007136,4.48,4.7
727,-0.0007104000000000004,4.5,4.7
728,-0.0007072000000000003,4.5200000000000005,4.7
729,-0.0007040000000000002,4.5200000000000005,4.72
730,-0.0007008000000000001,4.54,4.72
731,-0.0006976,4.54,4.74
732,-0.0006944000000000004,4.5600000000000005,4.76
733,-0.0006912000000000003,4.5600000000000005,4.78
734,-0.0006880000000000002,4.58,4.78
735,-0.0006848000000000002,4.58,4.8
736,-0.0006816000000000001,4.6000000000000005,4.8
737,-0.0006784,4.62,4.82
738,-0.0006752000000000004,4.62,4.84
739,-0.0006720000000000003,4.64,4.84
740,-0.0006688000000000002,4.64,4.84
741,-0.0006656000000000001,4.66,4.86
742,-0.0006624000000000001,4.66,4.88
743,-0.0006592000000000004,4.68,4.88
744,-0.0006560000000000003,4.68,4.9
745,-0.0006528000000000003,4.7,4.9
746,-0.0006496000000000002,4.72,4.92
747,-0.0006464000000000001,4.72,4.94
748,-0.0006432,4.74,4.94
749,-0.0006400000000000004,4.74,4.94
750,-0.0006368000000000003,4.76,4.96
751,-0.0006336000000000002,0.14,0.04
752,-0.0006304000000000001,0.08,0.04
753,-0.0006272000000000001,0.08,0.06
754,-0.000624,0.08,0.06
755,-0.0006208000000000003,0.08,0.08
756,-0.0006176000000000003,0.08,0.08
757,-0.0006144000000000002,0.08,0.1
758,-0.0006112000000000001,0.08,0.1
759,-0.000608,0.1,0.12
760,-0.0006048000000000004,0.1,0.12
761,-0.0006016000000000003,0.12,0.12
762,-0.0005984000000000002,0.12,0.12
763,-0.0005952000000000002,0.14,0.14
764,-0.0005920000000000001,0.14,0.16
765,-0.0005888,0.16,0.18
766,-0.0005856000000000004,0.18,0.18
767,-0.0005824000000000003,0.18,0.2
768,-0.0005792000000000002,0.2,0.22
769,-0.0005760000000000001,0.2,0.2
770,-0.0005728,0.2,0.24
771,-0.0005696000000000004,0.22,0.24
772,-0.0005664000000000003,0.22,0.26
773,-0.0005632000000000002,0.24,0.26
774,-0.0005600000000000002,0.26,0.28
775,-0.0005568000000000001,0.26,0.28
776,-0.0005536,0.28,0.3
777,-0.0005504000000000004,0.28,0.32
778,-0.0005472000000000003,0.3,0.32
779,-0.0005440000000000002,0.3,0.34
780,-0.0005408000000000001,0.32,0.34
781,-0.0005376000000000001,0.34,0.34
782,-0.0005344000000000004,0.34,0.36
783,-0.0005312000000000003,0.36,0.38
784,-0.0005280000000000003,0.36,0.38
785,-0.0005248000000000002,0.38,0.4
786,-0.0005216000000000001,0.38,0.4
787,-0.0005184,0.4,0.42
788,-0.0005152000000000004,0.42,0.42
789,-0.0005120000000000003,0.42,0.44
790,-0.0005088000000000002,0.44,0.46
791,-0.0005056000000000001,0.44,0.46
792,-0.0005024000000000001,0.46,0.48
793,-0.0004992,0.46,0.48
794,-0.0004960000000000003,0.48,0.5
795,-0.0004928000000000003,0.48,0.52
796,-0.0004896000000000002,0.5,0.54
797,-0.0004864000000000001,0.5,0.52
798,-0.00048320000000000004,0.52,0.56
799,-0.0004800000000000004,0.52,0.56
800,-0.0004768000000000003,0.54,0.58
801,-0.00047360000000000024,0.56,0.58
802,-0.00047040000000000016,0.56,0.6
803,-0.0004672000000000001,0.58,0.6
804,-0.000464,0.58,0.62
805,-0.00046080000000000036,0.6,0.64
806,-0.0004576000000000003,0.6,0.64
807,-0.0004544000000000002,0.62,0.66
808,-0.0004512000000000001,0.64,0.66
809,-0.00044800000000000005,0.64,0.68
810,-0.0004448000000000004,0.66,0.7000000000000001
811,-0.0004416000000000003,0.66,0.7000000000000001
812,-0.00043840000000000025,0.68,0.7000000000000001
813,-0.00043520000000000017,0.68,0.7000000000000001
814,-0.0004320000000000001,0.7000000000000001,0.72
815,-0.0004288,0.72,0.74
816,-0.00042560000000000037,0.72,0.76
817,-0.0004224000000000003,0.74,0.76
818,-0.0004192000000000002,0.74,0.78
819,-0.00041600000000000014,0.76,0.8
820,-0.00041280000000000006,0.78,0.8
821,-0.0004096000000000004,0.78,0.8200000000000001
822,-0.00040640000000000034,0.8,0.8
823,-0.00040320000000000026,0.8,0.84
824,-0.0004000000000000002,0.8200000000000001,0.86
825,-0.0003968000000000001,0.8200000000000001,0.86
826,-0.0003936,0.84,0.86
827,-0.0003904000000000004,0.84,0.88
828,-0.0003872000000000003,0.86,0.9
829,-0.0003840000000000002,0.86,0.9
830,-0.00038080000000000015,0.88,0.92
831,-0.00037760000000000007,0.9,0.92
832,-0.0003744000000000004,0.9,0.9400000000000001
833,-0.00037120000000000035,0.92,0.96
834,-0.00036800000000000027,0.92,0.96
835,-0.0003648000000000002,0.9400000000000001,0.96
836,-0.0003616000000000001,0.9400000000000001,0.98
837,-0.00035840000000000004,0.96,0.98
838,-0.0003552000000000004,0.98,1.02
839,-0.0003520000000000003,0.98,1.02
840,-0.00034880000000000024,0.98,1.04
841,-0.00034560000000000016,1.0,1.04
842,-0.0003424000000000001,1.0,1.04
843,-0.0003392,1.02,1.06
844,-0.00033600000000000036,1.04,1.08
845,-0.0003328000000000003,1.04,1.1
846,-0.0003296000000000002,1.06,1.08
847,-0.00032640000000000013,1.06,1.1
848,-0.00032320000000000005,1.08,1.12
849,-0.0003200000000000004,1.08,1.12
850,-0.00031680000000000033,1.1,1.1400000000000001
851,-0.00031360000000000025,1.1,1.1400000000000001
852,-0.00031040000000000017,1.12,1.16
853,-0.0003072000000000001,1.1400000000000001,1.18
854,-0.000304,1.1400000000000001,1.18
855,-0.00030080000000000037,1.16,1.2
856,-0.0002976000000000003,1.16,1.22
857,-0.0002944000000000002,1.18,1.22
858,-0.00029120000000000014,1.18,1.24
859,-0.00028800000000000006,1.2,1.24
860,-0.0002848000000000004,1.2,1.26
861,-0.00028160000000000034,1.22,1.28
862,-0.00027840000000000026,1.24,1.28
863,-0.0002752000000000002,1.24,1.3
864,-0.0002720000000000001,1.24,1.3
865,-0.00026880000000000003,1.26,1.32
866,-0.0002656000000000004,1.28,1.32
867,-0.0002624000000000003,1.28,1.34
868,-0.00025920000000000023,1.3,1.36
869,-0.00025600000000000015,1.3,1.36
870,-0.0002528000000000001,1.32,1.3800000000000001
871,-0.00024960000000000043,1.32,1.3800000000000001
872,-0.00024640000000000035,1.34,1.4000000000000001
873,-0.00024320000000000027,1.36,1.4000000000000001
874,-0.0002400000000000002,1.36,1.42
875,-0.00023680000000000012,1.36,1.42
876,-0.00023360000000000004,1.3800000000000001,1.44
877,-0.0002304000000000004,1.4000000000000001,1.46
878,-0.00022720000000000032,1.4000000000000001,1.46
879,-0.00022400000000000024,1.42,1.46
880,-0.00022080000000000016,1.42,1.5
881,-0.00021760000000000009,1.42,1.5
882,-0.0002144,1.46,1.5
883,-0.00021120000000000036,1.46,1.52
884,-0.00020800000000000029,1.48,1.54
885,-0.0002048000000000002,1.48,1.54
886,-0.00020160000000000013,1.5,1.56
887,-0.00019840000000000005,1.5,1.56
888,-0.0001952000000000004,1.52,1.58
889,-0.00019200000000000033,1.52,1.6
890,-0.00018880000000000025,1.54,1.6
891,-0.00018560000000000017,1.54,1.62
892,-0.0001824000000000001,1.56,1.62
893,-0.00017920000000000002,1.56,1.6400000000000001
894,-0.00017600000000000037,1.58,1.6400000000000001
895,-0.0001728000000000003,1.6,1.6600000000000001
896,-0.00016960000000000022,1.6,1.6600000000000001
897,-0.00016640000000000014,1.62,1.68
898,-0.00016320000000000006,1.62,1.7
899,-0.00016000000000000042,1.6400000000000001,1.7
900,-0.00015680000000000034,1.6400000000000001,1.72
901,-0.00015360000000000026,1.6600000000000001,1.72
902,-0.00015040000000000019,1.6600000000000001,1.74
903,-0.0001472000000000001,1.68,1.74
904,-0.00014400000000000003,1.68,1.76
905,-0.0001408000000000004,1.68,1.78
906,-0.0001376000000000003,1.7,1.76
907,-0.00013440000000000023,1.72,1.8
908,-0.00013120000000000015,1.72,1.8
909,-0.00012800000000000008,1.74,1.82
910,-0.00012480000000000043,1.76,1.82
911,-0.00012160000000000035,1.78,1.84
912,-0.00011840000000000028,1.78,1.84
913,-0.0001152000000000002,1.78,1.86
914,-0.00011200000000000012,1.8,1.8800000000000001
915,-0.00010880000000000004,1.8,1.8800000000000001
916,-0.0001056000000000004,1.82,1.9000000000000001
917,-0.00010240000000000032,1.82,1.92
918,-9.920000000000024e-05,1.84,1.92
919,-9.600000000000017e-05,1.84,1.92
920,-9.280000000000009e-05,1.86,1.94
921,-8.960000000000001e-05,1.8800000000000001,1.94
922,-8.640000000000037e-05,1.8800000000000001,1.96
923,-8.320000000000029e-05,1.9000000000000001,1.98
924,-8.000000000000021e-05,1.9000000000000001,2.0
925,-7.680000000000013e-05,1.92,2.0
926,-7.360000000000005e-05,1.92,2.02
927,-7.040000000000041e-05,1.92,2.02
928,-6.720000000000033e-05,1.96,2.04
929,-6.400000000000025e-05,1.96,2.04
930,-6.080000000000018e-05,1.98,2.06
931,-5.76000000000001e-05,1.98,2.06
932,-5.440000000000002e-05,2.0,2.08
933,-5.120000000000038e-05,2.0,2.1
934,-4.80000000000003e-05,2.02,2.12
935,-4.480000000000022e-05,2.02,2.1
936,-4.1600000000000144e-05,2.02,2.12
937,-3.8400000000000066e-05,2.04,2.14
938,-3.520000000000042e-05,2.06,2.16
939,-3.2000000000000344e-05,2.08,2.16
940,-2.8800000000000266e-05,2.08,2.18
941,-2.560000000000019e-05,2.1,2.18
942,-2.240000000000011e-05,2.1,2.18
943,-1.9200000000000033e-05,2.12,2.22
944,-1.600000000000039e-05,2.12,2.2
945,-1.2800000000000311e-05,2.14,2.22
946,-9.600000000000233e-06,2.14,2.24
947,-6.4000000000001556e-06,2.16,2.24
948,-3.2000000000000778e-06,2.16,2.2600000000000002
949,-4.336808689942018e-19,2.16,2.2800000000000002
950,3.199999999999644e-06,2.2,2.2800000000000002
951,6.399999999999722e-06,2.18,2.3000000000000003
952,9.5999999999998e-06,2.22,2.3000000000000003
953,1.2799999999999877e-05,2.22,2.32
954,1.5999999999999955e-05,2.24,2.34
955,1.91999999999996e-05,2.24,2.34
956,2.2399999999999677e-05,2.2600000000000002,2.36
957,2.5599999999999755e-05,2.2600000000000002,2.36
958,2.8799999999999833e-05,2.2800000000000002,2.38
959,3.199999999999991e-05,2.3000000000000003,2.4
960,3.519999999999999e-05,2.3000000000000003,2.4
961,3.839999999999963e-05,2.3000000000000003,2.42
962,4.159999999999971e-05,2.32,2.42
963,4.479999999999979e-05,2.34,2.42
964,4.7999999999999866e-05,2.34,2.44
965,5.1199999999999943e-05,2.36,2.46
966,5.439999999999959e-05,2.36,2.46
967,5.7599999999999665e-05,2.36,2.48
968,6.079999999999974e-05,2.38,2.48
969,6.399999999999982e-05,2.4,2.5
970,6.71999999999999e-05,2.42,2.5
971,7.039999999999998e-05,2.4,2.52
972,7.359999999999962e-05,2.42,2.54
973,7.67999999999997e-05,2.42,2.54
974,7.999999999999978e-05,2.44,2.56
975,8.319999999999985e-05,2.44,2.56
976,8.639999999999993e-05,2.48,2.58
977,8.959999999999958e-05,2.48,2.6
978,9.279999999999965e-05,2.48,2.6
979,9.599999999999973e-05,2.5,2.62
980,9.919999999999981e-05,2.5,2.62
981,0.00010239999999999989,2.52,2.64
982,0.00010559999999999996,2.52,2.64
983,0.00010879999999999961,2.56,2.68
984,0.00011199999999999969,2.56,2.68
985,0.00011519999999999976,2.56,2.68
986,0.00011839999999999984,2.56,2.7
987,0.00012159999999999992,2.58,2.7
988,0.00012479999999999956,2.58,2.72
989,0.00012799999999999964,2.6,2.72
990,0.00013119999999999972,2.62,2.74
991,0.0001343999999999998,2.62,2.74
992,0.00013759999999999988,2.64,2.7600000000000002
993,0.00014079999999999995,2.64,2.7800000000000002
994,0.0001439999999999996,2.66,2.7800000000000002
995,0.00014719999999999967,2.68,2.8000000000000003
996,0.00015039999999999975,2.68,2.8000000000000003
997,0.00015359999999999983,2.68,2.82
998,0.0001567999999999999,2.72,2.82
999,0.00015999999999999955,2.72,2.84
1000,0.00016319999999999963,2.72,2.84
1001,0.0001663999999999997,2.74,2.86
1002,0.00016959999999999979,2.74,2.88
1003,0.00017279999999999986,2.7600000000000002,2.9
1004,0.00017599999999999994,2.7800000000000002,2.9
1005,0.00017919999999999959,2.7800000000000002,2.92
1006,0.00018239999999999966,2.8000000000000003,2.92
1007,0.00018559999999999974,2.8000000000000003,2.92
1008,0.00018879999999999982,2.82,2.94
1009,0.0001919999999999999,2.84,2.94
1010,0.00019519999999999997,2.84,2.98
1011,0.00019839999999999962,2.84,2.98
1012,0.0002015999999999997,2.86,3.0
1013,0.00020479999999999977,2.86,3.0
1014,0.00020799999999999985,2.88,3.02
1015,0.00021119999999999993,2.88,3.02
1016,0.00021439999999999957,2.9,3.02
1017,0.00021759999999999965,2.9,3.04
1018,0.00022079999999999973,2.92,3.04
1019,0.0002239999999999998,2.92,3.06
1020,0.00022719999999999988,2.94,3.08
1021,0.00023039999999999996,2.94,3.1
1022,0.0002335999999999996,2.96,3.1
1023,0.00023679999999999968,2.98,3.1
1024,0.00023999999999999976,2.98,3.12
1025,0.00024319999999999984,3.0,3.14
1026,0.0002463999999999999,3.0,3.14
1027,0.00024959999999999956,3.02,3.18
1028,0.00025279999999999964,3.04,3.18
1029,0.0002559999999999997,3.04,3.18
1030,0.0002591999999999998,3.06,3.18
1031,0.0002623999999999999,3.06,3.2
1032,0.00026559999999999995,3.1,3.22
1033,0.0002687999999999996,3.08,3.22
1034,0.00027199999999999967,3.1,3.24
1035,0.00027519999999999975,3.12,3.24
1036,0.00027839999999999983,3.14,3.2600000000000002
1037,0.0002815999999999999,3.14,3.2800000000000002
1038,0.00028479999999999955,3.14,3.3000000000000003
1039,0.00028799999999999963,3.16,3.3000000000000003
1040,0.0002911999999999997,3.16,3.3200000000000003
1041,0.0002943999999999998,3.18,3.34
1042,0.00029759999999999986,3.18,3.34
1043,0.00030079999999999994,3.2,3.34
1044,0.0003039999999999996,3.22,3.36
1045,0.00030719999999999966,3.24,3.36
1046,0.00031039999999999974,3.22,3.4
1047,0.0003135999999999998,3.2600000000000002,3.38
1048,0.0003167999999999999,3.24,3.4
1049,0.00031999999999999997,3.2600000000000002,3.4
1050,0.0003231999999999996,3.2800000000000002,3.44
1051,0.0003263999999999997,3.2800000000000002,3.42
1052,0.00032959999999999977,3.3200000000000003,3.44
1053,0.00033279999999999985,3.3200000000000003,3.46
1054,0.00033599999999999993,3.3200000000000003,3.46
1055,0.00033919999999999957,3.34,3.48
1056,0.00034239999999999965,3.36,3.5
1057,0.0003455999999999997,3.36,3.52
1058,0.0003487999999999998,3.36,3.52
1059,0.0003519999999999999,3.38,3.52
1060,0.00035519999999999996,3.38,3.54
1061,0.0003583999999999996,3.4,3.56
1062,0.0003615999999999997,3.4,3.56
1063,0.00036479999999999976,3.42,3.56
1064,0.00036799999999999984,3.44,3.58
1065,0.0003711999999999999,3.44,3.6
1066,0.00037439999999999956,3.44,3.6
1067,0.00037759999999999964,3.46,3.62
1068,0.0003807999999999997,3.48,3.64
1069,0.0003839999999999998,3.48,3.64
1070,0.00038719999999999987,3.5,3.66
1071,0.00039039999999999995,3.5,3.66
1072,0.0003935999999999996,3.52,3.68
1073,0.00039679999999999967,3.52,3.7
1074,0.00039999999999999975,3.54,3.7
1075,0.0004031999999999998,3.54,3.7
1076,0.0004063999999999999,3.56,3.72
1077,0.00040959999999999955,3.58,3.74
1078,0.0004127999999999996,3.58,3.74
1079,0.0004159999999999997,3.58,3.7600000000000002
1080,0.0004191999999999998,3.6,3.7600000000000002
1081,0.00042239999999999986,3.6,3.7800000000000002
1082,0.00042559999999999994,3.62,3.8000000000000003
1083,0.0004287999999999996,3.64,3.8000000000000003
1084,0.00043199999999999966,3.64,3.8200000000000003
1085,0.00043519999999999974,3.66,3.84
1086,0.0004383999999999998,3.68,3.84
1087,0.0004415999999999999,3.68,3.84
1088,0.00044479999999999954,3.68,3.86
1089,0.0004479999999999996,3.7,3.86
1090,0.0004511999999999997,3.72,3.88
1091,0.00045439999999999977,3.72,3.9
1092,0.00045759999999999985,3.74,3.92
1093,0.0004607999999999999,3.74,3.92
1094,0.00046399999999999957,3.7600000000000002,3.92
1095,0.00046719999999999965,3.7600000000000002,3.94
1096,0.0004703999999999997,3.7800000000000002,3.94
1097,0.0004735999999999998,3.8000000000000003,3.98
1098,0.0004767999999999999,3.8000000000000003,3.98
1099,0.00047999999999999996,3.8200000000000003,3.98
1100,0.0004831999999999996,3.8200000000000003,4.0
1101,0.0004863999999999997,3.84,4.0
1102,0.0004895999999999998,3.84,4.0200000000000005
1103,0.0004927999999999998,3.86,4.04
1104,0.0004959999999999999,3.86,4.04
1105,0.0004991999999999996,3.88,4.0600000000000005
1106,0.0005023999999999996,3.9,4.0600000000000005
1107,0.0005055999999999997,3.9,4.08
1108,0.0005087999999999998,3.92,4.08
1109,0.0005119999999999999,3.92,4.1
1110,0.0005152,3.92,4.1
1111,0.0005183999999999996,3.94,4.12
1112,0.0005215999999999997,3.94,4.14
1113,0.0005247999999999997,3.96,4.14
1114,0.0005279999999999998,3.98,4.16
1115,0.0005311999999999999,4.0,4.16
1116,0.0005343999999999995,4.0200000000000005,4.18
1117,0.0005375999999999996,4.0200000000000005,4.18
1118,0.0005407999999999997,4.04,4.2
1119,0.0005439999999999998,4.04,4.22
1120,0.0005471999999999999,4.04,4.22
1121,0.0005503999999999999,4.0600000000000005,4.22
1122,0.0005535999999999996,4.08,4.26
1123,0.0005567999999999997,4.08,4.26
1124,0.0005599999999999997,4.1,4.28
1125,0.0005631999999999998,4.1,4.28
1126,0.0005663999999999999,4.12,4.28
1127,0.0005695999999999995,4.12,4.3
1128,0.0005727999999999996,4.14,4.32
1129,0.0005759999999999997,4.14,4.34
1130,0.0005791999999999998,4.16,4.34
1131,0.0005823999999999998,4.18,4.36
1132,0.0005855999999999999,4.18,4.36
1133,0.0005887999999999996,4.18,4.38
1134,0.0005919999999999996,4.2,4.38
1135,0.0005951999999999997,4.22,4.4
1136,0.0005983999999999998,4.22,4.4
1137,0.0006015999999999999,4.22,4.42
1138,0.0006048,4.24,4.44
1139,0.0006079999999999996,4.26,4.44
1140,0.0006111999999999997,4.26,4.46
1141,0.0006143999999999998,4.28,4.46
1142,0.0006175999999999998,4.28,4.48
1143,0.0006207999999999999,4.3,4.48
1144,0.0006239999999999996,4.3,4.5
1145,0.0006271999999999996,4.32,4.5200000000000005
1146,0.0006303999999999997,4.34,4.5200000000000005
1147,0.0006335999999999998,4.34,4.54
1148,0.0006367999999999999,4.36,4.54
1149,0.0006399999999999999,4.36,4.5600000000000005
1150,0.0006431999999999996,4.38,4.58
1151,0.0006463999999999997,4.38,4.58
1152,0.0006495999999999997,4.4,4.6000000000000005
1153,0.0006527999999999998,4.4,4.6000000000000005
1154,0.0006559999999999999,4.44,4.62
1155,0.0006591999999999995,4.42,4.62
1156,0.0006623999999999996,4.44,4.64
1157,0.0006655999999999997,4.44,4.64
1158,0.0006687999999999998,4.46,4.66
1159,0.0006719999999999999,4.48,4.68
1160,0.0006751999999999999,4.48,4.68
1161,0.0006783999999999996,4.5200000000000005,4.7
1162,0.0006815999999999997,4.5,4.7
1163,0.0006847999999999997,4.5200000000000005,4.72
1164,0.0006879999999999998,4.54,4.72
1165,0.0006911999999999999,4.54,4.74
1166,0.0006943999999999995,4.5600000000000005,4.78
1167,0.0006975999999999996,4.5600000000000005,4.76
1168,0.0007007999999999997,4.5600000000000005,4.78
1169,0.0007039999999999998,4.6000000000000005,4.78
1170,0.0007071999999999998,4.6000000000000005,4.8
1171,0.0007103999999999999,4.6000000000000005,4.82
1172,0.0007135999999999996,4.62,4.82
1173,0.0007167999999999996,4.62,4.84
1174,0.0007199999999999997,4.64,4.84
1175,0.0007231999999999998,4.64,4.86
1176,0.0007263999999999999,4.66,4.86
1177,0.0007296,4.68,4.88
1178,0.0007327999999999996,4.68,4.88
1179,0.0007359999999999997,4.7,4.9
1180,0.0007391999999999998,4.72,4.9
1181,0.0007423999999999998,4.72,4.92
1182,0.0007455999999999999,4.72,4.94
1183,0.0007487999999999996,4.74,4.94
1184,0.0007519999999999996,4.76,4.96
1185,0.0007551999999999997,1.6400000000000001,0.06
1186,0.0007583999999999998,0.08,0.04
1187,0.0007615999999999999,0.08,0.06
1188,0.0007647999999999999,0.06,0.06
1189,0.0007679999999999996,0.08,0.08
1190,0.0007711999999999997,0.08,0.06
1191,0.0007743999999999997,0.08,0.08
1192,0.0007775999999999998,0.08,0.1
1193,0.0007807999999999999,0.1,0.1
1194,0.0007839999999999995,0.1,0.12
1195,0.0007871999999999996,0.12,0.12
1196,0.0007903999999999997,0.12,0.14
1197,0.0007935999999999998,0.14,0.14
1198,0.0007967999999999999,0.14,0.14
1199,0.0007999999999999999,0.14,0.16
1200,0.0008031999999999996,0.16,0.18
1201,0.0008063999999999997,0.18,0.18
1202,0.0008095999999999997,0.18,0.2
1203,0.0008127999999999998,0.2,0.2
1204,0.0008159999999999999,0.2,0.22
1205,0.0008191999999999995,0.22,0.24
1206,0.0008223999999999996,0.22,0.24
1207,0.0008255999999999997,0.24,0.26
1208,0.0008287999999999998,0.26,0.26
1209,0.0008319999999999998,0.26,0.28
1210,0.0008351999999999999,0.28,0.3
1211,0.0008383999999999996,0.28,0.3
1212,0.0008415999999999996,0.3,0.32
1213,0.0008447999999999997,0.3,0.32
1214,0.0008479999999999998,0.32,0.34
1215,0.0008511999999999999,0.34,0.32
1216,0.0008544,0.34,0.36
1217,0.0008575999999999996,0.34,0.38
1218,0.0008607999999999997,0.36,0.38
1219,0.0008639999999999998,0.36,0.38
1220,0.0008671999999999998,0.38,0.4
1221,0.0008703999999999995,0.4,0.42
1222,0.0008735999999999996,0.4,0.42
1223,0.0008767999999999996,0.42,0.44
1224,0.0008799999999999997,0.42,0.44
1225,0.0008831999999999998,0.44,0.46
1226,0.0008863999999999999,0.44,0.48
1227,0.0008895999999999999,0.46,0.48
1228,0.0008928,0.46,0.5
1229,0.0008960000000000001,0.48,0.5
1230,0.0008991999999999993,0.5,0.52
1231,0.0009023999999999994,0.5,0.54
1232,0.0009055999999999995,0.52,0.54
1233,0.0009087999999999995,0.54,0.56
1234,0.0009119999999999996,0.54,0.58
1235,0.0009151999999999997,0.54,0.58
1236,0.0009183999999999998,0.56,0.58
1237,0.0009215999999999998,0.58,0.6
1238,0.0009247999999999999,0.58,0.6
1239,0.000928,0.6,0.62
1240,0.0009312000000000001,0.6,0.62
1241,0.0009344000000000002,0.62,0.64
1242,0.0009375999999999994,0.62,0.66
1243,0.0009407999999999994,0.64,0.66
1244,0.0009439999999999995,0.64,0.68
1245,0.0009471999999999996,0.66,0.68
1246,0.0009503999999999997,0.68,0.7000000000000001
1247,0.0009535999999999998,0.68,0.7000000000000001
1248,0.0009567999999999998,0.7000000000000001,0.7000000000000001
1249,0.0009599999999999999,0.68,0.74
1250,0.0009632,0.72,0.74
1251,0.0009664000000000001,0.72,0.76
1252,0.0009696000000000001,0.74,0.76
1253,0.0009727999999999994,0.74,0.78
1254,0.0009759999999999994,0.76,0.8
1255,0.0009791999999999995,0.78,0.8
1256,0.0009823999999999996,0.78,0.8200000000000001
1257,0.0009855999999999997,0.8,0.8200000000000001
1258,0.0009887999999999997,0.8200000000000001,0.84
1259,0.0009919999999999998,0.8200000000000001,0.86
1260,0.0009952,0.8200000000000001,0.86
1261,0.0009984,0.84,0.88
1262,0.0010016,0.86,0.88
1263,0.0010048000000000001,0.86,0.9
1264,0.0010079999999999993,0.88,0.9
1265,0.0010111999999999994,0.88,0.92
1266,0.0010143999999999995,0.9,0.92
1267,0.0010175999999999996,0.9,0.9400000000000001
1268,0.0010207999999999997,0.92,0.9400000000000001
1269,0.0010239999999999997,0.92,0.96
1270,0.0010271999999999998,0.9400000000000001,0.98
1271,0.0010304,0.9400000000000001,0.98
1272,0.0010336,0.96,1.0
1273,0.0010368,0.96,1.0
1274,0.0010400000000000001,0.98,1.02
1275,0.0010431999999999993,0.98,1.04
1276,0.0010463999999999994,1.0,1.04
1277,0.0010495999999999995,1.02,1.06
1278,0.0010527999999999996,1.02,1.08
1279,0.0010559999999999996,1.04,1.08
1280,0.0010591999999999997,1.04,1.1
1281,0.0010623999999999998,1.04,1.1
1282,0.0010655999999999999,1.06,1.12
1283,0.0010688,1.08,1.12
1284,0.001072,1.1,1.1400000000000001
1285,0.0010752000000000001,1.1,1.16
1286,0.0010783999999999993,1.12,1.16
1287,0.0010815999999999994,1.12,1.16
1288,0.0010847999999999995,1.1400000000000001,1.18
1289,0.0010879999999999996,1.1400000000000001,1.18
1290,0.0010911999999999996,1.16,1.22
1291,0.0010943999999999997,1.18,1.22
1292,0.0010975999999999998,1.18,1.22
1293,0.0011007999999999999,1.18,1.24
1294,0.001104,1.18,1.26
1295,0.0011072,1.22,1.28
1296,0.0011104,1.22,1.28
1297,0.0011135999999999993,1.24,1.28
1298,0.0011167999999999994,1.24,1.3
1299,0.0011199999999999995,1.26,1.32
1300,0.0011231999999999995,1.26,1.32
1301,0.0011263999999999996,1.26,1.32
1302,0.0011295999999999997,1.3,1.36
1303,0.0011327999999999998,1.3,1.36
1304,0.0011359999999999999,1.32,1.3800000000000001
1305,0.0011392,1.32,1.3800000000000001
1306,0.0011424,1.34,1.4000000000000001
1307,0.0011456,1.34,1.4000000000000001
1308,0.0011487999999999993,1.34,1.4000000000000001
1309,0.0011519999999999994,1.36,1.42
1310,0.0011551999999999995,1.3800000000000001,1.44
1311,0.0011583999999999995,1.3800000000000001,1.44
1312,0.0011615999999999996,1.4000000000000001,1.46
1313,0.0011647999999999997,1.4000000000000001,1.48
1314,0.0011679999999999998,1.42,1.48
1315,0.0011711999999999998,1.42,1.5
1316,0.0011744,1.44,1.5
1317,0.0011776,1.46,1.52
1318,0.0011808,1.46,1.52
1319,0.0011839999999999993,1.46,1.54
1320,0.0011871999999999994,1.48,1.54
1321,0.0011903999999999994,1.48,1.56
1322,0.0011935999999999995,1.5,1.56
1323,0.0011967999999999996,1.52,1.58
1324,0.0011999999999999997,1.52,1.6
1325,0.0012031999999999998,1.52,1.6
1326,0.0012063999999999998,1.54,1.62
1327,0.0012096,1.56,1.6400000000000001
1328,0.0012128,1.56,1.6400000000000001
1329,0.001216,1.58,1.6600000000000001
1330,0.0012192000000000001,1.58,1.6400000000000001
1331,0.0012223999999999994,1.6,1.6600000000000001
1332,0.0012255999999999994,1.62,1.68
1333,0.0012287999999999995,1.62,1.7
1334,0.0012319999999999996,1.6400000000000001,1.72
1335,0.0012351999999999997,1.6400000000000001,1.72
1336,0.0012383999999999997,1.6600000000000001,1.72
1337,0.0012415999999999998,1.6600000000000001,1.72
1338,0.0012448,1.68,1.76
1339,0.001248,1.68,1.76
1340,0.0012512,1.7,1.78
1341,0.0012544000000000001,1.72,1.78
1342,0.0012575999999999993,1.72,1.78
1343,0.0012607999999999994,1.74,1.8
1344,0.0012639999999999995,1.74,1.82
1345,0.0012671999999999996,1.76,1.84
1346,0.0012703999999999997,1.76,1.84
1347,0.0012735999999999997,1.78,1.86
1348,0.0012767999999999998,1.78,1.8800000000000001
1349,0.0012799999999999999,1.8,1.8800000000000001
1350,0.0012832,1.8,1.8800000000000001
1351,0.0012864,1.82,1.9000000000000001
1352,0.0012896000000000001,1.84,1.92
1353,0.0012927999999999993,1.84,1.92
1354,0.0012959999999999994,1.86,1.94
1355,0.0012991999999999995,1.86,1.94
1356,0.0013023999999999996,1.8800000000000001,1.96
1357,0.0013055999999999996,1.8800000000000001,1.96
1358,0.0013087999999999997,1.8800000000000001,1.98
1359,0.0013119999999999998,1.92,1.98
1360,0.0013151999999999999,1.9000000000000001,2.02
1361,0.0013184,1.94,2.02
1362,0.0013216,1.92,2.04
1363,0.0013248000000000001,1.94,2.04
1364,0.0013279999999999993,1.96,2.06
1365,0.0013311999999999994,1.98,2.06
1366,0.0013343999999999995,1.98,2.08
1367,0.0013375999999999996,2.0,2.08
1368,0.0013407999999999996,2.0,2.1
1369,0.0013439999999999997,2.0,2.12
1370,0.0013471999999999998,2.04,2.1
1371,0.0013503999999999999,2.04,2.14
1372,0.0013536,2.06,2.14
1373,0.0013568,2.06,2.14
1374,0.00136,2.08,2.16
1375,0.0013631999999999993,2.08,2.18
1376,0.0013663999999999994,2.1,2.2
1377,0.0013695999999999995,2.1,2.2
1378,0.0013727999999999995,2.12,2.2
1379,0.0013759999999999996,2.12,2.22
1380,0.0013791999999999997,2.14,2.24
1381,0.0013823999999999998,2.16,2.24
1382,0.0013855999999999999,2.16,2.2600000000000002
1383,0.0013888,2.18,2.2600000000000002
1384,0.001392,2.18,2.2800000000000002
1385,0.0013952,2.2,2.3000000000000003
1386,0.0013983999999999993,2.2,2.3000000000000003
1387,0.0014015999999999994,2.2,2.32
1388,0.0014047999999999995,2.22,2.32
1389,0.0014079999999999995,2.24,2.34
1390,0.0014111999999999996,2.24,2.34
1391,0.0014143999999999997,2.2600000000000002,2.36
1392,0.0014175999999999998,2.2800000000000002,2.38
1393,0.0014207999999999998,2.2800000000000002,2.38
1394,0.001424,2.3000000000000003,2.4
1395,0.0014272,2.3000000000000003,2.4
1396,0.0014304,2.32,2.42
1397,0.0014335999999999993,2.32,2.44
1398,0.0014367999999999994,2.32,2.44
1399,0.0014399999999999994,2.34,2.46
1400,0.0014431999999999995,2.34,2.46
1401,0.0014463999999999996,2.38,2.48
1402,0.0014495999999999997,2.38,2.48
1403,0.0014527999999999998,2.4,2.5
1404,0.0014559999999999998,2.4,2.5
1405,0.0014592,2.42,2.52
1406,0.0014624,2.4,2.52
1407,0.0014656,2.44,2.54
1408,0.0014688000000000001,2.44,2.54
1409,0.0014719999999999994,2.46,2.56
1410,0.0014751999999999994,2.46,2.58
1411,0.0014783999999999995,2.48,2.58
1412,0.0014815999999999996,2.48,2.6
1413,0.0014847999999999997,2.5,2.6
1414,0.0014879999999999997,2.5,2.62
1415,0.0014911999999999998,2.5,2.62
1416,0.0014944,2.52,2.64
1417,0.0014976,2.52,2.64
1418,0.0015008,2.54,2.68
1419,0.0015040000000000001,2.54,2.68
1420,0.0015071999999999993,2.56,2.68
1421,0.0015103999999999994,2.58,2.68
1422,0.0015135999999999995,2.58,2.7
1423,0.0015167999999999996,2.6,2.72
1424,0.0015199999999999997,2.6,2.74
1425,0.0015231999999999997,2.62,2.74
1426,0.0015263999999999998,2.62,2.7600000000000002
1427,0.0015295999999999999,2.64,2.7600000000000002
1428,0.0015328,2.64,2.7800000000000002
1429,0.001536,2.68,2.7800000000000002
1430,0.0015392000000000001,2.68,2.8000000000000003
1431,0.0015423999999999993,2.7,2.8000000000000003
1432,0.0015455999999999994,2.7,2.8000000000000003
1433,0.0015487999999999995,2.7,2.84
1434,0.0015519999999999996,2.72,2.84
1435,0.0015551999999999996,2.72,2.86
1436,0.0015583999999999997,2.74,2.86
1437,0.0015615999999999998,2.74,2.88
1438,0.0015647999999999999,2.7600000000000002,2.88
1439,0.001568,2.7800000000000002,2.9
1440,0.0015712,2.7800000000000002,2.9
1441,0.0015744,2.8000000000000003,2.92
1442,0.0015775999999999993,2.8000000000000003,2.92
1443,0.0015807999999999994,2.82,2.94
1444,0.0015839999999999995,2.82,2.96
1445,0.0015871999999999995,2.84,2.96
1446,0.0015903999999999996,2.84,2.98
1447,0.0015935999999999997,2.86,3.0
1448,0.0015967999999999998,2.88,3.0
1449,0.0015999999999999999,2.88,3.02
1450,0.0016032,2.9,3.04
1451,0.0016064,2.9,3.04
1452,0.0016096,2.92,3.06
1453,0.0016127999999999993,2.92,3.06
1454,0.0016159999999999994,2.94,3.06
1455,0.0016191999999999995,2.94,3.08
1456,0.0016223999999999995,2.96,3.08
1457,0.0016255999999999996,2.98,3.1
1458,0.0016287999999999997,2.98,3.12
1459,0.0016319999999999998,3.0,3.12
1460,0.0016351999999999998,3.02,3.16
1461,0.0016384,3.02,3.14
1462,0.0016416,3.02,3.16
1463,0.0016448,3.04,3.18
1464,0.0016479999999999993,3.04,3.18
1465,0.0016511999999999994,3.06,3.2
1466,0.0016543999999999994,3.08,3.2
1467,0.0016575999999999995,3.08,3.24
1468,0.0016607999999999996,3.08,3.22
1469,0.0016639999999999997,3.1,3.24
1470,0.0016671999999999998,3.12,3.2600000000000002
1471,0.0016703999999999998,3.12,3.2800000000000002
1472,0.0016736,3.14,3.2800000000000002
1473,0.0016768,3.14,3.2800000000000002
1474,0.00168,3.16,3.3000000000000003
1475,0.0016831999999999993,3.16,3.3000000000000003
1476,0.0016863999999999994,3.2,3.34
1477,0.0016895999999999994,3.18,3.34
1478,0.0016927999999999995,3.2,3.34
1479,0.0016959999999999996,3.22,3.36
1480,0.0016991999999999997,3.22,3.38
1481,0.0017023999999999997,3.24,3.38
1482,0.0017055999999999998,3.2600000000000002,3.4
1483,0.0017088,3.2600000000000002,3.4
1484,0.001712,3.2600000000000002,3.44
1485,0.0017152,3.2800000000000002,3.42
1486,0.0017183999999999993,3.3000000000000003,3.44
1487,0.0017215999999999993,3.3000000000000003,3.44
1488,0.0017247999999999994,3.3200000000000003,3.46
1489,0.0017279999999999995,3.3200000000000003,3.48
1490,0.0017311999999999996,3.34,3.48
1491,0.0017343999999999997,3.34,3.5
1492,0.0017375999999999997,3.38,3.52
1493,0.0017407999999999998,3.36,3.52
1494,0.0017439999999999999,3.4,3.52
1495,0.0017472,3.4,3.54
1496,0.0017504,3.4,3.56
1497,0.0017536000000000001,3.42,3.56
1498,0.0017567999999999993,3.42,3.58
1499,0.0017599999999999994,3.44,3.6
1500,0.0017631999999999995,3.44,3.6
1501,0.0017663999999999996,3.46,3.6
1502,0.0017695999999999996,3.46,3.62
1503,0.0017727999999999997,3.48,3.64
1504,0.0017759999999999998,3.5,3.64
1505,0.0017791999999999999,3.5,3.66
1506,0.0017824,3.52,3.68
1507,0.0017856,3.52,3.68
1508,0.0017888000000000001,3.54,3.7
1509,0.0017919999999999993,3.56,3.72
1510,0.0017951999999999994,3.56,3.72
1511,0.0017983999999999995,3.56,3.72
1512,0.0018015999999999996,3.58,3.74
1513,0.0018047999999999996,3.58,3.74
1514,0.0018079999999999997,3.6,3.7600000000000002
1515,0.0018111999999999998,3.6,3.7600000000000002
1516,0.0018143999999999999,3.6,3.7800000000000002
1517,0.0018176,3.64,3.8000000000000003
1518,0.0018208,3.66,3.8000000000000003
1519,0.001824,3.64,3.8200000000000003
1520,0.0018271999999999993,3.66,3.84
1521,0.0018303999999999994,3.68,3.84
1522,0.0018335999999999995,3.68,3.86
1523,0.0018367999999999995,3.7,3.86
1524,0.0018399999999999996,3.72,3.88
1525,0.0018431999999999997,3.72,3.88
1526,0.0018463999999999998,3.74,3.9
1527,0.0018495999999999999,3.74,3.92
1528,0.0018528,3.7600000000000002,3.92
1529,0.001856,3.7600000000000002,3.94
1530,0.0018592,3.7800000000000002,3.94
1531,0.0018623999999999993,3.8000000000000003,3.96
1532,0.0018655999999999994,3.8000000000000003,3.96
1533,0.0018687999999999995,3.8200000000000003,3.98
1534,0.0018719999999999995,3.8200000000000003,4.0
1535,0.0018751999999999996,3.8200000000000003,4.0200000000000005
1536,0.0018783999999999997,3.84,4.0200000000000005
1537,0.0018815999999999998,3.84,4.0200000000000005
1538,0.0018847999999999998,3.86,4.04
1539,0.001888,3.88,4.04
1540,0.0018912,3.9,4.0600000000000005
1541,0.0018944,3.9,4.0600000000000005
1542,0.0018975999999999993,3.92,4.08
1543,0.0019007999999999994,3.92,4.08
1544,0.0019039999999999994,3.92,4.1
1545,0.0019071999999999995,3.94,4.12
1546,0.0019103999999999996,3.96,4.12
1547,0.0019135999999999997,3.96,4.14
1548,0.0019167999999999998,3.98,4.14
1549,0.0019199999999999998,3.98,4.16
1550,0.0019232,4.0,4.18
1551,0.0019264,4.0,4.18
1552,0.0019296,4.0200000000000005,4.2
1553,0.0019327999999999993,4.0200000000000005,4.2
1554,0.0019359999999999994,4.04,4.24
1555,0.0019391999999999994,4.0600000000000005,4.22
1556,0.0019423999999999995,4.0600000000000005,4.24
1557,0.0019455999999999996,4.08,4.26
1558,0.0019487999999999997,4.08,4.26
1559,0.0019519999999999997,4.1,4.28
1560,0.0019552,4.1,4.28
1561,0.0019584,4.12,4.3
1562,0.0019616,4.12,4.3
1563,0.0019648,4.14,4.32
1564,0.0019679999999999993,4.14,4.34
1565,0.0019711999999999993,4.16,4.34
1566,0.0019743999999999994,4.16,4.36
1567,0.0019775999999999995,4.18,4.36
1568,0.0019807999999999996,4.2,4.38
1569,0.0019839999999999997,4.2,4.4
1570,0.0019871999999999997,4.22,4.4
1571,0.0019904,4.22,4.42
1572,0.0019936,4.24,4.42
1573,0.0019968,4.24,4.44
1574,0.002,4.28,4.46
1575,0.0020031999999999993,4.26,4.48
1576,0.0020063999999999993,4.28,4.48
1577,0.0020095999999999994,4.3,4.48
1578,0.0020127999999999995,4.3,4.5
1579,0.0020159999999999996,4.32,4.5200000000000005
1580,0.0020191999999999996,4.32,4.5200000000000005
1581,0.0020223999999999997,4.34,4.5200000000000005
1582,0.0020256,4.34,4.54
1583,0.0020288,4.36,4.5600000000000005
1584,0.002032,4.36,4.5600000000000005
1585,0.0020352,4.38,4.58
1586,0.0020384,4.38,4.6000000000000005
1587,0.0020415999999999993,4.4,4.6000000000000005
1588,0.0020447999999999994,4.42,4.6000000000000005
1589,0.0020479999999999995,4.42,4.64
1590,0.0020511999999999996,4.44,4.64
1591,0.0020543999999999996,4.44,4.64
1592,0.0020575999999999997,4.44,4.66
1593,0.0020608,4.46,4.66
1594,0.002064,4.48,4.68
1595,0.0020672,4.48,4.68
1596,0.0020704,4.5,4.7
1597,0.0020736,4.5,4.72
1598,0.0020767999999999993,4.5200000000000005,4.72
1599,0.0020799999999999994,4.5200000000000005,4.74
1600,0.0020831999999999995,4.54,4.74
1601,0.0020863999999999995,4.5600000000000005,4.78
1602,0.0020895999999999996,4.5600000000000005,4.78
1603,0.0020927999999999997,4.58,4.78
1604,0.0020959999999999998,4.58,4.78
1605,0.0020992,4.6000000000000005,4.8
1606,0.0021024,4.62,4.82
1607,0.0021056,4.62,4.82
1608,0.0021088,4.62,4.84
1609,0.0021119999999999993,4.64,4.86
1610,0.0021151999999999994,4.66,4.86
1611,0.0021183999999999995,4.66,4.88
1612,0.0021215999999999995,4.66,4.88
1613,0.0021247999999999996,4.68,4.9
1614,0.0021279999999999997,4.7,4.92
1615,0.0021311999999999998,4.7,4.92
1616,0.0021344,4.74,4.92
1617,0.0021376,4.74,4.94
1618,0.0021408,4.74,4.94
1619,0.002144,4.76,4.96
1620,0.0021471999999999993,0.3,0.04
1621,0.0021503999999999994,0.06,0.06
1622,0.0021535999999999994,0.06,0.06
1623,0.0021567999999999995,0.06,0.08
1624,0.0021599999999999996,0.08,0.08
1625,0.0021631999999999997,0.08,0.08
1626,0.0021663999999999997,0.08,0.1
1627,0.0021696,0.08,0.1
1628,0.0021728,0.1,0.12
1629,0.002176,0.1,0.12
1630,0.0021792,0.12,0.14
1631,0.0021823999999999993,0.12,0.14
1632,0.0021855999999999993,0.14,0.16
1633,0.0021887999999999994,0.14,0.16
1634,0.0021919999999999995,0.16,0.18
1635,0.0021951999999999996,0.16,0.18
1636,0.0021983999999999997,0.18,0.2
1637,0.0022015999999999997,0.2,0.22
1638,0.0022048,0.2,0.22
1639,0.002208,0.22,0.22
1640,0.0022112,0.22,0.24
1641,0.0022144,0.22,0.26
1642,0.0022175999999999993,0.26,0.26
1643,0.0022207999999999993,0.24,0.28
1644,0.0022239999999999994,0.26,0.28
1645,0.0022271999999999995,0.26,0.3
1646,0.0022303999999999996,0.28,0.3
1647,0.0022335999999999996,0.3,0.32
1648,0.0022367999999999997,0.3,0.34
1649,0.00224,0.32,0.34
1650,0.0022432,0.32,0.34
1651,0.0022464,0.34,0.36
1652,0.0022496,0.36,0.38
1653,0.0022527999999999992,0.36,0.38
1654,0.0022559999999999993,0.36,0.4
1655,0.0022591999999999994,0.38,0.4
1656,0.0022623999999999995,0.4,0.42
1657,0.0022655999999999996,0.4,0.44
1658,0.0022687999999999996,0.42,0.44
1659,0.0022719999999999997,0.42,0.46
1660,0.0022752,0.44,0.46
1661,0.0022784,0.46,0.48
1662,0.0022816,0.46,0.48
1663,0.0022848,0.48,0.5
1664,0.0022879999999999992,0.48,0.5
1665,0.0022911999999999993,0.5,0.52
1666,0.0022943999999999994,0.5,0.54
1667,0.0022975999999999995,0.52,0.54
1668,0.0023007999999999995,0.52,0.56
1669,0.0023039999999999996,0.54,0.56
1670,0.0023071999999999997,0.54,0.58
1671,0.0023103999999999998,0.56,0.6
1672,0.0023136,0.56,0.6
1673,0.0023168,0.58,0.62
1674,0.00232,0.6,0.62
1675,0.0023232,0.62,0.64
1676,0.0023263999999999993,0.62,0.64
1677,0.0023295999999999994,0.64,0.66
1678,0.0023327999999999995,0.64,0.66
1679,0.0023359999999999995,0.64,0.68
1680,0.0023391999999999996,0.66,0.68
1681,0.0023423999999999997,0.68,0.7000000000000001
1682,0.0023455999999999998,0.68,0.72
1683,0.0023488,0.7000000000000001,0.72
1684,0.002352,0.7000000000000001,0.74
1685,0.0023552,0.72,0.76
1686,0.0023584,0.74,0.76
1687,0.0023615999999999993,0.74,0.78
1688,0.0023647999999999994,0.76,0.78
1689,0.0023679999999999994,0.76,0.8
1690,0.0023711999999999995,0.78,0.8
1691,0.0023743999999999996,0.78,0.8200000000000001
1692,0.0023775999999999997,0.8,0.84
1693,0.0023807999999999998,0.8,0.84
1694,0.002384,0.8200000000000001,0.84
1695,0.0023872,0.84,0.86
1696,0.0023904,0.84,0.88
1697,0.0023936,0.84,0.9
1698,0.0023967999999999993,0.86,0.9
1699,0.0023999999999999994,0.88,0.92
1700,0.0024031999999999994,0.88,0.92
1701,0.0024063999999999995,0.9,0.9400000000000001
1702,0.0024095999999999996,0.9,0.9400000000000001
1703,0.0024127999999999997,0.92,0.96
1704,0.0024159999999999997,0.9400000000000001,0.96
1705,0.0024192,0.9400000000000001,0.98
1706,0.0024224,0.96,1.0
1707,0.0024256,0.96,1.0
1708,0.0024288,0.96,1.02
1709,0.0024319999999999993,0.98,1.04
1710,0.0024351999999999993,1.0,1.04
1711,0.0024383999999999994,1.0,1.04
1712,0.0024415999999999995,1.0,1.04
1713,0.0024447999999999996,1.02,1.08
1714,0.0024479999999999997,1.02,1.08
1715,0.0024511999999999997,1.04,1.1
1716,0.0024544,1.06,1.12
1717,0.0024576,1.08,1.12
1718,0.0024608,1.08,1.1400000000000001
1719,0.002464,1.1,1.12
1720,0.0024671999999999993,1.1,1.16
1721,0.0024703999999999993,1.12,1.16
1722,0.0024735999999999994,1.12,1.18
1723,0.0024767999999999995,1.1400000000000001,1.18
1724,0.0024799999999999996,1.1400000000000001,1.2
1725,0.0024831999999999996,1.16,1.2
1726,0.0024863999999999997,1.18,1.22
1727,0.0024896,1.18,1.22
1728,0.0024928,1.2,1.24
1729,0.002496,1.2,1.26
1730,0.0024992,1.22,1.26
1731,0.0025023999999999992,1.22,1.28
1732,0.0025055999999999993,1.24,1.3
1733,0.0025087999999999994,1.26,1.3
1734,0.0025119999999999995,1.26,1.32
1735,0.0025151999999999996,1.28,1.32
1736,0.0025183999999999996,1.28,1.34
1737,0.0025215999999999997,1.3,1.36
1738,0.0025248,1.3,1.36
1739,0.002528,1.32,1.3800000000000001
1740,0.0025312,1.32,1.3800000000000001
1741,0.0025344,1.34,1.4000000000000001
1742,0.0025375999999999992,1.34,1.4000000000000001
1743,0.0025407999999999993,1.36,1.42
1744,0.0025439999999999994,1.36,1.42
1745,0.0025471999999999995,1.3800000000000001,1.44
1746,0.0025503999999999995,1.3800000000000001,1.46
1747,0.0025535999999999996,1.4000000000000001,1.46
1748,0.0025567999999999997,1.4000000000000001,1.48
1749,0.0025599999999999998,1.42,1.5
1750,0.0025632,1.44,1.48
1751,0.0025664,1.44,1.52
1752,0.0025696,1.46,1.52
1753,0.0025728,1.46,1.52
1754,0.0025759999999999993,1.48,1.54
1755,0.0025791999999999994,1.48,1.56
1756,0.0025823999999999995,1.5,1.58
1757,0.0025855999999999995,1.5,1.58
1758,0.0025887999999999996,1.52,1.58
1759,0.0025919999999999997,1.54,1.6
1760,0.0025951999999999998,1.54,1.6
1761,0.0025984,1.56,1.62
1762,0.0026016,1.54,1.6400000000000001
1763,0.0026048,1.56,1.6400000000000001
1764,0.002608,1.58,1.6600000000000001
1765,0.0026111999999999993,1.6,1.6600000000000001
1766,0.0026143999999999994,1.6,1.68
1767,0.0026175999999999994,1.62,1.7
1768,0.0026207999999999995,1.62,1.7
1769,0.0026239999999999996,1.6400000000000001,1.72
1770,0.0026271999999999997,1.6600000000000001,1.72
1771,0.0026303999999999998,1.6600000000000001,1.74
1772,0.0026336,1.68,1.74
1773,0.0026368,1.68,1.76
1774,0.00264,1.7,1.78
1775,0.0026432,1.7,1.78
1776,0.0026463999999999993,1.72,1.78
1777,0.0026495999999999994,1.72,1.8
1778,0.0026527999999999994,1.74,1.82
1779,0.0026559999999999995,1.74,1.82
1780,0.0026591999999999996,1.76,1.84
1781,0.0026623999999999997,1.76,1.86
1782,0.0026655999999999997,1.78,1.86
1783,0.0026688,1.8,1.86
1784,0.002672,1.8,1.8800000000000001
1785,0.0026752,1.8,1.9000000000000001
1786,0.0026784,1.84,1.9000000000000001
1787,0.0026815999999999993,1.84,1.92
1788,0.0026847999999999993,1.84,1.94
1789,0.0026879999999999994,1.84,1.94
1790,0.0026911999999999995,1.8800000000000001,1.96
1791,0.0026943999999999996,1.9000000000000001,1.96
1792,0.0026975999999999997,1.9000000000000001,1.98
1793,0.0027007999999999997,1.9000000000000001,1.98
1794,0.002704,1.92,1.98
1795,0.0027072,1.92,2.02
1796,0.0027104,1.94,2.02
1797,0.0027136,1.96,2.04
1798,0.0027167999999999993,1.96,2.02
1799,0.0027199999999999993,1.98,2.04
1800,0.0027231999999999994,1.98,2.06
1801,0.0027263999999999995,2.0,2.08
1802,0.0027295999999999996,2.0,2.1
1803,0.0027327999999999996,2.02,2.1
1804,0.0027359999999999997,2.0,2.12
1805,0.0027392,2.04,2.12
1806,0.0027424,2.06,2.14
1807,0.0027456,2.06,2.14
1808,0.0027488,2.06,2.16
1809,0.0027519999999999992,2.08,2.18
1810,0.0027551999999999993,2.08,2.18
1811,0.0027583999999999994,2.1,2.18
1812,0.0027615999999999995,2.12,2.2
1813,0.0027647999999999995,2.12,2.22
1814,0.0027679999999999996,2.14,2.24
1815,0.0027711999999999997,2.12,2.24
1816,0.0027743999999999998,2.16,2.24
1817,0.0027776,2.16,2.2600000000000002
1818,0.0027808,2.18,2.2600000000000002
1819,0.002784,2.18,2.2800000000000002
1820,0.0027871999999999992,2.2,2.3000000000000003
1821,0.0027903999999999993,2.2,2.32
1822,0.0027935999999999994,2.22,2.32
1823,0.0027967999999999995,2.22,2.34
1824,0.0027999999999999995,2.22,2.34
1825,0.0028031999999999996,2.24,2.36
1826,0.0028063999999999997,2.2600000000000002,2.36
1827,0.0028095999999999998,2.2800000000000002,2.38
1828,0.0028128,2.2800000000000002,2.38
1829,0.002816,2.3000000000000003,2.4
1830,0.0028192,2.3000000000000003,2.42
1831,0.002822399999999999,2.32,2.42
1832,0.0028255999999999993,2.32,2.44
1833,0.0028287999999999994,2.34,2.44
1834,0.0028319999999999994,2.34,2.46
1835,0.0028351999999999995,2.36,2.48
1836,0.0028383999999999996,2.38,2.48
1837,0.0028415999999999997,2.38,2.5
1838,0.0028447999999999998,2.4,2.5
1839,0.002848,2.4,2.5
1840,0.0028512,2.42,2.52
1841,0.0028544,2.42,2.52
1842,0.0028576,2.44,2.54
1843,0.0028607999999999993,2.44,2.54
1844,0.0028639999999999994,2.44,2.56
1845,0.0028671999999999994,2.46,2.58
1846,0.0028703999999999995,2.48,2.58
1847,0.0028735999999999996,2.48,2.6
1848,0.0028767999999999997,2.5,2.62
1849,0.0028799999999999997,2.52,2.62
1850,0.0028832,2.5,2.62
1851,0.0028864,2.52,2.64
1852,0.0028896,2.54,2.64
1853,0.0028928,2.54,2.66
1854,0.0028959999999999993,2.56,2.68
1855,0.0028991999999999993,2.56,2.7
1856,0.0029023999999999994,2.58,2.7
1857,0.0029055999999999995,2.6,2.7
1858,0.0029087999999999996,2.6,2.72
1859,0.0029119999999999997,2.62,2.72
1860,0.0029151999999999997,2.64,2.74
1861,0.0029184,2.62,2.7600000000000002
1862,0.0029216,2.66,2.7600000000000002
1863,0.0029248,2.66,2.7800000000000002
1864,0.002928,2.66,2.7800000000000002
1865,0.0029311999999999993,2.68,2.8000000000000003
1866,0.0029343999999999993,2.7,2.8000000000000003
1867,0.0029375999999999994,2.7,2.82
1868,0.0029407999999999995,2.7,2.84
1869,0.0029439999999999996,2.72,2.84
1870,0.0029471999999999996,2.72,2.86
1871,0.0029503999999999997,2.74,2.86
1872,0.0029536,2.7600000000000002,2.88
1873,0.0029568,2.7600000000000002,2.9
1874,0.00296,2.7800000000000002,2.9
1875,0.0029632,2.7800000000000002,2.92
1876,0.0029663999999999992,2.8000000000000003,2.94
1877,0.0029695999999999993,2.8000000000000003,2.94
1878,0.0029727999999999994,2.82,2.94
1879,0.0029759999999999995,2.84,2.96
1880,0.0029791999999999996,2.84,2.98
1881,0.0029823999999999996,2.84,2.98
1882,0.0029855999999999997,2.86,2.98
1883,0.0029888,2.88,3.0
1884,0.002992,2.9,3.02
1885,0.0029952,2.9,3.02
1886,0.0029984,2.9,3.04
1887,0.0030015999999999992,2.92,3.06
1888,0.0030047999999999993,2.94,3.06
1889,0.0030079999999999994,2.94,3.08
1890,0.0030111999999999995,2.96,3.08
1891,0.0030143999999999995,2.96,3.1
1892,0.0030175999999999996,2.98,3.1
1893,0.0030207999999999997,3.0,3.12
1894,0.0030239999999999998,3.0,3.14
1895,0.0030272,3.02,3.14
1896,0.0030304,3.02,3.16
1897,0.0030336,3.02,3.18
1898,0.0030367999999999992,3.04,3.18
1899,0.0030399999999999993,3.06,3.18
1900,0.0030431999999999994,3.06,3.2
1901,0.0030463999999999995,3.08,3.22
1902,0.0030495999999999995,3.08,3.24
1903,0.0030527999999999996,3.1,3.24
1904,0.0030559999999999997,3.1,3.2600000000000002
1905,0.0030591999999999998,3.12,3.2600000000000002
1906,0.0030624,3.14,3.2600000000000002
1907,0.0030656,3.14,3.2800000000000002
1908,0.0030688,3.14,3.3000000000000003
1909,0.003071999999999999,3.16,3.3000000000000003
1910,0.0030751999999999993,3.18,3.3000000000000003
1911,0.0030783999999999994,3.18,3.3200000000000003
1912,0.0030815999999999994,3.2,3.34
1913,0.0030847999999999995,3.22,3.36
1914,0.0030879999999999996,3.22,3.38
1915,0.0030911999999999997,3.22,3.36
1916,0.0030943999999999998,3.24,3.38
1917,0.0030976,3.2600000000000002,3.4
1918,0.0031008,3.2600000000000002,3.42
1919,0.003104,3.3000000000000003,3.42
1920,0.0031072,3.2800000000000002,3.44
1921,0.0031103999999999993,3.3000000000000003,3.44
1922,0.0031135999999999994,3.3200000000000003,3.46
1923,0.0031167999999999994,3.3200000000000003,3.46
1924,0.0031199999999999995,3.3200000000000003,3.48
1925,0.0031231999999999996,3.34,3.48
1926,0.0031263999999999997,3.36,3.52
1927,0.0031295999999999997,3.36,3.52
1928,0.0031328,3.38,3.52
1929,0.003136,3.38,3.52
1930,0.0031392,3.4,3.54
1931,0.0031424,3.4,3.56
1932,0.0031455999999999993,3.42,3.56
1933,0.0031487999999999993,3.42,3.58
1934,0.0031519999999999994,3.46,3.6
1935,0.0031551999999999995,3.44,3.6
1936,0.0031583999999999996,3.48,3.62
1937,0.0031615999999999997,3.46,3.62
1938,0.0031647999999999997,3.48,3.64
1939,0.003168,3.5,3.64
1940,0.0031712,3.52,3.66
1941,0.0031744,3.52,3.68
1942,0.0031776,3.54,3.7
1943,0.0031807999999999993,3.54,3.7
1944,0.0031839999999999993,3.56,3.7
1945,0.0031871999999999994,3.56,3.72
1946,0.0031903999999999995,3.58,3.72
1947,0.0031935999999999996,3.58,3.74
1948,0.0031967999999999996,3.58,3.7600000000000002
1949,0.0031999999999999997,3.6,3.7600000000000002
1950,0.0032032,3.62,3.7800000000000002
1951,0.0032064,3.62,3.8000000000000003
1952,0.0032096,3.64,3.8000000000000003
1953,0.0032128,3.64,3.8200000000000003
1954,0.0032159999999999992,3.66,3.8200000000000003
1955,0.0032191999999999993,3.66,3.84
1956,0.0032223999999999994,3.68,3.86
1957,0.0032255999999999995,3.68,3.84
1958,0.0032287999999999996,3.7,3.86
1959,0.0032319999999999996,3.72,3.88
1960,0.0032351999999999997,3.72,3.9
1961,0.0032384,3.74,3.9
1962,0.0032416,3.74,3.92
1963,0.0032448,3.7600000000000002,3.94
1964,0.003248,3.7600000000000002,3.96
1965,0.0032511999999999992,3.7800000000000002,3.94
1966,0.0032543999999999993,3.7800000000000002,3.96
1967,0.0032575999999999994,3.8200000000000003,3.98
1968,0.0032607999999999995,3.8200000000000003,3.98
1969,0.0032639999999999995,3.8200000000000003,3.98
1970,0.0032671999999999996,3.84,4.0200000000000005
1971,0.0032703999999999997,3.86,4.0200000000000005
1972,0.0032735999999999998,3.84,4.0200000000000005
1973,0.0032768,3.86,4.04
1974,0.00328,3.88,4.04
1975,0.0032832,3.88,4.0600000000000005
1976,0.0032863999999999992,3.9,4.0600000000000005
1977,0.0032895999999999993,3.92,4.08
1978,0.0032927999999999994,3.92,4.1
1979,0.0032959999999999995,3.94,4.1
1980,0.0032991999999999995,3.94,4.12
1981,0.0033023999999999996,3.96,4.12
1982,0.0033055999999999997,3.96,4.14
1983,0.0033087999999999998,3.98,4.16
1984,0.003312,4.0,4.16
1985,0.0033152,4.0,4.18
1986,0.0033184,4.0200000000000005,4.18
1987,0.003321599999999999,4.0200000000000005,4.2
1988,0.0033247999999999993,4.04,4.2
1989,0.0033279999999999994,4.04,4.22
1990,0.0033311999999999994,4.0600000000000005,4.22
1991,0.0033343999999999995,4.0600000000000005,4.24
1992,0.0033375999999999996,4.08,4.26
1993,0.0033407999999999997,4.08,4.26
1994,0.0033439999999999998,4.1,4.28
1995,0.0033472,4.1,4.28
1996,0.0033504,4.12,4.3
1997,0.0033536,4.12,4.3
1998,0.003356799999999999,4.14,4.32
1999,0.0033599999999999993,4.16,4.34
