,time,v1,v2
0,-0.00015744,3.04,3.2
1,-0.00015712000000000001,3.06,3.22
2,-0.00015680000000000002,3.08,3.22
3,-0.00015648000000000002,3.08,3.24
4,-0.00015616000000000002,3.08,3.24
5,-0.00015584,3.1,3.2600000000000002
6,-0.00015552,3.1,3.2600000000000002
7,-0.0001552,3.12,3.2800000000000002
8,-0.00015488,3.12,3.2800000000000002
9,-0.00015456,3.12,3.3000000000000003
10,-0.00015424000000000001,3.14,3.2800000000000002
11,-0.00015392000000000002,3.14,3.3000000000000003
12,-0.00015360000000000002,3.16,3.3200000000000003
13,-0.00015328000000000002,3.16,3.3200000000000003
14,-0.00015296,3.16,3.3200000000000003
15,-0.00015264,3.18,3.36
16,-0.00015232,3.18,3.36
17,-0.000152,3.18,3.36
18,-0.00015168,3.22,3.38
19,-0.00015136000000000001,3.2,3.36
20,-0.00015104000000000002,3.22,3.38
21,-0.00015072000000000002,3.22,3.38
22,-0.00015040000000000002,3.24,3.4
23,-0.00015008,3.24,3.4
24,-0.00014976,3.24,3.42
25,-0.00014944,3.2600000000000002,3.42
26,-0.00014912,3.2600000000000002,3.44
27,-0.0001488,3.2800000000000002,3.44
28,-0.00014848000000000001,3.3000000000000003,3.46
29,-0.00014816000000000002,3.2800000000000002,3.44
30,-0.00014784000000000002,3.3000000000000003,3.46
31,-0.00014752,3.3000000000000003,3.46
32,-0.0001472,3.3200000000000003,3.48
33,-0.00014688,3.3200000000000003,3.48
34,-0.00014656,3.3200000000000003,3.48
35,-0.00014624,3.34,3.5
36,-0.00014592,3.34,3.5
37,-0.00014560000000000002,3.34,3.5
38,-0.00014528000000000002,3.36,3.52
39,-0.00014496000000000002,3.38,3.54
40,-0.00014464000000000002,3.38,3.54
41,-0.00014432,3.38,3.54
42,-0.000144,3.38,3.56
43,-0.00014368,3.4,3.56
44,-0.00014336,3.4,3.58
45,-0.00014304,3.42,3.6
46,-0.00014272000000000002,3.42,3.6
47,-0.00014240000000000002,3.44,3.6
48,-0.00014208,3.42,3.6
49,-0.00014176,3.44,3.62
50,-0.00014144,3.44,3.62
51,-0.00014112,3.46,3.62
52,-0.0001408,3.48,3.64
53,-0.00014048,3.48,3.66
54,-0.00014016,3.5,3.66
55,-0.00013984000000000002,3.5,3.66
56,-0.00013952000000000002,3.5,3.68
57,-0.00013920000000000002,3.5,3.68
58,-0.00013888,3.52,3.7
59,-0.00013856,3.52,3.7
60,-0.00013824,3.54,3.72
61,-0.00013792,3.54,3.72
62,-0.0001376,3.54,3.72
63,-0.00013728000000000001,3.56,3.74
64,-0.00013696000000000002,3.56,3.74
65,-0.00013664000000000002,3.58,3.7600000000000002
66,-0.00013632,3.58,3.7600000000000002
67,-0.000136,3.58,3.7800000000000002
68,-0.00013568,3.6,3.7800000000000002
69,-0.00013536,3.6,3.7800000000000002
70,-0.00013504,3.6,3.8000000000000003
71,-0.00013472,3.62,3.8000000000000003
72,-0.00013440000000000001,3.62,3.8200000000000003
73,-0.00013408000000000002,3.64,3.8200000000000003
74,-0.00013376000000000002,3.64,3.8200000000000003
75,-0.00013344000000000002,3.66,3.84
76,-0.00013312,3.66,3.84
77,-0.0001328,3.66,3.86
78,-0.00013248,3.68,3.86
79,-0.00013216,3.68,3.86
80,-0.00013184,3.68,3.88
81,-0.00013152000000000001,3.7,3.88
82,-0.00013120000000000002,3.7,3.88
83,-0.00013088000000000002,3.72,3.92
84,-0.00013056,3.72,3.9
85,-0.00013024,3.72,3.92
86,-0.00012992,3.74,3.92
87,-0.0001296,3.74,3.94
88,-0.00012928,3.74,3.94
89,-0.00012896,3.7600000000000002,3.94
90,-0.00012864000000000002,3.7600000000000002,3.96
91,-0.00012832000000000002,3.7800000000000002,3.96
92,-0.00012800000000000002,3.7800000000000002,3.98
93,-0.00012768000000000002,3.8000000000000003,3.98
94,-0.00012736,3.8200000000000003,3.98
95,-0.00012704,3.8200000000000003,4.0
96,-0.00012672,3.8200000000000003,4.0
97,-0.0001264,3.8200000000000003,4.0200000000000005
98,-0.00012608,3.84,4.0200000000000005
99,-0.00012576000000000002,3.84,4.0200000000000005
100,-0.00012544000000000002,3.84,4.04
101,-0.00012512,3.86,4.04
102,-0.0001248,3.86,4.0600000000000005
103,-0.00012448,3.86,4.08
104,-0.00012416,3.88,4.0600000000000005
105,-0.00012384,3.88,4.08
106,-0.00012352,3.9,4.1
107,-0.0001232,3.9,4.1
108,-0.00012288000000000002,3.9,4.1
109,-0.00012256000000000002,3.92,4.12
110,-0.00012224000000000002,3.94,4.12
111,-0.00012192000000000001,3.94,4.12
112,-0.0001216,3.94,4.14
113,-0.00012128,3.94,4.14
114,-0.00012096000000000001,3.96,4.14
115,-0.00012064000000000001,3.96,4.18
116,-0.00012032000000000001,3.98,4.18
117,-0.00012000000000000002,3.98,4.18
118,-0.00011968000000000002,4.0,4.2
119,-0.00011936000000000001,4.0,4.2
120,-0.00011904000000000001,4.0,4.2
121,-0.00011872,4.0200000000000005,4.22
122,-0.0001184,4.0200000000000005,4.22
123,-0.00011808000000000001,4.04,4.22
124,-0.00011776000000000001,4.04,4.22
125,-0.00011744000000000001,4.0600000000000005,4.24
126,-0.00011712000000000002,4.0600000000000005,4.26
127,-0.0001168,4.0600000000000005,4.26
128,-0.00011648000000000001,4.0600000000000005,4.28
129,-0.00011616000000000001,4.08,4.3
130,-0.00011584,4.08,4.3
131,-0.00011552,4.1,4.3
132,-0.00011520000000000001,4.1,4.32
133,-0.00011488000000000001,4.1,4.3
134,-0.00011456000000000001,4.12,4.32
135,-0.00011424000000000002,4.12,4.34
136,-0.00011392000000000001,4.12,4.34
137,-0.00011360000000000001,4.14,4.34
138,-0.00011328,4.14,4.36
139,-0.00011296,4.16,4.36
140,-0.00011264,4.16,4.36
141,-0.00011232000000000001,4.18,4.38
142,-0.00011200000000000001,4.18,4.38
143,-0.00011168000000000001,4.2,4.4
144,-0.00011136000000000002,4.2,4.4
145,-0.00011104000000000001,4.22,4.42
146,-0.00011072000000000001,4.22,4.42
147,-0.0001104,4.22,4.42
148,-0.00011008,4.22,4.44
149,-0.00010976,4.22,4.44
150,-0.00010944000000000001,4.26,4.46
151,-0.00010912000000000001,4.26,4.46
152,-0.00010880000000000002,4.26,4.46
153,-0.00010848000000000002,4.26,4.48
154,-0.00010816000000000001,4.28,4.5
155,-0.00010784000000000001,4.28,4.5
156,-0.00010752,4.3,4.5
157,-0.0001072,4.3,4.5200000000000005
158,-0.00010688,4.32,4.5200000000000005
159,-0.00010656000000000001,4.32,4.5200000000000005
160,-0.00010624000000000001,4.32,4.54
161,-0.00010592000000000002,4.34,4.54
162,-0.00010560000000000002,4.36,4.5600000000000005
163,-0.00010528000000000001,4.34,4.5600000000000005
164,-0.00010496000000000001,4.36,4.58
165,-0.00010464,4.36,4.58
166,-0.00010432,4.36,4.58
167,-0.00010400000000000001,4.38,4.6000000000000005
168,-0.00010368000000000001,4.4,4.6000000000000005
169,-0.00010336000000000001,4.4,4.62
170,-0.00010304000000000002,4.4,4.62
171,-0.00010272000000000002,4.4,4.62
172,-0.00010240000000000001,4.42,4.64
173,-0.00010208000000000001,4.42,4.64
174,-0.00010176,4.44,4.64
175,-0.00010144,4.44,4.66
176,-0.00010112000000000001,4.44,4.66
177,-0.00010080000000000001,4.46,4.68
178,-0.00010048000000000001,4.46,4.7
179,-0.00010016000000000002,4.48,4.7
180,-9.984e-05,4.48,4.7
181,-9.952000000000001e-05,4.48,4.7
182,-9.920000000000001e-05,4.5,4.72
183,-9.888e-05,4.5,4.72
184,-9.856e-05,4.5200000000000005,4.74
185,-9.824000000000001e-05,4.5200000000000005,4.74
186,-9.792000000000001e-05,4.5200000000000005,4.76
187,-9.760000000000001e-05,4.54,4.76
188,-9.728000000000002e-05,4.54,4.76
189,-9.696000000000001e-05,4.5600000000000005,4.78
190,-9.664000000000001e-05,4.5600000000000005,4.78
191,-9.632000000000001e-05,4.5600000000000005,4.78
192,-9.6e-05,4.6000000000000005,4.8
193,-9.568e-05,4.58,4.8
194,-9.536000000000001e-05,4.6000000000000005,4.82
195,-9.504000000000001e-05,4.6000000000000005,4.82
196,-9.472000000000001e-05,4.6000000000000005,4.84
197,-9.44e-05,4.62,4.86
198,-9.408000000000001e-05,4.62,4.84
199,-9.376000000000001e-05,4.64,4.86
200,-9.344000000000001e-05,4.64,4.88
201,-9.312e-05,4.64,4.88
202,-9.28e-05,4.66,4.88
203,-9.248000000000001e-05,4.66,4.88
204,-9.216000000000001e-05,4.66,4.9
205,-9.184000000000002e-05,4.68,4.92
206,-9.152e-05,4.68,4.92
207,-9.120000000000001e-05,4.7,4.92
208,-9.088000000000001e-05,4.7,4.94
209,-9.056000000000001e-05,4.72,4.94
210,-9.024e-05,4.72,4.94
211,-8.992e-05,4.74,4.96
212,-8.960000000000001e-05,4.74,4.96
213,-8.928000000000001e-05,4.26,0.08
214,-8.896000000000002e-05,2.38,0.08
215,-8.864e-05,1.36,0.06
216,-8.832000000000001e-05,0.84,0.06
217,-8.800000000000001e-05,0.54,0.06
218,-8.768000000000001e-05,0.36,0.08
219,-8.736e-05,0.26,0.08
220,-8.704000000000001e-05,0.2,0.08
221,-8.672000000000001e-05,0.18,0.1
222,-8.640000000000001e-05,0.16,0.12
223,-8.608e-05,0.16,0.12
224,-8.576e-05,0.14,0.1
225,-8.544000000000001e-05,0.16,0.14
226,-8.512000000000001e-05,0.14,0.14
227,-8.480000000000001e-05,0.16,0.16
228,-8.448e-05,0.16,0.16
229,-8.416000000000001e-05,0.16,0.18
230,-8.384000000000001e-05,0.16,0.18
231,-8.352000000000001e-05,0.18,0.18
232,-8.32e-05,0.18,0.2
233,-8.288e-05,0.2,0.18
234,-8.256000000000001e-05,0.2,0.2
235,-8.224000000000001e-05,0.2,0.22
236,-8.192000000000002e-05,0.2,0.22
237,-8.16e-05,0.22,0.22
238,-8.128000000000001e-05,0.22,0.24
239,-8.096000000000001e-05,0.24,0.24
240,-8.064000000000001e-05,0.22,0.24
241,-8.032e-05,0.24,0.26
242,-8e-05,0.24,0.28
243,-7.968000000000001e-05,0.26,0.28
244,-7.936000000000001e-05,0.28,0.3
245,-7.904e-05,0.28,0.28
246,-7.872e-05,0.26,0.3
247,-7.840000000000001e-05,0.28,0.3
248,-7.808000000000001e-05,0.3,0.32
249,-7.776000000000001e-05,0.3,0.34
250,-7.744e-05,0.32,0.32
251,-7.712000000000001e-05,0.32,0.34
252,-7.680000000000001e-05,0.32,0.34
253,-7.648000000000001e-05,0.32,0.36
254,-7.616e-05,0.32,0.36
255,-7.584e-05,0.34,0.36
256,-7.552000000000001e-05,0.36,0.38
257,-7.520000000000001e-05,0.34,0.38
258,-7.488000000000001e-05,0.36,0.38
259,-7.456e-05,0.38,0.4
260,-7.424000000000001e-05,0.38,0.42
261,-7.392000000000001e-05,0.4,0.42
262,-7.360000000000001e-05,0.4,0.42
263,-7.328e-05,0.4,0.44
264,-7.296e-05,0.4,0.44
265,-7.264000000000001e-05,0.42,0.44
266,-7.232000000000001e-05,0.42,0.46
267,-7.200000000000002e-05,0.42,0.46
268,-7.168e-05,0.44,0.48
269,-7.136000000000001e-05,0.46,0.48
270,-7.104000000000001e-05,0.44,0.48
271,-7.072000000000001e-05,0.46,0.5
272,-7.04e-05,0.48,0.5
273,-7.008e-05,0.48,0.5
274,-6.976000000000001e-05,0.48,0.52
275,-6.944000000000001e-05,0.48,0.52
276,-6.912e-05,0.5,0.54
277,-6.88e-05,0.52,0.54
278,-6.848000000000001e-05,0.5,0.54
279,-6.816000000000001e-05,0.52,0.56
280,-6.784000000000001e-05,0.54,0.56
281,-6.752e-05,0.54,0.58
282,-6.720000000000001e-05,0.54,0.58
283,-6.688000000000001e-05,0.56,0.58
284,-6.656000000000001e-05,0.56,0.6
285,-6.624e-05,0.58,0.6
286,-6.592e-05,0.58,0.62
287,-6.560000000000001e-05,0.58,0.62
288,-6.528000000000001e-05,0.58,0.62
289,-6.496000000000002e-05,0.6,0.64
290,-6.464e-05,0.6,0.64
291,-6.432000000000001e-05,0.62,0.64
292,-6.400000000000001e-05,0.62,0.64
293,-6.368000000000001e-05,0.62,0.68
294,-6.336e-05,0.64,0.68
295,-6.304e-05,0.64,0.68
296,-6.272000000000001e-05,0.66,0.68
297,-6.240000000000001e-05,0.66,0.7000000000000001
298,-6.208e-05,0.66,0.7000000000000001
299,-6.176e-05,0.68,0.72
300,-6.144000000000001e-05,0.68,0.72
301,-6.112000000000001e-05,0.7000000000000001,0.72
302,-6.0800000000000014e-05,0.7000000000000001,0.74
303,-6.0480000000000004e-05,0.7000000000000001,0.76
304,-6.016000000000001e-05,0.72,0.76
305,-5.984000000000001e-05,0.74,0.74
306,-5.952000000000001e-05,0.74,0.78
307,-5.92e-05,0.74,0.78
308,-5.8880000000000005e-05,0.76,0.78
309,-5.856000000000001e-05,0.76,0.8
310,-5.824000000000001e-05,0.76,0.8
311,-5.7920000000000015e-05,0.78,0.8
312,-5.7600000000000004e-05,0.78,0.8200000000000001
313,-5.728000000000001e-05,0.78,0.8200000000000001
314,-5.696000000000001e-05,0.8,0.84
315,-5.664000000000001e-05,0.8,0.84
316,-5.632e-05,0.8200000000000001,0.86
317,-5.6000000000000006e-05,0.8200000000000001,0.86
318,-5.568000000000001e-05,0.8200000000000001,0.86
319,-5.536000000000001e-05,0.8200000000000001,0.88
320,-5.5040000000000015e-05,0.84,0.88
321,-5.4720000000000005e-05,0.84,0.9
322,-5.440000000000001e-05,0.86,0.9
323,-5.408000000000001e-05,0.86,0.92
324,-5.3760000000000014e-05,0.88,0.92
325,-5.344e-05,0.88,0.92
326,-5.3120000000000006e-05,0.88,0.9400000000000001
327,-5.280000000000001e-05,0.9,0.9400000000000001
328,-5.248000000000001e-05,0.9,0.96
329,-5.216e-05,0.9,0.96
330,-5.1840000000000005e-05,0.92,0.96
331,-5.152000000000001e-05,0.92,0.98
332,-5.120000000000001e-05,0.9400000000000001,0.98
333,-5.0880000000000014e-05,0.9400000000000001,1.0
334,-5.0560000000000004e-05,0.9400000000000001,1.0
335,-5.024000000000001e-05,0.96,1.0
336,-4.992000000000001e-05,0.96,1.02
337,-4.960000000000001e-05,0.98,1.02
338,-4.928e-05,0.98,1.04
339,-4.8960000000000006e-05,1.0,1.04
340,-4.864000000000001e-05,1.0,1.06
341,-4.832000000000001e-05,1.0,1.06
342,-4.8000000000000015e-05,1.02,1.08
343,-4.7680000000000004e-05,1.0,1.08
344,-4.736000000000001e-05,1.02,1.08
345,-4.704000000000001e-05,1.02,1.1
346,-4.6720000000000013e-05,1.06,1.1
347,-4.64e-05,1.06,1.12
348,-4.6080000000000006e-05,1.06,1.12
349,-4.576000000000001e-05,1.06,1.12
350,-4.544000000000001e-05,1.08,1.12
351,-4.512e-05,1.08,1.1400000000000001
352,-4.4800000000000005e-05,1.08,1.1400000000000001
353,-4.448000000000001e-05,1.1,1.16
354,-4.416000000000001e-05,1.1,1.1400000000000001
355,-4.3840000000000014e-05,1.1,1.16
356,-4.3520000000000003e-05,1.12,1.16
357,-4.3200000000000007e-05,1.1400000000000001,1.2
358,-4.288000000000001e-05,1.1400000000000001,1.2
359,-4.256000000000001e-05,1.16,1.2
360,-4.224e-05,1.16,1.22
361,-4.1920000000000005e-05,1.16,1.22
362,-4.160000000000001e-05,1.16,1.24
363,-4.128000000000001e-05,1.18,1.24
364,-4.0960000000000014e-05,1.18,1.26
365,-4.0640000000000004e-05,1.2,1.26
366,-4.032000000000001e-05,1.2,1.28
367,-4.000000000000001e-05,1.2,1.28
368,-3.968000000000001e-05,1.22,1.28
369,-3.936e-05,1.22,1.28
370,-3.9040000000000006e-05,1.24,1.3
371,-3.872000000000001e-05,1.24,1.3
372,-3.840000000000001e-05,1.26,1.32
373,-3.808e-05,1.26,1.32
374,-3.7760000000000004e-05,1.26,1.34
375,-3.744000000000001e-05,1.26,1.34
376,-3.712000000000001e-05,1.28,1.36
377,-3.6800000000000014e-05,1.28,1.34
378,-3.648e-05,1.3,1.36
379,-3.6160000000000006e-05,1.28,1.3800000000000001
380,-3.584000000000001e-05,1.32,1.4000000000000001
381,-3.552000000000001e-05,1.32,1.4000000000000001
382,-3.5200000000000015e-05,1.32,1.4000000000000001
383,-3.488000000000002e-05,1.34,1.4000000000000001
384,-3.4559999999999994e-05,1.32,1.42
385,-3.424e-05,1.34,1.42
386,-3.392e-05,1.36,1.44
387,-3.3600000000000004e-05,1.36,1.42
388,-3.328000000000001e-05,1.3800000000000001,1.44
389,-3.296000000000001e-05,1.3800000000000001,1.46
390,-3.264000000000001e-05,1.3800000000000001,1.46
391,-3.2320000000000016e-05,1.4000000000000001,1.46
392,-3.200000000000002e-05,1.4000000000000001,1.48
393,-3.1679999999999995e-05,1.42,1.48
394,-3.136e-05,1.4000000000000001,1.48
395,-3.104e-05,1.42,1.5
396,-3.0720000000000004e-05,1.44,1.52
397,-3.0400000000000007e-05,1.44,1.52
398,-3.008000000000001e-05,1.44,1.52
399,-2.9760000000000013e-05,1.46,1.54
400,-2.9440000000000016e-05,1.46,1.54
401,-2.912000000000002e-05,1.48,1.54
402,-2.8799999999999995e-05,1.48,1.56
403,-2.848e-05,1.5,1.56
404,-2.816e-05,1.48,1.58
405,-2.7840000000000005e-05,1.5,1.58
406,-2.7520000000000008e-05,1.5,1.6
407,-2.720000000000001e-05,1.52,1.6
408,-2.6880000000000014e-05,1.52,1.62
409,-2.6560000000000017e-05,1.54,1.62
410,-2.624000000000002e-05,1.54,1.62
411,-2.5919999999999996e-05,1.56,1.6400000000000001
412,-2.56e-05,1.56,1.6400000000000001
413,-2.5280000000000002e-05,1.58,1.6600000000000001
414,-2.4960000000000005e-05,1.58,1.6600000000000001
415,-2.4640000000000008e-05,1.58,1.6600000000000001
416,-2.432000000000001e-05,1.58,1.68
417,-2.4000000000000014e-05,1.6,1.68
418,-2.3680000000000017e-05,1.6,1.7
419,-2.336000000000002e-05,1.62,1.7
420,-2.3039999999999996e-05,1.62,1.7
421,-2.272e-05,1.62,1.72
422,-2.2400000000000002e-05,1.6400000000000001,1.72
423,-2.2080000000000005e-05,1.6400000000000001,1.74
424,-2.176000000000001e-05,1.6600000000000001,1.74
425,-2.144000000000001e-05,1.6600000000000001,1.76
426,-2.1120000000000015e-05,1.6600000000000001,1.76
427,-2.0800000000000018e-05,1.68,1.78
428,-2.048000000000002e-05,1.68,1.78
429,-2.0159999999999997e-05,1.7,1.76
430,-1.984e-05,1.7,1.8
431,-1.9520000000000003e-05,1.72,1.8
432,-1.9200000000000006e-05,1.72,1.8
433,-1.888000000000001e-05,1.72,1.82
434,-1.8560000000000012e-05,1.74,1.8
435,-1.8240000000000015e-05,1.74,1.84
436,-1.7920000000000018e-05,1.76,1.84
437,-1.7599999999999994e-05,1.76,1.84
438,-1.7279999999999997e-05,1.76,1.86
439,-1.696e-05,1.78,1.86
440,-1.6640000000000003e-05,1.76,1.86
441,-1.6320000000000006e-05,1.8,1.8800000000000001
442,-1.600000000000001e-05,1.8,1.8800000000000001
443,-1.5680000000000013e-05,1.8,1.9000000000000001
444,-1.5360000000000016e-05,1.82,1.92
445,-1.5040000000000019e-05,1.82,1.92
446,-1.4719999999999995e-05,1.82,1.92
447,-1.4399999999999998e-05,1.84,1.92
448,-1.408e-05,1.84,1.94
449,-1.3760000000000004e-05,1.86,1.94
450,-1.3440000000000007e-05,1.86,1.96
451,-1.312000000000001e-05,1.86,1.96
452,-1.2800000000000013e-05,1.8800000000000001,1.98
453,-1.2480000000000016e-05,1.8800000000000001,1.98
454,-1.2160000000000019e-05,1.9000000000000001,2.0
455,-1.1839999999999995e-05,1.9000000000000001,2.0
456,-1.1519999999999998e-05,1.92,2.0
457,-1.1200000000000001e-05,1.9000000000000001,2.02
458,-1.0880000000000004e-05,1.92,2.02
459,-1.0560000000000007e-05,1.94,2.02
460,-1.024000000000001e-05,1.94,2.02
461,-9.920000000000013e-06,1.96,2.04
462,-9.600000000000017e-06,1.96,2.06
463,-9.28000000000002e-06,1.96,2.06
464,-8.959999999999996e-06,1.98,2.08
465,-8.639999999999999e-06,1.98,2.06
466,-8.320000000000002e-06,1.98,2.08
467,-8.000000000000005e-06,2.0,2.1
468,-7.680000000000008e-06,2.0,2.1
469,-7.360000000000011e-06,2.0,2.12
470,-7.040000000000014e-06,2.02,2.1
471,-6.720000000000017e-06,2.02,2.14
472,-6.40000000000002e-06,2.04,2.14
473,-6.079999999999996e-06,2.04,2.14
474,-5.759999999999999e-06,2.06,2.14
475,-5.440000000000002e-06,2.06,2.16
476,-5.120000000000005e-06,2.06,2.18
477,-4.800000000000008e-06,2.06,2.16
478,-4.480000000000011e-06,2.08,2.18
479,-4.160000000000014e-06,2.1,2.18
480,-3.8400000000000174e-06,2.1,2.2
481,-3.5200000000000205e-06,2.1,2.22
482,-3.1999999999999965e-06,2.12,2.22
483,-2.8799999999999995e-06,2.12,2.22
484,-2.5600000000000026e-06,2.12,2.24
485,-2.2400000000000057e-06,2.14,2.24
486,-1.9200000000000087e-06,2.14,2.2600000000000002
487,-1.6000000000000118e-06,2.14,2.24
488,-1.2800000000000148e-06,2.16,2.2600000000000002
489,-9.60000000000018e-07,2.16,2.2600000000000002
490,-6.399999999999939e-07,2.18,2.2800000000000002
491,-3.1999999999999694e-07,2.18,2.3000000000000003
492,0.0,2.18,2.2800000000000002
493,3.1999999999999694e-07,2.18,2.3000000000000003
494,6.399999999999939e-07,2.2,2.32
495,9.599999999999908e-07,2.2,2.32
496,1.2799999999999877e-06,2.22,2.34
497,1.5999999999999847e-06,2.24,2.34
498,1.9199999999999816e-06,2.24,2.36
499,2.2400000000000057e-06,2.24,2.36
500,2.5600000000000026e-06,2.24,2.36
501,2.8799999999999995e-06,2.2600000000000002,2.36
502,3.1999999999999965e-06,2.2600000000000002,2.38
503,3.5199999999999934e-06,2.2800000000000002,2.4
504,3.83999999999999e-06,2.2800000000000002,2.4
505,4.159999999999987e-06,2.3000000000000003,2.42
506,4.479999999999984e-06,2.3000000000000003,2.42
507,4.799999999999981e-06,2.32,2.42
508,5.120000000000005e-06,2.32,2.42
509,5.440000000000002e-06,2.32,2.44
510,5.759999999999999e-06,2.32,2.46
511,6.079999999999996e-06,2.32,2.46
512,6.399999999999993e-06,2.34,2.46
513,6.71999999999999e-06,2.36,2.48
514,7.039999999999987e-06,2.36,2.48
515,7.359999999999984e-06,2.38,2.5
516,7.67999999999998e-06,2.38,2.5
517,8.000000000000005e-06,2.38,2.52
518,8.320000000000002e-06,2.4,2.5
519,8.639999999999999e-06,2.4,2.52
520,8.959999999999996e-06,2.4,2.52
521,9.279999999999992e-06,2.42,2.52
522,9.59999999999999e-06,2.4,2.54
523,9.919999999999986e-06,2.44,2.56
524,1.0239999999999983e-05,2.44,2.56
525,1.055999999999998e-05,2.46,2.56
526,1.0880000000000004e-05,2.46,2.58
527,1.1200000000000001e-05,2.46,2.58
528,1.1519999999999998e-05,2.46,2.6
529,1.1839999999999995e-05,2.48,2.6
530,1.2159999999999992e-05,2.48,2.6
531,1.2479999999999989e-05,2.5,2.62
532,1.2799999999999986e-05,2.48,2.62
533,1.3119999999999983e-05,2.5,2.62
534,1.343999999999998e-05,2.52,2.66
535,1.3760000000000004e-05,2.52,2.64
536,1.408e-05,2.52,2.66
537,1.4399999999999998e-05,2.52,2.66
538,1.4719999999999995e-05,2.54,2.68
539,1.5039999999999992e-05,2.54,2.68
540,1.535999999999999e-05,2.54,2.7
541,1.5679999999999985e-05,2.56,2.7
542,1.5999999999999982e-05,2.58,2.72
543,1.6320000000000006e-05,2.58,2.7
544,1.6640000000000003e-05,2.6,2.72
545,1.696e-05,2.58,2.72
546,1.7279999999999997e-05,2.6,2.74
547,1.7599999999999994e-05,2.6,2.74
548,1.791999999999999e-05,2.62,2.7600000000000002
549,1.8239999999999988e-05,2.64,2.7600000000000002
550,1.8559999999999985e-05,2.62,2.7600000000000002
551,1.8879999999999982e-05,2.64,2.7800000000000002
552,1.9200000000000006e-05,2.64,2.7800000000000002
553,1.9520000000000003e-05,2.66,2.7800000000000002
554,1.984e-05,2.68,2.8000000000000003
555,2.0159999999999997e-05,2.68,2.8000000000000003
556,2.0479999999999994e-05,2.68,2.82
557,2.079999999999999e-05,2.68,2.82
558,2.1119999999999988e-05,2.68,2.82
559,2.1439999999999984e-05,2.7,2.84
560,2.175999999999998e-05,2.7,2.86
561,2.2080000000000005e-05,2.72,2.86
562,2.2400000000000002e-05,2.72,2.86
563,2.272e-05,2.74,2.88
564,2.3039999999999996e-05,2.74,2.88
565,2.3359999999999993e-05,2.74,2.88
566,2.367999999999999e-05,2.7600000000000002,2.92
567,2.3999999999999987e-05,2.7800000000000002,2.9
568,2.4319999999999984e-05,2.7600000000000002,2.92
569,2.463999999999998e-05,2.7800000000000002,2.92
570,2.4960000000000005e-05,2.7800000000000002,2.94
571,2.5280000000000002e-05,2.8000000000000003,2.94
572,2.56e-05,2.8000000000000003,2.94
573,2.5919999999999996e-05,2.8000000000000003,2.96
574,2.6239999999999993e-05,2.82,2.96
575,2.655999999999999e-05,2.82,2.98
576,2.6879999999999987e-05,2.84,2.98
577,2.7199999999999984e-05,2.84,2.98
578,2.751999999999998e-05,2.84,3.0
579,2.7840000000000005e-05,2.86,3.0
580,2.816e-05,2.86,3.02
581,2.848e-05,2.88,3.02
582,2.8799999999999995e-05,2.88,3.02
583,2.9119999999999992e-05,2.88,3.04
584,2.943999999999999e-05,2.9,3.04
585,2.9759999999999986e-05,2.92,3.06
586,3.0079999999999983e-05,2.92,3.06
587,3.039999999999998e-05,2.94,3.06
588,3.0720000000000004e-05,2.94,3.08
589,3.104e-05,2.94,3.08
590,3.136e-05,2.94,3.12
591,3.1679999999999995e-05,2.96,3.1
592,3.199999999999999e-05,2.96,3.12
593,3.231999999999999e-05,2.98,3.12
594,3.2639999999999986e-05,2.98,3.12
595,3.295999999999998e-05,2.98,3.14
596,3.328000000000001e-05,3.0,3.16
597,3.3600000000000004e-05,3.0,3.16
598,3.392e-05,3.02,3.16
599,3.424e-05,3.02,3.18
600,3.4559999999999994e-05,3.02,3.18
601,3.487999999999999e-05,3.04,3.18
602,3.519999999999999e-05,3.04,3.2
603,3.5519999999999985e-05,3.06,3.2
604,3.583999999999998e-05,3.06,3.22
605,3.6160000000000006e-05,3.06,3.22
606,3.648e-05,3.06,3.24
607,3.68e-05,3.08,3.24
608,3.712e-05,3.1,3.24
609,3.7439999999999994e-05,3.1,3.2600000000000002
610,3.775999999999999e-05,3.1,3.2600000000000002
611,3.807999999999999e-05,3.12,3.2800000000000002
612,3.8399999999999985e-05,3.12,3.2800000000000002
613,3.871999999999998e-05,3.14,3.3000000000000003
614,3.9040000000000006e-05,3.14,3.3000000000000003
615,3.936e-05,3.14,3.3200000000000003
616,3.968e-05,3.16,3.3000000000000003
617,3.9999999999999996e-05,3.16,3.3200000000000003
618,4.0319999999999993e-05,3.16,3.34
619,4.063999999999999e-05,3.2,3.36
620,4.095999999999999e-05,3.18,3.38
621,4.1279999999999984e-05,3.2,3.36
622,4.159999999999998e-05,3.2,3.36
623,4.1920000000000005e-05,3.2,3.38
624,4.224e-05,3.22,3.38
625,4.256e-05,3.24,3.38
626,4.2879999999999996e-05,3.24,3.4
627,4.319999999999999e-05,3.24,3.42
628,4.351999999999999e-05,3.24,3.44
629,4.383999999999999e-05,3.2800000000000002,3.42
630,4.4159999999999984e-05,3.2600000000000002,3.44
631,4.447999999999998e-05,3.2800000000000002,3.44
632,4.4800000000000005e-05,3.2800000000000002,3.46
633,4.512e-05,3.3000000000000003,3.46
634,4.544e-05,3.3200000000000003,3.46
635,4.5759999999999996e-05,3.3200000000000003,3.48
636,4.607999999999999e-05,3.3200000000000003,3.48
637,4.639999999999999e-05,3.3200000000000003,3.48
638,4.6719999999999986e-05,3.34,3.5
639,4.703999999999998e-05,3.34,3.5
640,4.735999999999998e-05,3.34,3.52
641,4.7680000000000004e-05,3.36,3.52
642,4.8e-05,3.36,3.54
643,4.832e-05,3.38,3.54
644,4.8639999999999995e-05,3.38,3.54
645,4.895999999999999e-05,3.38,3.56
646,4.927999999999999e-05,3.4,3.56
647,4.9599999999999986e-05,3.42,3.56
648,4.991999999999998e-05,3.42,3.58
649,5.024000000000001e-05,3.42,3.58
650,5.0560000000000004e-05,3.42,3.6
651,5.088e-05,3.44,3.6
652,5.12e-05,3.44,3.62
653,5.1519999999999995e-05,3.44,3.62
654,5.183999999999999e-05,3.46,3.62
655,5.215999999999999e-05,3.46,3.64
656,5.2479999999999985e-05,3.48,3.64
657,5.279999999999998e-05,3.48,3.66
658,5.3120000000000006e-05,3.48,3.66
659,5.344e-05,3.5,3.68
660,5.376e-05,3.5,3.68
661,5.408e-05,3.52,3.68
662,5.4399999999999994e-05,3.54,3.7
663,5.471999999999999e-05,3.54,3.7
664,5.503999999999999e-05,3.54,3.72
665,5.5359999999999985e-05,3.54,3.72
666,5.567999999999998e-05,3.56,3.74
667,5.6000000000000006e-05,3.56,3.74
668,5.632e-05,3.56,3.74
669,5.664e-05,3.58,3.7600000000000002
670,5.696e-05,3.58,3.7800000000000002
671,5.7279999999999994e-05,3.58,3.7800000000000002
672,5.759999999999999e-05,3.6,3.7800000000000002
673,5.791999999999999e-05,3.6,3.8000000000000003
674,5.8239999999999984e-05,3.6,3.8000000000000003
675,5.855999999999998e-05,3.62,3.8000000000000003
676,5.8880000000000005e-05,3.62,3.8200000000000003
677,5.92e-05,3.66,3.8200000000000003
678,5.952e-05,3.66,3.84
679,5.9839999999999996e-05,3.66,3.84
680,6.015999999999999e-05,3.66,3.84
681,6.047999999999999e-05,3.66,3.86
682,6.079999999999999e-05,3.68,3.86
683,6.111999999999998e-05,3.68,3.86
684,6.143999999999998e-05,3.7,3.88
685,6.176e-05,3.7,3.9
686,6.208e-05,3.7,3.9
687,6.24e-05,3.72,3.9
688,6.272e-05,3.72,3.92
689,6.303999999999999e-05,3.72,3.92
690,6.335999999999999e-05,3.74,3.92
691,6.367999999999999e-05,3.7600000000000002,3.94
692,6.399999999999998e-05,3.7800000000000002,3.94
693,6.432000000000001e-05,3.7600000000000002,3.94
694,6.464e-05,3.7600000000000002,3.98
695,6.496e-05,3.7800000000000002,3.96
696,6.528e-05,3.8000000000000003,3.98
697,6.56e-05,3.8200000000000003,4.0
698,6.591999999999999e-05,3.8000000000000003,3.98
699,6.623999999999999e-05,3.8200000000000003,4.0
700,6.655999999999999e-05,3.8200000000000003,4.0
701,6.687999999999998e-05,3.84,4.0200000000000005
702,6.720000000000001e-05,3.84,4.0200000000000005
703,6.752e-05,3.84,4.04
704,6.784e-05,3.86,4.04
705,6.816e-05,3.86,4.04
706,6.848e-05,3.88,4.04
707,6.879999999999999e-05,3.9,4.0600000000000005
708,6.911999999999999e-05,3.88,4.08
709,6.943999999999999e-05,3.9,4.08
710,6.975999999999998e-05,3.9,4.08
711,7.008e-05,3.9,4.1
712,7.04e-05,3.92,4.1
713,7.072e-05,3.92,4.12
714,7.104e-05,3.94,4.12
715,7.136e-05,3.94,4.14
716,7.167999999999999e-05,3.96,4.14
717,7.199999999999999e-05,3.96,4.16
718,7.231999999999999e-05,3.96,4.16
719,7.263999999999998e-05,3.98,4.18
720,7.296e-05,3.98,4.18
721,7.328e-05,4.0,4.18
722,7.36e-05,4.0200000000000005,4.2
723,7.392e-05,4.0,4.2
724,7.424e-05,4.0200000000000005,4.2
725,7.455999999999999e-05,4.0200000000000005,4.22
726,7.487999999999999e-05,4.04,4.22
727,7.519999999999998e-05,4.04,4.24
728,7.551999999999998e-05,4.0600000000000005,4.24
729,7.584e-05,4.0600000000000005,4.24
730,7.616e-05,4.0600000000000005,4.26
731,7.648e-05,4.0600000000000005,4.26
732,7.68e-05,4.1,4.28
733,7.712e-05,4.08,4.28
734,7.743999999999999e-05,4.1,4.28
735,7.775999999999999e-05,4.1,4.3
736,7.807999999999998e-05,4.1,4.3
737,7.839999999999998e-05,4.12,4.3
738,7.872e-05,4.12,4.32
739,7.904e-05,4.14,4.32
740,7.936e-05,4.14,4.34
741,7.968e-05,4.14,4.34
742,7.999999999999999e-05,4.16,4.36
743,8.031999999999999e-05,4.18,4.36
744,8.063999999999999e-05,4.18,4.38
745,8.095999999999998e-05,4.18,4.38
746,8.128000000000001e-05,4.2,4.4
747,8.16e-05,4.2,4.4
748,8.192e-05,4.2,4.42
749,8.224e-05,4.2,4.42
750,8.256e-05,4.22,4.42
751,8.287999999999999e-05,4.22,4.44
752,8.319999999999999e-05,4.24,4.44
753,8.351999999999999e-05,4.24,4.44
754,8.383999999999998e-05,4.24,4.46
755,8.416000000000001e-05,4.26,4.46
756,8.448e-05,4.26,4.48
757,8.48e-05,4.28,4.48
758,8.512e-05,4.28,4.5
759,8.544e-05,4.3,4.5
760,8.575999999999999e-05,4.3,4.5
761,8.607999999999999e-05,4.3,4.5200000000000005
762,8.639999999999999e-05,4.3,4.5200000000000005
763,8.671999999999998e-05,4.32,4.54
764,8.703999999999998e-05,4.32,4.54
765,8.735999999999998e-05,4.34,4.5600000000000005
766,8.767999999999997e-05,4.34,4.5600000000000005
767,8.799999999999997e-05,4.34,4.5600000000000005
768,8.832000000000002e-05,4.36,4.58
769,8.864000000000002e-05,4.36,4.58
770,8.896000000000002e-05,4.38,4.6000000000000005
771,8.928000000000001e-05,4.38,4.6000000000000005
772,8.960000000000001e-05,4.4,4.6000000000000005
773,8.992e-05,4.4,4.62
774,9.024e-05,4.4,4.62
775,9.056e-05,4.42,4.64
776,9.088e-05,4.42,4.64
777,9.12e-05,4.42,4.64
778,9.151999999999999e-05,4.44,4.66
779,9.183999999999999e-05,4.44,4.66
780,9.215999999999998e-05,4.46,4.66
781,9.247999999999998e-05,4.46,4.68
782,9.279999999999998e-05,4.46,4.68
783,9.311999999999998e-05,4.48,4.7
784,9.343999999999997e-05,4.48,4.7
785,9.375999999999997e-05,4.5,4.72
786,9.408000000000002e-05,4.5,4.72
787,9.440000000000002e-05,4.5,4.72
788,9.472000000000001e-05,4.5200000000000005,4.74
789,9.504000000000001e-05,4.5200000000000005,4.74
790,9.536000000000001e-05,4.5200000000000005,4.74
791,9.568e-05,4.54,4.78
792,9.6e-05,4.54,4.78
793,9.632e-05,4.5600000000000005,4.78
794,9.664e-05,4.5600000000000005,4.8
795,9.696e-05,4.58,4.8
796,9.727999999999999e-05,4.58,4.8
797,9.759999999999999e-05,4.58,4.82
798,9.791999999999998e-05,4.6000000000000005,4.84
799,9.823999999999998e-05,4.6000000000000005,4.82
800,9.855999999999998e-05,4.6000000000000005,4.86
801,9.887999999999997e-05,4.62,4.84
802,9.919999999999997e-05,4.64,4.86
803,9.951999999999997e-05,4.64,4.86
804,9.984000000000002e-05,4.64,4.88
805,0.00010016000000000002,4.66,4.88
806,0.00010048000000000001,4.66,4.88
807,0.00010080000000000001,4.66,4.9
808,0.00010112000000000001,4.68,4.9
809,0.00010144,4.68,4.92
810,0.00010176,4.7,4.92
811,0.00010208,4.7,4.92
812,0.0001024,4.7,4.94
813,0.00010271999999999999,4.72,4.94
814,0.00010303999999999999,4.72,4.94
815,0.00010335999999999999,4.74,4.96
816,0.00010367999999999998,4.74,2.82
817,0.00010399999999999998,2.96,0.08
818,0.00010431999999999998,1.7,0.08
819,0.00010463999999999997,1.02,0.06
820,0.00010495999999999997,0.64,0.06
821,0.00010528000000000002,0.42,0.08
822,0.00010560000000000002,0.3,0.08
823,0.00010592000000000002,0.24,0.08
824,0.00010624000000000001,0.18,0.1
825,0.00010656000000000001,0.16,0.1
826,0.00010688,0.16,0.12
827,0.0001072,0.16,0.1
828,0.00010752,0.16,0.14
829,0.00010784,0.16,0.14
830,0.00010816,0.16,0.16
831,0.00010847999999999999,0.16,0.16
832,0.00010879999999999999,0.16,0.16
833,0.00010911999999999999,0.18,0.18
834,0.00010943999999999998,0.18,0.18
835,0.00010975999999999998,0.18,0.18
836,0.00011007999999999998,0.18,0.2
837,0.00011039999999999997,0.2,0.2
838,0.00011071999999999997,0.2,0.22
839,0.00011104000000000002,0.2,0.22
840,0.00011136000000000002,0.22,0.24
841,0.00011168000000000001,0.22,0.22
842,0.00011200000000000001,0.22,0.24
843,0.00011232000000000001,0.22,0.24
844,0.00011264,0.24,0.26
845,0.00011296,0.24,0.26
846,0.00011328,0.24,0.28
847,0.0001136,0.26,0.28
848,0.00011392,0.28,0.28
849,0.00011423999999999999,0.28,0.3
850,0.00011455999999999999,0.28,0.32
851,0.00011487999999999998,0.28,0.32
852,0.00011519999999999998,0.28,0.32
853,0.00011551999999999998,0.3,0.34
854,0.00011583999999999998,0.3,0.34
855,0.00011615999999999997,0.32,0.34
856,0.00011647999999999997,0.32,0.34
857,0.00011680000000000002,0.34,0.36
858,0.00011712000000000002,0.34,0.36
859,0.00011744000000000001,0.34,0.38
860,0.00011776000000000001,0.36,0.36
861,0.00011808000000000001,0.36,0.4
862,0.0001184,0.36,0.4
863,0.00011872,0.38,0.4
864,0.00011904,0.38,0.42
865,0.00011936,0.38,0.42
866,0.00011967999999999999,0.4,0.42
867,0.00011999999999999999,0.4,0.44
868,0.00012031999999999999,0.42,0.44
869,0.00012063999999999998,0.42,0.46
870,0.00012095999999999998,0.42,0.46
871,0.00012127999999999998,0.44,0.46
872,0.00012159999999999997,0.44,0.48
873,0.00012191999999999997,0.44,0.48
874,0.00012224000000000002,0.46,0.5
875,0.00012256000000000002,0.46,0.5
876,0.00012288000000000002,0.46,0.5
877,0.0001232,0.48,0.5
878,0.00012352,0.48,0.52
879,0.00012384,0.5,0.54
880,0.00012416,0.5,0.52
881,0.00012448,0.5,0.54
882,0.0001248,0.52,0.56
883,0.00012512,0.52,0.56
884,0.00012544,0.54,0.58
885,0.00012576,0.54,0.58
886,0.00012607999999999999,0.54,0.58
887,0.00012639999999999998,0.56,0.6
888,0.00012671999999999998,0.56,0.58
889,0.00012703999999999998,0.58,0.6
890,0.00012735999999999997,0.58,0.62
891,0.00012767999999999997,0.58,0.62
892,0.00012800000000000002,0.6,0.64
893,0.00012832000000000002,0.6,0.64
894,0.00012864000000000002,0.62,0.64
895,0.00012896,0.62,0.66
896,0.00012928,0.62,0.66
897,0.0001296,0.64,0.68
898,0.00012992,0.64,0.68
899,0.00013024,0.64,0.68
900,0.00013056,0.64,0.7000000000000001
901,0.00013088,0.66,0.7000000000000001
902,0.0001312,0.68,0.72
903,0.00013152,0.68,0.74
904,0.00013183999999999998,0.7000000000000001,0.74
905,0.00013215999999999998,0.7000000000000001,0.74
906,0.00013247999999999998,0.7000000000000001,0.74
907,0.00013279999999999998,0.72,0.76
908,0.00013311999999999997,0.72,0.76
909,0.00013343999999999997,0.74,0.76
910,0.00013376000000000002,0.74,0.78
911,0.00013408000000000002,0.72,0.78
912,0.00013440000000000001,0.76,0.8
913,0.00013472,0.76,0.8
914,0.00013504,0.76,0.8200000000000001
915,0.00013536,0.78,0.8200000000000001
916,0.00013568,0.76,0.8200000000000001
917,0.000136,0.8,0.84
918,0.00013632,0.8,0.84
919,0.00013664,0.8200000000000001,0.86
920,0.00013696,0.8200000000000001,0.86
921,0.00013728,0.8200000000000001,0.86
922,0.00013759999999999998,0.8200000000000001,0.86
923,0.00013791999999999998,0.84,0.88
924,0.00013823999999999998,0.84,0.9
925,0.00013855999999999997,0.86,0.9
926,0.00013887999999999997,0.86,0.92
927,0.00013920000000000002,0.86,0.92
928,0.00013952000000000002,0.88,0.9400000000000001
929,0.00013984000000000002,0.88,0.9400000000000001
930,0.00014016,0.9,0.96
931,0.00014048,0.9,0.96
932,0.0001408,0.9,0.96
933,0.00014112,0.9,0.96
934,0.00014144,0.92,0.98
935,0.00014176,0.9400000000000001,0.98
936,0.00014208,0.9400000000000001,0.98
937,0.0001424,0.9400000000000001,1.0
938,0.00014272,0.96,1.02
939,0.00014303999999999999,0.96,1.02
940,0.00014335999999999998,0.96,1.02
941,0.00014367999999999998,0.98,1.04
942,0.00014399999999999998,0.98,1.04
943,0.00014431999999999997,0.98,1.06
944,0.00014463999999999997,1.0,1.06
945,0.00014496000000000002,1.0,1.06
946,0.00014528000000000002,1.0,1.08
947,0.00014560000000000002,1.02,1.08
948,0.00014592,1.04,1.08
949,0.00014624,1.04,1.1
950,0.00014656,1.06,1.12
951,0.00014688,1.06,1.12
952,0.0001472,1.06,1.12
953,0.00014752,1.08,1.1400000000000001
954,0.00014784,1.08,1.1400000000000001
955,0.00014816,1.08,1.1400000000000001
956,0.00014848,1.1,1.1400000000000001
957,0.00014879999999999998,1.08,1.16
958,0.00014911999999999998,1.12,1.16
959,0.00014943999999999998,1.12,1.18
960,0.00014975999999999998,1.1400000000000001,1.18
961,0.00015007999999999997,1.1400000000000001,1.2
962,0.00015039999999999997,1.12,1.2
963,0.00015072000000000002,1.16,1.22
964,0.00015104000000000002,1.16,1.22
965,0.00015136000000000001,1.16,1.24
966,0.00015168,1.16,1.24
967,0.000152,1.18,1.24
968,0.00015232,1.18,1.26
969,0.00015264,1.2,1.26
970,0.00015296,1.2,1.28
971,0.00015328,1.22,1.28
972,0.0001536,1.22,1.3
973,0.00015392,1.22,1.3
974,0.00015424,1.24,1.3
975,0.00015455999999999998,1.24,1.32
976,0.00015487999999999998,1.26,1.32
977,0.00015519999999999998,1.26,1.34
978,0.00015551999999999997,1.26,1.34
979,0.00015583999999999997,1.28,1.34
980,0.00015616000000000002,1.28,1.36
981,0.00015648000000000002,1.3,1.3800000000000001
982,0.00015680000000000002,1.28,1.3800000000000001
983,0.00015712000000000001,1.32,1.3800000000000001
984,0.00015744,1.32,1.4000000000000001
985,0.00015776,1.32,1.4000000000000001
986,0.00015808,1.34,1.42
987,0.0001584,1.34,1.42
988,0.00015872,1.34,1.42
989,0.00015904,1.34,1.44
990,0.00015936,1.36,1.44
991,0.00015968,1.36,1.44
992,0.00015999999999999999,1.3800000000000001,1.44
993,0.00016031999999999998,1.3800000000000001,1.46
994,0.00016063999999999998,1.3800000000000001,1.46
995,0.00016095999999999998,1.4000000000000001,1.48
996,0.00016127999999999997,1.4000000000000001,1.48
997,0.00016159999999999997,1.42,1.5
998,0.00016192000000000002,1.42,1.5
999,0.00016224000000000002,1.44,1.52
1000,0.00016256000000000002,1.44,1.52
1001,0.00016288,1.44,1.52
1002,0.0001632,1.44,1.54
1003,0.00016352,1.46,1.54
1004,0.00016384,1.48,1.54
1005,0.00016416,1.48,1.56
1006,0.00016448,1.48,1.56
1007,0.0001648,1.48,1.56
1008,0.00016512,1.5,1.58
1009,0.00016544,1.52,1.6
1010,0.00016575999999999999,1.52,1.6
1011,0.00016607999999999998,1.52,1.6
1012,0.00016639999999999998,1.54,1.62
1013,0.00016671999999999998,1.54,1.62
1014,0.00016703999999999997,1.56,1.62
1015,0.00016735999999999997,1.56,1.6400000000000001
1016,0.00016768000000000002,1.56,1.6600000000000001
1017,0.00016800000000000002,1.58,1.6600000000000001
1018,0.00016832000000000001,1.58,1.6600000000000001
1019,0.00016864,1.58,1.68
1020,0.00016896,1.6,1.68
1021,0.00016928,1.62,1.68
1022,0.0001696,1.62,1.7
1023,0.00016992,1.6,1.7
1024,0.00017024,1.62,1.72
1025,0.00017056,1.6400000000000001,1.72
1026,0.00017088,1.6400000000000001,1.72
1027,0.0001712,1.6400000000000001,1.74
1028,0.00017151999999999998,1.6600000000000001,1.76
1029,0.00017183999999999998,1.6600000000000001,1.76
1030,0.00017215999999999998,1.68,1.76
1031,0.00017247999999999997,1.68,1.78
1032,0.00017279999999999997,1.7,1.78
1033,0.00017312000000000002,1.7,1.78
1034,0.00017344000000000002,1.7,1.8
1035,0.00017376000000000002,1.72,1.78
1036,0.00017408000000000001,1.72,1.82
1037,0.0001744,1.74,1.82
1038,0.00017472,1.74,1.82
1039,0.00017504,1.74,1.84
1040,0.00017536,1.76,1.84
1041,0.00017568,1.76,1.84
1042,0.000176,1.76,1.86
1043,0.00017632,1.78,1.8800000000000001
1044,0.00017664,1.78,1.8800000000000001
1045,0.00017695999999999999,1.8,1.9000000000000001
1046,0.00017727999999999998,1.8,1.8800000000000001
1047,0.00017759999999999998,1.8,1.8800000000000001
1048,0.00017791999999999998,1.82,1.92
1049,0.00017823999999999997,1.84,1.92
1050,0.00017855999999999997,1.82,1.92
1051,0.00017888000000000002,1.84,1.94
1052,0.00017920000000000002,1.84,1.94
1053,0.00017952000000000002,1.86,1.96
1054,0.00017984,1.86,1.96
1055,0.00018016,1.8800000000000001,1.98
1056,0.00018048,1.8800000000000001,1.98
1057,0.0001808,1.9000000000000001,1.98
1058,0.00018112,1.9000000000000001,2.0
1059,0.00018144,1.9000000000000001,2.02
1060,0.00018176,1.92,2.02
1061,0.00018208,1.92,2.02
1062,0.0001824,1.92,2.02
1063,0.00018271999999999999,1.94,2.04
1064,0.00018303999999999998,1.94,2.04
1065,0.00018335999999999998,1.96,2.04
1066,0.00018367999999999998,1.94,2.04
1067,0.00018399999999999997,1.96,2.08
1068,0.00018431999999999997,1.98,2.08
1069,0.00018464000000000002,1.98,2.08
1070,0.00018496000000000002,2.0,2.08
1071,0.00018528000000000001,2.0,2.1
1072,0.0001856,2.02,2.12
1073,0.00018592,2.02,2.12
1074,0.00018624,2.02,2.12
1075,0.00018656,2.04,2.14
1076,0.00018688,2.04,2.14
1077,0.0001872,2.04,2.14
1078,0.00018752,2.06,2.16
1079,0.00018784,2.06,2.18
1080,0.00018816,2.08,2.18
1081,0.00018847999999999998,2.08,2.18
1082,0.00018879999999999998,2.08,2.2
1083,0.00018911999999999998,2.1,2.2
1084,0.00018943999999999998,2.1,2.2
1085,0.00018975999999999997,2.12,2.22
1086,0.00019008000000000002,2.12,2.22
1087,0.00019040000000000002,2.12,2.22
1088,0.00019072000000000002,2.14,2.24
1089,0.00019104000000000001,2.14,2.2600000000000002
1090,0.00019136,2.14,2.2600000000000002
1091,0.00019168,2.14,2.2600000000000002
1092,0.000192,2.16,2.2600000000000002
1093,0.00019232,2.18,2.3000000000000003
1094,0.00019264,2.16,2.3000000000000003
1095,0.00019296,2.18,2.3000000000000003
1096,0.00019328,2.2,2.3000000000000003
1097,0.0001936,2.2,2.3000000000000003
1098,0.00019392,2.22,2.32
1099,0.00019423999999999998,2.2,2.32
1100,0.00019455999999999998,2.22,2.34
1101,0.00019487999999999998,2.24,2.34
1102,0.00019519999999999997,2.24,2.36
1103,0.00019551999999999997,2.24,2.36
1104,0.00019584000000000002,2.2600000000000002,2.38
1105,0.00019616000000000002,2.2600000000000002,2.38
1106,0.00019648000000000002,2.2800000000000002,2.4
1107,0.0001968,2.2800000000000002,2.4
1108,0.00019712,2.2800000000000002,2.4
1109,0.00019744,2.3000000000000003,2.42
1110,0.00019776,2.3000000000000003,2.42
1111,0.00019808,2.32,2.42
1112,0.0001984,2.32,2.44
1113,0.00019872,2.32,2.44
1114,0.00019904,2.34,2.46
1115,0.00019936,2.34,2.46
1116,0.00019967999999999999,2.34,2.48
1117,0.00019999999999999998,2.36,2.46
1118,0.00020031999999999998,2.36,2.48
1119,0.00020063999999999998,2.38,2.5
1120,0.00020095999999999997,2.38,2.5
1121,0.00020127999999999997,2.4,2.5
1122,0.00020160000000000002,2.4,2.52
1123,0.00020192000000000002,2.4,2.52
1124,0.00020224000000000002,2.42,2.52
1125,0.00020256,2.42,2.54
1126,0.00020288,2.44,2.56
1127,0.0002032,2.44,2.56
1128,0.00020352,2.44,2.56
1129,0.00020384,2.44,2.58
1130,0.00020416,2.46,2.6
1131,0.00020448,2.46,2.58
1132,0.0002048,2.48,2.6
1133,0.00020512,2.48,2.6
1134,0.00020543999999999998,2.5,2.62
1135,0.00020575999999999998,2.5,2.62
1136,0.00020607999999999998,2.5,2.64
1137,0.00020639999999999998,2.52,2.62
1138,0.00020671999999999997,2.5,2.64
1139,0.00020704000000000002,2.52,2.66
1140,0.00020736000000000002,2.52,2.66
1141,0.00020768000000000002,2.54,2.66
1142,0.00020800000000000001,2.54,2.68
1143,0.00020832,2.54,2.68
1144,0.00020864,2.56,2.7
1145,0.00020896,2.58,2.72
1146,0.00020928,2.58,2.72
1147,0.0002096,2.58,2.72
1148,0.00020992,2.58,2.72
1149,0.00021024,2.6,2.74
1150,0.00021056,2.6,2.7600000000000002
1151,0.00021088,2.62,2.74
1152,0.00021119999999999998,2.64,2.7600000000000002
1153,0.00021151999999999998,2.64,2.7600000000000002
1154,0.00021183999999999998,2.64,2.7800000000000002
1155,0.00021215999999999997,2.64,2.7800000000000002
1156,0.00021247999999999997,2.66,2.7800000000000002
1157,0.00021280000000000002,2.68,2.8000000000000003
1158,0.00021312000000000002,2.68,2.8000000000000003
1159,0.00021344000000000002,2.68,2.82
1160,0.00021376,2.68,2.84
1161,0.00021408,2.68,2.82
1162,0.0002144,2.7,2.84
1163,0.00021472,2.7,2.86
1164,0.00021504,2.74,2.86
1165,0.00021536,2.72,2.86
1166,0.00021568,2.72,2.88
1167,0.000216,2.7600000000000002,2.88
1168,0.00021632,2.7600000000000002,2.9
1169,0.00021663999999999999,2.7600000000000002,2.9
1170,0.00021695999999999998,2.7600000000000002,2.92
1171,0.00021727999999999998,2.7800000000000002,2.92
1172,0.00021759999999999998,2.7800000000000002,2.92
1173,0.00021791999999999997,2.8000000000000003,2.92
1174,0.00021823999999999997,2.8000000000000003,2.94
1175,0.00021856000000000002,2.8000000000000003,2.94
1176,0.00021888000000000002,2.82,2.96
1177,0.00021920000000000002,2.82,2.98
1178,0.00021952,2.82,2.98
1179,0.00021984,2.84,2.98
1180,0.00022016,2.84,2.98
1181,0.00022048,2.86,3.0
1182,0.0002208,2.86,3.0
1183,0.00022112,2.86,3.0
1184,0.00022144,2.88,3.02
1185,0.00022176,2.9,3.04
1186,0.00022208,2.9,3.04
1187,0.00022239999999999998,2.9,3.04
1188,0.00022271999999999998,2.9,3.06
1189,0.00022303999999999998,2.92,3.06
1190,0.00022335999999999998,2.92,3.08
1191,0.00022367999999999997,2.92,3.08
1192,0.00022400000000000002,2.94,3.08
1193,0.00022432000000000002,2.94,3.1
1194,0.00022464000000000002,2.96,3.1
1195,0.00022496000000000001,2.96,3.12
1196,0.00022528,2.98,3.12
1197,0.0002256,3.0,3.12
1198,0.00022592,2.98,3.14
1199,0.00022624,3.0,3.14
1200,0.00022656,3.0,3.14
1201,0.00022688,3.0,3.16
1202,0.0002272,3.02,3.18
1203,0.00022752,3.04,3.18
1204,0.00022784,3.02,3.18
1205,0.00022815999999999998,3.06,3.18
1206,0.00022847999999999998,3.04,3.2
1207,0.00022879999999999998,3.06,3.2
1208,0.00022911999999999997,3.06,3.24
1209,0.00022943999999999997,3.06,3.22
1210,0.00022976000000000002,3.08,3.24
1211,0.00023008000000000002,3.08,3.24
1212,0.00023040000000000002,3.1,3.2800000000000002
1213,0.00023072000000000001,3.1,3.2600000000000002
1214,0.00023104,3.12,3.2800000000000002
1215,0.00023136,3.12,3.3000000000000003
1216,0.00023168,3.12,3.2800000000000002
1217,0.000232,3.14,3.3000000000000003
1218,0.00023232,3.14,3.3200000000000003
1219,0.00023264,3.14,3.3200000000000003
1220,0.00023296,3.16,3.3200000000000003
1221,0.00023328,3.18,3.3200000000000003
1222,0.00023359999999999999,3.18,3.36
1223,0.00023391999999999998,3.18,3.34
1224,0.00023423999999999998,3.2,3.36
1225,0.00023455999999999998,3.2,3.36
1226,0.00023487999999999997,3.2,3.38
1227,0.00023519999999999997,3.24,3.38
1228,0.00023552000000000002,3.22,3.38
1229,0.00023584000000000002,3.22,3.38
1230,0.00023616000000000002,3.24,3.4
1231,0.00023648,3.24,3.42
1232,0.0002368,3.2800000000000002,3.42
1233,0.00023712,3.2600000000000002,3.42
1234,0.00023744,3.2800000000000002,3.44
1235,0.00023776,3.2800000000000002,3.44
1236,0.00023808,3.3000000000000003,3.46
1237,0.0002384,3.3000000000000003,3.46
1238,0.00023872,3.3200000000000003,3.46
1239,0.00023904,3.3200000000000003,3.48
1240,0.00023935999999999999,3.3200000000000003,3.48
1241,0.00023967999999999998,3.3200000000000003,3.5
1242,0.00023999999999999998,3.34,3.5
1243,0.00024031999999999998,3.34,3.52
1244,0.00024063999999999997,3.36,3.52
1245,0.00024096000000000002,3.36,3.54
1246,0.00024128000000000002,3.36,3.54
1247,0.00024160000000000002,3.38,3.54
1248,0.00024192000000000001,3.38,3.56
1249,0.00024224,3.4,3.56
1250,0.00024256,3.4,3.56
1251,0.00024288,3.4,3.58
1252,0.0002432,3.42,3.58
1253,0.00024352,3.42,3.6
1254,0.00024384,3.44,3.6
1255,0.00024416,3.44,3.62
1256,0.00024448,3.46,3.62
1257,0.0002448,3.46,3.62
1258,0.00024512,3.46,3.64
1259,0.00024544,3.48,3.64
1260,0.00024576,3.48,3.64
1261,0.00024608,3.5,3.66
1262,0.00024639999999999997,3.5,3.66
1263,0.00024672,3.5,3.68
1264,0.00024704,3.52,3.68
1265,0.00024736,3.52,3.7
1266,0.00024768,3.52,3.7
1267,0.000248,3.54,3.72
1268,0.00024832,3.54,3.72
1269,0.00024864,3.54,3.72
1270,0.00024896,3.58,3.74
1271,0.00024928,3.56,3.74
1272,0.0002496,3.58,3.7600000000000002
1273,0.00024992,3.6,3.7600000000000002
1274,0.00025024,3.58,3.7600000000000002
1275,0.00025056,3.58,3.7800000000000002
1276,0.00025088,3.6,3.7800000000000002
1277,0.0002512,3.6,3.8000000000000003
1278,0.00025152,3.62,3.8000000000000003
1279,0.00025184,3.62,3.8200000000000003
1280,0.00025215999999999997,3.64,3.8200000000000003
1281,0.00025248,3.66,3.8200000000000003
1282,0.0002528,3.66,3.84
1283,0.00025312,3.68,3.84
1284,0.00025344,3.68,3.86
1285,0.00025376,3.68,3.86
1286,0.00025408,3.68,3.86
1287,0.0002544,3.7,3.88
1288,0.00025472,3.7,3.88
1289,0.00025504,3.7,3.9
1290,0.00025536,3.72,3.9
1291,0.00025568,3.72,3.92
1292,0.000256,3.74,3.92
1293,0.00025632,3.74,3.94
1294,0.00025664,3.7600000000000002,3.94
1295,0.00025696,3.7600000000000002,3.94
1296,0.00025728,3.7600000000000002,3.96
1297,0.0002576,3.7800000000000002,3.96
1298,0.00025792,3.7800000000000002,3.96
1299,0.00025824,3.7800000000000002,3.98
1300,0.00025856,3.8000000000000003,3.98
1301,0.00025888,3.8000000000000003,4.0
1302,0.0002592,3.8000000000000003,4.0
1303,0.00025952,3.84,4.0200000000000005
1304,0.00025984,3.8200000000000003,4.0200000000000005
1305,0.00026016,3.84,4.0200000000000005
1306,0.00026048,3.84,4.04
1307,0.0002608,3.86,4.0600000000000005
1308,0.00026112,3.86,4.04
1309,0.00026144,3.88,4.0600000000000005
1310,0.00026176,3.88,4.0600000000000005
1311,0.00026208,3.9,4.08
1312,0.0002624,3.88,4.08
1313,0.00026272,3.92,4.08
1314,0.00026304,3.9,4.1
1315,0.00026335999999999997,3.9,4.1
1316,0.00026368,3.92,4.12
1317,0.000264,3.94,4.12
1318,0.00026432,3.94,4.14
1319,0.00026464,3.94,4.12
1320,0.00026496,3.96,4.14
1321,0.00026528,3.96,4.16
1322,0.0002656,3.98,4.18
1323,0.00026592,3.98,4.16
1324,0.00026624,3.98,4.18
1325,0.00026656,3.98,4.2
1326,0.00026688,4.0,4.22
1327,0.0002672,4.0200000000000005,4.2
1328,0.00026752,4.0200000000000005,4.2
1329,0.00026784,4.0200000000000005,4.22
1330,0.00026816,4.04,4.24
1331,0.00026848,4.04,4.24
1332,0.0002688,4.0600000000000005,4.24
1333,0.00026912,4.0600000000000005,4.26
1334,0.00026944,4.08,4.26
1335,0.00026976,4.08,4.28
1336,0.00027008,4.08,4.28
1337,0.0002704,4.08,4.3
1338,0.00027072,4.1,4.3
1339,0.00027104,4.1,4.3
1340,0.00027136,4.1,4.3
1341,0.00027168,4.12,4.32
1342,0.000272,4.12,4.34
1343,0.00027232,4.14,4.34
1344,0.00027264,4.14,4.34
1345,0.00027296,4.14,4.36
1346,0.00027328,4.16,4.36
1347,0.0002736,4.16,4.38
1348,0.00027392,4.18,4.38
1349,0.00027424,4.18,4.38
1350,0.00027456,4.18,4.4
1351,0.00027488,4.2,4.4
1352,0.0002752,4.22,4.4
1353,0.00027552,4.2,4.42
1354,0.00027584,4.24,4.44
1355,0.00027616,4.22,4.44
1356,0.00027648,4.24,4.44
1357,0.0002768,4.24,4.46
1358,0.00027712,4.26,4.46
1359,0.00027744,4.26,4.48
1360,0.00027776,4.26,4.48
1361,0.00027808,4.28,4.5
1362,0.0002784,4.28,4.5
1363,0.00027872,4.28,4.5
1364,0.00027904,4.3,4.5200000000000005
1365,0.00027936,4.3,4.5200000000000005
1366,0.00027968,4.32,4.5200000000000005
1367,0.00028,4.32,4.54
1368,0.00028031999999999997,4.34,4.54
1369,0.00028064,4.34,4.5600000000000005
1370,0.00028096,4.34,4.5600000000000005
1371,0.00028128,4.36,4.58
1372,0.0002816,4.36,4.58
1373,0.00028192,4.38,4.58
1374,0.00028224,4.38,4.6000000000000005
1375,0.00028256,4.38,4.6000000000000005
1376,0.00028288,4.4,4.6000000000000005
1377,0.0002832,4.4,4.62
1378,0.00028352,4.42,4.62
1379,0.00028384,4.44,4.64
1380,0.00028416,4.44,4.64
1381,0.00028448,4.44,4.64
1382,0.0002848,4.44,4.66
1383,0.00028512,4.46,4.66
1384,0.00028544,4.46,4.68
1385,0.00028576,4.46,4.7
1386,0.00028608,4.46,4.7
1387,0.0002864,4.48,4.7
1388,0.00028672,4.5,4.7
1389,0.00028704,4.5,4.72
1390,0.00028736,4.5,4.74
1391,0.00028768,4.5200000000000005,4.72
1392,0.000288,4.5200000000000005,4.76
1393,0.00028832,4.54,4.74
1394,0.00028864,4.54,4.76
1395,0.00028896,4.5600000000000005,4.76
1396,0.00028928,4.5600000000000005,4.78
1397,0.0002896,4.5600000000000005,4.8
1398,0.00028992,4.5600000000000005,4.8
1399,0.00029024,4.58,4.82
1400,0.00029056,4.58,4.8
1401,0.00029088,4.58,4.82
1402,0.0002912,4.6000000000000005,4.82
1403,0.00029152,4.62,4.84
1404,0.00029184,4.62,4.84
1405,0.00029216,4.62,4.86
1406,0.00029248,4.66,4.86
1407,0.0002928,4.64,4.86
1408,0.00029312,4.64,4.88
1409,0.00029344,4.66,4.88
1410,0.00029376,4.66,4.9
1411,0.00029408,4.66,4.9
1412,0.0002944,4.68,4.9
1413,0.00029472,4.7,4.92
1414,0.00029504,4.7,4.92
1415,0.00029536,4.7,4.94
1416,0.00029568,4.72,4.94
1417,0.000296,4.72,4.94
1418,0.00029632,4.74,4.96
1419,0.00029664,4.74,4.96
1420,0.00029696,3.7600000000000002,0.1
1421,0.00029727999999999997,2.12,0.08
1422,0.0002976,1.24,0.06
1423,0.00029792,0.76,0.06
1424,0.00029824,0.48,0.08
1425,0.00029856,0.34,0.08
1426,0.00029888,0.24,0.08
1427,0.0002992,0.2,0.1
1428,0.00029952,0.18,0.1
1429,0.00029984,0.16,0.12
1430,0.00030016,0.16,0.12
1431,0.00030048,0.14,0.14
1432,0.0003008,0.16,0.14
1433,0.00030112,0.14,0.14
1434,0.00030144,0.16,0.14
1435,0.00030176,0.16,0.16
1436,0.00030208,0.16,0.18
1437,0.0003024,0.16,0.18
1438,0.00030272,0.18,0.18
1439,0.00030304,0.18,0.2
1440,0.00030336,0.18,0.22
1441,0.00030368,0.2,0.2
1442,0.000304,0.2,0.22
1443,0.00030432,0.22,0.24
1444,0.00030464,0.22,0.24
1445,0.00030496,0.22,0.24
1446,0.00030528,0.24,0.26
1447,0.0003056,0.24,0.26
1448,0.00030592,0.24,0.28
1449,0.00030624,0.24,0.28
1450,0.00030656,0.26,0.28
1451,0.00030688,0.28,0.28
1452,0.0003072,0.28,0.3
1453,0.00030752,0.28,0.3
1454,0.00030784,0.28,0.32
1455,0.00030816,0.3,0.32
1456,0.00030848,0.3,0.34
1457,0.0003088,0.3,0.34
1458,0.00030912,0.32,0.34
1459,0.00030944,0.32,0.34
1460,0.00030976,0.34,0.36
1461,0.00031008,0.34,0.38
1462,0.0003104,0.34,0.38
1463,0.00031072,0.36,0.38
1464,0.00031104,0.36,0.38
1465,0.00031136,0.38,0.4
1466,0.00031168,0.38,0.4
1467,0.000312,0.38,0.4
1468,0.00031232,0.38,0.42
1469,0.00031264,0.4,0.42
1470,0.00031296,0.4,0.44
1471,0.00031328,0.42,0.44
1472,0.0003136,0.42,0.44
1473,0.00031392,0.42,0.46
1474,0.00031424,0.42,0.46
1475,0.00031456,0.44,0.48
1476,0.00031488,0.44,0.48
1477,0.0003152,0.46,0.48
1478,0.00031552,0.48,0.5
1479,0.00031584,0.46,0.5
1480,0.00031616,0.48,0.52
1481,0.00031648,0.48,0.52
1482,0.0003168,0.5,0.52
1483,0.00031712,0.5,0.54
1484,0.00031744,0.52,0.54
1485,0.00031776,0.52,0.56
1486,0.00031808,0.52,0.56
1487,0.0003184,0.54,0.58
1488,0.00031872,0.52,0.58
1489,0.00031904,0.54,0.58
1490,0.00031936,0.56,0.6
1491,0.00031968,0.56,0.6
1492,0.00032,0.58,0.6
1493,0.00032032,0.58,0.62
1494,0.00032064,0.58,0.62
1495,0.00032096,0.6,0.64
1496,0.00032128,0.6,0.64
1497,0.0003216,0.62,0.64
1498,0.00032192,0.62,0.66
1499,0.00032224,0.62,0.66
1500,0.00032256,0.64,0.68
1501,0.00032288,0.62,0.68
1502,0.0003232,0.64,0.7000000000000001
1503,0.00032352,0.66,0.68
1504,0.00032384,0.68,0.7000000000000001
1505,0.00032416,0.68,0.7000000000000001
1506,0.00032448,0.68,0.72
1507,0.0003248,0.68,0.74
1508,0.00032512,0.7000000000000001,0.74
1509,0.00032544,0.7000000000000001,0.74
1510,0.00032576,0.72,0.76
1511,0.00032608,0.72,0.76
1512,0.0003264,0.72,0.76
1513,0.00032672,0.74,0.78
1514,0.00032704,0.74,0.78
1515,0.00032736,0.76,0.8
1516,0.00032768,0.76,0.78
1517,0.000328,0.76,0.8200000000000001
1518,0.00032832,0.78,0.8200000000000001
1519,0.00032864,0.76,0.84
1520,0.00032896,0.8,0.84
1521,0.00032928,0.8,0.84
1522,0.0003296,0.8,0.84
1523,0.00032992,0.8200000000000001,0.86
1524,0.00033024,0.8200000000000001,0.88
1525,0.00033056,0.84,0.86
1526,0.00033088,0.8200000000000001,0.88
1527,0.00033120000000000003,0.84,0.9
1528,0.00033151999999999997,0.86,0.9
1529,0.00033184,0.86,0.92
1530,0.00033215999999999996,0.86,0.92
1531,0.00033248,0.86,0.92
1532,0.00033279999999999996,0.88,0.9400000000000001
1533,0.00033312,0.88,0.9400000000000001
1534,0.00033343999999999995,0.9,0.96
1535,0.00033376,0.9,0.96
1536,0.00033408000000000005,0.92,0.98
1537,0.0003344,0.9,0.98
1538,0.00033472000000000005,0.9400000000000001,0.98
1539,0.00033504,0.9400000000000001,1.0
1540,0.00033536000000000004,0.9400000000000001,1.0
1541,0.00033568,0.9400000000000001,1.0
1542,0.00033600000000000004,0.96,1.02
1543,0.00033632,0.96,1.02
1544,0.00033664000000000003,0.96,1.04
1545,0.00033695999999999997,0.98,1.04
1546,0.00033728,0.98,1.04
1547,0.00033759999999999997,1.0,1.06
1548,0.00033792,1.02,1.08
1549,0.00033823999999999996,1.02,1.06
1550,0.00033856,1.02,1.08
1551,0.00033887999999999995,1.02,1.08
1552,0.0003392,1.04,1.1
1553,0.00033951999999999995,1.06,1.1
1554,0.00033984,1.06,1.12
1555,0.00034016000000000005,1.08,1.12
1556,0.00034048,1.08,1.12
1557,0.00034080000000000004,1.08,1.1400000000000001
1558,0.00034112,1.08,1.1400000000000001
1559,0.00034144000000000004,1.08,1.1400000000000001
1560,0.00034176,1.1,1.16
1561,0.00034208000000000003,1.12,1.16
1562,0.0003424,1.12,1.18
1563,0.00034272,1.12,1.18
1564,0.00034303999999999997,1.1400000000000001,1.2
1565,0.00034336,1.1400000000000001,1.2
1566,0.00034367999999999996,1.1400000000000001,1.22
1567,0.000344,1.16,1.22
1568,0.00034431999999999996,1.16,1.24
1569,0.00034464,1.18,1.24
1570,0.00034495999999999995,1.18,1.24
1571,0.00034528,1.18,1.24
1572,0.00034560000000000005,1.2,1.26
1573,0.00034592,1.2,1.28
1574,0.00034624000000000005,1.22,1.28
1575,0.00034656,1.22,1.28
1576,0.00034688000000000004,1.24,1.3
1577,0.0003472,1.22,1.3
1578,0.00034752000000000003,1.24,1.32
1579,0.00034784,1.26,1.32
1580,0.00034816000000000003,1.26,1.32
1581,0.00034847999999999997,1.26,1.32
1582,0.0003488,1.26,1.34
1583,0.00034911999999999996,1.26,1.36
1584,0.00034944,1.28,1.36
1585,0.00034975999999999996,1.3,1.3800000000000001
1586,0.00035008,1.3,1.3800000000000001
1587,0.00035039999999999995,1.3,1.4000000000000001
1588,0.00035072,1.32,1.4000000000000001
1589,0.00035104000000000005,1.32,1.3800000000000001
1590,0.00035136,1.34,1.42
1591,0.00035168000000000005,1.34,1.42
1592,0.000352,1.36,1.42
1593,0.00035232000000000004,1.36,1.44
1594,0.00035264,1.36,1.44
1595,0.00035296000000000004,1.36,1.44
1596,0.00035328,1.3800000000000001,1.46
1597,0.00035360000000000003,1.4000000000000001,1.48
1598,0.00035391999999999997,1.4000000000000001,1.48
1599,0.00035424,1.3800000000000001,1.48
1600,0.00035455999999999997,1.42,1.5
1601,0.00035488,1.42,1.5
1602,0.00035519999999999996,1.42,1.5
1603,0.00035552,1.44,1.52
1604,0.00035583999999999995,1.44,1.52
1605,0.00035616,1.46,1.54
1606,0.00035647999999999995,1.46,1.54
1607,0.0003568,1.46,1.54
1608,0.00035712000000000005,1.48,1.56
1609,0.00035744,1.48,1.56
1610,0.00035776000000000004,1.5,1.58
1611,0.00035808,1.5,1.58
1612,0.00035840000000000004,1.5,1.58
1613,0.00035872,1.52,1.6
1614,0.00035904000000000003,1.52,1.6
1615,0.00035936,1.52,1.62
1616,0.00035968,1.54,1.62
1617,0.00035999999999999997,1.56,1.62
1618,0.00036032,1.56,1.6400000000000001
1619,0.00036063999999999996,1.56,1.6400000000000001
1620,0.00036096,1.58,1.6600000000000001
1621,0.00036127999999999996,1.58,1.6600000000000001
1622,0.0003616,1.58,1.6600000000000001
1623,0.00036191999999999995,1.6,1.68
1624,0.00036224,1.58,1.68
1625,0.00036256000000000005,1.62,1.7
1626,0.00036288,1.62,1.7
1627,0.00036320000000000005,1.6400000000000001,1.7
1628,0.00036352,1.62,1.72
1629,0.00036384000000000004,1.6400000000000001,1.72
1630,0.00036416,1.6600000000000001,1.72
1631,0.00036448000000000003,1.6600000000000001,1.74
1632,0.0003648,1.6600000000000001,1.76
1633,0.00036512000000000003,1.68,1.76
1634,0.00036543999999999997,1.68,1.78
1635,0.00036576,1.7,1.78
1636,0.00036607999999999996,1.7,1.78
1637,0.0003664,1.7,1.8
1638,0.00036671999999999996,1.72,1.78
1639,0.00036704,1.72,1.8
1640,0.00036735999999999995,1.72,1.82
1641,0.00036768,1.74,1.82
1642,0.00036800000000000005,1.74,1.84
1643,0.00036832,1.76,1.84
1644,0.00036864000000000005,1.76,1.86
1645,0.00036896,1.76,1.86
1646,0.00036928000000000004,1.76,1.86
1647,0.0003696,1.78,1.8800000000000001
1648,0.00036992000000000004,1.78,1.8800000000000001
1649,0.00037024,1.8,1.8800000000000001
1650,0.00037056000000000003,1.8,1.9000000000000001
1651,0.00037087999999999997,1.8,1.92
1652,0.0003712,1.82,1.9000000000000001
1653,0.00037151999999999997,1.82,1.92
1654,0.00037184,1.82,1.94
1655,0.00037215999999999996,1.84,1.94
1656,0.00037248,1.86,1.96
1657,0.00037279999999999995,1.86,1.96
1658,0.00037312,1.86,1.98
1659,0.00037343999999999995,1.8800000000000001,1.98
1660,0.00037376,1.8800000000000001,1.98
1661,0.00037408000000000005,1.8800000000000001,2.0
1662,0.0003744,1.9000000000000001,2.0
1663,0.00037472000000000004,1.9000000000000001,2.0
1664,0.00037504,1.92,2.02
1665,0.00037536000000000004,1.92,2.02
1666,0.00037568,1.94,2.04
1667,0.00037600000000000003,1.94,2.02
1668,0.00037632,1.94,2.04
1669,0.00037664,1.96,2.06
1670,0.00037695999999999997,1.96,2.06
1671,0.00037728,1.98,2.08
1672,0.00037759999999999996,1.98,2.08
1673,0.00037792,2.0,2.08
1674,0.00037823999999999996,2.0,2.1
1675,0.00037856,2.0,2.1
1676,0.00037887999999999995,2.02,2.12
1677,0.0003792,2.0,2.14
1678,0.00037952000000000005,2.02,2.14
1679,0.00037984,2.04,2.12
1680,0.00038016000000000005,2.04,2.14
1681,0.00038048,2.06,2.16
1682,0.00038080000000000004,2.04,2.18
1683,0.00038112,2.06,2.16
1684,0.00038144000000000003,2.08,2.18
1685,0.00038176,2.08,2.2
1686,0.00038208000000000003,2.1,2.2
1687,0.00038239999999999997,2.08,2.2
1688,0.00038272,2.12,2.22
1689,0.00038303999999999996,2.12,2.22
1690,0.00038336,2.12,2.24
1691,0.00038367999999999996,2.14,2.24
1692,0.000384,2.14,2.24
1693,0.00038431999999999995,2.14,2.2600000000000002
1694,0.00038464,2.16,2.2600000000000002
1695,0.00038496000000000005,2.16,2.2800000000000002
1696,0.00038528,2.16,2.2800000000000002
1697,0.00038560000000000005,2.18,2.3000000000000003
1698,0.00038592,2.18,2.3000000000000003
1699,0.00038624000000000004,2.18,2.3000000000000003
1700,0.00038656,2.2,2.32
1701,0.00038688000000000004,2.22,2.32
1702,0.0003872,2.22,2.34
1703,0.00038752000000000003,2.22,2.34
1704,0.00038784,2.24,2.34
1705,0.00038816,2.24,2.34
1706,0.00038847999999999997,2.2600000000000002,2.36
1707,0.0003888,2.2600000000000002,2.36
1708,0.00038911999999999996,2.2600000000000002,2.38
1709,0.00038944,2.2800000000000002,2.38
1710,0.00038975999999999995,2.2800000000000002,2.4
1711,0.00039008,2.2800000000000002,2.4
1712,0.00039039999999999995,2.3000000000000003,2.42
1713,0.00039072,2.3000000000000003,2.42
1714,0.00039104000000000005,2.3000000000000003,2.42
1715,0.00039136,2.32,2.44
1716,0.00039168000000000004,2.34,2.42
1717,0.000392,2.34,2.46
1718,0.00039232000000000004,2.34,2.46
1719,0.00039264,2.34,2.46
1720,0.00039296000000000003,2.36,2.48
1721,0.00039328,2.36,2.48
1722,0.0003936,2.38,2.5
1723,0.00039391999999999997,2.38,2.5
1724,0.00039424,2.4,2.5
1725,0.00039455999999999996,2.4,2.52
1726,0.00039488,2.4,2.52
1727,0.00039519999999999996,2.42,2.52
1728,0.00039552,2.42,2.54
1729,0.00039583999999999995,2.44,2.54
1730,0.00039616,2.44,2.54
1731,0.00039648000000000005,2.44,2.56
1732,0.0003968,2.46,2.56
1733,0.00039712000000000005,2.46,2.58
1734,0.00039744,2.46,2.58
1735,0.00039776000000000004,2.48,2.6
1736,0.00039808,2.48,2.62
1737,0.00039840000000000003,2.48,2.6
1738,0.00039872,2.5,2.62
1739,0.00039904000000000003,2.48,2.62
1740,0.00039935999999999997,2.52,2.64
1741,0.00039968,2.5,2.66
1742,0.00039999999999999996,2.52,2.66
1743,0.00040032,2.52,2.66
1744,0.00040063999999999996,2.54,2.66
1745,0.00040096,2.54,2.66
1746,0.00040127999999999995,2.54,2.68
1747,0.0004016,2.56,2.7
1748,0.00040192000000000005,2.58,2.7
1749,0.00040224,2.58,2.72
1750,0.00040256000000000005,2.6,2.72
1751,0.00040288,2.58,2.72
1752,0.00040320000000000004,2.6,2.72
1753,0.00040352,2.6,2.74
1754,0.00040384000000000004,2.6,2.74
1755,0.00040416,2.62,2.7600000000000002
1756,0.00040448000000000003,2.64,2.7600000000000002
1757,0.0004048,2.64,2.7600000000000002
1758,0.00040512,2.64,2.7800000000000002
1759,0.00040543999999999997,2.66,2.7800000000000002
1760,0.00040576,2.66,2.8000000000000003
1761,0.00040607999999999996,2.66,2.8000000000000003
1762,0.0004064,2.68,2.82
1763,0.00040671999999999995,2.68,2.82
1764,0.00040704,2.7,2.82
1765,0.00040735999999999995,2.7,2.84
1766,0.00040768,2.7,2.84
1767,0.00040800000000000005,2.7,2.86
1768,0.00040832,2.72,2.86
1769,0.00040864000000000004,2.72,2.86
1770,0.00040896,2.74,2.88
1771,0.00040928000000000004,2.74,2.9
1772,0.0004096,2.7600000000000002,2.9
1773,0.00040992000000000003,2.7800000000000002,2.9
1774,0.00041024,2.7800000000000002,2.92
1775,0.00041056,2.7800000000000002,2.92
1776,0.00041087999999999997,2.7800000000000002,2.92
1777,0.0004112,2.8000000000000003,2.94
1778,0.00041151999999999996,2.8000000000000003,2.96
1779,0.00041184,2.8000000000000003,2.96
1780,0.00041215999999999996,2.82,2.96
1781,0.00041248,2.82,2.98
1782,0.00041279999999999995,2.84,2.98
1783,0.00041312,2.84,2.98
1784,0.00041344000000000005,2.84,3.0
1785,0.00041376,2.86,3.0
1786,0.00041408000000000005,2.86,3.02
1787,0.0004144,2.86,3.02
1788,0.00041472000000000004,2.88,3.02
1789,0.00041504,2.88,3.04
1790,0.00041536000000000003,2.88,3.04
1791,0.00041568,2.9,3.04
1792,0.00041600000000000003,2.9,3.06
1793,0.00041631999999999997,2.92,3.08
1794,0.00041664,2.92,3.08
1795,0.00041695999999999997,2.94,3.08
1796,0.00041728,2.94,3.1
1797,0.00041759999999999996,2.96,3.1
1798,0.00041792,2.96,3.12
1799,0.00041823999999999995,2.96,3.12
1800,0.00041856,2.98,3.14
1801,0.00041888000000000006,2.98,3.14
1802,0.0004192,2.98,3.14
1803,0.00041952000000000005,3.0,3.16
1804,0.00041984,3.0,3.16
1805,0.00042016000000000004,3.02,3.16
1806,0.00042048,3.02,3.18
1807,0.00042080000000000004,3.02,3.18
1808,0.00042112,3.04,3.2
1809,0.00042144000000000003,3.04,3.2
1810,0.00042176,3.06,3.22
1811,0.00042208,3.08,3.24
1812,0.00042239999999999997,3.06,3.22
1813,0.00042272,3.08,3.24
1814,0.00042303999999999996,3.08,3.24
1815,0.00042336,3.1,3.2600000000000002
1816,0.00042367999999999996,3.1,3.2600000000000002
1817,0.000424,3.1,3.2600000000000002
1818,0.00042431999999999995,3.12,3.2800000000000002
1819,0.00042464,3.14,3.2800000000000002
1820,0.00042496000000000005,3.14,3.3000000000000003
1821,0.00042528,3.14,3.3000000000000003
1822,0.00042560000000000005,3.16,3.3000000000000003
1823,0.00042592,3.16,3.3200000000000003
1824,0.00042624000000000004,3.18,3.34
1825,0.00042656,3.16,3.34
1826,0.00042688000000000003,3.2,3.34
1827,0.0004272,3.18,3.36
1828,0.00042752,3.2,3.36
1829,0.00042783999999999997,3.2,3.36
1830,0.00042816,3.22,3.38
1831,0.00042847999999999996,3.22,3.38
1832,0.0004288,3.24,3.38
1833,0.00042911999999999996,3.24,3.4
1834,0.00042944,3.24,3.4
1835,0.00042975999999999995,3.2600000000000002,3.42
1836,0.00043008,3.2600000000000002,3.42
1837,0.00043040000000000005,3.2600000000000002,3.44
1838,0.00043072,3.2800000000000002,3.44
1839,0.00043104000000000005,3.2800000000000002,3.46
1840,0.00043136,3.3000000000000003,3.46
1841,0.00043168000000000004,3.3000000000000003,3.46
1842,0.000432,3.3200000000000003,3.46
1843,0.00043232000000000003,3.3200000000000003,3.5
1844,0.00043264,3.3200000000000003,3.48
1845,0.00043296000000000003,3.34,3.5
1846,0.00043327999999999997,3.34,3.5
1847,0.0004336,3.34,3.52
1848,0.00043391999999999997,3.36,3.52
1849,0.00043424,3.36,3.52
1850,0.00043455999999999996,3.38,3.54
1851,0.00043488,3.38,3.54
1852,0.00043519999999999995,3.38,3.56
1853,0.00043552,3.4,3.58
1854,0.00043584000000000006,3.4,3.56
1855,0.00043616,3.42,3.58
1856,0.00043648000000000005,3.42,3.6
1857,0.0004368,3.44,3.6
1858,0.00043712000000000004,3.44,3.6
1859,0.00043744,3.44,3.62
1860,0.00043776000000000004,3.44,3.62
1861,0.00043808,3.48,3.64
1862,0.00043840000000000003,3.46,3.64
1863,0.00043872,3.48,3.64
1864,0.00043904,3.48,3.66
1865,0.00043935999999999997,3.5,3.66
1866,0.00043968,3.5,3.66
1867,0.00043999999999999996,3.5,3.68
1868,0.00044032,3.52,3.7
1869,0.00044063999999999996,3.52,3.7
1870,0.00044096,3.52,3.7
1871,0.00044127999999999995,3.54,3.72
1872,0.0004416,3.54,3.72
1873,0.00044192000000000005,3.56,3.72
1874,0.00044224,3.56,3.74
1875,0.00044256000000000005,3.56,3.7600000000000002
1876,0.00044288,3.58,3.7600000000000002
1877,0.00044320000000000004,3.58,3.7600000000000002
1878,0.00044352,3.6,3.7800000000000002
1879,0.00044384000000000003,3.6,3.7800000000000002
1880,0.00044416,3.62,3.8000000000000003
1881,0.00044448,3.62,3.8000000000000003
1882,0.00044479999999999997,3.62,3.8000000000000003
1883,0.00044512,3.64,3.8200000000000003
1884,0.00044543999999999996,3.64,3.8200000000000003
1885,0.00044576,3.64,3.84
1886,0.00044607999999999996,3.66,3.84
1887,0.0004464,3.66,3.84
1888,0.00044671999999999995,3.68,3.84
1889,0.00044704,3.68,3.86
1890,0.00044736000000000005,3.68,3.88
1891,0.00044768,3.7,3.88
1892,0.00044800000000000005,3.7,3.88
1893,0.00044832,3.7,3.9
1894,0.00044864000000000004,3.72,3.9
1895,0.00044896,3.74,3.9
1896,0.00044928000000000004,3.7600000000000002,3.92
1897,0.0004496,3.74,3.92
1898,0.00044992000000000003,3.7600000000000002,3.94
1899,0.00045023999999999997,3.7600000000000002,3.94
1900,0.00045056,3.7600000000000002,3.96
1901,0.00045087999999999997,3.7800000000000002,3.96
1902,0.0004512,3.7800000000000002,3.98
1903,0.00045151999999999996,3.8000000000000003,3.98
1904,0.00045184,3.8000000000000003,3.98
1905,0.00045215999999999995,3.8000000000000003,4.0
1906,0.00045248,3.8200000000000003,4.0200000000000005
1907,0.00045280000000000006,3.8200000000000003,4.0
1908,0.00045312,3.84,4.0200000000000005
1909,0.00045344000000000005,3.84,4.0200000000000005
1910,0.00045376,3.86,4.0600000000000005
1911,0.00045408000000000004,3.86,4.04
1912,0.0004544,3.88,4.04
1913,0.00045472000000000004,3.86,4.0600000000000005
1914,0.00045504,3.88,4.0600000000000005
1915,0.00045536000000000003,3.88,4.08
1916,0.00045568,3.9,4.08
1917,0.000456,3.92,4.1
1918,0.00045631999999999997,3.92,4.1
1919,0.00045664,3.92,4.1
1920,0.00045695999999999996,3.92,4.12
1921,0.00045728,3.94,4.12
1922,0.00045759999999999996,3.94,4.16
1923,0.00045792,3.94,4.14
1924,0.00045823999999999995,3.96,4.16
1925,0.00045856,3.96,4.16
1926,0.00045888000000000005,3.98,4.16
1927,0.0004592,3.98,4.18
1928,0.00045952000000000005,3.98,4.18
1929,0.00045984,4.0,4.2
1930,0.00046016000000000004,4.0,4.2
1931,0.00046048,4.0200000000000005,4.22
1932,0.00046080000000000003,4.0200000000000005,4.22
1933,0.00046112,4.0200000000000005,4.22
1934,0.00046144000000000003,4.04,4.22
1935,0.00046175999999999997,4.04,4.24
1936,0.00046208,4.0600000000000005,4.24
1937,0.00046239999999999996,4.0600000000000005,4.26
1938,0.00046272,4.0600000000000005,4.26
1939,0.00046303999999999996,4.08,4.28
1940,0.00046336,4.08,4.28
1941,0.00046367999999999995,4.08,4.28
1942,0.000464,4.1,4.3
1943,0.00046432000000000005,4.1,4.3
1944,0.00046464,4.12,4.32
1945,0.00046496000000000005,4.12,4.32
1946,0.00046528,4.12,4.34
1947,0.00046560000000000004,4.14,4.34
1948,0.00046592,4.14,4.36
1949,0.00046624000000000004,4.16,4.36
1950,0.00046656,4.16,4.38
1951,0.00046688000000000003,4.16,4.38
1952,0.00046719999999999997,4.18,4.38
1953,0.00046752,4.18,4.4
1954,0.00046783999999999997,4.2,4.4
1955,0.00046816,4.2,4.4
1956,0.00046847999999999996,4.2,4.42
1957,0.0004688,4.22,4.42
1958,0.00046911999999999995,4.22,4.44
1959,0.00046944,4.22,4.44
1960,0.00046976000000000006,4.24,4.44
1961,0.00047008,4.24,4.46
1962,0.00047040000000000005,4.26,4.48
1963,0.00047072,4.26,4.48
1964,0.00047104000000000004,4.28,4.48
1965,0.00047136,4.28,4.5
1966,0.00047168000000000004,4.28,4.5
1967,0.000472,4.3,4.5
1968,0.00047232000000000003,4.3,4.5200000000000005
1969,0.00047264,4.32,4.5200000000000005
1970,0.00047296,4.32,4.54
1971,0.00047327999999999997,4.32,4.54
1972,0.0004736,4.34,4.54
1973,0.00047391999999999996,4.34,4.5600000000000005
1974,0.00047424,4.36,4.5600000000000005
1975,0.00047455999999999996,4.36,4.58
1976,0.00047488,4.36,4.58
1977,0.00047519999999999995,4.38,4.6000000000000005
1978,0.00047552,4.38,4.6000000000000005
1979,0.00047584000000000005,4.4,4.6000000000000005
1980,0.00047616,4.4,4.6000000000000005
1981,0.00047648000000000005,4.4,4.62
1982,0.0004768,4.42,4.64
1983,0.00047712000000000004,4.42,4.64
1984,0.00047744,4.42,4.64
1985,0.00047776000000000003,4.44,4.66
1986,0.00047808,4.44,4.66
1987,0.00047840000000000003,4.44,4.68
1988,0.00047871999999999997,4.46,4.68
1989,0.00047904,4.46,4.7
1990,0.00047935999999999996,4.48,4.7
1991,0.00047968,4.48,4.7
1992,0.00047999999999999996,4.5,4.72
1993,0.00048032,4.5,4.72
1994,0.00048063999999999995,4.5200000000000005,4.72
1995,0.00048096,4.5200000000000005,4.74
1996,0.00048128000000000005,4.5200000000000005,4.76
1997,0.0004816,4.54,4.74
1998,0.00048192000000000005,4.5600000000000005,4.76
1999,0.00048224,4.54,4.78
