,time,v1,v2
0,-0.0016,2.24,1.03
1,-0.0015984,2.2800000000000002,1.03
2,-0.0015968,2.2800000000000002,1.03
3,-0.0015952000000000002,2.2800000000000002,1.05
4,-0.0015936000000000001,2.2800000000000002,1.05
5,-0.001592,2.2800000000000002,1.03
6,-0.0015904,2.2800000000000002,1.05
7,-0.0015888,2.32,1.05
8,-0.0015872,2.2800000000000002,1.05
9,-0.0015856000000000002,2.32,1.05
10,-0.0015840000000000001,2.36,1.05
11,-0.0015824,2.36,1.07
12,-0.0015808,2.32,1.07
13,-0.0015792,2.36,1.07
14,-0.0015776000000000002,2.32,1.07
15,-0.0015760000000000001,2.36,1.07
16,-0.0015744,2.36,1.07
17,-0.0015728,2.36,1.09
18,-0.0015712,2.36,1.11
19,-0.0015696,2.4,1.11
20,-0.0015680000000000002,2.4,1.09
21,-0.0015664000000000001,2.44,1.11
22,-0.0015648,2.4,1.11
23,-0.0015632,2.4,1.11
24,-0.0015616,2.4,1.11
25,-0.0015600000000000002,2.44,1.11
26,-0.0015584000000000001,2.44,1.1300000000000001
27,-0.0015568000000000001,2.48,1.1300000000000001
28,-0.0015552,2.48,1.1300000000000001
29,-0.0015536,2.48,1.1300000000000001
30,-0.001552,2.48,1.1500000000000001
31,-0.0015504000000000002,2.48,1.1500000000000001
32,-0.0015488000000000001,2.48,1.1300000000000001
33,-0.0015472,2.48,1.1500000000000001
34,-0.0015456,2.52,1.1500000000000001
35,-0.001544,2.52,1.1500000000000001
36,-0.0015424,2.52,1.1500000000000001
37,-0.0015408000000000002,2.52,1.17
38,-0.0015392000000000001,2.52,1.17
39,-0.0015376,2.56,1.17
40,-0.001536,2.56,1.17
41,-0.0015344,2.56,1.19
42,-0.0015328000000000002,2.6,1.17
43,-0.0015312000000000001,2.6,1.19
44,-0.0015296,2.6,1.19
45,-0.001528,2.6,1.19
46,-0.0015264,2.64,1.19
47,-0.0015248,2.6,1.19
48,-0.0015232000000000002,2.6,1.21
49,-0.0015216000000000001,2.64,1.21
50,-0.00152,2.64,1.21
51,-0.0015184,2.64,1.21
52,-0.0015168,2.68,1.23
53,-0.0015152,2.68,1.23
54,-0.0015136000000000001,2.68,1.23
55,-0.001512,2.68,1.23
56,-0.0015104,2.68,1.23
57,-0.0015088,2.68,1.23
58,-0.0015072,2.68,1.25
59,-0.0015056000000000002,2.72,1.23
60,-0.0015040000000000001,2.68,1.25
61,-0.0015024,2.72,1.25
62,-0.0015008,2.7600000000000002,1.25
63,-0.0014992,2.72,1.25
64,-0.0014976,2.7600000000000002,1.27
65,-0.0014960000000000002,2.7600000000000002,1.27
66,-0.0014944000000000001,2.7600000000000002,1.29
67,-0.0014928,2.7600000000000002,1.27
68,-0.0014912,2.8000000000000003,1.27
69,-0.0014896,2.8000000000000003,1.27
70,-0.0014880000000000002,2.8000000000000003,1.27
71,-0.0014864000000000001,2.84,1.29
72,-0.0014848,2.8000000000000003,1.29
73,-0.0014832,2.8000000000000003,1.31
74,-0.0014816,2.84,1.31
75,-0.00148,2.84,1.31
76,-0.0014784000000000002,2.88,1.31
77,-0.0014768000000000001,2.84,1.31
78,-0.0014752,2.88,1.31
79,-0.0014736,2.88,1.33
80,-0.001472,2.88,1.33
81,-0.0014704000000000002,2.92,1.33
82,-0.0014688000000000001,2.88,1.33
83,-0.0014672,2.92,1.33
84,-0.0014656,2.92,1.35
85,-0.001464,2.92,1.35
86,-0.0014624,2.96,1.35
87,-0.0014608000000000002,2.96,1.35
88,-0.0014592000000000001,2.96,1.37
89,-0.0014576,2.96,1.35
90,-0.001456,3.0,1.35
91,-0.0014544,2.96,1.37
92,-0.0014528000000000002,3.0,1.37
93,-0.0014512000000000001,3.0,1.3900000000000001
94,-0.0014496,3.0,1.37
95,-0.001448,3.04,1.3900000000000001
96,-0.0014464,3.0,1.3900000000000001
97,-0.0014448,3.0,1.3900000000000001
98,-0.0014432000000000002,3.04,1.41
99,-0.0014416000000000001,3.04,1.41
100,-0.00144,3.04,1.3900000000000001
101,-0.0014384,3.04,1.3900000000000001
102,-0.0014368,3.04,1.41
103,-0.0014352000000000002,3.08,1.41
104,-0.0014336000000000002,3.08,1.41
105,-0.0014320000000000001,3.08,1.41
106,-0.0014304,3.08,1.43
107,-0.0014288,3.12,1.43
108,-0.0014272,3.12,1.43
109,-0.0014256000000000002,3.12,1.43
110,-0.0014240000000000001,3.12,1.43
111,-0.0014224,3.12,1.45
112,-0.0014208,3.16,1.45
113,-0.0014192,3.12,1.45
114,-0.0014176000000000002,3.16,1.47
115,-0.0014160000000000002,3.16,1.47
116,-0.0014144000000000001,3.16,1.47
117,-0.0014128,3.16,1.47
118,-0.0014112,3.2,1.47
119,-0.0014096,3.2,1.47
120,-0.001408,3.2,1.49
121,-0.0014064000000000001,3.24,1.47
122,-0.0014048,3.24,1.49
123,-0.0014032,3.24,1.49
124,-0.0014016,3.24,1.49
125,-0.0014000000000000002,3.24,1.51
126,-0.0013984000000000002,3.24,1.51
127,-0.0013968000000000001,3.2800000000000002,1.51
128,-0.0013952,3.24,1.51
129,-0.0013936,3.2800000000000002,1.53
130,-0.001392,3.2800000000000002,1.51
131,-0.0013904,3.2800000000000002,1.53
132,-0.0013888000000000001,3.3200000000000003,1.53
133,-0.0013872,3.3200000000000003,1.53
134,-0.0013856,3.36,1.53
135,-0.001384,3.3200000000000003,1.55
136,-0.0013824000000000002,3.3200000000000003,1.55
137,-0.0013808000000000002,3.3200000000000003,1.55
138,-0.0013792000000000001,3.36,1.55
139,-0.0013776,3.36,1.57
140,-0.001376,3.4,1.55
141,-0.0013744,3.36,1.57
142,-0.0013728,3.36,1.57
143,-0.0013712000000000002,3.4,1.57
144,-0.0013696000000000001,3.4,1.57
145,-0.001368,3.4,1.59
146,-0.0013664,3.4,1.59
147,-0.0013648,3.4,1.59
148,-0.0013632000000000002,3.44,1.59
149,-0.0013616000000000001,3.44,1.61
150,-0.00136,3.44,1.59
151,-0.0013584,3.44,1.59
152,-0.0013568,3.44,1.59
153,-0.0013552,3.44,1.61
154,-0.0013536000000000002,3.48,1.61
155,-0.0013520000000000001,3.52,1.6300000000000001
156,-0.0013504,3.48,1.61
157,-0.0013488,3.48,1.61
158,-0.0013472000000000002,3.52,1.6300000000000001
159,-0.0013456000000000002,3.52,1.6300000000000001
160,-0.0013440000000000001,3.52,1.6300000000000001
161,-0.0013424,3.52,1.6300000000000001
162,-0.0013408,3.56,1.6500000000000001
163,-0.0013392,3.56,1.6500000000000001
164,-0.0013376,3.56,1.6500000000000001
165,-0.0013360000000000002,3.6,1.67
166,-0.0013344000000000001,3.56,1.6500000000000001
167,-0.0013328,3.6,1.67
168,-0.0013312,3.6,1.67
169,-0.0013296,3.6,1.67
170,-0.0013280000000000002,3.6,1.69
171,-0.0013264000000000001,3.6,1.69
172,-0.0013248000000000001,3.64,1.69
173,-0.0013232,3.64,1.69
174,-0.0013216,3.64,1.69
175,-0.00132,3.64,1.69
176,-0.0013184,3.68,1.69
177,-0.0013168000000000001,3.68,1.69
178,-0.0013152,3.68,1.69
179,-0.0013136,3.68,1.69
180,-0.001312,3.68,1.71
181,-0.0013104000000000002,3.68,1.73
182,-0.0013088000000000002,3.68,1.71
183,-0.0013072000000000001,3.72,1.71
184,-0.0013056,3.72,1.73
185,-0.001304,3.72,1.73
186,-0.0013024,3.7600000000000002,1.73
187,-0.0013008,3.7600000000000002,1.75
188,-0.0012992000000000001,3.7600000000000002,1.75
189,-0.0012976,3.7600000000000002,1.75
190,-0.001296,3.7600000000000002,1.75
191,-0.0012944,3.8000000000000003,1.77
192,-0.0012928000000000002,3.7600000000000002,1.77
193,-0.0012912000000000002,3.7600000000000002,1.77
194,-0.0012896000000000001,3.8000000000000003,1.77
195,-0.001288,3.8000000000000003,1.77
196,-0.0012864,3.8000000000000003,1.77
197,-0.0012848,3.8000000000000003,1.79
198,-0.0012832,3.84,1.79
199,-0.0012816000000000001,3.84,1.79
200,-0.00128,3.84,1.79
201,-0.0012784,3.84,1.79
202,-0.0012768,3.84,1.79
203,-0.0012752000000000002,3.84,1.81
204,-0.0012736000000000002,3.88,1.81
205,-0.0012720000000000001,3.88,1.81
206,-0.0012704,3.92,1.81
207,-0.0012688,3.88,1.83
208,-0.0012672,3.88,1.81
209,-0.0012656,3.92,1.83
210,-0.0012640000000000001,3.92,1.85
211,-0.0012624000000000001,3.92,1.83
212,-0.0012608,3.96,1.83
213,-0.0012592,3.92,1.85
214,-0.0012576000000000002,3.96,1.85
215,-0.0012560000000000002,4.0,1.85
216,-0.0012544000000000001,4.0,1.85
217,-0.0012528,4.0,1.85
218,-0.0012512,4.0,1.85
219,-0.0012496,4.0,1.87
220,-0.001248,4.0,1.87
221,-0.0012464000000000002,4.0,1.87
222,-0.0012448000000000001,4.04,1.87
223,-0.0012432,4.04,1.87
224,-0.0012416,4.04,1.8900000000000001
225,-0.0012400000000000002,4.04,1.8900000000000001
226,-0.0012384000000000002,4.08,1.8900000000000001
227,-0.0012368000000000001,4.04,1.8900000000000001
228,-0.0012352,4.04,1.8900000000000001
229,-0.0012336,4.08,1.9100000000000001
230,-0.001232,4.08,1.9100000000000001
231,-0.0012304,4.08,1.9100000000000001
232,-0.0012288000000000002,4.12,1.9100000000000001
233,-0.0012272000000000001,4.08,1.9100000000000001
234,-0.0012256,4.08,1.9100000000000001
235,-0.001224,4.12,1.93
236,-0.0012224000000000002,4.12,1.93
237,-0.0012208000000000002,4.12,1.95
238,-0.0012192000000000001,4.12,1.93
239,-0.0012176,4.16,1.93
240,-0.001216,4.16,1.95
241,-0.0012144,4.16,1.95
242,-0.0012128,4.16,1.95
243,-0.0012112000000000002,4.16,1.95
244,-0.0012096000000000001,4.2,1.95
245,-0.001208,4.2,1.97
246,-0.0012064,4.2,1.97
247,-0.0012048000000000002,4.2,1.97
248,-0.0012032000000000002,4.2,1.99
249,-0.0012016000000000002,4.2,1.97
250,-0.0012000000000000001,4.24,1.99
251,-0.0011984,4.24,1.99
252,-0.0011968,4.24,1.99
253,-0.0011952,4.28,2.0100000000000002
254,-0.0011936000000000002,4.28,1.99
255,-0.0011920000000000001,4.28,2.0100000000000002
256,-0.0011904,4.28,2.0100000000000002
257,-0.0011888,4.28,2.0100000000000002
258,-0.0011872,4.32,2.0100000000000002
259,-0.0011856000000000002,4.32,2.0100000000000002
260,-0.0011840000000000002,4.32,2.0100000000000002
261,-0.0011824000000000001,4.32,2.0300000000000002
262,-0.0011808,4.36,2.0300000000000002
263,-0.0011792,4.36,2.0300000000000002
264,-0.0011776,4.32,2.0300000000000002
265,-0.001176,4.36,2.05
266,-0.0011744000000000001,4.36,2.05
267,-0.0011728,4.4,2.05
268,-0.0011712,4.4,2.05
269,-0.0011696,4.4,2.05
270,-0.0011680000000000002,4.4,2.07
271,-0.0011664000000000002,4.4,2.07
272,-0.0011648000000000001,4.44,2.07
273,-0.0011632,4.44,2.07
274,-0.0011616,4.44,2.09
275,-0.00116,4.44,2.07
276,-0.0011584,4.44,2.09
277,-0.0011568000000000001,4.48,2.09
278,-0.0011552,4.48,2.09
279,-0.0011536,4.48,2.11
280,-0.001152,4.48,2.09
281,-0.0011504000000000002,4.48,2.11
282,-0.0011488000000000002,4.5200000000000005,2.11
283,-0.0011472000000000001,4.48,2.11
284,-0.0011456,4.5200000000000005,2.11
285,-0.001144,4.5200000000000005,2.11
286,-0.0011424,4.5200000000000005,2.11
287,-0.0011408,4.5200000000000005,2.13
288,-0.0011392000000000002,4.5200000000000005,2.13
289,-0.0011376000000000001,4.5600000000000005,2.13
290,-0.001136,4.5600000000000005,2.13
291,-0.0011344,4.5600000000000005,2.15
292,-0.0011328000000000002,4.6000000000000005,2.15
293,-0.0011312000000000002,4.6000000000000005,2.15
294,-0.0011296000000000001,4.5600000000000005,2.13
295,-0.001128,4.6000000000000005,2.15
296,-0.0011264,4.6000000000000005,2.15
297,-0.0011248,4.64,2.17
298,-0.0011232,4.64,2.17
299,-0.0011216000000000002,4.64,2.17
300,-0.0011200000000000001,4.64,2.17
301,-0.0011184,4.64,2.19
302,-0.0011168,4.68,2.19
303,-0.0011152000000000002,4.68,2.19
304,-0.0011136000000000002,4.68,2.19
305,-0.0011120000000000001,4.68,2.19
306,-0.0011104,4.68,2.21
307,-0.0011088,4.72,2.21
308,-0.0011072,4.72,2.21
309,-0.0011056,4.72,2.21
310,-0.001104,4.72,2.23
311,-0.0011024000000000001,4.72,2.21
312,-0.0011008,4.76,2.21
313,-0.0010992,4.72,2.23
314,-0.0010976000000000002,4.76,2.23
315,-0.0010960000000000002,4.76,2.23
316,-0.0010944000000000001,4.76,2.25
317,-0.0010928,4.8,2.23
318,-0.0010912,4.8,2.23
319,-0.0010896,4.8,2.25
320,-0.001088,4.8,2.25
321,-0.0010864,4.84,2.25
322,-0.0010848000000000001,4.8,2.25
323,-0.0010832,4.84,2.25
324,-0.0010816,4.84,2.27
325,-0.0010800000000000002,4.84,2.27
326,-0.0010784000000000002,4.84,2.27
327,-0.0010768000000000002,4.84,2.27
328,-0.0010752000000000001,4.88,2.27
329,-0.0010736,4.88,2.29
330,-0.001072,4.88,2.29
331,-0.0010704,4.88,2.29
332,-0.0010688,4.92,2.31
333,-0.0010672000000000001,4.92,2.31
334,-0.0010656,4.92,2.31
335,-0.001064,4.96,2.31
336,-0.0010624000000000002,4.92,2.31
337,-0.0010608000000000002,4.96,2.31
338,-0.0010592000000000002,4.96,2.31
339,-0.0010576000000000001,4.96,2.31
340,-0.001056,4.96,2.33
341,-0.0010544,5.0,2.33
342,-0.0010528,5.0,2.33
343,-0.0010512,5.0,2.35
344,-0.0010496000000000001,5.0,2.33
345,-0.001048,5.0,2.35
346,-0.0010464,0.08,2.35
347,-0.0010448000000000002,0.12,2.25
348,-0.0010432000000000002,0.12,1.75
349,-0.0010416000000000002,0.12,1.35
350,-0.0010400000000000001,0.12,1.05
351,-0.0010384,0.12,0.81
352,-0.0010368,0.12,0.65
353,-0.0010352,0.16,0.51
354,-0.0010336,0.12,0.41000000000000003
355,-0.0010320000000000001,0.12,0.31
356,-0.0010304000000000001,0.16,0.27
357,-0.0010288,0.12,0.23
358,-0.0010272000000000002,0.12,0.19
359,-0.0010256000000000002,0.12,0.15
360,-0.0010240000000000002,0.16,0.13
361,-0.0010224000000000001,0.2,0.11
362,-0.0010208,0.16,0.11
363,-0.0010192,0.2,0.09
364,-0.0010176,0.16,0.09
365,-0.001016,0.2,0.09
366,-0.0010144000000000002,0.2,0.09
367,-0.0010128000000000001,0.2,0.09
368,-0.0010112,0.2,0.07
369,-0.0010096000000000003,0.2,0.07
370,-0.0010080000000000002,0.2,0.07
371,-0.0010064000000000002,0.2,0.09
372,-0.0010048000000000001,0.24,0.09
373,-0.0010032,0.24,0.09
374,-0.0010016,0.24,0.09
375,-0.001,0.24,0.11
376,-0.0009984,0.24,0.09
377,-0.0009968,0.28,0.09
378,-0.0009952000000000001,0.28,0.11
379,-0.0009936,0.28,0.11
380,-0.0009920000000000003,0.28,0.11
381,-0.0009904000000000002,0.32,0.11
382,-0.0009888000000000002,0.32,0.11
383,-0.0009872000000000001,0.32,0.13
384,-0.0009856,0.32,0.13
385,-0.000984,0.32,0.13
386,-0.0009824,0.32,0.13
387,-0.0009808,0.36,0.15
388,-0.0009792,0.36,0.13
389,-0.0009776000000000001,0.36,0.13
390,-0.0009760000000000001,0.36,0.17
391,-0.0009744000000000002,0.36,0.15
392,-0.0009728000000000001,0.4,0.15
393,-0.0009712000000000001,0.4,0.15
394,-0.0009696000000000001,0.4,0.17
395,-0.0009680000000000001,0.4,0.17
396,-0.0009664000000000001,0.44,0.17
397,-0.0009648000000000001,0.4,0.17
398,-0.0009632000000000001,0.4,0.17
399,-0.0009616000000000001,0.44,0.19
400,-0.0009600000000000001,0.44,0.19
401,-0.0009584000000000001,0.44,0.17
402,-0.0009568000000000001,0.44,0.19
403,-0.0009552000000000001,0.48,0.19
404,-0.0009536000000000001,0.48,0.21
405,-0.0009520000000000002,0.48,0.21
406,-0.0009504000000000001,0.48,0.21
407,-0.0009488000000000001,0.48,0.21
408,-0.0009472000000000001,0.52,0.23
409,-0.0009456000000000001,0.52,0.21
410,-0.0009440000000000001,0.48,0.23
411,-0.0009424000000000001,0.52,0.23
412,-0.0009408000000000001,0.52,0.23
413,-0.0009392000000000001,0.56,0.23
414,-0.0009376000000000001,0.56,0.23
415,-0.0009360000000000001,0.56,0.23
416,-0.0009344000000000002,0.6,0.25
417,-0.0009328000000000001,0.56,0.25
418,-0.0009312000000000001,0.56,0.27
419,-0.0009296000000000002,0.64,0.25
420,-0.0009280000000000001,0.56,0.27
421,-0.0009264000000000001,0.6,0.27
422,-0.0009248000000000001,0.6,0.27
423,-0.0009232000000000001,0.64,0.27
424,-0.0009216000000000001,0.6,0.27
425,-0.0009200000000000001,0.64,0.27
426,-0.0009184000000000001,0.64,0.27
427,-0.0009168000000000001,0.64,0.27
428,-0.0009152000000000001,0.64,0.29
429,-0.0009136000000000001,0.68,0.29
430,-0.0009120000000000002,0.68,0.29
431,-0.0009104000000000001,0.68,0.31
432,-0.0009088000000000001,0.72,0.31
433,-0.0009072000000000002,0.72,0.33
434,-0.0009056000000000001,0.68,0.33
435,-0.0009040000000000001,0.72,0.31
436,-0.0009024000000000001,0.72,0.33
437,-0.0009008000000000001,0.76,0.33
438,-0.0008992000000000001,0.72,0.33
439,-0.0008976000000000001,0.76,0.33
440,-0.0008960000000000001,0.8,0.33
441,-0.0008944000000000001,0.76,0.33
442,-0.0008928000000000001,0.76,0.33
443,-0.0008912000000000001,0.76,0.35000000000000003
444,-0.0008896000000000002,0.76,0.35000000000000003
445,-0.0008880000000000001,0.8,0.37
446,-0.0008864000000000001,0.8,0.35000000000000003
447,-0.0008848000000000001,0.84,0.35000000000000003
448,-0.0008832000000000001,0.84,0.35000000000000003
449,-0.0008816000000000001,0.8,0.37
450,-0.0008800000000000001,0.84,0.39
451,-0.0008784000000000001,0.84,0.37
452,-0.0008768000000000001,0.84,0.37
453,-0.0008752000000000001,0.88,0.39
454,-0.0008736000000000001,0.88,0.39
455,-0.0008720000000000002,0.88,0.39
456,-0.0008704000000000001,0.88,0.39
457,-0.0008688000000000001,0.88,0.39
458,-0.0008672000000000002,0.92,0.41000000000000003
459,-0.0008656000000000001,0.92,0.41000000000000003
460,-0.0008640000000000001,0.92,0.41000000000000003
461,-0.0008624000000000001,0.92,0.41000000000000003
462,-0.0008608000000000001,0.96,0.41000000000000003
463,-0.0008592000000000001,0.96,0.41000000000000003
464,-0.0008576000000000001,0.96,0.43
465,-0.0008560000000000001,0.96,0.41000000000000003
466,-0.0008544000000000001,0.96,0.43
467,-0.0008528000000000001,0.96,0.45
468,-0.0008512000000000001,0.96,0.43
469,-0.0008496000000000002,0.96,0.45
470,-0.0008480000000000001,1.0,0.45
471,-0.0008464000000000001,1.0,0.45
472,-0.0008448000000000002,1.0,0.45
473,-0.0008432000000000001,1.0,0.45
474,-0.0008416000000000001,1.04,0.47000000000000003
475,-0.0008400000000000001,1.04,0.45
476,-0.0008384000000000001,1.04,0.47000000000000003
477,-0.0008368000000000001,1.08,0.47000000000000003
478,-0.0008352000000000001,1.08,0.47000000000000003
479,-0.0008336000000000001,1.08,0.47000000000000003
480,-0.0008320000000000001,1.08,0.49
481,-0.0008304000000000001,1.08,0.49
482,-0.0008288000000000001,1.08,0.49
483,-0.0008272000000000002,1.08,0.51
484,-0.0008256000000000001,1.12,0.49
485,-0.0008240000000000001,1.12,0.49
486,-0.0008224000000000001,1.12,0.51
487,-0.0008208000000000001,1.16,0.53
488,-0.0008192000000000001,1.16,0.51
489,-0.0008176000000000001,1.16,0.51
490,-0.0008160000000000001,1.16,0.51
491,-0.0008144000000000001,1.16,0.53
492,-0.0008128000000000001,1.16,0.53
493,-0.0008112000000000001,1.16,0.53
494,-0.0008096000000000002,1.2,0.53
495,-0.0008080000000000001,1.2,0.53
496,-0.0008064000000000001,1.2,0.53
497,-0.0008048000000000002,1.2,0.55
498,-0.0008032000000000001,1.24,0.55
499,-0.0008016000000000001,1.24,0.55
500,-0.0008000000000000001,1.24,0.5700000000000001
501,-0.0007984000000000001,1.24,0.5700000000000001
502,-0.0007968000000000001,1.24,0.5700000000000001
503,-0.0007952000000000001,1.28,0.5700000000000001
504,-0.0007936000000000001,1.28,0.5700000000000001
505,-0.0007920000000000001,1.28,0.5700000000000001
506,-0.0007904000000000001,1.28,0.5700000000000001
507,-0.0007888000000000001,1.28,0.59
508,-0.0007872000000000002,1.32,0.59
509,-0.0007856000000000001,1.28,0.59
510,-0.0007840000000000001,1.32,0.59
511,-0.0007824000000000002,1.32,0.59
512,-0.0007808000000000001,1.36,0.61
513,-0.0007792000000000001,1.36,0.61
514,-0.0007776000000000001,1.36,0.61
515,-0.0007760000000000001,1.4000000000000001,0.63
516,-0.0007744000000000001,1.36,0.61
517,-0.0007728000000000001,1.36,0.63
518,-0.0007712000000000001,1.4000000000000001,0.63
519,-0.0007696000000000002,1.4000000000000001,0.63
520,-0.0007680000000000001,1.4000000000000001,0.65
521,-0.0007664000000000001,1.44,0.63
522,-0.0007648000000000002,1.4000000000000001,0.63
523,-0.0007632000000000001,1.4000000000000001,0.65
524,-0.0007616000000000001,1.44,0.65
525,-0.0007600000000000002,1.44,0.65
526,-0.0007584000000000001,1.44,0.67
527,-0.0007568000000000001,1.48,0.67
528,-0.0007552000000000001,1.48,0.67
529,-0.0007536000000000001,1.48,0.67
530,-0.0007520000000000001,1.48,0.67
531,-0.0007504000000000001,1.48,0.67
532,-0.0007488000000000001,1.48,0.6900000000000001
533,-0.0007472000000000002,1.48,0.67
534,-0.0007456000000000001,1.52,0.67
535,-0.0007440000000000001,1.52,0.6900000000000001
536,-0.0007424000000000002,1.52,0.6900000000000001
537,-0.0007408000000000001,1.52,0.6900000000000001
538,-0.0007392000000000001,1.56,0.6900000000000001
539,-0.0007376000000000001,1.56,0.71
540,-0.0007360000000000001,1.56,0.71
541,-0.0007344000000000001,1.56,0.71
542,-0.0007328000000000001,1.56,0.71
543,-0.0007312000000000001,1.56,0.71
544,-0.0007296000000000002,1.6,0.71
545,-0.0007280000000000001,1.6,0.73
546,-0.0007264000000000001,1.6,0.71
547,-0.0007248000000000002,1.6,0.73
548,-0.0007232000000000001,1.6400000000000001,0.73
549,-0.0007216000000000001,1.6400000000000001,0.73
550,-0.0007200000000000002,1.6400000000000001,0.75
551,-0.0007184000000000001,1.68,0.75
552,-0.0007168000000000001,1.68,0.75
553,-0.0007152000000000001,1.6400000000000001,0.77
554,-0.0007136000000000001,1.68,0.77
555,-0.0007120000000000001,1.68,0.77
556,-0.0007104000000000001,1.72,0.77
557,-0.0007088000000000001,1.72,0.77
558,-0.0007072000000000002,1.68,0.77
559,-0.0007056000000000001,1.72,0.77
560,-0.0007040000000000001,1.72,0.79
561,-0.0007024000000000002,1.72,0.79
562,-0.0007008000000000001,1.76,0.81
563,-0.0006992000000000001,1.72,0.79
564,-0.0006976000000000002,1.76,0.79
565,-0.0006960000000000001,1.76,0.79
566,-0.0006944000000000001,1.76,0.81
567,-0.0006928000000000001,1.76,0.81
568,-0.0006912000000000001,1.8,0.81
569,-0.0006896000000000001,1.8,0.81
570,-0.0006880000000000001,1.8,0.81
571,-0.0006864000000000001,1.8,0.8300000000000001
572,-0.0006848000000000002,1.8,0.8300000000000001
573,-0.0006832000000000001,1.8800000000000001,0.8300000000000001
574,-0.0006816000000000001,1.84,0.8300000000000001
575,-0.0006800000000000002,1.84,0.85
576,-0.0006784000000000001,1.84,0.8300000000000001
577,-0.0006768000000000001,1.84,0.85
578,-0.0006752000000000001,1.8800000000000001,0.8300000000000001
579,-0.0006736000000000001,1.8800000000000001,0.85
580,-0.0006720000000000001,1.8800000000000001,0.85
581,-0.0006704000000000001,1.8800000000000001,0.85
582,-0.0006688000000000001,1.92,0.87
583,-0.0006672000000000002,1.92,0.87
584,-0.0006656000000000001,1.92,0.87
585,-0.0006640000000000001,1.92,0.87
586,-0.0006624000000000002,1.92,0.87
587,-0.0006608000000000001,1.96,0.87
588,-0.0006592000000000001,1.96,0.89
589,-0.0006576000000000002,1.96,0.91
590,-0.0006560000000000001,2.0,0.91
591,-0.0006544000000000001,2.0,0.89
592,-0.0006528000000000001,2.0,0.91
593,-0.0006512000000000001,2.0,0.91
594,-0.0006496000000000001,2.0,0.91
595,-0.0006480000000000001,2.0,0.91
596,-0.0006464000000000001,2.0,0.93
597,-0.0006448000000000002,2.04,0.93
598,-0.0006432000000000001,2.04,0.93
599,-0.0006416000000000001,2.04,0.93
600,-0.0006400000000000002,2.04,0.93
601,-0.0006384000000000001,2.04,0.93
602,-0.0006368000000000001,2.08,0.9500000000000001
603,-0.0006352000000000002,2.12,0.9500000000000001
604,-0.0006336000000000001,2.08,0.9500000000000001
605,-0.0006320000000000001,2.08,0.9500000000000001
606,-0.0006304000000000001,2.12,0.9500000000000001
607,-0.0006288000000000001,2.12,0.9500000000000001
608,-0.0006272000000000001,2.12,0.9500000000000001
609,-0.0006256000000000001,2.12,0.97
610,-0.0006240000000000001,2.12,0.97
611,-0.0006224000000000002,2.12,0.97
612,-0.0006208000000000001,2.12,0.99
613,-0.0006192000000000001,2.16,0.97
614,-0.0006176,2.16,0.99
615,-0.0006160000000000002,2.16,0.99
616,-0.0006144000000000002,2.2,0.99
617,-0.0006128000000000002,2.16,0.99
618,-0.0006112000000000001,2.2,0.99
619,-0.0006096000000000001,2.2,0.99
620,-0.000608,2.24,1.01
621,-0.0006064000000000002,2.2,1.01
622,-0.0006048000000000002,2.2,1.01
623,-0.0006032000000000001,2.24,1.01
624,-0.0006016000000000001,2.24,1.03
625,-0.0006000000000000001,2.24,1.03
626,-0.0005984,2.24,1.01
627,-0.0005968000000000002,2.2800000000000002,1.03
628,-0.0005952000000000002,2.2800000000000002,1.03
629,-0.0005936000000000001,2.2800000000000002,1.03
630,-0.0005920000000000001,2.2800000000000002,1.03
631,-0.0005904,2.32,1.05
632,-0.0005888000000000002,2.2800000000000002,1.05
633,-0.0005872000000000002,2.32,1.05
634,-0.0005856000000000001,2.32,1.07
635,-0.0005840000000000001,2.32,1.05
636,-0.0005824000000000001,2.36,1.07
637,-0.0005808,2.36,1.07
638,-0.0005792000000000002,2.36,1.07
639,-0.0005776000000000002,2.36,1.07
640,-0.0005760000000000001,2.36,1.09
641,-0.0005744000000000001,2.36,1.07
642,-0.0005728,2.4,1.09
643,-0.0005712000000000002,2.36,1.09
644,-0.0005696000000000002,2.4,1.09
645,-0.0005680000000000001,2.4,1.09
646,-0.0005664000000000001,2.4,1.11
647,-0.0005648000000000001,2.4,1.11
648,-0.0005632,2.44,1.11
649,-0.0005616000000000002,2.44,1.11
650,-0.0005600000000000002,2.44,1.11
651,-0.0005584000000000001,2.44,1.11
652,-0.0005568000000000001,2.48,1.11
653,-0.0005552,2.48,1.1300000000000001
654,-0.0005536000000000002,2.48,1.1300000000000001
655,-0.0005520000000000002,2.48,1.1300000000000001
656,-0.0005504000000000002,2.48,1.1300000000000001
657,-0.0005488000000000001,2.48,1.1500000000000001
658,-0.0005472000000000001,2.52,1.1500000000000001
659,-0.0005456,2.52,1.1500000000000001
660,-0.0005440000000000002,2.52,1.1500000000000001
661,-0.0005424000000000002,2.52,1.1500000000000001
662,-0.0005408000000000001,2.56,1.17
663,-0.0005392000000000001,2.56,1.17
664,-0.0005376000000000001,2.56,1.19
665,-0.000536,2.56,1.19
666,-0.0005344000000000002,2.56,1.17
667,-0.0005328000000000002,2.56,1.17
668,-0.0005312000000000001,2.56,1.19
669,-0.0005296000000000001,2.56,1.19
670,-0.000528,2.6,1.19
671,-0.0005264000000000002,2.6,1.19
672,-0.0005248000000000002,2.6,1.21
673,-0.0005232000000000001,2.6,1.21
674,-0.0005216000000000001,2.64,1.21
675,-0.0005200000000000001,2.64,1.21
676,-0.0005184,2.64,1.21
677,-0.0005168000000000002,2.64,1.23
678,-0.0005152000000000002,2.68,1.23
679,-0.0005136000000000001,2.68,1.23
680,-0.0005120000000000001,2.68,1.23
681,-0.0005104,2.68,1.23
682,-0.0005088000000000002,2.68,1.25
683,-0.0005072000000000002,2.72,1.23
684,-0.0005056000000000001,2.72,1.25
685,-0.0005040000000000001,2.72,1.25
686,-0.0005024000000000001,2.72,1.27
687,-0.0005008,2.72,1.27
688,-0.0004992000000000002,2.7600000000000002,1.27
689,-0.0004976000000000002,2.7600000000000002,1.27
690,-0.0004960000000000001,2.7600000000000002,1.25
691,-0.0004944000000000001,2.7600000000000002,1.27
692,-0.0004928,2.7600000000000002,1.27
693,-0.0004912000000000002,2.8000000000000003,1.29
694,-0.0004896000000000002,2.8000000000000003,1.29
695,-0.00048800000000000015,2.8000000000000003,1.29
696,-0.0004864000000000001,2.8000000000000003,1.31
697,-0.0004848000000000001,2.8000000000000003,1.29
698,-0.00048320000000000004,2.8000000000000003,1.29
699,-0.0004816000000000002,2.84,1.31
700,-0.0004800000000000002,2.84,1.31
701,-0.00047840000000000014,2.84,1.31
702,-0.0004768000000000001,2.84,1.33
703,-0.00047520000000000006,2.84,1.31
704,-0.0004736,2.92,1.33
705,-0.0004720000000000002,2.88,1.33
706,-0.00047040000000000016,2.88,1.33
707,-0.0004688000000000001,2.88,1.33
708,-0.0004672000000000001,2.92,1.33
709,-0.00046560000000000004,2.92,1.35
710,-0.0004640000000000002,2.92,1.35
711,-0.0004624000000000002,2.92,1.35
712,-0.00046080000000000014,2.92,1.35
713,-0.0004592000000000001,2.96,1.37
714,-0.00045760000000000006,2.96,1.37
715,-0.000456,2.96,1.37
716,-0.0004544000000000002,3.0,1.37
717,-0.00045280000000000016,3.0,1.37
718,-0.0004512000000000001,3.0,1.37
719,-0.0004496000000000001,3.04,1.3900000000000001
720,-0.00044800000000000005,3.0,1.37
721,-0.0004464000000000002,3.04,1.3900000000000001
722,-0.0004448000000000002,3.0,1.3900000000000001
723,-0.00044320000000000015,3.04,1.3900000000000001
724,-0.0004416000000000001,3.08,1.41
725,-0.00044000000000000007,3.04,1.3900000000000001
726,-0.00043840000000000003,3.08,1.41
727,-0.0004368000000000002,3.04,1.41
728,-0.00043520000000000017,3.08,1.41
729,-0.00043360000000000013,3.08,1.43
730,-0.0004320000000000001,3.08,1.43
731,-0.00043040000000000005,3.08,1.43
732,-0.00042880000000000023,3.12,1.43
733,-0.0004272000000000002,3.12,1.43
734,-0.00042560000000000015,3.12,1.43
735,-0.0004240000000000001,3.12,1.45
736,-0.0004224000000000001,3.12,1.45
737,-0.00042080000000000004,3.16,1.45
738,-0.0004192000000000002,3.16,1.45
739,-0.0004176000000000002,3.16,1.47
740,-0.00041600000000000014,3.16,1.47
741,-0.0004144000000000001,3.16,1.47
742,-0.00041280000000000006,3.16,1.49
743,-0.00041120000000000024,3.2,1.47
744,-0.0004096000000000002,3.2,1.47
745,-0.00040800000000000016,3.24,1.49
746,-0.0004064000000000001,3.24,1.49
747,-0.0004048000000000001,3.24,1.49
748,-0.00040320000000000004,3.24,1.49
749,-0.0004016000000000002,3.24,1.49
750,-0.0004000000000000002,3.24,1.49
751,-0.00039840000000000014,3.24,1.51
752,-0.0003968000000000001,3.2800000000000002,1.51
753,-0.00039520000000000007,3.2800000000000002,1.51
754,-0.0003936,3.2800000000000002,1.51
755,-0.0003920000000000002,3.2800000000000002,1.53
756,-0.00039040000000000017,3.3200000000000003,1.53
757,-0.0003888000000000001,3.3200000000000003,1.51
758,-0.0003872000000000001,3.2800000000000002,1.53
759,-0.00038560000000000005,3.3200000000000003,1.53
760,-0.0003840000000000002,3.3200000000000003,1.53
761,-0.0003824000000000002,3.3200000000000003,1.53
762,-0.00038080000000000015,3.3200000000000003,1.55
763,-0.0003792000000000001,3.36,1.55
764,-0.00037760000000000007,3.36,1.55
765,-0.00037600000000000003,3.36,1.55
766,-0.0003744000000000002,3.36,1.57
767,-0.00037280000000000017,3.36,1.57
768,-0.00037120000000000013,3.4,1.57
769,-0.0003696000000000001,3.4,1.57
770,-0.00036800000000000005,3.4,1.57
771,-0.00036640000000000023,3.44,1.59
772,-0.0003648000000000002,3.44,1.59
773,-0.00036320000000000015,3.44,1.59
774,-0.0003616000000000001,3.44,1.59
775,-0.0003600000000000001,3.44,1.59
776,-0.00035840000000000004,3.44,1.59
777,-0.0003568000000000002,3.44,1.61
778,-0.0003552000000000002,3.48,1.61
779,-0.00035360000000000014,3.44,1.61
780,-0.0003520000000000001,3.48,1.61
781,-0.00035040000000000006,3.48,1.61
782,-0.00034880000000000024,3.52,1.61
783,-0.0003472000000000002,3.52,1.6300000000000001
784,-0.00034560000000000016,3.52,1.6300000000000001
785,-0.0003440000000000001,3.52,1.6300000000000001
786,-0.0003424000000000001,3.56,1.6500000000000001
787,-0.00034080000000000004,3.52,1.6300000000000001
788,-0.0003392000000000002,3.56,1.6500000000000001
789,-0.0003376000000000002,3.56,1.6500000000000001
790,-0.00033600000000000014,3.6,1.67
791,-0.0003344000000000001,3.56,1.67
792,-0.00033280000000000007,3.6,1.6500000000000001
793,-0.00033120000000000003,3.6,1.6500000000000001
794,-0.0003296000000000002,3.6,1.67
795,-0.00032800000000000017,3.6,1.69
796,-0.00032640000000000013,3.64,1.67
797,-0.0003248000000000001,3.64,1.67
798,-0.00032320000000000005,3.64,1.69
799,-0.00032160000000000023,3.64,1.69
800,-0.0003200000000000002,3.64,1.69
801,-0.00031840000000000015,3.68,1.69
802,-0.0003168000000000001,3.64,1.69
803,-0.00031520000000000007,3.68,1.71
804,-0.00031360000000000003,3.68,1.71
805,-0.0003120000000000002,3.68,1.71
806,-0.00031040000000000017,3.68,1.71
807,-0.00030880000000000013,3.68,1.71
808,-0.0003072000000000001,3.72,1.73
809,-0.00030560000000000006,3.72,1.73
810,-0.00030400000000000023,3.72,1.73
811,-0.0003024000000000002,3.72,1.73
812,-0.00030080000000000016,3.7600000000000002,1.75
813,-0.0002992000000000001,3.7600000000000002,1.75
814,-0.0002976000000000001,3.72,1.77
815,-0.00029600000000000004,3.7600000000000002,1.75
816,-0.0002944000000000002,3.8000000000000003,1.75
817,-0.0002928000000000002,3.7600000000000002,1.77
818,-0.00029120000000000014,3.7600000000000002,1.77
819,-0.0002896000000000001,3.7600000000000002,1.77
820,-0.00028800000000000006,3.8000000000000003,1.77
821,-0.00028640000000000024,3.8000000000000003,1.77
822,-0.0002848000000000002,3.84,1.79
823,-0.00028320000000000016,3.84,1.79
824,-0.0002816000000000001,3.84,1.79
825,-0.0002800000000000001,3.84,1.79
826,-0.00027840000000000005,3.84,1.79
827,-0.0002768000000000002,3.84,1.79
828,-0.0002752000000000002,3.84,1.79
829,-0.00027360000000000015,3.88,1.81
830,-0.0002720000000000001,3.88,1.81
831,-0.00027040000000000007,3.88,1.81
832,-0.00026880000000000025,3.92,1.81
833,-0.0002672000000000002,3.92,1.83
834,-0.00026560000000000017,3.92,1.83
835,-0.00026400000000000013,3.92,1.83
836,-0.0002624000000000001,3.92,1.83
837,-0.00026080000000000005,3.92,1.83
838,-0.00025920000000000023,3.92,1.83
839,-0.0002576000000000002,3.96,1.83
840,-0.00025600000000000015,3.96,1.85
841,-0.0002544000000000001,4.0,1.85
842,-0.0002528000000000001,3.96,1.85
843,-0.00025120000000000003,4.0,1.85
844,-0.0002496000000000002,4.0,1.87
845,-0.0002480000000000002,4.0,1.85
846,-0.00024640000000000013,4.0,1.85
847,-0.0002448000000000001,4.04,1.87
848,-0.00024320000000000006,4.0,1.8900000000000001
849,-0.00024160000000000023,4.04,1.8900000000000001
850,-0.0002400000000000002,4.04,1.8900000000000001
851,-0.00023840000000000016,4.04,1.8900000000000001
852,-0.00023680000000000012,4.04,1.8900000000000001
853,-0.00023520000000000008,4.04,1.8900000000000001
854,-0.00023360000000000004,4.08,1.9100000000000001
855,-0.00023200000000000022,4.08,1.9100000000000001
856,-0.00023040000000000018,4.12,1.9100000000000001
857,-0.00022880000000000014,4.12,1.93
858,-0.0002272000000000001,4.12,1.9100000000000001
859,-0.00022560000000000006,4.12,1.93
860,-0.00022400000000000024,4.12,1.93
861,-0.0002224000000000002,4.12,1.93
862,-0.00022080000000000016,4.12,1.93
863,-0.00021920000000000012,4.12,1.93
864,-0.00021760000000000009,4.16,1.95
865,-0.00021600000000000005,4.2,1.93
866,-0.00021440000000000022,4.16,1.95
867,-0.00021280000000000019,4.16,1.95
868,-0.00021120000000000015,4.16,1.95
869,-0.0002096000000000001,4.2,1.97
870,-0.00020800000000000007,4.2,1.95
871,-0.00020640000000000025,4.2,1.97
872,-0.0002048000000000002,4.24,1.97
873,-0.00020320000000000017,4.2,1.99
874,-0.00020160000000000013,4.24,1.97
875,-0.0002000000000000001,4.24,1.99
876,-0.00019840000000000005,4.24,1.99
877,-0.00019680000000000023,4.28,1.99
878,-0.0001952000000000002,4.24,1.99
879,-0.00019360000000000015,4.28,1.99
880,-0.0001920000000000001,4.28,2.0100000000000002
881,-0.00019040000000000007,4.28,2.0300000000000002
882,-0.00018880000000000004,4.32,2.0100000000000002
883,-0.0001872000000000002,4.32,2.0100000000000002
884,-0.00018560000000000017,4.32,2.0100000000000002
885,-0.00018400000000000014,4.28,2.0100000000000002
886,-0.0001824000000000001,4.32,2.0100000000000002
887,-0.00018080000000000006,4.32,2.0300000000000002
888,-0.00017920000000000024,4.36,2.0300000000000002
889,-0.0001776000000000002,4.36,2.05
890,-0.00017600000000000016,4.36,2.05
891,-0.00017440000000000012,4.36,2.05
892,-0.00017280000000000008,4.36,2.05
893,-0.00017120000000000004,4.4,2.05
894,-0.00016960000000000022,4.4,2.07
895,-0.00016800000000000018,4.4,2.07
896,-0.00016640000000000014,4.4,2.07
897,-0.0001648000000000001,4.4,2.07
898,-0.00016320000000000006,4.44,2.07
899,-0.00016160000000000024,4.44,2.07
900,-0.0001600000000000002,4.44,2.07
901,-0.00015840000000000016,4.44,2.09
902,-0.00015680000000000013,4.44,2.09
903,-0.00015520000000000009,4.48,2.09
904,-0.00015360000000000005,4.48,2.09
905,-0.00015200000000000023,4.48,2.09
906,-0.00015040000000000019,4.48,2.09
907,-0.00014880000000000015,4.5200000000000005,2.11
908,-0.0001472000000000001,4.48,2.11
909,-0.00014560000000000007,4.5200000000000005,2.11
910,-0.00014400000000000025,4.5200000000000005,2.11
911,-0.0001424000000000002,4.5200000000000005,2.11
912,-0.00014080000000000017,4.5200000000000005,2.13
913,-0.00013920000000000013,4.5600000000000005,2.13
914,-0.0001376000000000001,4.5600000000000005,2.13
915,-0.00013600000000000005,4.5600000000000005,2.13
916,-0.00013440000000000023,4.5600000000000005,2.15
917,-0.0001328000000000002,4.5600000000000005,2.15
918,-0.00013120000000000015,4.6000000000000005,2.15
919,-0.00012960000000000011,4.5600000000000005,2.15
920,-0.00012800000000000008,4.6000000000000005,2.15
921,-0.00012640000000000004,4.6000000000000005,2.15
922,-0.00012480000000000021,4.64,2.15
923,-0.00012320000000000018,4.6000000000000005,2.17
924,-0.00012160000000000014,4.64,2.17
925,-0.0001200000000000001,4.64,2.17
926,-0.00011840000000000006,4.64,2.17
927,-0.00011680000000000024,4.64,2.19
928,-0.0001152000000000002,4.68,2.17
929,-0.00011360000000000016,4.68,2.19
930,-0.00011200000000000012,4.68,2.19
931,-0.00011040000000000008,4.68,2.19
932,-0.00010880000000000004,4.72,2.19
933,-0.00010720000000000022,4.72,2.21
934,-0.00010560000000000018,4.72,2.21
935,-0.00010400000000000014,4.72,2.21
936,-0.0001024000000000001,4.72,2.21
937,-0.00010080000000000006,4.76,2.23
938,-9.920000000000024e-05,4.76,2.23
939,-9.76000000000002e-05,4.76,2.23
940,-9.600000000000017e-05,4.76,2.23
941,-9.440000000000013e-05,4.8,2.23
942,-9.280000000000009e-05,4.8,2.23
943,-9.120000000000005e-05,4.8,2.23
944,-8.960000000000023e-05,4.8,2.25
945,-8.800000000000019e-05,4.8,2.25
946,-8.640000000000015e-05,4.8,2.25
947,-8.480000000000011e-05,4.84,2.27
948,-8.320000000000007e-05,4.84,2.27
949,-8.160000000000025e-05,4.84,2.25
950,-8.000000000000021e-05,4.84,2.27
951,-7.840000000000017e-05,4.84,2.27
952,-7.680000000000013e-05,4.88,2.29
953,-7.520000000000009e-05,4.88,2.27
954,-7.360000000000005e-05,4.88,2.29
955,-7.200000000000023e-05,4.88,2.29
956,-7.04000000000002e-05,4.92,2.29
957,-6.880000000000015e-05,4.92,2.29
958,-6.720000000000012e-05,4.88,2.29
959,-6.560000000000008e-05,4.92,2.31
960,-6.400000000000004e-05,4.92,2.31
961,-6.240000000000022e-05,4.96,2.31
962,-6.080000000000018e-05,4.96,2.31
963,-5.920000000000014e-05,4.96,2.31
964,-5.76000000000001e-05,4.96,2.31
965,-5.600000000000006e-05,4.96,2.33
966,-5.440000000000024e-05,5.0,2.33
967,-5.28000000000002e-05,4.96,2.33
968,-5.120000000000016e-05,5.0,2.35
969,-4.960000000000012e-05,5.0,2.35
970,-4.800000000000008e-05,5.0,2.35
971,-4.6400000000000044e-05,0.08,2.35
972,-4.480000000000022e-05,0.08,2.23
973,-4.320000000000018e-05,0.08,1.75
974,-4.1600000000000144e-05,0.08,1.35
975,-4.0000000000000105e-05,0.12,1.05
976,-3.8400000000000066e-05,0.12,0.8300000000000001
977,-3.6800000000000244e-05,0.12,0.65
978,-3.5200000000000205e-05,0.12,0.53
979,-3.3600000000000166e-05,0.12,0.41000000000000003
980,-3.200000000000013e-05,0.08,0.33
981,-3.040000000000009e-05,0.12,0.27
982,-2.880000000000005e-05,0.12,0.23
983,-2.7200000000000227e-05,0.16,0.17
984,-2.560000000000019e-05,0.16,0.15
985,-2.400000000000015e-05,0.16,0.13
986,-2.240000000000011e-05,0.16,0.13
987,-2.0800000000000072e-05,0.16,0.09
988,-1.920000000000025e-05,0.16,0.09
989,-1.760000000000021e-05,0.16,0.09
990,-1.6000000000000172e-05,0.16,0.07
991,-1.4400000000000133e-05,0.16,0.07
992,-1.2800000000000094e-05,0.2,0.07
993,-1.1200000000000055e-05,0.2,0.09
994,-9.600000000000233e-06,0.2,0.07
995,-8.000000000000194e-06,0.2,0.07
996,-6.4000000000001556e-06,0.24,0.09
997,-4.800000000000117e-06,0.2,0.07
998,-3.2000000000000778e-06,0.24,0.09
999,-1.6000000000002557e-06,0.24,0.09
1000,-2.168404344971009e-19,0.24,0.09
1001,1.599999999999822e-06,0.24,0.09
1002,3.199999999999861e-06,0.28,0.09
1003,4.7999999999999e-06,0.28,0.09
1004,6.399999999999939e-06,0.28,0.11
1005,7.99999999999976e-06,0.28,0.11
1006,9.5999999999998e-06,0.28,0.11
1007,1.1199999999999839e-05,0.32,0.11
1008,1.2799999999999877e-05,0.28,0.11
1009,1.4399999999999916e-05,0.32,0.13
1010,1.5999999999999955e-05,0.32,0.13
1011,1.7599999999999777e-05,0.36,0.13
1012,1.9199999999999816e-05,0.36,0.13
1013,2.0799999999999855e-05,0.32,0.13
1014,2.2399999999999894e-05,0.32,0.15
1015,2.3999999999999933e-05,0.36,0.15
1016,2.5599999999999755e-05,0.36,0.15
1017,2.7199999999999794e-05,0.36,0.17
1018,2.8799999999999833e-05,0.4,0.17
1019,3.039999999999987e-05,0.4,0.15
1020,3.199999999999991e-05,0.4,0.15
1021,3.359999999999995e-05,0.4,0.17
1022,3.519999999999977e-05,0.44,0.17
1023,3.679999999999981e-05,0.44,0.17
1024,3.839999999999985e-05,0.44,0.19
1025,3.999999999999989e-05,0.44,0.19
1026,4.159999999999993e-05,0.44,0.19
1027,4.319999999999975e-05,0.48,0.21
1028,4.479999999999979e-05,0.48,0.19
1029,4.639999999999983e-05,0.48,0.21
1030,4.7999999999999866e-05,0.48,0.21
1031,4.9599999999999905e-05,0.48,0.21
1032,5.1199999999999943e-05,0.48,0.21
1033,5.2799999999999766e-05,0.52,0.21
1034,5.4399999999999804e-05,0.52,0.23
1035,5.599999999999984e-05,0.52,0.21
1036,5.759999999999988e-05,0.52,0.23
1037,5.919999999999992e-05,0.52,0.23
1038,6.079999999999974e-05,0.52,0.25
1039,6.239999999999978e-05,0.52,0.23
1040,6.399999999999982e-05,0.56,0.23
1041,6.559999999999986e-05,0.56,0.23
1042,6.71999999999999e-05,0.56,0.25
1043,6.879999999999994e-05,0.6,0.25
1044,7.039999999999976e-05,0.56,0.25
1045,7.19999999999998e-05,0.6,0.25
1046,7.359999999999984e-05,0.64,0.27
1047,7.519999999999988e-05,0.6,0.27
1048,7.679999999999992e-05,0.6,0.29
1049,7.839999999999995e-05,0.64,0.27
1050,7.999999999999978e-05,0.64,0.27
1051,8.159999999999982e-05,0.64,0.29
1052,8.319999999999985e-05,0.64,0.27
1053,8.479999999999989e-05,0.68,0.27
1054,8.639999999999993e-05,0.68,0.29
1055,8.799999999999975e-05,0.64,0.29
1056,8.959999999999979e-05,0.68,0.31
1057,9.119999999999983e-05,0.72,0.31
1058,9.279999999999987e-05,0.72,0.31
1059,9.439999999999991e-05,0.72,0.31
1060,9.599999999999995e-05,0.72,0.31
1061,9.759999999999977e-05,0.72,0.31
1062,9.919999999999981e-05,0.72,0.31
1063,0.00010079999999999985,0.72,0.31
1064,0.00010239999999999989,0.72,0.33
1065,0.00010399999999999993,0.76,0.33
1066,0.00010559999999999975,0.76,0.33
1067,0.00010719999999999979,0.76,0.35000000000000003
1068,0.00010879999999999983,0.8,0.33
1069,0.00011039999999999986,0.8,0.35000000000000003
1070,0.0001119999999999999,0.8,0.35000000000000003
1071,0.00011359999999999994,0.8,0.35000000000000003
1072,0.00011519999999999976,0.8,0.35000000000000003
1073,0.0001167999999999998,0.8,0.37
1074,0.00011839999999999984,0.84,0.37
1075,0.00011999999999999988,0.84,0.37
1076,0.00012159999999999992,0.88,0.37
1077,0.00012319999999999974,0.88,0.39
1078,0.00012479999999999978,0.84,0.37
1079,0.00012639999999999982,0.88,0.39
1080,0.00012799999999999986,0.88,0.39
1081,0.0001295999999999999,0.88,0.41000000000000003
1082,0.00013119999999999994,0.88,0.39
1083,0.00013279999999999976,0.92,0.39
1084,0.0001343999999999998,0.92,0.41000000000000003
1085,0.00013599999999999984,0.92,0.41000000000000003
1086,0.00013759999999999988,0.92,0.41000000000000003
1087,0.00013919999999999991,0.92,0.41000000000000003
1088,0.00014079999999999974,0.96,0.43
1089,0.00014239999999999978,0.96,0.41000000000000003
1090,0.00014399999999999981,0.96,0.43
1091,0.00014559999999999985,0.96,0.43
1092,0.0001471999999999999,0.96,0.43
1093,0.00014879999999999993,1.0,0.43
1094,0.00015039999999999975,0.96,0.45
1095,0.0001519999999999998,1.0,0.45
1096,0.00015359999999999983,1.04,0.45
1097,0.00015519999999999987,1.0,0.45
1098,0.0001567999999999999,1.04,0.45
1099,0.00015839999999999995,1.04,0.47000000000000003
1100,0.00015999999999999977,1.04,0.47000000000000003
1101,0.0001615999999999998,1.04,0.47000000000000003
1102,0.00016319999999999985,1.04,0.47000000000000003
1103,0.00016479999999999989,1.08,0.49
1104,0.00016639999999999992,1.08,0.47000000000000003
1105,0.00016799999999999975,1.08,0.47000000000000003
1106,0.00016959999999999979,1.08,0.49
1107,0.00017119999999999982,1.08,0.49
1108,0.00017279999999999986,1.12,0.49
1109,0.0001743999999999999,1.12,0.51
1110,0.00017599999999999994,1.12,0.49
1111,0.00017759999999999976,1.16,0.49
1112,0.0001791999999999998,1.12,0.51
1113,0.00018079999999999984,1.16,0.51
1114,0.00018239999999999988,1.16,0.51
1115,0.00018399999999999992,1.16,0.51
1116,0.00018559999999999974,1.16,0.53
1117,0.00018719999999999978,1.16,0.53
1118,0.00018879999999999982,1.16,0.55
1119,0.00019039999999999986,1.2,0.53
1120,0.0001919999999999999,1.2,0.53
1121,0.00019359999999999994,1.16,0.53
1122,0.00019519999999999976,1.2,0.55
1123,0.0001967999999999998,1.2,0.55
1124,0.00019839999999999984,1.2,0.5700000000000001
1125,0.00019999999999999987,1.2,0.5700000000000001
1126,0.0002015999999999999,1.24,0.55
1127,0.00020319999999999974,1.24,0.5700000000000001
1128,0.00020479999999999977,1.28,0.5700000000000001
1129,0.0002063999999999998,1.28,0.59
1130,0.00020799999999999985,1.28,0.5700000000000001
1131,0.0002095999999999999,1.28,0.5700000000000001
1132,0.00021119999999999993,1.28,0.5700000000000001
1133,0.00021279999999999975,1.32,0.5700000000000001
1134,0.0002143999999999998,1.32,0.59
1135,0.00021599999999999983,1.32,0.59
1136,0.00021759999999999987,1.32,0.59
1137,0.0002191999999999999,1.32,0.59
1138,0.00022079999999999995,1.32,0.61
1139,0.00022239999999999977,1.36,0.61
1140,0.0002239999999999998,1.36,0.61
1141,0.00022559999999999985,1.36,0.61
1142,0.00022719999999999988,1.36,0.61
1143,0.00022879999999999992,1.36,0.63
1144,0.00023039999999999975,1.4000000000000001,0.63
1145,0.00023199999999999978,1.4000000000000001,0.63
1146,0.00023359999999999982,1.4000000000000001,0.65
1147,0.00023519999999999986,1.44,0.65
1148,0.0002367999999999999,1.44,0.63
1149,0.00023839999999999994,1.4000000000000001,0.63
1150,0.00023999999999999976,1.44,0.65
1151,0.0002415999999999998,1.44,0.65
1152,0.00024319999999999984,1.44,0.65
1153,0.0002447999999999999,1.48,0.67
1154,0.0002463999999999999,1.44,0.67
1155,0.00024799999999999974,1.44,0.67
1156,0.0002495999999999998,1.48,0.6900000000000001
1157,0.0002511999999999998,1.48,0.67
1158,0.00025279999999999986,1.48,0.6900000000000001
1159,0.0002543999999999999,1.52,0.6900000000000001
1160,0.00025599999999999993,1.52,0.6900000000000001
1161,0.00025759999999999976,1.56,0.71
1162,0.0002591999999999998,1.52,0.71
1163,0.00026079999999999983,1.56,0.71
1164,0.0002623999999999999,1.52,0.71
1165,0.0002639999999999999,1.56,0.71
1166,0.00026559999999999973,1.6,0.71
1167,0.00026719999999999977,1.6,0.71
1168,0.0002687999999999998,1.6,0.73
1169,0.00027039999999999985,1.6,0.71
1170,0.0002719999999999999,1.6400000000000001,0.73
1171,0.00027359999999999993,1.6,0.73
1172,0.00027519999999999975,1.6,0.73
1173,0.0002767999999999998,1.6400000000000001,0.73
1174,0.00027839999999999983,1.68,0.75
1175,0.00027999999999999987,1.6400000000000001,0.75
1176,0.0002815999999999999,1.6400000000000001,0.75
1177,0.00028319999999999994,1.68,0.75
1178,0.00028479999999999977,1.68,0.75
1179,0.0002863999999999998,1.68,0.75
1180,0.00028799999999999984,1.68,0.77
1181,0.0002895999999999999,1.72,0.77
1182,0.0002911999999999999,1.72,0.77
1183,0.00029279999999999974,1.68,0.79
1184,0.0002943999999999998,1.72,0.79
1185,0.0002959999999999998,1.72,0.77
1186,0.00029759999999999986,1.72,0.77
1187,0.0002991999999999999,1.76,0.79
1188,0.00030079999999999994,1.76,0.81
1189,0.00030239999999999976,1.76,0.79
1190,0.0003039999999999998,1.72,0.79
1191,0.00030559999999999984,1.76,0.81
1192,0.0003071999999999999,1.76,0.81
1193,0.0003087999999999999,1.76,0.81
1194,0.00031039999999999974,1.8,0.81
1195,0.0003119999999999998,1.8,0.8300000000000001
1196,0.0003135999999999998,1.8,0.8300000000000001
1197,0.00031519999999999986,1.8,0.8300000000000001
1198,0.0003167999999999999,1.8,0.8300000000000001
1199,0.00031839999999999993,1.84,0.8300000000000001
1200,0.00031999999999999976,1.84,0.8300000000000001
1201,0.0003215999999999998,1.8800000000000001,0.85
1202,0.00032319999999999983,1.8800000000000001,0.8300000000000001
1203,0.00032479999999999987,1.8800000000000001,0.85
1204,0.0003263999999999999,1.8800000000000001,0.85
1205,0.00032799999999999973,1.8800000000000001,0.85
1206,0.00032959999999999977,1.8800000000000001,0.85
1207,0.0003311999999999998,1.8800000000000001,0.85
1208,0.00033279999999999985,1.92,0.87
1209,0.0003343999999999999,1.92,0.87
1210,0.00033599999999999993,1.92,0.87
1211,0.00033759999999999975,1.92,0.87
1212,0.0003391999999999998,1.92,0.89
1213,0.0003407999999999998,1.96,0.89
1214,0.00034239999999999987,1.96,0.89
1215,0.0003439999999999999,2.0,0.91
1216,0.00034559999999999994,1.96,0.89
1217,0.00034719999999999977,2.0,0.91
1218,0.0003487999999999998,2.0,0.89
1219,0.00035039999999999984,2.0,0.91
1220,0.0003519999999999999,2.04,0.91
1221,0.0003535999999999997,2.0,0.91
1222,0.00035519999999999974,2.04,0.91
1223,0.0003567999999999998,2.04,0.93
1224,0.0003583999999999998,2.08,0.93
1225,0.00035999999999999986,2.04,0.93
1226,0.0003615999999999999,2.04,0.93
1227,0.00036319999999999994,2.08,0.93
1228,0.0003648,2.08,0.9500000000000001
1229,0.0003664,2.08,0.9500000000000001
1230,0.0003679999999999996,2.08,0.9500000000000001
1231,0.00036959999999999966,2.12,0.97
1232,0.0003711999999999997,2.12,0.97
1233,0.00037279999999999974,2.12,0.97
1234,0.0003743999999999998,2.12,0.97
1235,0.0003759999999999998,2.12,0.97
1236,0.00037759999999999985,2.16,0.97
1237,0.0003791999999999999,2.16,0.99
1238,0.00038079999999999993,2.16,0.97
1239,0.00038239999999999997,2.16,0.99
1240,0.000384,2.16,0.99
1241,0.00038560000000000005,2.2,0.99
1242,0.00038719999999999965,2.16,1.01
1243,0.0003887999999999997,2.2,0.99
1244,0.00039039999999999973,2.2,0.99
1245,0.00039199999999999977,2.2,0.99
1246,0.0003935999999999998,2.2,1.01
1247,0.00039519999999999985,2.24,1.01
1248,0.0003967999999999999,2.2,1.01
1249,0.0003983999999999999,2.24,1.03
1250,0.00039999999999999996,2.2800000000000002,1.03
1251,0.0004016,2.24,1.03
1252,0.00040320000000000004,2.24,1.03
1253,0.00040479999999999965,2.2800000000000002,1.03
1254,0.0004063999999999997,2.2800000000000002,1.05
1255,0.0004079999999999997,2.2800000000000002,1.03
1256,0.00040959999999999976,2.2800000000000002,1.05
1257,0.0004111999999999998,2.2800000000000002,1.05
1258,0.00041279999999999984,2.32,1.05
1259,0.0004143999999999999,2.32,1.05
1260,0.0004159999999999999,2.36,1.05
1261,0.00041759999999999996,2.32,1.07
1262,0.0004192,2.32,1.05
1263,0.00042080000000000004,2.36,1.07
1264,0.00042239999999999964,2.36,1.09
1265,0.0004239999999999997,2.36,1.07
1266,0.0004255999999999997,2.4,1.09
1267,0.00042719999999999976,2.36,1.09
1268,0.0004287999999999998,2.36,1.09
1269,0.00043039999999999984,2.4,1.11
1270,0.0004319999999999999,2.4,1.09
1271,0.0004335999999999999,2.4,1.09
1272,0.00043519999999999995,2.44,1.11
1273,0.0004368,2.44,1.11
1274,0.00043840000000000003,2.44,1.11
1275,0.00043999999999999964,2.44,1.1300000000000001
1276,0.0004415999999999997,2.44,1.1300000000000001
1277,0.0004431999999999997,2.48,1.11
1278,0.00044479999999999975,2.48,1.1300000000000001
1279,0.0004463999999999998,2.48,1.1300000000000001
1280,0.00044799999999999983,2.48,1.1500000000000001
1281,0.00044959999999999987,2.48,1.1500000000000001
1282,0.0004511999999999999,2.48,1.1500000000000001
1283,0.00045279999999999995,2.52,1.1500000000000001
1284,0.0004544,2.52,1.1500000000000001
1285,0.000456,2.56,1.17
1286,0.00045759999999999963,2.52,1.1500000000000001
1287,0.00045919999999999967,2.52,1.1500000000000001
1288,0.0004607999999999997,2.52,1.17
1289,0.00046239999999999975,2.56,1.17
1290,0.0004639999999999998,2.6,1.19
1291,0.0004655999999999998,2.56,1.17
1292,0.00046719999999999986,2.56,1.17
1293,0.0004687999999999999,2.6,1.19
1294,0.00047039999999999994,2.6,1.19
1295,0.000472,2.64,1.19
1296,0.0004736,2.64,1.19
1297,0.0004751999999999996,2.6,1.21
1298,0.00047679999999999966,2.64,1.21
1299,0.0004783999999999997,2.64,1.21
1300,0.00047999999999999974,2.64,1.21
1301,0.0004815999999999998,2.64,1.21
1302,0.0004831999999999998,2.64,1.21
1303,0.00048479999999999986,2.68,1.23
1304,0.0004863999999999999,2.68,1.23
1305,0.00048799999999999994,2.68,1.21
1306,0.0004896,2.68,1.25
1307,0.0004912,2.68,1.23
1308,0.0004927999999999996,2.68,1.23
1309,0.0004943999999999997,2.7600000000000002,1.25
1310,0.0004959999999999997,2.72,1.25
1311,0.0004975999999999997,2.72,1.25
1312,0.0004991999999999998,2.72,1.25
1313,0.0005007999999999998,2.7600000000000002,1.25
1314,0.0005023999999999999,2.7600000000000002,1.25
1315,0.0005039999999999999,2.7600000000000002,1.27
1316,0.0005055999999999999,2.8000000000000003,1.27
1317,0.0005072,2.8000000000000003,1.27
1318,0.0005088,2.7600000000000002,1.27
1319,0.0005103999999999996,2.8000000000000003,1.29
1320,0.0005119999999999997,2.8000000000000003,1.29
1321,0.0005135999999999997,2.8000000000000003,1.31
1322,0.0005151999999999997,2.8000000000000003,1.29
1323,0.0005167999999999998,2.8000000000000003,1.31
1324,0.0005183999999999998,2.84,1.29
1325,0.0005199999999999998,2.84,1.31
1326,0.0005215999999999999,2.84,1.31
1327,0.0005231999999999999,2.88,1.31
1328,0.0005248,2.88,1.31
1329,0.0005264,2.88,1.33
1330,0.000528,2.92,1.33
1331,0.0005295999999999996,2.88,1.35
1332,0.0005311999999999997,2.88,1.35
1333,0.0005327999999999997,2.92,1.35
1334,0.0005343999999999998,2.92,1.35
1335,0.0005359999999999998,2.96,1.35
1336,0.0005375999999999998,2.92,1.35
1337,0.0005391999999999999,2.92,1.33
1338,0.0005407999999999999,2.96,1.35
1339,0.0005424,2.96,1.35
1340,0.000544,3.0,1.37
1341,0.0005456,2.96,1.37
1342,0.0005471999999999996,3.0,1.37
1343,0.0005487999999999997,3.0,1.37
1344,0.0005503999999999997,3.0,1.37
1345,0.0005519999999999998,3.0,1.37
1346,0.0005535999999999998,3.0,1.3900000000000001
1347,0.0005551999999999998,3.0,1.3900000000000001
1348,0.0005567999999999999,3.04,1.3900000000000001
1349,0.0005583999999999999,3.0,1.3900000000000001
1350,0.00056,3.04,1.41
1351,0.0005616,3.04,1.41
1352,0.0005632,3.08,1.41
1353,0.0005647999999999996,3.08,1.41
1354,0.0005663999999999997,3.08,1.43
1355,0.0005679999999999997,3.12,1.43
1356,0.0005695999999999998,3.08,1.43
1357,0.0005711999999999998,3.12,1.45
1358,0.0005727999999999998,3.12,1.45
1359,0.0005743999999999999,3.12,1.45
1360,0.0005759999999999999,3.12,1.43
1361,0.0005775999999999999,3.12,1.45
1362,0.0005792,3.12,1.45
1363,0.0005808,3.16,1.45
1364,0.0005823999999999996,3.16,1.45
1365,0.0005839999999999997,3.2,1.45
1366,0.0005855999999999997,3.2,1.47
1367,0.0005871999999999997,3.2,1.47
1368,0.0005887999999999998,3.2,1.49
1369,0.0005903999999999998,3.2,1.47
1370,0.0005919999999999999,3.2,1.49
1371,0.0005935999999999999,3.2,1.49
1372,0.0005951999999999999,3.2,1.49
1373,0.0005968,3.24,1.49
1374,0.0005984,3.24,1.51
1375,0.0005999999999999996,3.24,1.51
1376,0.0006015999999999997,3.24,1.51
1377,0.0006031999999999997,3.24,1.51
1378,0.0006047999999999997,3.2800000000000002,1.53
1379,0.0006063999999999998,3.2800000000000002,1.51
1380,0.0006079999999999998,3.2800000000000002,1.51
1381,0.0006095999999999999,3.2800000000000002,1.51
1382,0.0006111999999999999,3.3200000000000003,1.53
1383,0.0006127999999999999,3.3200000000000003,1.53
1384,0.0006144,3.3200000000000003,1.53
1385,0.000616,3.3200000000000003,1.55
1386,0.0006175999999999996,3.3200000000000003,1.53
1387,0.0006191999999999997,3.36,1.53
1388,0.0006207999999999997,3.36,1.55
1389,0.0006223999999999997,3.36,1.55
1390,0.0006239999999999998,3.4,1.55
1391,0.0006255999999999998,3.36,1.57
1392,0.0006271999999999998,3.4,1.57
1393,0.0006287999999999999,3.4,1.59
1394,0.0006303999999999999,3.4,1.57
1395,0.000632,3.4,1.57
1396,0.0006336,3.4,1.57
1397,0.0006351999999999996,3.44,1.57
1398,0.0006367999999999996,3.4,1.59
1399,0.0006383999999999997,3.44,1.59
1400,0.0006399999999999997,3.44,1.59
1401,0.0006415999999999998,3.44,1.61
1402,0.0006431999999999998,3.48,1.61
1403,0.0006447999999999998,3.44,1.61
1404,0.0006463999999999999,3.48,1.61
1405,0.0006479999999999999,3.48,1.61
1406,0.0006496,3.52,1.61
1407,0.0006512,3.52,1.6300000000000001
1408,0.0006528,3.52,1.6300000000000001
1409,0.0006543999999999996,3.52,1.6300000000000001
1410,0.0006559999999999997,3.52,1.6300000000000001
1411,0.0006575999999999997,3.52,1.6500000000000001
1412,0.0006591999999999998,3.56,1.6500000000000001
1413,0.0006607999999999998,3.52,1.6500000000000001
1414,0.0006623999999999998,3.56,1.6500000000000001
1415,0.0006639999999999999,3.56,1.6500000000000001
1416,0.0006655999999999999,3.6,1.6500000000000001
1417,0.0006672,3.56,1.67
1418,0.0006688,3.6,1.67
1419,0.0006704,3.6,1.67
1420,0.0006719999999999996,3.6,1.67
1421,0.0006735999999999997,3.6,1.67
1422,0.0006751999999999997,3.64,1.69
1423,0.0006767999999999998,3.64,1.69
1424,0.0006783999999999998,3.64,1.67
1425,0.0006799999999999998,3.64,1.71
1426,0.0006815999999999999,3.68,1.69
1427,0.0006831999999999999,3.68,1.71
1428,0.0006848,3.68,1.71
1429,0.0006864,3.68,1.71
1430,0.000688,3.68,1.71
1431,0.0006895999999999996,3.68,1.71
1432,0.0006911999999999997,3.68,1.71
1433,0.0006927999999999997,3.68,1.71
1434,0.0006943999999999997,3.72,1.75
1435,0.0006959999999999998,3.72,1.75
1436,0.0006975999999999998,3.72,1.75
1437,0.0006991999999999999,3.7600000000000002,1.75
1438,0.0007007999999999999,3.7600000000000002,1.75
1439,0.0007023999999999999,3.7600000000000002,1.75
1440,0.000704,3.7600000000000002,1.75
1441,0.0007056,3.7600000000000002,1.75
1442,0.0007071999999999996,3.8000000000000003,1.77
1443,0.0007087999999999997,3.7600000000000002,1.77
1444,0.0007103999999999997,3.8000000000000003,1.77
1445,0.0007119999999999997,3.8000000000000003,1.77
1446,0.0007135999999999998,3.8000000000000003,1.77
1447,0.0007151999999999998,3.8000000000000003,1.77
1448,0.0007167999999999999,3.8000000000000003,1.79
1449,0.0007183999999999999,3.84,1.79
1450,0.0007199999999999999,3.84,1.79
1451,0.0007216,3.88,1.79
1452,0.0007232,3.84,1.81
1453,0.0007247999999999996,3.88,1.79
1454,0.0007263999999999997,3.88,1.79
1455,0.0007279999999999997,3.88,1.81
1456,0.0007295999999999997,3.88,1.81
1457,0.0007311999999999998,3.88,1.81
1458,0.0007327999999999998,3.92,1.81
1459,0.0007343999999999999,3.92,1.83
1460,0.0007359999999999999,3.92,1.83
1461,0.0007375999999999999,3.92,1.85
1462,0.0007392,3.92,1.83
1463,0.0007408,3.92,1.83
1464,0.0007423999999999996,3.96,1.85
1465,0.0007439999999999997,3.96,1.85
1466,0.0007455999999999997,4.0,1.85
1467,0.0007471999999999997,4.0,1.85
1468,0.0007487999999999998,4.0,1.87
1469,0.0007503999999999998,4.0,1.85
1470,0.0007519999999999998,4.0,1.85
1471,0.0007535999999999999,4.0,1.85
1472,0.0007551999999999999,4.04,1.8900000000000001
1473,0.0007568,4.0,1.8900000000000001
1474,0.0007584,4.04,1.8900000000000001
1475,0.0007599999999999996,4.04,1.8900000000000001
1476,0.0007615999999999996,4.04,1.8900000000000001
1477,0.0007631999999999997,4.04,1.8900000000000001
1478,0.0007647999999999997,4.04,1.9100000000000001
1479,0.0007663999999999998,4.08,1.9100000000000001
1480,0.0007679999999999998,4.08,1.9100000000000001
1481,0.0007695999999999998,4.08,1.9100000000000001
1482,0.0007711999999999999,4.12,1.93
1483,0.0007727999999999999,4.12,1.9100000000000001
1484,0.0007744,4.12,1.9100000000000001
1485,0.000776,4.12,1.93
1486,0.0007775999999999996,4.12,1.93
1487,0.0007791999999999996,4.16,1.93
1488,0.0007807999999999997,4.16,1.93
1489,0.0007823999999999997,4.12,1.95
1490,0.0007839999999999998,4.16,1.95
1491,0.0007855999999999998,4.16,1.95
1492,0.0007871999999999998,4.16,1.95
1493,0.0007887999999999999,4.16,1.95
1494,0.0007903999999999999,4.2,1.95
1495,0.000792,4.2,1.97
1496,0.0007936,4.2,1.97
1497,0.0007952,4.2,1.97
1498,0.0007967999999999996,4.2,1.97
1499,0.0007983999999999997,4.24,1.99
1500,0.0007999999999999997,4.24,1.99
1501,0.0008015999999999998,4.24,1.99
1502,0.0008031999999999998,4.24,1.99
1503,0.0008047999999999998,4.28,1.99
1504,0.0008063999999999999,4.28,2.0100000000000002
1505,0.0008079999999999999,4.28,2.0100000000000002
1506,0.0008096,4.28,2.0100000000000002
1507,0.0008112,4.28,2.0100000000000002
1508,0.0008128,4.28,2.0100000000000002
1509,0.0008143999999999996,4.28,2.0300000000000002
1510,0.0008159999999999997,4.32,2.0100000000000002
1511,0.0008175999999999997,4.32,2.0300000000000002
1512,0.0008191999999999997,4.36,2.0300000000000002
1513,0.0008207999999999998,4.36,2.0300000000000002
1514,0.0008223999999999998,4.32,2.0300000000000002
1515,0.0008239999999999999,4.36,2.0300000000000002
1516,0.0008255999999999999,4.4,2.05
1517,0.0008271999999999999,4.36,2.05
1518,0.0008288,4.36,2.05
1519,0.0008304,4.4,2.05
1520,0.0008319999999999996,4.44,2.07
1521,0.0008335999999999997,4.4,2.05
1522,0.0008351999999999997,4.44,2.07
1523,0.0008367999999999997,4.4,2.07
1524,0.0008383999999999998,4.44,2.07
1525,0.0008399999999999998,4.48,2.07
1526,0.0008415999999999999,4.44,2.09
1527,0.0008431999999999999,4.44,2.09
1528,0.0008447999999999999,4.48,2.09
1529,0.0008464,4.48,2.09
1530,0.000848,4.48,2.09
1531,0.0008495999999999996,4.48,2.09
1532,0.0008511999999999997,4.48,2.11
1533,0.0008527999999999997,4.48,2.11
1534,0.0008543999999999997,4.5200000000000005,2.11
1535,0.0008559999999999998,4.5200000000000005,2.11
1536,0.0008575999999999998,4.5200000000000005,2.13
1537,0.0008591999999999999,4.5200000000000005,2.13
1538,0.0008607999999999999,4.5600000000000005,2.13
1539,0.0008623999999999999,4.5600000000000005,2.13
1540,0.000864,4.5600000000000005,2.15
1541,0.0008656,4.5600000000000005,2.13
1542,0.0008671999999999996,4.6000000000000005,2.13
1543,0.0008687999999999997,4.6000000000000005,2.15
1544,0.0008703999999999997,4.5600000000000005,2.15
1545,0.0008719999999999997,4.6000000000000005,2.15
1546,0.0008735999999999998,4.6000000000000005,2.15
1547,0.0008751999999999998,4.64,2.17
1548,0.0008767999999999998,4.64,2.17
1549,0.0008783999999999999,4.64,2.17
1550,0.0008799999999999999,4.64,2.17
1551,0.0008816,4.64,2.17
1552,0.0008832,4.68,2.17
1553,0.0008847999999999996,4.68,2.19
1554,0.0008863999999999996,4.68,2.19
1555,0.0008879999999999997,4.68,2.19
1556,0.0008895999999999997,4.68,2.19
1557,0.0008911999999999998,4.68,2.21
1558,0.0008927999999999998,4.72,2.21
1559,0.0008943999999999998,4.72,2.21
1560,0.0008959999999999999,4.72,2.21
1561,0.0008975999999999999,4.72,2.21
1562,0.0008992,4.76,2.23
1563,0.0009008,4.76,2.23
1564,0.0009023999999999996,4.76,2.23
1565,0.0009039999999999996,4.76,2.23
1566,0.0009055999999999997,4.76,2.23
1567,0.0009071999999999997,4.8,2.23
1568,0.0009087999999999998,4.8,2.23
1569,0.0009103999999999998,4.8,2.25
1570,0.0009119999999999998,4.84,2.25
1571,0.0009135999999999999,4.8,2.25
1572,0.0009151999999999999,4.84,2.25
1573,0.0009168,4.84,2.27
1574,0.0009184,4.84,2.27
1575,0.0009199999999999996,4.84,2.27
1576,0.0009215999999999996,4.84,2.27
1577,0.0009231999999999997,4.84,2.27
1578,0.0009247999999999997,4.88,2.27
1579,0.0009263999999999997,4.84,2.29
1580,0.0009279999999999998,4.88,2.29
1581,0.0009295999999999998,4.88,2.29
1582,0.0009311999999999999,4.92,2.29
1583,0.0009327999999999999,4.92,2.29
1584,0.0009343999999999999,4.92,2.31
1585,0.000936,4.92,2.31
1586,0.0009376,4.92,2.31
1587,0.0009391999999999996,4.92,2.31
1588,0.0009407999999999997,4.92,2.31
1589,0.0009423999999999997,4.96,2.33
1590,0.0009439999999999997,4.96,2.33
1591,0.0009455999999999998,4.96,2.33
1592,0.0009471999999999998,4.96,2.33
1593,0.0009487999999999999,5.0,2.33
1594,0.0009503999999999999,5.0,2.33
1595,0.0009519999999999999,5.0,2.35
1596,0.0009536,0.08,2.35
1597,0.0009552,0.08,2.25
1598,0.0009567999999999996,0.12,1.75
1599,0.0009583999999999997,0.12,1.35
1600,0.0009599999999999997,0.12,1.05
1601,0.0009615999999999997,0.12,0.81
1602,0.0009631999999999998,0.12,0.65
1603,0.0009647999999999998,0.12,0.51
1604,0.0009663999999999999,0.12,0.41000000000000003
1605,0.0009679999999999999,0.16,0.33
1606,0.0009695999999999999,0.12,0.27
1607,0.0009712,0.12,0.21
1608,0.0009728,0.12,0.17
1609,0.0009743999999999996,0.16,0.15
1610,0.0009759999999999997,0.16,0.13
1611,0.0009775999999999997,0.16,0.11
1612,0.0009791999999999997,0.16,0.11
1613,0.0009807999999999998,0.2,0.11
1614,0.0009823999999999998,0.2,0.07
1615,0.0009839999999999998,0.2,0.07
1616,0.0009855999999999999,0.2,0.07
1617,0.0009872,0.2,0.07
1618,0.0009888,0.2,0.07
1619,0.0009904,0.24,0.09
1620,0.0009919999999999996,0.24,0.07
1621,0.0009935999999999996,0.24,0.09
1622,0.0009951999999999997,0.2,0.09
1623,0.0009967999999999997,0.24,0.09
1624,0.0009983999999999998,0.24,0.09
1625,0.0009999999999999998,0.28,0.07
1626,0.0010015999999999998,0.24,0.09
1627,0.0010031999999999999,0.28,0.09
1628,0.0010048,0.28,0.11
1629,0.0010064,0.28,0.11
1630,0.001008,0.32,0.13
1631,0.0010095999999999996,0.28,0.11
1632,0.0010111999999999996,0.28,0.11
1633,0.0010127999999999997,0.28,0.11
1634,0.0010143999999999997,0.32,0.11
1635,0.0010159999999999998,0.32,0.13
1636,0.0010175999999999998,0.32,0.13
1637,0.0010191999999999998,0.32,0.15
1638,0.0010207999999999999,0.36,0.13
1639,0.0010224,0.36,0.13
1640,0.001024,0.36,0.15
1641,0.0010256,0.36,0.15
1642,0.0010271999999999996,0.4,0.15
1643,0.0010287999999999996,0.4,0.15
1644,0.0010303999999999997,0.4,0.17
1645,0.0010319999999999997,0.4,0.17
1646,0.0010335999999999998,0.4,0.17
1647,0.0010351999999999998,0.4,0.17
1648,0.0010367999999999998,0.44,0.17
1649,0.0010383999999999999,0.44,0.19
1650,0.00104,0.44,0.19
1651,0.0010416,0.48,0.19
1652,0.0010432,0.44,0.21
1653,0.0010447999999999996,0.48,0.21
1654,0.0010463999999999996,0.48,0.19
1655,0.0010479999999999997,0.48,0.21
1656,0.0010495999999999997,0.48,0.21
1657,0.0010511999999999997,0.48,0.21
1658,0.0010527999999999998,0.48,0.23
1659,0.0010543999999999998,0.52,0.23
1660,0.0010559999999999999,0.52,0.21
1661,0.0010576,0.52,0.23
1662,0.0010592,0.52,0.23
1663,0.0010608,0.52,0.25
1664,0.0010623999999999996,0.52,0.25
1665,0.0010639999999999996,0.56,0.25
1666,0.0010655999999999997,0.56,0.25
1667,0.0010671999999999997,0.56,0.25
1668,0.0010687999999999997,0.56,0.25
1669,0.0010703999999999998,0.6,0.25
1670,0.0010719999999999998,0.6,0.25
1671,0.0010735999999999999,0.6,0.27
1672,0.0010752,0.6,0.27
1673,0.0010768,0.6,0.27
1674,0.0010784,0.64,0.27
1675,0.00108,0.64,0.29
1676,0.0010815999999999996,0.68,0.29
1677,0.0010831999999999997,0.64,0.29
1678,0.0010847999999999997,0.68,0.29
1679,0.0010863999999999997,0.68,0.29
1680,0.0010879999999999998,0.68,0.29
1681,0.0010895999999999998,0.68,0.29
1682,0.0010911999999999999,0.68,0.31
1683,0.0010927999999999999,0.72,0.31
1684,0.0010944,0.68,0.31
1685,0.001096,0.76,0.31
1686,0.0010976,0.72,0.31
1687,0.0010991999999999996,0.72,0.33
1688,0.0011007999999999997,0.72,0.33
1689,0.0011023999999999997,0.72,0.33
1690,0.0011039999999999997,0.76,0.35000000000000003
1691,0.0011055999999999998,0.76,0.33
1692,0.0011071999999999998,0.76,0.35000000000000003
1693,0.0011087999999999998,0.8,0.35000000000000003
1694,0.0011103999999999999,0.8,0.35000000000000003
1695,0.001112,0.8,0.35000000000000003
1696,0.0011136,0.8,0.35000000000000003
1697,0.0011152,0.8,0.35000000000000003
1698,0.0011167999999999996,0.84,0.37
1699,0.0011183999999999996,0.84,0.35000000000000003
1700,0.0011199999999999997,0.84,0.37
1701,0.0011215999999999997,0.84,0.37
1702,0.0011231999999999998,0.84,0.37
1703,0.0011247999999999998,0.84,0.39
1704,0.0011263999999999998,0.88,0.39
1705,0.0011279999999999999,0.88,0.39
1706,0.0011296,0.88,0.39
1707,0.0011312,0.88,0.41000000000000003
1708,0.0011328,0.92,0.39
1709,0.0011343999999999996,0.92,0.41000000000000003
1710,0.0011359999999999996,0.92,0.43
1711,0.0011375999999999997,0.92,0.41000000000000003
1712,0.0011391999999999997,0.92,0.43
1713,0.0011407999999999998,0.92,0.41000000000000003
1714,0.0011423999999999998,0.96,0.41000000000000003
1715,0.0011439999999999998,0.96,0.43
1716,0.0011455999999999999,0.96,0.45
1717,0.0011472,0.96,0.45
1718,0.0011488,1.0,0.45
1719,0.0011504,1.0,0.43
1720,0.0011519999999999996,1.0,0.45
1721,0.0011535999999999996,1.04,0.45
1722,0.0011551999999999997,1.04,0.45
1723,0.0011567999999999997,1.04,0.45
1724,0.0011583999999999998,1.04,0.47000000000000003
1725,0.0011599999999999998,1.04,0.49
1726,0.0011615999999999998,1.08,0.47000000000000003
1727,0.0011631999999999999,1.08,0.47000000000000003
1728,0.0011648,1.04,0.47000000000000003
1729,0.0011664,1.08,0.47000000000000003
1730,0.001168,1.08,0.47000000000000003
1731,0.0011695999999999996,1.08,0.49
1732,0.0011711999999999996,1.08,0.49
1733,0.0011727999999999997,1.12,0.49
1734,0.0011743999999999997,1.12,0.51
1735,0.0011759999999999997,1.12,0.51
1736,0.0011775999999999998,1.12,0.51
1737,0.0011791999999999998,1.12,0.51
1738,0.0011807999999999999,1.16,0.53
1739,0.0011824,1.12,0.51
1740,0.001184,1.16,0.51
1741,0.0011856,1.16,0.53
1742,0.0011871999999999996,1.16,0.53
1743,0.0011887999999999996,1.2,0.53
1744,0.0011903999999999997,1.2,0.53
1745,0.0011919999999999997,1.2,0.53
1746,0.0011935999999999997,1.2,0.55
1747,0.0011951999999999998,1.2,0.55
1748,0.0011967999999999998,1.24,0.5700000000000001
1749,0.0011983999999999999,1.24,0.55
1750,0.0012,1.28,0.5700000000000001
1751,0.0012016,1.24,0.5700000000000001
1752,0.0012032,1.28,0.5700000000000001
1753,0.0012048,1.28,0.5700000000000001
1754,0.0012063999999999996,1.28,0.5700000000000001
1755,0.0012079999999999997,1.28,0.5700000000000001
1756,0.0012095999999999997,1.28,0.5700000000000001
1757,0.0012111999999999997,1.28,0.5700000000000001
1758,0.0012127999999999998,1.28,0.59
1759,0.0012143999999999998,1.28,0.59
1760,0.0012159999999999999,1.36,0.59
1761,0.0012175999999999999,1.32,0.61
1762,0.0012192,1.32,0.59
1763,0.0012208,1.36,0.59
1764,0.0012224,1.36,0.61
1765,0.0012239999999999996,1.36,0.61
1766,0.0012255999999999996,1.4000000000000001,0.61
1767,0.0012271999999999997,1.4000000000000001,0.63
1768,0.0012287999999999997,1.36,0.63
1769,0.0012303999999999998,1.4000000000000001,0.63
1770,0.0012319999999999998,1.4000000000000001,0.63
1771,0.0012335999999999998,1.4000000000000001,0.63
1772,0.0012351999999999999,1.4000000000000001,0.63
1773,0.0012368,1.44,0.65
1774,0.0012384,1.4000000000000001,0.65
1775,0.00124,1.44,0.65
1776,0.0012415999999999996,1.44,0.65
1777,0.0012431999999999996,1.44,0.65
1778,0.0012447999999999997,1.48,0.65
1779,0.0012463999999999997,1.48,0.65
1780,0.0012479999999999998,1.48,0.6900000000000001
1781,0.0012495999999999998,1.48,0.6900000000000001
1782,0.0012511999999999998,1.48,0.6900000000000001
1783,0.0012527999999999999,1.52,0.6900000000000001
1784,0.0012544,1.52,0.6900000000000001
1785,0.001256,1.52,0.6900000000000001
1786,0.0012576,1.52,0.6900000000000001
1787,0.0012591999999999996,1.56,0.6900000000000001
1788,0.0012607999999999996,1.52,0.71
1789,0.0012623999999999997,1.52,0.71
1790,0.0012639999999999997,1.56,0.71
1791,0.0012655999999999998,1.6,0.71
1792,0.0012671999999999998,1.56,0.71
1793,0.0012687999999999998,1.56,0.73
1794,0.0012703999999999999,1.56,0.73
1795,0.001272,1.6400000000000001,0.73
1796,0.0012736,1.6400000000000001,0.73
1797,0.0012752,1.6,0.73
1798,0.0012767999999999996,1.6400000000000001,0.73
1799,0.0012783999999999996,1.6400000000000001,0.75
1800,0.0012799999999999997,1.6400000000000001,0.75
1801,0.0012815999999999997,1.6400000000000001,0.75
1802,0.0012831999999999997,1.6400000000000001,0.77
1803,0.0012847999999999998,1.6400000000000001,0.75
1804,0.0012863999999999998,1.72,0.77
1805,0.0012879999999999999,1.72,0.75
1806,0.0012896,1.68,0.77
1807,0.0012912,1.68,0.77
1808,0.0012928,1.68,0.77
1809,0.0012943999999999996,1.68,0.77
1810,0.0012959999999999996,1.76,0.77
1811,0.0012975999999999997,1.76,0.79
1812,0.0012991999999999997,1.72,0.79
1813,0.0013007999999999997,1.72,0.79
1814,0.0013023999999999998,1.76,0.79
1815,0.0013039999999999998,1.76,0.81
1816,0.0013055999999999999,1.76,0.81
1817,0.0013072,1.76,0.81
1818,0.0013088,1.8,0.81
1819,0.0013104,1.8,0.81
1820,0.0013119999999999996,1.8,0.81
1821,0.0013135999999999996,1.8,0.81
1822,0.0013151999999999997,1.84,0.8300000000000001
1823,0.0013167999999999997,1.84,0.8300000000000001
1824,0.0013183999999999997,1.84,0.8300000000000001
1825,0.0013199999999999998,1.84,0.8300000000000001
1826,0.0013215999999999998,1.84,0.85
1827,0.0013231999999999999,1.8800000000000001,0.85
1828,0.0013248,1.8800000000000001,0.85
1829,0.0013264,1.8800000000000001,0.85
1830,0.001328,1.8800000000000001,0.85
1831,0.0013295999999999996,1.8800000000000001,0.85
1832,0.0013311999999999996,1.92,0.85
1833,0.0013327999999999997,1.8800000000000001,0.87
1834,0.0013343999999999997,1.92,0.87
1835,0.0013359999999999997,1.92,0.87
1836,0.0013375999999999998,1.92,0.87
1837,0.0013391999999999998,1.92,0.89
1838,0.0013407999999999998,1.96,0.89
1839,0.0013423999999999999,1.96,0.89
1840,0.001344,1.96,0.89
1841,0.0013456,1.96,0.89
1842,0.0013472,2.0,0.89
1843,0.0013487999999999996,2.0,0.91
1844,0.0013503999999999996,2.0,0.91
1845,0.0013519999999999997,2.04,0.93
1846,0.0013535999999999997,2.04,0.91
1847,0.0013551999999999998,2.04,0.93
1848,0.0013567999999999998,2.04,0.93
1849,0.0013583999999999998,2.08,0.93
1850,0.0013599999999999999,2.08,0.9500000000000001
1851,0.0013616,2.08,0.93
1852,0.0013632,2.04,0.9500000000000001
1853,0.0013648,2.08,0.93
1854,0.0013663999999999996,2.08,0.9500000000000001
1855,0.0013679999999999996,2.08,0.9500000000000001
1856,0.0013695999999999997,2.12,0.9500000000000001
1857,0.0013711999999999997,2.12,0.97
1858,0.0013727999999999998,2.12,0.9500000000000001
1859,0.0013743999999999998,2.16,0.97
1860,0.0013759999999999998,2.12,0.99
1861,0.0013775999999999999,2.16,0.97
1862,0.0013792,2.16,0.97
1863,0.0013808,2.16,0.99
1864,0.0013824,2.16,0.99
1865,0.0013839999999999996,2.16,0.99
1866,0.0013855999999999996,2.16,0.99
1867,0.0013871999999999997,2.16,0.99
1868,0.0013887999999999997,2.2,0.99
1869,0.0013903999999999998,2.2,0.99
1870,0.0013919999999999998,2.2,0.99
1871,0.0013935999999999998,2.2,1.01
1872,0.0013951999999999999,2.24,1.01
1873,0.0013968,2.2,1.03
1874,0.0013984,2.24,1.03
1875,0.0014,2.2800000000000002,1.01
1876,0.0014015999999999996,2.24,1.03
1877,0.0014031999999999996,2.2800000000000002,1.03
1878,0.0014047999999999997,2.2800000000000002,1.03
1879,0.0014063999999999997,2.2800000000000002,1.03
1880,0.0014079999999999997,2.2800000000000002,1.05
1881,0.0014095999999999998,2.2800000000000002,1.05
1882,0.0014111999999999998,2.2800000000000002,1.05
1883,0.0014127999999999999,2.32,1.07
1884,0.0014144,2.32,1.05
1885,0.001416,2.32,1.05
1886,0.0014176,2.36,1.05
1887,0.0014191999999999996,2.36,1.07
1888,0.0014207999999999996,2.36,1.07
1889,0.0014223999999999997,2.36,1.09
1890,0.0014239999999999997,2.36,1.07
1891,0.0014255999999999997,2.36,1.09
1892,0.0014271999999999998,2.4,1.09
1893,0.0014287999999999998,2.4,1.09
1894,0.0014303999999999999,2.36,1.11
1895,0.001432,2.44,1.11
1896,0.0014336,2.4,1.11
1897,0.0014352,2.4,1.09
1898,0.0014367999999999996,2.4,1.11
1899,0.0014383999999999996,2.4,1.11
1900,0.0014399999999999997,2.4,1.11
1901,0.0014415999999999997,2.44,1.1300000000000001
1902,0.0014431999999999997,2.44,1.1300000000000001
1903,0.0014447999999999998,2.48,1.1500000000000001
1904,0.0014463999999999998,2.48,1.1300000000000001
1905,0.0014479999999999999,2.48,1.1300000000000001
1906,0.0014495999999999999,2.48,1.1300000000000001
1907,0.0014512,2.52,1.1500000000000001
1908,0.0014528,2.52,1.1500000000000001
1909,0.0014543999999999996,2.52,1.17
1910,0.0014559999999999996,2.52,1.1500000000000001
1911,0.0014575999999999997,2.52,1.17
1912,0.0014591999999999997,2.52,1.17
1913,0.0014607999999999997,2.56,1.17
1914,0.0014623999999999998,2.56,1.17
1915,0.0014639999999999998,2.56,1.17
1916,0.0014655999999999998,2.6,1.17
1917,0.0014671999999999999,2.56,1.17
1918,0.0014688,2.56,1.19
1919,0.0014704,2.56,1.19
1920,0.001472,2.6,1.21
1921,0.0014735999999999996,2.6,1.21
1922,0.0014751999999999996,2.64,1.21
1923,0.0014767999999999997,2.68,1.21
1924,0.0014783999999999997,2.64,1.21
1925,0.0014799999999999998,2.64,1.21
1926,0.0014815999999999998,2.64,1.21
1927,0.0014831999999999998,2.68,1.23
1928,0.0014847999999999999,2.68,1.23
1929,0.0014864,2.68,1.23
1930,0.001488,2.68,1.23
1931,0.0014896,2.68,1.23
1932,0.0014911999999999996,2.68,1.23
1933,0.0014927999999999996,2.68,1.23
1934,0.0014943999999999997,2.72,1.25
1935,0.0014959999999999997,2.72,1.25
1936,0.0014975999999999998,2.72,1.25
1937,0.0014991999999999998,2.7600000000000002,1.25
1938,0.0015007999999999998,2.7600000000000002,1.27
1939,0.0015023999999999999,2.7600000000000002,1.27
1940,0.001504,2.7600000000000002,1.27
1941,0.0015056,2.7600000000000002,1.27
1942,0.0015072,2.8000000000000003,1.27
1943,0.0015087999999999996,2.8000000000000003,1.27
1944,0.0015103999999999996,2.8000000000000003,1.29
1945,0.0015119999999999997,2.8000000000000003,1.29
1946,0.0015135999999999997,2.8000000000000003,1.29
1947,0.0015151999999999998,2.84,1.29
1948,0.0015167999999999998,2.84,1.31
1949,0.0015183999999999998,2.84,1.29
1950,0.0015199999999999999,2.84,1.31
1951,0.0015216,2.84,1.31
1952,0.0015232,2.84,1.31
1953,0.0015248,2.88,1.31
1954,0.0015263999999999996,2.88,1.33
1955,0.0015279999999999996,2.88,1.33
1956,0.0015295999999999997,2.88,1.33
1957,0.0015311999999999997,2.88,1.35
1958,0.0015327999999999997,2.92,1.35
1959,0.0015343999999999998,2.92,1.35
1960,0.0015359999999999998,2.92,1.33
1961,0.0015375999999999999,2.92,1.35
1962,0.0015392,2.96,1.35
1963,0.0015408,2.92,1.37
1964,0.0015424,2.96,1.35
1965,0.0015439999999999996,2.96,1.37
1966,0.0015455999999999996,3.0,1.37
1967,0.0015471999999999997,3.0,1.37
1968,0.0015487999999999997,3.0,1.37
1969,0.0015503999999999997,3.04,1.3900000000000001
1970,0.0015519999999999998,3.04,1.3900000000000001
1971,0.0015535999999999998,3.04,1.3900000000000001
1972,0.0015551999999999999,3.0,1.3900000000000001
1973,0.0015568,3.04,1.3900000000000001
1974,0.0015584,3.04,1.41
1975,0.00156,3.04,1.3900000000000001
1976,0.0015615999999999996,3.04,1.41
1977,0.0015631999999999996,3.08,1.41
1978,0.0015647999999999997,3.08,1.41
1979,0.0015663999999999997,3.08,1.41
1980,0.0015679999999999997,3.08,1.41
1981,0.0015695999999999998,3.08,1.43
1982,0.0015711999999999998,3.08,1.43
1983,0.0015727999999999998,3.12,1.43
1984,0.0015743999999999999,3.12,1.43
1985,0.001576,3.16,1.45
1986,0.0015776,3.16,1.45
1987,0.0015791999999999996,3.16,1.45
1988,0.0015807999999999996,3.16,1.47
1989,0.0015823999999999996,3.16,1.45
1990,0.0015839999999999997,3.16,1.45
1991,0.0015855999999999997,3.16,1.47
1992,0.0015871999999999998,3.2,1.47
1993,0.0015887999999999998,3.2,1.47
1994,0.0015903999999999998,3.2,1.49
1995,0.0015919999999999999,3.2,1.49
1996,0.0015936,3.2,1.49
1997,0.0015952,3.2,1.49
1998,0.0015967999999999996,3.24,1.49
1999,0.0015983999999999996,3.24,1.49
