,time,v1,v2
0,-0.00032,4.92,2.33
1,-0.00031968000000000003,4.92,2.31
2,-0.00031936000000000003,4.92,2.31
3,-0.00031904000000000004,4.92,2.31
4,-0.00031872000000000004,4.92,2.31
5,-0.00031840000000000004,4.92,2.31
6,-0.00031808000000000004,4.92,2.33
7,-0.00031776000000000005,4.92,2.31
8,-0.00031744000000000005,4.92,2.31
9,-0.00031712,4.92,2.31
10,-0.0003168,4.92,2.33
11,-0.00031648,4.88,2.31
12,-0.00031616,4.88,2.31
13,-0.00031584,4.92,2.33
14,-0.00031552,4.92,2.33
15,-0.0003152,4.92,2.31
16,-0.00031488,4.92,2.31
17,-0.00031456,4.92,2.33
18,-0.00031424000000000003,4.92,2.31
19,-0.00031392000000000003,4.92,2.31
20,-0.00031360000000000003,4.92,2.31
21,-0.00031328000000000004,4.92,2.33
22,-0.00031296000000000004,4.92,2.33
23,-0.00031264000000000004,4.92,2.31
24,-0.00031232000000000005,4.92,2.31
25,-0.00031200000000000005,4.92,2.31
26,-0.00031168000000000005,4.92,2.33
27,-0.00031136,4.92,2.31
28,-0.00031104,4.92,2.33
29,-0.00031072,4.92,2.31
30,-0.0003104,4.92,2.33
31,-0.00031008,4.92,2.31
32,-0.00030976,4.92,2.33
33,-0.00030944,4.92,2.33
34,-0.00030912,4.92,2.33
35,-0.0003088,4.92,2.31
36,-0.00030848000000000003,4.92,2.33
37,-0.00030816000000000003,4.92,2.31
38,-0.00030784000000000003,4.92,2.33
39,-0.00030752000000000004,4.92,2.33
40,-0.00030720000000000004,4.92,2.33
41,-0.00030688000000000004,4.92,2.31
42,-0.00030656000000000005,4.92,2.33
43,-0.00030624000000000005,4.92,2.31
44,-0.00030592,4.92,2.33
45,-0.0003056,4.92,2.31
46,-0.00030528,4.92,2.33
47,-0.00030496,4.92,2.33
48,-0.00030464,4.92,2.33
49,-0.00030432,4.92,2.31
50,-0.000304,4.92,2.31
51,-0.00030368,4.92,2.31
52,-0.00030336,4.92,2.33
53,-0.00030304,4.92,2.33
54,-0.00030272000000000003,4.92,2.31
55,-0.00030240000000000003,4.92,2.33
56,-0.00030208000000000004,4.92,2.33
57,-0.00030176000000000004,4.92,2.33
58,-0.00030144000000000004,4.92,2.31
59,-0.00030112000000000004,4.92,2.33
60,-0.00030080000000000005,4.92,2.33
61,-0.00030048000000000005,4.92,2.33
62,-0.00030016000000000005,4.92,2.31
63,-0.00029984,4.92,2.33
64,-0.00029952,4.92,2.33
65,-0.0002992,4.92,2.33
66,-0.00029888,4.92,2.33
67,-0.00029856,4.92,2.33
68,-0.00029824,4.96,2.33
69,-0.00029792,4.92,2.33
70,-0.0002976,4.92,2.33
71,-0.00029728,4.92,2.33
72,-0.00029696000000000003,4.92,2.33
73,-0.00029664000000000003,4.92,2.33
74,-0.00029632000000000004,4.92,2.33
75,-0.00029600000000000004,4.92,2.33
76,-0.00029568000000000004,4.92,2.33
77,-0.00029536000000000005,4.92,2.33
78,-0.00029504000000000005,4.92,2.33
79,-0.00029472000000000005,4.92,2.33
80,-0.0002944,4.92,2.33
81,-0.00029408,4.92,2.33
82,-0.00029376,4.92,2.33
83,-0.00029344,4.92,2.33
84,-0.00029312,4.92,2.33
85,-0.0002928,4.92,2.33
86,-0.00029248,4.92,2.33
87,-0.00029216,4.92,2.33
88,-0.00029184,4.92,2.33
89,-0.00029152000000000003,4.92,2.33
90,-0.00029120000000000003,4.92,2.33
91,-0.00029088000000000003,4.92,2.33
92,-0.00029056000000000004,4.92,2.33
93,-0.00029024000000000004,4.92,2.33
94,-0.00028992000000000004,4.92,2.33
95,-0.00028960000000000005,4.96,2.33
96,-0.00028928000000000005,4.92,2.33
97,-0.00028896,4.92,2.33
98,-0.00028864000000000006,4.96,2.33
99,-0.00028832,4.96,2.33
100,-0.000288,4.96,2.33
101,-0.00028768,4.92,2.33
102,-0.00028736,4.92,2.33
103,-0.00028704,4.96,2.35
104,-0.00028672,4.96,2.33
105,-0.0002864,4.96,2.33
106,-0.00028608,4.96,2.33
107,-0.00028576000000000003,4.96,2.33
108,-0.00028544000000000003,4.96,2.33
109,-0.00028512000000000003,4.92,2.33
110,-0.00028480000000000004,4.96,2.33
111,-0.00028448000000000004,4.96,2.33
112,-0.00028416000000000004,4.96,2.33
113,-0.00028384000000000005,4.92,2.33
114,-0.00028352,4.96,2.33
115,-0.00028320000000000005,4.92,2.33
116,-0.00028288,4.96,2.33
117,-0.00028256,4.92,2.33
118,-0.00028224,4.96,2.33
119,-0.00028192,4.92,2.33
120,-0.0002816,4.96,2.35
121,-0.00028128,4.96,2.33
122,-0.00028096,4.96,2.33
123,-0.00028064,4.92,2.33
124,-0.00028032,4.92,2.33
125,-0.00028000000000000003,4.92,2.33
126,-0.00027968000000000003,4.92,2.33
127,-0.00027936000000000004,4.96,2.33
128,-0.00027904000000000004,4.92,2.33
129,-0.00027872000000000004,4.96,2.35
130,-0.00027840000000000005,4.96,2.33
131,-0.00027808000000000005,4.92,2.33
132,-0.00027776000000000005,4.96,2.35
133,-0.00027744,4.96,2.33
134,-0.00027712,4.96,2.33
135,-0.0002768,4.96,2.35
136,-0.00027648,4.96,2.35
137,-0.00027616,4.96,2.33
138,-0.00027584,4.96,2.35
139,-0.00027552,4.96,2.33
140,-0.0002752,4.96,2.35
141,-0.00027488,4.96,2.35
142,-0.00027456000000000003,4.96,2.35
143,-0.00027424000000000003,4.96,2.33
144,-0.00027392000000000003,4.96,2.35
145,-0.00027360000000000004,4.96,2.33
146,-0.00027328000000000004,4.96,2.35
147,-0.00027296000000000004,4.96,2.33
148,-0.00027264000000000005,4.96,2.35
149,-0.00027232000000000005,4.96,2.33
150,-0.000272,4.96,2.33
151,-0.00027168000000000006,4.96,2.35
152,-0.00027136,4.96,2.33
153,-0.00027104,4.96,2.35
154,-0.00027072,4.96,2.35
155,-0.0002704,4.96,2.33
156,-0.00027008,4.96,2.33
157,-0.00026976,4.96,2.33
158,-0.00026944,4.96,2.35
159,-0.00026912,4.96,2.35
160,-0.00026880000000000003,4.96,2.33
161,-0.00026848000000000003,4.96,2.33
162,-0.00026816000000000003,4.96,2.35
163,-0.00026784000000000004,4.96,2.35
164,-0.00026752000000000004,4.96,2.33
165,-0.00026720000000000004,4.96,2.33
166,-0.00026688000000000005,4.96,2.35
167,-0.00026656,4.96,2.35
168,-0.00026624000000000005,4.96,2.33
169,-0.00026592,4.96,2.35
170,-0.0002656,4.96,2.35
171,-0.00026528,4.96,2.35
172,-0.00026496,4.96,2.35
173,-0.00026464,4.96,2.35
174,-0.00026432,4.96,2.35
175,-0.000264,4.96,2.35
176,-0.00026368,4.96,2.33
177,-0.00026336,4.96,2.35
178,-0.00026304000000000003,4.96,2.35
179,-0.00026272000000000003,4.96,2.35
180,-0.00026240000000000004,4.96,2.35
181,-0.00026208000000000004,4.96,2.35
182,-0.00026176000000000004,4.96,2.35
183,-0.00026144000000000004,4.96,2.33
184,-0.00026112000000000005,4.96,2.35
185,-0.00026080000000000005,4.96,2.33
186,-0.00026048,4.96,2.33
187,-0.00026016,4.96,2.33
188,-0.00025984,4.96,2.35
189,-0.00025952,4.96,2.33
190,-0.0002592,4.96,2.35
191,-0.00025888,4.96,2.35
192,-0.00025856,4.96,2.35
193,-0.00025824,5.0,2.35
194,-0.00025792,4.96,2.35
195,-0.00025760000000000003,4.96,2.35
196,-0.00025728000000000003,4.96,2.35
197,-0.00025696000000000003,4.96,2.35
198,-0.00025664000000000004,4.96,2.35
199,-0.00025632000000000004,4.96,2.35
200,-0.00025600000000000004,4.96,2.35
201,-0.00025568,4.96,2.35
202,-0.00025536000000000005,4.96,2.35
203,-0.00025504,4.96,2.35
204,-0.00025472000000000005,5.0,2.35
205,-0.0002544,5.0,2.35
206,-0.00025408,4.96,2.35
207,-0.00025376,4.96,2.35
208,-0.00025344,5.0,2.35
209,-0.00025312,5.0,2.35
210,-0.0002528,4.96,2.35
211,-0.00025248,5.0,2.35
212,-0.00025216,5.0,2.35
213,-0.00025184000000000003,5.0,2.35
214,-0.00025152000000000003,4.96,2.35
215,-0.00025120000000000003,5.0,2.35
216,-0.00025088000000000004,5.0,2.35
217,-0.00025056000000000004,4.96,2.33
218,-0.00025024000000000004,4.96,2.35
219,-0.00024992000000000005,5.0,2.35
220,-0.0002496,5.0,2.35
221,-0.00024928000000000005,5.0,2.35
222,-0.00024896,5.0,2.35
223,-0.00024864,4.96,2.35
224,-0.00024832,5.0,2.35
225,-0.000248,5.0,2.35
226,-0.00024768,4.96,2.35
227,-0.00024736,4.96,2.35
228,-0.00024704,5.0,2.35
229,-0.00024672,5.0,2.35
230,-0.0002464,5.0,2.35
231,-0.00024608000000000003,5.0,2.35
232,-0.00024576000000000003,5.0,2.35
233,-0.00024544000000000004,5.0,2.35
234,-0.00024512000000000004,5.0,2.35
235,-0.00024480000000000004,5.0,2.35
236,-0.00024448000000000004,5.0,2.35
237,-0.00024416,4.96,2.35
238,-0.00024384000000000002,5.0,2.35
239,-0.00024352000000000003,4.96,2.35
240,-0.00024320000000000003,4.96,2.35
241,-0.00024288,5.0,2.35
242,-0.00024256,5.0,2.35
243,-0.00024224,5.0,2.35
244,-0.00024192000000000001,4.96,2.35
245,-0.00024160000000000002,4.96,2.35
246,-0.00024128000000000002,5.0,2.35
247,-0.00024096000000000002,4.96,2.35
248,-0.00024064000000000003,5.0,2.35
249,-0.00024032000000000003,4.96,2.35
250,-0.00024000000000000003,4.96,2.35
251,-0.00023968000000000004,5.0,2.35
252,-0.00023936000000000004,5.0,2.35
253,-0.00023904000000000004,4.96,2.35
254,-0.00023872000000000002,5.0,2.35
255,-0.00023840000000000002,5.0,2.35
256,-0.00023808000000000002,5.0,2.35
257,-0.00023776000000000003,5.0,2.37
258,-0.00023744000000000003,5.0,2.35
259,-0.00023712,5.0,2.35
260,-0.0002368,5.0,2.35
261,-0.00023648,5.0,2.35
262,-0.00023616000000000002,4.96,2.37
263,-0.00023584000000000002,5.0,2.35
264,-0.00023552000000000002,5.0,2.37
265,-0.00023520000000000002,4.96,2.35
266,-0.00023488000000000003,5.0,2.35
267,-0.00023456000000000003,5.0,2.35
268,-0.00023424000000000003,5.0,2.37
269,-0.00023392000000000004,5.0,2.35
270,-0.00023360000000000004,5.0,2.35
271,-0.00023328000000000004,5.0,2.37
272,-0.00023296000000000002,5.0,2.35
273,-0.00023264000000000002,5.0,2.35
274,-0.00023232000000000003,5.0,2.35
275,-0.00023200000000000003,5.0,2.35
276,-0.00023168,5.0,2.37
277,-0.00023136,5.0,2.35
278,-0.00023104,5.0,2.37
279,-0.00023072000000000001,5.0,2.35
280,-0.00023040000000000002,5.0,2.35
281,-0.00023008000000000002,5.0,2.35
282,-0.00022976000000000002,5.0,2.35
283,-0.00022944000000000003,5.0,2.35
284,-0.00022912000000000003,5.0,2.35
285,-0.00022880000000000003,5.0,2.35
286,-0.00022848000000000004,5.0,2.35
287,-0.00022816000000000004,5.0,2.35
288,-0.00022784000000000004,5.0,2.35
289,-0.00022752000000000004,5.0,2.35
290,-0.00022720000000000002,5.0,2.37
291,-0.00022688000000000002,5.0,2.35
292,-0.00022656000000000003,5.0,2.37
293,-0.00022624000000000003,5.04,2.35
294,-0.00022592,5.0,2.35
295,-0.0002256,5.0,2.37
296,-0.00022528,5.0,2.35
297,-0.00022496000000000001,5.0,2.37
298,-0.00022464000000000002,5.04,2.37
299,-0.00022432000000000002,5.0,2.37
300,-0.00022400000000000002,5.0,2.37
301,-0.00022368000000000003,5.0,2.37
302,-0.00022336000000000003,5.04,2.37
303,-0.00022304000000000003,5.0,2.37
304,-0.00022272000000000004,5.0,2.37
305,-0.00022240000000000004,5.0,2.37
306,-0.00022208000000000004,5.0,2.37
307,-0.00022176000000000002,5.0,2.37
308,-0.00022144000000000002,5.0,2.37
309,-0.00022112000000000002,5.0,2.37
310,-0.00022080000000000003,5.04,2.35
311,-0.00022048000000000003,5.0,2.37
312,-0.00022016,5.0,2.37
313,-0.00021984,5.0,2.35
314,-0.00021952,5.0,2.27
315,-0.00021920000000000002,5.04,2.17
316,-0.00021888000000000002,5.0,2.05
317,-0.00021856000000000002,5.0,1.95
318,-0.00021824000000000002,5.0,1.85
319,-0.00021792000000000003,5.04,1.77
320,-0.00021760000000000003,5.0,1.67
321,-0.00021728000000000003,5.04,1.59
322,-0.00021696000000000004,5.0,1.53
323,-0.00021664000000000004,5.0,1.43
324,-0.00021632000000000004,5.0,1.37
325,-0.00021600000000000002,0.08,1.31
326,-0.00021568000000000002,0.08,1.23
327,-0.00021536000000000003,0.08,1.17
328,-0.00021504000000000003,0.08,1.11
329,-0.00021472,0.08,1.05
330,-0.0002144,0.08,1.01
331,-0.00021408,0.08,0.9500000000000001
332,-0.00021376,0.08,0.91
333,-0.00021344000000000002,0.08,0.87
334,-0.00021312000000000002,0.04,0.8300000000000001
335,-0.00021280000000000002,0.12,0.79
336,-0.00021248000000000003,0.08,0.75
337,-0.00021216000000000003,0.08,0.71
338,-0.00021184000000000003,0.08,0.6900000000000001
339,-0.00021152000000000003,0.04,0.65
340,-0.00021120000000000004,0.08,0.63
341,-0.00021088000000000004,0.12,0.59
342,-0.00021056000000000004,0.08,0.55
343,-0.00021024000000000002,0.08,0.53
344,-0.00020992000000000002,0.08,0.51
345,-0.00020960000000000003,0.08,0.49
346,-0.00020928000000000003,0.08,0.47000000000000003
347,-0.00020896,0.08,0.43
348,-0.00020864,0.12,0.41000000000000003
349,-0.00020832,0.08,0.39
350,-0.00020800000000000001,0.08,0.37
351,-0.00020768000000000002,0.08,0.35000000000000003
352,-0.00020736000000000002,0.08,0.35000000000000003
353,-0.00020704000000000002,0.08,0.33
354,-0.00020672000000000003,0.08,0.31
355,-0.00020640000000000003,0.08,0.29
356,-0.00020608000000000003,0.08,0.27
357,-0.00020576000000000004,0.08,0.27
358,-0.00020544000000000004,0.08,0.25
359,-0.00020512000000000004,0.08,0.25
360,-0.00020480000000000002,0.08,0.23
361,-0.00020448000000000002,0.08,0.23
362,-0.00020416000000000002,0.08,0.21
363,-0.00020384000000000003,0.08,0.21
364,-0.00020352000000000003,0.08,0.19
365,-0.0002032,0.08,0.19
366,-0.00020288,0.08,0.19
367,-0.00020256,0.08,0.17
368,-0.00020224000000000002,0.04,0.17
369,-0.00020192000000000002,0.08,0.15
370,-0.00020160000000000002,0.04,0.15
371,-0.00020128000000000002,0.04,0.15
372,-0.00020096000000000003,0.08,0.15
373,-0.00020064000000000003,0.08,0.13
374,-0.00020032000000000003,0.08,0.13
375,-0.00020000000000000004,0.08,0.13
376,-0.00019968000000000004,0.08,0.11
377,-0.00019936000000000004,0.04,0.11
378,-0.00019904000000000002,0.04,0.11
379,-0.00019872000000000002,0.08,0.11
380,-0.00019840000000000002,0.08,0.11
381,-0.00019808000000000003,0.04,0.09
382,-0.00019776000000000003,0.08,0.09
383,-0.00019744000000000003,0.04,0.09
384,-0.00019712,0.08,0.07
385,-0.0001968,0.08,0.07
386,-0.00019648000000000002,0.04,0.07
387,-0.00019616000000000002,0.04,0.07
388,-0.00019584000000000002,0.04,0.07
389,-0.00019552000000000003,0.08,0.07
390,-0.00019520000000000003,0.04,0.07
391,-0.00019488000000000003,0.08,0.07
392,-0.00019456000000000003,0.04,0.07
393,-0.00019424,0.04,0.05
394,-0.00019392000000000001,0.08,0.07
395,-0.00019360000000000002,0.08,0.05
396,-0.00019328000000000002,0.08,0.05
397,-0.00019296000000000002,0.04,0.05
398,-0.00019264000000000003,0.08,0.05
399,-0.00019232000000000003,0.08,0.05
400,-0.00019200000000000003,0.04,0.05
401,-0.00019168000000000004,0.08,0.05
402,-0.00019136,0.08,0.05
403,-0.00019104000000000001,0.04,0.05
404,-0.00019072000000000002,0.04,0.05
405,-0.00019040000000000002,0.08,0.03
406,-0.00019008000000000002,0.04,0.03
407,-0.00018976000000000003,0.04,0.03
408,-0.00018944000000000003,0.04,0.03
409,-0.00018912000000000003,0.04,0.03
410,-0.00018880000000000004,0.04,0.03
411,-0.00018848,0.04,0.03
412,-0.00018816000000000001,0.04,0.03
413,-0.00018784000000000002,0.04,0.03
414,-0.00018752000000000002,0.04,0.03
415,-0.00018720000000000002,0.04,0.03
416,-0.00018688000000000003,0.04,0.03
417,-0.00018656000000000003,0.04,0.03
418,-0.00018624000000000003,0.08,0.03
419,-0.00018592000000000004,0.08,0.01
420,-0.0001856,0.04,0.03
421,-0.00018528000000000001,0.04,0.03
422,-0.00018496000000000002,0.08,0.01
423,-0.00018464000000000002,0.04,0.03
424,-0.00018432000000000002,0.04,0.03
425,-0.00018400000000000003,0.04,0.03
426,-0.00018368000000000003,0.08,0.03
427,-0.00018336000000000003,0.04,0.03
428,-0.00018304000000000004,0.08,0.03
429,-0.00018272,0.08,0.03
430,-0.00018240000000000002,0.04,0.01
431,-0.00018208000000000002,0.04,0.03
432,-0.00018176000000000002,0.08,0.03
433,-0.00018144000000000002,0.04,0.03
434,-0.00018112000000000003,0.04,0.03
435,-0.00018080000000000003,0.08,0.03
436,-0.00018048000000000003,0.04,0.01
437,-0.00018016,0.04,0.01
438,-0.00017984,0.04,0.03
439,-0.00017952000000000002,0.04,0.03
440,-0.00017920000000000002,0.08,0.03
441,-0.00017888000000000002,0.04,0.01
442,-0.00017856000000000003,0.04,0.03
443,-0.00017824000000000003,0.08,0.03
444,-0.00017792000000000003,0.08,0.01
445,-0.00017760000000000003,0.04,0.03
446,-0.00017728,0.04,0.03
447,-0.00017696,0.08,0.01
448,-0.00017664000000000002,0.04,0.03
449,-0.00017632000000000002,0.08,0.01
450,-0.00017600000000000002,0.04,0.03
451,-0.00017568000000000003,0.04,0.01
452,-0.00017536000000000003,0.08,0.01
453,-0.00017504000000000003,0.04,0.01
454,-0.00017472000000000003,0.08,0.03
455,-0.0001744,0.08,0.01
456,-0.00017408000000000001,0.08,0.03
457,-0.00017376000000000002,0.04,0.03
458,-0.00017344000000000002,0.08,0.01
459,-0.00017312000000000002,0.08,0.03
460,-0.00017280000000000003,0.08,0.01
461,-0.00017248000000000003,0.08,0.01
462,-0.00017216000000000003,0.08,0.03
463,-0.00017184000000000004,0.08,0.03
464,-0.00017152,0.08,0.03
465,-0.00017120000000000001,0.04,0.03
466,-0.00017088000000000002,0.08,0.03
467,-0.00017056000000000002,0.04,0.01
468,-0.00017024000000000002,0.04,0.01
469,-0.00016992000000000003,0.04,0.03
470,-0.00016960000000000003,0.08,0.03
471,-0.00016928000000000003,0.08,0.03
472,-0.00016896000000000004,0.08,0.03
473,-0.00016864,0.08,0.03
474,-0.00016832000000000001,0.08,0.03
475,-0.00016800000000000002,0.04,0.01
476,-0.00016768000000000002,0.08,0.01
477,-0.00016736000000000002,0.04,0.03
478,-0.00016704000000000003,0.08,0.03
479,-0.00016672000000000003,0.08,0.03
480,-0.00016640000000000003,0.04,0.03
481,-0.00016608000000000004,0.04,0.03
482,-0.00016576,0.08,0.03
483,-0.00016544000000000002,0.08,0.01
484,-0.00016512000000000002,0.08,0.03
485,-0.00016480000000000002,0.08,0.03
486,-0.00016448000000000002,0.08,0.03
487,-0.00016416000000000003,0.08,0.03
488,-0.00016384000000000003,0.08,0.01
489,-0.00016352000000000003,0.08,0.03
490,-0.0001632,0.08,0.03
491,-0.00016288,0.04,0.01
492,-0.00016256000000000002,0.08,0.03
493,-0.00016224000000000002,0.08,0.03
494,-0.00016192000000000002,0.04,0.03
495,-0.00016160000000000002,0.08,0.03
496,-0.00016128000000000003,0.04,0.03
497,-0.00016096000000000003,0.04,0.03
498,-0.00016064000000000003,0.04,0.03
499,-0.00016032,0.08,0.03
500,-0.00016,0.08,0.03
501,-0.00015968000000000002,0.08,0.01
502,-0.00015936000000000002,0.08,0.03
503,-0.00015904000000000002,0.08,0.03
504,-0.00015872000000000003,0.08,0.03
505,-0.00015840000000000003,0.08,0.03
506,-0.00015808000000000003,0.08,0.01
507,-0.00015776000000000003,0.08,0.03
508,-0.00015744,0.08,0.03
509,-0.00015712000000000001,0.08,0.03
510,-0.00015680000000000002,0.08,0.03
511,-0.00015648000000000002,0.08,0.03
512,-0.00015616000000000002,0.04,0.03
513,-0.00015584000000000003,0.08,0.01
514,-0.00015552000000000003,0.08,0.03
515,-0.00015520000000000003,0.08,0.03
516,-0.00015488000000000004,0.08,0.03
517,-0.00015456,0.08,0.03
518,-0.00015424000000000001,0.08,0.03
519,-0.00015392000000000002,0.08,0.03
520,-0.00015360000000000002,0.04,0.03
521,-0.00015328000000000002,0.08,0.03
522,-0.00015296000000000003,0.08,0.03
523,-0.00015264000000000003,0.08,0.03
524,-0.00015232000000000003,0.04,0.03
525,-0.00015200000000000004,0.08,0.03
526,-0.00015168,0.08,0.03
527,-0.00015136000000000001,0.08,0.01
528,-0.00015104000000000002,0.08,0.03
529,-0.00015072000000000002,0.08,0.03
530,-0.00015040000000000002,0.08,0.03
531,-0.00015008000000000003,0.08,0.03
532,-0.00014976000000000003,0.08,0.03
533,-0.00014944000000000003,0.08,0.03
534,-0.00014912000000000004,0.08,0.03
535,-0.0001488,0.08,0.01
536,-0.00014848000000000001,0.08,0.03
537,-0.00014816000000000002,0.08,0.03
538,-0.00014784000000000002,0.08,0.03
539,-0.00014752000000000002,0.08,0.03
540,-0.00014720000000000003,0.08,0.03
541,-0.00014688000000000003,0.08,0.03
542,-0.00014656000000000003,0.08,0.03
543,-0.00014624,0.08,0.03
544,-0.00014592,0.08,0.03
545,-0.00014560000000000002,0.08,0.03
546,-0.00014528000000000002,0.08,0.03
547,-0.00014496000000000002,0.08,0.03
548,-0.00014464000000000002,0.08,0.03
549,-0.00014432000000000003,0.08,0.05
550,-0.00014400000000000003,0.08,0.03
551,-0.00014368000000000003,0.08,0.03
552,-0.00014336,0.08,0.03
553,-0.00014304,0.08,0.03
554,-0.00014272000000000002,0.08,0.05
555,-0.00014240000000000002,0.08,0.03
556,-0.00014208000000000002,0.08,0.03
557,-0.00014176000000000003,0.08,0.03
558,-0.00014144000000000003,0.08,0.03
559,-0.00014112000000000003,0.08,0.05
560,-0.00014080000000000003,0.08,0.03
561,-0.00014048,0.08,0.03
562,-0.00014016,0.12,0.03
563,-0.00013984000000000002,0.08,0.03
564,-0.00013952000000000002,0.08,0.05
565,-0.00013920000000000002,0.12,0.03
566,-0.00013888000000000003,0.08,0.03
567,-0.00013856000000000003,0.08,0.03
568,-0.00013824000000000003,0.08,0.03
569,-0.00013792000000000003,0.08,0.03
570,-0.0001376,0.08,0.03
571,-0.00013728000000000001,0.08,0.03
572,-0.00013696000000000002,0.08,0.03
573,-0.00013664000000000002,0.12,0.03
574,-0.00013632000000000002,0.08,0.03
575,-0.00013600000000000003,0.08,0.05
576,-0.00013568000000000003,0.08,0.03
577,-0.00013536000000000003,0.12,0.03
578,-0.00013504000000000004,0.12,0.03
579,-0.00013472,0.08,0.03
580,-0.00013440000000000001,0.08,0.05
581,-0.00013408000000000002,0.08,0.03
582,-0.00013376000000000002,0.08,0.03
583,-0.00013344000000000002,0.08,0.05
584,-0.00013312000000000003,0.12,0.03
585,-0.00013280000000000003,0.08,0.03
586,-0.00013248000000000003,0.12,0.03
587,-0.00013216000000000004,0.08,0.03
588,-0.00013184,0.12,0.03
589,-0.00013152000000000001,0.12,0.03
590,-0.00013120000000000002,0.08,0.03
591,-0.00013088000000000002,0.12,0.03
592,-0.00013056000000000002,0.12,0.03
593,-0.00013024000000000003,0.12,0.03
594,-0.00012992000000000003,0.08,0.03
595,-0.00012960000000000003,0.08,0.03
596,-0.00012928,0.12,0.03
597,-0.00012896,0.12,0.03
598,-0.00012864000000000002,0.12,0.05
599,-0.00012832000000000002,0.12,0.03
600,-0.00012800000000000002,0.08,0.03
601,-0.00012768000000000002,0.08,0.05
602,-0.00012736000000000003,0.08,0.05
603,-0.00012704000000000003,0.08,0.03
604,-0.00012672000000000003,0.12,0.03
605,-0.0001264,0.12,0.05
606,-0.00012608,0.12,0.03
607,-0.00012576000000000002,0.12,0.03
608,-0.00012544000000000002,0.12,0.03
609,-0.00012512000000000002,0.08,0.05
610,-0.00012480000000000002,0.12,0.05
611,-0.00012448000000000003,0.08,0.03
612,-0.00012416000000000003,0.08,0.03
613,-0.00012384000000000003,0.12,0.05
614,-0.00012352,0.12,0.05
615,-0.0001232,0.12,0.05
616,-0.00012288000000000002,0.08,0.05
617,-0.00012256000000000002,0.08,0.05
618,-0.00012224000000000002,0.08,0.03
619,-0.00012192000000000003,0.12,0.05
620,-0.00012160000000000003,0.12,0.05
621,-0.00012128000000000003,0.12,0.05
622,-0.00012096000000000003,0.12,0.05
623,-0.00012064000000000001,0.12,0.05
624,-0.00012032000000000001,0.12,0.05
625,-0.00012000000000000002,0.12,0.05
626,-0.00011968000000000002,0.12,0.05
627,-0.00011936000000000002,0.16,0.05
628,-0.00011904000000000003,0.12,0.05
629,-0.00011872000000000003,0.12,0.03
630,-0.00011840000000000003,0.12,0.03
631,-0.00011808000000000003,0.12,0.03
632,-0.00011776000000000001,0.12,0.03
633,-0.00011744000000000001,0.08,0.05
634,-0.00011712000000000002,0.12,0.03
635,-0.00011680000000000002,0.12,0.03
636,-0.00011648000000000002,0.12,0.05
637,-0.00011616000000000003,0.12,0.05
638,-0.00011584000000000003,0.12,0.05
639,-0.00011552000000000003,0.12,0.05
640,-0.00011520000000000004,0.12,0.05
641,-0.00011488000000000001,0.12,0.05
642,-0.00011456000000000001,0.12,0.05
643,-0.00011424000000000002,0.12,0.05
644,-0.00011392000000000002,0.12,0.05
645,-0.00011360000000000002,0.12,0.05
646,-0.00011328000000000003,0.12,0.03
647,-0.00011296000000000003,0.12,0.05
648,-0.00011264000000000003,0.12,0.05
649,-0.00011232000000000001,0.12,0.05
650,-0.00011200000000000001,0.12,0.05
651,-0.00011168000000000001,0.12,0.05
652,-0.00011136000000000002,0.12,0.05
653,-0.00011104000000000002,0.12,0.05
654,-0.00011072000000000002,0.12,0.05
655,-0.00011040000000000003,0.12,0.05
656,-0.00011008000000000003,0.12,0.05
657,-0.00010976000000000003,0.12,0.05
658,-0.00010944000000000001,0.16,0.05
659,-0.00010912000000000001,0.12,0.05
660,-0.00010880000000000002,0.12,0.05
661,-0.00010848000000000002,0.12,0.05
662,-0.00010816000000000002,0.12,0.05
663,-0.00010784000000000002,0.12,0.05
664,-0.00010752000000000003,0.12,0.05
665,-0.00010720000000000003,0.12,0.05
666,-0.00010688000000000003,0.12,0.05
667,-0.00010656000000000001,0.12,0.05
668,-0.00010624000000000001,0.12,0.05
669,-0.00010592000000000002,0.12,0.05
670,-0.00010560000000000002,0.12,0.05
671,-0.00010528000000000002,0.12,0.05
672,-0.00010496000000000003,0.12,0.05
673,-0.00010464000000000003,0.12,0.05
674,-0.00010432000000000003,0.12,0.05
675,-0.00010400000000000003,0.12,0.05
676,-0.00010368000000000001,0.12,0.05
677,-0.00010336000000000001,0.12,0.05
678,-0.00010304000000000002,0.12,0.05
679,-0.00010272000000000002,0.12,0.05
680,-0.00010240000000000002,0.12,0.05
681,-0.00010208000000000003,0.12,0.05
682,-0.00010176000000000003,0.12,0.05
683,-0.00010144000000000003,0.12,0.05
684,-0.00010112000000000003,0.12,0.05
685,-0.00010080000000000001,0.12,0.07
686,-0.00010048000000000001,0.12,0.05
687,-0.00010016000000000002,0.12,0.05
688,-9.984000000000002e-05,0.12,0.05
689,-9.952000000000002e-05,0.12,0.05
690,-9.920000000000003e-05,0.12,0.05
691,-9.888000000000003e-05,0.12,0.05
692,-9.856000000000003e-05,0.12,0.05
693,-9.824000000000001e-05,0.16,0.05
694,-9.792000000000001e-05,0.12,0.05
695,-9.760000000000001e-05,0.16,0.05
696,-9.728000000000002e-05,0.16,0.05
697,-9.696000000000002e-05,0.12,0.05
698,-9.664000000000002e-05,0.16,0.05
699,-9.632000000000003e-05,0.12,0.05
700,-9.600000000000003e-05,0.12,0.07
701,-9.568000000000003e-05,0.16,0.05
702,-9.536000000000001e-05,0.12,0.05
703,-9.504000000000001e-05,0.16,0.05
704,-9.472000000000001e-05,0.16,0.05
705,-9.440000000000002e-05,0.12,0.05
706,-9.408000000000002e-05,0.12,0.05
707,-9.376000000000002e-05,0.16,0.05
708,-9.344000000000003e-05,0.16,0.05
709,-9.312000000000003e-05,0.16,0.05
710,-9.280000000000003e-05,0.12,0.05
711,-9.248000000000001e-05,0.16,0.05
712,-9.216000000000001e-05,0.12,0.05
713,-9.184000000000002e-05,0.16,0.05
714,-9.152000000000002e-05,0.16,0.07
715,-9.120000000000002e-05,0.12,0.07
716,-9.088000000000002e-05,0.16,0.07
717,-9.056000000000003e-05,0.16,0.05
718,-9.024000000000003e-05,0.16,0.05
719,-8.992000000000003e-05,0.16,0.05
720,-8.960000000000001e-05,0.12,0.05
721,-8.928000000000001e-05,0.16,0.05
722,-8.896000000000002e-05,0.16,0.07
723,-8.864000000000002e-05,0.12,0.07
724,-8.832000000000002e-05,0.16,0.05
725,-8.800000000000002e-05,0.16,0.05
726,-8.768000000000003e-05,0.16,0.05
727,-8.736000000000003e-05,0.12,0.07
728,-8.704000000000003e-05,0.12,0.05
729,-8.672000000000001e-05,0.16,0.07
730,-8.640000000000001e-05,0.12,0.05
731,-8.608000000000002e-05,0.16,0.05
732,-8.576000000000002e-05,0.16,0.05
733,-8.544000000000002e-05,0.12,0.07
734,-8.512000000000003e-05,0.16,0.05
735,-8.480000000000003e-05,0.16,0.07
736,-8.448000000000003e-05,0.16,0.05
737,-8.416000000000003e-05,0.16,0.05
738,-8.384000000000001e-05,0.16,0.05
739,-8.352000000000001e-05,0.16,0.05
740,-8.320000000000002e-05,0.16,0.07
741,-8.288000000000002e-05,0.16,0.05
742,-8.256000000000002e-05,0.16,0.07
743,-8.224000000000003e-05,0.16,0.07
744,-8.192000000000003e-05,0.16,0.07
745,-8.160000000000003e-05,0.12,0.07
746,-8.128000000000001e-05,0.16,0.05
747,-8.096000000000001e-05,0.16,0.05
748,-8.064000000000001e-05,0.12,0.07
749,-8.032000000000002e-05,0.16,0.07
750,-8.000000000000002e-05,0.16,0.07
751,-7.968000000000002e-05,0.16,0.05
752,-7.936000000000003e-05,0.16,0.05
753,-7.904000000000003e-05,0.12,0.07
754,-7.872000000000003e-05,0.16,0.07
755,-7.840000000000001e-05,0.16,0.07
756,-7.808000000000001e-05,0.16,0.07
757,-7.776000000000001e-05,0.16,0.07
758,-7.744000000000002e-05,0.16,0.05
759,-7.712000000000002e-05,0.16,0.07
760,-7.680000000000002e-05,0.16,0.05
761,-7.648000000000003e-05,0.16,0.07
762,-7.616000000000003e-05,0.12,0.07
763,-7.584000000000003e-05,0.16,0.07
764,-7.552000000000004e-05,0.16,0.05
765,-7.520000000000004e-05,0.16,0.05
766,-7.488000000000004e-05,0.12,0.07
767,-7.456000000000005e-05,0.16,0.05
768,-7.424e-05,0.16,0.07
769,-7.392e-05,0.2,0.07
770,-7.36e-05,0.16,0.05
771,-7.328e-05,0.16,0.07
772,-7.296e-05,0.16,0.07
773,-7.264000000000001e-05,0.16,0.07
774,-7.232000000000001e-05,0.16,0.07
775,-7.200000000000002e-05,0.16,0.07
776,-7.168000000000002e-05,0.16,0.05
777,-7.136000000000002e-05,0.16,0.07
778,-7.104000000000002e-05,0.16,0.07
779,-7.072000000000003e-05,0.16,0.07
780,-7.040000000000003e-05,0.16,0.07
781,-7.008000000000003e-05,0.16,0.07
782,-6.976000000000004e-05,0.16,0.05
783,-6.944000000000004e-05,0.16,0.07
784,-6.912000000000004e-05,0.12,0.07
785,-6.880000000000005e-05,0.12,0.07
786,-6.848e-05,0.12,0.07
787,-6.816e-05,0.12,0.07
788,-6.784e-05,0.16,0.07
789,-6.752e-05,0.16,0.07
790,-6.720000000000001e-05,0.16,0.07
791,-6.688000000000001e-05,0.16,0.07
792,-6.656000000000001e-05,0.16,0.07
793,-6.624000000000002e-05,0.16,0.07
794,-6.592000000000002e-05,0.16,0.07
795,-6.560000000000002e-05,0.16,0.07
796,-6.528000000000003e-05,0.16,0.07
797,-6.496000000000003e-05,0.16,0.07
798,-6.464000000000003e-05,0.16,0.07
799,-6.432000000000003e-05,0.16,0.07
800,-6.400000000000004e-05,0.16,0.07
801,-6.368000000000004e-05,0.16,0.07
802,-6.336000000000004e-05,0.16,0.07
803,-6.304000000000005e-05,0.16,0.07
804,-6.272e-05,0.16,0.07
805,-6.24e-05,0.2,0.07
806,-6.208e-05,0.16,0.07
807,-6.176e-05,0.16,0.07
808,-6.144000000000001e-05,0.16,0.07
809,-6.112000000000001e-05,0.16,0.07
810,-6.0800000000000014e-05,0.16,0.07
811,-6.048000000000002e-05,0.16,0.07
812,-6.016000000000002e-05,0.16,0.07
813,-5.984000000000002e-05,0.2,0.07
814,-5.9520000000000026e-05,0.2,0.07
815,-5.920000000000003e-05,0.16,0.07
816,-5.888000000000003e-05,0.16,0.07
817,-5.8560000000000036e-05,0.2,0.07
818,-5.824000000000004e-05,0.16,0.09
819,-5.792000000000004e-05,0.2,0.09
820,-5.7600000000000045e-05,0.2,0.07
821,-5.7279999999999994e-05,0.16,0.07
822,-5.696e-05,0.16,0.07
823,-5.664e-05,0.16,0.07
824,-5.632e-05,0.16,0.07
825,-5.6000000000000006e-05,0.16,0.09
826,-5.568000000000001e-05,0.16,0.09
827,-5.536000000000001e-05,0.2,0.07
828,-5.5040000000000015e-05,0.2,0.07
829,-5.472000000000002e-05,0.2,0.07
830,-5.440000000000002e-05,0.16,0.07
831,-5.4080000000000024e-05,0.16,0.07
832,-5.376000000000003e-05,0.16,0.09
833,-5.344000000000003e-05,0.2,0.07
834,-5.3120000000000034e-05,0.16,0.07
835,-5.2800000000000037e-05,0.16,0.09
836,-5.248000000000004e-05,0.2,0.07
837,-5.216000000000004e-05,0.2,0.07
838,-5.1840000000000046e-05,0.2,0.07
839,-5.1519999999999995e-05,0.2,0.07
840,-5.12e-05,0.16,0.07
841,-5.088e-05,0.2,0.07
842,-5.0560000000000004e-05,0.2,0.07
843,-5.024000000000001e-05,0.2,0.09
844,-4.992000000000001e-05,0.2,0.07
845,-4.960000000000001e-05,0.2,0.07
846,-4.9280000000000016e-05,0.2,0.09
847,-4.896000000000002e-05,0.2,0.07
848,-4.864000000000002e-05,0.16,0.09
849,-4.8320000000000025e-05,0.2,0.07
850,-4.800000000000003e-05,0.2,0.07
851,-4.768000000000003e-05,0.2,0.09
852,-4.7360000000000034e-05,0.2,0.09
853,-4.704000000000004e-05,0.2,0.07
854,-4.672000000000004e-05,0.2,0.07
855,-4.6400000000000044e-05,0.2,0.07
856,-4.608000000000005e-05,0.16,0.09
857,-4.5759999999999996e-05,0.2,0.07
858,-4.544e-05,0.2,0.07
859,-4.512e-05,0.2,0.07
860,-4.4800000000000005e-05,0.2,0.07
861,-4.448000000000001e-05,0.2,0.07
862,-4.416000000000001e-05,0.2,0.09
863,-4.3840000000000014e-05,0.2,0.07
864,-4.352000000000002e-05,0.2,0.09
865,-4.320000000000002e-05,0.2,0.09
866,-4.288000000000002e-05,0.2,0.07
867,-4.2560000000000026e-05,0.2,0.09
868,-4.224000000000003e-05,0.2,0.09
869,-4.192000000000003e-05,0.2,0.09
870,-4.1600000000000035e-05,0.2,0.07
871,-4.128000000000004e-05,0.16,0.07
872,-4.096000000000004e-05,0.2,0.09
873,-4.0640000000000045e-05,0.2,0.07
874,-4.0319999999999993e-05,0.2,0.07
875,-3.9999999999999996e-05,0.2,0.07
876,-3.968e-05,0.2,0.07
877,-3.936e-05,0.2,0.09
878,-3.9040000000000006e-05,0.16,0.07
879,-3.872000000000001e-05,0.16,0.09
880,-3.840000000000001e-05,0.2,0.07
881,-3.8080000000000015e-05,0.2,0.09
882,-3.776000000000002e-05,0.2,0.09
883,-3.744000000000002e-05,0.16,0.07
884,-3.7120000000000024e-05,0.16,0.09
885,-3.680000000000003e-05,0.2,0.09
886,-3.648000000000003e-05,0.16,0.09
887,-3.616000000000003e-05,0.2,0.09
888,-3.5840000000000036e-05,0.16,0.09
889,-3.552000000000004e-05,0.2,0.09
890,-3.520000000000004e-05,0.2,0.07
891,-3.4880000000000046e-05,0.2,0.09
892,-3.4559999999999994e-05,0.2,0.09
893,-3.424e-05,0.2,0.09
894,-3.392e-05,0.24,0.07
895,-3.3600000000000004e-05,0.2,0.09
896,-3.328000000000001e-05,0.2,0.09
897,-3.296000000000001e-05,0.16,0.09
898,-3.264000000000001e-05,0.16,0.09
899,-3.2320000000000016e-05,0.2,0.09
900,-3.200000000000002e-05,0.2,0.09
901,-3.168000000000002e-05,0.16,0.09
902,-3.1360000000000025e-05,0.2,0.07
903,-3.104000000000003e-05,0.2,0.07
904,-3.072000000000003e-05,0.2,0.09
905,-3.0400000000000034e-05,0.2,0.09
906,-3.0080000000000037e-05,0.2,0.07
907,-2.976000000000004e-05,0.2,0.07
908,-2.9440000000000043e-05,0.2,0.07
909,-2.9120000000000046e-05,0.24,0.09
910,-2.8799999999999995e-05,0.2,0.07
911,-2.848e-05,0.24,0.07
912,-2.816e-05,0.24,0.07
913,-2.7840000000000005e-05,0.24,0.07
914,-2.7520000000000008e-05,0.2,0.09
915,-2.720000000000001e-05,0.2,0.09
916,-2.6880000000000014e-05,0.2,0.09
917,-2.6560000000000017e-05,0.2,0.09
918,-2.624000000000002e-05,0.24,0.09
919,-2.5920000000000023e-05,0.2,0.07
920,-2.5600000000000026e-05,0.2,0.09
921,-2.528000000000003e-05,0.2,0.09
922,-2.4960000000000032e-05,0.2,0.07
923,-2.4640000000000035e-05,0.2,0.09
924,-2.4320000000000038e-05,0.24,0.09
925,-2.400000000000004e-05,0.24,0.09
926,-2.3680000000000044e-05,0.2,0.09
927,-2.3359999999999993e-05,0.2,0.09
928,-2.3039999999999996e-05,0.24,0.09
929,-2.272e-05,0.24,0.09
930,-2.2400000000000002e-05,0.2,0.09
931,-2.2080000000000005e-05,0.24,0.09
932,-2.176000000000001e-05,0.24,0.09
933,-2.144000000000001e-05,0.2,0.09
934,-2.1120000000000015e-05,0.24,0.09
935,-2.0800000000000018e-05,0.24,0.09
936,-2.048000000000002e-05,0.24,0.07
937,-2.0160000000000024e-05,0.24,0.09
938,-1.9840000000000027e-05,0.24,0.09
939,-1.952000000000003e-05,0.24,0.09
940,-1.9200000000000033e-05,0.24,0.09
941,-1.8880000000000036e-05,0.24,0.09
942,-1.856000000000004e-05,0.24,0.09
943,-1.8240000000000042e-05,0.2,0.11
944,-1.7920000000000045e-05,0.2,0.09
945,-1.7599999999999994e-05,0.24,0.09
946,-1.7279999999999997e-05,0.24,0.09
947,-1.696e-05,0.2,0.09
948,-1.6640000000000003e-05,0.2,0.09
949,-1.6320000000000006e-05,0.24,0.09
950,-1.600000000000001e-05,0.2,0.09
951,-1.5680000000000013e-05,0.2,0.09
952,-1.5360000000000016e-05,0.24,0.09
953,-1.5040000000000019e-05,0.24,0.09
954,-1.4720000000000022e-05,0.24,0.11
955,-1.4400000000000025e-05,0.2,0.09
956,-1.4080000000000028e-05,0.24,0.09
957,-1.3760000000000031e-05,0.2,0.09
958,-1.3440000000000034e-05,0.24,0.09
959,-1.3120000000000037e-05,0.24,0.09
960,-1.280000000000004e-05,0.24,0.09
961,-1.2480000000000043e-05,0.2,0.11
962,-1.2160000000000046e-05,0.24,0.09
963,-1.1839999999999995e-05,0.2,0.09
964,-1.1519999999999998e-05,0.24,0.09
965,-1.1200000000000001e-05,0.24,0.09
966,-1.0880000000000004e-05,0.24,0.09
967,-1.0560000000000007e-05,0.2,0.11
968,-1.024000000000001e-05,0.24,0.09
969,-9.920000000000013e-06,0.24,0.11
970,-9.600000000000017e-06,0.24,0.09
971,-9.28000000000002e-06,0.24,0.09
972,-8.960000000000023e-06,0.2,0.09
973,-8.640000000000026e-06,0.24,0.09
974,-8.320000000000029e-06,0.24,0.09
975,-8.000000000000032e-06,0.24,0.09
976,-7.680000000000035e-06,0.24,0.11
977,-7.360000000000038e-06,0.2,0.09
978,-7.040000000000041e-06,0.2,0.09
979,-6.720000000000044e-06,0.2,0.09
980,-6.399999999999993e-06,0.24,0.09
981,-6.079999999999996e-06,0.24,0.09
982,-5.759999999999999e-06,0.24,0.09
983,-5.440000000000002e-06,0.24,0.09
984,-5.120000000000005e-06,0.24,0.09
985,-4.800000000000008e-06,0.24,0.09
986,-4.480000000000011e-06,0.24,0.09
987,-4.160000000000014e-06,0.24,0.09
988,-3.8400000000000174e-06,0.24,0.09
989,-3.5200000000000205e-06,0.24,0.09
990,-3.2000000000000236e-06,0.24,0.11
991,-2.8800000000000266e-06,0.24,0.09
992,-2.5600000000000297e-06,0.24,0.09
993,-2.2400000000000328e-06,0.24,0.09
994,-1.920000000000036e-06,0.24,0.09
995,-1.6000000000000389e-06,0.24,0.09
996,-1.280000000000042e-06,0.24,0.09
997,-9.60000000000045e-07,0.24,0.11
998,-6.399999999999939e-07,0.24,0.09
999,-3.1999999999999694e-07,0.24,0.11
1000,0.0,0.24,0.09
1001,3.1999999999999694e-07,0.24,0.09
1002,6.399999999999939e-07,0.24,0.11
1003,9.599999999999908e-07,0.24,0.09
1004,1.2799999999999877e-06,0.24,0.11
1005,1.5999999999999847e-06,0.24,0.09
1006,1.9199999999999816e-06,0.24,0.09
1007,2.2399999999999786e-06,0.24,0.11
1008,2.5599999999999755e-06,0.24,0.09
1009,2.8799999999999724e-06,0.24,0.09
1010,3.1999999999999694e-06,0.24,0.09
1011,3.5199999999999663e-06,0.24,0.11
1012,3.839999999999963e-06,0.24,0.09
1013,4.15999999999996e-06,0.24,0.09
1014,4.479999999999957e-06,0.24,0.09
1015,4.799999999999954e-06,0.24,0.09
1016,5.120000000000005e-06,0.24,0.11
1017,5.440000000000002e-06,0.24,0.11
1018,5.759999999999999e-06,0.24,0.09
1019,6.079999999999996e-06,0.24,0.09
1020,6.399999999999993e-06,0.24,0.09
1021,6.71999999999999e-06,0.24,0.09
1022,7.039999999999987e-06,0.24,0.09
1023,7.359999999999984e-06,0.24,0.09
1024,7.67999999999998e-06,0.24,0.09
1025,7.999999999999978e-06,0.24,0.11
1026,8.319999999999975e-06,0.24,0.09
1027,8.639999999999971e-06,0.24,0.11
1028,8.959999999999968e-06,0.24,0.09
1029,9.279999999999965e-06,0.24,0.09
1030,9.599999999999962e-06,0.24,0.09
1031,9.91999999999996e-06,0.24,0.09
1032,1.0239999999999956e-05,0.24,0.11
1033,1.0560000000000007e-05,0.24,0.09
1034,1.0880000000000004e-05,0.24,0.09
1035,1.1200000000000001e-05,0.28,0.09
1036,1.1519999999999998e-05,0.24,0.09
1037,1.1839999999999995e-05,0.2,0.09
1038,1.2159999999999992e-05,0.24,0.11
1039,1.2479999999999989e-05,0.24,0.11
1040,1.2799999999999986e-05,0.24,0.11
1041,1.3119999999999983e-05,0.24,0.11
1042,1.343999999999998e-05,0.24,0.09
1043,1.3759999999999977e-05,0.28,0.09
1044,1.4079999999999974e-05,0.24,0.11
1045,1.439999999999997e-05,0.24,0.11
1046,1.4719999999999967e-05,0.24,0.11
1047,1.5039999999999964e-05,0.24,0.11
1048,1.535999999999996e-05,0.24,0.11
1049,1.5679999999999958e-05,0.24,0.11
1050,1.5999999999999955e-05,0.24,0.09
1051,1.6320000000000006e-05,0.24,0.11
1052,1.6640000000000003e-05,0.28,0.11
1053,1.696e-05,0.24,0.11
1054,1.7279999999999997e-05,0.24,0.09
1055,1.7599999999999994e-05,0.28,0.11
1056,1.791999999999999e-05,0.24,0.11
1057,1.8239999999999988e-05,0.28,0.11
1058,1.8559999999999985e-05,0.24,0.09
1059,1.8879999999999982e-05,0.24,0.11
1060,1.919999999999998e-05,0.28,0.11
1061,1.9519999999999976e-05,0.24,0.11
1062,1.9839999999999973e-05,0.24,0.09
1063,2.015999999999997e-05,0.24,0.11
1064,2.0479999999999967e-05,0.28,0.09
1065,2.0799999999999963e-05,0.28,0.11
1066,2.111999999999996e-05,0.24,0.09
1067,2.1439999999999957e-05,0.24,0.11
1068,2.1759999999999954e-05,0.24,0.11
1069,2.2080000000000005e-05,0.28,0.11
1070,2.2400000000000002e-05,0.28,0.11
1071,2.272e-05,0.28,0.09
1072,2.3039999999999996e-05,0.24,0.11
1073,2.3359999999999993e-05,0.28,0.11
1074,2.367999999999999e-05,0.24,0.11
1075,2.3999999999999987e-05,0.24,0.11
1076,2.4319999999999984e-05,0.24,0.13
1077,2.463999999999998e-05,0.24,0.11
1078,2.4959999999999978e-05,0.24,0.11
1079,2.5279999999999975e-05,0.24,0.11
1080,2.5599999999999972e-05,0.24,0.11
1081,2.591999999999997e-05,0.28,0.11
1082,2.6239999999999966e-05,0.28,0.11
1083,2.6559999999999963e-05,0.24,0.13
1084,2.687999999999996e-05,0.28,0.11
1085,2.7199999999999956e-05,0.24,0.11
1086,2.7520000000000008e-05,0.28,0.11
1087,2.7840000000000005e-05,0.24,0.11
1088,2.816e-05,0.24,0.11
1089,2.848e-05,0.28,0.09
1090,2.8799999999999995e-05,0.28,0.11
1091,2.9119999999999992e-05,0.28,0.11
1092,2.943999999999999e-05,0.28,0.11
1093,2.9759999999999986e-05,0.28,0.11
1094,3.0079999999999983e-05,0.24,0.11
1095,3.039999999999998e-05,0.24,0.11
1096,3.071999999999998e-05,0.28,0.11
1097,3.1039999999999974e-05,0.28,0.13
1098,3.135999999999997e-05,0.28,0.11
1099,3.167999999999997e-05,0.28,0.11
1100,3.1999999999999965e-05,0.24,0.13
1101,3.231999999999996e-05,0.28,0.13
1102,3.263999999999996e-05,0.28,0.11
1103,3.2959999999999955e-05,0.28,0.11
1104,3.328000000000001e-05,0.24,0.11
1105,3.3600000000000004e-05,0.28,0.11
1106,3.392e-05,0.28,0.13
1107,3.424e-05,0.28,0.11
1108,3.4559999999999994e-05,0.28,0.11
1109,3.487999999999999e-05,0.24,0.13
1110,3.519999999999999e-05,0.28,0.11
1111,3.5519999999999985e-05,0.28,0.13
1112,3.583999999999998e-05,0.28,0.11
1113,3.615999999999998e-05,0.28,0.11
1114,3.6479999999999976e-05,0.24,0.11
1115,3.679999999999997e-05,0.28,0.13
1116,3.711999999999997e-05,0.28,0.13
1117,3.743999999999997e-05,0.28,0.11
1118,3.7759999999999964e-05,0.28,0.11
1119,3.807999999999996e-05,0.28,0.11
1120,3.839999999999996e-05,0.28,0.13
1121,3.8719999999999955e-05,0.28,0.13
1122,3.9040000000000006e-05,0.28,0.13
1123,3.936e-05,0.28,0.11
1124,3.968e-05,0.28,0.11
1125,3.9999999999999996e-05,0.28,0.11
1126,4.0319999999999993e-05,0.28,0.11
1127,4.063999999999999e-05,0.28,0.13
1128,4.095999999999999e-05,0.28,0.11
1129,4.1279999999999984e-05,0.28,0.13
1130,4.159999999999998e-05,0.28,0.11
1131,4.191999999999998e-05,0.28,0.13
1132,4.2239999999999975e-05,0.28,0.11
1133,4.255999999999997e-05,0.28,0.13
1134,4.287999999999997e-05,0.28,0.11
1135,4.3199999999999966e-05,0.28,0.11
1136,4.351999999999996e-05,0.28,0.11
1137,4.383999999999996e-05,0.28,0.11
1138,4.415999999999996e-05,0.28,0.11
1139,4.448000000000001e-05,0.28,0.11
1140,4.4800000000000005e-05,0.28,0.11
1141,4.512e-05,0.28,0.11
1142,4.544e-05,0.28,0.13
1143,4.5759999999999996e-05,0.28,0.11
1144,4.607999999999999e-05,0.28,0.13
1145,4.639999999999999e-05,0.28,0.11
1146,4.6719999999999986e-05,0.28,0.11
1147,4.703999999999998e-05,0.28,0.11
1148,4.735999999999998e-05,0.28,0.13
1149,4.767999999999998e-05,0.24,0.11
1150,4.7999999999999974e-05,0.28,0.11
1151,4.831999999999997e-05,0.28,0.13
1152,4.863999999999997e-05,0.28,0.13
1153,4.8959999999999965e-05,0.28,0.11
1154,4.927999999999996e-05,0.28,0.11
1155,4.959999999999996e-05,0.28,0.13
1156,4.9919999999999956e-05,0.28,0.13
1157,5.024000000000001e-05,0.28,0.13
1158,5.0560000000000004e-05,0.28,0.11
1159,5.088e-05,0.28,0.13
1160,5.12e-05,0.28,0.13
1161,5.1519999999999995e-05,0.28,0.13
1162,5.183999999999999e-05,0.28,0.13
1163,5.215999999999999e-05,0.28,0.11
1164,5.2479999999999985e-05,0.28,0.13
1165,5.279999999999998e-05,0.28,0.13
1166,5.311999999999998e-05,0.28,0.11
1167,5.3439999999999976e-05,0.28,0.13
1168,5.375999999999997e-05,0.32,0.11
1169,5.407999999999997e-05,0.28,0.11
1170,5.439999999999997e-05,0.28,0.11
1171,5.4719999999999964e-05,0.28,0.13
1172,5.503999999999996e-05,0.28,0.11
1173,5.535999999999996e-05,0.28,0.11
1174,5.5679999999999955e-05,0.32,0.13
1175,5.6000000000000006e-05,0.28,0.13
1176,5.632e-05,0.28,0.13
1177,5.664e-05,0.28,0.11
1178,5.696e-05,0.28,0.11
1179,5.7279999999999994e-05,0.28,0.13
1180,5.759999999999999e-05,0.28,0.11
1181,5.791999999999999e-05,0.28,0.11
1182,5.8239999999999984e-05,0.28,0.13
1183,5.855999999999998e-05,0.28,0.11
1184,5.887999999999998e-05,0.32,0.13
1185,5.9199999999999975e-05,0.28,0.13
1186,5.951999999999997e-05,0.28,0.13
1187,5.983999999999997e-05,0.28,0.13
1188,6.0159999999999966e-05,0.28,0.11
1189,6.047999999999996e-05,0.28,0.13
1190,6.079999999999996e-05,0.28,0.13
1191,6.111999999999996e-05,0.28,0.11
1192,6.144000000000001e-05,0.28,0.13
1193,6.176e-05,0.32,0.13
1194,6.208e-05,0.28,0.13
1195,6.24e-05,0.28,0.13
1196,6.272e-05,0.28,0.11
1197,6.303999999999999e-05,0.28,0.13
1198,6.335999999999999e-05,0.28,0.13
1199,6.367999999999999e-05,0.28,0.11
1200,6.399999999999998e-05,0.28,0.13
1201,6.431999999999998e-05,0.28,0.13
1202,6.463999999999998e-05,0.28,0.13
1203,6.495999999999997e-05,0.28,0.13
1204,6.527999999999997e-05,0.28,0.13
1205,6.559999999999997e-05,0.28,0.13
1206,6.591999999999997e-05,0.32,0.13
1207,6.623999999999996e-05,0.28,0.13
1208,6.655999999999996e-05,0.28,0.13
1209,6.687999999999996e-05,0.28,0.13
1210,6.720000000000001e-05,0.32,0.11
1211,6.752e-05,0.28,0.13
1212,6.784e-05,0.32,0.13
1213,6.816e-05,0.28,0.13
1214,6.848e-05,0.32,0.13
1215,6.879999999999999e-05,0.28,0.13
1216,6.911999999999999e-05,0.32,0.13
1217,6.943999999999999e-05,0.28,0.13
1218,6.975999999999998e-05,0.32,0.13
1219,7.007999999999998e-05,0.28,0.13
1220,7.039999999999998e-05,0.28,0.13
1221,7.071999999999997e-05,0.32,0.15
1222,7.103999999999997e-05,0.28,0.13
1223,7.135999999999997e-05,0.32,0.13
1224,7.167999999999996e-05,0.28,0.13
1225,7.199999999999996e-05,0.28,0.13
1226,7.231999999999996e-05,0.28,0.15
1227,7.263999999999996e-05,0.28,0.13
1228,7.296e-05,0.28,0.13
1229,7.328e-05,0.32,0.13
1230,7.36e-05,0.32,0.13
1231,7.392e-05,0.28,0.13
1232,7.424e-05,0.32,0.13
1233,7.455999999999999e-05,0.28,0.13
1234,7.487999999999999e-05,0.32,0.13
1235,7.519999999999998e-05,0.32,0.13
1236,7.551999999999998e-05,0.32,0.13
1237,7.583999999999998e-05,0.32,0.15
1238,7.615999999999998e-05,0.32,0.13
1239,7.647999999999997e-05,0.32,0.13
1240,7.679999999999997e-05,0.32,0.13
1241,7.711999999999997e-05,0.32,0.13
1242,7.743999999999996e-05,0.32,0.13
1243,7.775999999999996e-05,0.32,0.13
1244,7.807999999999996e-05,0.32,0.13
1245,7.840000000000001e-05,0.32,0.13
1246,7.872e-05,0.32,0.13
1247,7.904e-05,0.32,0.13
1248,7.936e-05,0.32,0.13
1249,7.968e-05,0.32,0.13
1250,7.999999999999999e-05,0.32,0.13
1251,8.031999999999999e-05,0.32,0.13
1252,8.063999999999999e-05,0.28,0.13
1253,8.095999999999998e-05,0.32,0.13
1254,8.127999999999998e-05,0.28,0.15
1255,8.159999999999998e-05,0.32,0.15
1256,8.191999999999997e-05,0.32,0.13
1257,8.223999999999997e-05,0.32,0.13
1258,8.255999999999997e-05,0.32,0.13
1259,8.287999999999997e-05,0.32,0.13
1260,8.319999999999996e-05,0.32,0.15
1261,8.351999999999996e-05,0.32,0.13
1262,8.383999999999996e-05,0.32,0.15
1263,8.416000000000001e-05,0.32,0.13
1264,8.448e-05,0.32,0.13
1265,8.48e-05,0.32,0.13
1266,8.512e-05,0.32,0.13
1267,8.544e-05,0.28,0.15
1268,8.575999999999999e-05,0.32,0.13
1269,8.607999999999999e-05,0.32,0.13
1270,8.639999999999999e-05,0.32,0.15
1271,8.671999999999998e-05,0.32,0.15
1272,8.703999999999998e-05,0.32,0.13
1273,8.735999999999998e-05,0.32,0.13
1274,8.767999999999997e-05,0.32,0.15
1275,8.799999999999997e-05,0.32,0.15
1276,8.831999999999997e-05,0.32,0.13
1277,8.863999999999996e-05,0.32,0.15
1278,8.895999999999996e-05,0.32,0.15
1279,8.927999999999996e-05,0.32,0.13
1280,8.959999999999996e-05,0.32,0.13
1281,8.992e-05,0.32,0.15
1282,9.024e-05,0.32,0.15
1283,9.056e-05,0.32,0.13
1284,9.088e-05,0.32,0.15
1285,9.12e-05,0.32,0.13
1286,9.151999999999999e-05,0.32,0.15
1287,9.183999999999999e-05,0.32,0.15
1288,9.215999999999998e-05,0.32,0.15
1289,9.247999999999998e-05,0.32,0.13
1290,9.279999999999998e-05,0.32,0.15
1291,9.311999999999998e-05,0.32,0.15
1292,9.343999999999997e-05,0.32,0.15
1293,9.375999999999997e-05,0.32,0.13
1294,9.407999999999997e-05,0.32,0.15
1295,9.439999999999996e-05,0.32,0.15
1296,9.471999999999996e-05,0.32,0.13
1297,9.503999999999996e-05,0.32,0.15
1298,9.536000000000001e-05,0.32,0.15
1299,9.568e-05,0.32,0.17
1300,9.6e-05,0.36,0.15
1301,9.632e-05,0.32,0.13
1302,9.664e-05,0.32,0.15
1303,9.696e-05,0.32,0.15
1304,9.727999999999999e-05,0.36,0.15
1305,9.759999999999999e-05,0.32,0.15
1306,9.791999999999998e-05,0.32,0.15
1307,9.823999999999998e-05,0.36,0.15
1308,9.855999999999998e-05,0.32,0.15
1309,9.887999999999997e-05,0.32,0.15
1310,9.919999999999997e-05,0.32,0.15
1311,9.951999999999997e-05,0.32,0.15
1312,9.983999999999997e-05,0.36,0.15
1313,0.00010015999999999996,0.32,0.15
1314,0.00010047999999999996,0.36,0.15
1315,0.00010079999999999996,0.32,0.15
1316,0.00010112000000000001,0.32,0.15
1317,0.00010144,0.36,0.15
1318,0.00010176,0.32,0.15
1319,0.00010208,0.32,0.15
1320,0.0001024,0.36,0.15
1321,0.00010271999999999999,0.32,0.15
1322,0.00010303999999999999,0.36,0.15
1323,0.00010335999999999999,0.32,0.15
1324,0.00010367999999999998,0.32,0.15
1325,0.00010399999999999998,0.32,0.15
1326,0.00010431999999999998,0.36,0.17
1327,0.00010463999999999997,0.32,0.15
1328,0.00010495999999999997,0.32,0.15
1329,0.00010527999999999997,0.32,0.15
1330,0.00010559999999999996,0.32,0.17
1331,0.00010591999999999996,0.32,0.15
1332,0.00010623999999999996,0.32,0.15
1333,0.00010656000000000001,0.36,0.15
1334,0.00010688,0.32,0.15
1335,0.0001072,0.32,0.15
1336,0.00010752,0.32,0.15
1337,0.00010784,0.32,0.15
1338,0.00010816,0.36,0.15
1339,0.00010847999999999999,0.32,0.15
1340,0.00010879999999999999,0.32,0.15
1341,0.00010911999999999999,0.32,0.15
1342,0.00010943999999999998,0.36,0.15
1343,0.00010975999999999998,0.32,0.15
1344,0.00011007999999999998,0.36,0.15
1345,0.00011039999999999997,0.32,0.15
1346,0.00011071999999999997,0.32,0.15
1347,0.00011103999999999997,0.32,0.15
1348,0.00011135999999999996,0.36,0.15
1349,0.00011167999999999996,0.32,0.17
1350,0.00011199999999999996,0.36,0.15
1351,0.00011232000000000001,0.36,0.15
1352,0.00011264,0.32,0.17
1353,0.00011296,0.32,0.15
1354,0.00011328,0.32,0.15
1355,0.0001136,0.32,0.15
1356,0.00011392,0.32,0.15
1357,0.00011423999999999999,0.36,0.17
1358,0.00011455999999999999,0.32,0.15
1359,0.00011487999999999998,0.36,0.15
1360,0.00011519999999999998,0.32,0.17
1361,0.00011551999999999998,0.32,0.15
1362,0.00011583999999999998,0.32,0.17
1363,0.00011615999999999997,0.36,0.17
1364,0.00011647999999999997,0.36,0.15
1365,0.00011679999999999997,0.36,0.15
1366,0.00011711999999999996,0.32,0.15
1367,0.00011743999999999996,0.36,0.15
1368,0.00011775999999999996,0.36,0.17
1369,0.00011808000000000001,0.32,0.15
1370,0.0001184,0.32,0.15
1371,0.00011872,0.36,0.15
1372,0.00011904,0.36,0.15
1373,0.00011936,0.32,0.15
1374,0.00011967999999999999,0.36,0.15
1375,0.00011999999999999999,0.36,0.15
1376,0.00012031999999999999,0.32,0.17
1377,0.00012063999999999998,0.32,0.15
1378,0.00012095999999999998,0.32,0.15
1379,0.00012127999999999998,0.32,0.17
1380,0.00012159999999999997,0.36,0.15
1381,0.00012191999999999997,0.36,0.15
1382,0.00012223999999999997,0.36,0.17
1383,0.00012255999999999996,0.36,0.15
1384,0.00012287999999999996,0.36,0.17
1385,0.00012319999999999996,0.36,0.15
1386,0.00012352,0.36,0.17
1387,0.00012384,0.36,0.15
1388,0.00012416,0.36,0.17
1389,0.00012448,0.36,0.15
1390,0.0001248,0.36,0.17
1391,0.00012512,0.36,0.15
1392,0.00012544,0.36,0.15
1393,0.00012576,0.36,0.15
1394,0.00012607999999999999,0.36,0.15
1395,0.00012639999999999998,0.36,0.17
1396,0.00012671999999999998,0.36,0.15
1397,0.00012703999999999998,0.36,0.15
1398,0.00012735999999999997,0.32,0.15
1399,0.00012767999999999997,0.36,0.15
1400,0.00012799999999999997,0.36,0.15
1401,0.00012831999999999996,0.36,0.17
1402,0.00012863999999999996,0.36,0.15
1403,0.00012895999999999996,0.36,0.15
1404,0.00012928,0.36,0.15
1405,0.0001296,0.36,0.15
1406,0.00012992,0.36,0.15
1407,0.00013024,0.32,0.15
1408,0.00013056,0.36,0.15
1409,0.00013088,0.36,0.15
1410,0.0001312,0.36,0.15
1411,0.00013152,0.36,0.15
1412,0.00013183999999999998,0.36,0.17
1413,0.00013215999999999998,0.36,0.15
1414,0.00013247999999999998,0.36,0.17
1415,0.00013279999999999998,0.36,0.15
1416,0.00013311999999999997,0.36,0.15
1417,0.00013343999999999997,0.36,0.17
1418,0.00013375999999999997,0.36,0.17
1419,0.00013407999999999996,0.36,0.17
1420,0.00013439999999999996,0.36,0.17
1421,0.00013471999999999996,0.36,0.17
1422,0.00013504,0.36,0.15
1423,0.00013536,0.36,0.17
1424,0.00013568,0.36,0.17
1425,0.000136,0.36,0.17
1426,0.00013632,0.36,0.17
1427,0.00013664,0.36,0.17
1428,0.00013696,0.36,0.17
1429,0.00013728,0.36,0.17
1430,0.00013759999999999998,0.4,0.17
1431,0.00013791999999999998,0.36,0.17
1432,0.00013823999999999998,0.36,0.17
1433,0.00013855999999999997,0.36,0.15
1434,0.00013887999999999997,0.36,0.15
1435,0.00013919999999999997,0.36,0.17
1436,0.00013951999999999997,0.36,0.17
1437,0.00013983999999999996,0.36,0.17
1438,0.00014015999999999996,0.4,0.17
1439,0.00014048,0.36,0.15
1440,0.0001408,0.36,0.17
1441,0.00014112,0.36,0.17
1442,0.00014144,0.36,0.17
1443,0.00014176,0.36,0.17
1444,0.00014208,0.4,0.17
1445,0.0001424,0.36,0.17
1446,0.00014272,0.36,0.17
1447,0.00014303999999999999,0.4,0.17
1448,0.00014335999999999998,0.36,0.17
1449,0.00014367999999999998,0.4,0.19
1450,0.00014399999999999998,0.36,0.17
1451,0.00014431999999999997,0.4,0.17
1452,0.00014463999999999997,0.4,0.17
1453,0.00014495999999999997,0.4,0.17
1454,0.00014527999999999996,0.36,0.17
1455,0.00014559999999999996,0.4,0.17
1456,0.00014591999999999996,0.36,0.17
1457,0.00014624,0.4,0.17
1458,0.00014656,0.4,0.17
1459,0.00014688,0.36,0.17
1460,0.0001472,0.4,0.17
1461,0.00014752,0.4,0.17
1462,0.00014784,0.36,0.17
1463,0.00014816,0.36,0.17
1464,0.00014848,0.4,0.17
1465,0.00014879999999999998,0.4,0.17
1466,0.00014911999999999998,0.4,0.17
1467,0.00014943999999999998,0.36,0.17
1468,0.00014975999999999998,0.36,0.17
1469,0.00015007999999999997,0.4,0.17
1470,0.00015039999999999997,0.4,0.17
1471,0.00015071999999999997,0.36,0.17
1472,0.00015103999999999996,0.36,0.17
1473,0.00015135999999999996,0.4,0.17
1474,0.00015167999999999996,0.4,0.17
1475,0.000152,0.4,0.17
1476,0.00015232,0.4,0.17
1477,0.00015264,0.4,0.17
1478,0.00015296,0.4,0.17
1479,0.00015328,0.36,0.17
1480,0.0001536,0.4,0.17
1481,0.00015392,0.4,0.17
1482,0.00015424,0.4,0.17
1483,0.00015455999999999998,0.4,0.19
1484,0.00015487999999999998,0.4,0.17
1485,0.00015519999999999998,0.4,0.17
1486,0.00015551999999999997,0.4,0.17
1487,0.00015583999999999997,0.36,0.17
1488,0.00015615999999999997,0.36,0.17
1489,0.00015647999999999997,0.4,0.17
1490,0.00015679999999999996,0.4,0.17
1491,0.00015711999999999996,0.36,0.17
1492,0.00015744,0.36,0.17
1493,0.00015776,0.4,0.17
1494,0.00015808,0.36,0.17
1495,0.0001584,0.36,0.17
1496,0.00015872,0.4,0.17
1497,0.00015904,0.36,0.19
1498,0.00015936,0.4,0.17
1499,0.00015968,0.4,0.17
1500,0.00015999999999999999,0.4,0.19
1501,0.00016031999999999998,0.4,0.17
1502,0.00016063999999999998,0.36,0.17
1503,0.00016095999999999998,0.4,0.17
1504,0.00016127999999999997,0.4,0.17
1505,0.00016159999999999997,0.4,0.17
1506,0.00016191999999999997,0.4,0.17
1507,0.00016223999999999996,0.4,0.17
1508,0.00016255999999999996,0.4,0.17
1509,0.00016287999999999996,0.4,0.19
1510,0.0001632,0.4,0.17
1511,0.00016352,0.4,0.19
1512,0.00016384,0.4,0.17
1513,0.00016416,0.4,0.17
1514,0.00016448,0.4,0.19
1515,0.0001648,0.4,0.19
1516,0.00016512,0.4,0.17
1517,0.00016544,0.4,0.17
1518,0.00016575999999999999,0.4,0.17
1519,0.00016607999999999998,0.4,0.17
1520,0.00016639999999999998,0.4,0.17
1521,0.00016671999999999998,0.4,0.17
1522,0.00016703999999999997,0.4,0.17
1523,0.00016735999999999997,0.4,0.19
1524,0.00016767999999999997,0.4,0.17
1525,0.00016799999999999996,0.44,0.19
1526,0.00016831999999999996,0.4,0.17
1527,0.00016864,0.4,0.19
1528,0.00016895999999999995,0.4,0.19
1529,0.00016928,0.4,0.19
1530,0.00016959999999999995,0.4,0.17
1531,0.00016992,0.4,0.17
1532,0.00017023999999999994,0.4,0.19
1533,0.00017056,0.4,0.17
1534,0.00017087999999999994,0.4,0.17
1535,0.0001712,0.4,0.19
1536,0.00017152000000000004,0.4,0.17
1537,0.00017183999999999998,0.4,0.17
1538,0.00017216000000000003,0.4,0.19
1539,0.00017247999999999997,0.4,0.19
1540,0.00017280000000000003,0.4,0.17
1541,0.00017311999999999997,0.4,0.19
1542,0.00017344000000000002,0.4,0.19
1543,0.00017375999999999996,0.4,0.19
1544,0.00017408000000000001,0.4,0.19
1545,0.00017439999999999996,0.4,0.17
1546,0.00017472,0.4,0.19
1547,0.00017503999999999995,0.4,0.19
1548,0.00017536,0.4,0.19
1549,0.00017567999999999994,0.4,0.19
1550,0.000176,0.4,0.17
1551,0.00017631999999999994,0.4,0.17
1552,0.00017664,0.4,0.19
1553,0.00017695999999999993,0.4,0.19
1554,0.00017727999999999998,0.4,0.17
1555,0.00017760000000000003,0.4,0.17
1556,0.00017791999999999998,0.4,0.19
1557,0.00017824000000000003,0.4,0.19
1558,0.00017855999999999997,0.4,0.19
1559,0.00017888000000000002,0.4,0.19
1560,0.00017919999999999996,0.4,0.19
1561,0.00017952000000000002,0.4,0.19
1562,0.00017983999999999996,0.4,0.19
1563,0.00018016,0.4,0.17
1564,0.00018047999999999995,0.4,0.19
1565,0.0001808,0.44,0.19
1566,0.00018111999999999995,0.4,0.19
1567,0.00018144,0.4,0.19
1568,0.00018175999999999994,0.4,0.19
1569,0.00018208,0.4,0.19
1570,0.00018239999999999993,0.44,0.19
1571,0.00018271999999999999,0.4,0.19
1572,0.00018304000000000004,0.4,0.19
1573,0.00018335999999999998,0.4,0.19
1574,0.00018368000000000003,0.4,0.19
1575,0.00018399999999999997,0.44,0.19
1576,0.00018432000000000002,0.4,0.19
1577,0.00018463999999999997,0.4,0.19
1578,0.00018496000000000002,0.4,0.19
1579,0.00018527999999999996,0.4,0.19
1580,0.0001856,0.4,0.19
1581,0.00018591999999999995,0.4,0.19
1582,0.00018624,0.4,0.19
1583,0.00018655999999999995,0.4,0.19
1584,0.00018688,0.4,0.19
1585,0.00018719999999999994,0.4,0.19
1586,0.00018752,0.44,0.19
1587,0.00018783999999999994,0.4,0.19
1588,0.00018816,0.4,0.19
1589,0.00018848000000000004,0.4,0.19
1590,0.00018879999999999998,0.4,0.19
1591,0.00018912000000000003,0.4,0.19
1592,0.00018943999999999998,0.44,0.19
1593,0.00018976000000000003,0.4,0.19
1594,0.00019007999999999997,0.4,0.19
1595,0.00019040000000000002,0.44,0.21
1596,0.00019071999999999996,0.4,0.19
1597,0.00019104000000000001,0.4,0.19
1598,0.00019135999999999996,0.4,0.21
1599,0.00019168,0.4,0.19
1600,0.00019199999999999995,0.4,0.19
1601,0.00019232,0.44,0.19
1602,0.00019263999999999994,0.4,0.19
1603,0.00019296,0.44,0.21
1604,0.00019327999999999994,0.44,0.19
1605,0.0001936,0.44,0.21
1606,0.00019391999999999993,0.44,0.21
1607,0.00019423999999999998,0.4,0.19
1608,0.00019456000000000003,0.44,0.19
1609,0.00019487999999999998,0.4,0.19
1610,0.00019520000000000003,0.4,0.19
1611,0.00019551999999999997,0.44,0.19
1612,0.00019584000000000002,0.44,0.21
1613,0.00019615999999999997,0.44,0.19
1614,0.00019648000000000002,0.4,0.19
1615,0.00019679999999999996,0.4,0.19
1616,0.00019712,0.44,0.19
1617,0.00019743999999999995,0.44,0.19
1618,0.00019776,0.44,0.19
1619,0.00019807999999999995,0.44,0.19
1620,0.0001984,0.44,0.21
1621,0.00019871999999999994,0.44,0.19
1622,0.00019904,0.4,0.19
1623,0.00019935999999999993,0.44,0.19
1624,0.00019967999999999999,0.44,0.19
1625,0.00020000000000000004,0.44,0.19
1626,0.00020031999999999998,0.44,0.19
1627,0.00020064000000000003,0.44,0.19
1628,0.00020095999999999997,0.44,0.19
1629,0.00020128000000000002,0.4,0.19
1630,0.00020159999999999997,0.44,0.19
1631,0.00020192000000000002,0.44,0.19
1632,0.00020223999999999996,0.44,0.19
1633,0.00020256,0.4,0.21
1634,0.00020287999999999995,0.4,0.19
1635,0.0002032,0.44,0.19
1636,0.00020351999999999995,0.44,0.21
1637,0.00020384,0.44,0.19
1638,0.00020415999999999994,0.44,0.19
1639,0.00020448,0.44,0.19
1640,0.00020479999999999994,0.44,0.19
1641,0.00020512,0.44,0.19
1642,0.00020544000000000004,0.44,0.19
1643,0.00020575999999999998,0.44,0.21
1644,0.00020608000000000003,0.44,0.19
1645,0.00020639999999999998,0.44,0.19
1646,0.00020672000000000003,0.44,0.21
1647,0.00020703999999999997,0.44,0.19
1648,0.00020736000000000002,0.44,0.21
1649,0.00020767999999999996,0.44,0.19
1650,0.00020800000000000001,0.44,0.19
1651,0.00020831999999999996,0.44,0.19
1652,0.00020864,0.44,0.19
1653,0.00020895999999999995,0.44,0.21
1654,0.00020928,0.44,0.21
1655,0.00020959999999999994,0.44,0.19
1656,0.00020992,0.44,0.19
1657,0.00021023999999999994,0.44,0.19
1658,0.00021056,0.44,0.21
1659,0.00021087999999999993,0.44,0.19
1660,0.00021119999999999998,0.44,0.21
1661,0.00021152000000000003,0.44,0.19
1662,0.00021183999999999998,0.4,0.19
1663,0.00021216000000000003,0.44,0.21
1664,0.00021247999999999997,0.44,0.19
1665,0.00021280000000000002,0.44,0.19
1666,0.00021311999999999997,0.44,0.19
1667,0.00021344000000000002,0.4,0.19
1668,0.00021375999999999996,0.4,0.19
1669,0.00021408,0.44,0.21
1670,0.00021439999999999995,0.44,0.19
1671,0.00021472,0.44,0.19
1672,0.00021503999999999995,0.44,0.21
1673,0.00021536,0.44,0.19
1674,0.00021567999999999994,0.44,0.21
1675,0.000216,0.44,0.19
1676,0.00021631999999999993,0.44,0.19
1677,0.00021663999999999999,0.44,0.21
1678,0.00021696000000000004,0.44,0.19
1679,0.00021727999999999998,0.44,0.19
1680,0.00021760000000000003,0.44,0.21
1681,0.00021791999999999997,0.44,0.19
1682,0.00021824000000000002,0.44,0.21
1683,0.00021855999999999997,0.44,0.19
1684,0.00021888000000000002,0.44,0.19
1685,0.00021919999999999996,0.44,0.19
1686,0.00021952,0.44,0.19
1687,0.00021983999999999996,0.44,0.19
1688,0.00022016,0.44,0.19
1689,0.00022047999999999995,0.44,0.21
1690,0.0002208,0.44,0.19
1691,0.00022111999999999994,0.44,0.21
1692,0.00022144,0.44,0.19
1693,0.00022175999999999994,0.48,0.21
1694,0.00022208,0.44,0.21
1695,0.00022240000000000004,0.44,0.21
1696,0.00022271999999999998,0.44,0.21
1697,0.00022304000000000003,0.44,0.21
1698,0.00022335999999999998,0.44,0.19
1699,0.00022368000000000003,0.44,0.19
1700,0.00022399999999999997,0.44,0.21
1701,0.00022432000000000002,0.44,0.19
1702,0.00022463999999999996,0.44,0.21
1703,0.00022496000000000001,0.44,0.21
1704,0.00022527999999999996,0.44,0.21
1705,0.0002256,0.44,0.19
1706,0.00022591999999999995,0.44,0.21
1707,0.00022624,0.44,0.21
1708,0.00022655999999999995,0.44,0.21
1709,0.00022688,0.44,0.21
1710,0.00022719999999999994,0.44,0.21
1711,0.00022752,0.44,0.21
1712,0.00022783999999999993,0.44,0.21
1713,0.00022815999999999998,0.44,0.19
1714,0.00022848000000000004,0.44,0.21
1715,0.00022879999999999998,0.44,0.21
1716,0.00022912000000000003,0.44,0.21
1717,0.00022943999999999997,0.44,0.21
1718,0.00022976000000000002,0.48,0.21
1719,0.00023007999999999997,0.48,0.21
1720,0.00023040000000000002,0.48,0.21
1721,0.00023071999999999996,0.44,0.21
1722,0.00023104,0.44,0.21
1723,0.00023135999999999995,0.44,0.23
1724,0.00023168,0.48,0.21
1725,0.00023199999999999995,0.44,0.21
1726,0.00023232,0.44,0.21
1727,0.00023263999999999994,0.44,0.21
1728,0.00023296,0.48,0.21
1729,0.00023327999999999993,0.44,0.21
1730,0.00023359999999999999,0.44,0.21
1731,0.00023392000000000004,0.44,0.21
1732,0.00023423999999999998,0.44,0.21
1733,0.00023456000000000003,0.44,0.21
1734,0.00023487999999999997,0.44,0.21
1735,0.00023520000000000002,0.48,0.21
1736,0.00023551999999999997,0.48,0.21
1737,0.00023584000000000002,0.44,0.21
1738,0.00023615999999999996,0.44,0.21
1739,0.00023648,0.44,0.21
1740,0.00023679999999999996,0.44,0.19
1741,0.00023712,0.44,0.21
1742,0.00023743999999999995,0.44,0.21
1743,0.00023776,0.44,0.21
1744,0.00023807999999999994,0.44,0.23
1745,0.0002384,0.44,0.21
1746,0.00023871999999999994,0.44,0.21
1747,0.00023904,0.44,0.21
1748,0.00023936000000000004,0.44,0.21
1749,0.00023967999999999998,0.44,0.21
1750,0.00024000000000000003,0.48,0.21
1751,0.00024031999999999998,0.48,0.21
1752,0.00024064000000000003,0.44,0.23
1753,0.00024095999999999997,0.48,0.23
1754,0.00024128000000000002,0.48,0.21
1755,0.00024159999999999996,0.44,0.23
1756,0.00024192000000000001,0.48,0.21
1757,0.00024223999999999996,0.44,0.21
1758,0.00024256,0.48,0.21
1759,0.00024287999999999995,0.44,0.21
1760,0.0002432,0.48,0.21
1761,0.00024351999999999995,0.48,0.23
1762,0.00024384,0.48,0.21
1763,0.00024415999999999994,0.48,0.21
1764,0.00024448,0.44,0.21
1765,0.00024479999999999993,0.48,0.21
1766,0.00024512,0.48,0.21
1767,0.00024544000000000004,0.48,0.21
1768,0.00024576,0.48,0.21
1769,0.00024608000000000003,0.48,0.21
1770,0.00024639999999999997,0.48,0.21
1771,0.00024672,0.48,0.21
1772,0.00024703999999999997,0.48,0.21
1773,0.00024736,0.48,0.21
1774,0.00024767999999999996,0.48,0.21
1775,0.000248,0.48,0.23
1776,0.00024831999999999995,0.48,0.21
1777,0.00024864,0.48,0.21
1778,0.00024895999999999995,0.48,0.21
1779,0.00024928,0.48,0.21
1780,0.00024959999999999994,0.44,0.21
1781,0.00024992,0.48,0.21
1782,0.00025023999999999994,0.44,0.21
1783,0.00025056,0.44,0.23
1784,0.00025088000000000004,0.48,0.21
1785,0.0002512,0.48,0.21
1786,0.00025152000000000003,0.48,0.23
1787,0.00025184,0.48,0.21
1788,0.00025216,0.48,0.21
1789,0.00025247999999999997,0.48,0.21
1790,0.0002528,0.48,0.21
1791,0.00025311999999999996,0.48,0.21
1792,0.00025344,0.48,0.21
1793,0.00025375999999999996,0.48,0.21
1794,0.00025408,0.48,0.21
1795,0.00025439999999999995,0.48,0.23
1796,0.00025472,0.52,0.21
1797,0.00025503999999999994,0.48,0.23
1798,0.00025536,0.44,0.21
1799,0.00025567999999999994,0.48,0.21
1800,0.000256,0.44,0.23
1801,0.00025632000000000004,0.48,0.23
1802,0.00025664,0.48,0.21
1803,0.00025696000000000003,0.48,0.21
1804,0.00025728,0.48,0.21
1805,0.00025760000000000003,0.48,0.21
1806,0.00025791999999999997,0.48,0.21
1807,0.00025824,0.48,0.21
1808,0.00025855999999999996,0.48,0.23
1809,0.00025888,0.48,0.23
1810,0.00025919999999999996,0.48,0.23
1811,0.00025952,0.48,0.21
1812,0.00025983999999999995,0.48,0.21
1813,0.00026016,0.48,0.23
1814,0.00026047999999999995,0.48,0.21
1815,0.0002608,0.48,0.21
1816,0.00026111999999999994,0.48,0.23
1817,0.00026144,0.48,0.23
1818,0.00026175999999999993,0.48,0.21
1819,0.00026208,0.48,0.23
1820,0.00026240000000000004,0.48,0.21
1821,0.00026272,0.48,0.23
1822,0.00026304000000000003,0.48,0.23
1823,0.00026335999999999997,0.48,0.23
1824,0.00026368,0.48,0.23
1825,0.00026399999999999997,0.48,0.21
1826,0.00026432,0.48,0.21
1827,0.00026463999999999996,0.48,0.23
1828,0.00026496,0.48,0.21
1829,0.00026527999999999995,0.52,0.23
1830,0.0002656,0.48,0.23
1831,0.00026591999999999995,0.48,0.21
1832,0.00026624,0.48,0.23
1833,0.00026655999999999994,0.48,0.23
1834,0.00026688,0.48,0.23
1835,0.00026719999999999994,0.48,0.23
1836,0.00026752,0.48,0.23
1837,0.00026784000000000004,0.48,0.23
1838,0.00026816,0.48,0.23
1839,0.00026848000000000003,0.48,0.23
1840,0.0002688,0.48,0.23
1841,0.00026912,0.52,0.23
1842,0.00026943999999999997,0.48,0.23
1843,0.00026976,0.48,0.23
1844,0.00027007999999999996,0.52,0.23
1845,0.0002704,0.48,0.23
1846,0.00027071999999999996,0.52,0.23
1847,0.00027104,0.48,0.23
1848,0.00027135999999999995,0.48,0.23
1849,0.00027168,0.48,0.23
1850,0.00027199999999999994,0.48,0.23
1851,0.00027232,0.52,0.23
1852,0.00027263999999999994,0.52,0.23
1853,0.00027296,0.48,0.23
1854,0.00027328000000000004,0.48,0.23
1855,0.0002736,0.48,0.23
1856,0.00027392000000000003,0.52,0.23
1857,0.00027424,0.48,0.25
1858,0.00027456000000000003,0.48,0.23
1859,0.00027487999999999997,0.48,0.23
1860,0.0002752,0.48,0.23
1861,0.00027551999999999996,0.48,0.23
1862,0.00027584,0.48,0.23
1863,0.00027615999999999996,0.52,0.23
1864,0.00027648,0.48,0.25
1865,0.00027679999999999995,0.48,0.23
1866,0.00027712,0.48,0.23
1867,0.00027743999999999995,0.48,0.23
1868,0.00027776,0.48,0.23
1869,0.00027807999999999994,0.52,0.23
1870,0.0002784,0.52,0.23
1871,0.00027871999999999993,0.48,0.23
1872,0.00027904,0.48,0.23
1873,0.00027936000000000004,0.52,0.23
1874,0.00027968,0.52,0.23
1875,0.00028000000000000003,0.48,0.23
1876,0.00028031999999999997,0.48,0.23
1877,0.00028064,0.48,0.23
1878,0.00028095999999999997,0.48,0.23
1879,0.00028128,0.52,0.23
1880,0.00028159999999999996,0.48,0.23
1881,0.00028192,0.48,0.23
1882,0.00028223999999999995,0.52,0.23
1883,0.00028256,0.48,0.23
1884,0.00028287999999999995,0.52,0.23
1885,0.0002832,0.52,0.23
1886,0.00028351999999999994,0.52,0.23
1887,0.00028384,0.52,0.23
1888,0.00028415999999999994,0.52,0.23
1889,0.00028448,0.48,0.23
1890,0.00028480000000000004,0.52,0.25
1891,0.00028512,0.48,0.23
1892,0.00028544000000000003,0.52,0.25
1893,0.00028576,0.52,0.23
1894,0.00028608,0.52,0.23
1895,0.00028639999999999997,0.52,0.25
1896,0.00028672,0.52,0.23
1897,0.00028703999999999996,0.52,0.25
1898,0.00028736,0.52,0.23
1899,0.00028767999999999996,0.52,0.23
1900,0.000288,0.52,0.25
1901,0.00028831999999999995,0.52,0.23
1902,0.00028864,0.52,0.23
1903,0.00028895999999999994,0.52,0.23
1904,0.00028928,0.52,0.23
1905,0.00028959999999999994,0.52,0.23
1906,0.00028992,0.52,0.23
1907,0.00029024000000000004,0.52,0.23
1908,0.00029056,0.52,0.23
1909,0.00029088000000000003,0.52,0.23
1910,0.0002912,0.52,0.23
1911,0.00029152000000000003,0.52,0.23
1912,0.00029183999999999997,0.52,0.25
1913,0.00029216,0.48,0.23
1914,0.00029247999999999996,0.52,0.23
1915,0.0002928,0.52,0.23
1916,0.00029311999999999996,0.52,0.25
1917,0.00029344,0.52,0.23
1918,0.00029375999999999995,0.52,0.23
1919,0.00029408,0.52,0.23
1920,0.00029439999999999995,0.52,0.25
1921,0.00029472,0.52,0.23
1922,0.00029503999999999994,0.52,0.23
1923,0.00029536,0.52,0.23
1924,0.00029567999999999993,0.52,0.23
1925,0.000296,0.52,0.25
1926,0.00029632000000000004,0.52,0.23
1927,0.00029664,0.56,0.23
1928,0.00029696000000000003,0.52,0.23
1929,0.00029727999999999997,0.52,0.23
1930,0.0002976,0.52,0.25
1931,0.00029791999999999997,0.52,0.23
1932,0.00029824,0.52,0.23
1933,0.00029855999999999996,0.52,0.25
1934,0.00029888,0.52,0.23
1935,0.00029919999999999995,0.52,0.25
1936,0.00029952,0.56,0.25
1937,0.00029983999999999995,0.52,0.25
1938,0.00030016,0.52,0.25
1939,0.00030047999999999994,0.52,0.23
1940,0.0003008,0.56,0.23
1941,0.00030111999999999994,0.52,0.23
1942,0.00030144,0.52,0.23
1943,0.00030176000000000004,0.52,0.25
1944,0.00030208,0.56,0.25
1945,0.00030240000000000003,0.52,0.25
1946,0.00030272,0.52,0.25
1947,0.00030304,0.52,0.23
1948,0.00030335999999999997,0.52,0.25
1949,0.00030368,0.52,0.23
1950,0.00030399999999999996,0.52,0.23
1951,0.00030432,0.52,0.25
1952,0.00030463999999999996,0.52,0.23
1953,0.00030496,0.52,0.25
1954,0.00030527999999999995,0.56,0.25
1955,0.0003056,0.52,0.25
1956,0.00030591999999999994,0.52,0.25
1957,0.00030624,0.52,0.25
1958,0.00030655999999999994,0.56,0.25
1959,0.00030688,0.52,0.25
1960,0.00030720000000000004,0.52,0.25
1961,0.00030752,0.52,0.25
1962,0.00030784000000000003,0.52,0.25
1963,0.00030816,0.52,0.23
1964,0.00030848000000000003,0.56,0.25
1965,0.00030879999999999997,0.56,0.25
1966,0.00030912,0.56,0.25
1967,0.00030943999999999996,0.52,0.25
1968,0.00030976,0.52,0.25
1969,0.00031007999999999996,0.52,0.25
1970,0.0003104,0.52,0.25
1971,0.00031071999999999995,0.56,0.25
1972,0.00031104,0.56,0.23
1973,0.00031135999999999995,0.52,0.25
1974,0.00031168,0.52,0.25
1975,0.00031199999999999994,0.56,0.25
1976,0.00031232,0.56,0.25
1977,0.00031263999999999993,0.52,0.25
1978,0.00031296,0.52,0.25
1979,0.00031328000000000004,0.56,0.25
1980,0.0003136,0.52,0.25
1981,0.00031392000000000003,0.52,0.25
1982,0.00031424,0.56,0.25
1983,0.00031456,0.52,0.25
1984,0.00031487999999999997,0.52,0.25
1985,0.0003152,0.56,0.25
1986,0.00031551999999999996,0.52,0.25
1987,0.00031584,0.52,0.25
1988,0.00031615999999999995,0.52,0.25
1989,0.00031648,0.52,0.25
1990,0.00031679999999999995,0.52,0.25
1991,0.00031712,0.56,0.25
1992,0.00031743999999999994,0.56,0.25
1993,0.00031776,0.52,0.25
1994,0.00031807999999999994,0.52,0.25
1995,0.0003184,0.56,0.25
1996,0.00031872000000000004,0.56,0.25
1997,0.00031904,0.52,0.25
1998,0.00031936000000000003,0.52,0.25
1999,0.00031968,0.56,0.25
