,time,v1,v2
0,-0.0008,2.56,1.19
1,-0.0007992,2.56,1.21
2,-0.0007984,2.56,1.19
3,-0.0007976000000000001,2.56,1.19
4,-0.0007968000000000001,2.6,1.21
5,-0.000796,2.6,1.21
6,-0.0007952,2.6,1.21
7,-0.0007944,2.6,1.21
8,-0.0007936,2.6,1.21
9,-0.0007928000000000001,2.64,1.21
10,-0.0007920000000000001,2.64,1.23
11,-0.0007912,2.64,1.23
12,-0.0007904,2.64,1.25
13,-0.0007896,2.68,1.23
14,-0.0007888000000000001,2.64,1.23
15,-0.0007880000000000001,2.68,1.25
16,-0.0007872,2.68,1.25
17,-0.0007864,2.68,1.25
18,-0.0007856,2.68,1.25
19,-0.0007848,2.68,1.25
20,-0.0007840000000000001,2.68,1.25
21,-0.0007832000000000001,2.72,1.27
22,-0.0007824,2.7600000000000002,1.27
23,-0.0007816,2.72,1.27
24,-0.0007808,2.7600000000000002,1.27
25,-0.0007800000000000001,2.7600000000000002,1.27
26,-0.0007792000000000001,2.7600000000000002,1.29
27,-0.0007784000000000001,2.8000000000000003,1.29
28,-0.0007776,2.8000000000000003,1.29
29,-0.0007768,2.8000000000000003,1.29
30,-0.000776,2.8000000000000003,1.29
31,-0.0007752000000000001,2.8000000000000003,1.31
32,-0.0007744000000000001,2.8000000000000003,1.29
33,-0.0007736,2.8000000000000003,1.31
34,-0.0007728,2.8000000000000003,1.31
35,-0.000772,2.84,1.33
36,-0.0007712,2.84,1.33
37,-0.0007704000000000001,2.84,1.35
38,-0.0007696000000000001,2.84,1.33
39,-0.0007688,2.88,1.33
40,-0.000768,2.84,1.33
41,-0.0007672,2.88,1.33
42,-0.0007664000000000001,2.88,1.35
43,-0.0007656000000000001,2.88,1.35
44,-0.0007648,2.92,1.35
45,-0.000764,2.92,1.37
46,-0.0007632,2.92,1.37
47,-0.0007624,2.92,1.35
48,-0.0007616000000000001,2.92,1.35
49,-0.0007608000000000001,2.92,1.37
50,-0.00076,2.96,1.3900000000000001
51,-0.0007592,2.96,1.3900000000000001
52,-0.0007584,2.96,1.37
53,-0.0007576,2.96,1.37
54,-0.0007568000000000001,2.96,1.3900000000000001
55,-0.000756,2.96,1.3900000000000001
56,-0.0007552,3.0,1.41
57,-0.0007544,3.0,1.3900000000000001
58,-0.0007536,3.0,1.3900000000000001
59,-0.0007528000000000001,3.0,1.41
60,-0.0007520000000000001,3.0,1.41
61,-0.0007512,3.04,1.43
62,-0.0007504,3.04,1.43
63,-0.0007496,3.04,1.41
64,-0.0007488,3.08,1.41
65,-0.0007480000000000001,3.08,1.41
66,-0.0007472000000000001,3.04,1.43
67,-0.0007464,3.08,1.43
68,-0.0007456,3.08,1.43
69,-0.0007448,3.08,1.45
70,-0.0007440000000000001,3.08,1.45
71,-0.0007432000000000001,3.12,1.45
72,-0.0007424,3.12,1.45
73,-0.0007416,3.12,1.45
74,-0.0007408,3.12,1.45
75,-0.00074,3.12,1.47
76,-0.0007392000000000001,3.16,1.47
77,-0.0007384000000000001,3.16,1.47
78,-0.0007376,3.16,1.47
79,-0.0007368,3.16,1.47
80,-0.000736,3.2,1.47
81,-0.0007352000000000001,3.2,1.49
82,-0.0007344000000000001,3.2,1.49
83,-0.0007336,3.2,1.51
84,-0.0007328,3.2,1.49
85,-0.000732,3.2,1.49
86,-0.0007312,3.24,1.49
87,-0.0007304000000000001,3.24,1.51
88,-0.0007296000000000001,3.2,1.51
89,-0.0007288,3.24,1.51
90,-0.000728,3.24,1.51
91,-0.0007272,3.24,1.51
92,-0.0007264000000000001,3.24,1.53
93,-0.0007256000000000001,3.24,1.53
94,-0.0007248,3.2800000000000002,1.53
95,-0.000724,3.2800000000000002,1.53
96,-0.0007232,3.3200000000000003,1.53
97,-0.0007224,3.3200000000000003,1.53
98,-0.0007216000000000001,3.2800000000000002,1.55
99,-0.0007208000000000001,3.3200000000000003,1.55
100,-0.00072,3.3200000000000003,1.55
101,-0.0007192,3.3200000000000003,1.55
102,-0.0007184,3.3200000000000003,1.57
103,-0.0007176000000000001,3.36,1.55
104,-0.0007168000000000001,3.36,1.57
105,-0.0007160000000000001,3.36,1.57
106,-0.0007152,3.36,1.57
107,-0.0007144,3.4,1.59
108,-0.0007136,3.36,1.59
109,-0.0007128000000000001,3.36,1.59
110,-0.0007120000000000001,3.4,1.61
111,-0.0007112,3.4,1.59
112,-0.0007104,3.4,1.59
113,-0.0007096,3.44,1.59
114,-0.0007088000000000001,3.44,1.59
115,-0.0007080000000000001,3.44,1.61
116,-0.0007072000000000001,3.44,1.61
117,-0.0007064,3.44,1.6300000000000001
118,-0.0007056,3.44,1.61
119,-0.0007048,3.44,1.6300000000000001
120,-0.000704,3.48,1.6300000000000001
121,-0.0007032000000000001,3.48,1.6300000000000001
122,-0.0007024,3.48,1.6300000000000001
123,-0.0007016,3.48,1.6300000000000001
124,-0.0007008,3.52,1.6500000000000001
125,-0.0007000000000000001,3.52,1.6300000000000001
126,-0.0006992000000000001,3.56,1.6500000000000001
127,-0.0006984000000000001,3.56,1.6500000000000001
128,-0.0006976,3.52,1.6500000000000001
129,-0.0006968,3.52,1.6500000000000001
130,-0.000696,3.52,1.6500000000000001
131,-0.0006952,3.56,1.67
132,-0.0006944000000000001,3.56,1.67
133,-0.0006936,3.56,1.67
134,-0.0006928,3.56,1.67
135,-0.000692,3.6,1.69
136,-0.0006912000000000001,3.6,1.69
137,-0.0006904000000000001,3.6,1.69
138,-0.0006896000000000001,3.64,1.69
139,-0.0006888,3.6,1.69
140,-0.000688,3.64,1.71
141,-0.0006872,3.64,1.71
142,-0.0006864,3.64,1.71
143,-0.0006856000000000001,3.64,1.71
144,-0.0006848000000000001,3.68,1.73
145,-0.000684,3.64,1.71
146,-0.0006832,3.64,1.71
147,-0.0006824,3.68,1.73
148,-0.0006816000000000001,3.64,1.73
149,-0.0006808000000000001,3.72,1.73
150,-0.00068,3.68,1.73
151,-0.0006792,3.68,1.75
152,-0.0006784,3.72,1.73
153,-0.0006776,3.72,1.77
154,-0.0006768000000000001,3.7600000000000002,1.77
155,-0.0006760000000000001,3.72,1.75
156,-0.0006752,3.7600000000000002,1.75
157,-0.0006744,3.7600000000000002,1.77
158,-0.0006736000000000001,3.7600000000000002,1.77
159,-0.0006728000000000001,3.7600000000000002,1.79
160,-0.0006720000000000001,3.7600000000000002,1.77
161,-0.0006712,3.7600000000000002,1.77
162,-0.0006704,3.8000000000000003,1.77
163,-0.0006696,3.8000000000000003,1.79
164,-0.0006688,3.8000000000000003,1.79
165,-0.0006680000000000001,3.84,1.79
166,-0.0006672000000000001,3.84,1.79
167,-0.0006664,3.8000000000000003,1.81
168,-0.0006656,3.84,1.81
169,-0.0006648,3.84,1.83
170,-0.0006640000000000001,3.84,1.81
171,-0.0006632000000000001,3.88,1.83
172,-0.0006624000000000001,3.88,1.81
173,-0.0006616,3.84,1.83
174,-0.0006608,3.88,1.83
175,-0.00066,3.88,1.83
176,-0.0006592,3.88,1.83
177,-0.0006584000000000001,3.88,1.83
178,-0.0006576,3.92,1.85
179,-0.0006568,3.92,1.85
180,-0.000656,3.92,1.85
181,-0.0006552000000000001,3.92,1.85
182,-0.0006544000000000001,3.92,1.85
183,-0.0006536000000000001,3.96,1.85
184,-0.0006528,3.96,1.85
185,-0.000652,3.96,1.87
186,-0.0006512,3.96,1.87
187,-0.0006504,3.96,1.87
188,-0.0006496000000000001,4.0,1.87
189,-0.0006488,4.0,1.8900000000000001
190,-0.000648,4.0,1.8900000000000001
191,-0.0006472,4.0,1.8900000000000001
192,-0.0006464000000000001,4.04,1.9100000000000001
193,-0.0006456000000000001,4.0,1.8900000000000001
194,-0.0006448000000000001,4.04,1.9100000000000001
195,-0.000644,4.04,1.8900000000000001
196,-0.0006432,4.04,1.9100000000000001
197,-0.0006424,4.04,1.9100000000000001
198,-0.0006416,4.04,1.93
199,-0.0006408000000000001,4.04,1.9100000000000001
200,-0.00064,4.04,1.93
201,-0.0006392,4.08,1.93
202,-0.0006384,4.08,1.93
203,-0.0006376000000000001,4.12,1.95
204,-0.0006368000000000001,4.12,1.93
205,-0.0006360000000000001,4.12,1.95
206,-0.0006352,4.12,1.95
207,-0.0006344,4.12,1.95
208,-0.0006336,4.12,1.95
209,-0.0006328,4.12,1.95
210,-0.0006320000000000001,4.16,1.97
211,-0.0006312000000000001,4.16,1.97
212,-0.0006304,4.2,1.97
213,-0.0006296,4.16,1.95
214,-0.0006288000000000001,4.2,1.97
215,-0.0006280000000000001,4.2,1.97
216,-0.0006272000000000001,4.2,1.99
217,-0.0006264,4.2,1.99
218,-0.0006256,4.24,1.99
219,-0.0006248,4.2,2.0100000000000002
220,-0.000624,4.24,1.99
221,-0.0006232000000000001,4.24,1.99
222,-0.0006224000000000001,4.24,1.99
223,-0.0006216,4.24,2.0100000000000002
224,-0.0006208,4.24,2.0300000000000002
225,-0.0006200000000000001,4.24,2.0300000000000002
226,-0.0006192000000000001,4.28,2.0100000000000002
227,-0.0006184000000000001,4.28,2.0100000000000002
228,-0.0006176,4.28,2.0300000000000002
229,-0.0006168,4.32,2.0300000000000002
230,-0.000616,4.32,2.0300000000000002
231,-0.0006152,4.32,2.0300000000000002
232,-0.0006144000000000001,4.32,2.0300000000000002
233,-0.0006136000000000001,4.32,2.05
234,-0.0006128,4.36,2.05
235,-0.000612,4.32,2.05
236,-0.0006112000000000001,4.36,2.07
237,-0.0006104000000000001,4.36,2.07
238,-0.0006096000000000001,4.36,2.07
239,-0.0006088,4.36,2.05
240,-0.000608,4.4,2.07
241,-0.0006072,4.4,2.07
242,-0.0006064,4.4,2.07
243,-0.0006056000000000001,4.4,2.07
244,-0.0006048000000000001,4.4,2.07
245,-0.000604,4.4,2.09
246,-0.0006032,4.4,2.09
247,-0.0006024000000000001,4.44,2.09
248,-0.0006016000000000001,4.44,2.09
249,-0.0006008000000000001,4.44,2.11
250,-0.0006000000000000001,4.48,2.11
251,-0.0005992,4.44,2.11
252,-0.0005984,4.44,2.11
253,-0.0005976,4.44,2.11
254,-0.0005968000000000001,4.48,2.11
255,-0.0005960000000000001,4.48,2.13
256,-0.0005952,4.48,2.13
257,-0.0005944,4.5200000000000005,2.13
258,-0.0005936,4.48,2.13
259,-0.0005928000000000001,4.5200000000000005,2.15
260,-0.0005920000000000001,4.5200000000000005,2.15
261,-0.0005912000000000001,4.5200000000000005,2.15
262,-0.0005904,4.5600000000000005,2.15
263,-0.0005896,4.5600000000000005,2.15
264,-0.0005888,4.5600000000000005,2.15
265,-0.000588,4.6000000000000005,2.17
266,-0.0005872000000000001,4.5600000000000005,2.15
267,-0.0005864,4.6000000000000005,2.17
268,-0.0005856,4.6000000000000005,2.17
269,-0.0005848,4.6000000000000005,2.17
270,-0.0005840000000000001,4.6000000000000005,2.17
271,-0.0005832000000000001,4.6000000000000005,2.19
272,-0.0005824000000000001,4.64,2.17
273,-0.0005816,4.64,2.17
274,-0.0005808,4.64,2.19
275,-0.00058,4.68,2.19
276,-0.0005792,4.64,2.19
277,-0.0005784000000000001,4.68,2.19
278,-0.0005776,4.68,2.21
279,-0.0005768,4.68,2.21
280,-0.000576,4.68,2.21
281,-0.0005752000000000001,4.68,2.21
282,-0.0005744000000000001,4.68,2.21
283,-0.0005736000000000001,4.72,2.23
284,-0.0005728,4.72,2.23
285,-0.000572,4.72,2.23
286,-0.0005712,4.72,2.23
287,-0.0005704,4.72,2.25
288,-0.0005696000000000001,4.76,2.25
289,-0.0005688000000000001,4.76,2.25
290,-0.000568,4.76,2.25
291,-0.0005672,4.76,2.25
292,-0.0005664000000000001,4.76,2.25
293,-0.0005656000000000001,4.76,2.25
294,-0.0005648000000000001,4.76,2.25
295,-0.000564,4.8,2.25
296,-0.0005632,4.8,2.27
297,-0.0005624,4.8,2.27
298,-0.0005616,4.84,2.27
299,-0.0005608000000000001,4.84,2.27
300,-0.0005600000000000001,4.84,2.27
301,-0.0005592,4.84,2.29
302,-0.0005584,4.88,2.29
303,-0.0005576000000000001,4.88,2.29
304,-0.0005568000000000001,4.88,2.31
305,-0.0005560000000000001,4.88,2.29
306,-0.0005552,4.88,2.29
307,-0.0005544,4.88,2.31
308,-0.0005536,4.92,2.31
309,-0.0005528,4.88,2.31
310,-0.000552,4.92,2.31
311,-0.0005512000000000001,4.92,2.33
312,-0.0005504,4.92,2.33
313,-0.0005496,4.96,2.33
314,-0.0005488000000000001,4.96,2.33
315,-0.0005480000000000001,4.96,2.35
316,-0.0005472000000000001,4.96,2.33
317,-0.0005464,4.96,2.05
318,-0.0005456,5.0,1.79
319,-0.0005448,5.0,1.57
320,-0.000544,5.0,1.41
321,-0.0005432,5.0,1.23
322,-0.0005424000000000001,5.0,1.09
323,-0.0005416,0.08,0.97
324,-0.0005408,0.08,0.87
325,-0.0005400000000000001,0.12,0.75
326,-0.0005392000000000001,0.12,0.67
327,-0.0005384000000000001,0.12,0.61
328,-0.0005376000000000001,0.12,0.53
329,-0.0005368,0.12,0.49
330,-0.000536,0.12,0.43
331,-0.0005352,0.12,0.41000000000000003
332,-0.0005344,0.16,0.35000000000000003
333,-0.0005336000000000001,0.16,0.33
334,-0.0005328,0.16,0.31
335,-0.000532,0.16,0.25
336,-0.0005312000000000001,0.16,0.25
337,-0.0005304000000000001,0.2,0.23
338,-0.0005296000000000001,0.16,0.21
339,-0.0005288000000000001,0.16,0.19
340,-0.000528,0.2,0.19
341,-0.0005272,0.16,0.17
342,-0.0005264,0.24,0.17
343,-0.0005256,0.2,0.15
344,-0.0005248000000000001,0.2,0.15
345,-0.000524,0.2,0.15
346,-0.0005232,0.2,0.15
347,-0.0005224000000000001,0.24,0.15
348,-0.0005216000000000001,0.24,0.13
349,-0.0005208000000000001,0.24,0.13
350,-0.0005200000000000001,0.24,0.13
351,-0.0005192,0.24,0.13
352,-0.0005184,0.24,0.13
353,-0.0005176,0.28,0.13
354,-0.0005168,0.24,0.13
355,-0.0005160000000000001,0.28,0.13
356,-0.0005152000000000001,0.28,0.15
357,-0.0005144,0.28,0.13
358,-0.0005136000000000001,0.28,0.13
359,-0.0005128000000000001,0.28,0.15
360,-0.0005120000000000001,0.32,0.15
361,-0.0005112000000000001,0.32,0.15
362,-0.0005104,0.32,0.15
363,-0.0005096,0.32,0.15
364,-0.0005088,0.32,0.15
365,-0.000508,0.36,0.15
366,-0.0005072000000000001,0.36,0.17
367,-0.0005064000000000001,0.36,0.15
368,-0.0005056,0.36,0.15
369,-0.0005048000000000001,0.36,0.17
370,-0.0005040000000000001,0.36,0.17
371,-0.0005032000000000001,0.4,0.19
372,-0.0005024000000000001,0.4,0.17
373,-0.0005016,0.4,0.19
374,-0.0005008,0.4,0.19
375,-0.0005,0.4,0.19
376,-0.0004992,0.44,0.19
377,-0.0004984,0.44,0.19
378,-0.0004976000000000001,0.4,0.21
379,-0.0004968,0.44,0.19
380,-0.0004960000000000001,0.44,0.21
381,-0.0004952000000000001,0.44,0.21
382,-0.0004944000000000001,0.44,0.21
383,-0.0004936000000000001,0.48,0.21
384,-0.0004928,0.48,0.21
385,-0.000492,0.48,0.23
386,-0.0004912,0.52,0.23
387,-0.0004904,0.48,0.23
388,-0.0004896,0.52,0.23
389,-0.0004888000000000001,0.52,0.23
390,-0.00048800000000000004,0.52,0.23
391,-0.0004872000000000001,0.52,0.25
392,-0.00048640000000000006,0.52,0.25
393,-0.00048560000000000004,0.52,0.25
394,-0.0004848000000000001,0.52,0.27
395,-0.00048400000000000006,0.56,0.27
396,-0.00048320000000000004,0.56,0.25
397,-0.00048240000000000007,0.6,0.27
398,-0.00048160000000000005,0.56,0.25
399,-0.00048080000000000003,0.6,0.27
400,-0.00048000000000000007,0.6,0.27
401,-0.00047920000000000005,0.64,0.27
402,-0.00047840000000000003,0.64,0.27
403,-0.00047760000000000006,0.64,0.27
404,-0.00047680000000000004,0.6,0.29
405,-0.0004760000000000001,0.6,0.29
406,-0.00047520000000000006,0.64,0.31
407,-0.00047440000000000004,0.64,0.29
408,-0.0004736000000000001,0.64,0.31
409,-0.00047280000000000005,0.68,0.31
410,-0.00047200000000000003,0.68,0.31
411,-0.00047120000000000007,0.68,0.33
412,-0.00047040000000000005,0.68,0.31
413,-0.00046960000000000003,0.68,0.33
414,-0.00046880000000000007,0.68,0.31
415,-0.00046800000000000005,0.72,0.33
416,-0.0004672000000000001,0.72,0.33
417,-0.00046640000000000006,0.76,0.35000000000000003
418,-0.00046560000000000004,0.72,0.33
419,-0.0004648000000000001,0.72,0.35000000000000003
420,-0.00046400000000000006,0.76,0.35000000000000003
421,-0.00046320000000000004,0.72,0.33
422,-0.00046240000000000007,0.76,0.35000000000000003
423,-0.00046160000000000005,0.8,0.37
424,-0.00046080000000000003,0.76,0.35000000000000003
425,-0.00046000000000000007,0.76,0.37
426,-0.00045920000000000005,0.76,0.37
427,-0.00045840000000000003,0.8,0.37
428,-0.00045760000000000006,0.8,0.37
429,-0.00045680000000000004,0.84,0.39
430,-0.0004560000000000001,0.84,0.39
431,-0.00045520000000000006,0.8,0.39
432,-0.00045440000000000004,0.84,0.39
433,-0.0004536000000000001,0.84,0.39
434,-0.00045280000000000006,0.84,0.41000000000000003
435,-0.00045200000000000004,0.84,0.39
436,-0.00045120000000000007,0.84,0.41000000000000003
437,-0.00045040000000000005,0.88,0.41000000000000003
438,-0.00044960000000000003,0.88,0.41000000000000003
439,-0.00044880000000000007,0.88,0.43
440,-0.00044800000000000005,0.92,0.41000000000000003
441,-0.00044720000000000003,0.88,0.41000000000000003
442,-0.00044640000000000006,0.92,0.43
443,-0.00044560000000000004,0.92,0.43
444,-0.0004448000000000001,0.96,0.43
445,-0.00044400000000000006,0.96,0.43
446,-0.00044320000000000004,0.96,0.43
447,-0.0004424000000000001,0.96,0.43
448,-0.00044160000000000005,0.96,0.45
449,-0.00044080000000000004,1.0,0.45
450,-0.00044000000000000007,0.96,0.45
451,-0.00043920000000000005,1.0,0.45
452,-0.00043840000000000003,1.0,0.47000000000000003
453,-0.00043760000000000007,1.0,0.45
454,-0.00043680000000000005,1.0,0.47000000000000003
455,-0.0004360000000000001,1.04,0.47000000000000003
456,-0.00043520000000000006,1.0,0.47000000000000003
457,-0.00043440000000000004,1.04,0.49
458,-0.0004336000000000001,1.04,0.49
459,-0.00043280000000000006,1.04,0.49
460,-0.00043200000000000004,1.08,0.49
461,-0.00043120000000000007,1.04,0.49
462,-0.00043040000000000005,1.08,0.49
463,-0.00042960000000000003,1.08,0.49
464,-0.00042880000000000007,1.08,0.49
465,-0.00042800000000000005,1.12,0.51
466,-0.00042720000000000003,1.08,0.51
467,-0.00042640000000000006,1.12,0.51
468,-0.00042560000000000005,1.12,0.53
469,-0.0004248000000000001,1.12,0.53
470,-0.00042400000000000006,1.16,0.53
471,-0.00042320000000000004,1.16,0.53
472,-0.0004224000000000001,1.16,0.53
473,-0.00042160000000000006,1.12,0.53
474,-0.00042080000000000004,1.16,0.53
475,-0.00042000000000000007,1.16,0.53
476,-0.00041920000000000005,1.16,0.55
477,-0.00041840000000000003,1.16,0.55
478,-0.00041760000000000007,1.2,0.55
479,-0.00041680000000000005,1.2,0.5700000000000001
480,-0.00041600000000000003,1.2,0.5700000000000001
481,-0.00041520000000000006,1.2,0.5700000000000001
482,-0.00041440000000000004,1.2,0.5700000000000001
483,-0.0004136000000000001,1.24,0.5700000000000001
484,-0.00041280000000000006,1.24,0.5700000000000001
485,-0.00041200000000000004,1.24,0.5700000000000001
486,-0.0004112000000000001,1.24,0.59
487,-0.00041040000000000006,1.24,0.59
488,-0.00040960000000000004,1.24,0.59
489,-0.00040880000000000007,1.28,0.61
490,-0.00040800000000000005,1.28,0.59
491,-0.00040720000000000003,1.28,0.59
492,-0.00040640000000000007,1.28,0.61
493,-0.00040560000000000005,1.28,0.59
494,-0.0004048000000000001,1.28,0.61
495,-0.00040400000000000006,1.32,0.61
496,-0.00040320000000000004,1.36,0.61
497,-0.0004024000000000001,1.32,0.63
498,-0.00040160000000000006,1.32,0.63
499,-0.00040080000000000004,1.32,0.63
500,-0.0004000000000000001,1.36,0.63
501,-0.00039920000000000005,1.36,0.63
502,-0.00039840000000000003,1.4000000000000001,0.65
503,-0.00039760000000000007,1.36,0.65
504,-0.00039680000000000005,1.4000000000000001,0.65
505,-0.00039600000000000003,1.4000000000000001,0.65
506,-0.00039520000000000007,1.4000000000000001,0.65
507,-0.00039440000000000005,1.44,0.65
508,-0.0003936000000000001,1.4000000000000001,0.65
509,-0.00039280000000000006,1.44,0.67
510,-0.00039200000000000004,1.4000000000000001,0.65
511,-0.0003912000000000001,1.44,0.67
512,-0.00039040000000000006,1.44,0.67
513,-0.00038960000000000004,1.48,0.6900000000000001
514,-0.00038880000000000007,1.44,0.6900000000000001
515,-0.00038800000000000005,1.44,0.6900000000000001
516,-0.00038720000000000003,1.48,0.6900000000000001
517,-0.00038640000000000007,1.48,0.6900000000000001
518,-0.00038560000000000005,1.48,0.6900000000000001
519,-0.0003848000000000001,1.48,0.6900000000000001
520,-0.00038400000000000006,1.52,0.71
521,-0.00038320000000000004,1.48,0.71
522,-0.0003824000000000001,1.56,0.6900000000000001
523,-0.00038160000000000006,1.56,0.71
524,-0.00038080000000000004,1.52,0.71
525,-0.0003800000000000001,1.52,0.73
526,-0.00037920000000000006,1.56,0.71
527,-0.00037840000000000004,1.56,0.73
528,-0.00037760000000000007,1.6,0.73
529,-0.00037680000000000005,1.56,0.73
530,-0.00037600000000000003,1.6,0.73
531,-0.00037520000000000007,1.6,0.73
532,-0.00037440000000000005,1.6,0.75
533,-0.0003736000000000001,1.6,0.75
534,-0.00037280000000000006,1.6,0.75
535,-0.00037200000000000004,1.6400000000000001,0.75
536,-0.0003712000000000001,1.6400000000000001,0.75
537,-0.00037040000000000006,1.6400000000000001,0.77
538,-0.00036960000000000004,1.68,0.77
539,-0.0003688000000000001,1.6400000000000001,0.77
540,-0.00036800000000000005,1.68,0.77
541,-0.00036720000000000004,1.68,0.77
542,-0.00036640000000000007,1.68,0.77
543,-0.00036560000000000005,1.72,0.79
544,-0.0003648000000000001,1.68,0.77
545,-0.00036400000000000007,1.72,0.79
546,-0.00036320000000000005,1.68,0.79
547,-0.0003624000000000001,1.72,0.79
548,-0.00036160000000000006,1.72,0.79
549,-0.00036080000000000004,1.72,0.79
550,-0.0003600000000000001,1.72,0.81
551,-0.00035920000000000006,1.76,0.81
552,-0.00035840000000000004,1.76,0.81
553,-0.00035760000000000007,1.76,0.81
554,-0.00035680000000000005,1.76,0.81
555,-0.00035600000000000003,1.76,0.8300000000000001
556,-0.00035520000000000007,1.8,0.8300000000000001
557,-0.00035440000000000005,1.8,0.8300000000000001
558,-0.0003536000000000001,1.8,0.8300000000000001
559,-0.00035280000000000006,1.8,0.85
560,-0.00035200000000000005,1.84,0.8300000000000001
561,-0.0003512000000000001,1.84,0.85
562,-0.00035040000000000006,1.8,0.85
563,-0.00034960000000000004,1.84,0.85
564,-0.0003488000000000001,1.84,0.85
565,-0.00034800000000000006,1.8800000000000001,0.85
566,-0.00034720000000000004,1.84,0.85
567,-0.00034640000000000007,1.84,0.87
568,-0.00034560000000000005,1.8800000000000001,0.85
569,-0.00034480000000000003,1.8800000000000001,0.87
570,-0.00034400000000000007,1.92,0.87
571,-0.00034320000000000005,1.92,0.89
572,-0.0003424000000000001,1.92,0.89
573,-0.00034160000000000006,1.92,0.89
574,-0.00034080000000000004,1.92,0.89
575,-0.0003400000000000001,1.92,0.89
576,-0.00033920000000000006,1.92,0.91
577,-0.00033840000000000004,1.96,0.89
578,-0.0003376000000000001,1.96,0.91
579,-0.00033680000000000006,1.96,0.91
580,-0.00033600000000000004,1.96,0.91
581,-0.00033520000000000007,1.96,0.91
582,-0.00033440000000000005,2.0,0.91
583,-0.0003336000000000001,1.96,0.93
584,-0.00033280000000000007,2.0,0.93
585,-0.00033200000000000005,2.04,0.93
586,-0.0003312000000000001,2.04,0.9500000000000001
587,-0.00033040000000000006,2.0,0.93
588,-0.00032960000000000004,2.04,0.93
589,-0.0003288000000000001,2.04,0.93
590,-0.00032800000000000006,2.04,0.9500000000000001
591,-0.00032720000000000004,2.04,0.9500000000000001
592,-0.0003264000000000001,2.08,0.9500000000000001
593,-0.00032560000000000005,2.08,0.9500000000000001
594,-0.00032480000000000003,2.08,0.97
595,-0.00032400000000000007,2.08,0.97
596,-0.00032320000000000005,2.08,0.97
597,-0.0003224000000000001,2.08,0.97
598,-0.00032160000000000007,2.12,0.97
599,-0.00032080000000000005,2.12,0.99
600,-0.0003200000000000001,2.12,0.97
601,-0.00031920000000000006,2.12,0.99
602,-0.00031840000000000004,2.12,0.99
603,-0.0003176000000000001,2.12,0.99
604,-0.00031680000000000006,2.16,1.01
605,-0.00031600000000000004,2.16,0.99
606,-0.00031520000000000007,2.2,0.99
607,-0.00031440000000000005,2.2,1.01
608,-0.00031360000000000003,2.2,1.03
609,-0.00031280000000000007,2.2,1.01
610,-0.00031200000000000005,2.2,1.03
611,-0.0003112000000000001,2.2,1.01
612,-0.00031040000000000006,2.24,1.03
613,-0.00030960000000000004,2.24,1.03
614,-0.0003088,2.2,1.03
615,-0.0003080000000000001,2.24,1.05
616,-0.0003072000000000001,2.24,1.03
617,-0.0003064000000000001,2.24,1.05
618,-0.00030560000000000006,2.2800000000000002,1.05
619,-0.00030480000000000004,2.2800000000000002,1.05
620,-0.000304,2.2800000000000002,1.05
621,-0.0003032000000000001,2.2800000000000002,1.07
622,-0.0003024000000000001,2.32,1.07
623,-0.00030160000000000007,2.2800000000000002,1.07
624,-0.00030080000000000005,2.2800000000000002,1.07
625,-0.00030000000000000003,2.32,1.07
626,-0.0002992,2.32,1.07
627,-0.0002984000000000001,2.36,1.07
628,-0.0002976000000000001,2.32,1.09
629,-0.00029680000000000006,2.32,1.09
630,-0.00029600000000000004,2.36,1.07
631,-0.0002952,2.36,1.09
632,-0.0002944000000000001,2.36,1.09
633,-0.0002936000000000001,2.36,1.09
634,-0.00029280000000000007,2.36,1.09
635,-0.00029200000000000005,2.4,1.11
636,-0.00029120000000000003,2.36,1.1300000000000001
637,-0.0002904,2.4,1.11
638,-0.0002896000000000001,2.4,1.11
639,-0.0002888000000000001,2.4,1.1300000000000001
640,-0.00028800000000000006,2.4,1.1300000000000001
641,-0.00028720000000000004,2.44,1.1300000000000001
642,-0.0002864,2.44,1.1500000000000001
643,-0.0002856000000000001,2.44,1.1300000000000001
644,-0.0002848000000000001,2.44,1.1500000000000001
645,-0.00028400000000000007,2.44,1.1500000000000001
646,-0.00028320000000000005,2.44,1.1500000000000001
647,-0.00028240000000000003,2.48,1.1500000000000001
648,-0.0002816,2.48,1.17
649,-0.0002808000000000001,2.48,1.1500000000000001
650,-0.0002800000000000001,2.48,1.1500000000000001
651,-0.00027920000000000006,2.48,1.17
652,-0.00027840000000000005,2.52,1.17
653,-0.0002776,2.52,1.17
654,-0.0002768000000000001,2.56,1.19
655,-0.0002760000000000001,2.52,1.17
656,-0.0002752000000000001,2.52,1.17
657,-0.00027440000000000006,2.56,1.19
658,-0.00027360000000000004,2.56,1.19
659,-0.0002728,2.56,1.21
660,-0.0002720000000000001,2.56,1.21
661,-0.0002712000000000001,2.6,1.19
662,-0.00027040000000000007,2.6,1.21
663,-0.00026960000000000005,2.6,1.21
664,-0.00026880000000000003,2.6,1.21
665,-0.000268,2.6,1.23
666,-0.0002672000000000001,2.64,1.21
667,-0.0002664000000000001,2.6,1.23
668,-0.00026560000000000006,2.64,1.23
669,-0.00026480000000000004,2.6,1.23
670,-0.000264,2.64,1.25
671,-0.0002632000000000001,2.68,1.23
672,-0.0002624000000000001,2.64,1.25
673,-0.00026160000000000007,2.64,1.23
674,-0.00026080000000000005,2.68,1.25
675,-0.00026000000000000003,2.68,1.25
676,-0.0002592,2.68,1.25
677,-0.0002584000000000001,2.72,1.25
678,-0.0002576000000000001,2.72,1.27
679,-0.00025680000000000006,2.72,1.27
680,-0.00025600000000000004,2.72,1.27
681,-0.0002552,2.72,1.29
682,-0.0002544000000000001,2.72,1.27
683,-0.0002536000000000001,2.72,1.29
684,-0.0002528000000000001,2.7600000000000002,1.27
685,-0.00025200000000000005,2.7600000000000002,1.27
686,-0.00025120000000000003,2.7600000000000002,1.29
687,-0.0002504,2.7600000000000002,1.29
688,-0.0002496000000000001,2.8000000000000003,1.29
689,-0.0002488000000000001,2.7600000000000002,1.29
690,-0.00024800000000000007,2.8000000000000003,1.31
691,-0.00024720000000000005,2.8000000000000003,1.31
692,-0.0002464,2.8000000000000003,1.33
693,-0.0002456000000000001,2.8000000000000003,1.31
694,-0.0002448000000000001,2.84,1.33
695,-0.00024400000000000008,2.84,1.33
696,-0.00024320000000000006,2.84,1.33
697,-0.00024240000000000004,2.84,1.33
698,-0.00024160000000000002,2.88,1.33
699,-0.0002408000000000001,2.88,1.35
700,-0.0002400000000000001,2.88,1.33
701,-0.00023920000000000007,2.88,1.35
702,-0.00023840000000000005,2.88,1.35
703,-0.00023760000000000003,2.88,1.37
704,-0.0002368,2.92,1.35
705,-0.0002360000000000001,2.92,1.37
706,-0.00023520000000000008,2.92,1.37
707,-0.00023440000000000006,2.96,1.35
708,-0.00023360000000000004,2.96,1.37
709,-0.00023280000000000002,2.96,1.37
710,-0.0002320000000000001,2.96,1.3900000000000001
711,-0.0002312000000000001,2.96,1.3900000000000001
712,-0.00023040000000000007,2.96,1.3900000000000001
713,-0.00022960000000000005,3.0,1.3900000000000001
714,-0.00022880000000000003,2.96,1.3900000000000001
715,-0.000228,3.0,1.3900000000000001
716,-0.0002272000000000001,3.0,1.3900000000000001
717,-0.00022640000000000008,3.0,1.41
718,-0.00022560000000000006,3.0,1.41
719,-0.00022480000000000004,3.0,1.41
720,-0.00022400000000000002,3.0,1.41
721,-0.0002232000000000001,3.04,1.41
722,-0.0002224000000000001,3.04,1.41
723,-0.00022160000000000007,3.08,1.43
724,-0.00022080000000000005,3.04,1.43
725,-0.00022000000000000003,3.04,1.43
726,-0.00021920000000000002,3.08,1.43
727,-0.0002184000000000001,3.08,1.45
728,-0.00021760000000000009,3.08,1.43
729,-0.00021680000000000007,3.08,1.45
730,-0.00021600000000000005,3.12,1.45
731,-0.00021520000000000003,3.12,1.45
732,-0.00021440000000000012,3.12,1.45
733,-0.0002136000000000001,3.12,1.47
734,-0.00021280000000000008,3.12,1.47
735,-0.00021200000000000006,3.16,1.47
736,-0.00021120000000000004,3.16,1.47
737,-0.00021040000000000002,3.16,1.47
738,-0.0002096000000000001,3.16,1.49
739,-0.0002088000000000001,3.2,1.49
740,-0.00020800000000000007,3.2,1.49
741,-0.00020720000000000005,3.2,1.49
742,-0.00020640000000000003,3.2,1.49
743,-0.00020560000000000012,3.2,1.51
744,-0.0002048000000000001,3.2,1.51
745,-0.00020400000000000008,3.24,1.51
746,-0.00020320000000000006,3.24,1.51
747,-0.00020240000000000004,3.24,1.51
748,-0.00020160000000000002,3.24,1.51
749,-0.0002008000000000001,3.24,1.51
750,-0.0002000000000000001,3.24,1.51
751,-0.00019920000000000007,3.2800000000000002,1.53
752,-0.00019840000000000005,3.3200000000000003,1.55
753,-0.00019760000000000003,3.2800000000000002,1.55
754,-0.0001968,3.2800000000000002,1.53
755,-0.0001960000000000001,3.2800000000000002,1.53
756,-0.00019520000000000008,3.3200000000000003,1.55
757,-0.00019440000000000006,3.3200000000000003,1.55
758,-0.00019360000000000004,3.3200000000000003,1.55
759,-0.00019280000000000002,3.3200000000000003,1.55
760,-0.0001920000000000001,3.36,1.57
761,-0.0001912000000000001,3.36,1.57
762,-0.00019040000000000007,3.36,1.57
763,-0.00018960000000000005,3.36,1.57
764,-0.00018880000000000004,3.36,1.59
765,-0.00018800000000000002,3.36,1.57
766,-0.0001872000000000001,3.36,1.59
767,-0.00018640000000000009,3.4,1.59
768,-0.00018560000000000007,3.4,1.59
769,-0.00018480000000000005,3.4,1.59
770,-0.00018400000000000003,3.44,1.59
771,-0.00018320000000000012,3.4,1.59
772,-0.0001824000000000001,3.44,1.59
773,-0.00018160000000000008,3.44,1.61
774,-0.00018080000000000006,3.48,1.61
775,-0.00018000000000000004,3.44,1.6300000000000001
776,-0.00017920000000000002,3.44,1.6300000000000001
777,-0.0001784000000000001,3.44,1.6300000000000001
778,-0.0001776000000000001,3.48,1.6300000000000001
779,-0.00017680000000000007,3.48,1.6300000000000001
780,-0.00017600000000000005,3.48,1.6300000000000001
781,-0.00017520000000000003,3.48,1.6300000000000001
782,-0.00017440000000000012,3.48,1.6300000000000001
783,-0.0001736000000000001,3.52,1.6300000000000001
784,-0.00017280000000000008,3.52,1.6500000000000001
785,-0.00017200000000000006,3.52,1.6500000000000001
786,-0.00017120000000000004,3.52,1.6500000000000001
787,-0.00017040000000000002,3.56,1.67
788,-0.0001696000000000001,3.56,1.6500000000000001
789,-0.0001688000000000001,3.56,1.67
790,-0.00016800000000000007,3.56,1.67
791,-0.00016720000000000005,3.56,1.67
792,-0.00016640000000000003,3.6,1.67
793,-0.00016560000000000001,3.56,1.69
794,-0.0001648000000000001,3.6,1.67
795,-0.00016400000000000008,3.6,1.69
796,-0.00016320000000000006,3.6,1.69
797,-0.00016240000000000004,3.6,1.69
798,-0.00016160000000000002,3.6,1.69
799,-0.00016080000000000011,3.64,1.69
800,-0.0001600000000000001,3.64,1.71
801,-0.00015920000000000007,3.64,1.71
802,-0.00015840000000000006,3.68,1.73
803,-0.00015760000000000004,3.64,1.73
804,-0.00015680000000000002,3.68,1.71
805,-0.0001560000000000001,3.68,1.73
806,-0.00015520000000000009,3.68,1.73
807,-0.00015440000000000007,3.68,1.73
808,-0.00015360000000000005,3.72,1.73
809,-0.00015280000000000003,3.72,1.73
810,-0.00015200000000000012,3.72,1.75
811,-0.0001512000000000001,3.72,1.75
812,-0.00015040000000000008,3.7600000000000002,1.77
813,-0.00014960000000000006,3.72,1.75
814,-0.00014880000000000004,3.72,1.75
815,-0.00014800000000000002,3.7600000000000002,1.77
816,-0.0001472000000000001,3.7600000000000002,1.77
817,-0.0001464000000000001,3.7600000000000002,1.77
818,-0.00014560000000000007,3.7600000000000002,1.77
819,-0.00014480000000000005,3.7600000000000002,1.77
820,-0.00014400000000000003,3.8000000000000003,1.77
821,-0.00014320000000000012,3.8000000000000003,1.79
822,-0.0001424000000000001,3.8000000000000003,1.79
823,-0.00014160000000000008,3.84,1.79
824,-0.00014080000000000006,3.8000000000000003,1.81
825,-0.00014000000000000004,3.84,1.79
826,-0.00013920000000000002,3.84,1.81
827,-0.0001384000000000001,3.84,1.81
828,-0.0001376000000000001,3.84,1.81
829,-0.00013680000000000007,3.84,1.81
830,-0.00013600000000000005,3.84,1.81
831,-0.00013520000000000003,3.84,1.81
832,-0.00013440000000000012,3.88,1.83
833,-0.0001336000000000001,3.88,1.83
834,-0.00013280000000000008,3.88,1.83
835,-0.00013200000000000006,3.92,1.85
836,-0.00013120000000000004,3.92,1.83
837,-0.00013040000000000003,3.92,1.85
838,-0.00012960000000000011,3.92,1.87
839,-0.0001288000000000001,3.92,1.85
840,-0.00012800000000000008,3.96,1.85
841,-0.00012720000000000006,3.92,1.87
842,-0.00012640000000000004,3.96,1.87
843,-0.00012560000000000002,3.96,1.85
844,-0.0001248000000000001,3.96,1.87
845,-0.0001240000000000001,3.96,1.8900000000000001
846,-0.00012320000000000007,4.0,1.8900000000000001
847,-0.00012240000000000005,4.0,1.8900000000000001
848,-0.00012160000000000003,4.0,1.9100000000000001
849,-0.00012080000000000012,4.0,1.8900000000000001
850,-0.0001200000000000001,4.0,1.8900000000000001
851,-0.00011920000000000008,4.0,1.9100000000000001
852,-0.00011840000000000006,4.04,1.8900000000000001
853,-0.00011760000000000004,4.04,1.9100000000000001
854,-0.00011680000000000002,4.0,1.9100000000000001
855,-0.00011600000000000011,4.04,1.9100000000000001
856,-0.00011520000000000009,4.04,1.93
857,-0.00011440000000000007,4.04,1.9100000000000001
858,-0.00011360000000000005,4.08,1.93
859,-0.00011280000000000003,4.08,1.93
860,-0.00011200000000000012,4.08,1.93
861,-0.0001112000000000001,4.08,1.93
862,-0.00011040000000000008,4.12,1.93
863,-0.00010960000000000006,4.12,1.95
864,-0.00010880000000000004,4.12,1.95
865,-0.00010800000000000002,4.16,1.95
866,-0.00010720000000000011,4.12,1.95
867,-0.00010640000000000009,4.16,1.95
868,-0.00010560000000000007,4.16,1.95
869,-0.00010480000000000005,4.16,1.95
870,-0.00010400000000000003,4.16,1.97
871,-0.00010320000000000012,4.16,1.97
872,-0.0001024000000000001,4.2,1.97
873,-0.00010160000000000008,4.2,1.97
874,-0.00010080000000000006,4.2,1.99
875,-0.00010000000000000005,4.2,1.99
876,-9.920000000000003e-05,4.2,2.0100000000000002
877,-9.840000000000011e-05,4.24,2.0100000000000002
878,-9.76000000000001e-05,4.24,1.99
879,-9.680000000000008e-05,4.24,2.0100000000000002
880,-9.600000000000006e-05,4.24,2.0100000000000002
881,-9.520000000000004e-05,4.24,2.0100000000000002
882,-9.440000000000002e-05,4.24,2.0100000000000002
883,-9.36000000000001e-05,4.24,2.0300000000000002
884,-9.280000000000009e-05,4.28,2.0100000000000002
885,-9.200000000000007e-05,4.28,2.0300000000000002
886,-9.120000000000005e-05,4.28,2.0300000000000002
887,-9.040000000000003e-05,4.32,2.0300000000000002
888,-8.960000000000012e-05,4.32,2.0300000000000002
889,-8.88000000000001e-05,4.32,2.0300000000000002
890,-8.800000000000008e-05,4.32,2.0300000000000002
891,-8.720000000000006e-05,4.32,2.05
892,-8.640000000000004e-05,4.32,2.05
893,-8.560000000000002e-05,4.36,2.05
894,-8.480000000000011e-05,4.32,2.05
895,-8.400000000000009e-05,4.36,2.07
896,-8.320000000000007e-05,4.4,2.07
897,-8.240000000000005e-05,4.36,2.07
898,-8.160000000000003e-05,4.4,2.07
899,-8.080000000000012e-05,4.36,2.07
900,-8.00000000000001e-05,4.4,2.07
901,-7.920000000000008e-05,4.4,2.09
902,-7.840000000000006e-05,4.4,2.09
903,-7.760000000000004e-05,4.4,2.09
904,-7.680000000000002e-05,4.44,2.09
905,-7.600000000000011e-05,4.4,2.09
906,-7.520000000000009e-05,4.4,2.09
907,-7.440000000000007e-05,4.44,2.11
908,-7.360000000000005e-05,4.48,2.09
909,-7.280000000000003e-05,4.44,2.09
910,-7.200000000000012e-05,4.44,2.11
911,-7.12000000000001e-05,4.48,2.13
912,-7.040000000000008e-05,4.5200000000000005,2.11
913,-6.960000000000007e-05,4.48,2.11
914,-6.880000000000005e-05,4.5200000000000005,2.13
915,-6.800000000000003e-05,4.5200000000000005,2.13
916,-6.720000000000012e-05,4.5200000000000005,2.13
917,-6.64000000000001e-05,4.5200000000000005,2.13
918,-6.560000000000008e-05,4.5200000000000005,2.15
919,-6.480000000000006e-05,4.5600000000000005,2.15
920,-6.400000000000004e-05,4.5600000000000005,2.15
921,-6.320000000000002e-05,4.5600000000000005,2.15
922,-6.240000000000011e-05,4.5600000000000005,2.15
923,-6.160000000000009e-05,4.6000000000000005,2.15
924,-6.080000000000007e-05,4.5600000000000005,2.17
925,-6.000000000000005e-05,4.6000000000000005,2.17
926,-5.920000000000003e-05,4.6000000000000005,2.17
927,-5.840000000000012e-05,4.6000000000000005,2.17
928,-5.76000000000001e-05,4.6000000000000005,2.17
929,-5.680000000000008e-05,4.64,2.17
930,-5.600000000000006e-05,4.64,2.19
931,-5.520000000000004e-05,4.64,2.19
932,-5.440000000000002e-05,4.64,2.19
933,-5.360000000000011e-05,4.64,2.19
934,-5.280000000000009e-05,4.64,2.19
935,-5.200000000000007e-05,4.64,2.21
936,-5.120000000000005e-05,4.68,2.21
937,-5.040000000000003e-05,4.68,2.21
938,-4.960000000000012e-05,4.68,2.23
939,-4.88000000000001e-05,4.68,2.21
940,-4.800000000000008e-05,4.68,2.21
941,-4.720000000000006e-05,4.72,2.23
942,-4.6400000000000044e-05,4.72,2.23
943,-4.5600000000000024e-05,4.72,2.23
944,-4.480000000000011e-05,4.72,2.23
945,-4.4000000000000094e-05,4.72,2.25
946,-4.3200000000000074e-05,4.76,2.23
947,-4.2400000000000055e-05,4.76,2.25
948,-4.1600000000000035e-05,4.76,2.25
949,-4.0800000000000124e-05,4.8,2.25
950,-4.0000000000000105e-05,4.8,2.27
951,-3.9200000000000085e-05,4.8,2.27
952,-3.8400000000000066e-05,4.8,2.27
953,-3.7600000000000047e-05,4.8,2.27
954,-3.680000000000003e-05,4.8,2.27
955,-3.6000000000000116e-05,4.8,2.27
956,-3.52000000000001e-05,4.84,2.27
957,-3.440000000000008e-05,4.84,2.27
958,-3.360000000000006e-05,4.84,2.27
959,-3.280000000000004e-05,4.84,2.29
960,-3.200000000000002e-05,4.84,2.29
961,-3.120000000000011e-05,4.88,2.29
962,-3.040000000000009e-05,4.88,2.29
963,-2.960000000000007e-05,4.88,2.31
964,-2.880000000000005e-05,4.88,2.31
965,-2.800000000000003e-05,4.88,2.31
966,-2.720000000000012e-05,4.88,2.31
967,-2.64000000000001e-05,4.92,2.31
968,-2.560000000000008e-05,4.92,2.31
969,-2.480000000000006e-05,4.92,2.31
970,-2.400000000000004e-05,4.92,2.33
971,-2.3200000000000022e-05,4.96,2.33
972,-2.240000000000011e-05,4.96,2.33
973,-2.160000000000009e-05,4.96,2.33
974,-2.0800000000000072e-05,4.96,2.27
975,-2.0000000000000052e-05,4.96,2.0100000000000002
976,-1.9200000000000033e-05,4.96,1.77
977,-1.8400000000000122e-05,5.0,1.55
978,-1.7600000000000103e-05,5.0,1.37
979,-1.6800000000000083e-05,5.0,1.21
980,-1.6000000000000064e-05,5.0,1.07
981,-1.5200000000000044e-05,0.08,0.9500000000000001
982,-1.4400000000000025e-05,0.08,0.8300000000000001
983,-1.3600000000000114e-05,0.12,0.75
984,-1.2800000000000094e-05,0.08,0.65
985,-1.2000000000000075e-05,0.12,0.59
986,-1.1200000000000055e-05,0.12,0.53
987,-1.0400000000000036e-05,0.12,0.49
988,-9.600000000000125e-06,0.12,0.43
989,-8.800000000000105e-06,0.12,0.39
990,-8.000000000000086e-06,0.12,0.35000000000000003
991,-7.200000000000067e-06,0.16,0.31
992,-6.400000000000047e-06,0.16,0.29
993,-5.600000000000028e-06,0.16,0.27
994,-4.800000000000117e-06,0.16,0.25
995,-4.000000000000097e-06,0.2,0.23
996,-3.2000000000000778e-06,0.2,0.21
997,-2.4000000000000583e-06,0.16,0.21
998,-1.6000000000000389e-06,0.2,0.19
999,-8.000000000001279e-07,0.2,0.17
1000,-1.0842021724855044e-19,0.2,0.17
1001,7.99999999999911e-07,0.2,0.15
1002,1.5999999999999305e-06,0.2,0.15
1003,2.39999999999995e-06,0.24,0.15
1004,3.1999999999999694e-06,0.24,0.15
1005,3.99999999999988e-06,0.2,0.13
1006,4.7999999999999e-06,0.24,0.13
1007,5.599999999999919e-06,0.24,0.13
1008,6.399999999999939e-06,0.24,0.13
1009,7.199999999999958e-06,0.24,0.15
1010,7.999999999999978e-06,0.24,0.15
1011,8.799999999999889e-06,0.24,0.15
1012,9.599999999999908e-06,0.24,0.13
1013,1.0399999999999928e-05,0.28,0.13
1014,1.1199999999999947e-05,0.28,0.13
1015,1.1999999999999966e-05,0.28,0.13
1016,1.2799999999999877e-05,0.32,0.15
1017,1.3599999999999897e-05,0.28,0.15
1018,1.4399999999999916e-05,0.28,0.15
1019,1.5199999999999936e-05,0.32,0.15
1020,1.5999999999999955e-05,0.32,0.15
1021,1.6799999999999975e-05,0.32,0.15
1022,1.7599999999999886e-05,0.32,0.15
1023,1.8399999999999905e-05,0.32,0.15
1024,1.9199999999999925e-05,0.36,0.15
1025,1.9999999999999944e-05,0.36,0.15
1026,2.0799999999999963e-05,0.36,0.17
1027,2.1599999999999875e-05,0.36,0.17
1028,2.2399999999999894e-05,0.4,0.17
1029,2.3199999999999913e-05,0.36,0.17
1030,2.3999999999999933e-05,0.4,0.17
1031,2.4799999999999952e-05,0.4,0.19
1032,2.5599999999999972e-05,0.4,0.19
1033,2.6399999999999883e-05,0.4,0.21
1034,2.7199999999999902e-05,0.4,0.19
1035,2.799999999999992e-05,0.44,0.19
1036,2.879999999999994e-05,0.44,0.19
1037,2.959999999999996e-05,0.44,0.19
1038,3.039999999999987e-05,0.44,0.21
1039,3.119999999999989e-05,0.44,0.21
1040,3.199999999999991e-05,0.44,0.21
1041,3.279999999999993e-05,0.48,0.21
1042,3.359999999999995e-05,0.48,0.23
1043,3.439999999999997e-05,0.48,0.23
1044,3.519999999999988e-05,0.52,0.23
1045,3.59999999999999e-05,0.48,0.23
1046,3.679999999999992e-05,0.52,0.23
1047,3.759999999999994e-05,0.52,0.23
1048,3.839999999999996e-05,0.52,0.25
1049,3.919999999999998e-05,0.52,0.23
1050,3.999999999999989e-05,0.52,0.25
1051,4.079999999999991e-05,0.56,0.25
1052,4.159999999999993e-05,0.56,0.25
1053,4.2399999999999946e-05,0.56,0.25
1054,4.3199999999999966e-05,0.56,0.25
1055,4.399999999999988e-05,0.56,0.27
1056,4.4799999999999896e-05,0.6,0.27
1057,4.5599999999999916e-05,0.56,0.27
1058,4.6399999999999935e-05,0.6,0.29
1059,4.7199999999999955e-05,0.6,0.27
1060,4.7999999999999974e-05,0.6,0.27
1061,4.8799999999999885e-05,0.64,0.27
1062,4.9599999999999905e-05,0.64,0.29
1063,5.0399999999999924e-05,0.64,0.29
1064,5.1199999999999943e-05,0.64,0.29
1065,5.199999999999996e-05,0.68,0.29
1066,5.2799999999999874e-05,0.64,0.31
1067,5.3599999999999893e-05,0.68,0.31
1068,5.439999999999991e-05,0.68,0.31
1069,5.519999999999993e-05,0.68,0.31
1070,5.599999999999995e-05,0.68,0.31
1071,5.679999999999997e-05,0.68,0.31
1072,5.759999999999988e-05,0.72,0.33
1073,5.83999999999999e-05,0.72,0.33
1074,5.919999999999992e-05,0.68,0.33
1075,5.999999999999994e-05,0.72,0.33
1076,6.079999999999996e-05,0.72,0.33
1077,6.159999999999987e-05,0.72,0.35000000000000003
1078,6.239999999999989e-05,0.76,0.35000000000000003
1079,6.319999999999991e-05,0.76,0.35000000000000003
1080,6.399999999999993e-05,0.76,0.37
1081,6.479999999999995e-05,0.76,0.35000000000000003
1082,6.559999999999997e-05,0.8,0.37
1083,6.639999999999988e-05,0.76,0.35000000000000003
1084,6.71999999999999e-05,0.8,0.37
1085,6.799999999999992e-05,0.76,0.37
1086,6.879999999999994e-05,0.8,0.37
1087,6.959999999999996e-05,0.84,0.37
1088,7.039999999999987e-05,0.84,0.39
1089,7.119999999999989e-05,0.84,0.39
1090,7.199999999999991e-05,0.84,0.39
1091,7.279999999999993e-05,0.84,0.39
1092,7.359999999999995e-05,0.84,0.41000000000000003
1093,7.439999999999997e-05,0.88,0.39
1094,7.519999999999988e-05,0.88,0.41000000000000003
1095,7.59999999999999e-05,0.88,0.41000000000000003
1096,7.679999999999992e-05,0.88,0.41000000000000003
1097,7.759999999999993e-05,0.88,0.41000000000000003
1098,7.839999999999995e-05,0.92,0.41000000000000003
1099,7.919999999999997e-05,0.88,0.43
1100,7.999999999999988e-05,0.92,0.43
1101,8.07999999999999e-05,0.92,0.41000000000000003
1102,8.159999999999992e-05,0.92,0.43
1103,8.239999999999994e-05,0.92,0.43
1104,8.319999999999996e-05,0.96,0.45
1105,8.399999999999987e-05,0.96,0.43
1106,8.479999999999989e-05,0.96,0.43
1107,8.559999999999991e-05,0.96,0.47000000000000003
1108,8.639999999999993e-05,0.96,0.45
1109,8.719999999999995e-05,1.0,0.47000000000000003
1110,8.799999999999997e-05,1.0,0.47000000000000003
1111,8.879999999999988e-05,1.0,0.47000000000000003
1112,8.95999999999999e-05,1.0,0.47000000000000003
1113,9.039999999999992e-05,1.0,0.47000000000000003
1114,9.119999999999994e-05,1.0,0.47000000000000003
1115,9.199999999999996e-05,1.04,0.47000000000000003
1116,9.279999999999987e-05,1.08,0.49
1117,9.359999999999989e-05,1.04,0.49
1118,9.439999999999991e-05,1.04,0.49
1119,9.519999999999993e-05,1.08,0.49
1120,9.599999999999995e-05,1.08,0.49
1121,9.679999999999997e-05,1.08,0.49
1122,9.759999999999988e-05,1.08,0.51
1123,9.83999999999999e-05,1.08,0.49
1124,9.919999999999992e-05,1.08,0.51
1125,9.999999999999994e-05,1.12,0.51
1126,0.00010079999999999996,1.12,0.51
1127,0.00010159999999999987,1.12,0.53
1128,0.00010239999999999989,1.12,0.53
1129,0.0001031999999999999,1.12,0.53
1130,0.00010399999999999993,1.12,0.53
1131,0.00010479999999999995,1.16,0.53
1132,0.00010559999999999996,1.16,0.55
1133,0.00010639999999999988,1.16,0.55
1134,0.0001071999999999999,1.16,0.55
1135,0.00010799999999999991,1.2,0.55
1136,0.00010879999999999993,1.2,0.5700000000000001
1137,0.00010959999999999995,1.2,0.55
1138,0.00011039999999999997,1.2,0.55
1139,0.00011119999999999988,1.2,0.5700000000000001
1140,0.0001119999999999999,1.2,0.5700000000000001
1141,0.00011279999999999992,1.24,0.5700000000000001
1142,0.00011359999999999994,1.24,0.59
1143,0.00011439999999999996,1.24,0.5700000000000001
1144,0.00011519999999999987,1.24,0.5700000000000001
1145,0.00011599999999999989,1.24,0.59
1146,0.00011679999999999991,1.28,0.59
1147,0.00011759999999999993,1.24,0.59
1148,0.00011839999999999995,1.28,0.59
1149,0.00011919999999999997,1.28,0.59
1150,0.00011999999999999988,1.28,0.59
1151,0.0001207999999999999,1.32,0.61
1152,0.00012159999999999992,1.28,0.61
1153,0.00012239999999999994,1.32,0.63
1154,0.00012319999999999996,1.32,0.61
1155,0.00012399999999999987,1.32,0.61
1156,0.0001247999999999999,1.32,0.63
1157,0.0001255999999999999,1.32,0.63
1158,0.00012639999999999993,1.36,0.63
1159,0.00012719999999999995,1.36,0.65
1160,0.00012799999999999997,1.36,0.63
1161,0.00012879999999999988,1.36,0.63
1162,0.0001295999999999999,1.4000000000000001,0.63
1163,0.00013039999999999992,1.4000000000000001,0.65
1164,0.00013119999999999994,1.4000000000000001,0.65
1165,0.00013199999999999996,1.4000000000000001,0.65
1166,0.00013279999999999987,1.4000000000000001,0.67
1167,0.00013359999999999989,1.4000000000000001,0.65
1168,0.0001343999999999999,1.4000000000000001,0.65
1169,0.00013519999999999993,1.4000000000000001,0.67
1170,0.00013599999999999994,1.44,0.67
1171,0.00013679999999999996,1.48,0.67
1172,0.00013759999999999988,1.48,0.67
1173,0.0001383999999999999,1.48,0.6900000000000001
1174,0.00013919999999999991,1.48,0.6900000000000001
1175,0.00013999999999999993,1.48,0.6900000000000001
1176,0.00014079999999999995,1.52,0.6900000000000001
1177,0.00014159999999999997,1.48,0.6900000000000001
1178,0.00014239999999999988,1.48,0.6900000000000001
1179,0.0001431999999999999,1.52,0.71
1180,0.00014399999999999992,1.52,0.71
1181,0.00014479999999999994,1.52,0.71
1182,0.00014559999999999996,1.52,0.71
1183,0.00014639999999999987,1.56,0.71
1184,0.0001471999999999999,1.56,0.71
1185,0.0001479999999999999,1.56,0.73
1186,0.00014879999999999993,1.56,0.73
1187,0.00014959999999999995,1.56,0.73
1188,0.00015039999999999997,1.6,0.73
1189,0.00015119999999999988,1.6,0.73
1190,0.0001519999999999999,1.6,0.73
1191,0.00015279999999999992,1.6,0.75
1192,0.00015359999999999994,1.6,0.75
1193,0.00015439999999999996,1.6400000000000001,0.75
1194,0.00015519999999999987,1.6400000000000001,0.75
1195,0.0001559999999999999,1.6400000000000001,0.75
1196,0.0001567999999999999,1.6400000000000001,0.77
1197,0.00015759999999999993,1.6400000000000001,0.77
1198,0.00015839999999999995,1.6400000000000001,0.77
1199,0.00015919999999999997,1.68,0.79
1200,0.00015999999999999988,1.68,0.77
1201,0.0001607999999999999,1.68,0.77
1202,0.00016159999999999992,1.68,0.79
1203,0.00016239999999999994,1.68,0.79
1204,0.00016319999999999996,1.72,0.79
1205,0.00016399999999999987,1.72,0.79
1206,0.00016479999999999989,1.72,0.79
1207,0.0001655999999999999,1.72,0.79
1208,0.00016639999999999992,1.76,0.81
1209,0.00016719999999999994,1.76,0.81
1210,0.00016799999999999996,1.76,0.81
1211,0.00016879999999999987,1.76,0.8300000000000001
1212,0.0001695999999999999,1.76,0.81
1213,0.0001703999999999999,1.8,0.8300000000000001
1214,0.00017119999999999993,1.8,0.8300000000000001
1215,0.00017199999999999995,1.8,0.8300000000000001
1216,0.00017279999999999997,1.8,0.8300000000000001
1217,0.00017359999999999988,1.8,0.85
1218,0.0001743999999999999,1.84,0.8300000000000001
1219,0.00017519999999999992,1.84,0.85
1220,0.00017599999999999994,1.84,0.85
1221,0.00017679999999999985,1.84,0.85
1222,0.00017759999999999987,1.84,0.87
1223,0.0001783999999999999,1.84,0.85
1224,0.0001791999999999999,1.84,0.85
1225,0.00017999999999999993,1.8800000000000001,0.87
1226,0.00018079999999999995,1.8800000000000001,0.87
1227,0.00018159999999999997,1.8800000000000001,0.87
1228,0.0001824,1.8800000000000001,0.87
1229,0.0001832,1.8800000000000001,0.87
1230,0.0001839999999999998,1.92,0.87
1231,0.00018479999999999983,1.92,0.89
1232,0.00018559999999999985,1.92,0.89
1233,0.00018639999999999987,1.92,0.89
1234,0.0001871999999999999,1.92,0.89
1235,0.0001879999999999999,1.96,0.91
1236,0.00018879999999999993,1.96,0.89
1237,0.00018959999999999995,1.96,0.91
1238,0.00019039999999999997,1.96,0.93
1239,0.00019119999999999999,1.96,0.91
1240,0.000192,2.0,0.91
1241,0.00019280000000000002,2.0,0.93
1242,0.00019359999999999983,2.0,0.93
1243,0.00019439999999999985,2.04,0.93
1244,0.00019519999999999987,2.0,0.93
1245,0.00019599999999999989,2.0,0.93
1246,0.0001967999999999999,2.04,0.9500000000000001
1247,0.00019759999999999992,2.04,0.93
1248,0.00019839999999999994,2.04,0.9500000000000001
1249,0.00019919999999999996,2.04,0.9500000000000001
1250,0.00019999999999999998,2.08,0.97
1251,0.0002008,2.08,0.9500000000000001
1252,0.00020160000000000002,2.08,0.97
1253,0.00020239999999999982,2.08,0.97
1254,0.00020319999999999984,2.12,0.97
1255,0.00020399999999999986,2.08,0.97
1256,0.00020479999999999988,2.08,0.97
1257,0.0002055999999999999,2.08,0.99
1258,0.00020639999999999992,2.12,0.99
1259,0.00020719999999999994,2.12,0.99
1260,0.00020799999999999996,2.16,1.01
1261,0.00020879999999999998,2.16,0.99
1262,0.0002096,2.12,0.99
1263,0.00021040000000000002,2.16,0.99
1264,0.00021119999999999982,2.16,0.99
1265,0.00021199999999999984,2.2,1.01
1266,0.00021279999999999986,2.16,1.01
1267,0.00021359999999999988,2.2,1.01
1268,0.0002143999999999999,2.2,1.01
1269,0.00021519999999999992,2.2,1.03
1270,0.00021599999999999994,2.24,1.03
1271,0.00021679999999999996,2.2,1.03
1272,0.00021759999999999998,2.24,1.05
1273,0.0002184,2.2800000000000002,1.05
1274,0.00021920000000000002,2.24,1.03
1275,0.00021999999999999982,2.24,1.05
1276,0.00022079999999999984,2.24,1.05
1277,0.00022159999999999986,2.2800000000000002,1.05
1278,0.00022239999999999988,2.2800000000000002,1.05
1279,0.0002231999999999999,2.2800000000000002,1.05
1280,0.00022399999999999992,2.32,1.05
1281,0.00022479999999999993,2.2800000000000002,1.07
1282,0.00022559999999999995,2.2800000000000002,1.07
1283,0.00022639999999999997,2.2800000000000002,1.07
1284,0.0002272,2.32,1.07
1285,0.000228,2.32,1.07
1286,0.00022879999999999982,2.32,1.09
1287,0.00022959999999999983,2.32,1.07
1288,0.00023039999999999985,2.36,1.09
1289,0.00023119999999999987,2.36,1.09
1290,0.0002319999999999999,2.36,1.09
1291,0.0002327999999999999,2.4,1.09
1292,0.00023359999999999993,2.4,1.11
1293,0.00023439999999999995,2.4,1.11
1294,0.00023519999999999997,2.4,1.11
1295,0.000236,2.4,1.11
1296,0.0002368,2.44,1.11
1297,0.0002375999999999998,2.4,1.11
1298,0.00023839999999999983,2.44,1.1300000000000001
1299,0.00023919999999999985,2.4,1.1300000000000001
1300,0.00023999999999999987,2.44,1.11
1301,0.0002407999999999999,2.44,1.1300000000000001
1302,0.0002415999999999999,2.44,1.1300000000000001
1303,0.00024239999999999993,2.44,1.1500000000000001
1304,0.00024319999999999995,2.48,1.1500000000000001
1305,0.00024399999999999997,2.48,1.1500000000000001
1306,0.0002448,2.48,1.1500000000000001
1307,0.0002456,2.52,1.17
1308,0.0002463999999999998,2.48,1.1500000000000001
1309,0.00024719999999999983,2.48,1.1500000000000001
1310,0.00024799999999999985,2.52,1.17
1311,0.00024879999999999987,2.52,1.17
1312,0.0002495999999999999,2.52,1.17
1313,0.0002503999999999999,2.52,1.17
1314,0.0002511999999999999,2.52,1.17
1315,0.00025199999999999995,2.56,1.19
1316,0.00025279999999999996,2.56,1.19
1317,0.0002536,2.56,1.19
1318,0.0002544,2.56,1.19
1319,0.0002551999999999998,2.6,1.19
1320,0.0002559999999999998,2.6,1.19
1321,0.00025679999999999985,2.6,1.21
1322,0.00025759999999999986,2.6,1.21
1323,0.0002583999999999999,2.64,1.21
1324,0.0002591999999999999,2.64,1.21
1325,0.0002599999999999999,2.64,1.21
1326,0.00026079999999999994,2.64,1.23
1327,0.00026159999999999996,2.64,1.23
1328,0.0002624,2.64,1.23
1329,0.0002632,2.64,1.23
1330,0.000264,2.68,1.25
1331,0.0002647999999999998,2.64,1.23
1332,0.00026559999999999984,2.68,1.25
1333,0.00026639999999999986,2.68,1.25
1334,0.0002671999999999999,2.68,1.25
1335,0.0002679999999999999,2.68,1.25
1336,0.0002687999999999999,2.72,1.25
1337,0.00026959999999999994,2.7600000000000002,1.27
1338,0.00027039999999999996,2.72,1.27
1339,0.0002712,2.72,1.27
1340,0.000272,2.72,1.29
1341,0.0002728,2.7600000000000002,1.29
1342,0.0002735999999999998,2.7600000000000002,1.29
1343,0.00027439999999999984,2.7600000000000002,1.29
1344,0.00027519999999999986,2.8000000000000003,1.29
1345,0.0002759999999999999,2.7600000000000002,1.29
1346,0.0002767999999999999,2.7600000000000002,1.31
1347,0.0002775999999999999,2.8000000000000003,1.31
1348,0.00027839999999999994,2.8000000000000003,1.29
1349,0.00027919999999999996,2.84,1.31
1350,0.00028,2.8000000000000003,1.31
1351,0.0002808,2.84,1.31
1352,0.0002816,2.84,1.33
1353,0.0002823999999999998,2.84,1.33
1354,0.00028319999999999984,2.84,1.33
1355,0.00028399999999999986,2.88,1.33
1356,0.0002847999999999999,2.88,1.33
1357,0.0002855999999999999,2.88,1.33
1358,0.0002863999999999999,2.88,1.35
1359,0.00028719999999999993,2.88,1.35
1360,0.00028799999999999995,2.88,1.35
1361,0.00028879999999999997,2.92,1.35
1362,0.0002896,2.92,1.35
1363,0.0002904,2.92,1.35
1364,0.0002911999999999998,2.92,1.35
1365,0.00029199999999999983,2.92,1.37
1366,0.00029279999999999985,2.96,1.37
1367,0.00029359999999999987,2.96,1.37
1368,0.0002943999999999999,2.96,1.37
1369,0.0002951999999999999,2.96,1.37
1370,0.00029599999999999993,3.0,1.3900000000000001
1371,0.00029679999999999995,3.0,1.41
1372,0.00029759999999999997,3.0,1.3900000000000001
1373,0.0002984,3.0,1.41
1374,0.0002992,3.0,1.41
1375,0.0002999999999999998,3.0,1.41
1376,0.00030079999999999983,3.04,1.41
1377,0.00030159999999999985,3.0,1.41
1378,0.00030239999999999987,3.04,1.41
1379,0.0003031999999999999,3.04,1.41
1380,0.0003039999999999999,3.04,1.41
1381,0.00030479999999999993,3.08,1.43
1382,0.00030559999999999995,3.04,1.43
1383,0.00030639999999999997,3.08,1.43
1384,0.0003072,3.12,1.45
1385,0.000308,3.08,1.45
1386,0.0003087999999999998,3.08,1.43
1387,0.00030959999999999983,3.12,1.45
1388,0.00031039999999999985,3.12,1.45
1389,0.00031119999999999987,3.12,1.45
1390,0.0003119999999999999,3.12,1.47
1391,0.0003127999999999999,3.12,1.47
1392,0.0003135999999999999,3.12,1.47
1393,0.00031439999999999994,3.12,1.47
1394,0.00031519999999999996,3.16,1.47
1395,0.000316,3.16,1.49
1396,0.0003168,3.16,1.47
1397,0.0003175999999999998,3.16,1.49
1398,0.0003183999999999998,3.16,1.49
1399,0.00031919999999999984,3.2,1.49
1400,0.00031999999999999986,3.2,1.49
1401,0.0003207999999999999,3.2,1.49
1402,0.0003215999999999999,3.24,1.51
1403,0.0003223999999999999,3.24,1.51
1404,0.00032319999999999994,3.24,1.51
1405,0.00032399999999999996,3.24,1.51
1406,0.0003248,3.24,1.51
1407,0.0003256,3.24,1.53
1408,0.0003264,3.24,1.53
1409,0.0003271999999999998,3.2800000000000002,1.53
1410,0.00032799999999999984,3.24,1.53
1411,0.00032879999999999986,3.2800000000000002,1.53
1412,0.0003295999999999999,3.2800000000000002,1.53
1413,0.0003303999999999999,3.3200000000000003,1.55
1414,0.0003311999999999999,3.3200000000000003,1.55
1415,0.00033199999999999994,3.3200000000000003,1.55
1416,0.00033279999999999996,3.3200000000000003,1.55
1417,0.0003336,3.36,1.55
1418,0.0003344,3.36,1.55
1419,0.0003352,3.36,1.57
1420,0.0003359999999999998,3.36,1.57
1421,0.00033679999999999984,3.36,1.57
1422,0.00033759999999999986,3.36,1.57
1423,0.0003383999999999999,3.36,1.57
1424,0.0003391999999999999,3.36,1.57
1425,0.0003399999999999999,3.4,1.59
1426,0.00034079999999999994,3.4,1.59
1427,0.00034159999999999995,3.4,1.61
1428,0.0003424,3.4,1.61
1429,0.0003432,3.44,1.59
1430,0.000344,3.44,1.59
1431,0.0003447999999999998,3.44,1.61
1432,0.00034559999999999984,3.44,1.61
1433,0.00034639999999999985,3.48,1.61
1434,0.0003471999999999999,3.48,1.6300000000000001
1435,0.0003479999999999999,3.48,1.6300000000000001
1436,0.0003487999999999999,3.48,1.6300000000000001
1437,0.00034959999999999993,3.48,1.6500000000000001
1438,0.00035039999999999995,3.48,1.6500000000000001
1439,0.00035119999999999997,3.48,1.6500000000000001
1440,0.000352,3.48,1.6500000000000001
1441,0.0003528,3.48,1.6500000000000001
1442,0.0003535999999999998,3.52,1.6500000000000001
1443,0.00035439999999999983,3.52,1.6500000000000001
1444,0.00035519999999999985,3.52,1.67
1445,0.00035599999999999987,3.56,1.67
1446,0.0003567999999999999,3.56,1.67
1447,0.0003575999999999999,3.56,1.67
1448,0.00035839999999999993,3.56,1.67
1449,0.00035919999999999995,3.6,1.67
1450,0.00035999999999999997,3.56,1.67
1451,0.0003608,3.6,1.69
1452,0.0003616,3.6,1.69
1453,0.0003623999999999998,3.6,1.69
1454,0.00036319999999999983,3.6,1.71
1455,0.00036399999999999985,3.64,1.69
1456,0.00036479999999999987,3.64,1.69
1457,0.0003655999999999999,3.64,1.71
1458,0.0003663999999999999,3.64,1.71
1459,0.0003671999999999999,3.64,1.71
1460,0.00036799999999999995,3.64,1.73
1461,0.00036879999999999997,3.68,1.73
1462,0.0003696,3.68,1.73
1463,0.0003704,3.68,1.73
1464,0.0003711999999999998,3.72,1.73
1465,0.0003719999999999998,3.68,1.75
1466,0.00037279999999999985,3.72,1.73
1467,0.00037359999999999987,3.68,1.75
1468,0.0003743999999999999,3.72,1.75
1469,0.0003751999999999999,3.72,1.75
1470,0.0003759999999999999,3.7600000000000002,1.75
1471,0.00037679999999999994,3.72,1.77
1472,0.00037759999999999996,3.7600000000000002,1.77
1473,0.0003784,3.7600000000000002,1.77
1474,0.0003792,3.7600000000000002,1.77
1475,0.0003799999999999998,3.7600000000000002,1.77
1476,0.0003807999999999998,3.7600000000000002,1.77
1477,0.00038159999999999984,3.7600000000000002,1.79
1478,0.00038239999999999986,3.7600000000000002,1.77
1479,0.0003831999999999999,3.8000000000000003,1.81
1480,0.0003839999999999999,3.8000000000000003,1.79
1481,0.0003847999999999999,3.8000000000000003,1.79
1482,0.00038559999999999994,3.8000000000000003,1.79
1483,0.00038639999999999996,3.8000000000000003,1.79
1484,0.0003872,3.84,1.83
1485,0.000388,3.84,1.81
1486,0.0003887999999999998,3.84,1.81
1487,0.0003895999999999998,3.84,1.81
1488,0.00039039999999999984,3.84,1.83
1489,0.00039119999999999986,3.88,1.83
1490,0.0003919999999999999,3.88,1.83
1491,0.0003927999999999999,3.92,1.83
1492,0.0003935999999999999,3.88,1.83
1493,0.00039439999999999994,3.88,1.83
1494,0.00039519999999999996,3.92,1.83
1495,0.000396,3.92,1.85
1496,0.0003968,3.92,1.85
1497,0.0003976,3.92,1.85
1498,0.0003983999999999998,3.92,1.85
1499,0.00039919999999999984,3.96,1.87
1500,0.00039999999999999986,3.96,1.87
1501,0.0004007999999999999,3.96,1.87
1502,0.0004015999999999999,3.96,1.87
1503,0.0004023999999999999,4.0,1.8900000000000001
1504,0.00040319999999999993,4.0,1.8900000000000001
1505,0.00040399999999999995,4.0,1.87
1506,0.0004048,4.0,1.8900000000000001
1507,0.0004056,4.0,1.8900000000000001
1508,0.0004064,4.04,1.8900000000000001
1509,0.0004071999999999998,4.0,1.9100000000000001
1510,0.00040799999999999983,4.04,1.9100000000000001
1511,0.00040879999999999985,4.04,1.9100000000000001
1512,0.0004095999999999999,4.04,1.9100000000000001
1513,0.0004103999999999999,4.04,1.9100000000000001
1514,0.0004111999999999999,4.04,1.93
1515,0.00041199999999999993,4.08,1.9100000000000001
1516,0.00041279999999999995,4.08,1.93
1517,0.00041359999999999997,4.08,1.93
1518,0.0004144,4.08,1.93
1519,0.0004152,4.12,1.93
1520,0.0004159999999999998,4.12,1.93
1521,0.00041679999999999983,4.12,1.95
1522,0.00041759999999999985,4.12,1.95
1523,0.00041839999999999987,4.12,1.95
1524,0.0004191999999999999,4.12,1.97
1525,0.0004199999999999999,4.16,1.97
1526,0.00042079999999999993,4.16,1.97
1527,0.00042159999999999995,4.12,1.97
1528,0.00042239999999999997,4.16,1.95
1529,0.0004232,4.16,1.97
1530,0.000424,4.2,1.97
1531,0.0004247999999999998,4.2,1.97
1532,0.00042559999999999983,4.2,1.97
1533,0.00042639999999999985,4.2,1.99
1534,0.00042719999999999987,4.2,1.99
1535,0.0004279999999999999,4.24,1.99
1536,0.0004287999999999999,4.24,1.99
1537,0.0004295999999999999,4.2,1.99
1538,0.00043039999999999994,4.24,2.0100000000000002
1539,0.00043119999999999996,4.24,2.0100000000000002
1540,0.000432,4.28,2.0100000000000002
1541,0.0004328,4.28,2.0100000000000002
1542,0.0004335999999999998,4.28,2.0100000000000002
1543,0.0004343999999999998,4.28,2.0100000000000002
1544,0.00043519999999999984,4.28,2.0300000000000002
1545,0.00043599999999999986,4.32,2.0300000000000002
1546,0.0004367999999999999,4.32,2.05
1547,0.0004375999999999999,4.32,2.05
1548,0.0004383999999999999,4.32,2.05
1549,0.00043919999999999994,4.32,2.05
1550,0.00043999999999999996,4.36,2.05
1551,0.0004408,4.36,2.0300000000000002
1552,0.0004416,4.36,2.05
1553,0.0004423999999999998,4.36,2.05
1554,0.0004431999999999998,4.4,2.05
1555,0.00044399999999999984,4.36,2.09
1556,0.00044479999999999986,4.36,2.07
1557,0.0004455999999999999,4.4,2.07
1558,0.0004463999999999999,4.4,2.09
1559,0.0004471999999999999,4.4,2.09
1560,0.00044799999999999994,4.4,2.09
1561,0.00044879999999999996,4.4,2.09
1562,0.0004496,4.44,2.09
1563,0.0004504,4.44,2.09
1564,0.0004511999999999998,4.44,2.09
1565,0.0004519999999999998,4.48,2.09
1566,0.00045279999999999984,4.44,2.11
1567,0.00045359999999999986,4.48,2.11
1568,0.0004543999999999999,4.48,2.11
1569,0.0004551999999999999,4.48,2.13
1570,0.0004559999999999999,4.5200000000000005,2.13
1571,0.00045679999999999994,4.5200000000000005,2.13
1572,0.00045759999999999996,4.5200000000000005,2.15
1573,0.0004584,4.5200000000000005,2.13
1574,0.0004592,4.5200000000000005,2.13
1575,0.0004599999999999998,4.5200000000000005,2.13
1576,0.0004607999999999998,4.5200000000000005,2.15
1577,0.00046159999999999984,4.5200000000000005,2.15
1578,0.00046239999999999986,4.5600000000000005,2.15
1579,0.0004631999999999999,4.5600000000000005,2.15
1580,0.0004639999999999999,4.5600000000000005,2.15
1581,0.0004647999999999999,4.5600000000000005,2.17
1582,0.00046559999999999993,4.5600000000000005,2.17
1583,0.00046639999999999995,4.5600000000000005,2.17
1584,0.00046719999999999997,4.6000000000000005,2.17
1585,0.000468,4.6000000000000005,2.17
1586,0.0004688,4.6000000000000005,2.17
1587,0.0004695999999999998,4.64,2.19
1588,0.00047039999999999983,4.64,2.19
1589,0.00047119999999999985,4.64,2.19
1590,0.00047199999999999987,4.64,2.19
1591,0.0004727999999999999,4.64,2.19
1592,0.0004735999999999999,4.64,2.19
1593,0.00047439999999999993,4.64,2.19
1594,0.00047519999999999995,4.68,2.19
1595,0.00047599999999999997,4.64,2.21
1596,0.0004768,4.68,2.21
1597,0.0004776,4.68,2.21
1598,0.0004783999999999998,4.68,2.21
1599,0.00047919999999999983,4.72,2.23
1600,0.00047999999999999985,4.72,2.23
1601,0.00048079999999999987,4.72,2.23
1602,0.0004815999999999999,4.76,2.23
1603,0.0004823999999999999,4.72,2.23
1604,0.00048319999999999993,4.76,2.25
1605,0.00048399999999999995,4.76,2.25
1606,0.00048479999999999997,4.76,2.25
1607,0.0004856,4.8,2.25
1608,0.0004864,4.8,2.25
1609,0.0004871999999999998,4.8,2.25
1610,0.00048799999999999983,4.8,2.27
1611,0.0004887999999999998,4.8,2.25
1612,0.0004895999999999999,4.8,2.27
1613,0.0004903999999999999,4.84,2.27
1614,0.0004911999999999999,4.8,2.27
1615,0.0004919999999999999,4.84,2.29
1616,0.0004927999999999999,4.84,2.29
1617,0.0004936,4.84,2.29
1618,0.0004944,4.88,2.29
1619,0.0004952,4.88,2.29
1620,0.0004959999999999998,4.88,2.29
1621,0.0004967999999999998,4.88,2.31
1622,0.0004975999999999998,4.88,2.29
1623,0.0004983999999999999,4.88,2.31
1624,0.0004991999999999999,4.92,2.31
1625,0.0004999999999999999,4.92,2.31
1626,0.0005007999999999999,4.92,2.33
1627,0.0005015999999999999,4.92,2.31
1628,0.0005024,4.92,2.33
1629,0.0005032,4.92,2.33
1630,0.000504,4.96,2.33
1631,0.0005047999999999998,4.96,2.33
1632,0.0005055999999999998,4.96,2.25
1633,0.0005063999999999998,4.96,1.99
1634,0.0005071999999999999,4.96,1.77
1635,0.0005079999999999999,4.96,1.53
1636,0.0005087999999999999,5.0,1.35
1637,0.0005095999999999999,5.0,1.19
1638,0.0005103999999999999,0.52,1.07
1639,0.0005112,0.08,0.9500000000000001
1640,0.000512,0.08,0.85
1641,0.0005128,0.08,0.73
1642,0.0005135999999999998,0.12,0.65
1643,0.0005143999999999998,0.12,0.59
1644,0.0005151999999999998,0.12,0.53
1645,0.0005159999999999999,0.12,0.47000000000000003
1646,0.0005167999999999999,0.12,0.41000000000000003
1647,0.0005175999999999999,0.16,0.37
1648,0.0005183999999999999,0.16,0.35000000000000003
1649,0.0005191999999999999,0.16,0.31
1650,0.00052,0.16,0.29
1651,0.0005208,0.16,0.27
1652,0.0005216,0.16,0.23
1653,0.0005223999999999998,0.16,0.23
1654,0.0005231999999999998,0.16,0.21
1655,0.0005239999999999998,0.2,0.21
1656,0.0005247999999999999,0.2,0.19
1657,0.0005255999999999999,0.2,0.17
1658,0.0005263999999999999,0.2,0.15
1659,0.0005271999999999999,0.2,0.15
1660,0.0005279999999999999,0.2,0.15
1661,0.0005288,0.2,0.15
1662,0.0005296,0.24,0.15
1663,0.0005304,0.24,0.13
1664,0.0005311999999999998,0.24,0.13
1665,0.0005319999999999998,0.24,0.13
1666,0.0005327999999999998,0.24,0.15
1667,0.0005335999999999999,0.28,0.13
1668,0.0005343999999999999,0.24,0.15
1669,0.0005351999999999999,0.24,0.13
1670,0.0005359999999999999,0.24,0.13
1671,0.0005367999999999999,0.28,0.13
1672,0.0005376,0.28,0.13
1673,0.0005384,0.32,0.15
1674,0.0005392,0.32,0.13
1675,0.00054,0.28,0.13
1676,0.0005407999999999998,0.32,0.13
1677,0.0005415999999999998,0.32,0.15
1678,0.0005423999999999998,0.32,0.15
1679,0.0005431999999999999,0.32,0.15
1680,0.0005439999999999999,0.32,0.15
1681,0.0005447999999999999,0.32,0.15
1682,0.0005455999999999999,0.36,0.15
1683,0.0005463999999999999,0.36,0.17
1684,0.0005472,0.36,0.17
1685,0.000548,0.36,0.17
1686,0.0005488,0.36,0.17
1687,0.0005495999999999998,0.36,0.17
1688,0.0005503999999999998,0.4,0.17
1689,0.0005511999999999998,0.36,0.19
1690,0.0005519999999999999,0.4,0.19
1691,0.0005527999999999999,0.4,0.19
1692,0.0005535999999999999,0.4,0.19
1693,0.0005543999999999999,0.44,0.19
1694,0.0005551999999999999,0.44,0.21
1695,0.000556,0.44,0.19
1696,0.0005568,0.44,0.21
1697,0.0005576,0.44,0.21
1698,0.0005583999999999998,0.44,0.23
1699,0.0005591999999999998,0.48,0.21
1700,0.0005599999999999998,0.48,0.23
1701,0.0005607999999999999,0.48,0.23
1702,0.0005615999999999999,0.48,0.23
1703,0.0005623999999999999,0.48,0.23
1704,0.0005631999999999999,0.52,0.23
1705,0.0005639999999999999,0.48,0.23
1706,0.0005648,0.52,0.25
1707,0.0005656,0.52,0.23
1708,0.0005664,0.52,0.25
1709,0.0005671999999999998,0.52,0.25
1710,0.0005679999999999998,0.56,0.25
1711,0.0005687999999999998,0.52,0.25
1712,0.0005695999999999999,0.56,0.25
1713,0.0005703999999999999,0.56,0.27
1714,0.0005711999999999999,0.56,0.27
1715,0.0005719999999999999,0.6,0.27
1716,0.0005727999999999999,0.56,0.27
1717,0.0005736,0.6,0.27
1718,0.0005744,0.6,0.27
1719,0.0005752,0.6,0.29
1720,0.0005759999999999998,0.64,0.29
1721,0.0005767999999999998,0.6,0.29
1722,0.0005775999999999998,0.64,0.29
1723,0.0005783999999999999,0.64,0.31
1724,0.0005791999999999999,0.64,0.31
1725,0.0005799999999999999,0.68,0.31
1726,0.0005807999999999999,0.68,0.33
1727,0.0005815999999999999,0.68,0.31
1728,0.0005824,0.68,0.31
1729,0.0005832,0.72,0.33
1730,0.000584,0.72,0.31
1731,0.0005847999999999998,0.72,0.33
1732,0.0005855999999999998,0.72,0.33
1733,0.0005863999999999998,0.72,0.33
1734,0.0005871999999999999,0.72,0.33
1735,0.0005879999999999999,0.72,0.35000000000000003
1736,0.0005887999999999999,0.76,0.35000000000000003
1737,0.0005895999999999999,0.72,0.35000000000000003
1738,0.0005903999999999999,0.76,0.35000000000000003
1739,0.0005912,0.76,0.37
1740,0.000592,0.76,0.35000000000000003
1741,0.0005928,0.8,0.37
1742,0.0005935999999999998,0.8,0.35000000000000003
1743,0.0005943999999999998,0.8,0.37
1744,0.0005951999999999998,0.8,0.37
1745,0.0005959999999999999,0.84,0.39
1746,0.0005967999999999999,0.84,0.37
1747,0.0005975999999999999,0.84,0.37
1748,0.0005983999999999999,0.84,0.39
1749,0.0005991999999999999,0.84,0.41000000000000003
1750,0.0006,0.88,0.39
1751,0.0006008,0.84,0.39
1752,0.0006016,0.88,0.39
1753,0.0006024,0.88,0.39
1754,0.0006031999999999998,0.88,0.41000000000000003
1755,0.0006039999999999998,0.88,0.41000000000000003
1756,0.0006047999999999998,0.92,0.41000000000000003
1757,0.0006055999999999999,0.92,0.43
1758,0.0006063999999999999,0.92,0.43
1759,0.0006071999999999999,0.92,0.43
1760,0.0006079999999999999,0.96,0.43
1761,0.0006087999999999999,0.96,0.43
1762,0.0006096,0.96,0.43
1763,0.0006104,0.96,0.45
1764,0.0006112,0.96,0.45
1765,0.0006119999999999998,0.96,0.45
1766,0.0006127999999999998,1.0,0.45
1767,0.0006135999999999998,0.96,0.45
1768,0.0006143999999999999,1.0,0.45
1769,0.0006151999999999999,1.0,0.47000000000000003
1770,0.0006159999999999999,1.0,0.45
1771,0.0006167999999999999,1.0,0.47000000000000003
1772,0.0006175999999999999,1.04,0.47000000000000003
1773,0.0006184,1.04,0.47000000000000003
1774,0.0006192,1.0,0.49
1775,0.00062,1.04,0.49
1776,0.0006207999999999998,1.04,0.49
1777,0.0006215999999999998,1.04,0.51
1778,0.0006223999999999998,1.08,0.49
1779,0.0006231999999999999,1.08,0.49
1780,0.0006239999999999999,1.08,0.49
1781,0.0006247999999999999,1.08,0.51
1782,0.0006255999999999999,1.12,0.53
1783,0.0006263999999999999,1.12,0.53
1784,0.0006272,1.12,0.53
1785,0.000628,1.12,0.51
1786,0.0006288,1.12,0.53
1787,0.0006295999999999998,1.12,0.51
1788,0.0006303999999999998,1.12,0.53
1789,0.0006311999999999998,1.16,0.53
1790,0.0006319999999999999,1.16,0.53
1791,0.0006327999999999999,1.16,0.55
1792,0.0006335999999999999,1.16,0.55
1793,0.0006343999999999999,1.16,0.55
1794,0.0006351999999999999,1.2,0.55
1795,0.000636,1.2,0.55
1796,0.0006368,1.2,0.55
1797,0.0006376,1.2,0.55
1798,0.0006383999999999998,1.24,0.5700000000000001
1799,0.0006391999999999998,1.24,0.5700000000000001
1800,0.0006399999999999998,1.24,0.5700000000000001
1801,0.0006407999999999999,1.24,0.59
1802,0.0006415999999999999,1.28,0.5700000000000001
1803,0.0006423999999999999,1.24,0.5700000000000001
1804,0.0006431999999999999,1.24,0.59
1805,0.0006439999999999999,1.28,0.59
1806,0.0006448,1.28,0.59
1807,0.0006456,1.32,0.59
1808,0.0006464,1.28,0.59
1809,0.0006471999999999998,1.28,0.61
1810,0.0006479999999999998,1.32,0.61
1811,0.0006487999999999998,1.32,0.61
1812,0.0006495999999999999,1.32,0.63
1813,0.0006503999999999999,1.32,0.63
1814,0.0006511999999999999,1.36,0.61
1815,0.0006519999999999999,1.32,0.63
1816,0.0006527999999999999,1.36,0.63
1817,0.0006536,1.36,0.63
1818,0.0006544,1.4000000000000001,0.65
1819,0.0006552,1.4000000000000001,0.63
1820,0.0006559999999999998,1.4000000000000001,0.65
1821,0.0006567999999999998,1.4000000000000001,0.65
1822,0.0006575999999999998,1.4000000000000001,0.65
1823,0.0006583999999999998,1.44,0.65
1824,0.0006591999999999999,1.4000000000000001,0.65
1825,0.0006599999999999999,1.4000000000000001,0.67
1826,0.0006607999999999999,1.4000000000000001,0.67
1827,0.0006615999999999999,1.44,0.67
1828,0.0006624,1.44,0.67
1829,0.0006632,1.44,0.67
1830,0.000664,1.44,0.6900000000000001
1831,0.0006647999999999998,1.44,0.67
1832,0.0006655999999999998,1.48,0.6900000000000001
1833,0.0006663999999999998,1.48,0.6900000000000001
1834,0.0006671999999999998,1.52,0.71
1835,0.0006679999999999999,1.48,0.6900000000000001
1836,0.0006687999999999999,1.48,0.6900000000000001
1837,0.0006695999999999999,1.52,0.6900000000000001
1838,0.0006703999999999999,1.52,0.71
1839,0.0006711999999999999,1.56,0.71
1840,0.000672,1.56,0.71
1841,0.0006728,1.52,0.71
1842,0.0006736,1.56,0.71
1843,0.0006743999999999998,1.56,0.73
1844,0.0006751999999999998,1.6,0.73
1845,0.0006759999999999998,1.6,0.73
1846,0.0006767999999999999,1.6,0.73
1847,0.0006775999999999999,1.6,0.73
1848,0.0006783999999999999,1.6,0.75
1849,0.0006791999999999999,1.6,0.75
1850,0.0006799999999999999,1.6400000000000001,0.77
1851,0.0006808,1.6400000000000001,0.75
1852,0.0006816,1.6400000000000001,0.75
1853,0.0006824,1.6400000000000001,0.77
1854,0.0006831999999999998,1.68,0.77
1855,0.0006839999999999998,1.6400000000000001,0.77
1856,0.0006847999999999998,1.68,0.77
1857,0.0006855999999999999,1.68,0.77
1858,0.0006863999999999999,1.68,0.77
1859,0.0006871999999999999,1.72,0.79
1860,0.0006879999999999999,1.72,0.79
1861,0.0006887999999999999,1.72,0.79
1862,0.0006896,1.72,0.81
1863,0.0006904,1.72,0.81
1864,0.0006912,1.72,0.79
1865,0.0006919999999999998,1.72,0.81
1866,0.0006927999999999998,1.76,0.81
1867,0.0006935999999999998,1.76,0.8300000000000001
1868,0.0006943999999999999,1.72,0.81
1869,0.0006951999999999999,1.8,0.8300000000000001
1870,0.0006959999999999999,1.76,0.8300000000000001
1871,0.0006967999999999999,1.76,0.8300000000000001
1872,0.0006975999999999999,1.8,0.81
1873,0.0006984,1.8,0.8300000000000001
1874,0.0006992,1.8,0.8300000000000001
1875,0.0007,1.8,0.8300000000000001
1876,0.0007007999999999998,1.84,0.85
1877,0.0007015999999999998,1.84,0.85
1878,0.0007023999999999998,1.84,0.85
1879,0.0007031999999999999,1.84,0.85
1880,0.0007039999999999999,1.84,0.85
1881,0.0007047999999999999,1.84,0.85
1882,0.0007055999999999999,1.84,0.87
1883,0.0007063999999999999,1.8800000000000001,0.85
1884,0.0007072,1.8800000000000001,0.89
1885,0.000708,1.8800000000000001,0.87
1886,0.0007088,1.8800000000000001,0.87
1887,0.0007095999999999998,1.92,0.89
1888,0.0007103999999999998,1.92,0.89
1889,0.0007111999999999998,1.92,0.89
1890,0.0007119999999999999,1.92,0.89
1891,0.0007127999999999999,1.92,0.89
1892,0.0007135999999999999,1.96,0.89
1893,0.0007143999999999999,1.92,0.91
1894,0.0007151999999999999,1.96,0.91
1895,0.000716,1.96,0.91
1896,0.0007168,1.96,0.91
1897,0.0007176,2.0,0.91
1898,0.0007183999999999998,1.96,0.93
1899,0.0007191999999999998,2.0,0.93
1900,0.0007199999999999998,2.0,0.93
1901,0.0007207999999999998,2.0,0.9500000000000001
1902,0.0007215999999999999,2.04,0.93
1903,0.0007223999999999999,2.0,0.93
1904,0.0007231999999999999,2.04,0.93
1905,0.0007239999999999999,2.04,0.9500000000000001
1906,0.0007247999999999999,2.04,0.9500000000000001
1907,0.0007256,2.04,0.9500000000000001
1908,0.0007264,2.08,0.97
1909,0.0007271999999999998,2.08,0.9500000000000001
1910,0.0007279999999999998,2.08,0.9500000000000001
1911,0.0007287999999999998,2.12,0.97
1912,0.0007295999999999998,2.08,0.9500000000000001
1913,0.0007303999999999999,2.12,0.97
1914,0.0007311999999999999,2.12,0.99
1915,0.0007319999999999999,2.12,0.97
1916,0.0007327999999999999,2.12,0.99
1917,0.0007335999999999999,2.12,0.99
1918,0.0007344,2.12,0.99
1919,0.0007352,2.12,1.01
1920,0.000736,2.16,0.99
1921,0.0007367999999999998,2.16,0.99
1922,0.0007375999999999998,2.16,1.01
1923,0.0007383999999999998,2.16,1.01
1924,0.0007391999999999999,2.16,1.01
1925,0.0007399999999999999,2.16,1.01
1926,0.0007407999999999999,2.2,1.01
1927,0.0007415999999999999,2.24,1.01
1928,0.0007423999999999999,2.24,1.03
1929,0.0007432,2.2,1.03
1930,0.000744,2.24,1.03
1931,0.0007448,2.24,1.03
1932,0.0007455999999999998,2.24,1.03
1933,0.0007463999999999998,2.2800000000000002,1.05
1934,0.0007471999999999998,2.2800000000000002,1.05
1935,0.0007479999999999999,2.2800000000000002,1.05
1936,0.0007487999999999999,2.2800000000000002,1.05
1937,0.0007495999999999999,2.2800000000000002,1.05
1938,0.0007503999999999999,2.2800000000000002,1.05
1939,0.0007511999999999999,2.2800000000000002,1.07
1940,0.000752,2.32,1.07
1941,0.0007528,2.32,1.09
1942,0.0007536,2.32,1.07
1943,0.0007543999999999998,2.36,1.07
1944,0.0007551999999999998,2.36,1.09
1945,0.0007559999999999998,2.32,1.09
1946,0.0007567999999999999,2.36,1.09
1947,0.0007575999999999999,2.36,1.11
1948,0.0007583999999999999,2.4,1.09
1949,0.0007591999999999999,2.36,1.09
1950,0.0007599999999999999,2.4,1.11
1951,0.0007608,2.4,1.09
1952,0.0007616,2.4,1.11
1953,0.0007624,2.4,1.11
1954,0.0007631999999999998,2.4,1.11
1955,0.0007639999999999998,2.4,1.11
1956,0.0007647999999999998,2.44,1.1300000000000001
1957,0.0007655999999999999,2.44,1.1300000000000001
1958,0.0007663999999999999,2.44,1.1300000000000001
1959,0.0007671999999999999,2.48,1.1300000000000001
1960,0.0007679999999999999,2.44,1.1500000000000001
1961,0.0007687999999999999,2.48,1.1500000000000001
1962,0.0007696,2.48,1.1500000000000001
1963,0.0007704,2.48,1.1500000000000001
1964,0.0007712,2.48,1.1500000000000001
1965,0.0007719999999999998,2.48,1.1500000000000001
1966,0.0007727999999999998,2.48,1.1500000000000001
1967,0.0007735999999999998,2.48,1.17
1968,0.0007743999999999998,2.52,1.17
1969,0.0007751999999999999,2.52,1.17
1970,0.0007759999999999999,2.52,1.17
1971,0.0007767999999999999,2.52,1.17
1972,0.0007775999999999999,2.52,1.17
1973,0.0007784,2.52,1.19
1974,0.0007792,2.52,1.19
1975,0.00078,2.56,1.19
1976,0.0007807999999999998,2.56,1.19
1977,0.0007815999999999998,2.6,1.21
1978,0.0007823999999999998,2.56,1.19
1979,0.0007831999999999998,2.56,1.23
1980,0.0007839999999999999,2.6,1.21
1981,0.0007847999999999999,2.6,1.23
1982,0.0007855999999999999,2.64,1.21
1983,0.0007863999999999999,2.6,1.23
1984,0.0007871999999999999,2.64,1.23
1985,0.000788,2.64,1.23
1986,0.0007888,2.68,1.23
1987,0.0007895999999999998,2.68,1.23
1988,0.0007903999999999998,2.68,1.23
1989,0.0007911999999999998,2.68,1.25
1990,0.0007919999999999998,2.68,1.25
1991,0.0007927999999999999,2.68,1.27
1992,0.0007935999999999999,2.68,1.25
1993,0.0007943999999999999,2.68,1.25
1994,0.0007951999999999999,2.68,1.25
1995,0.0007959999999999999,2.72,1.27
1996,0.0007968,2.72,1.27
1997,0.0007976,2.7600000000000002,1.27
1998,0.0007983999999999998,2.72,1.27
1999,0.0007991999999999998,2.7600000000000002,1.27
