,time,v1,v2
0,-0.0032,2.4,1.11
1,-0.0031968,2.4,1.11
2,-0.0031936,2.4,1.1300000000000001
3,-0.0031904000000000004,2.44,1.1300000000000001
4,-0.0031872000000000003,2.44,1.11
5,-0.003184,2.44,1.1500000000000001
6,-0.0031808,2.44,1.1300000000000001
7,-0.0031776,2.48,1.1500000000000001
8,-0.0031744,2.48,1.1500000000000001
9,-0.0031712000000000003,2.48,1.1500000000000001
10,-0.0031680000000000002,2.52,1.1500000000000001
11,-0.0031648,2.52,1.17
12,-0.0031616,2.52,1.17
13,-0.0031584,2.56,1.17
14,-0.0031552000000000004,2.56,1.19
15,-0.0031520000000000003,2.6,1.19
16,-0.0031488,2.56,1.19
17,-0.0031456,2.6,1.21
18,-0.0031424,2.6,1.19
19,-0.0031392,2.64,1.21
20,-0.0031360000000000003,2.64,1.23
21,-0.0031328000000000003,2.64,1.21
22,-0.0031296,2.64,1.25
23,-0.0031264,2.68,1.25
24,-0.0031232,2.68,1.25
25,-0.0031200000000000004,2.68,1.27
26,-0.0031168000000000003,2.68,1.27
27,-0.0031136000000000002,2.72,1.25
28,-0.0031104,2.72,1.27
29,-0.0031072,2.7600000000000002,1.27
30,-0.003104,2.7600000000000002,1.27
31,-0.0031008000000000003,2.8000000000000003,1.29
32,-0.0030976000000000003,2.8000000000000003,1.29
33,-0.0030944,2.8000000000000003,1.29
34,-0.0030912,2.8000000000000003,1.31
35,-0.003088,2.84,1.31
36,-0.0030848,2.88,1.31
37,-0.0030816000000000003,2.84,1.33
38,-0.0030784000000000002,2.88,1.35
39,-0.0030752,2.88,1.33
40,-0.003072,2.88,1.35
41,-0.0030688,2.92,1.35
42,-0.0030656000000000004,2.92,1.35
43,-0.0030624000000000003,2.96,1.35
44,-0.0030592,2.96,1.37
45,-0.003056,2.96,1.37
46,-0.0030528,2.96,1.3900000000000001
47,-0.0030496,3.0,1.3900000000000001
48,-0.0030464000000000003,3.0,1.3900000000000001
49,-0.0030432000000000002,3.0,1.3900000000000001
50,-0.00304,3.04,1.41
51,-0.0030368,3.04,1.41
52,-0.0030336,3.04,1.41
53,-0.0030304,3.08,1.41
54,-0.0030272000000000003,3.08,1.43
55,-0.003024,3.12,1.43
56,-0.0030208,3.12,1.43
57,-0.0030176,3.12,1.45
58,-0.0030144,3.16,1.45
59,-0.0030112000000000003,3.16,1.45
60,-0.0030080000000000003,3.16,1.47
61,-0.0030048,3.2,1.47
62,-0.0030016,3.16,1.49
63,-0.0029984,3.2,1.49
64,-0.0029952,3.2,1.49
65,-0.0029920000000000003,3.2,1.51
66,-0.0029888000000000002,3.24,1.51
67,-0.0029856,3.24,1.51
68,-0.0029824,3.2800000000000002,1.51
69,-0.0029792,3.2800000000000002,1.53
70,-0.0029760000000000003,3.2800000000000002,1.55
71,-0.0029728000000000003,3.2800000000000002,1.55
72,-0.0029696,3.3200000000000003,1.53
73,-0.0029664,3.3200000000000003,1.55
74,-0.0029632,3.3200000000000003,1.55
75,-0.00296,3.36,1.55
76,-0.0029568000000000003,3.4,1.57
77,-0.0029536000000000002,3.4,1.57
78,-0.0029504,3.36,1.57
79,-0.0029472,3.4,1.59
80,-0.002944,3.4,1.59
81,-0.0029408000000000004,3.44,1.61
82,-0.0029376000000000003,3.44,1.61
83,-0.0029344,3.44,1.59
84,-0.0029312,3.44,1.61
85,-0.002928,3.48,1.61
86,-0.0029248,3.48,1.6300000000000001
87,-0.0029216000000000003,3.48,1.6500000000000001
88,-0.0029184000000000002,3.52,1.6300000000000001
89,-0.0029152,3.52,1.6500000000000001
90,-0.002912,3.56,1.6500000000000001
91,-0.0029088,3.56,1.6500000000000001
92,-0.0029056000000000004,3.56,1.67
93,-0.0029024000000000003,3.6,1.69
94,-0.0028992,3.6,1.67
95,-0.002896,3.6,1.69
96,-0.0028928,3.64,1.69
97,-0.0028896,3.6,1.69
98,-0.0028864000000000003,3.64,1.69
99,-0.0028832000000000003,3.68,1.71
100,-0.00288,3.68,1.73
101,-0.0028768,3.68,1.71
102,-0.0028736,3.68,1.73
103,-0.0028704000000000004,3.72,1.73
104,-0.0028672000000000003,3.72,1.75
105,-0.0028640000000000002,3.72,1.75
106,-0.0028608,3.72,1.75
107,-0.0028576,3.7600000000000002,1.75
108,-0.0028544,3.7600000000000002,1.77
109,-0.0028512000000000003,3.8000000000000003,1.77
110,-0.0028480000000000003,3.8000000000000003,1.77
111,-0.0028448,3.8000000000000003,1.79
112,-0.0028416,3.84,1.79
113,-0.0028384,3.84,1.79
114,-0.0028352000000000004,3.84,1.81
115,-0.0028320000000000003,3.84,1.81
116,-0.0028288000000000002,3.84,1.81
117,-0.0028256,3.88,1.83
118,-0.0028224,3.88,1.83
119,-0.0028192,3.92,1.83
120,-0.002816,3.92,1.83
121,-0.0028128000000000003,3.92,1.85
122,-0.0028096,3.96,1.85
123,-0.0028064,3.96,1.85
124,-0.0028032,3.96,1.87
125,-0.0028000000000000004,4.0,1.8900000000000001
126,-0.0027968000000000003,4.0,1.87
127,-0.0027936000000000002,4.04,1.8900000000000001
128,-0.0027904,4.0,1.8900000000000001
129,-0.0027872,4.04,1.8900000000000001
130,-0.002784,4.04,1.9100000000000001
131,-0.0027808,4.04,1.9100000000000001
132,-0.0027776000000000003,4.08,1.9100000000000001
133,-0.0027744,4.08,1.93
134,-0.0027712,4.08,1.93
135,-0.002768,4.12,1.93
136,-0.0027648000000000004,4.12,1.93
137,-0.0027616000000000003,4.12,1.95
138,-0.0027584000000000003,4.16,1.95
139,-0.0027552,4.16,1.95
140,-0.002752,4.16,1.97
141,-0.0027488,4.2,1.95
142,-0.0027456,4.2,1.97
143,-0.0027424000000000003,4.2,1.99
144,-0.0027392000000000002,4.2,1.99
145,-0.002736,4.24,1.99
146,-0.0027328,4.24,2.0100000000000002
147,-0.0027296,4.24,2.0100000000000002
148,-0.0027264000000000004,4.28,2.0100000000000002
149,-0.0027232000000000003,4.32,2.0300000000000002
150,-0.00272,4.28,2.0300000000000002
151,-0.0027168,4.32,2.0300000000000002
152,-0.0027136,4.32,2.05
153,-0.0027104,4.36,2.05
154,-0.0027072000000000003,4.32,2.05
155,-0.0027040000000000002,4.36,2.05
156,-0.0027008,4.4,2.07
157,-0.0026976,4.4,2.07
158,-0.0026944000000000004,4.4,2.07
159,-0.0026912000000000004,4.4,2.09
160,-0.0026880000000000003,4.44,2.09
161,-0.0026848,4.44,2.09
162,-0.0026816,4.44,2.11
163,-0.0026784,4.48,2.11
164,-0.0026752,4.48,2.11
165,-0.0026720000000000003,4.48,2.11
166,-0.0026688000000000003,4.5200000000000005,2.13
167,-0.0026656,4.5200000000000005,2.13
168,-0.0026624,4.5200000000000005,2.13
169,-0.0026592,4.5600000000000005,2.15
170,-0.0026560000000000004,4.5600000000000005,2.15
171,-0.0026528000000000003,4.5600000000000005,2.15
172,-0.0026496000000000002,4.6000000000000005,2.15
173,-0.0026464,4.6000000000000005,2.17
174,-0.0026432,4.6000000000000005,2.17
175,-0.00264,4.6000000000000005,2.17
176,-0.0026368,4.64,2.17
177,-0.0026336000000000003,4.64,2.19
178,-0.0026304,4.64,2.19
179,-0.0026272,4.68,2.21
180,-0.002624,4.72,2.21
181,-0.0026208000000000004,4.68,2.21
182,-0.0026176000000000003,4.72,2.21
183,-0.0026144000000000002,4.76,2.23
184,-0.0026112,4.76,2.23
185,-0.002608,4.76,2.23
186,-0.0026048,4.8,2.23
187,-0.0026016,4.76,2.25
188,-0.0025984000000000003,4.8,2.25
189,-0.0025952,4.84,2.25
190,-0.002592,4.8,2.27
191,-0.0025888,4.84,2.27
192,-0.0025856000000000004,4.84,2.29
193,-0.0025824000000000003,4.84,2.29
194,-0.0025792000000000002,4.88,2.29
195,-0.002576,4.92,2.29
196,-0.0025728,4.92,2.31
197,-0.0025696,4.88,2.31
198,-0.0025664,4.92,2.31
199,-0.0025632000000000003,4.92,2.33
200,-0.00256,4.96,2.33
201,-0.0025568,4.96,2.33
202,-0.0025536,5.0,2.35
203,-0.0025504000000000004,5.0,2.35
204,-0.0025472000000000003,5.0,2.35
205,-0.0025440000000000003,0.08,2.27
206,-0.0025408,0.12,1.37
207,-0.0025376,0.08,0.8300000000000001
208,-0.0025344,0.12,0.51
209,-0.0025312,0.12,0.35000000000000003
210,-0.0025280000000000003,0.12,0.23
211,-0.0025248000000000002,0.12,0.15
212,-0.0025216,0.12,0.11
213,-0.0025184,0.16,0.09
214,-0.0025152000000000004,0.16,0.07
215,-0.0025120000000000003,0.12,0.07
216,-0.0025088000000000003,0.16,0.07
217,-0.0025056,0.16,0.07
218,-0.0025024,0.16,0.09
219,-0.0024992,0.2,0.07
220,-0.002496,0.2,0.07
221,-0.0024928000000000003,0.24,0.09
222,-0.0024896000000000002,0.24,0.09
223,-0.0024864,0.24,0.09
224,-0.0024832,0.24,0.11
225,-0.0024800000000000004,0.28,0.11
226,-0.0024768000000000004,0.32,0.11
227,-0.0024736000000000003,0.32,0.13
228,-0.0024704,0.32,0.13
229,-0.0024672,0.32,0.13
230,-0.002464,0.32,0.13
231,-0.0024608,0.36,0.15
232,-0.0024576000000000003,0.36,0.17
233,-0.0024544000000000002,0.36,0.15
234,-0.0024512,0.4,0.15
235,-0.002448,0.4,0.17
236,-0.0024448000000000004,0.4,0.17
237,-0.0024416000000000004,0.44,0.19
238,-0.0024384000000000003,0.44,0.19
239,-0.0024352,0.44,0.19
240,-0.002432,0.44,0.19
241,-0.0024288,0.48,0.21
242,-0.0024256,0.48,0.23
243,-0.0024224000000000003,0.48,0.23
244,-0.0024192000000000003,0.52,0.23
245,-0.002416,0.52,0.25
246,-0.0024128,0.52,0.25
247,-0.0024096000000000005,0.56,0.23
248,-0.0024064000000000004,0.56,0.25
249,-0.0024032000000000003,0.56,0.25
250,-0.0024000000000000002,0.6,0.25
251,-0.0023968,0.56,0.27
252,-0.0023936,0.6,0.27
253,-0.0023904,0.64,0.29
254,-0.0023872000000000003,0.6,0.29
255,-0.0023840000000000003,0.64,0.29
256,-0.0023808,0.64,0.31
257,-0.0023776,0.68,0.31
258,-0.0023744,0.68,0.31
259,-0.0023712000000000004,0.68,0.33
260,-0.0023680000000000003,0.72,0.31
261,-0.0023648000000000002,0.72,0.33
262,-0.0023616,0.72,0.33
263,-0.0023584,0.76,0.33
264,-0.0023552,0.76,0.35000000000000003
265,-0.002352,0.8,0.35000000000000003
266,-0.0023488000000000003,0.76,0.35000000000000003
267,-0.0023456,0.8,0.35000000000000003
268,-0.0023424,0.84,0.37
269,-0.0023392,0.8,0.37
270,-0.0023360000000000004,0.88,0.37
271,-0.0023328000000000003,0.84,0.39
272,-0.0023296000000000002,0.88,0.39
273,-0.0023264,0.88,0.39
274,-0.0023232,0.88,0.43
275,-0.00232,0.88,0.41000000000000003
276,-0.0023168,0.92,0.41000000000000003
277,-0.0023136000000000003,0.92,0.41000000000000003
278,-0.0023104,0.96,0.43
279,-0.0023072,0.96,0.45
280,-0.002304,0.96,0.43
281,-0.0023008000000000004,1.0,0.45
282,-0.0022976000000000003,1.0,0.45
283,-0.0022944000000000003,1.0,0.45
284,-0.0022912,1.0,0.45
285,-0.002288,1.04,0.47000000000000003
286,-0.0022848,1.04,0.47000000000000003
287,-0.0022816,1.08,0.47000000000000003
288,-0.0022784000000000003,1.04,0.49
289,-0.0022752000000000002,1.08,0.49
290,-0.002272,1.08,0.51
291,-0.0022688,1.12,0.51
292,-0.0022656000000000004,1.12,0.53
293,-0.0022624000000000003,1.12,0.51
294,-0.0022592000000000003,1.16,0.53
295,-0.002256,1.2,0.53
296,-0.0022528,1.16,0.55
297,-0.0022496,1.2,0.55
298,-0.0022464,1.2,0.55
299,-0.0022432000000000003,1.2,0.5700000000000001
300,-0.0022400000000000002,1.2,0.5700000000000001
301,-0.0022368,1.24,0.5700000000000001
302,-0.0022336,1.24,0.5700000000000001
303,-0.0022304000000000004,1.24,0.5700000000000001
304,-0.0022272000000000004,1.28,0.59
305,-0.0022240000000000003,1.28,0.59
306,-0.0022208,1.28,0.59
307,-0.0022176,1.32,0.59
308,-0.0022144,1.36,0.61
309,-0.0022112,1.36,0.61
310,-0.002208,1.32,0.63
311,-0.0022048000000000002,1.36,0.63
312,-0.0022016,1.36,0.63
313,-0.0021984,1.36,0.65
314,-0.0021952000000000004,1.4000000000000001,0.65
315,-0.0021920000000000004,1.4000000000000001,0.65
316,-0.0021888000000000003,1.4000000000000001,0.65
317,-0.0021856,1.4000000000000001,0.67
318,-0.0021824,1.44,0.67
319,-0.0021792,1.44,0.67
320,-0.002176,1.52,0.67
321,-0.0021728,1.52,0.6900000000000001
322,-0.0021696000000000003,1.52,0.6900000000000001
323,-0.0021664,1.52,0.6900000000000001
324,-0.0021632,1.52,0.6900000000000001
325,-0.0021600000000000005,1.52,0.73
326,-0.0021568000000000004,1.56,0.71
327,-0.0021536000000000003,1.56,0.71
328,-0.0021504000000000002,1.56,0.73
329,-0.0021472,1.6,0.75
330,-0.002144,1.6,0.73
331,-0.0021408,1.6400000000000001,0.73
332,-0.0021376,1.6400000000000001,0.75
333,-0.0021344000000000003,1.6400000000000001,0.77
334,-0.0021312,1.6400000000000001,0.77
335,-0.002128,1.68,0.79
336,-0.0021248000000000005,1.68,0.77
337,-0.0021216000000000004,1.68,0.79
338,-0.0021184000000000003,1.72,0.79
339,-0.0021152000000000002,1.76,0.79
340,-0.002112,1.76,0.79
341,-0.0021088,1.76,0.81
342,-0.0021056,1.76,0.81
343,-0.0021024,1.8,0.8300000000000001
344,-0.0020992000000000003,1.8,0.8300000000000001
345,-0.002096,1.8,0.85
346,-0.0020928,1.8,0.85
347,-0.0020896000000000005,1.84,0.85
348,-0.0020864000000000004,1.84,0.8300000000000001
349,-0.0020832000000000003,1.84,0.85
350,-0.0020800000000000003,1.8800000000000001,0.85
351,-0.0020768,1.8800000000000001,0.87
352,-0.0020736,1.8800000000000001,0.87
353,-0.0020704,1.92,0.87
354,-0.0020672,1.92,0.89
355,-0.0020640000000000003,1.92,0.89
356,-0.0020608000000000002,1.92,0.89
357,-0.0020576,1.96,0.89
358,-0.0020544000000000005,1.96,0.91
359,-0.0020512000000000004,1.96,0.91
360,-0.0020480000000000003,2.0,0.91
361,-0.0020448000000000003,2.0,0.93
362,-0.0020416,2.04,0.93
363,-0.0020384,2.04,0.93
364,-0.0020352,2.04,0.9500000000000001
365,-0.002032,2.08,0.9500000000000001
366,-0.0020288000000000003,2.12,0.9500000000000001
367,-0.0020256000000000002,2.08,0.9500000000000001
368,-0.0020224,2.08,0.97
369,-0.0020192000000000005,2.12,0.97
370,-0.0020160000000000004,2.12,0.99
371,-0.0020128000000000004,2.16,0.97
372,-0.0020096000000000003,2.16,0.99
373,-0.0020064,2.16,0.99
374,-0.0020032,2.16,0.99
375,-0.002,2.2,1.01
376,-0.0019968,2.2,1.01
377,-0.0019936,2.2,1.01
378,-0.0019904000000000002,2.24,1.01
379,-0.0019872,2.24,1.03
380,-0.0019840000000000005,2.24,1.03
381,-0.0019808000000000004,2.24,1.05
382,-0.0019776000000000004,2.2800000000000002,1.05
383,-0.0019744000000000003,2.2800000000000002,1.05
384,-0.0019712,2.32,1.07
385,-0.001968,2.2800000000000002,1.07
386,-0.0019648,2.32,1.07
387,-0.0019616,2.36,1.07
388,-0.0019584,2.32,1.09
389,-0.0019552000000000003,2.36,1.09
390,-0.0019520000000000002,2.36,1.09
391,-0.0019488000000000003,2.4,1.11
392,-0.0019456000000000002,2.4,1.09
393,-0.0019424000000000002,2.44,1.11
394,-0.0019392000000000003,2.44,1.11
395,-0.0019360000000000002,2.44,1.1300000000000001
396,-0.0019328000000000001,2.44,1.1300000000000001
397,-0.0019296000000000003,2.48,1.1500000000000001
398,-0.0019264000000000002,2.48,1.1500000000000001
399,-0.0019232000000000001,2.48,1.1500000000000001
400,-0.0019200000000000003,2.52,1.17
401,-0.0019168000000000002,2.52,1.17
402,-0.0019136000000000001,2.52,1.17
403,-0.0019104000000000002,2.52,1.19
404,-0.0019072000000000002,2.52,1.17
405,-0.0019040000000000003,2.56,1.19
406,-0.0019008000000000002,2.56,1.19
407,-0.0018976000000000002,2.56,1.19
408,-0.0018944000000000003,2.6,1.21
409,-0.0018912000000000002,2.64,1.21
410,-0.0018880000000000001,2.6,1.23
411,-0.0018848000000000003,2.64,1.21
412,-0.0018816000000000002,2.64,1.23
413,-0.0018784000000000001,2.64,1.23
414,-0.0018752000000000003,2.68,1.23
415,-0.0018720000000000002,2.72,1.25
416,-0.0018688000000000003,2.72,1.25
417,-0.0018656000000000002,2.72,1.25
418,-0.0018624000000000002,2.72,1.27
419,-0.0018592000000000003,2.7600000000000002,1.27
420,-0.0018560000000000002,2.7600000000000002,1.27
421,-0.0018528000000000001,2.7600000000000002,1.29
422,-0.0018496000000000003,2.7600000000000002,1.29
423,-0.0018464000000000002,2.84,1.29
424,-0.0018432000000000001,2.8000000000000003,1.31
425,-0.0018400000000000003,2.84,1.33
426,-0.0018368000000000002,2.84,1.33
427,-0.0018336000000000001,2.84,1.33
428,-0.0018304000000000003,2.88,1.33
429,-0.0018272000000000002,2.92,1.33
430,-0.0018240000000000003,2.92,1.33
431,-0.0018208000000000002,2.88,1.35
432,-0.0018176000000000002,2.92,1.37
433,-0.0018144000000000003,2.92,1.37
434,-0.0018112000000000002,2.96,1.37
435,-0.0018080000000000001,2.92,1.37
436,-0.0018048000000000003,2.96,1.37
437,-0.0018016000000000002,2.96,1.3900000000000001
438,-0.0017984000000000001,3.0,1.3900000000000001
439,-0.0017952000000000003,3.0,1.3900000000000001
440,-0.0017920000000000002,3.0,1.41
441,-0.0017888000000000001,3.04,1.41
442,-0.0017856000000000003,3.04,1.41
443,-0.0017824000000000002,3.04,1.41
444,-0.0017792000000000003,3.08,1.43
445,-0.0017760000000000002,3.08,1.43
446,-0.0017728000000000002,3.12,1.43
447,-0.0017696000000000003,3.12,1.45
448,-0.0017664000000000002,3.12,1.45
449,-0.0017632000000000001,3.12,1.45
450,-0.0017600000000000003,3.16,1.45
451,-0.0017568000000000002,3.16,1.47
452,-0.0017536000000000001,3.16,1.47
453,-0.0017504000000000003,3.2,1.49
454,-0.0017472000000000002,3.2,1.49
455,-0.0017440000000000003,3.2,1.49
456,-0.0017408000000000002,3.2,1.49
457,-0.0017376000000000002,3.24,1.51
458,-0.0017344000000000003,3.24,1.51
459,-0.0017312000000000002,3.2800000000000002,1.53
460,-0.0017280000000000002,3.2800000000000002,1.53
461,-0.0017248000000000003,3.2800000000000002,1.53
462,-0.0017216000000000002,3.3200000000000003,1.53
463,-0.0017184000000000001,3.3200000000000003,1.55
464,-0.0017152000000000003,3.36,1.55
465,-0.0017120000000000002,3.36,1.57
466,-0.0017088000000000001,3.36,1.57
467,-0.0017056000000000003,3.36,1.57
468,-0.0017024000000000002,3.36,1.57
469,-0.0016992000000000003,3.36,1.57
470,-0.0016960000000000002,3.4,1.59
471,-0.0016928000000000002,3.4,1.59
472,-0.0016896000000000003,3.44,1.59
473,-0.0016864000000000002,3.44,1.59
474,-0.0016832000000000001,3.44,1.61
475,-0.0016800000000000003,3.48,1.61
476,-0.0016768000000000002,3.44,1.61
477,-0.0016736000000000001,3.48,1.6300000000000001
478,-0.0016704000000000003,3.48,1.6300000000000001
479,-0.0016672000000000002,3.52,1.6300000000000001
480,-0.0016640000000000001,3.56,1.6500000000000001
481,-0.0016608000000000003,3.52,1.6500000000000001
482,-0.0016576000000000002,3.56,1.6500000000000001
483,-0.0016544000000000003,3.56,1.67
484,-0.0016512000000000002,3.56,1.67
485,-0.0016480000000000002,3.6,1.67
486,-0.0016448000000000003,3.6,1.71
487,-0.0016416000000000002,3.64,1.69
488,-0.0016384000000000001,3.6,1.69
489,-0.0016352000000000003,3.68,1.69
490,-0.0016320000000000002,3.64,1.73
491,-0.0016288000000000001,3.68,1.73
492,-0.0016256000000000003,3.68,1.73
493,-0.0016224000000000002,3.68,1.71
494,-0.0016192000000000003,3.72,1.73
495,-0.0016160000000000002,3.72,1.75
496,-0.0016128000000000002,3.72,1.75
497,-0.0016096000000000003,3.7600000000000002,1.75
498,-0.0016064000000000002,3.8000000000000003,1.75
499,-0.0016032000000000002,3.7600000000000002,1.77
500,-0.0016000000000000003,3.7600000000000002,1.79
501,-0.0015968000000000002,3.8000000000000003,1.77
502,-0.0015936000000000001,3.8000000000000003,1.79
503,-0.0015904000000000003,3.84,1.79
504,-0.0015872000000000002,3.84,1.79
505,-0.0015840000000000001,3.84,1.81
506,-0.0015808000000000003,3.88,1.81
507,-0.0015776000000000002,3.88,1.81
508,-0.0015744000000000003,3.88,1.81
509,-0.0015712000000000002,3.88,1.83
510,-0.0015680000000000002,3.92,1.85
511,-0.0015648000000000003,3.88,1.85
512,-0.0015616000000000002,3.92,1.85
513,-0.0015584000000000001,3.96,1.87
514,-0.0015552000000000003,3.96,1.85
515,-0.0015520000000000002,4.0,1.87
516,-0.0015488000000000001,4.0,1.87
517,-0.0015456000000000003,4.0,1.8900000000000001
518,-0.0015424000000000002,4.0,1.8900000000000001
519,-0.0015392000000000003,4.04,1.8900000000000001
520,-0.0015360000000000003,4.04,1.8900000000000001
521,-0.0015328000000000002,4.04,1.9100000000000001
522,-0.0015296000000000003,4.04,1.9100000000000001
523,-0.0015264000000000002,4.08,1.93
524,-0.0015232000000000002,4.08,1.93
525,-0.0015200000000000003,4.12,1.93
526,-0.0015168000000000002,4.12,1.93
527,-0.0015136000000000001,4.12,1.93
528,-0.0015104000000000003,4.16,1.95
529,-0.0015072000000000002,4.16,1.95
530,-0.0015040000000000001,4.16,1.97
531,-0.0015008000000000003,4.2,1.97
532,-0.0014976000000000002,4.2,1.97
533,-0.0014944000000000003,4.2,1.97
534,-0.0014912000000000003,4.2,1.99
535,-0.0014880000000000002,4.24,1.99
536,-0.0014848000000000003,4.24,1.99
537,-0.0014816000000000002,4.24,2.0100000000000002
538,-0.0014784000000000002,4.28,2.0100000000000002
539,-0.0014752000000000003,4.28,2.0100000000000002
540,-0.0014720000000000002,4.28,2.0300000000000002
541,-0.0014688000000000001,4.32,2.0300000000000002
542,-0.0014656000000000003,4.32,2.0300000000000002
543,-0.0014624000000000002,4.36,2.05
544,-0.0014592000000000003,4.36,2.05
545,-0.0014560000000000003,4.36,2.05
546,-0.0014528000000000002,4.36,2.05
547,-0.0014496000000000003,4.4,2.07
548,-0.0014464000000000002,4.4,2.07
549,-0.0014432000000000002,4.4,2.07
550,-0.0014400000000000003,4.44,2.07
551,-0.0014368000000000002,4.44,2.09
552,-0.0014336000000000002,4.44,2.09
553,-0.0014304000000000003,4.48,2.11
554,-0.0014272000000000002,4.48,2.11
555,-0.0014240000000000001,4.48,2.11
556,-0.0014208000000000003,4.48,2.11
557,-0.0014176000000000002,4.48,2.13
558,-0.0014144000000000003,4.5200000000000005,2.13
559,-0.0014112000000000003,4.5200000000000005,2.13
560,-0.0014080000000000002,4.5600000000000005,2.15
561,-0.0014048000000000003,4.5600000000000005,2.15
562,-0.0014016000000000002,4.6000000000000005,2.15
563,-0.0013984000000000002,4.6000000000000005,2.17
564,-0.0013952000000000003,4.6000000000000005,2.17
565,-0.0013920000000000002,4.64,2.17
566,-0.0013888000000000001,4.64,2.17
567,-0.0013856000000000003,4.64,2.17
568,-0.0013824000000000002,4.68,2.19
569,-0.0013792000000000001,4.68,2.19
570,-0.0013760000000000003,4.68,2.21
571,-0.0013728000000000002,4.72,2.21
572,-0.0013696000000000003,4.72,2.21
573,-0.0013664000000000003,4.72,2.23
574,-0.0013632000000000002,4.72,2.23
575,-0.0013600000000000003,4.76,2.23
576,-0.0013568000000000002,4.76,2.25
577,-0.0013536000000000002,4.76,2.25
578,-0.0013504000000000003,4.76,2.25
579,-0.0013472000000000002,4.8,2.27
580,-0.0013440000000000001,4.8,2.27
581,-0.0013408000000000003,4.84,2.27
582,-0.0013376000000000002,4.84,2.29
583,-0.0013344000000000003,4.84,2.27
584,-0.0013312000000000003,4.84,2.29
585,-0.0013280000000000002,4.88,2.31
586,-0.0013248000000000003,4.88,2.29
587,-0.0013216000000000002,4.88,2.31
588,-0.0013184000000000002,4.92,2.31
589,-0.0013152000000000003,4.92,2.33
590,-0.0013120000000000002,4.92,2.31
591,-0.0013088000000000002,4.96,2.33
592,-0.0013056000000000003,4.96,2.33
593,-0.0013024000000000002,4.96,2.33
594,-0.0012992000000000001,5.0,2.35
595,-0.0012960000000000003,5.0,2.35
596,-0.0012928000000000002,0.08,1.8900000000000001
597,-0.0012896000000000003,0.08,1.1300000000000001
598,-0.0012864000000000003,0.12,0.6900000000000001
599,-0.0012832000000000002,0.12,0.43
600,-0.0012800000000000003,0.12,0.27
601,-0.0012768000000000002,0.12,0.17
602,-0.0012736000000000002,0.12,0.13
603,-0.0012704000000000003,0.12,0.09
604,-0.0012672000000000002,0.12,0.07
605,-0.0012640000000000001,0.16,0.07
606,-0.0012608000000000003,0.16,0.07
607,-0.0012576000000000002,0.16,0.07
608,-0.0012544000000000001,0.2,0.07
609,-0.0012512000000000003,0.2,0.07
610,-0.0012480000000000002,0.2,0.07
611,-0.0012448000000000003,0.24,0.09
612,-0.0012416000000000003,0.24,0.09
613,-0.0012384000000000002,0.24,0.09
614,-0.0012352,0.24,0.09
615,-0.0012320000000000005,0.28,0.11
616,-0.0012288000000000004,0.28,0.11
617,-0.0012256000000000003,0.28,0.11
618,-0.0012224000000000002,0.32,0.11
619,-0.0012192000000000001,0.32,0.13
620,-0.001216,0.32,0.15
621,-0.0012128000000000004,0.36,0.15
622,-0.0012096000000000003,0.36,0.15
623,-0.0012064000000000003,0.36,0.15
624,-0.0012032000000000002,0.4,0.15
625,-0.0012000000000000001,0.4,0.17
626,-0.0011968,0.4,0.17
627,-0.0011936000000000004,0.4,0.17
628,-0.0011904000000000003,0.4,0.19
629,-0.0011872000000000002,0.44,0.19
630,-0.0011840000000000002,0.44,0.21
631,-0.0011808,0.44,0.21
632,-0.0011776000000000004,0.48,0.21
633,-0.0011744000000000004,0.48,0.23
634,-0.0011712000000000003,0.48,0.21
635,-0.0011680000000000002,0.52,0.23
636,-0.0011648000000000001,0.52,0.23
637,-0.0011616,0.52,0.25
638,-0.0011584000000000004,0.56,0.25
639,-0.0011552000000000003,0.6,0.25
640,-0.0011520000000000002,0.56,0.27
641,-0.0011488000000000002,0.56,0.27
642,-0.0011456,0.6,0.29
643,-0.0011424000000000004,0.6,0.27
644,-0.0011392000000000004,0.6,0.27
645,-0.0011360000000000003,0.64,0.29
646,-0.0011328000000000002,0.64,0.29
647,-0.0011296000000000001,0.68,0.29
648,-0.0011264,0.68,0.31
649,-0.0011232000000000004,0.68,0.31
650,-0.0011200000000000003,0.68,0.31
651,-0.0011168000000000003,0.72,0.33
652,-0.0011136000000000002,0.72,0.33
653,-0.0011104,0.72,0.33
654,-0.0011072000000000005,0.76,0.33
655,-0.0011040000000000004,0.76,0.35000000000000003
656,-0.0011008000000000003,0.76,0.35000000000000003
657,-0.0010976000000000002,0.8,0.35000000000000003
658,-0.0010944000000000001,0.8,0.35000000000000003
659,-0.0010912,0.8,0.37
660,-0.0010880000000000004,0.84,0.39
661,-0.0010848000000000003,0.84,0.39
662,-0.0010816000000000003,0.84,0.39
663,-0.0010784000000000002,0.88,0.39
664,-0.0010752000000000001,0.88,0.41000000000000003
665,-0.001072,0.88,0.41000000000000003
666,-0.0010688000000000004,0.92,0.41000000000000003
667,-0.0010656000000000003,0.92,0.41000000000000003
668,-0.0010624000000000002,0.92,0.43
669,-0.0010592000000000002,0.96,0.45
670,-0.001056,0.96,0.45
671,-0.0010528000000000004,0.96,0.45
672,-0.0010496000000000004,1.0,0.45
673,-0.0010464000000000003,1.0,0.45
674,-0.0010432000000000002,1.0,0.47000000000000003
675,-0.0010400000000000001,1.04,0.47000000000000003
676,-0.0010368,1.04,0.47000000000000003
677,-0.0010336000000000004,1.04,0.47000000000000003
678,-0.0010304000000000003,1.08,0.49
679,-0.0010272000000000002,1.08,0.51
680,-0.0010240000000000002,1.08,0.49
681,-0.0010208,1.08,0.51
682,-0.0010176000000000004,1.12,0.53
683,-0.0010144000000000004,1.16,0.53
684,-0.0010112000000000003,1.12,0.53
685,-0.0010080000000000002,1.16,0.51
686,-0.0010048000000000001,1.16,0.53
687,-0.0010016,1.2,0.53
688,-0.0009984000000000004,1.2,0.55
689,-0.0009952000000000003,1.24,0.5700000000000001
690,-0.0009920000000000003,1.24,0.55
691,-0.0009888000000000002,1.24,0.55
692,-0.0009856,1.24,0.5700000000000001
693,-0.0009824000000000005,1.28,0.5700000000000001
694,-0.0009792000000000004,1.28,0.5700000000000001
695,-0.0009760000000000003,1.28,0.59
696,-0.0009728000000000002,1.32,0.59
697,-0.0009696000000000001,1.32,0.59
698,-0.0009664000000000001,1.32,0.61
699,-0.0009632000000000004,1.36,0.61
700,-0.0009600000000000003,1.32,0.61
701,-0.0009568000000000003,1.36,0.63
702,-0.0009536000000000002,1.36,0.63
703,-0.0009504000000000001,1.36,0.63
704,-0.0009472,1.36,0.65
705,-0.0009440000000000004,1.4000000000000001,0.63
706,-0.0009408000000000003,1.44,0.65
707,-0.0009376000000000002,1.44,0.65
708,-0.0009344000000000002,1.44,0.67
709,-0.0009312000000000001,1.48,0.67
710,-0.0009280000000000004,1.44,0.6900000000000001
711,-0.0009248000000000004,1.48,0.67
712,-0.0009216000000000003,1.48,0.6900000000000001
713,-0.0009184000000000002,1.48,0.6900000000000001
714,-0.0009152000000000001,1.52,0.71
715,-0.000912,1.56,0.71
716,-0.0009088000000000004,1.56,0.71
717,-0.0009056000000000003,1.6,0.73
718,-0.0009024000000000003,1.6,0.73
719,-0.0008992000000000002,1.6,0.73
720,-0.0008960000000000001,1.6,0.73
721,-0.0008928000000000005,1.6400000000000001,0.73
722,-0.0008896000000000004,1.6400000000000001,0.73
723,-0.0008864000000000003,1.6400000000000001,0.75
724,-0.0008832000000000002,1.6400000000000001,0.75
725,-0.0008800000000000001,1.68,0.79
726,-0.0008768000000000001,1.68,0.77
727,-0.0008736000000000004,1.72,0.77
728,-0.0008704000000000003,1.68,0.79
729,-0.0008672000000000003,1.72,0.79
730,-0.0008640000000000002,1.72,0.79
731,-0.0008608000000000001,1.76,0.81
732,-0.0008576000000000005,1.76,0.81
733,-0.0008544000000000004,1.76,0.8300000000000001
734,-0.0008512000000000003,1.76,0.81
735,-0.0008480000000000002,1.8,0.8300000000000001
736,-0.0008448000000000002,1.8,0.8300000000000001
737,-0.0008416000000000001,1.8,0.85
738,-0.0008384000000000004,1.84,0.85
739,-0.0008352000000000004,1.84,0.85
740,-0.0008320000000000003,1.84,0.85
741,-0.0008288000000000002,1.84,0.85
742,-0.0008256000000000001,1.8800000000000001,0.87
743,-0.0008224000000000005,1.8800000000000001,0.87
744,-0.0008192000000000004,1.92,0.87
745,-0.0008160000000000003,1.92,0.89
746,-0.0008128000000000002,1.92,0.89
747,-0.0008096000000000002,1.92,0.91
748,-0.0008064000000000001,1.96,0.91
749,-0.0008032000000000004,2.0,0.89
750,-0.0008000000000000004,2.0,0.91
751,-0.0007968000000000003,2.0,0.93
752,-0.0007936000000000002,2.04,0.93
753,-0.0007904000000000001,2.04,0.9500000000000001
754,-0.0007872,2.04,0.93
755,-0.0007840000000000004,2.04,0.9500000000000001
756,-0.0007808000000000003,2.08,0.9500000000000001
757,-0.0007776000000000003,2.08,0.9500000000000001
758,-0.0007744000000000002,2.12,0.9500000000000001
759,-0.0007712000000000001,2.12,0.97
760,-0.0007680000000000005,2.12,0.97
761,-0.0007648000000000004,2.16,0.97
762,-0.0007616000000000003,2.12,0.99
763,-0.0007584000000000002,2.16,0.99
764,-0.0007552000000000001,2.16,0.99
765,-0.0007520000000000001,2.16,0.99
766,-0.0007488000000000004,2.2,1.03
767,-0.0007456000000000003,2.2,1.01
768,-0.0007424000000000003,2.24,1.01
769,-0.0007392000000000002,2.24,1.03
770,-0.0007360000000000001,2.2800000000000002,1.03
771,-0.0007328000000000005,2.24,1.03
772,-0.0007296000000000004,2.24,1.05
773,-0.0007264000000000003,2.2800000000000002,1.07
774,-0.0007232000000000002,2.2800000000000002,1.05
775,-0.0007200000000000002,2.32,1.07
776,-0.0007168000000000001,2.32,1.07
777,-0.0007136000000000004,2.32,1.07
778,-0.0007104000000000004,2.32,1.09
779,-0.0007072000000000003,2.36,1.09
780,-0.0007040000000000002,2.36,1.09
781,-0.0007008000000000001,2.4,1.09
782,-0.0006976000000000005,2.36,1.11
783,-0.0006944000000000004,2.4,1.11
784,-0.0006912000000000003,2.4,1.11
785,-0.0006880000000000002,2.44,1.1300000000000001
786,-0.0006848000000000002,2.44,1.1300000000000001
787,-0.0006816000000000001,2.44,1.1300000000000001
788,-0.0006784000000000004,2.48,1.1300000000000001
789,-0.0006752000000000004,2.48,1.1500000000000001
790,-0.0006720000000000003,2.48,1.1500000000000001
791,-0.0006688000000000002,2.52,1.17
792,-0.0006656000000000001,2.52,1.17
793,-0.0006624000000000001,2.52,1.17
794,-0.0006592000000000004,2.56,1.17
795,-0.0006560000000000003,2.56,1.19
796,-0.0006528000000000003,2.56,1.17
797,-0.0006496000000000002,2.56,1.19
798,-0.0006464000000000001,2.64,1.21
799,-0.0006432000000000005,2.6,1.21
800,-0.0006400000000000004,2.6,1.23
801,-0.0006368000000000003,2.64,1.21
802,-0.0006336000000000002,2.64,1.23
803,-0.0006304000000000001,2.64,1.23
804,-0.0006272000000000001,2.68,1.23
805,-0.0006240000000000004,2.68,1.25
806,-0.0006208000000000003,2.72,1.25
807,-0.0006176000000000003,2.72,1.25
808,-0.0006144000000000002,2.72,1.27
809,-0.0006112000000000001,2.72,1.27
810,-0.0006080000000000005,2.7600000000000002,1.27
811,-0.0006048000000000004,2.7600000000000002,1.27
812,-0.0006016000000000003,2.7600000000000002,1.29
813,-0.0005984000000000002,2.8000000000000003,1.29
814,-0.0005952000000000002,2.8000000000000003,1.29
815,-0.0005920000000000001,2.84,1.31
816,-0.0005888000000000004,2.84,1.31
817,-0.0005856000000000004,2.84,1.31
818,-0.0005824000000000003,2.88,1.31
819,-0.0005792000000000002,2.84,1.33
820,-0.0005760000000000001,2.84,1.33
821,-0.0005728000000000005,2.88,1.33
822,-0.0005696000000000004,2.92,1.35
823,-0.0005664000000000003,2.92,1.35
824,-0.0005632000000000002,2.96,1.35
825,-0.0005600000000000002,2.96,1.37
826,-0.0005568000000000001,2.96,1.3900000000000001
827,-0.0005536000000000004,2.96,1.3900000000000001
828,-0.0005504000000000004,3.0,1.3900000000000001
829,-0.0005472000000000003,3.0,1.3900000000000001
830,-0.0005440000000000002,3.0,1.3900000000000001
831,-0.0005408000000000001,3.0,1.41
832,-0.0005376000000000005,3.04,1.43
833,-0.0005344000000000004,3.04,1.41
834,-0.0005312000000000003,3.04,1.43
835,-0.0005280000000000003,3.08,1.43
836,-0.0005248000000000002,3.12,1.43
837,-0.0005216000000000001,3.12,1.45
838,-0.0005184000000000005,3.12,1.47
839,-0.0005152000000000004,3.12,1.47
840,-0.0005120000000000003,3.12,1.45
841,-0.0005088000000000002,3.16,1.47
842,-0.0005056000000000001,3.2,1.47
843,-0.0005024000000000001,3.2,1.49
844,-0.0004992000000000004,3.2,1.47
845,-0.0004960000000000003,3.2,1.49
846,-0.0004928000000000003,3.2,1.49
847,-0.0004896000000000002,3.24,1.49
848,-0.0004864000000000001,3.24,1.53
849,-0.00048320000000000047,3.24,1.51
850,-0.0004800000000000004,3.24,1.53
851,-0.0004768000000000003,3.2800000000000002,1.53
852,-0.00047360000000000024,3.2800000000000002,1.55
853,-0.00047040000000000016,3.2800000000000002,1.55
854,-0.0004672000000000001,3.3200000000000003,1.55
855,-0.00046400000000000044,3.36,1.55
856,-0.00046080000000000036,3.36,1.55
857,-0.0004576000000000003,3.3200000000000003,1.57
858,-0.0004544000000000002,3.36,1.57
859,-0.0004512000000000001,3.4,1.57
860,-0.0004480000000000005,3.4,1.59
861,-0.0004448000000000004,3.4,1.61
862,-0.0004416000000000003,3.44,1.59
863,-0.00043840000000000025,3.44,1.59
864,-0.00043520000000000017,3.44,1.61
865,-0.0004320000000000001,3.44,1.61
866,-0.00042880000000000045,3.48,1.6300000000000001
867,-0.00042560000000000037,3.52,1.6300000000000001
868,-0.0004224000000000003,3.52,1.6300000000000001
869,-0.0004192000000000002,3.52,1.6300000000000001
870,-0.00041600000000000014,3.52,1.6500000000000001
871,-0.0004128000000000005,3.56,1.67
872,-0.0004096000000000004,3.56,1.67
873,-0.00040640000000000034,3.52,1.67
874,-0.00040320000000000026,3.56,1.6500000000000001
875,-0.0004000000000000002,3.56,1.67
876,-0.0003968000000000001,3.6,1.67
877,-0.00039360000000000046,3.6,1.69
878,-0.0003904000000000004,3.64,1.69
879,-0.0003872000000000003,3.64,1.69
880,-0.0003840000000000002,3.64,1.71
881,-0.00038080000000000015,3.64,1.73
882,-0.00037760000000000007,3.68,1.71
883,-0.0003744000000000004,3.68,1.73
884,-0.00037120000000000035,3.72,1.73
885,-0.00036800000000000027,3.72,1.73
886,-0.0003648000000000002,3.72,1.75
887,-0.0003616000000000001,3.72,1.77
888,-0.00035840000000000047,3.7600000000000002,1.75
889,-0.0003552000000000004,3.7600000000000002,1.77
890,-0.0003520000000000003,3.7600000000000002,1.77
891,-0.00034880000000000024,3.8000000000000003,1.77
892,-0.00034560000000000016,3.8000000000000003,1.77
893,-0.0003424000000000001,3.8000000000000003,1.79
894,-0.00033920000000000044,3.84,1.81
895,-0.00033600000000000036,3.84,1.81
896,-0.0003328000000000003,3.84,1.81
897,-0.0003296000000000002,3.88,1.81
898,-0.00032640000000000013,3.88,1.81
899,-0.0003232000000000005,3.88,1.83
900,-0.0003200000000000004,3.88,1.83
901,-0.00031680000000000033,3.92,1.85
902,-0.00031360000000000025,3.92,1.85
903,-0.00031040000000000017,3.96,1.85
904,-0.0003072000000000001,3.96,1.87
905,-0.00030400000000000045,3.96,1.85
906,-0.00030080000000000037,4.0,1.87
907,-0.0002976000000000003,4.0,1.87
908,-0.0002944000000000002,4.0,1.87
909,-0.00029120000000000014,4.0,1.8900000000000001
910,-0.0002880000000000005,4.04,1.8900000000000001
911,-0.0002848000000000004,4.04,1.8900000000000001
912,-0.00028160000000000034,4.04,1.9100000000000001
913,-0.00027840000000000026,4.08,1.9100000000000001
914,-0.0002752000000000002,4.08,1.93
915,-0.0002720000000000001,4.12,1.93
916,-0.00026880000000000046,4.08,1.93
917,-0.0002656000000000004,4.12,1.93
918,-0.0002624000000000003,4.16,1.95
919,-0.00025920000000000023,4.16,1.95
920,-0.00025600000000000015,4.16,1.97
921,-0.0002528000000000001,4.16,1.97
922,-0.00024960000000000043,4.16,1.97
923,-0.00024640000000000035,4.2,1.97
924,-0.00024320000000000027,4.2,1.97
925,-0.0002400000000000002,4.24,1.99
926,-0.00023680000000000012,4.24,1.99
927,-0.00023360000000000047,4.24,1.99
928,-0.0002304000000000004,4.28,2.0100000000000002
929,-0.00022720000000000032,4.28,2.0300000000000002
930,-0.00022400000000000024,4.28,2.0300000000000002
931,-0.00022080000000000016,4.28,2.0300000000000002
932,-0.00021760000000000009,4.32,2.0300000000000002
933,-0.00021440000000000044,4.32,2.0300000000000002
934,-0.00021120000000000036,4.32,2.0300000000000002
935,-0.00020800000000000029,4.36,2.05
936,-0.0002048000000000002,4.36,2.05
937,-0.00020160000000000013,4.4,2.07
938,-0.00019840000000000049,4.4,2.07
939,-0.0001952000000000004,4.4,2.07
940,-0.00019200000000000033,4.4,2.07
941,-0.00018880000000000025,4.44,2.09
942,-0.00018560000000000017,4.44,2.09
943,-0.0001824000000000001,4.44,2.09
944,-0.00017920000000000045,4.44,2.11
945,-0.00017600000000000037,4.44,2.11
946,-0.0001728000000000003,4.5200000000000005,2.11
947,-0.00016960000000000022,4.5200000000000005,2.13
948,-0.00016640000000000014,4.5200000000000005,2.13
949,-0.0001632000000000005,4.5200000000000005,2.13
950,-0.00016000000000000042,4.5600000000000005,2.15
951,-0.00015680000000000034,4.5600000000000005,2.15
952,-0.00015360000000000026,4.5600000000000005,2.15
953,-0.00015040000000000019,4.5600000000000005,2.15
954,-0.0001472000000000001,4.5600000000000005,2.17
955,-0.00014400000000000046,4.6000000000000005,2.17
956,-0.0001408000000000004,4.6000000000000005,2.17
957,-0.0001376000000000003,4.6000000000000005,2.19
958,-0.00013440000000000023,4.64,2.19
959,-0.00013120000000000015,4.68,2.19
960,-0.00012800000000000008,4.68,2.21
961,-0.00012480000000000043,4.68,2.21
962,-0.00012160000000000035,4.68,2.21
963,-0.00011840000000000028,4.72,2.21
964,-0.0001152000000000002,4.72,2.21
965,-0.00011200000000000012,4.72,2.23
966,-0.00010880000000000048,4.76,2.23
967,-0.0001056000000000004,4.76,2.25
968,-0.00010240000000000032,4.76,2.25
969,-9.920000000000024e-05,4.76,2.25
970,-9.600000000000017e-05,4.8,2.27
971,-9.280000000000009e-05,4.84,2.27
972,-8.960000000000044e-05,4.84,2.27
973,-8.640000000000037e-05,4.84,2.29
974,-8.320000000000029e-05,4.84,2.27
975,-8.000000000000021e-05,4.84,2.29
976,-7.680000000000013e-05,4.88,2.29
977,-7.360000000000049e-05,4.92,2.31
978,-7.040000000000041e-05,4.92,2.31
979,-6.720000000000033e-05,4.92,2.31
980,-6.400000000000025e-05,4.96,2.33
981,-6.080000000000018e-05,4.96,2.33
982,-5.76000000000001e-05,4.96,2.33
983,-5.4400000000000455e-05,4.96,2.33
984,-5.120000000000038e-05,4.96,2.35
985,-4.80000000000003e-05,5.0,2.35
986,-4.480000000000022e-05,0.08,2.37
987,-4.1600000000000144e-05,0.08,1.55
988,-3.84000000000005e-05,0.08,0.93
989,-3.520000000000042e-05,0.12,0.5700000000000001
990,-3.2000000000000344e-05,0.12,0.37
991,-2.8800000000000266e-05,0.08,0.23
992,-2.560000000000019e-05,0.12,0.17
993,-2.240000000000011e-05,0.12,0.11
994,-1.9200000000000467e-05,0.12,0.09
995,-1.600000000000039e-05,0.16,0.07
996,-1.2800000000000311e-05,0.16,0.07
997,-9.600000000000233e-06,0.16,0.07
998,-6.4000000000001556e-06,0.16,0.07
999,-3.2000000000005115e-06,0.2,0.07
1000,-4.336808689942018e-19,0.2,0.07
1001,3.199999999999644e-06,0.24,0.09
1002,6.399999999999722e-06,0.24,0.09
1003,9.5999999999998e-06,0.2,0.09
1004,1.2799999999999877e-05,0.24,0.09
1005,1.599999999999952e-05,0.24,0.11
1006,1.91999999999996e-05,0.28,0.11
1007,2.2399999999999677e-05,0.28,0.13
1008,2.5599999999999755e-05,0.32,0.13
1009,2.8799999999999833e-05,0.32,0.13
1010,3.199999999999991e-05,0.32,0.15
1011,3.5199999999999555e-05,0.36,0.13
1012,3.839999999999963e-05,0.32,0.15
1013,4.159999999999971e-05,0.36,0.15
1014,4.479999999999979e-05,0.36,0.15
1015,4.7999999999999866e-05,0.36,0.17
1016,5.119999999999951e-05,0.4,0.17
1017,5.439999999999959e-05,0.4,0.17
1018,5.7599999999999665e-05,0.4,0.19
1019,6.079999999999974e-05,0.4,0.19
1020,6.399999999999982e-05,0.44,0.21
1021,6.71999999999999e-05,0.44,0.19
1022,7.039999999999954e-05,0.44,0.21
1023,7.359999999999962e-05,0.48,0.21
1024,7.67999999999997e-05,0.48,0.23
1025,7.999999999999978e-05,0.48,0.23
1026,8.319999999999985e-05,0.52,0.23
1027,8.63999999999995e-05,0.56,0.25
1028,8.959999999999958e-05,0.56,0.23
1029,9.279999999999965e-05,0.56,0.25
1030,9.599999999999973e-05,0.56,0.25
1031,9.919999999999981e-05,0.56,0.25
1032,0.00010239999999999989,0.6,0.25
1033,0.00010559999999999953,0.6,0.29
1034,0.00010879999999999961,0.6,0.29
1035,0.00011199999999999969,0.6,0.27
1036,0.00011519999999999976,0.64,0.29
1037,0.00011839999999999984,0.64,0.31
1038,0.00012159999999999949,0.64,0.31
1039,0.00012479999999999956,0.68,0.31
1040,0.00012799999999999964,0.68,0.33
1041,0.00013119999999999972,0.68,0.31
1042,0.0001343999999999998,0.72,0.33
1043,0.00013759999999999988,0.76,0.33
1044,0.00014079999999999952,0.72,0.33
1045,0.0001439999999999996,0.76,0.35000000000000003
1046,0.00014719999999999967,0.76,0.35000000000000003
1047,0.00015039999999999975,0.76,0.35000000000000003
1048,0.00015359999999999983,0.8,0.37
1049,0.0001567999999999999,0.8,0.37
1050,0.00015999999999999955,0.8,0.37
1051,0.00016319999999999963,0.84,0.39
1052,0.0001663999999999997,0.84,0.39
1053,0.00016959999999999979,0.88,0.39
1054,0.00017279999999999986,0.88,0.39
1055,0.0001759999999999995,0.88,0.41000000000000003
1056,0.00017919999999999959,0.92,0.41000000000000003
1057,0.00018239999999999966,0.92,0.41000000000000003
1058,0.00018559999999999974,0.92,0.43
1059,0.00018879999999999982,0.92,0.43
1060,0.0001919999999999999,0.92,0.43
1061,0.00019519999999999954,0.96,0.45
1062,0.00019839999999999962,0.96,0.45
1063,0.0002015999999999997,0.96,0.45
1064,0.00020479999999999977,1.0,0.47000000000000003
1065,0.00020799999999999985,1.0,0.47000000000000003
1066,0.0002111999999999995,1.04,0.47000000000000003
1067,0.00021439999999999957,1.04,0.47000000000000003
1068,0.00021759999999999965,1.08,0.47000000000000003
1069,0.00022079999999999973,1.08,0.49
1070,0.0002239999999999998,1.04,0.49
1071,0.00022719999999999988,1.08,0.51
1072,0.00023039999999999953,1.12,0.49
1073,0.0002335999999999996,1.12,0.53
1074,0.00023679999999999968,1.12,0.51
1075,0.00023999999999999976,1.12,0.51
1076,0.00024319999999999984,1.16,0.53
1077,0.0002463999999999995,1.16,0.55
1078,0.00024959999999999956,1.16,0.55
1079,0.00025279999999999964,1.2,0.55
1080,0.0002559999999999997,1.2,0.55
1081,0.0002591999999999998,1.24,0.5700000000000001
1082,0.0002623999999999999,1.24,0.5700000000000001
1083,0.0002655999999999995,1.24,0.5700000000000001
1084,0.0002687999999999996,1.24,0.5700000000000001
1085,0.00027199999999999967,1.28,0.59
1086,0.00027519999999999975,1.28,0.59
1087,0.00027839999999999983,1.32,0.59
1088,0.00028159999999999947,1.32,0.61
1089,0.00028479999999999955,1.32,0.61
1090,0.00028799999999999963,1.36,0.61
1091,0.0002911999999999997,1.36,0.63
1092,0.0002943999999999998,1.36,0.63
1093,0.00029759999999999986,1.36,0.63
1094,0.0003007999999999995,1.4000000000000001,0.63
1095,0.0003039999999999996,1.4000000000000001,0.65
1096,0.00030719999999999966,1.4000000000000001,0.65
1097,0.00031039999999999974,1.4000000000000001,0.65
1098,0.0003135999999999998,1.44,0.67
1099,0.0003167999999999999,1.48,0.67
1100,0.00031999999999999954,1.44,0.67
1101,0.0003231999999999996,1.48,0.67
1102,0.0003263999999999997,1.52,0.6900000000000001
1103,0.00032959999999999977,1.48,0.6900000000000001
1104,0.00033279999999999985,1.56,0.71
1105,0.0003359999999999995,1.52,0.71
1106,0.00033919999999999957,1.56,0.71
1107,0.00034239999999999965,1.52,0.73
1108,0.0003455999999999997,1.56,0.71
1109,0.0003487999999999998,1.56,0.73
1110,0.0003519999999999999,1.6,0.73
1111,0.0003551999999999995,1.6,0.73
1112,0.0003583999999999996,1.6,0.75
1113,0.0003615999999999997,1.6,0.77
1114,0.00036479999999999976,1.6400000000000001,0.75
1115,0.00036799999999999984,1.6400000000000001,0.77
1116,0.0003711999999999995,1.68,0.77
1117,0.00037439999999999956,1.68,0.77
1118,0.00037759999999999964,1.72,0.79
1119,0.0003807999999999997,1.72,0.79
1120,0.0003839999999999998,1.72,0.81
1121,0.00038719999999999987,1.76,0.79
1122,0.0003903999999999995,1.76,0.79
1123,0.0003935999999999996,1.76,0.81
1124,0.00039679999999999967,1.76,0.81
1125,0.00039999999999999975,1.76,0.8300000000000001
1126,0.0004031999999999998,1.8,0.8300000000000001
1127,0.00040639999999999947,1.8,0.8300000000000001
1128,0.00040959999999999955,1.84,0.8300000000000001
1129,0.0004127999999999996,1.84,0.8300000000000001
1130,0.0004159999999999997,1.84,0.85
1131,0.0004191999999999998,1.84,0.87
1132,0.00042239999999999986,1.8800000000000001,0.85
1133,0.0004255999999999995,1.8800000000000001,0.87
1134,0.0004287999999999996,1.92,0.87
1135,0.00043199999999999966,1.92,0.87
1136,0.00043519999999999974,1.96,0.89
1137,0.0004383999999999998,1.92,0.89
1138,0.0004415999999999999,1.96,0.91
1139,0.00044479999999999954,1.96,0.91
1140,0.0004479999999999996,2.0,0.91
1141,0.0004511999999999997,2.0,0.91
1142,0.00045439999999999977,2.04,0.93
1143,0.00045759999999999985,2.04,0.9500000000000001
1144,0.0004607999999999995,2.04,0.9500000000000001
1145,0.00046399999999999957,2.04,0.9500000000000001
1146,0.00046719999999999965,2.04,0.9500000000000001
1147,0.0004703999999999997,2.08,0.97
1148,0.0004735999999999998,2.08,0.9500000000000001
1149,0.0004767999999999999,2.12,0.97
1150,0.0004799999999999995,2.12,0.97
1151,0.0004831999999999996,2.12,0.99
1152,0.0004863999999999997,2.12,0.99
1153,0.0004895999999999998,2.16,0.99
1154,0.0004927999999999998,2.16,0.99
1155,0.0004959999999999995,2.16,0.99
1156,0.0004991999999999996,2.2,1.01
1157,0.0005023999999999996,2.24,1.03
1158,0.0005055999999999997,2.2,1.01
1159,0.0005087999999999998,2.24,1.03
1160,0.0005119999999999999,2.24,1.03
1161,0.0005151999999999995,2.24,1.03
1162,0.0005183999999999996,2.24,1.05
1163,0.0005215999999999997,2.2800000000000002,1.05
1164,0.0005247999999999997,2.2800000000000002,1.05
1165,0.0005279999999999998,2.2800000000000002,1.05
1166,0.0005311999999999995,2.32,1.07
1167,0.0005343999999999995,2.32,1.07
1168,0.0005375999999999996,2.36,1.09
1169,0.0005407999999999997,2.36,1.09
1170,0.0005439999999999998,2.36,1.09
1171,0.0005471999999999999,2.36,1.09
1172,0.0005503999999999995,2.4,1.09
1173,0.0005535999999999996,2.4,1.11
1174,0.0005567999999999997,2.4,1.1300000000000001
1175,0.0005599999999999997,2.44,1.11
1176,0.0005631999999999998,2.44,1.11
1177,0.0005663999999999999,2.44,1.1300000000000001
1178,0.0005695999999999995,2.48,1.1300000000000001
1179,0.0005727999999999996,2.48,1.1500000000000001
1180,0.0005759999999999997,2.52,1.1500000000000001
1181,0.0005791999999999998,2.52,1.1500000000000001
1182,0.0005823999999999998,2.52,1.17
1183,0.0005855999999999995,2.52,1.17
1184,0.0005887999999999996,2.56,1.17
1185,0.0005919999999999996,2.56,1.19
1186,0.0005951999999999997,2.56,1.19
1187,0.0005983999999999998,2.56,1.19
1188,0.0006015999999999999,2.6,1.19
1189,0.0006047999999999995,2.6,1.21
1190,0.0006079999999999996,2.6,1.21
1191,0.0006111999999999997,2.6,1.21
1192,0.0006143999999999998,2.64,1.23
1193,0.0006175999999999998,2.64,1.25
1194,0.0006207999999999995,2.68,1.23
1195,0.0006239999999999996,2.64,1.23
1196,0.0006271999999999996,2.72,1.25
1197,0.0006303999999999997,2.72,1.27
1198,0.0006335999999999998,2.72,1.25
1199,0.0006367999999999999,2.72,1.25
1200,0.0006399999999999995,2.72,1.29
1201,0.0006431999999999996,2.7600000000000002,1.29
1202,0.0006463999999999997,2.7600000000000002,1.29
1203,0.0006495999999999997,2.7600000000000002,1.29
1204,0.0006527999999999998,2.8000000000000003,1.29
1205,0.0006559999999999995,2.84,1.29
1206,0.0006591999999999995,2.8000000000000003,1.31
1207,0.0006623999999999996,2.84,1.31
1208,0.0006655999999999997,2.84,1.31
1209,0.0006687999999999998,2.84,1.33
1210,0.0006719999999999999,2.84,1.33
1211,0.0006751999999999995,2.92,1.35
1212,0.0006783999999999996,2.92,1.35
1213,0.0006815999999999997,2.88,1.35
1214,0.0006847999999999997,2.92,1.35
1215,0.0006879999999999998,2.92,1.37
1216,0.0006911999999999999,2.92,1.37
1217,0.0006943999999999995,2.96,1.37
1218,0.0006975999999999996,2.96,1.3900000000000001
1219,0.0007007999999999997,3.0,1.3900000000000001
1220,0.0007039999999999998,3.0,1.3900000000000001
1221,0.0007071999999999994,3.04,1.3900000000000001
1222,0.0007103999999999995,3.04,1.41
1223,0.0007135999999999996,3.04,1.41
1224,0.0007167999999999996,3.08,1.43
1225,0.0007199999999999997,3.08,1.43
1226,0.0007231999999999998,3.08,1.45
1227,0.0007263999999999999,3.08,1.43
1228,0.0007296,3.12,1.45
1229,0.0007328,3.12,1.45
1230,0.0007359999999999992,3.12,1.45
1231,0.0007391999999999993,3.16,1.47
1232,0.0007423999999999994,3.16,1.47
1233,0.0007455999999999995,3.16,1.47
1234,0.0007487999999999996,3.16,1.49
1235,0.0007519999999999996,3.2,1.49
1236,0.0007551999999999997,3.2,1.51
1237,0.0007583999999999998,3.24,1.49
1238,0.0007615999999999999,3.24,1.51
1239,0.0007647999999999999,3.24,1.53
1240,0.000768,3.24,1.53
1241,0.0007712000000000001,3.2800000000000002,1.53
1242,0.0007743999999999993,3.2800000000000002,1.53
1243,0.0007775999999999994,3.2800000000000002,1.55
1244,0.0007807999999999995,3.2800000000000002,1.55
1245,0.0007839999999999995,3.36,1.55
1246,0.0007871999999999996,3.3200000000000003,1.55
1247,0.0007903999999999997,3.36,1.55
1248,0.0007935999999999998,3.36,1.57
1249,0.0007967999999999999,3.36,1.57
1250,0.0007999999999999999,3.4,1.59
1251,0.0008032,3.4,1.59
1252,0.0008064000000000001,3.4,1.59
1253,0.0008095999999999993,3.44,1.59
1254,0.0008127999999999994,3.44,1.61
1255,0.0008159999999999995,3.44,1.61
1256,0.0008191999999999995,3.48,1.6300000000000001
1257,0.0008223999999999996,3.48,1.6300000000000001
1258,0.0008255999999999997,3.52,1.6300000000000001
1259,0.0008287999999999998,3.48,1.6300000000000001
1260,0.0008319999999999998,3.52,1.6300000000000001
1261,0.0008351999999999999,3.52,1.6500000000000001
1262,0.0008384,3.52,1.6500000000000001
1263,0.0008416000000000001,3.56,1.6500000000000001
1264,0.0008447999999999993,3.6,1.67
1265,0.0008479999999999994,3.56,1.67
1266,0.0008511999999999994,3.6,1.69
1267,0.0008543999999999995,3.6,1.69
1268,0.0008575999999999996,3.6,1.69
1269,0.0008607999999999997,3.64,1.69
1270,0.0008639999999999998,3.64,1.71
1271,0.0008671999999999998,3.64,1.71
1272,0.0008703999999999999,3.68,1.71
1273,0.0008736,3.68,1.73
1274,0.0008768000000000001,3.72,1.73
1275,0.0008799999999999993,3.72,1.73
1276,0.0008831999999999994,3.72,1.73
1277,0.0008863999999999994,3.72,1.75
1278,0.0008895999999999995,3.7600000000000002,1.75
1279,0.0008927999999999996,3.7600000000000002,1.77
1280,0.0008959999999999997,3.8000000000000003,1.77
1281,0.0008991999999999997,3.8000000000000003,1.77
1282,0.0009023999999999998,3.8000000000000003,1.79
1283,0.0009055999999999999,3.8000000000000003,1.79
1284,0.0009088,3.84,1.79
1285,0.000912,3.84,1.81
1286,0.0009151999999999993,3.84,1.81
1287,0.0009183999999999993,3.84,1.81
1288,0.0009215999999999994,3.88,1.81
1289,0.0009247999999999995,3.88,1.83
1290,0.0009279999999999996,3.92,1.83
1291,0.0009311999999999996,3.92,1.83
1292,0.0009343999999999997,3.92,1.83
1293,0.0009375999999999998,3.92,1.85
1294,0.0009407999999999999,3.96,1.85
1295,0.000944,3.96,1.87
1296,0.0009472,3.96,1.87
1297,0.0009503999999999992,4.0,1.87
1298,0.0009535999999999993,4.0,1.87
1299,0.0009567999999999994,4.0,1.8900000000000001
1300,0.0009599999999999995,4.0,1.8900000000000001
1301,0.0009631999999999996,4.04,1.9100000000000001
1302,0.0009663999999999996,4.04,1.9100000000000001
1303,0.0009695999999999997,4.08,1.9100000000000001
1304,0.0009727999999999998,4.08,1.9100000000000001
1305,0.0009759999999999999,4.08,1.9100000000000001
1306,0.0009792,4.08,1.93
1307,0.0009824,4.12,1.93
1308,0.0009855999999999992,4.12,1.95
1309,0.0009887999999999993,4.16,1.95
1310,0.0009919999999999994,4.12,1.95
1311,0.0009951999999999995,4.16,1.97
1312,0.0009983999999999995,4.2,1.97
1313,0.0010015999999999996,4.2,1.97
1314,0.0010047999999999997,4.2,1.97
1315,0.0010079999999999998,4.2,1.97
1316,0.0010111999999999999,4.24,1.99
1317,0.0010144,4.24,2.0100000000000002
1318,0.0010176,4.24,2.0100000000000002
1319,0.0010207999999999992,4.24,2.0100000000000002
1320,0.0010239999999999993,4.28,2.0100000000000002
1321,0.0010271999999999994,4.28,2.0100000000000002
1322,0.0010303999999999995,4.28,2.0300000000000002
1323,0.0010335999999999995,4.32,2.0300000000000002
1324,0.0010367999999999996,4.32,2.05
1325,0.0010399999999999997,4.36,2.0300000000000002
1326,0.0010431999999999998,4.36,2.05
1327,0.0010463999999999998,4.4,2.07
1328,0.0010496,4.36,2.05
1329,0.0010528,4.4,2.05
1330,0.001056,4.4,2.07
1331,0.0010591999999999993,4.4,2.09
1332,0.0010623999999999994,4.44,2.09
1333,0.0010655999999999994,4.44,2.09
1334,0.0010687999999999995,4.48,2.09
1335,0.0010719999999999996,4.48,2.11
1336,0.0010751999999999997,4.48,2.11
1337,0.0010783999999999998,4.5200000000000005,2.11
1338,0.0010815999999999998,4.5200000000000005,2.13
1339,0.0010848,4.5200000000000005,2.13
1340,0.001088,4.5200000000000005,2.13
1341,0.0010912,4.5600000000000005,2.15
1342,0.0010943999999999993,4.5600000000000005,2.15
1343,0.0010975999999999994,4.6000000000000005,2.17
1344,0.0011007999999999994,4.6000000000000005,2.17
1345,0.0011039999999999995,4.6000000000000005,2.17
1346,0.0011071999999999996,4.64,2.19
1347,0.0011103999999999997,4.6000000000000005,2.17
1348,0.0011135999999999997,4.64,2.19
1349,0.0011167999999999998,4.68,2.19
1350,0.00112,4.64,2.19
1351,0.0011232,4.68,2.19
1352,0.0011264,4.72,2.21
1353,0.0011295999999999993,4.72,2.21
1354,0.0011327999999999993,4.72,2.23
1355,0.0011359999999999994,4.72,2.23
1356,0.0011391999999999995,4.72,2.23
1357,0.0011423999999999996,4.76,2.23
1358,0.0011455999999999997,4.8,2.23
1359,0.0011487999999999997,4.8,2.25
1360,0.0011519999999999998,4.8,2.25
1361,0.0011551999999999999,4.8,2.25
1362,0.0011584,4.84,2.27
1363,0.0011616,4.84,2.27
1364,0.0011647999999999993,4.84,2.29
1365,0.0011679999999999993,4.88,2.27
1366,0.0011711999999999994,4.88,2.29
1367,0.0011743999999999995,4.88,2.29
1368,0.0011775999999999996,4.88,2.29
1369,0.0011807999999999996,4.92,2.31
1370,0.0011839999999999997,4.96,2.31
1371,0.0011871999999999998,4.92,2.31
1372,0.0011903999999999999,4.96,2.33
1373,0.0011936,4.96,2.33
1374,0.0011968,5.0,2.33
1375,0.0011999999999999992,4.96,2.35
1376,0.0012031999999999993,5.0,2.35
1377,0.0012063999999999994,0.08,2.15
1378,0.0012095999999999995,0.12,1.29
1379,0.0012127999999999996,0.12,0.79
1380,0.0012159999999999996,0.12,0.49
1381,0.0012191999999999997,0.12,0.31
1382,0.0012223999999999998,0.12,0.21
1383,0.0012255999999999999,0.12,0.15
1384,0.0012288,0.12,0.09
1385,0.001232,0.12,0.09
1386,0.0012351999999999992,0.12,0.07
1387,0.0012383999999999993,0.16,0.07
1388,0.0012415999999999994,0.16,0.07
1389,0.0012447999999999995,0.16,0.07
1390,0.0012479999999999995,0.2,0.07
1391,0.0012511999999999996,0.24,0.09
1392,0.0012543999999999997,0.24,0.09
1393,0.0012575999999999998,0.24,0.09
1394,0.0012607999999999999,0.2,0.09
1395,0.001264,0.24,0.11
1396,0.0012672,0.24,0.11
1397,0.0012703999999999992,0.28,0.11
1398,0.0012735999999999993,0.28,0.11
1399,0.0012767999999999994,0.32,0.13
1400,0.0012799999999999995,0.32,0.13
1401,0.0012831999999999995,0.32,0.13
1402,0.0012863999999999996,0.36,0.15
1403,0.0012895999999999997,0.36,0.15
1404,0.0012927999999999998,0.36,0.15
1405,0.0012959999999999998,0.36,0.15
1406,0.0012992,0.4,0.17
1407,0.0013024,0.4,0.17
1408,0.0013056,0.4,0.19
1409,0.0013087999999999993,0.4,0.19
1410,0.0013119999999999994,0.44,0.19
1411,0.0013151999999999994,0.44,0.19
1412,0.0013183999999999995,0.48,0.21
1413,0.0013215999999999996,0.48,0.21
1414,0.0013247999999999997,0.48,0.21
1415,0.0013279999999999998,0.48,0.23
1416,0.0013311999999999998,0.52,0.23
1417,0.0013344,0.56,0.23
1418,0.0013376,0.52,0.25
1419,0.0013408,0.52,0.25
1420,0.0013439999999999993,0.56,0.25
1421,0.0013471999999999994,0.56,0.25
1422,0.0013503999999999994,0.56,0.25
1423,0.0013535999999999995,0.6,0.27
1424,0.0013567999999999996,0.64,0.27
1425,0.0013599999999999997,0.6,0.29
1426,0.0013631999999999997,0.6,0.29
1427,0.0013663999999999998,0.68,0.29
1428,0.0013696,0.64,0.31
1429,0.0013728,0.68,0.31
1430,0.001376,0.68,0.31
1431,0.0013791999999999993,0.68,0.31
1432,0.0013823999999999993,0.72,0.33
1433,0.0013855999999999994,0.72,0.33
1434,0.0013887999999999995,0.72,0.33
1435,0.0013919999999999996,0.72,0.33
1436,0.0013951999999999997,0.76,0.35000000000000003
1437,0.0013983999999999997,0.76,0.35000000000000003
1438,0.0014015999999999998,0.8,0.37
1439,0.0014047999999999999,0.8,0.39
1440,0.001408,0.8,0.37
1441,0.0014112,0.84,0.37
1442,0.0014143999999999993,0.84,0.39
1443,0.0014175999999999993,0.84,0.39
1444,0.0014207999999999994,0.88,0.39
1445,0.0014239999999999995,0.88,0.41000000000000003
1446,0.0014271999999999996,0.88,0.41000000000000003
1447,0.0014303999999999996,0.92,0.41000000000000003
1448,0.0014335999999999997,0.92,0.41000000000000003
1449,0.0014367999999999998,0.96,0.43
1450,0.0014399999999999999,0.92,0.45
1451,0.0014432,0.96,0.43
1452,0.0014464,0.96,0.43
1453,0.0014495999999999992,1.0,0.45
1454,0.0014527999999999993,1.0,0.47000000000000003
1455,0.0014559999999999994,1.0,0.45
1456,0.0014591999999999995,1.0,0.47000000000000003
1457,0.0014623999999999996,1.04,0.47000000000000003
1458,0.0014655999999999996,1.04,0.49
1459,0.0014687999999999997,1.04,0.47000000000000003
1460,0.0014719999999999998,1.08,0.49
1461,0.0014751999999999999,1.12,0.49
1462,0.0014784,1.12,0.51
1463,0.0014816,1.12,0.51
1464,0.0014847999999999992,1.12,0.51
1465,0.0014879999999999993,1.12,0.51
1466,0.0014911999999999994,1.16,0.55
1467,0.0014943999999999995,1.16,0.55
1468,0.0014975999999999995,1.16,0.53
1469,0.0015007999999999996,1.16,0.55
1470,0.0015039999999999997,1.2,0.55
1471,0.0015071999999999998,1.2,0.55
1472,0.0015103999999999999,1.2,0.5700000000000001
1473,0.0015136,1.24,0.5700000000000001
1474,0.0015168,1.24,0.5700000000000001
1475,0.0015199999999999992,1.28,0.5700000000000001
1476,0.0015231999999999993,1.28,0.59
1477,0.0015263999999999994,1.28,0.59
1478,0.0015295999999999994,1.28,0.59
1479,0.0015327999999999995,1.28,0.61
1480,0.0015359999999999996,1.32,0.61
1481,0.0015391999999999997,1.32,0.61
1482,0.0015423999999999998,1.36,0.61
1483,0.0015455999999999998,1.36,0.63
1484,0.0015488,1.4000000000000001,0.63
1485,0.001552,1.36,0.65
1486,0.0015551999999999992,1.4000000000000001,0.65
1487,0.0015583999999999993,1.44,0.65
1488,0.0015615999999999994,1.44,0.65
1489,0.0015647999999999994,1.44,0.67
1490,0.0015679999999999995,1.44,0.67
1491,0.0015711999999999996,1.48,0.67
1492,0.0015743999999999997,1.48,0.6900000000000001
1493,0.0015775999999999997,1.48,0.6900000000000001
1494,0.0015807999999999998,1.52,0.6900000000000001
1495,0.001584,1.52,0.71
1496,0.0015872,1.52,0.6900000000000001
1497,0.0015904,1.52,0.73
1498,0.0015935999999999993,1.56,0.71
1499,0.0015967999999999993,1.56,0.73
1500,0.0015999999999999994,1.56,0.73
1501,0.0016031999999999995,1.6400000000000001,0.73
1502,0.0016063999999999996,1.6400000000000001,0.75
1503,0.0016095999999999997,1.6400000000000001,0.75
1504,0.0016127999999999997,1.6400000000000001,0.77
1505,0.0016159999999999998,1.6400000000000001,0.75
1506,0.0016192,1.6400000000000001,0.77
1507,0.0016224,1.68,0.77
1508,0.0016256,1.68,0.77
1509,0.0016287999999999993,1.68,0.79
1510,0.0016319999999999993,1.72,0.79
1511,0.0016351999999999994,1.76,0.79
1512,0.0016383999999999995,1.76,0.79
1513,0.0016415999999999996,1.76,0.81
1514,0.0016447999999999996,1.76,0.81
1515,0.0016479999999999997,1.76,0.81
1516,0.0016511999999999998,1.8,0.8300000000000001
1517,0.0016543999999999999,1.8,0.8300000000000001
1518,0.0016576,1.8,0.85
1519,0.0016608,1.84,0.85
1520,0.0016639999999999992,1.84,0.85
1521,0.0016671999999999993,1.8800000000000001,0.85
1522,0.0016703999999999994,1.84,0.85
1523,0.0016735999999999995,1.8800000000000001,0.85
1524,0.0016767999999999996,1.8800000000000001,0.87
1525,0.0016799999999999996,1.96,0.89
1526,0.0016831999999999997,1.92,0.89
1527,0.0016863999999999998,1.92,0.89
1528,0.0016895999999999999,1.96,0.89
1529,0.0016928,1.96,0.89
1530,0.001696,1.96,0.91
1531,0.0016991999999999992,2.0,0.91
1532,0.0017023999999999993,2.0,0.91
1533,0.0017055999999999994,2.04,0.93
1534,0.0017087999999999995,2.04,0.93
1535,0.0017119999999999995,2.04,0.9500000000000001
1536,0.0017151999999999996,2.04,0.9500000000000001
1537,0.0017183999999999997,2.08,0.9500000000000001
1538,0.0017215999999999998,2.08,0.9500000000000001
1539,0.0017247999999999999,2.08,0.9500000000000001
1540,0.001728,2.12,0.97
1541,0.0017312,2.12,0.97
1542,0.0017343999999999992,2.16,0.97
1543,0.0017375999999999993,2.16,0.99
1544,0.0017407999999999994,2.16,0.99
1545,0.0017439999999999995,2.16,0.99
1546,0.0017471999999999995,2.2,0.99
1547,0.0017503999999999996,2.2,1.01
1548,0.0017535999999999997,2.2,1.01
1549,0.0017567999999999998,2.24,1.01
1550,0.0017599999999999998,2.24,1.03
1551,0.0017632,2.24,1.03
1552,0.0017664,2.24,1.03
1553,0.0017695999999999992,2.32,1.05
1554,0.0017727999999999993,2.32,1.05
1555,0.0017759999999999994,2.2800000000000002,1.05
1556,0.0017791999999999994,2.2800000000000002,1.07
1557,0.0017823999999999995,2.32,1.07
1558,0.0017855999999999996,2.32,1.07
1559,0.0017887999999999997,2.32,1.09
1560,0.0017919999999999998,2.36,1.09
1561,0.0017951999999999998,2.4,1.09
1562,0.0017984,2.36,1.09
1563,0.0018016,2.4,1.11
1564,0.0018047999999999992,2.4,1.11
1565,0.0018079999999999993,2.44,1.1300000000000001
1566,0.0018111999999999994,2.44,1.1300000000000001
1567,0.0018143999999999994,2.44,1.1300000000000001
1568,0.0018175999999999995,2.44,1.1300000000000001
1569,0.0018207999999999996,2.48,1.1500000000000001
1570,0.0018239999999999997,2.48,1.1500000000000001
1571,0.0018271999999999997,2.52,1.1500000000000001
1572,0.0018303999999999998,2.52,1.17
1573,0.0018336,2.52,1.1500000000000001
1574,0.0018368,2.56,1.1500000000000001
1575,0.0018399999999999992,2.56,1.17
1576,0.0018431999999999993,2.56,1.19
1577,0.0018463999999999993,2.56,1.19
1578,0.0018495999999999994,2.56,1.19
1579,0.0018527999999999995,2.6,1.19
1580,0.0018559999999999996,2.6,1.21
1581,0.0018591999999999997,2.64,1.21
1582,0.0018623999999999997,2.64,1.21
1583,0.0018655999999999998,2.64,1.25
1584,0.0018687999999999999,2.68,1.23
1585,0.001872,2.64,1.23
1586,0.0018752,2.68,1.25
1587,0.0018783999999999993,2.68,1.25
1588,0.0018815999999999993,2.72,1.25
1589,0.0018847999999999994,2.72,1.27
1590,0.0018879999999999995,2.72,1.27
1591,0.0018911999999999996,2.7600000000000002,1.27
1592,0.0018943999999999996,2.7600000000000002,1.27
1593,0.0018975999999999997,2.8000000000000003,1.29
1594,0.0019007999999999998,2.8000000000000003,1.29
1595,0.0019039999999999999,2.8000000000000003,1.31
1596,0.0019072,2.8000000000000003,1.31
1597,0.0019104,2.8000000000000003,1.31
1598,0.0019135999999999992,2.84,1.31
1599,0.0019167999999999993,2.88,1.33
1600,0.0019199999999999994,2.84,1.33
1601,0.0019231999999999995,2.88,1.33
1602,0.0019263999999999996,2.88,1.33
1603,0.0019295999999999996,2.92,1.35
1604,0.0019327999999999997,2.92,1.37
1605,0.0019359999999999998,2.92,1.35
1606,0.0019391999999999999,2.96,1.37
1607,0.0019424,2.96,1.37
1608,0.0019456,2.96,1.37
1609,0.0019487999999999992,2.96,1.3900000000000001
1610,0.0019519999999999993,3.0,1.41
1611,0.0019551999999999994,3.0,1.3900000000000001
1612,0.0019583999999999995,3.04,1.41
1613,0.0019615999999999995,3.04,1.41
1614,0.0019647999999999996,3.04,1.41
1615,0.0019679999999999997,3.04,1.41
1616,0.0019711999999999998,3.08,1.43
1617,0.0019744,3.08,1.43
1618,0.0019776,3.12,1.45
1619,0.0019808,3.12,1.45
1620,0.0019839999999999992,3.12,1.45
1621,0.0019871999999999993,3.16,1.47
1622,0.0019903999999999994,3.12,1.45
1623,0.0019935999999999995,3.16,1.47
1624,0.0019967999999999995,3.16,1.47
1625,0.0019999999999999996,3.2,1.47
1626,0.0020031999999999997,3.2,1.49
1627,0.0020063999999999998,3.24,1.49
1628,0.0020096,3.24,1.49
1629,0.0020128,3.24,1.51
1630,0.002016,3.24,1.51
1631,0.002019199999999999,3.2800000000000002,1.51
1632,0.0020223999999999993,3.2800000000000002,1.53
1633,0.0020255999999999994,3.3200000000000003,1.53
1634,0.0020287999999999994,3.2800000000000002,1.53
1635,0.0020319999999999995,3.3200000000000003,1.55
1636,0.0020351999999999996,3.3200000000000003,1.55
1637,0.0020383999999999997,3.3200000000000003,1.55
1638,0.0020415999999999998,3.36,1.57
1639,0.0020448,3.36,1.57
1640,0.002048,3.36,1.57
1641,0.0020512,3.4,1.59
1642,0.002054399999999999,3.44,1.61
1643,0.0020575999999999993,3.44,1.59
1644,0.0020607999999999994,3.44,1.59
1645,0.0020639999999999994,3.44,1.59
1646,0.0020671999999999995,3.48,1.61
1647,0.0020703999999999996,3.48,1.61
1648,0.0020735999999999997,3.48,1.6300000000000001
1649,0.0020767999999999997,3.52,1.6300000000000001
1650,0.00208,3.52,1.6300000000000001
1651,0.0020832,3.52,1.6500000000000001
1652,0.0020864,3.52,1.6500000000000001
1653,0.002089599999999999,3.52,1.6500000000000001
1654,0.0020927999999999993,3.56,1.67
1655,0.0020959999999999993,3.56,1.67
1656,0.0020991999999999994,3.6,1.67
1657,0.0021023999999999995,3.6,1.67
1658,0.0021055999999999996,3.6,1.69
1659,0.0021087999999999997,3.6,1.71
1660,0.0021119999999999997,3.64,1.71
1661,0.0021152,3.64,1.71
1662,0.0021184,3.64,1.71
1663,0.0021216,3.68,1.71
1664,0.002124799999999999,3.68,1.73
1665,0.0021279999999999992,3.72,1.73
1666,0.0021311999999999993,3.72,1.73
1667,0.0021343999999999994,3.72,1.75
1668,0.0021375999999999995,3.72,1.75
1669,0.0021407999999999996,3.72,1.75
1670,0.0021439999999999996,3.7600000000000002,1.75
1671,0.0021471999999999997,3.7600000000000002,1.77
1672,0.0021504,3.8000000000000003,1.77
1673,0.0021536,3.8000000000000003,1.79
1674,0.0021568,3.8000000000000003,1.77
1675,0.00216,3.8000000000000003,1.79
1676,0.0021631999999999992,3.84,1.81
1677,0.0021663999999999993,3.84,1.81
1678,0.0021695999999999994,3.84,1.81
1679,0.0021727999999999995,3.88,1.81
1680,0.0021759999999999995,3.88,1.83
1681,0.0021791999999999996,3.88,1.83
1682,0.0021823999999999997,3.92,1.83
1683,0.0021855999999999998,3.92,1.85
1684,0.0021888,3.92,1.85
1685,0.002192,3.96,1.85
1686,0.0021952,3.96,1.85
1687,0.0021983999999999992,4.0,1.85
1688,0.0022015999999999993,4.0,1.87
1689,0.0022047999999999994,4.0,1.87
1690,0.0022079999999999995,4.04,1.8900000000000001
1691,0.0022111999999999995,4.0,1.8900000000000001
1692,0.0022143999999999996,4.04,1.8900000000000001
1693,0.0022175999999999997,4.08,1.9100000000000001
1694,0.0022207999999999998,4.08,1.9100000000000001
1695,0.002224,4.08,1.93
1696,0.0022272,4.08,1.9100000000000001
1697,0.0022304,4.12,1.93
1698,0.002233599999999999,4.12,1.93
1699,0.0022367999999999993,4.12,1.95
1700,0.0022399999999999994,4.12,1.95
1701,0.0022431999999999994,4.16,1.95
1702,0.0022463999999999995,4.16,1.95
1703,0.0022495999999999996,4.16,1.97
1704,0.0022527999999999997,4.2,1.97
1705,0.0022559999999999998,4.2,1.97
1706,0.0022592,4.24,1.99
1707,0.0022624,4.24,1.99
1708,0.0022656,4.24,1.99
1709,0.002268799999999999,4.24,2.0100000000000002
1710,0.0022719999999999993,4.28,2.0100000000000002
1711,0.0022751999999999994,4.28,2.0100000000000002
1712,0.0022783999999999994,4.32,2.0300000000000002
1713,0.0022815999999999995,4.32,2.0300000000000002
1714,0.0022847999999999996,4.36,2.0300000000000002
1715,0.0022879999999999997,4.32,2.0300000000000002
1716,0.0022911999999999997,4.36,2.05
1717,0.0022944,4.36,2.05
1718,0.0022976,4.36,2.07
1719,0.0023008,4.36,2.07
1720,0.002303999999999999,4.4,2.07
1721,0.0023071999999999993,4.4,2.07
1722,0.0023103999999999993,4.44,2.09
1723,0.0023135999999999994,4.44,2.09
1724,0.0023167999999999995,4.44,2.11
1725,0.0023199999999999996,4.48,2.09
1726,0.0023231999999999997,4.48,2.11
1727,0.0023263999999999997,4.48,2.11
1728,0.0023296,4.48,2.11
1729,0.0023328,4.5200000000000005,2.13
1730,0.002336,4.5200000000000005,2.13
1731,0.002339199999999999,4.5200000000000005,2.13
1732,0.0023423999999999993,4.5600000000000005,2.15
1733,0.0023455999999999993,4.5600000000000005,2.15
1734,0.0023487999999999994,4.6000000000000005,2.15
1735,0.0023519999999999995,4.6000000000000005,2.17
1736,0.0023551999999999996,4.6000000000000005,2.17
1737,0.0023583999999999996,4.6000000000000005,2.17
1738,0.0023615999999999997,4.64,2.17
1739,0.0023648,4.64,2.19
1740,0.002368,4.64,2.19
1741,0.0023712,4.68,2.19
1742,0.002374399999999999,4.72,2.21
1743,0.0023775999999999992,4.68,2.21
1744,0.0023807999999999993,4.72,2.23
1745,0.0023839999999999994,4.72,2.23
1746,0.0023871999999999995,4.76,2.23
1747,0.0023903999999999996,4.76,2.23
1748,0.0023935999999999996,4.76,2.23
1749,0.0023967999999999997,4.8,2.25
1750,0.0024,4.8,2.25
1751,0.0024032,4.8,2.25
1752,0.0024064,4.84,2.27
1753,0.0024096,4.84,2.27
1754,0.0024127999999999992,4.84,2.27
1755,0.0024159999999999993,4.84,2.27
1756,0.0024191999999999994,4.88,2.29
1757,0.0024223999999999995,4.88,2.29
1758,0.0024255999999999995,4.92,2.31
1759,0.0024287999999999996,4.88,2.31
1760,0.0024319999999999997,4.92,2.31
1761,0.0024351999999999998,4.96,2.31
1762,0.0024384,4.92,2.33
1763,0.0024416,4.96,2.33
1764,0.0024448,4.96,2.33
1765,0.0024479999999999992,5.0,2.35
1766,0.0024511999999999993,5.0,2.35
1767,0.0024543999999999994,5.0,2.35
1768,0.0024575999999999995,0.08,1.77
1769,0.0024607999999999995,0.08,1.05
1770,0.0024639999999999996,0.12,0.65
1771,0.0024671999999999997,0.12,0.43
1772,0.0024703999999999998,0.12,0.25
1773,0.0024736,0.12,0.17
1774,0.0024768,0.12,0.13
1775,0.00248,0.16,0.11
1776,0.002483199999999999,0.12,0.07
1777,0.0024863999999999993,0.16,0.07
1778,0.0024895999999999994,0.16,0.07
1779,0.0024927999999999994,0.16,0.07
1780,0.0024959999999999995,0.2,0.07
1781,0.0024991999999999996,0.2,0.09
1782,0.0025023999999999997,0.2,0.09
1783,0.0025055999999999998,0.2,0.09
1784,0.0025088,0.24,0.09
1785,0.002512,0.24,0.09
1786,0.0025152,0.24,0.11
1787,0.002518399999999999,0.24,0.13
1788,0.0025215999999999993,0.28,0.11
1789,0.0025247999999999994,0.28,0.11
1790,0.0025279999999999994,0.32,0.13
1791,0.0025311999999999995,0.32,0.13
1792,0.0025343999999999996,0.32,0.15
1793,0.0025375999999999997,0.36,0.15
1794,0.0025407999999999997,0.36,0.15
1795,0.002544,0.36,0.15
1796,0.0025472,0.4,0.17
1797,0.0025504,0.4,0.17
1798,0.002553599999999999,0.4,0.17
1799,0.0025567999999999993,0.4,0.17
1800,0.0025599999999999993,0.44,0.19
1801,0.0025631999999999994,0.44,0.19
1802,0.0025663999999999995,0.44,0.19
1803,0.0025695999999999996,0.48,0.21
1804,0.0025727999999999997,0.48,0.21
1805,0.0025759999999999997,0.48,0.21
1806,0.0025792,0.52,0.21
1807,0.0025824,0.52,0.23
1808,0.0025856,0.52,0.23
1809,0.002588799999999999,0.52,0.25
1810,0.0025919999999999993,0.56,0.25
1811,0.0025951999999999993,0.56,0.27
1812,0.0025983999999999994,0.56,0.25
1813,0.0026015999999999995,0.56,0.25
1814,0.0026047999999999996,0.64,0.27
1815,0.0026079999999999996,0.6,0.29
1816,0.0026111999999999997,0.6,0.27
1817,0.0026144,0.64,0.27
1818,0.0026176,0.64,0.29
1819,0.0026208,0.64,0.31
1820,0.002623999999999999,0.68,0.31
1821,0.0026271999999999992,0.72,0.31
1822,0.0026303999999999993,0.72,0.31
1823,0.0026335999999999994,0.72,0.33
1824,0.0026367999999999995,0.72,0.33
1825,0.0026399999999999996,0.72,0.33
1826,0.0026431999999999996,0.76,0.35000000000000003
1827,0.0026463999999999997,0.76,0.33
1828,0.0026496,0.76,0.37
1829,0.0026528,0.8,0.35000000000000003
1830,0.002656,0.8,0.35000000000000003
1831,0.002659199999999999,0.8,0.39
1832,0.0026623999999999992,0.84,0.37
1833,0.0026655999999999993,0.84,0.39
1834,0.0026687999999999994,0.88,0.39
1835,0.0026719999999999995,0.88,0.39
1836,0.0026751999999999995,0.88,0.41000000000000003
1837,0.0026783999999999996,0.88,0.41000000000000003
1838,0.0026815999999999997,0.92,0.41000000000000003
1839,0.0026847999999999998,0.92,0.41000000000000003
1840,0.002688,0.92,0.43
1841,0.0026912,0.96,0.43
1842,0.0026944,0.96,0.45
1843,0.0026975999999999992,1.0,0.45
1844,0.0027007999999999993,1.0,0.47000000000000003
1845,0.0027039999999999994,1.0,0.47000000000000003
1846,0.0027071999999999995,1.04,0.47000000000000003
1847,0.0027103999999999995,1.04,0.47000000000000003
1848,0.0027135999999999996,1.04,0.47000000000000003
1849,0.0027167999999999997,1.04,0.47000000000000003
1850,0.0027199999999999998,1.04,0.47000000000000003
1851,0.0027232,1.08,0.49
1852,0.0027264,1.08,0.49
1853,0.0027296,1.08,0.51
1854,0.002732799999999999,1.08,0.49
1855,0.0027359999999999993,1.12,0.51
1856,0.0027391999999999994,1.12,0.53
1857,0.0027423999999999994,1.16,0.53
1858,0.0027455999999999995,1.16,0.55
1859,0.0027487999999999996,1.2,0.53
1860,0.0027519999999999997,1.2,0.55
1861,0.0027551999999999997,1.2,0.53
1862,0.0027584,1.2,0.5700000000000001
1863,0.0027616,1.24,0.5700000000000001
1864,0.0027648,1.24,0.5700000000000001
1865,0.002767999999999999,1.24,0.5700000000000001
1866,0.0027711999999999993,1.28,0.5700000000000001
1867,0.0027743999999999993,1.28,0.59
1868,0.0027775999999999994,1.28,0.59
1869,0.0027807999999999995,1.32,0.59
1870,0.0027839999999999996,1.32,0.61
1871,0.0027871999999999997,1.32,0.61
1872,0.0027903999999999997,1.32,0.61
1873,0.0027936,1.36,0.63
1874,0.0027968,1.4000000000000001,0.63
1875,0.0028,1.36,0.63
1876,0.002803199999999999,1.4000000000000001,0.65
1877,0.0028063999999999993,1.4000000000000001,0.65
1878,0.0028095999999999993,1.44,0.65
1879,0.0028127999999999994,1.44,0.65
1880,0.0028159999999999995,1.44,0.67
1881,0.0028191999999999996,1.48,0.67
1882,0.0028223999999999996,1.48,0.67
1883,0.0028255999999999997,1.48,0.67
1884,0.0028288,1.48,0.6900000000000001
1885,0.002832,1.52,0.6900000000000001
1886,0.0028352,1.56,0.71
1887,0.002838399999999999,1.52,0.71
1888,0.0028415999999999992,1.56,0.73
1889,0.0028447999999999993,1.56,0.73
1890,0.0028479999999999994,1.6,0.71
1891,0.0028511999999999995,1.6,0.73
1892,0.0028543999999999996,1.6,0.73
1893,0.0028575999999999996,1.6400000000000001,0.73
1894,0.0028607999999999997,1.6400000000000001,0.75
1895,0.002864,1.6400000000000001,0.75
1896,0.0028672,1.68,0.75
1897,0.0028704,1.68,0.75
1898,0.002873599999999999,1.68,0.77
1899,0.0028767999999999992,1.72,0.79
1900,0.0028799999999999993,1.68,0.79
1901,0.0028831999999999994,1.72,0.79
1902,0.0028863999999999995,1.72,0.79
1903,0.0028895999999999995,1.76,0.81
1904,0.0028927999999999996,1.76,0.81
1905,0.0028959999999999997,1.76,0.81
1906,0.0028991999999999998,1.8,0.8300000000000001
1907,0.0029024,1.8,0.81
1908,0.0029056,1.84,0.8300000000000001
1909,0.002908799999999999,1.84,0.8300000000000001
1910,0.0029119999999999992,1.84,0.8300000000000001
1911,0.0029151999999999993,1.84,0.85
1912,0.0029183999999999994,1.84,0.85
1913,0.0029215999999999995,1.8800000000000001,0.87
1914,0.0029247999999999995,1.8800000000000001,0.87
1915,0.0029279999999999996,1.8800000000000001,0.87
1916,0.0029311999999999997,1.92,0.89
1917,0.0029343999999999998,1.92,0.87
1918,0.0029376,1.92,0.89
1919,0.0029408,1.96,0.89
1920,0.002944,1.96,0.91
1921,0.002947199999999999,2.0,0.91
1922,0.0029503999999999993,2.0,0.91
1923,0.0029535999999999994,2.0,0.93
1924,0.0029567999999999994,2.04,0.93
1925,0.0029599999999999995,2.04,0.93
1926,0.0029631999999999996,2.04,0.9500000000000001
1927,0.0029663999999999997,2.04,0.9500000000000001
1928,0.0029695999999999998,2.08,0.97
1929,0.0029728,2.08,0.9500000000000001
1930,0.002976,2.08,0.9500000000000001
1931,0.0029792,2.12,0.97
1932,0.002982399999999999,2.16,0.97
1933,0.0029855999999999993,2.12,0.97
1934,0.0029887999999999994,2.16,0.99
1935,0.0029919999999999994,2.16,1.01
1936,0.0029951999999999995,2.16,1.01
1937,0.0029983999999999996,2.16,1.01
1938,0.0030015999999999997,2.16,1.03
1939,0.0030047999999999997,2.2,1.03
1940,0.003008,2.2,1.03
1941,0.0030112,2.24,1.03
1942,0.0030144,2.24,1.05
1943,0.003017599999999999,2.2800000000000002,1.03
1944,0.0030207999999999993,2.2800000000000002,1.05
1945,0.0030239999999999993,2.2800000000000002,1.07
1946,0.0030271999999999994,2.2800000000000002,1.07
1947,0.0030303999999999995,2.2800000000000002,1.07
1948,0.0030335999999999996,2.32,1.07
1949,0.0030367999999999997,2.32,1.09
1950,0.0030399999999999997,2.36,1.07
1951,0.0030432,2.36,1.09
1952,0.0030464,2.36,1.11
1953,0.0030496,2.4,1.09
1954,0.003052799999999999,2.4,1.09
1955,0.0030559999999999993,2.4,1.11
1956,0.0030591999999999993,2.44,1.11
1957,0.0030623999999999994,2.44,1.11
1958,0.0030655999999999995,2.44,1.1300000000000001
1959,0.0030687999999999996,2.48,1.1300000000000001
1960,0.0030719999999999996,2.48,1.1500000000000001
1961,0.0030751999999999997,2.48,1.1500000000000001
1962,0.0030784,2.52,1.17
1963,0.0030816,2.52,1.17
1964,0.0030848,2.52,1.17
1965,0.003087999999999999,2.52,1.19
1966,0.0030911999999999992,2.56,1.17
1967,0.0030943999999999993,2.56,1.17
1968,0.0030975999999999994,2.56,1.21
1969,0.0031007999999999995,2.6,1.19
1970,0.0031039999999999996,2.6,1.21
1971,0.0031071999999999996,2.6,1.21
1972,0.0031103999999999997,2.64,1.23
1973,0.0031136,2.64,1.21
1974,0.0031168,2.64,1.23
1975,0.00312,2.68,1.23
1976,0.003123199999999999,2.68,1.23
1977,0.0031263999999999992,2.68,1.25
1978,0.0031295999999999993,2.68,1.25
1979,0.0031327999999999994,2.72,1.25
1980,0.0031359999999999995,2.72,1.27
1981,0.0031391999999999995,2.7600000000000002,1.27
1982,0.0031423999999999996,2.7600000000000002,1.27
1983,0.0031455999999999997,2.7600000000000002,1.29
1984,0.0031487999999999998,2.7600000000000002,1.29
1985,0.003152,2.8000000000000003,1.29
1986,0.0031552,2.8000000000000003,1.29
1987,0.003158399999999999,2.8000000000000003,1.31
1988,0.0031615999999999992,2.8000000000000003,1.31
1989,0.0031647999999999993,2.84,1.33
1990,0.0031679999999999994,2.88,1.33
1991,0.0031711999999999995,2.84,1.33
1992,0.0031743999999999995,2.88,1.35
1993,0.0031775999999999996,2.88,1.35
1994,0.0031807999999999997,2.92,1.35
1995,0.0031839999999999998,2.92,1.35
1996,0.0031872,2.92,1.37
1997,0.0031904,2.92,1.3900000000000001
1998,0.003193599999999999,3.0,1.37
1999,0.003196799999999999,2.96,1.3900000000000001
