,time,v1,v2
0,-0.008,2.2,1.03
1,-0.007992,2.24,1.05
2,-0.007984,2.2800000000000002,1.03
3,-0.007976,2.24,1.05
4,-0.007968,2.24,1.07
5,-0.00796,2.24,1.05
6,-0.007952,2.2800000000000002,1.05
7,-0.007944,2.2800000000000002,1.07
8,-0.007936,2.2800000000000002,1.05
9,-0.007928000000000001,2.2800000000000002,1.07
10,-0.00792,2.2800000000000002,1.07
11,-0.007912,2.32,1.07
12,-0.007904,2.32,1.07
13,-0.007896,2.32,1.07
14,-0.007888000000000001,2.32,1.07
15,-0.00788,2.36,1.09
16,-0.007872,2.36,1.09
17,-0.007864,2.36,1.09
18,-0.007856,2.36,1.09
19,-0.007848,2.36,1.11
20,-0.00784,2.36,1.11
21,-0.007832,2.36,1.11
22,-0.007824,2.4,1.1300000000000001
23,-0.007816,2.4,1.11
24,-0.007808,2.4,1.11
25,-0.0078000000000000005,2.44,1.1300000000000001
26,-0.007792,2.44,1.1300000000000001
27,-0.007784,2.44,1.1300000000000001
28,-0.007776,2.44,1.1500000000000001
29,-0.007768000000000001,2.44,1.1300000000000001
30,-0.00776,2.44,1.1500000000000001
31,-0.007752,2.48,1.1500000000000001
32,-0.007744,2.48,1.1500000000000001
33,-0.007736,2.48,1.17
34,-0.0077280000000000005,2.48,1.1500000000000001
35,-0.00772,2.52,1.17
36,-0.007712,2.48,1.17
37,-0.007704,2.48,1.17
38,-0.007696000000000001,2.52,1.19
39,-0.007688,2.56,1.17
40,-0.00768,2.56,1.19
41,-0.007672,2.52,1.19
42,-0.007664,2.56,1.19
43,-0.0076560000000000005,2.56,1.19
44,-0.007648,2.56,1.19
45,-0.00764,2.56,1.21
46,-0.007632,2.56,1.21
47,-0.007624000000000001,2.6,1.21
48,-0.007616,2.6,1.21
49,-0.007608,2.6,1.21
50,-0.0076,2.64,1.23
51,-0.007592,2.64,1.23
52,-0.0075840000000000005,2.68,1.23
53,-0.007576,2.64,1.23
54,-0.007568,2.64,1.23
55,-0.00756,2.64,1.23
56,-0.0075520000000000006,2.68,1.25
57,-0.007544,2.68,1.25
58,-0.007536,2.72,1.25
59,-0.007528,2.68,1.25
60,-0.007520000000000001,2.68,1.25
61,-0.0075120000000000004,2.72,1.27
62,-0.007504,2.72,1.27
63,-0.007496,2.72,1.27
64,-0.007488,2.7600000000000002,1.27
65,-0.0074800000000000005,2.72,1.27
66,-0.007472,2.7600000000000002,1.29
67,-0.007464,2.72,1.27
68,-0.007456,2.7600000000000002,1.29
69,-0.007448,2.7600000000000002,1.31
70,-0.00744,2.8000000000000003,1.31
71,-0.007432,2.8000000000000003,1.31
72,-0.007424,2.8000000000000003,1.31
73,-0.007416,2.84,1.33
74,-0.0074080000000000005,2.84,1.33
75,-0.0074,2.8000000000000003,1.31
76,-0.007392,2.84,1.33
77,-0.007384,2.84,1.33
78,-0.007376000000000001,2.88,1.33
79,-0.007368,2.88,1.35
80,-0.00736,2.88,1.33
81,-0.007352,2.88,1.35
82,-0.007344,2.88,1.35
83,-0.0073360000000000005,2.88,1.35
84,-0.007328,2.92,1.35
85,-0.00732,2.88,1.35
86,-0.007312,2.88,1.35
87,-0.007304,2.92,1.37
88,-0.007296,2.92,1.37
89,-0.007288,2.96,1.37
90,-0.00728,2.96,1.3900000000000001
91,-0.007272000000000001,2.96,1.3900000000000001
92,-0.0072640000000000005,2.96,1.3900000000000001
93,-0.007256,2.96,1.3900000000000001
94,-0.007248,2.96,1.3900000000000001
95,-0.00724,2.96,1.41
96,-0.007232000000000001,3.0,1.3900000000000001
97,-0.007224,3.0,1.3900000000000001
98,-0.007216,3.0,1.3900000000000001
99,-0.007208,3.04,1.41
100,-0.0072,3.04,1.43
101,-0.0071920000000000005,3.0,1.41
102,-0.007184,3.08,1.41
103,-0.007176,3.04,1.43
104,-0.007168,3.04,1.43
105,-0.0071600000000000006,3.08,1.43
106,-0.007152,3.08,1.43
107,-0.007144,3.08,1.45
108,-0.007136,3.08,1.43
109,-0.007128000000000001,3.12,1.45
110,-0.0071200000000000005,3.12,1.45
111,-0.007112,3.12,1.45
112,-0.007104,3.12,1.45
113,-0.007096,3.16,1.47
114,-0.0070880000000000006,3.12,1.47
115,-0.00708,3.16,1.47
116,-0.007072,3.16,1.47
117,-0.007064,3.2,1.49
118,-0.007056,3.2,1.49
119,-0.0070480000000000004,3.16,1.49
120,-0.00704,3.2,1.49
121,-0.007032,3.2,1.49
122,-0.007024,3.2,1.49
123,-0.0070160000000000005,3.2,1.49
124,-0.007008,3.2,1.51
125,-0.007,3.24,1.51
126,-0.006992,3.24,1.51
127,-0.006984000000000001,3.24,1.51
128,-0.006976,3.24,1.51
129,-0.006968,3.24,1.53
130,-0.00696,3.24,1.53
131,-0.006952,3.2800000000000002,1.53
132,-0.0069440000000000005,3.2800000000000002,1.55
133,-0.006936,3.2800000000000002,1.53
134,-0.006928,3.3200000000000003,1.55
135,-0.00692,3.2800000000000002,1.55
136,-0.006912,3.3200000000000003,1.57
137,-0.006904,3.3200000000000003,1.55
138,-0.006896,3.3200000000000003,1.57
139,-0.006888,3.36,1.57
140,-0.006880000000000001,3.36,1.55
141,-0.0068720000000000005,3.36,1.57
142,-0.006864,3.36,1.59
143,-0.006856,3.4,1.59
144,-0.006848,3.36,1.57
145,-0.006840000000000001,3.4,1.57
146,-0.006832,3.4,1.59
147,-0.006824,3.44,1.59
148,-0.006816,3.4,1.59
149,-0.006808,3.44,1.59
150,-0.0068000000000000005,3.4,1.61
151,-0.006792,3.44,1.61
152,-0.006784,3.44,1.61
153,-0.006776,3.44,1.61
154,-0.006768,3.44,1.61
155,-0.00676,3.48,1.6300000000000001
156,-0.006752,3.48,1.6300000000000001
157,-0.006744,3.48,1.6300000000000001
158,-0.006736000000000001,3.48,1.6300000000000001
159,-0.0067280000000000005,3.48,1.6300000000000001
160,-0.00672,3.52,1.6300000000000001
161,-0.006712,3.52,1.6500000000000001
162,-0.006704,3.52,1.6500000000000001
163,-0.0066960000000000006,3.52,1.6500000000000001
164,-0.006688,3.52,1.6500000000000001
165,-0.00668,3.56,1.67
166,-0.006672,3.52,1.67
167,-0.006664,3.56,1.67
168,-0.0066560000000000005,3.56,1.67
169,-0.006648,3.6,1.67
170,-0.00664,3.56,1.69
171,-0.006632000000000001,3.6,1.69
172,-0.0066240000000000005,3.6,1.71
173,-0.006616,3.6,1.69
174,-0.006608,3.6,1.69
175,-0.0066,3.64,1.71
176,-0.006592000000000001,3.64,1.71
177,-0.0065840000000000004,3.64,1.71
178,-0.006576,3.68,1.71
179,-0.006568,3.68,1.73
180,-0.00656,3.64,1.73
181,-0.0065520000000000005,3.68,1.73
182,-0.006544,3.68,1.73
183,-0.006536,3.68,1.75
184,-0.006528,3.68,1.73
185,-0.00652,3.68,1.75
186,-0.006512,3.72,1.73
187,-0.006504,3.72,1.75
188,-0.006496,3.72,1.77
189,-0.006488000000000001,3.72,1.75
190,-0.0064800000000000005,3.72,1.77
191,-0.006472,3.72,1.77
192,-0.006464,3.7600000000000002,1.77
193,-0.006456,3.7600000000000002,1.77
194,-0.006448000000000001,3.7600000000000002,1.77
195,-0.00644,3.7600000000000002,1.79
196,-0.006432,3.8000000000000003,1.79
197,-0.006424,3.8000000000000003,1.79
198,-0.006416,3.8000000000000003,1.81
199,-0.0064080000000000005,3.8000000000000003,1.79
200,-0.0064,3.8000000000000003,1.79
201,-0.006392,3.84,1.81
202,-0.006384,3.84,1.81
203,-0.006376,3.84,1.81
204,-0.006368,3.84,1.81
205,-0.00636,3.88,1.81
206,-0.006352,3.88,1.83
207,-0.006344000000000001,3.84,1.83
208,-0.0063360000000000005,3.88,1.83
209,-0.006328,3.88,1.83
210,-0.00632,3.88,1.83
211,-0.006312,3.88,1.83
212,-0.006304000000000001,3.92,1.85
213,-0.006296,3.92,1.85
214,-0.006288,3.92,1.85
215,-0.00628,3.92,1.85
216,-0.006272,3.92,1.85
217,-0.0062640000000000005,3.96,1.85
218,-0.006256,3.96,1.87
219,-0.006248,4.0,1.87
220,-0.006240000000000001,3.96,1.87
221,-0.0062320000000000006,4.0,1.8900000000000001
222,-0.006224,4.0,1.8900000000000001
223,-0.006216,4.0,1.8900000000000001
224,-0.006208,4.0,1.8900000000000001
225,-0.006200000000000001,4.0,1.8900000000000001
226,-0.0061920000000000005,4.04,1.8900000000000001
227,-0.006184,4.0,1.9100000000000001
228,-0.006176,4.08,1.9100000000000001
229,-0.006168,4.04,1.9100000000000001
230,-0.0061600000000000005,4.04,1.9100000000000001
231,-0.006152,4.04,1.93
232,-0.006144,4.08,1.9100000000000001
233,-0.006136,4.04,1.93
234,-0.006128,4.08,1.93
235,-0.0061200000000000004,4.12,1.93
236,-0.006112,4.12,1.93
237,-0.006104,4.12,1.93
238,-0.006096000000000001,4.12,1.95
239,-0.0060880000000000005,4.16,1.95
240,-0.00608,4.12,1.95
241,-0.006072,4.12,1.95
242,-0.006064,4.16,1.95
243,-0.006056000000000001,4.16,1.97
244,-0.006048,4.16,1.97
245,-0.00604,4.16,1.97
246,-0.006032000000000001,4.2,1.97
247,-0.006024,4.2,1.97
248,-0.0060160000000000005,4.2,1.99
249,-0.006008,4.2,1.99
250,-0.006,4.24,1.99
251,-0.005992000000000001,4.2,1.99
252,-0.005984,4.24,1.99
253,-0.005976,4.24,2.0100000000000002
254,-0.005968,4.24,2.0100000000000002
255,-0.00596,4.24,2.0100000000000002
256,-0.005952000000000001,4.28,2.0100000000000002
257,-0.005944,4.28,2.0100000000000002
258,-0.005936,4.28,2.0100000000000002
259,-0.005928,4.32,2.0300000000000002
260,-0.00592,4.28,2.0300000000000002
261,-0.005912000000000001,4.32,2.0300000000000002
262,-0.005904,4.32,2.0300000000000002
263,-0.005896,4.28,2.0300000000000002
264,-0.005888000000000001,4.32,2.0300000000000002
265,-0.00588,4.32,2.05
266,-0.0058720000000000005,4.32,2.05
267,-0.005864,4.36,2.05
268,-0.005856,4.36,2.07
269,-0.005848000000000001,4.36,2.05
270,-0.00584,4.36,2.07
271,-0.005832,4.4,2.07
272,-0.005824,4.4,2.09
273,-0.005816,4.4,2.09
274,-0.005808000000000001,4.4,2.07
275,-0.0058000000000000005,4.44,2.09
276,-0.005792,4.44,2.09
277,-0.005784,4.44,2.09
278,-0.005776,4.44,2.09
279,-0.0057680000000000006,4.44,2.11
280,-0.00576,4.44,2.11
281,-0.005752,4.48,2.11
282,-0.005744000000000001,4.44,2.11
283,-0.005736,4.48,2.11
284,-0.0057280000000000005,4.48,2.13
285,-0.00572,4.48,2.13
286,-0.005712,4.5200000000000005,2.13
287,-0.005704000000000001,4.5200000000000005,2.13
288,-0.005696,4.5200000000000005,2.13
289,-0.005688,4.5200000000000005,2.15
290,-0.00568,4.5200000000000005,2.15
291,-0.005672,4.5200000000000005,2.15
292,-0.005664000000000001,4.5600000000000005,2.15
293,-0.0056560000000000004,4.5600000000000005,2.15
294,-0.005648,4.5600000000000005,2.17
295,-0.005640000000000001,4.5600000000000005,2.17
296,-0.005632,4.5600000000000005,2.17
297,-0.0056240000000000005,4.6000000000000005,2.17
298,-0.005616,4.6000000000000005,2.17
299,-0.005608,4.6000000000000005,2.19
300,-0.005600000000000001,4.64,2.17
301,-0.005592,4.64,2.19
302,-0.005584,4.6000000000000005,2.19
303,-0.005576,4.64,2.21
304,-0.005568,4.64,2.19
305,-0.005560000000000001,4.64,2.19
306,-0.005552,4.64,2.19
307,-0.005544,4.68,2.21
308,-0.005536,4.68,2.21
309,-0.005528,4.68,2.21
310,-0.005520000000000001,4.68,2.21
311,-0.005512,4.72,2.21
312,-0.005504,4.72,2.23
313,-0.005496000000000001,4.72,2.23
314,-0.005488,4.72,2.23
315,-0.0054800000000000005,4.76,2.23
316,-0.005472,4.72,2.25
317,-0.005464,4.76,2.25
318,-0.005456000000000001,4.76,2.25
319,-0.005448,4.76,2.25
320,-0.00544,4.76,2.27
321,-0.005432,4.8,2.27
322,-0.005424,4.8,2.27
323,-0.005416000000000001,4.8,2.27
324,-0.0054080000000000005,4.84,2.27
325,-0.0054,4.84,2.27
326,-0.005392,4.84,2.27
327,-0.005384,4.84,2.29
328,-0.005376000000000001,4.84,2.27
329,-0.005368,4.84,2.29
330,-0.00536,4.84,2.29
331,-0.005352000000000001,4.84,2.29
332,-0.005344,4.88,2.31
333,-0.0053360000000000005,4.88,2.29
334,-0.005328,4.92,2.31
335,-0.00532,4.92,2.31
336,-0.005312000000000001,4.88,2.31
337,-0.005304,4.92,2.31
338,-0.005296,4.92,2.33
339,-0.005288,4.92,2.33
340,-0.00528,4.96,2.33
341,-0.005272000000000001,4.96,2.35
342,-0.0052640000000000004,4.96,2.35
343,-0.005256,4.96,2.35
344,-0.005248000000000001,5.0,2.35
345,-0.00524,5.0,2.35
346,-0.0052320000000000005,5.0,2.35
347,-0.005224,5.0,2.37
348,-0.005216,0.08,1.6500000000000001
349,-0.005208000000000001,0.04,0.47000000000000003
350,-0.0052,0.04,0.13
351,-0.0051920000000000004,0.04,0.05
352,-0.005184,0.04,0.03
353,-0.005176,0.04,0.01
354,-0.005168000000000001,0.04,0.01
355,-0.00516,0.08,0.03
356,-0.005152,0.08,0.03
357,-0.005144,0.08,0.03
358,-0.005136,0.08,0.03
359,-0.005128000000000001,0.12,0.05
360,-0.00512,0.12,0.03
361,-0.005112,0.12,0.05
362,-0.005104000000000001,0.12,0.05
363,-0.005096,0.16,0.05
364,-0.0050880000000000005,0.16,0.05
365,-0.00508,0.16,0.07
366,-0.005072,0.16,0.05
367,-0.005064000000000001,0.16,0.07
368,-0.005056,0.2,0.07
369,-0.005048,0.2,0.07
370,-0.00504,0.2,0.07
371,-0.005032,0.2,0.09
372,-0.005024000000000001,0.2,0.09
373,-0.0050160000000000005,0.2,0.09
374,-0.005008,0.24,0.09
375,-0.005,0.24,0.11
376,-0.004992,0.24,0.09
377,-0.004984000000000001,0.24,0.11
378,-0.004976,0.24,0.11
379,-0.004968,0.24,0.11
380,-0.004960000000000001,0.24,0.11
381,-0.004952,0.28,0.13
382,-0.0049440000000000005,0.32,0.13
383,-0.004936,0.28,0.13
384,-0.004928,0.32,0.13
385,-0.004920000000000001,0.28,0.13
386,-0.004912,0.32,0.15
387,-0.004904,0.32,0.15
388,-0.004896,0.32,0.15
389,-0.004888,0.36,0.15
390,-0.004880000000000001,0.36,0.15
391,-0.0048720000000000005,0.36,0.17
392,-0.004864,0.4,0.17
393,-0.004856000000000001,0.36,0.17
394,-0.004848,0.4,0.17
395,-0.0048400000000000006,0.36,0.17
396,-0.004832,0.4,0.19
397,-0.004824,0.44,0.17
398,-0.004816000000000001,0.4,0.17
399,-0.004808,0.44,0.19
400,-0.0048000000000000004,0.4,0.19
401,-0.004792,0.44,0.19
402,-0.004784,0.44,0.19
403,-0.004776000000000001,0.48,0.19
404,-0.004768,0.48,0.21
405,-0.00476,0.48,0.23
406,-0.004752,0.48,0.21
407,-0.004744,0.48,0.21
408,-0.004736000000000001,0.48,0.23
409,-0.004728,0.48,0.23
410,-0.00472,0.52,0.23
411,-0.004712000000000001,0.52,0.23
412,-0.004704,0.52,0.23
413,-0.0046960000000000005,0.52,0.23
414,-0.004688,0.56,0.25
415,-0.00468,0.52,0.25
416,-0.004672000000000001,0.56,0.25
417,-0.004664,0.56,0.25
418,-0.004656,0.56,0.25
419,-0.004648,0.56,0.25
420,-0.00464,0.6,0.27
421,-0.004632000000000001,0.6,0.27
422,-0.0046240000000000005,0.6,0.27
423,-0.004616,0.64,0.27
424,-0.004608,0.6,0.27
425,-0.0046,0.6,0.29
426,-0.004592000000000001,0.64,0.27
427,-0.004584,0.64,0.31
428,-0.004576,0.64,0.29
429,-0.004568000000000001,0.64,0.31
430,-0.00456,0.64,0.31
431,-0.0045520000000000005,0.68,0.33
432,-0.004544,0.68,0.31
433,-0.004536,0.72,0.33
434,-0.004528000000000001,0.68,0.31
435,-0.00452,0.72,0.33
436,-0.004512,0.72,0.33
437,-0.004504,0.72,0.35000000000000003
438,-0.004496,0.72,0.35000000000000003
439,-0.004488000000000001,0.72,0.33
440,-0.0044800000000000005,0.72,0.35000000000000003
441,-0.004472,0.76,0.33
442,-0.004464000000000001,0.76,0.33
443,-0.004456,0.8,0.37
444,-0.0044480000000000006,0.76,0.35000000000000003
445,-0.00444,0.76,0.35000000000000003
446,-0.004432,0.8,0.37
447,-0.004424000000000001,0.8,0.37
448,-0.004416,0.84,0.39
449,-0.0044080000000000005,0.8,0.37
450,-0.0044,0.8,0.39
451,-0.004392,0.84,0.37
452,-0.004384000000000001,0.84,0.39
453,-0.004376,0.84,0.37
454,-0.004368,0.84,0.39
455,-0.00436,0.84,0.41000000000000003
456,-0.004352,0.88,0.39
457,-0.004344000000000001,0.88,0.39
458,-0.0043360000000000004,0.88,0.41000000000000003
459,-0.004328,0.92,0.41000000000000003
460,-0.004320000000000001,0.92,0.41000000000000003
461,-0.004312,0.92,0.41000000000000003
462,-0.0043040000000000005,0.92,0.43
463,-0.004296,0.92,0.43
464,-0.004288,0.96,0.43
465,-0.004280000000000001,0.96,0.45
466,-0.004272,0.96,0.45
467,-0.004264,0.96,0.43
468,-0.004256,0.96,0.45
469,-0.004248,1.0,0.45
470,-0.004240000000000001,0.96,0.45
471,-0.0042320000000000005,1.0,0.45
472,-0.004224,1.0,0.45
473,-0.004216,1.0,0.47000000000000003
474,-0.004208,1.0,0.47000000000000003
475,-0.004200000000000001,1.0,0.47000000000000003
476,-0.004192,1.04,0.47000000000000003
477,-0.004184,1.04,0.47000000000000003
478,-0.004176000000000001,1.08,0.49
479,-0.004168,1.04,0.49
480,-0.0041600000000000005,1.08,0.49
481,-0.004152,1.08,0.49
482,-0.004144,1.08,0.49
483,-0.004136000000000001,1.08,0.51
484,-0.004128,1.12,0.51
485,-0.00412,1.12,0.51
486,-0.004112,1.12,0.53
487,-0.004104,1.12,0.53
488,-0.004096000000000001,1.12,0.51
489,-0.0040880000000000005,1.12,0.51
490,-0.00408,1.16,0.53
491,-0.004072,1.16,0.53
492,-0.004064000000000001,1.16,0.55
493,-0.004056000000000001,1.16,0.55
494,-0.004048,1.2,0.55
495,-0.00404,1.16,0.55
496,-0.004032,1.2,0.55
497,-0.004024000000000001,1.2,0.5700000000000001
498,-0.0040160000000000005,1.24,0.5700000000000001
499,-0.004008,1.2,0.55
500,-0.004,1.24,0.5700000000000001
501,-0.003992000000000001,1.2,0.5700000000000001
502,-0.0039840000000000006,1.24,0.5700000000000001
503,-0.003976,1.24,0.59
504,-0.003968,1.28,0.5700000000000001
505,-0.00396,1.24,0.59
506,-0.003952000000000001,1.28,0.59
507,-0.0039440000000000005,1.28,0.59
508,-0.003936,1.28,0.61
509,-0.003928,1.32,0.59
510,-0.003920000000000001,1.32,0.61
511,-0.0039120000000000005,1.32,0.59
512,-0.0039040000000000004,1.32,0.61
513,-0.003896,1.32,0.61
514,-0.003888,1.32,0.63
515,-0.0038800000000000006,1.36,0.61
516,-0.0038720000000000004,1.36,0.63
517,-0.0038640000000000002,1.36,0.63
518,-0.003856,1.36,0.63
519,-0.0038480000000000007,1.4000000000000001,0.63
520,-0.0038400000000000005,1.4000000000000001,0.63
521,-0.0038320000000000003,1.4000000000000001,0.65
522,-0.003824,1.4000000000000001,0.65
523,-0.003816,1.44,0.67
524,-0.0038080000000000006,1.44,0.65
525,-0.0038000000000000004,1.4000000000000001,0.65
526,-0.0037920000000000002,1.44,0.67
527,-0.003784,1.4000000000000001,0.67
528,-0.0037760000000000007,1.44,0.67
529,-0.0037680000000000005,1.44,0.67
530,-0.0037600000000000003,1.44,0.67
531,-0.003752,1.44,0.67
532,-0.003744,1.48,0.6900000000000001
533,-0.0037360000000000006,1.52,0.67
534,-0.0037280000000000004,1.48,0.6900000000000001
535,-0.00372,1.48,0.71
536,-0.003712,1.56,0.6900000000000001
537,-0.0037040000000000007,1.52,0.6900000000000001
538,-0.0036960000000000005,1.52,0.71
539,-0.0036880000000000003,1.52,0.71
540,-0.00368,1.52,0.71
541,-0.003672000000000001,1.56,0.71
542,-0.0036640000000000006,1.56,0.71
543,-0.0036560000000000004,1.6,0.73
544,-0.003648,1.6,0.73
545,-0.00364,1.56,0.73
546,-0.0036320000000000007,1.6,0.73
547,-0.0036240000000000005,1.6,0.73
548,-0.0036160000000000003,1.6,0.73
549,-0.003608,1.6400000000000001,0.75
550,-0.0036000000000000008,1.6,0.75
551,-0.0035920000000000006,1.6400000000000001,0.77
552,-0.0035840000000000004,1.6400000000000001,0.75
553,-0.003576,1.6400000000000001,0.77
554,-0.003568,1.6400000000000001,0.77
555,-0.0035600000000000007,1.68,0.77
556,-0.0035520000000000005,1.72,0.79
557,-0.0035440000000000003,1.68,0.77
558,-0.003536,1.72,0.79
559,-0.0035280000000000008,1.68,0.79
560,-0.0035200000000000006,1.68,0.79
561,-0.0035120000000000004,1.72,0.81
562,-0.003504,1.72,0.79
563,-0.003496,1.72,0.81
564,-0.0034880000000000006,1.72,0.81
565,-0.0034800000000000005,1.76,0.81
566,-0.0034720000000000003,1.76,0.81
567,-0.003464,1.8,0.8300000000000001
568,-0.0034560000000000007,1.76,0.81
569,-0.0034480000000000005,1.76,0.81
570,-0.0034400000000000003,1.8,0.8300000000000001
571,-0.003432,1.8,0.8300000000000001
572,-0.003424,1.8,0.8300000000000001
573,-0.0034160000000000006,1.8,0.8300000000000001
574,-0.0034080000000000004,1.8,0.8300000000000001
575,-0.0034000000000000002,1.84,0.85
576,-0.003392,1.84,0.85
577,-0.0033840000000000007,1.8800000000000001,0.85
578,-0.0033760000000000005,1.84,0.85
579,-0.0033680000000000003,1.8800000000000001,0.85
580,-0.00336,1.8800000000000001,0.87
581,-0.003352,1.8800000000000001,0.87
582,-0.0033440000000000006,1.8800000000000001,0.87
583,-0.0033360000000000004,1.8800000000000001,0.87
584,-0.0033280000000000002,1.8800000000000001,0.89
585,-0.00332,1.92,0.87
586,-0.0033120000000000007,1.92,0.89
587,-0.0033040000000000005,1.92,0.89
588,-0.0032960000000000003,1.92,0.89
589,-0.003288,1.92,0.89
590,-0.003280000000000001,1.96,0.91
591,-0.0032720000000000006,1.92,0.91
592,-0.0032640000000000004,1.96,0.91
593,-0.003256,1.96,0.91
594,-0.003248,1.96,0.91
595,-0.0032400000000000007,2.0,0.93
596,-0.0032320000000000005,2.0,0.93
597,-0.0032240000000000003,2.04,0.93
598,-0.003216,2.0,0.93
599,-0.0032080000000000008,2.04,0.93
600,-0.0032000000000000006,2.08,0.93
601,-0.0031920000000000004,2.04,0.93
602,-0.003184,2.04,0.93
603,-0.003176,2.04,0.9500000000000001
604,-0.0031680000000000007,2.08,0.9500000000000001
605,-0.0031600000000000005,2.08,0.97
606,-0.0031520000000000003,2.08,0.9500000000000001
607,-0.003144,2.12,0.9500000000000001
608,-0.0031360000000000008,2.12,0.9500000000000001
609,-0.0031280000000000006,2.12,0.97
610,-0.0031200000000000004,2.12,0.97
611,-0.003112,2.12,0.97
612,-0.003104,2.12,0.97
613,-0.0030960000000000007,2.12,0.99
614,-0.0030880000000000005,2.12,0.99
615,-0.0030800000000000003,2.16,0.99
616,-0.003072,2.16,0.99
617,-0.0030640000000000008,2.16,0.99
618,-0.0030560000000000006,2.16,0.99
619,-0.0030480000000000004,2.2,1.01
620,-0.00304,2.16,1.01
621,-0.003032,2.2,1.01
622,-0.0030240000000000006,2.2,1.01
623,-0.0030160000000000005,2.2,1.03
624,-0.0030080000000000003,2.2,1.03
625,-0.003,2.2,1.03
626,-0.0029920000000000007,2.24,1.03
627,-0.0029840000000000005,2.2800000000000002,1.03
628,-0.0029760000000000003,2.2800000000000002,1.05
629,-0.002968,2.2800000000000002,1.03
630,-0.002960000000000001,2.2800000000000002,1.07
631,-0.0029520000000000006,2.24,1.05
632,-0.0029440000000000004,2.2800000000000002,1.05
633,-0.0029360000000000002,2.2800000000000002,1.05
634,-0.002928,2.2800000000000002,1.07
635,-0.0029200000000000007,2.32,1.07
636,-0.0029120000000000005,2.2800000000000002,1.07
637,-0.0029040000000000003,2.32,1.07
638,-0.002896,2.36,1.09
639,-0.002888000000000001,2.36,1.09
640,-0.0028800000000000006,2.36,1.09
641,-0.0028720000000000004,2.36,1.09
642,-0.0028640000000000002,2.36,1.09
643,-0.002856,2.36,1.09
644,-0.0028480000000000007,2.36,1.09
645,-0.0028400000000000005,2.4,1.09
646,-0.0028320000000000003,2.4,1.11
647,-0.002824,2.4,1.1300000000000001
648,-0.002816000000000001,2.4,1.11
649,-0.0028080000000000006,2.4,1.1300000000000001
650,-0.0028000000000000004,2.44,1.1300000000000001
651,-0.002792,2.4,1.1300000000000001
652,-0.002784,2.44,1.1300000000000001
653,-0.0027760000000000007,2.44,1.1500000000000001
654,-0.0027680000000000005,2.44,1.1500000000000001
655,-0.0027600000000000003,2.44,1.1500000000000001
656,-0.002752,2.48,1.17
657,-0.0027440000000000008,2.48,1.1500000000000001
658,-0.0027360000000000006,2.48,1.1500000000000001
659,-0.0027280000000000004,2.52,1.1500000000000001
660,-0.00272,2.52,1.17
661,-0.002712,2.52,1.1500000000000001
662,-0.0027040000000000007,2.52,1.19
663,-0.0026960000000000005,2.52,1.17
664,-0.0026880000000000003,2.52,1.17
665,-0.00268,2.52,1.19
666,-0.0026720000000000008,2.52,1.19
667,-0.0026640000000000006,2.56,1.19
668,-0.0026560000000000004,2.56,1.19
669,-0.002648,2.56,1.19
670,-0.00264,2.6,1.19
671,-0.0026320000000000007,2.6,1.21
672,-0.0026240000000000005,2.6,1.21
673,-0.0026160000000000003,2.6,1.21
674,-0.002608,2.6,1.21
675,-0.0026000000000000007,2.6,1.23
676,-0.0025920000000000006,2.6,1.23
677,-0.0025840000000000004,2.64,1.23
678,-0.002576,2.68,1.23
679,-0.002568000000000001,2.64,1.25
680,-0.0025600000000000006,2.68,1.23
681,-0.0025520000000000004,2.68,1.23
682,-0.0025440000000000003,2.68,1.25
683,-0.002536,2.68,1.25
684,-0.0025280000000000007,2.68,1.27
685,-0.0025200000000000005,2.68,1.25
686,-0.0025120000000000003,2.72,1.25
687,-0.002504,2.72,1.27
688,-0.002496000000000001,2.72,1.27
689,-0.0024880000000000006,2.72,1.27
690,-0.0024800000000000004,2.7600000000000002,1.27
691,-0.0024720000000000002,2.72,1.27
692,-0.002464,2.7600000000000002,1.27
693,-0.0024560000000000007,2.7600000000000002,1.29
694,-0.0024480000000000005,2.8000000000000003,1.29
695,-0.0024400000000000003,2.8000000000000003,1.29
696,-0.002432,2.84,1.31
697,-0.002424000000000001,2.8000000000000003,1.29
698,-0.0024160000000000006,2.8000000000000003,1.31
699,-0.0024080000000000004,2.8000000000000003,1.31
700,-0.0024000000000000002,2.84,1.33
701,-0.002392,2.84,1.33
702,-0.0023840000000000007,2.84,1.33
703,-0.0023760000000000005,2.88,1.33
704,-0.0023680000000000003,2.84,1.33
705,-0.00236,2.84,1.33
706,-0.002352000000000001,2.88,1.33
707,-0.0023440000000000006,2.88,1.35
708,-0.0023360000000000004,2.88,1.35
709,-0.002328,2.92,1.35
710,-0.00232,2.92,1.35
711,-0.0023120000000000007,2.92,1.35
712,-0.0023040000000000005,2.92,1.37
713,-0.0022960000000000003,2.96,1.37
714,-0.002288,2.92,1.37
715,-0.0022800000000000008,2.92,1.37
716,-0.0022720000000000006,2.96,1.3900000000000001
717,-0.0022640000000000004,2.96,1.3900000000000001
718,-0.002256,3.0,1.3900000000000001
719,-0.002248,3.0,1.3900000000000001
720,-0.0022400000000000007,3.0,1.3900000000000001
721,-0.0022320000000000005,2.96,1.3900000000000001
722,-0.0022240000000000003,3.0,1.3900000000000001
723,-0.002216,3.0,1.41
724,-0.0022080000000000008,3.04,1.41
725,-0.0022000000000000006,3.04,1.41
726,-0.0021920000000000004,3.04,1.41
727,-0.002184,3.04,1.43
728,-0.002176000000000001,3.08,1.41
729,-0.0021680000000000007,3.08,1.43
730,-0.0021600000000000005,3.08,1.43
731,-0.0021520000000000003,3.08,1.43
732,-0.002144,3.12,1.43
733,-0.0021360000000000007,3.08,1.45
734,-0.0021280000000000006,3.12,1.45
735,-0.0021200000000000004,3.12,1.45
736,-0.002112,3.12,1.45
737,-0.002104000000000001,3.12,1.45
738,-0.0020960000000000006,3.16,1.45
739,-0.0020880000000000004,3.12,1.47
740,-0.0020800000000000003,3.16,1.47
741,-0.002072,3.16,1.47
742,-0.0020640000000000007,3.16,1.49
743,-0.0020560000000000005,3.16,1.47
744,-0.0020480000000000003,3.2,1.49
745,-0.00204,3.16,1.49
746,-0.002032000000000001,3.2,1.51
747,-0.0020240000000000006,3.2,1.49
748,-0.0020160000000000004,3.2,1.51
749,-0.0020080000000000002,3.24,1.51
750,-0.002,3.24,1.51
751,-0.0019920000000000007,3.24,1.51
752,-0.0019840000000000005,3.24,1.51
753,-0.0019760000000000003,3.24,1.53
754,-0.001968,3.24,1.51
755,-0.001960000000000001,3.2800000000000002,1.53
756,-0.0019520000000000006,3.2800000000000002,1.53
757,-0.0019440000000000004,3.2800000000000002,1.53
758,-0.0019360000000000002,3.2800000000000002,1.55
759,-0.001928,3.2800000000000002,1.55
760,-0.0019200000000000007,3.2800000000000002,1.55
761,-0.0019120000000000005,3.3200000000000003,1.57
762,-0.0019040000000000003,3.3200000000000003,1.55
763,-0.0018960000000000001,3.3200000000000003,1.57
764,-0.0018880000000000008,3.36,1.57
765,-0.0018800000000000006,3.3200000000000003,1.57
766,-0.0018720000000000004,3.3200000000000003,1.57
767,-0.0018640000000000002,3.36,1.57
768,-0.001856,3.36,1.59
769,-0.0018480000000000007,3.36,1.57
770,-0.0018400000000000005,3.4,1.59
771,-0.0018320000000000003,3.4,1.59
772,-0.001824,3.4,1.59
773,-0.0018160000000000008,3.4,1.59
774,-0.0018080000000000006,3.4,1.59
775,-0.0018000000000000004,3.44,1.59
776,-0.0017920000000000002,3.44,1.61
777,-0.0017840000000000009,3.44,1.61
778,-0.0017760000000000007,3.44,1.61
779,-0.0017680000000000005,3.44,1.61
780,-0.0017600000000000003,3.44,1.61
781,-0.001752,3.48,1.6300000000000001
782,-0.0017440000000000008,3.48,1.6300000000000001
783,-0.0017360000000000006,3.52,1.6500000000000001
784,-0.0017280000000000004,3.52,1.6500000000000001
785,-0.0017200000000000002,3.48,1.6300000000000001
786,-0.0017120000000000008,3.52,1.6500000000000001
787,-0.0017040000000000007,3.52,1.6500000000000001
788,-0.0016960000000000005,3.52,1.67
789,-0.0016880000000000003,3.52,1.67
790,-0.00168,3.52,1.67
791,-0.0016720000000000007,3.56,1.67
792,-0.0016640000000000005,3.56,1.67
793,-0.0016560000000000004,3.56,1.67
794,-0.0016480000000000002,3.56,1.67
795,-0.0016400000000000008,3.6,1.67
796,-0.0016320000000000006,3.6,1.69
797,-0.0016240000000000004,3.6,1.69
798,-0.0016160000000000002,3.64,1.71
799,-0.001608,3.6,1.71
800,-0.0016000000000000007,3.64,1.71
801,-0.0015920000000000005,3.6,1.69
802,-0.0015840000000000003,3.64,1.71
803,-0.0015760000000000001,3.64,1.71
804,-0.0015680000000000008,3.64,1.71
805,-0.0015600000000000006,3.68,1.73
806,-0.0015520000000000004,3.68,1.73
807,-0.0015440000000000002,3.68,1.73
808,-0.001536,3.72,1.75
809,-0.0015280000000000007,3.72,1.73
810,-0.0015200000000000005,3.68,1.73
811,-0.0015120000000000003,3.72,1.75
812,-0.0015040000000000001,3.68,1.75
813,-0.0014960000000000008,3.72,1.75
814,-0.0014880000000000006,3.7600000000000002,1.75
815,-0.0014800000000000004,3.72,1.75
816,-0.0014720000000000002,3.7600000000000002,1.77
817,-0.0014640000000000009,3.7600000000000002,1.77
818,-0.0014560000000000007,3.7600000000000002,1.75
819,-0.0014480000000000005,3.7600000000000002,1.77
820,-0.0014400000000000003,3.7600000000000002,1.77
821,-0.0014320000000000001,3.7600000000000002,1.79
822,-0.0014240000000000008,3.8000000000000003,1.79
823,-0.0014160000000000006,3.8000000000000003,1.79
824,-0.0014080000000000004,3.8000000000000003,1.79
825,-0.0014000000000000002,3.8000000000000003,1.79
826,-0.0013920000000000009,3.84,1.81
827,-0.0013840000000000007,3.84,1.81
828,-0.0013760000000000005,3.84,1.81
829,-0.0013680000000000003,3.84,1.81
830,-0.00136,3.84,1.81
831,-0.0013520000000000008,3.88,1.81
832,-0.0013440000000000006,3.88,1.81
833,-0.0013360000000000004,3.88,1.83
834,-0.0013280000000000002,3.88,1.83
835,-0.0013200000000000009,3.92,1.83
836,-0.0013120000000000007,3.92,1.85
837,-0.0013040000000000005,3.88,1.85
838,-0.0012960000000000003,3.92,1.85
839,-0.001288,3.92,1.85
840,-0.0012800000000000008,3.92,1.85
841,-0.0012720000000000006,3.96,1.87
842,-0.0012640000000000004,3.96,1.87
843,-0.0012560000000000002,3.96,1.87
844,-0.0012480000000000008,4.0,1.87
845,-0.0012400000000000007,3.96,1.8900000000000001
846,-0.0012320000000000005,3.96,1.8900000000000001
847,-0.0012240000000000003,3.96,1.8900000000000001
848,-0.001216,4.0,1.8900000000000001
849,-0.0012080000000000007,4.0,1.8900000000000001
850,-0.0012000000000000005,4.04,1.8900000000000001
851,-0.0011920000000000004,4.04,1.8900000000000001
852,-0.0011840000000000002,4.04,1.9100000000000001
853,-0.0011760000000000008,4.04,1.9100000000000001
854,-0.0011680000000000006,4.04,1.9100000000000001
855,-0.0011600000000000004,4.08,1.9100000000000001
856,-0.0011520000000000002,4.04,1.9100000000000001
857,-0.001144,4.12,1.93
858,-0.0011360000000000007,4.08,1.93
859,-0.0011280000000000005,4.08,1.93
860,-0.0011200000000000003,4.12,1.93
861,-0.0011120000000000001,4.12,1.93
862,-0.0011040000000000008,4.12,1.95
863,-0.0010960000000000006,4.16,1.95
864,-0.0010880000000000004,4.12,1.95
865,-0.0010800000000000002,4.12,1.95
866,-0.001072000000000001,4.12,1.95
867,-0.0010640000000000007,4.16,1.97
868,-0.0010560000000000005,4.16,1.97
869,-0.0010480000000000003,4.16,1.97
870,-0.0010400000000000001,4.16,1.97
871,-0.0010320000000000008,4.2,1.97
872,-0.0010240000000000006,4.2,1.97
873,-0.0010160000000000004,4.2,1.99
874,-0.0010080000000000002,4.2,1.99
875,-0.0010000000000000009,4.2,1.99
876,-0.0009920000000000007,4.24,1.99
877,-0.0009840000000000005,4.24,1.99
878,-0.0009760000000000003,4.24,2.0100000000000002
879,-0.0009680000000000001,4.24,2.0300000000000002
880,-0.0009600000000000008,4.24,2.0100000000000002
881,-0.0009520000000000006,4.28,2.0300000000000002
882,-0.0009440000000000004,4.28,2.0100000000000002
883,-0.0009360000000000002,4.28,2.0300000000000002
884,-0.0009280000000000009,4.28,2.0300000000000002
885,-0.0009200000000000007,4.28,2.0300000000000002
886,-0.0009120000000000005,4.28,2.0300000000000002
887,-0.0009040000000000003,4.32,2.0300000000000002
888,-0.0008960000000000001,4.32,2.0300000000000002
889,-0.0008880000000000008,4.32,2.05
890,-0.0008800000000000006,4.32,2.05
891,-0.0008720000000000004,4.36,2.05
892,-0.0008640000000000002,4.36,2.05
893,-0.0008560000000000009,4.36,2.05
894,-0.0008480000000000007,4.4,2.07
895,-0.0008400000000000005,4.36,2.07
896,-0.0008320000000000003,4.36,2.07
897,-0.0008240000000000001,4.4,2.07
898,-0.0008160000000000008,4.4,2.09
899,-0.0008080000000000006,4.4,2.09
900,-0.0008000000000000004,4.4,2.09
901,-0.0007920000000000002,4.44,2.09
902,-0.0007840000000000008,4.44,2.09
903,-0.0007760000000000006,4.44,2.09
904,-0.0007680000000000005,4.44,2.11
905,-0.0007600000000000003,4.44,2.11
906,-0.0007520000000000001,4.44,2.11
907,-0.0007440000000000007,4.48,2.11
908,-0.0007360000000000005,4.5200000000000005,2.13
909,-0.0007280000000000003,4.48,2.13
910,-0.0007200000000000002,4.48,2.13
911,-0.0007120000000000008,4.5200000000000005,2.13
912,-0.0007040000000000006,4.5200000000000005,2.13
913,-0.0006960000000000004,4.5200000000000005,2.13
914,-0.0006880000000000002,4.5200000000000005,2.15
915,-0.0006800000000000009,4.5200000000000005,2.15
916,-0.0006720000000000007,4.5200000000000005,2.15
917,-0.0006640000000000005,4.5600000000000005,2.15
918,-0.0006560000000000003,4.5600000000000005,2.15
919,-0.0006480000000000001,4.5600000000000005,2.17
920,-0.0006400000000000008,4.5600000000000005,2.17
921,-0.0006320000000000006,4.5600000000000005,2.17
922,-0.0006240000000000004,4.6000000000000005,2.17
923,-0.0006160000000000002,4.6000000000000005,2.17
924,-0.0006080000000000009,4.6000000000000005,2.17
925,-0.0006000000000000007,4.6000000000000005,2.17
926,-0.0005920000000000005,4.6000000000000005,2.19
927,-0.0005840000000000003,4.64,2.19
928,-0.0005760000000000001,4.64,2.19
929,-0.0005680000000000008,4.68,2.21
930,-0.0005600000000000006,4.64,2.19
931,-0.0005520000000000004,4.68,2.21
932,-0.0005440000000000002,4.68,2.21
933,-0.0005360000000000009,4.68,2.21
934,-0.0005280000000000007,4.68,2.21
935,-0.0005200000000000005,4.72,2.21
936,-0.0005120000000000003,4.72,2.23
937,-0.0005040000000000001,4.72,2.23
938,-0.0004960000000000008,4.72,2.23
939,-0.0004880000000000006,4.72,2.23
940,-0.0004800000000000004,4.76,2.25
941,-0.0004720000000000002,4.72,2.23
942,-0.00046400000000000087,4.76,2.25
943,-0.0004560000000000007,4.76,2.25
944,-0.0004480000000000005,4.8,2.25
945,-0.0004400000000000003,4.8,2.27
946,-0.0004320000000000001,4.8,2.27
947,-0.00042400000000000077,4.8,2.27
948,-0.00041600000000000057,4.8,2.27
949,-0.0004080000000000004,4.8,2.27
950,-0.0004000000000000002,4.8,2.29
951,-0.00039200000000000085,4.84,2.27
952,-0.00038400000000000066,4.84,2.29
953,-0.00037600000000000047,4.84,2.29
954,-0.00036800000000000027,4.84,2.29
955,-0.00036000000000000094,4.88,2.29
956,-0.00035200000000000075,4.88,2.31
957,-0.00034400000000000056,4.88,2.31
958,-0.00033600000000000036,4.88,2.31
959,-0.00032800000000000017,4.88,2.31
960,-0.00032000000000000084,4.88,2.31
961,-0.00031200000000000064,4.92,2.31
962,-0.00030400000000000045,4.92,2.33
963,-0.00029600000000000026,4.92,2.33
964,-0.00028800000000000093,4.92,2.33
965,-0.00028000000000000073,4.96,2.33
966,-0.00027200000000000054,4.92,2.33
967,-0.00026400000000000035,4.96,2.33
968,-0.00025600000000000015,4.96,2.33
969,-0.0002480000000000008,4.96,2.35
970,-0.00024000000000000063,5.0,2.35
971,-0.00023200000000000044,5.0,2.35
972,-0.00022400000000000024,5.0,2.35
973,-0.0002160000000000009,0.08,1.6300000000000001
974,-0.00020800000000000072,0.08,0.47000000000000003
975,-0.00020000000000000052,0.04,0.15
976,-0.00019200000000000033,0.04,0.05
977,-0.00018400000000000014,0.08,0.03
978,-0.0001760000000000008,0.04,0.01
979,-0.00016799999999999975,0.04,0.01
980,-0.00016000000000000042,0.04,0.01
981,-0.0001520000000000011,0.08,0.03
982,-0.00014400000000000003,0.08,0.03
983,-0.0001360000000000007,0.12,0.05
984,-0.00012800000000000138,0.12,0.05
985,-0.00012000000000000031,0.12,0.05
986,-0.00011200000000000099,0.12,0.05
987,-0.00010399999999999993,0.16,0.05
988,-9.60000000000006e-05,0.12,0.05
989,-8.800000000000127e-05,0.12,0.07
990,-8.000000000000021e-05,0.16,0.07
991,-7.200000000000088e-05,0.16,0.07
992,-6.399999999999982e-05,0.2,0.07
993,-5.6000000000000494e-05,0.16,0.07
994,-4.800000000000117e-05,0.16,0.07
995,-4.0000000000000105e-05,0.2,0.09
996,-3.200000000000078e-05,0.2,0.09
997,-2.3999999999999716e-05,0.2,0.09
998,-1.600000000000039e-05,0.2,0.09
999,-8.000000000001062e-06,0.24,0.09
1000,0.0,0.24,0.09
1001,7.999999999999327e-06,0.24,0.11
1002,1.5999999999998654e-05,0.24,0.09
1003,2.3999999999999716e-05,0.28,0.11
1004,3.199999999999904e-05,0.28,0.13
1005,4.0000000000000105e-05,0.28,0.11
1006,4.799999999999943e-05,0.28,0.13
1007,5.599999999999876e-05,0.28,0.11
1008,6.399999999999982e-05,0.32,0.13
1009,7.199999999999915e-05,0.28,0.13
1010,8.000000000000021e-05,0.32,0.13
1011,8.799999999999954e-05,0.36,0.15
1012,9.599999999999886e-05,0.32,0.13
1013,0.00010399999999999993,0.32,0.15
1014,0.00011199999999999925,0.32,0.15
1015,0.00012000000000000031,0.36,0.15
1016,0.00012799999999999964,0.36,0.17
1017,0.00013599999999999897,0.36,0.17
1018,0.00014400000000000003,0.36,0.17
1019,0.00015199999999999936,0.4,0.17
1020,0.00015999999999999868,0.4,0.19
1021,0.00016799999999999975,0.4,0.17
1022,0.00017599999999999907,0.4,0.19
1023,0.00018400000000000014,0.4,0.19
1024,0.00019199999999999946,0.4,0.19
1025,0.0001999999999999988,0.4,0.19
1026,0.00020799999999999985,0.44,0.19
1027,0.00021599999999999918,0.48,0.21
1028,0.00022400000000000024,0.44,0.21
1029,0.00023199999999999957,0.44,0.21
1030,0.0002399999999999989,0.48,0.21
1031,0.00024799999999999996,0.44,0.21
1032,0.0002559999999999993,0.48,0.23
1033,0.0002639999999999986,0.52,0.23
1034,0.00027199999999999967,0.48,0.23
1035,0.000279999999999999,0.48,0.23
1036,0.00028800000000000006,0.52,0.25
1037,0.0002959999999999994,0.52,0.25
1038,0.0003039999999999987,0.52,0.23
1039,0.0003119999999999998,0.52,0.25
1040,0.0003199999999999991,0.52,0.25
1041,0.00032800000000000017,0.56,0.25
1042,0.0003359999999999995,0.56,0.25
1043,0.0003439999999999988,0.56,0.27
1044,0.0003519999999999999,0.56,0.25
1045,0.0003599999999999992,0.56,0.27
1046,0.00036800000000000027,0.6,0.27
1047,0.0003759999999999996,0.6,0.29
1048,0.0003839999999999989,0.6,0.27
1049,0.000392,0.6,0.27
1050,0.0003999999999999993,0.6,0.27
1051,0.00040799999999999864,0.64,0.29
1052,0.0004159999999999997,0.64,0.29
1053,0.00042399999999999903,0.64,0.29
1054,0.0004320000000000001,0.64,0.31
1055,0.0004399999999999994,0.64,0.31
1056,0.00044799999999999875,0.64,0.33
1057,0.0004559999999999998,0.68,0.31
1058,0.00046399999999999914,0.68,0.31
1059,0.0004720000000000002,0.68,0.31
1060,0.0004799999999999995,0.72,0.33
1061,0.00048799999999999885,0.68,0.33
1062,0.0004959999999999999,0.72,0.33
1063,0.0005039999999999992,0.72,0.33
1064,0.0005120000000000003,0.72,0.33
1065,0.0005199999999999996,0.72,0.33
1066,0.000527999999999999,0.72,0.33
1067,0.000536,0.76,0.35000000000000003
1068,0.0005439999999999993,0.76,0.35000000000000003
1069,0.0005519999999999987,0.76,0.35000000000000003
1070,0.0005599999999999997,0.76,0.35000000000000003
1071,0.0005679999999999991,0.76,0.37
1072,0.0005760000000000001,0.8,0.35000000000000003
1073,0.0005839999999999995,0.8,0.37
1074,0.0005919999999999988,0.8,0.37
1075,0.0005999999999999998,0.84,0.37
1076,0.0006079999999999992,0.84,0.37
1077,0.0006160000000000002,0.84,0.39
1078,0.0006239999999999996,0.84,0.39
1079,0.0006319999999999989,0.84,0.41000000000000003
1080,0.0006399999999999999,0.88,0.41000000000000003
1081,0.0006479999999999993,0.88,0.41000000000000003
1082,0.0006559999999999986,0.88,0.41000000000000003
1083,0.0006639999999999997,0.92,0.41000000000000003
1084,0.000671999999999999,0.88,0.41000000000000003
1085,0.00068,0.88,0.41000000000000003
1086,0.0006879999999999994,0.88,0.43
1087,0.0006959999999999987,0.92,0.43
1088,0.0007039999999999998,0.96,0.43
1089,0.0007119999999999991,0.92,0.43
1090,0.0007200000000000002,0.92,0.43
1091,0.0007279999999999995,0.96,0.45
1092,0.0007359999999999988,0.96,0.45
1093,0.0007439999999999999,0.96,0.45
1094,0.0007519999999999992,0.96,0.47000000000000003
1095,0.0007600000000000003,0.96,0.45
1096,0.0007679999999999996,1.0,0.45
1097,0.0007759999999999989,1.0,0.47000000000000003
1098,0.000784,1.0,0.47000000000000003
1099,0.0007919999999999993,1.0,0.47000000000000003
1100,0.0007999999999999986,1.0,0.47000000000000003
1101,0.0008079999999999997,1.0,0.47000000000000003
1102,0.000815999999999999,1.04,0.49
1103,0.0008240000000000001,1.04,0.49
1104,0.0008319999999999994,1.04,0.49
1105,0.0008399999999999987,1.04,0.49
1106,0.0008479999999999998,1.08,0.49
1107,0.0008559999999999991,1.08,0.51
1108,0.0008640000000000002,1.08,0.49
1109,0.0008719999999999995,1.08,0.51
1110,0.0008799999999999988,1.12,0.51
1111,0.0008879999999999999,1.12,0.51
1112,0.0008959999999999992,1.12,0.51
1113,0.0009040000000000003,1.12,0.53
1114,0.0009119999999999996,1.12,0.51
1115,0.0009199999999999989,1.12,0.53
1116,0.000928,1.16,0.53
1117,0.0009359999999999993,1.16,0.55
1118,0.0009439999999999987,1.16,0.55
1119,0.0009519999999999997,1.16,0.53
1120,0.000959999999999999,1.2,0.55
1121,0.0009680000000000001,1.16,0.55
1122,0.0009759999999999994,1.2,0.55
1123,0.0009839999999999988,1.2,0.5700000000000001
1124,0.0009919999999999998,1.2,0.5700000000000001
1125,0.0009999999999999992,1.24,0.5700000000000001
1126,0.0010080000000000002,1.24,0.5700000000000001
1127,0.0010159999999999995,1.24,0.5700000000000001
1128,0.0010239999999999989,1.24,0.5700000000000001
1129,0.001032,1.28,0.5700000000000001
1130,0.0010399999999999993,1.28,0.59
1131,0.0010479999999999986,1.28,0.59
1132,0.0010559999999999996,1.28,0.61
1133,0.001063999999999999,1.28,0.59
1134,0.001072,1.32,0.61
1135,0.0010799999999999994,1.32,0.61
1136,0.0010879999999999987,1.32,0.61
1137,0.0010959999999999998,1.32,0.61
1138,0.001103999999999999,1.32,0.61
1139,0.0011120000000000001,1.36,0.61
1140,0.0011199999999999995,1.32,0.63
1141,0.0011279999999999988,1.36,0.63
1142,0.0011359999999999999,1.36,0.63
1143,0.0011439999999999992,1.36,0.63
1144,0.0011520000000000002,1.36,0.63
1145,0.0011599999999999996,1.4000000000000001,0.65
1146,0.001167999999999999,1.4000000000000001,0.65
1147,0.001176,1.4000000000000001,0.65
1148,0.0011839999999999993,1.4000000000000001,0.65
1149,0.0011919999999999986,1.4000000000000001,0.67
1150,0.0011999999999999997,1.4000000000000001,0.67
1151,0.001207999999999999,1.44,0.67
1152,0.001216,1.44,0.67
1153,0.0012239999999999994,1.44,0.67
1154,0.0012319999999999987,1.44,0.67
1155,0.0012399999999999998,1.44,0.67
1156,0.0012479999999999991,1.48,0.6900000000000001
1157,0.0012560000000000002,1.48,0.67
1158,0.0012639999999999995,1.48,0.6900000000000001
1159,0.0012719999999999988,1.48,0.71
1160,0.0012799999999999999,1.52,0.6900000000000001
1161,0.0012879999999999992,1.52,0.71
1162,0.0012960000000000003,1.52,0.6900000000000001
1163,0.0013039999999999996,1.52,0.71
1164,0.001311999999999999,1.56,0.71
1165,0.00132,1.52,0.71
1166,0.0013279999999999993,1.56,0.73
1167,0.0013359999999999986,1.56,0.73
1168,0.0013439999999999997,1.56,0.71
1169,0.001351999999999999,1.56,0.73
1170,0.00136,1.6,0.73
1171,0.0013679999999999994,1.6,0.73
1172,0.0013759999999999988,1.6,0.75
1173,0.0013839999999999998,1.6,0.75
1174,0.0013919999999999991,1.6400000000000001,0.75
1175,0.0014000000000000002,1.6400000000000001,0.75
1176,0.0014079999999999995,1.6400000000000001,0.77
1177,0.0014159999999999989,1.6400000000000001,0.77
1178,0.001424,1.68,0.77
1179,0.0014319999999999992,1.68,0.77
1180,0.0014399999999999986,1.68,0.77
1181,0.0014479999999999996,1.68,0.79
1182,0.001455999999999999,1.72,0.79
1183,0.001464,1.68,0.77
1184,0.0014719999999999994,1.68,0.79
1185,0.0014799999999999987,1.68,0.79
1186,0.0014879999999999997,1.72,0.81
1187,0.001495999999999999,1.72,0.81
1188,0.0015040000000000001,1.72,0.81
1189,0.0015119999999999995,1.72,0.81
1190,0.0015199999999999988,1.72,0.81
1191,0.0015279999999999998,1.76,0.81
1192,0.0015359999999999992,1.76,0.81
1193,0.0015440000000000002,1.76,0.8300000000000001
1194,0.0015519999999999996,1.76,0.8300000000000001
1195,0.0015599999999999989,1.8,0.8300000000000001
1196,0.001568,1.8,0.8300000000000001
1197,0.0015759999999999993,1.84,0.85
1198,0.0015839999999999986,1.84,0.8300000000000001
1199,0.0015919999999999997,1.8,0.8300000000000001
1200,0.001599999999999999,1.84,0.85
1201,0.001608,1.84,0.85
1202,0.0016159999999999994,1.84,0.87
1203,0.0016239999999999987,1.8800000000000001,0.85
1204,0.0016319999999999998,1.84,0.85
1205,0.001639999999999999,1.8800000000000001,0.85
1206,0.0016480000000000002,1.8800000000000001,0.87
1207,0.0016559999999999995,1.8800000000000001,0.87
1208,0.0016639999999999988,1.8800000000000001,0.87
1209,0.0016719999999999999,1.8800000000000001,0.87
1210,0.0016799999999999992,1.92,0.89
1211,0.0016879999999999985,1.92,0.89
1212,0.0016959999999999996,1.96,0.89
1213,0.001703999999999999,1.92,0.89
1214,0.001712,1.96,0.89
1215,0.0017199999999999993,1.96,0.89
1216,0.0017279999999999986,1.96,0.91
1217,0.0017359999999999997,1.96,0.91
1218,0.001743999999999999,2.0,0.91
1219,0.001752,2.0,0.91
1220,0.0017599999999999994,2.0,0.93
1221,0.0017679999999999987,2.0,0.93
1222,0.0017759999999999998,2.0,0.93
1223,0.0017839999999999991,2.0,0.93
1224,0.0017920000000000002,2.04,0.93
1225,0.0017999999999999995,2.04,0.9500000000000001
1226,0.0018079999999999988,2.04,0.93
1227,0.001816,2.04,0.9500000000000001
1228,0.0018239999999999992,2.04,0.9500000000000001
1229,0.0018319999999999986,2.04,0.9500000000000001
1230,0.0018399999999999996,2.04,0.97
1231,0.001847999999999999,2.08,0.97
1232,0.001856,2.08,0.99
1233,0.0018639999999999993,2.08,0.97
1234,0.0018719999999999987,2.12,0.99
1235,0.0018799999999999997,2.08,0.97
1236,0.001887999999999999,2.12,0.99
1237,0.0018960000000000001,2.12,0.99
1238,0.0019039999999999994,2.12,0.99
1239,0.0019119999999999988,2.12,0.99
1240,0.0019199999999999998,2.16,0.99
1241,0.0019279999999999992,2.12,0.99
1242,0.0019360000000000002,2.16,0.99
1243,0.0019439999999999995,2.2,1.01
1244,0.0019519999999999989,2.2,1.01
1245,0.00196,2.2,1.01
1246,0.0019679999999999993,2.2,1.03
1247,0.0019759999999999986,2.2,1.01
1248,0.0019839999999999997,2.2,1.03
1249,0.001991999999999999,2.24,1.03
1250,0.002,2.24,1.03
1251,0.0020079999999999994,2.24,1.05
1252,0.0020159999999999987,2.24,1.05
1253,0.0020239999999999998,2.24,1.05
1254,0.002031999999999999,2.24,1.05
1255,0.00204,2.2800000000000002,1.05
1256,0.0020479999999999995,2.2800000000000002,1.07
1257,0.002055999999999999,2.2800000000000002,1.07
1258,0.002064,2.2800000000000002,1.07
1259,0.002071999999999999,2.32,1.07
1260,0.0020799999999999985,2.2800000000000002,1.07
1261,0.0020879999999999996,2.32,1.09
1262,0.002095999999999999,2.32,1.07
1263,0.002104,2.32,1.07
1264,0.0021119999999999993,2.32,1.09
1265,0.0021199999999999986,2.36,1.09
1266,0.0021279999999999997,2.36,1.09
1267,0.002135999999999999,2.36,1.09
1268,0.002144,2.36,1.09
1269,0.0021519999999999994,2.36,1.1300000000000001
1270,0.0021599999999999987,2.4,1.11
1271,0.002168,2.4,1.11
1272,0.002175999999999999,2.4,1.11
1273,0.002184,2.4,1.1300000000000001
1274,0.0021919999999999995,2.4,1.1300000000000001
1275,0.002199999999999999,2.44,1.1300000000000001
1276,0.002208,2.4,1.1300000000000001
1277,0.0022159999999999992,2.44,1.1300000000000001
1278,0.0022239999999999985,2.44,1.1300000000000001
1279,0.0022319999999999996,2.44,1.1500000000000001
1280,0.002239999999999999,2.48,1.1500000000000001
1281,0.002248,2.48,1.1500000000000001
1282,0.0022559999999999993,2.48,1.1500000000000001
1283,0.0022639999999999987,2.48,1.1500000000000001
1284,0.0022719999999999997,2.48,1.1500000000000001
1285,0.002279999999999999,2.52,1.17
1286,0.002288,2.52,1.17
1287,0.0022959999999999994,2.52,1.17
1288,0.0023039999999999988,2.52,1.17
1289,0.002312,2.52,1.19
1290,0.002319999999999999,2.56,1.19
1291,0.002328,2.56,1.19
1292,0.0023359999999999995,2.56,1.19
1293,0.002343999999999999,2.56,1.19
1294,0.002352,2.56,1.19
1295,0.0023599999999999993,2.6,1.21
1296,0.0023679999999999986,2.56,1.21
1297,0.0023759999999999996,2.6,1.21
1298,0.002383999999999999,2.6,1.21
1299,0.002392,2.6,1.21
1300,0.0023999999999999994,2.64,1.21
1301,0.0024079999999999987,2.64,1.23
1302,0.0024159999999999997,2.64,1.23
1303,0.002423999999999999,2.64,1.23
1304,0.002432,2.64,1.23
1305,0.0024399999999999995,2.64,1.23
1306,0.002447999999999999,2.64,1.23
1307,0.002456,2.68,1.25
1308,0.002463999999999999,2.68,1.27
1309,0.0024719999999999985,2.68,1.25
1310,0.0024799999999999996,2.68,1.25
1311,0.002487999999999999,2.68,1.27
1312,0.002496,2.72,1.27
1313,0.0025039999999999993,2.68,1.27
1314,0.0025119999999999986,2.7600000000000002,1.29
1315,0.0025199999999999997,2.72,1.29
1316,0.002527999999999999,2.7600000000000002,1.29
1317,0.002536,2.7600000000000002,1.29
1318,0.0025439999999999994,2.7600000000000002,1.29
1319,0.0025519999999999987,2.7600000000000002,1.29
1320,0.0025599999999999998,2.8000000000000003,1.31
1321,0.002567999999999999,2.8000000000000003,1.31
1322,0.002576,2.8000000000000003,1.31
1323,0.0025839999999999995,2.8000000000000003,1.31
1324,0.002591999999999999,2.8000000000000003,1.31
1325,0.0026,2.8000000000000003,1.33
1326,0.002607999999999999,2.84,1.33
1327,0.0026159999999999985,2.84,1.33
1328,0.0026239999999999996,2.84,1.33
1329,0.002631999999999999,2.84,1.33
1330,0.00264,2.88,1.33
1331,0.0026479999999999993,2.84,1.35
1332,0.0026559999999999986,2.88,1.35
1333,0.0026639999999999997,2.88,1.37
1334,0.002671999999999999,2.88,1.35
1335,0.00268,2.88,1.37
1336,0.0026879999999999994,2.92,1.37
1337,0.0026959999999999987,2.92,1.37
1338,0.002704,2.92,1.37
1339,0.002711999999999999,2.92,1.37
1340,0.00272,2.96,1.3900000000000001
1341,0.0027279999999999995,2.96,1.3900000000000001
1342,0.002735999999999999,2.96,1.3900000000000001
1343,0.002744,2.96,1.3900000000000001
1344,0.0027519999999999992,2.96,1.3900000000000001
1345,0.0027599999999999986,3.0,1.3900000000000001
1346,0.0027679999999999996,3.0,1.41
1347,0.002775999999999999,3.0,1.41
1348,0.002784,3.0,1.41
1349,0.0027919999999999993,3.0,1.41
1350,0.0027999999999999987,3.0,1.41
1351,0.0028079999999999997,3.04,1.41
1352,0.002815999999999999,3.04,1.43
1353,0.002824,3.08,1.43
1354,0.0028319999999999994,3.08,1.45
1355,0.0028399999999999988,3.08,1.45
1356,0.002848,3.04,1.45
1357,0.002855999999999999,3.08,1.45
1358,0.0028639999999999985,3.08,1.47
1359,0.0028719999999999996,3.08,1.45
1360,0.002879999999999999,3.08,1.45
1361,0.002888,3.12,1.45
1362,0.0028959999999999993,3.12,1.47
1363,0.0029039999999999986,3.12,1.45
1364,0.0029119999999999997,3.16,1.47
1365,0.002919999999999999,3.12,1.47
1366,0.002928,3.16,1.49
1367,0.0029359999999999994,3.16,1.47
1368,0.0029439999999999987,3.16,1.49
1369,0.0029519999999999998,3.16,1.49
1370,0.002959999999999999,3.16,1.49
1371,0.002968,3.2,1.51
1372,0.0029759999999999995,3.2,1.51
1373,0.002983999999999999,3.2,1.51
1374,0.002992,3.2,1.51
1375,0.002999999999999999,3.24,1.53
1376,0.0030079999999999985,3.24,1.51
1377,0.0030159999999999996,3.24,1.53
1378,0.003023999999999999,3.24,1.51
1379,0.003032,3.24,1.53
1380,0.0030399999999999993,3.2800000000000002,1.53
1381,0.0030479999999999986,3.2800000000000002,1.55
1382,0.0030559999999999997,3.2800000000000002,1.53
1383,0.003063999999999999,3.3200000000000003,1.53
1384,0.003072,3.2800000000000002,1.55
1385,0.0030799999999999994,3.3200000000000003,1.55
1386,0.0030879999999999987,3.3200000000000003,1.55
1387,0.003096,3.3200000000000003,1.55
1388,0.003103999999999999,3.3200000000000003,1.55
1389,0.003112,3.36,1.57
1390,0.0031199999999999995,3.36,1.59
1391,0.003127999999999999,3.36,1.57
1392,0.003136,3.36,1.59
1393,0.0031439999999999992,3.36,1.57
1394,0.0031519999999999986,3.4,1.59
1395,0.0031599999999999996,3.4,1.59
1396,0.003167999999999999,3.36,1.59
1397,0.003176,3.4,1.59
1398,0.0031839999999999993,3.4,1.61
1399,0.0031919999999999987,3.44,1.59
1400,0.0031999999999999997,3.44,1.61
1401,0.003207999999999999,3.4,1.61
1402,0.003216,3.44,1.61
1403,0.0032239999999999994,3.44,1.6300000000000001
1404,0.0032319999999999988,3.44,1.6300000000000001
1405,0.00324,3.44,1.6300000000000001
1406,0.003247999999999999,3.48,1.6300000000000001
1407,0.0032559999999999985,3.48,1.6300000000000001
1408,0.0032639999999999995,3.48,1.6300000000000001
1409,0.003271999999999999,3.48,1.6500000000000001
1410,0.00328,3.48,1.6500000000000001
1411,0.0032879999999999993,3.52,1.6500000000000001
1412,0.0032959999999999986,3.48,1.6500000000000001
1413,0.0033039999999999996,3.52,1.6500000000000001
1414,0.003311999999999999,3.52,1.67
1415,0.00332,3.52,1.67
1416,0.0033279999999999994,3.52,1.67
1417,0.0033359999999999987,3.56,1.67
1418,0.0033439999999999998,3.56,1.69
1419,0.003351999999999999,3.56,1.67
1420,0.00336,3.6,1.69
1421,0.0033679999999999995,3.6,1.71
1422,0.003375999999999999,3.6,1.71
1423,0.003384,3.6,1.69
1424,0.003391999999999999,3.64,1.71
1425,0.0033999999999999985,3.6,1.69
1426,0.0034079999999999996,3.64,1.73
1427,0.003415999999999999,3.64,1.73
1428,0.003424,3.64,1.71
1429,0.0034319999999999993,3.64,1.73
1430,0.0034399999999999986,3.68,1.73
1431,0.0034479999999999997,3.68,1.73
1432,0.003455999999999999,3.68,1.73
1433,0.003464,3.68,1.73
1434,0.0034719999999999994,3.68,1.75
1435,0.0034799999999999987,3.68,1.75
1436,0.0034879999999999998,3.72,1.77
1437,0.003495999999999999,3.72,1.77
1438,0.003504,3.72,1.77
1439,0.0035119999999999995,3.72,1.77
1440,0.003519999999999999,3.72,1.77
1441,0.003528,3.7600000000000002,1.77
1442,0.003535999999999999,3.7600000000000002,1.77
1443,0.0035439999999999985,3.7600000000000002,1.77
1444,0.0035519999999999996,3.7600000000000002,1.77
1445,0.003559999999999999,3.7600000000000002,1.77
1446,0.003568,3.8000000000000003,1.79
1447,0.0035759999999999993,3.8000000000000003,1.79
1448,0.0035839999999999986,3.8000000000000003,1.81
1449,0.0035919999999999997,3.8000000000000003,1.79
1450,0.003599999999999999,3.8000000000000003,1.79
1451,0.003608,3.84,1.81
1452,0.0036159999999999994,3.84,1.81
1453,0.0036239999999999988,3.88,1.81
1454,0.003632,3.84,1.81
1455,0.003639999999999999,3.88,1.83
1456,0.0036479999999999985,3.84,1.83
1457,0.0036559999999999995,3.88,1.83
1458,0.003663999999999999,3.88,1.83
1459,0.003672,3.88,1.85
1460,0.0036799999999999992,3.88,1.83
1461,0.0036879999999999986,3.92,1.85
1462,0.0036959999999999996,3.92,1.85
1463,0.003703999999999999,3.92,1.85
1464,0.003712,3.92,1.85
1465,0.0037199999999999993,3.92,1.85
1466,0.0037279999999999987,3.96,1.87
1467,0.0037359999999999997,3.96,1.87
1468,0.003743999999999999,3.96,1.87
1469,0.003752,3.96,1.87
1470,0.0037599999999999995,3.96,1.87
1471,0.0037679999999999988,4.0,1.8900000000000001
1472,0.003776,4.0,1.8900000000000001
1473,0.003783999999999999,4.0,1.8900000000000001
1474,0.0037919999999999985,4.0,1.8900000000000001
1475,0.0037999999999999996,4.0,1.8900000000000001
1476,0.003807999999999999,4.04,1.9100000000000001
1477,0.003816,4.04,1.93
1478,0.0038239999999999993,4.08,1.93
1479,0.0038319999999999986,4.04,1.9100000000000001
1480,0.0038399999999999997,4.04,1.9100000000000001
1481,0.003847999999999999,4.08,1.93
1482,0.003856,4.08,1.93
1483,0.0038639999999999994,4.08,1.93
1484,0.0038719999999999987,4.12,1.93
1485,0.0038799999999999998,4.08,1.93
1486,0.003887999999999999,4.08,1.95
1487,0.003896,4.12,1.95
1488,0.0039039999999999995,4.12,1.95
1489,0.003911999999999999,4.12,1.97
1490,0.00392,4.12,1.95
1491,0.003927999999999999,4.16,1.95
1492,0.0039359999999999985,4.16,1.97
1493,0.003944,4.16,1.97
1494,0.003951999999999999,4.16,1.97
1495,0.00396,4.2,1.99
1496,0.003967999999999999,4.16,1.99
1497,0.003975999999999999,4.2,1.99
1498,0.003984,4.2,1.99
1499,0.003991999999999999,4.2,1.99
1500,0.004,4.2,1.99
1501,0.004007999999999999,4.2,1.99
1502,0.004015999999999999,4.24,2.0100000000000002
1503,0.004024,4.24,2.0100000000000002
1504,0.004031999999999999,4.28,2.0100000000000002
1505,0.0040399999999999985,4.24,2.0100000000000002
1506,0.0040479999999999995,4.28,2.0300000000000002
1507,0.004055999999999999,4.24,2.0300000000000002
1508,0.004064,4.28,2.0300000000000002
1509,0.004071999999999999,4.24,2.0300000000000002
1510,0.0040799999999999986,4.28,2.05
1511,0.004088,4.32,2.05
1512,0.004095999999999999,4.32,2.05
1513,0.004104,4.32,2.05
1514,0.004111999999999999,4.32,2.05
1515,0.004119999999999999,4.36,2.07
1516,0.004128,4.36,2.07
1517,0.004135999999999999,4.32,2.07
1518,0.004144,4.36,2.07
1519,0.0041519999999999994,4.36,2.07
1520,0.004159999999999999,4.36,2.07
1521,0.004168,4.36,2.07
1522,0.004175999999999999,4.4,2.07
1523,0.0041839999999999985,4.4,2.09
1524,0.0041919999999999995,4.4,2.09
1525,0.004199999999999999,4.44,2.11
1526,0.004208,4.44,2.09
1527,0.004215999999999999,4.44,2.09
1528,0.004223999999999999,4.44,2.11
1529,0.004232,4.44,2.11
1530,0.004239999999999999,4.48,2.11
1531,0.004248,4.48,2.11
1532,0.004255999999999999,4.48,2.11
1533,0.004263999999999999,4.48,2.13
1534,0.004272,4.48,2.13
1535,0.004279999999999999,4.5200000000000005,2.13
1536,0.004288,4.5200000000000005,2.13
1537,0.0042959999999999995,4.5200000000000005,2.15
1538,0.004303999999999999,4.5200000000000005,2.13
1539,0.004312,4.5200000000000005,2.15
1540,0.004319999999999999,4.5200000000000005,2.15
1541,0.0043279999999999985,4.5200000000000005,2.15
1542,0.004336,4.5600000000000005,2.15
1543,0.004343999999999999,4.5600000000000005,2.17
1544,0.004352,4.5600000000000005,2.17
1545,0.004359999999999999,4.5600000000000005,2.17
1546,0.004367999999999999,4.6000000000000005,2.17
1547,0.004376,4.6000000000000005,2.19
1548,0.004383999999999999,4.6000000000000005,2.19
1549,0.004392,4.6000000000000005,2.19
1550,0.004399999999999999,4.6000000000000005,2.19
1551,0.004407999999999999,4.64,2.19
1552,0.004416,4.6000000000000005,2.19
1553,0.004423999999999999,4.64,2.19
1554,0.0044319999999999984,4.68,2.19
1555,0.0044399999999999995,4.68,2.21
1556,0.004447999999999999,4.68,2.21
1557,0.004456,4.68,2.21
1558,0.004463999999999999,4.68,2.21
1559,0.0044719999999999985,4.68,2.23
1560,0.00448,4.72,2.23
1561,0.004487999999999999,4.72,2.23
1562,0.004496,4.76,2.23
1563,0.004503999999999999,4.72,2.23
1564,0.004511999999999999,4.72,2.23
1565,0.00452,4.76,2.25
1566,0.004527999999999999,4.76,2.25
1567,0.004536,4.76,2.25
1568,0.004543999999999999,4.76,2.25
1569,0.004551999999999999,4.76,2.25
1570,0.00456,4.76,2.27
1571,0.004567999999999999,4.8,2.27
1572,0.0045759999999999985,4.8,2.27
1573,0.0045839999999999995,4.8,2.27
1574,0.004591999999999999,4.84,2.27
1575,0.0046,4.84,2.27
1576,0.004607999999999999,4.84,2.29
1577,0.004615999999999999,4.84,2.29
1578,0.004624,4.84,2.29
1579,0.004631999999999999,4.84,2.29
1580,0.00464,4.84,2.29
1581,0.004647999999999999,4.88,2.31
1582,0.004655999999999999,4.88,2.31
1583,0.004664,4.88,2.31
1584,0.004671999999999999,4.92,2.31
1585,0.004679999999999998,4.88,2.31
1586,0.0046879999999999995,4.92,2.31
1587,0.004695999999999999,4.92,2.31
1588,0.004704,4.92,2.33
1589,0.004711999999999999,4.92,2.33
1590,0.0047199999999999985,4.96,2.33
1591,0.0047279999999999996,4.96,2.35
1592,0.004735999999999999,4.96,2.35
1593,0.004744,4.96,2.35
1594,0.004751999999999999,5.0,2.35
1595,0.004759999999999999,4.96,2.37
1596,0.004768,5.0,2.35
1597,0.004775999999999999,5.0,2.37
1598,0.004784,0.08,1.6300000000000001
1599,0.004791999999999999,0.08,0.47000000000000003
1600,0.004799999999999999,0.08,0.15
1601,0.004808,0.08,0.05
1602,0.004815999999999999,0.04,0.03
1603,0.004823999999999998,0.08,0.03
1604,0.0048319999999999995,0.08,0.03
1605,0.004839999999999999,0.08,0.03
1606,0.004848,0.08,0.03
1607,0.004855999999999999,0.08,0.05
1608,0.0048639999999999985,0.12,0.05
1609,0.004872,0.12,0.05
1610,0.004879999999999999,0.12,0.05
1611,0.004888,0.12,0.07
1612,0.004895999999999999,0.16,0.07
1613,0.004903999999999999,0.16,0.05
1614,0.004912,0.12,0.07
1615,0.004919999999999999,0.16,0.07
1616,0.004928,0.16,0.07
1617,0.004935999999999999,0.16,0.07
1618,0.004943999999999999,0.2,0.07
1619,0.004952,0.16,0.09
1620,0.004959999999999999,0.2,0.09
1621,0.0049679999999999985,0.2,0.09
1622,0.0049759999999999995,0.24,0.09
1623,0.004983999999999999,0.2,0.11
1624,0.004992,0.24,0.11
1625,0.004999999999999999,0.24,0.11
1626,0.0050079999999999986,0.24,0.11
1627,0.005016,0.24,0.11
1628,0.005023999999999999,0.24,0.11
1629,0.005032,0.24,0.13
1630,0.005039999999999999,0.28,0.13
1631,0.005047999999999999,0.28,0.13
1632,0.005056,0.28,0.13
1633,0.005063999999999999,0.28,0.13
1634,0.005071999999999998,0.28,0.15
1635,0.0050799999999999994,0.32,0.13
1636,0.005087999999999999,0.32,0.15
1637,0.005096,0.32,0.15
1638,0.005103999999999999,0.32,0.15
1639,0.0051119999999999985,0.32,0.15
1640,0.0051199999999999996,0.36,0.17
1641,0.005127999999999999,0.36,0.17
1642,0.005136,0.36,0.17
1643,0.005143999999999999,0.36,0.19
1644,0.005151999999999999,0.4,0.19
1645,0.00516,0.4,0.17
1646,0.005167999999999999,0.4,0.19
1647,0.005176,0.4,0.19
1648,0.005183999999999999,0.4,0.19
1649,0.005191999999999999,0.44,0.21
1650,0.0052,0.44,0.21
1651,0.005207999999999999,0.44,0.19
1652,0.005215999999999998,0.44,0.21
1653,0.0052239999999999995,0.48,0.21
1654,0.005231999999999999,0.44,0.21
1655,0.00524,0.48,0.21
1656,0.005247999999999999,0.48,0.21
1657,0.0052559999999999985,0.48,0.23
1658,0.005264,0.48,0.23
1659,0.005271999999999999,0.52,0.23
1660,0.00528,0.48,0.23
1661,0.005287999999999999,0.52,0.23
1662,0.005295999999999999,0.52,0.25
1663,0.005304,0.56,0.25
1664,0.005311999999999999,0.52,0.25
1665,0.00532,0.56,0.27
1666,0.005327999999999999,0.56,0.25
1667,0.005335999999999999,0.56,0.25
1668,0.005344,0.56,0.27
1669,0.005351999999999999,0.56,0.27
1670,0.0053599999999999984,0.6,0.27
1671,0.0053679999999999995,0.6,0.27
1672,0.005375999999999999,0.6,0.27
1673,0.005384,0.6,0.27
1674,0.005391999999999999,0.6,0.29
1675,0.0053999999999999986,0.64,0.29
1676,0.005408,0.6,0.29
1677,0.005415999999999999,0.64,0.29
1678,0.005424,0.64,0.31
1679,0.005431999999999999,0.64,0.31
1680,0.005439999999999999,0.68,0.31
1681,0.005448,0.64,0.31
1682,0.005455999999999999,0.68,0.31
1683,0.005463999999999998,0.68,0.31
1684,0.0054719999999999994,0.68,0.31
1685,0.005479999999999999,0.68,0.33
1686,0.005488,0.72,0.33
1687,0.005495999999999999,0.72,0.33
1688,0.0055039999999999985,0.72,0.33
1689,0.0055119999999999995,0.72,0.33
1690,0.005519999999999999,0.72,0.35000000000000003
1691,0.005528,0.72,0.35000000000000003
1692,0.005535999999999999,0.76,0.35000000000000003
1693,0.005543999999999999,0.76,0.35000000000000003
1694,0.005552,0.76,0.35000000000000003
1695,0.005559999999999999,0.76,0.35000000000000003
1696,0.005568,0.76,0.37
1697,0.005575999999999999,0.8,0.37
1698,0.005583999999999999,0.8,0.39
1699,0.005592,0.8,0.37
1700,0.005599999999999999,0.8,0.39
1701,0.005607999999999998,0.84,0.37
1702,0.0056159999999999995,0.84,0.39
1703,0.005623999999999999,0.84,0.41000000000000003
1704,0.005632,0.84,0.39
1705,0.005639999999999999,0.88,0.39
1706,0.0056479999999999985,0.88,0.41000000000000003
1707,0.005656,0.88,0.41000000000000003
1708,0.005663999999999999,0.88,0.41000000000000003
1709,0.005672,0.88,0.41000000000000003
1710,0.005679999999999999,0.88,0.41000000000000003
1711,0.005687999999999999,0.92,0.43
1712,0.005696,0.92,0.43
1713,0.005703999999999999,0.92,0.43
1714,0.005712,0.96,0.43
1715,0.005719999999999999,0.96,0.45
1716,0.005727999999999999,0.96,0.45
1717,0.005736,0.96,0.45
1718,0.005743999999999999,0.96,0.45
1719,0.005751999999999998,0.96,0.45
1720,0.0057599999999999995,1.0,0.47000000000000003
1721,0.005767999999999999,1.0,0.47000000000000003
1722,0.005776,1.0,0.47000000000000003
1723,0.005783999999999999,1.0,0.47000000000000003
1724,0.0057919999999999985,1.0,0.47000000000000003
1725,0.0058,1.0,0.49
1726,0.005807999999999999,1.0,0.49
1727,0.005816,1.04,0.47000000000000003
1728,0.005823999999999999,1.04,0.49
1729,0.005831999999999999,1.08,0.49
1730,0.00584,1.04,0.51
1731,0.005847999999999999,1.08,0.49
1732,0.005855999999999998,1.08,0.51
1733,0.005863999999999999,1.08,0.49
1734,0.005871999999999999,1.08,0.51
1735,0.00588,1.12,0.51
1736,0.005887999999999999,1.12,0.51
1737,0.0058959999999999985,1.12,0.51
1738,0.0059039999999999995,1.12,0.51
1739,0.005911999999999999,1.12,0.53
1740,0.00592,1.12,0.55
1741,0.005927999999999999,1.16,0.55
1742,0.005935999999999999,1.16,0.53
1743,0.005944,1.16,0.53
1744,0.005951999999999999,1.16,0.55
1745,0.00596,1.16,0.55
1746,0.005967999999999999,1.16,0.55
1747,0.005975999999999999,1.2,0.55
1748,0.005984,1.24,0.5700000000000001
1749,0.005991999999999999,1.24,0.5700000000000001
1750,0.005999999999999998,1.2,0.5700000000000001
1751,0.0060079999999999995,1.24,0.5700000000000001
1752,0.006015999999999999,1.24,0.59
1753,0.006024,1.24,0.5700000000000001
1754,0.006031999999999999,1.24,0.5700000000000001
1755,0.0060399999999999985,1.28,0.59
1756,0.0060479999999999996,1.28,0.59
1757,0.006055999999999999,1.28,0.59
1758,0.006064,1.28,0.59
1759,0.006071999999999999,1.32,0.59
1760,0.006079999999999999,1.28,0.61
1761,0.006088,1.32,0.61
1762,0.006095999999999999,1.32,0.61
1763,0.006104,1.32,0.63
1764,0.006111999999999999,1.32,0.63
1765,0.006119999999999999,1.36,0.63
1766,0.006128,1.36,0.63
1767,0.006135999999999999,1.36,0.65
1768,0.006143999999999998,1.36,0.63
1769,0.0061519999999999995,1.36,0.63
1770,0.006159999999999999,1.36,0.65
1771,0.006168,1.4000000000000001,0.65
1772,0.006175999999999999,1.4000000000000001,0.67
1773,0.0061839999999999985,1.44,0.65
1774,0.006192,1.4000000000000001,0.65
1775,0.006199999999999999,1.4000000000000001,0.65
1776,0.006208,1.44,0.65
1777,0.006215999999999999,1.44,0.6900000000000001
1778,0.006223999999999999,1.44,0.67
1779,0.006232,1.44,0.67
1780,0.006239999999999999,1.48,0.67
1781,0.006247999999999998,1.48,0.6900000000000001
1782,0.006255999999999999,1.48,0.6900000000000001
1783,0.006263999999999999,1.48,0.71
1784,0.006272,1.48,0.71
1785,0.006279999999999999,1.48,0.71
1786,0.0062879999999999985,1.52,0.71
1787,0.0062959999999999995,1.52,0.71
1788,0.006303999999999999,1.52,0.73
1789,0.006312,1.56,0.71
1790,0.006319999999999999,1.56,0.73
1791,0.0063279999999999986,1.56,0.71
1792,0.006336,1.56,0.73
1793,0.006343999999999999,1.56,0.73
1794,0.006352,1.56,0.73
1795,0.006359999999999999,1.6,0.75
1796,0.006367999999999999,1.6,0.75
1797,0.006376,1.6,0.75
1798,0.006383999999999999,1.6,0.75
1799,0.006391999999999998,1.6,0.75
1800,0.0063999999999999994,1.6400000000000001,0.75
1801,0.006407999999999999,1.6400000000000001,0.77
1802,0.006416,1.6400000000000001,0.77
1803,0.006423999999999999,1.6400000000000001,0.77
1804,0.0064319999999999985,1.6400000000000001,0.77
1805,0.0064399999999999995,1.68,0.77
1806,0.006447999999999999,1.68,0.77
1807,0.006456,1.68,0.79
1808,0.006463999999999999,1.68,0.79
1809,0.006471999999999999,1.68,0.81
1810,0.00648,1.68,0.81
1811,0.006487999999999999,1.68,0.79
1812,0.006496,1.68,0.79
1813,0.006503999999999999,1.76,0.81
1814,0.006511999999999999,1.72,0.81
1815,0.00652,1.76,0.81
1816,0.006527999999999999,1.76,0.81
1817,0.006535999999999998,1.76,0.81
1818,0.0065439999999999995,1.76,0.8300000000000001
1819,0.006551999999999999,1.76,0.8300000000000001
1820,0.00656,1.8,0.8300000000000001
1821,0.006567999999999999,1.8,0.8300000000000001
1822,0.0065759999999999985,1.8,0.8300000000000001
1823,0.006584,1.8,0.8300000000000001
1824,0.006591999999999999,1.84,0.85
1825,0.0066,1.8,0.85
1826,0.006607999999999999,1.84,0.87
1827,0.006615999999999999,1.84,0.85
1828,0.006624,1.84,0.85
1829,0.006631999999999999,1.8800000000000001,0.87
1830,0.006639999999999998,1.8800000000000001,0.87
1831,0.006647999999999999,1.8800000000000001,0.87
1832,0.006655999999999999,1.8800000000000001,0.87
1833,0.006664,1.8800000000000001,0.89
1834,0.006671999999999999,1.92,0.89
1835,0.0066799999999999984,1.92,0.89
1836,0.0066879999999999995,1.96,0.89
1837,0.006695999999999999,1.92,0.89
1838,0.006704,1.92,0.89
1839,0.006711999999999999,1.92,0.91
1840,0.0067199999999999985,1.92,0.91
1841,0.006728,1.96,0.91
1842,0.006735999999999999,2.0,0.93
1843,0.006744,1.96,0.91
1844,0.006751999999999999,1.96,0.91
1845,0.006759999999999999,2.0,0.91
1846,0.006768,2.0,0.93
1847,0.006775999999999999,2.0,0.93
1848,0.006783999999999998,2.0,0.93
1849,0.006791999999999999,2.0,0.93
1850,0.006799999999999999,2.04,0.93
1851,0.006808,2.04,0.9500000000000001
1852,0.006815999999999999,2.08,0.97
1853,0.0068239999999999985,2.04,0.9500000000000001
1854,0.0068319999999999995,2.04,0.9500000000000001
1855,0.006839999999999999,2.08,0.97
1856,0.006848,2.08,0.97
1857,0.006855999999999999,2.08,0.97
1858,0.006863999999999999,2.08,0.97
1859,0.006872,2.12,0.99
1860,0.006879999999999999,2.12,0.97
1861,0.006888,2.08,0.99
1862,0.006895999999999999,2.12,0.99
1863,0.006903999999999999,2.12,1.01
1864,0.006912,2.16,1.01
1865,0.006919999999999999,2.16,1.01
1866,0.006927999999999998,2.16,1.01
1867,0.0069359999999999995,2.16,1.01
1868,0.006943999999999999,2.16,1.01
1869,0.006952,2.2,1.01
1870,0.006959999999999999,2.2,1.01
1871,0.0069679999999999985,2.2,1.03
1872,0.0069759999999999996,2.2,1.03
1873,0.006983999999999999,2.2,1.03
1874,0.006992,2.2,1.03
1875,0.006999999999999999,2.24,1.03
1876,0.007007999999999999,2.24,1.05
1877,0.007016,2.24,1.03
1878,0.007023999999999999,2.24,1.05
1879,0.007031999999999998,2.24,1.07
1880,0.007039999999999999,2.2800000000000002,1.05
1881,0.007047999999999999,2.2800000000000002,1.07
1882,0.007056,2.2800000000000002,1.07
1883,0.007063999999999999,2.2800000000000002,1.07
1884,0.007071999999999998,2.32,1.07
1885,0.0070799999999999995,2.32,1.09
1886,0.007087999999999999,2.32,1.07
1887,0.007096,2.32,1.09
1888,0.007103999999999999,2.36,1.09
1889,0.0071119999999999985,2.36,1.09
1890,0.00712,2.32,1.09
1891,0.007127999999999999,2.36,1.11
1892,0.007136,2.36,1.11
1893,0.007143999999999999,2.36,1.11
1894,0.007151999999999999,2.36,1.09
1895,0.00716,2.36,1.11
1896,0.007167999999999999,2.4,1.11
1897,0.007175999999999998,2.4,1.1300000000000001
1898,0.007183999999999999,2.4,1.1300000000000001
1899,0.007191999999999999,2.44,1.1300000000000001
1900,0.0072,2.44,1.1300000000000001
1901,0.007207999999999999,2.44,1.1300000000000001
1902,0.0072159999999999985,2.44,1.1500000000000001
1903,0.0072239999999999995,2.44,1.1300000000000001
1904,0.007231999999999999,2.44,1.1500000000000001
1905,0.00724,2.48,1.1500000000000001
1906,0.007247999999999999,2.44,1.1500000000000001
1907,0.0072559999999999986,2.48,1.1500000000000001
1908,0.007264,2.52,1.1500000000000001
1909,0.007271999999999999,2.48,1.17
1910,0.007279999999999998,2.48,1.17
1911,0.007287999999999999,2.52,1.19
1912,0.007295999999999999,2.52,1.19
1913,0.007304,2.52,1.19
1914,0.007311999999999999,2.52,1.17
1915,0.007319999999999998,2.56,1.19
1916,0.0073279999999999994,2.52,1.19
1917,0.007335999999999999,2.56,1.19
1918,0.007344,2.56,1.19
1919,0.007351999999999999,2.56,1.21
1920,0.0073599999999999985,2.6,1.21
1921,0.0073679999999999995,2.6,1.21
1922,0.007375999999999999,2.56,1.21
1923,0.007384,2.6,1.21
1924,0.007391999999999999,2.6,1.21
1925,0.007399999999999999,2.6,1.23
1926,0.007408,2.6,1.23
1927,0.007415999999999999,2.6,1.23
1928,0.007423999999999998,2.64,1.25
1929,0.007431999999999999,2.64,1.23
1930,0.007439999999999999,2.64,1.25
1931,0.007448,2.64,1.25
1932,0.007455999999999999,2.68,1.25
1933,0.007463999999999998,2.68,1.25
1934,0.0074719999999999995,2.68,1.27
1935,0.007479999999999999,2.68,1.25
1936,0.007488,2.72,1.25
1937,0.007495999999999999,2.72,1.27
1938,0.0075039999999999985,2.7600000000000002,1.29
1939,0.007512,2.7600000000000002,1.27
1940,0.007519999999999999,2.7600000000000002,1.29
1941,0.007528,2.7600000000000002,1.29
1942,0.007535999999999999,2.7600000000000002,1.29
1943,0.007543999999999999,2.7600000000000002,1.29
1944,0.007552,2.8000000000000003,1.29
1945,0.007559999999999999,2.7600000000000002,1.29
1946,0.007567999999999998,2.8000000000000003,1.31
1947,0.007575999999999999,2.8000000000000003,1.33
1948,0.007583999999999999,2.8000000000000003,1.33
1949,0.007592,2.8000000000000003,1.31
1950,0.007599999999999999,2.8000000000000003,1.33
1951,0.0076079999999999984,2.8000000000000003,1.33
1952,0.0076159999999999995,2.84,1.33
1953,0.007623999999999999,2.84,1.33
1954,0.007632,2.84,1.33
1955,0.0076399999999999975,2.84,1.33
1956,0.0076479999999999985,2.88,1.35
1957,0.007656,2.88,1.35
1958,0.007664000000000001,2.88,1.35
1959,0.007671999999999998,2.88,1.37
1960,0.007679999999999999,2.92,1.37
1961,0.007688,2.92,1.35
1962,0.007695999999999998,2.92,1.37
1963,0.007703999999999999,2.92,1.3900000000000001
1964,0.007712,2.96,1.37
1965,0.007719999999999998,2.96,1.3900000000000001
1966,0.007727999999999999,2.96,1.37
1967,0.007736,3.0,1.3900000000000001
1968,0.007743999999999997,3.0,1.3900000000000001
1969,0.0077519999999999985,3.0,1.3900000000000001
1970,0.0077599999999999995,3.0,1.3900000000000001
1971,0.007768000000000001,3.0,1.3900000000000001
1972,0.007775999999999998,3.0,1.41
1973,0.007783999999999999,3.0,1.41
1974,0.007792,3.0,1.41
1975,0.007799999999999998,3.04,1.41
1976,0.007807999999999999,3.04,1.41
1977,0.007816,3.04,1.43
1978,0.007823999999999998,3.04,1.41
1979,0.007831999999999999,3.04,1.45
1980,0.00784,3.08,1.43
1981,0.007848,3.04,1.45
1982,0.007855999999999998,3.08,1.45
1983,0.007864,3.08,1.45
1984,0.007872,3.08,1.47
1985,0.007879999999999998,3.12,1.47
1986,0.007888,3.12,1.45
1987,0.007896,3.12,1.45
1988,0.007903999999999998,3.12,1.47
1989,0.007911999999999999,3.16,1.47
1990,0.00792,3.12,1.47
1991,0.007927999999999998,3.16,1.47
1992,0.007935999999999999,3.16,1.49
1993,0.007944,3.16,1.47
1994,0.007952,3.16,1.49
1995,0.007959999999999998,3.2,1.49
1996,0.007968,3.2,1.51
1997,0.007976,3.2,1.51
1998,0.007983999999999998,3.24,1.49
1999,0.007991999999999999,3.2,1.51
