,time,v1,v2
0,-0.0008,3.96,1.83
1,-0.0007992,4.0,1.85
2,-0.0007984,4.0,1.85
3,-0.0007976000000000001,4.0,1.85
4,-0.0007968000000000001,4.04,1.85
5,-0.000796,4.04,1.87
6,-0.0007952,4.04,1.87
7,-0.0007944,4.08,1.8900000000000001
8,-0.0007936,4.08,1.8900000000000001
9,-0.0007928000000000001,4.12,1.8900000000000001
10,-0.0007920000000000001,4.08,1.8900000000000001
11,-0.0007912,4.12,1.8900000000000001
12,-0.0007904,4.12,1.9100000000000001
13,-0.0007896,4.12,1.9100000000000001
14,-0.0007888000000000001,4.16,1.9100000000000001
15,-0.0007880000000000001,4.16,1.9100000000000001
16,-0.0007872,4.16,1.93
17,-0.0007864,4.2,1.95
18,-0.0007856,4.16,1.95
19,-0.0007848,4.2,1.95
20,-0.0007840000000000001,4.2,1.95
21,-0.0007832000000000001,4.24,1.95
22,-0.0007824,4.24,1.95
23,-0.0007816,4.24,1.95
24,-0.0007808,4.28,1.97
25,-0.0007800000000000001,4.28,1.97
26,-0.0007792000000000001,4.28,1.97
27,-0.0007784000000000001,4.28,1.99
28,-0.0007776,4.32,1.99
29,-0.0007768,4.32,1.99
30,-0.000776,4.32,1.99
31,-0.0007752000000000001,4.32,2.0100000000000002
32,-0.0007744000000000001,4.36,2.0300000000000002
33,-0.0007736,4.36,2.0100000000000002
34,-0.0007728,4.32,2.0300000000000002
35,-0.000772,4.36,2.0300000000000002
36,-0.0007712,4.4,2.05
37,-0.0007704000000000001,4.4,2.0300000000000002
38,-0.0007696000000000001,4.4,2.0300000000000002
39,-0.0007688,4.4,2.05
40,-0.000768,4.44,2.05
41,-0.0007672,4.44,2.07
42,-0.0007664000000000001,4.44,2.07
43,-0.0007656000000000001,4.48,2.09
44,-0.0007648,4.48,2.09
45,-0.000764,4.48,2.07
46,-0.0007632,4.5200000000000005,2.09
47,-0.0007624,4.5200000000000005,2.09
48,-0.0007616000000000001,4.5200000000000005,2.09
49,-0.0007608000000000001,4.5600000000000005,2.11
50,-0.00076,4.5200000000000005,2.11
51,-0.0007592,4.5600000000000005,2.11
52,-0.0007584,4.5600000000000005,2.13
53,-0.0007576,4.6000000000000005,2.13
54,-0.0007568000000000001,4.6000000000000005,2.13
55,-0.000756,4.6000000000000005,2.15
56,-0.0007552,4.6000000000000005,2.15
57,-0.0007544,4.6000000000000005,2.15
58,-0.0007536,4.64,2.15
59,-0.0007528000000000001,4.64,2.15
60,-0.0007520000000000001,4.68,2.15
61,-0.0007512,4.68,2.17
62,-0.0007504,4.68,2.17
63,-0.0007496,4.68,2.17
64,-0.0007488,4.68,2.17
65,-0.0007480000000000001,4.72,2.19
66,-0.0007472000000000001,4.72,2.19
67,-0.0007464,4.76,2.19
68,-0.0007456,4.76,2.21
69,-0.0007448,4.76,2.21
70,-0.0007440000000000001,4.76,2.21
71,-0.0007432000000000001,4.8,2.23
72,-0.0007424,4.84,2.23
73,-0.0007416,4.84,2.23
74,-0.0007408,4.84,2.23
75,-0.00074,4.84,2.25
76,-0.0007392000000000001,4.84,2.25
77,-0.0007384000000000001,4.84,2.25
78,-0.0007376,4.84,2.27
79,-0.0007368,4.88,2.27
80,-0.000736,4.88,2.27
81,-0.0007352000000000001,4.92,2.27
82,-0.0007344000000000001,4.92,2.29
83,-0.0007336,4.96,2.29
84,-0.0007328,4.92,2.29
85,-0.000732,4.96,2.29
86,-0.0007312,4.96,2.29
87,-0.0007304000000000001,5.0,2.29
88,-0.0007296000000000001,5.0,2.31
89,-0.0007288,5.0,2.31
90,-0.000728,5.0,2.33
91,-0.0007272,0.04,2.21
92,-0.0007264000000000001,0.08,1.95
93,-0.0007256000000000001,0.12,1.71
94,-0.0007248,0.12,1.53
95,-0.000724,0.12,1.33
96,-0.0007232,0.16,1.19
97,-0.0007224,0.12,1.03
98,-0.0007216000000000001,0.16,0.93
99,-0.0007208000000000001,0.16,0.8300000000000001
100,-0.00072,0.16,0.73
101,-0.0007192,0.2,0.67
102,-0.0007184,0.16,0.61
103,-0.0007176000000000001,0.2,0.53
104,-0.0007168000000000001,0.24,0.47000000000000003
105,-0.0007160000000000001,0.24,0.43
106,-0.0007152,0.24,0.39
107,-0.0007144,0.24,0.35000000000000003
108,-0.0007136,0.24,0.33
109,-0.0007128000000000001,0.24,0.31
110,-0.0007120000000000001,0.28,0.27
111,-0.0007112,0.28,0.25
112,-0.0007104,0.28,0.25
113,-0.0007096,0.32,0.23
114,-0.0007088000000000001,0.28,0.21
115,-0.0007080000000000001,0.28,0.21
116,-0.0007072000000000001,0.32,0.19
117,-0.0007064,0.32,0.21
118,-0.0007056,0.32,0.19
119,-0.0007048,0.36,0.17
120,-0.000704,0.36,0.17
121,-0.0007032000000000001,0.36,0.19
122,-0.0007024,0.4,0.19
123,-0.0007016,0.4,0.17
124,-0.0007008,0.4,0.19
125,-0.0007000000000000001,0.44,0.17
126,-0.0006992000000000001,0.4,0.17
127,-0.0006984000000000001,0.4,0.17
128,-0.0006976,0.44,0.19
129,-0.0006968,0.44,0.19
130,-0.000696,0.44,0.19
131,-0.0006952,0.48,0.21
132,-0.0006944000000000001,0.48,0.19
133,-0.0006936,0.48,0.21
134,-0.0006928,0.48,0.21
135,-0.000692,0.52,0.19
136,-0.0006912000000000001,0.52,0.21
137,-0.0006904000000000001,0.52,0.21
138,-0.0006896000000000001,0.56,0.21
139,-0.0006888,0.56,0.21
140,-0.000688,0.56,0.21
141,-0.0006872,0.6,0.23
142,-0.0006864,0.6,0.23
143,-0.0006856000000000001,0.6,0.25
144,-0.0006848000000000001,0.6,0.23
145,-0.000684,0.64,0.25
146,-0.0006832,0.6,0.25
147,-0.0006824,0.64,0.27
148,-0.0006816000000000001,0.64,0.25
149,-0.0006808000000000001,0.68,0.27
150,-0.00068,0.64,0.27
151,-0.0006792,0.68,0.27
152,-0.0006784,0.68,0.27
153,-0.0006776,0.68,0.29
154,-0.0006768000000000001,0.72,0.29
155,-0.0006760000000000001,0.72,0.31
156,-0.0006752,0.72,0.31
157,-0.0006744,0.76,0.31
158,-0.0006736000000000001,0.8,0.31
159,-0.0006728000000000001,0.76,0.31
160,-0.0006720000000000001,0.76,0.31
161,-0.0006712,0.8,0.31
162,-0.0006704,0.8,0.33
163,-0.0006696,0.8,0.33
164,-0.0006688,0.84,0.35000000000000003
165,-0.0006680000000000001,0.84,0.35000000000000003
166,-0.0006672000000000001,0.84,0.35000000000000003
167,-0.0006664,0.84,0.37
168,-0.0006656,0.88,0.35000000000000003
169,-0.0006648,0.88,0.37
170,-0.0006640000000000001,0.92,0.37
171,-0.0006632000000000001,0.92,0.37
172,-0.0006624000000000001,0.92,0.39
173,-0.0006616,0.96,0.39
174,-0.0006608,0.92,0.39
175,-0.00066,0.96,0.39
176,-0.0006592,0.96,0.41000000000000003
177,-0.0006584000000000001,1.0,0.41000000000000003
178,-0.0006576,0.96,0.41000000000000003
179,-0.0006568,1.0,0.41000000000000003
180,-0.000656,1.0,0.43
181,-0.0006552000000000001,1.0,0.43
182,-0.0006544000000000001,1.04,0.43
183,-0.0006536000000000001,1.08,0.43
184,-0.0006528,1.04,0.45
185,-0.000652,1.08,0.45
186,-0.0006512,1.08,0.45
187,-0.0006504,1.08,0.47000000000000003
188,-0.0006496000000000001,1.12,0.47000000000000003
189,-0.0006488,1.08,0.47000000000000003
190,-0.000648,1.12,0.47000000000000003
191,-0.0006472,1.16,0.47000000000000003
192,-0.0006464000000000001,1.16,0.49
193,-0.0006456000000000001,1.16,0.49
194,-0.0006448000000000001,1.16,0.49
195,-0.000644,1.2,0.51
196,-0.0006432,1.2,0.51
197,-0.0006424,1.2,0.51
198,-0.0006416,1.2,0.51
199,-0.0006408000000000001,1.24,0.53
200,-0.00064,1.24,0.53
201,-0.0006392,1.24,0.55
202,-0.0006384,1.24,0.53
203,-0.0006376000000000001,1.28,0.55
204,-0.0006368000000000001,1.28,0.55
205,-0.0006360000000000001,1.28,0.55
206,-0.0006352,1.28,0.5700000000000001
207,-0.0006344,1.32,0.5700000000000001
208,-0.0006336,1.32,0.5700000000000001
209,-0.0006328,1.36,0.5700000000000001
210,-0.0006320000000000001,1.36,0.59
211,-0.0006312000000000001,1.36,0.59
212,-0.0006304,1.32,0.59
213,-0.0006296,1.36,0.59
214,-0.0006288000000000001,1.36,0.59
215,-0.0006280000000000001,1.4000000000000001,0.61
216,-0.0006272000000000001,1.4000000000000001,0.61
217,-0.0006264,1.4000000000000001,0.61
218,-0.0006256,1.44,0.63
219,-0.0006248,1.44,0.63
220,-0.000624,1.44,0.63
221,-0.0006232000000000001,1.48,0.63
222,-0.0006224000000000001,1.48,0.63
223,-0.0006216,1.48,0.65
224,-0.0006208,1.48,0.65
225,-0.0006200000000000001,1.52,0.65
226,-0.0006192000000000001,1.52,0.67
227,-0.0006184000000000001,1.56,0.67
228,-0.0006176,1.56,0.67
229,-0.0006168,1.56,0.67
230,-0.000616,1.56,0.6900000000000001
231,-0.0006152,1.56,0.6900000000000001
232,-0.0006144000000000001,1.6,0.6900000000000001
233,-0.0006136000000000001,1.6,0.71
234,-0.0006128,1.6400000000000001,0.71
235,-0.000612,1.6400000000000001,0.71
236,-0.0006112000000000001,1.68,0.71
237,-0.0006104000000000001,1.6400000000000001,0.71
238,-0.0006096000000000001,1.68,0.73
239,-0.0006088,1.68,0.73
240,-0.000608,1.68,0.75
241,-0.0006072,1.68,0.75
242,-0.0006064,1.68,0.75
243,-0.0006056000000000001,1.72,0.75
244,-0.0006048000000000001,1.76,0.75
245,-0.000604,1.72,0.77
246,-0.0006032,1.76,0.77
247,-0.0006024000000000001,1.76,0.77
248,-0.0006016000000000001,1.8,0.77
249,-0.0006008000000000001,1.76,0.79
250,-0.0006000000000000001,1.8,0.79
251,-0.0005992,1.8,0.79
252,-0.0005984,1.8,0.79
253,-0.0005976,1.84,0.81
254,-0.0005968000000000001,1.84,0.81
255,-0.0005960000000000001,1.84,0.81
256,-0.0005952,1.8800000000000001,0.8300000000000001
257,-0.0005944,1.8800000000000001,0.8300000000000001
258,-0.0005936,1.8800000000000001,0.8300000000000001
259,-0.0005928000000000001,1.8800000000000001,0.85
260,-0.0005920000000000001,1.92,0.8300000000000001
261,-0.0005912000000000001,1.92,0.85
262,-0.0005904,1.92,0.85
263,-0.0005896,1.92,0.87
264,-0.0005888,1.96,0.87
265,-0.000588,1.96,0.87
266,-0.0005872000000000001,1.96,0.87
267,-0.0005864,1.96,0.87
268,-0.0005856,2.0,0.89
269,-0.0005848,2.0,0.89
270,-0.0005840000000000001,2.0,0.89
271,-0.0005832000000000001,2.04,0.89
272,-0.0005824000000000001,2.04,0.91
273,-0.0005816,2.04,0.91
274,-0.0005808,2.08,0.93
275,-0.00058,2.08,0.93
276,-0.0005792,2.08,0.93
277,-0.0005784000000000001,2.08,0.93
278,-0.0005776,2.12,0.93
279,-0.0005768,2.12,0.93
280,-0.000576,2.12,0.9500000000000001
281,-0.0005752000000000001,2.12,0.9500000000000001
282,-0.0005744000000000001,2.16,0.9500000000000001
283,-0.0005736000000000001,2.16,0.97
284,-0.0005728,2.16,0.97
285,-0.000572,2.2,0.97
286,-0.0005712,2.2,0.97
287,-0.0005704,2.2,0.99
288,-0.0005696000000000001,2.2,0.99
289,-0.0005688000000000001,2.24,0.99
290,-0.000568,2.24,1.01
291,-0.0005672,2.24,0.99
292,-0.0005664000000000001,2.2800000000000002,1.01
293,-0.0005656000000000001,2.2800000000000002,1.03
294,-0.0005648000000000001,2.2800000000000002,1.01
295,-0.000564,2.32,1.03
296,-0.0005632,2.2800000000000002,1.01
297,-0.0005624,2.32,1.05
298,-0.0005616,2.32,1.05
299,-0.0005608000000000001,2.36,1.05
300,-0.0005600000000000001,2.36,1.05
301,-0.0005592,2.36,1.05
302,-0.0005584,2.36,1.05
303,-0.0005576000000000001,2.36,1.07
304,-0.0005568000000000001,2.4,1.07
305,-0.0005560000000000001,2.4,1.07
306,-0.0005552,2.44,1.09
307,-0.0005544,2.44,1.09
308,-0.0005536,2.44,1.09
309,-0.0005528,2.48,1.09
310,-0.000552,2.48,1.11
311,-0.0005512000000000001,2.48,1.11
312,-0.0005504,2.52,1.11
313,-0.0005496,2.52,1.11
314,-0.0005488000000000001,2.52,1.1300000000000001
315,-0.0005480000000000001,2.52,1.1300000000000001
316,-0.0005472000000000001,2.52,1.1300000000000001
317,-0.0005464,2.52,1.1500000000000001
318,-0.0005456,2.56,1.1300000000000001
319,-0.0005448,2.56,1.1500000000000001
320,-0.000544,2.56,1.1500000000000001
321,-0.0005432,2.6,1.17
322,-0.0005424000000000001,2.64,1.17
323,-0.0005416,2.6,1.17
324,-0.0005408,2.64,1.17
325,-0.0005400000000000001,2.64,1.19
326,-0.0005392000000000001,2.64,1.19
327,-0.0005384000000000001,2.64,1.19
328,-0.0005376000000000001,2.68,1.21
329,-0.0005368,2.68,1.21
330,-0.000536,2.68,1.21
331,-0.0005352,2.72,1.21
332,-0.0005344,2.72,1.23
333,-0.0005336000000000001,2.72,1.23
334,-0.0005328,2.72,1.23
335,-0.000532,2.7600000000000002,1.25
336,-0.0005312000000000001,2.7600000000000002,1.25
337,-0.0005304000000000001,2.7600000000000002,1.25
338,-0.0005296000000000001,2.8000000000000003,1.27
339,-0.0005288000000000001,2.7600000000000002,1.25
340,-0.000528,2.8000000000000003,1.27
341,-0.0005272,2.8000000000000003,1.27
342,-0.0005264,2.84,1.27
343,-0.0005256,2.84,1.27
344,-0.0005248000000000001,2.84,1.27
345,-0.000524,2.88,1.29
346,-0.0005232,2.88,1.29
347,-0.0005224000000000001,2.88,1.29
348,-0.0005216000000000001,2.88,1.31
349,-0.0005208000000000001,2.88,1.31
350,-0.0005200000000000001,2.92,1.33
351,-0.0005192,2.92,1.33
352,-0.0005184,2.92,1.33
353,-0.0005176,2.92,1.33
354,-0.0005168,2.96,1.33
355,-0.0005160000000000001,2.96,1.35
356,-0.0005152000000000001,3.0,1.35
357,-0.0005144,3.0,1.35
358,-0.0005136000000000001,3.0,1.37
359,-0.0005128000000000001,3.0,1.37
360,-0.0005120000000000001,3.0,1.37
361,-0.0005112000000000001,3.04,1.37
362,-0.0005104,3.08,1.3900000000000001
363,-0.0005096,3.08,1.3900000000000001
364,-0.0005088,3.08,1.3900000000000001
365,-0.000508,3.08,1.3900000000000001
366,-0.0005072000000000001,3.08,1.3900000000000001
367,-0.0005064000000000001,3.12,1.41
368,-0.0005056,3.12,1.41
369,-0.0005048000000000001,3.12,1.41
370,-0.0005040000000000001,3.16,1.43
371,-0.0005032000000000001,3.16,1.43
372,-0.0005024000000000001,3.2,1.43
373,-0.0005016,3.16,1.43
374,-0.0005008,3.2,1.45
375,-0.0005,3.2,1.45
376,-0.0004992,3.24,1.45
377,-0.0004984,3.24,1.47
378,-0.0004976000000000001,3.24,1.47
379,-0.0004968,3.24,1.49
380,-0.0004960000000000001,3.24,1.49
381,-0.0004952000000000001,3.2800000000000002,1.51
382,-0.0004944000000000001,3.2800000000000002,1.51
383,-0.0004936000000000001,3.2800000000000002,1.49
384,-0.0004928,3.3200000000000003,1.49
385,-0.000492,3.2800000000000002,1.51
386,-0.0004912,3.3200000000000003,1.51
387,-0.0004904,3.3200000000000003,1.51
388,-0.0004896,3.3200000000000003,1.51
389,-0.0004888000000000001,3.36,1.53
390,-0.00048800000000000004,3.36,1.53
391,-0.0004872000000000001,3.4,1.55
392,-0.00048640000000000006,3.4,1.53
393,-0.00048560000000000004,3.44,1.55
394,-0.0004848000000000001,3.44,1.55
395,-0.00048400000000000006,3.4,1.55
396,-0.00048320000000000004,3.44,1.57
397,-0.00048240000000000007,3.44,1.57
398,-0.00048160000000000005,3.48,1.57
399,-0.00048080000000000003,3.48,1.59
400,-0.00048000000000000007,3.48,1.59
401,-0.00047920000000000005,3.48,1.59
402,-0.00047840000000000003,3.52,1.61
403,-0.00047760000000000006,3.52,1.59
404,-0.00047680000000000004,3.52,1.61
405,-0.0004760000000000001,3.52,1.6300000000000001
406,-0.00047520000000000006,3.56,1.61
407,-0.00047440000000000004,3.56,1.6300000000000001
408,-0.0004736000000000001,3.6,1.6300000000000001
409,-0.00047280000000000005,3.6,1.6500000000000001
410,-0.00047200000000000003,3.6,1.6300000000000001
411,-0.00047120000000000007,3.6,1.6500000000000001
412,-0.00047040000000000005,3.6,1.6500000000000001
413,-0.00046960000000000003,3.6,1.6500000000000001
414,-0.00046880000000000007,3.64,1.6500000000000001
415,-0.00046800000000000005,3.64,1.67
416,-0.0004672000000000001,3.68,1.67
417,-0.00046640000000000006,3.68,1.67
418,-0.00046560000000000004,3.68,1.69
419,-0.0004648000000000001,3.72,1.69
420,-0.00046400000000000006,3.68,1.69
421,-0.00046320000000000004,3.72,1.69
422,-0.00046240000000000007,3.72,1.71
423,-0.00046160000000000005,3.72,1.71
424,-0.00046080000000000003,3.72,1.71
425,-0.00046000000000000007,3.7600000000000002,1.71
426,-0.00045920000000000005,3.7600000000000002,1.73
427,-0.00045840000000000003,3.7600000000000002,1.73
428,-0.00045760000000000006,3.8000000000000003,1.75
429,-0.00045680000000000004,3.8000000000000003,1.73
430,-0.0004560000000000001,3.8000000000000003,1.75
431,-0.00045520000000000006,3.84,1.75
432,-0.00045440000000000004,3.8000000000000003,1.75
433,-0.0004536000000000001,3.84,1.77
434,-0.00045280000000000006,3.84,1.75
435,-0.00045200000000000004,3.84,1.77
436,-0.00045120000000000007,3.88,1.79
437,-0.00045040000000000005,3.88,1.79
438,-0.00044960000000000003,3.88,1.81
439,-0.00044880000000000007,3.88,1.79
440,-0.00044800000000000005,3.92,1.81
441,-0.00044720000000000003,3.92,1.81
442,-0.00044640000000000006,3.92,1.81
443,-0.00044560000000000004,3.96,1.83
444,-0.0004448000000000001,3.96,1.83
445,-0.00044400000000000006,3.96,1.83
446,-0.00044320000000000004,3.96,1.83
447,-0.0004424000000000001,4.0,1.83
448,-0.00044160000000000005,4.0,1.85
449,-0.00044080000000000004,4.0,1.85
450,-0.00044000000000000007,4.04,1.85
451,-0.00043920000000000005,4.04,1.87
452,-0.00043840000000000003,4.04,1.87
453,-0.00043760000000000007,4.04,1.87
454,-0.00043680000000000005,4.08,1.8900000000000001
455,-0.0004360000000000001,4.08,1.8900000000000001
456,-0.00043520000000000006,4.12,1.8900000000000001
457,-0.00043440000000000004,4.08,1.8900000000000001
458,-0.0004336000000000001,4.12,1.8900000000000001
459,-0.00043280000000000006,4.12,1.9100000000000001
460,-0.00043200000000000004,4.12,1.9100000000000001
461,-0.00043120000000000007,4.12,1.93
462,-0.00043040000000000005,4.16,1.93
463,-0.00042960000000000003,4.2,1.93
464,-0.00042880000000000007,4.2,1.93
465,-0.00042800000000000005,4.16,1.95
466,-0.00042720000000000003,4.2,1.95
467,-0.00042640000000000006,4.2,1.95
468,-0.00042560000000000005,4.24,1.95
469,-0.0004248000000000001,4.24,1.97
470,-0.00042400000000000006,4.24,1.97
471,-0.00042320000000000004,4.28,1.97
472,-0.0004224000000000001,4.28,1.97
473,-0.00042160000000000006,4.28,1.97
474,-0.00042080000000000004,4.32,1.99
475,-0.00042000000000000007,4.28,1.99
476,-0.00041920000000000005,4.32,2.0100000000000002
477,-0.00041840000000000003,4.32,2.0100000000000002
478,-0.00041760000000000007,4.32,2.0100000000000002
479,-0.00041680000000000005,4.36,2.0100000000000002
480,-0.00041600000000000003,4.36,2.0100000000000002
481,-0.00041520000000000006,4.36,2.0300000000000002
482,-0.00041440000000000004,4.4,2.0300000000000002
483,-0.0004136000000000001,4.4,2.0300000000000002
484,-0.00041280000000000006,4.4,2.05
485,-0.00041200000000000004,4.4,2.05
486,-0.0004112000000000001,4.44,2.05
487,-0.00041040000000000006,4.44,2.05
488,-0.00040960000000000004,4.44,2.07
489,-0.00040880000000000007,4.44,2.07
490,-0.00040800000000000005,4.48,2.09
491,-0.00040720000000000003,4.48,2.07
492,-0.00040640000000000007,4.48,2.09
493,-0.00040560000000000005,4.5200000000000005,2.09
494,-0.0004048000000000001,4.5200000000000005,2.09
495,-0.00040400000000000006,4.5200000000000005,2.11
496,-0.00040320000000000004,4.5200000000000005,2.11
497,-0.0004024000000000001,4.5600000000000005,2.11
498,-0.00040160000000000006,4.5200000000000005,2.13
499,-0.00040080000000000004,4.5600000000000005,2.13
500,-0.0004000000000000001,4.5600000000000005,2.13
501,-0.00039920000000000005,4.6000000000000005,2.13
502,-0.00039840000000000003,4.6000000000000005,2.15
503,-0.00039760000000000007,4.64,2.15
504,-0.00039680000000000005,4.64,2.15
505,-0.00039600000000000003,4.64,2.15
506,-0.00039520000000000007,4.64,2.15
507,-0.00039440000000000005,4.68,2.17
508,-0.0003936000000000001,4.68,2.17
509,-0.00039280000000000006,4.68,2.17
510,-0.00039200000000000004,4.72,2.19
511,-0.0003912000000000001,4.72,2.19
512,-0.00039040000000000006,4.72,2.19
513,-0.00038960000000000004,4.76,2.19
514,-0.00038880000000000007,4.76,2.21
515,-0.00038800000000000005,4.8,2.21
516,-0.00038720000000000003,4.8,2.21
517,-0.00038640000000000007,4.8,2.21
518,-0.00038560000000000005,4.8,2.23
519,-0.0003848000000000001,4.8,2.23
520,-0.00038400000000000006,4.84,2.23
521,-0.00038320000000000004,4.84,2.25
522,-0.0003824000000000001,4.84,2.23
523,-0.00038160000000000006,4.84,2.25
524,-0.00038080000000000004,4.84,2.25
525,-0.0003800000000000001,4.88,2.25
526,-0.00037920000000000006,4.88,2.25
527,-0.00037840000000000004,4.92,2.27
528,-0.00037760000000000007,4.92,2.27
529,-0.00037680000000000005,4.92,2.27
530,-0.00037600000000000003,4.96,2.29
531,-0.00037520000000000007,4.92,2.29
532,-0.00037440000000000005,4.96,2.29
533,-0.0003736000000000001,4.96,2.31
534,-0.00037280000000000006,4.96,2.31
535,-0.00037200000000000004,4.96,2.31
536,-0.0003712000000000001,5.0,2.31
537,-0.00037040000000000006,0.08,2.33
538,-0.00036960000000000004,0.08,2.05
539,-0.0003688000000000001,0.08,1.81
540,-0.00036800000000000005,0.12,1.61
541,-0.00036720000000000004,0.12,1.41
542,-0.00036640000000000007,0.12,1.23
543,-0.00036560000000000005,0.16,1.09
544,-0.0003648000000000001,0.16,0.99
545,-0.00036400000000000007,0.16,0.87
546,-0.00036320000000000005,0.16,0.77
547,-0.0003624000000000001,0.2,0.6900000000000001
548,-0.00036160000000000006,0.2,0.61
549,-0.00036080000000000004,0.2,0.55
550,-0.0003600000000000001,0.2,0.51
551,-0.00035920000000000006,0.2,0.47000000000000003
552,-0.00035840000000000004,0.24,0.41000000000000003
553,-0.00035760000000000007,0.24,0.37
554,-0.00035680000000000005,0.24,0.33
555,-0.00035600000000000003,0.24,0.31
556,-0.00035520000000000007,0.24,0.29
557,-0.00035440000000000005,0.24,0.27
558,-0.0003536000000000001,0.28,0.25
559,-0.00035280000000000006,0.28,0.23
560,-0.00035200000000000005,0.32,0.23
561,-0.0003512000000000001,0.32,0.23
562,-0.00035040000000000006,0.32,0.21
563,-0.00034960000000000004,0.32,0.19
564,-0.0003488000000000001,0.36,0.19
565,-0.00034800000000000006,0.32,0.17
566,-0.00034720000000000004,0.32,0.19
567,-0.00034640000000000007,0.36,0.17
568,-0.00034560000000000005,0.36,0.17
569,-0.00034480000000000003,0.4,0.17
570,-0.00034400000000000007,0.4,0.17
571,-0.00034320000000000005,0.4,0.17
572,-0.0003424000000000001,0.4,0.17
573,-0.00034160000000000006,0.44,0.19
574,-0.00034080000000000004,0.44,0.17
575,-0.0003400000000000001,0.48,0.19
576,-0.00033920000000000006,0.44,0.19
577,-0.00033840000000000004,0.48,0.19
578,-0.0003376000000000001,0.48,0.19
579,-0.00033680000000000006,0.48,0.19
580,-0.00033600000000000004,0.48,0.19
581,-0.00033520000000000007,0.48,0.21
582,-0.00033440000000000005,0.52,0.21
583,-0.0003336000000000001,0.52,0.21
584,-0.00033280000000000007,0.52,0.21
585,-0.00033200000000000005,0.56,0.21
586,-0.0003312000000000001,0.56,0.23
587,-0.00033040000000000006,0.56,0.23
588,-0.00032960000000000004,0.56,0.25
589,-0.0003288000000000001,0.6,0.23
590,-0.00032800000000000006,0.6,0.25
591,-0.00032720000000000004,0.6,0.23
592,-0.0003264000000000001,0.6,0.25
593,-0.00032560000000000005,0.64,0.25
594,-0.00032480000000000003,0.64,0.25
595,-0.00032400000000000007,0.68,0.27
596,-0.00032320000000000005,0.64,0.27
597,-0.0003224000000000001,0.68,0.27
598,-0.00032160000000000007,0.68,0.29
599,-0.00032080000000000005,0.68,0.29
600,-0.0003200000000000001,0.72,0.29
601,-0.00031920000000000006,0.72,0.29
602,-0.00031840000000000004,0.72,0.29
603,-0.0003176000000000001,0.72,0.29
604,-0.00031680000000000006,0.76,0.31
605,-0.00031600000000000004,0.76,0.31
606,-0.00031520000000000007,0.8,0.33
607,-0.00031440000000000005,0.8,0.33
608,-0.00031360000000000003,0.8,0.33
609,-0.00031280000000000007,0.8,0.33
610,-0.00031200000000000005,0.8,0.35000000000000003
611,-0.0003112000000000001,0.8,0.33
612,-0.00031040000000000006,0.84,0.37
613,-0.00030960000000000004,0.84,0.35000000000000003
614,-0.0003088,0.84,0.35000000000000003
615,-0.0003080000000000001,0.88,0.35000000000000003
616,-0.0003072000000000001,0.88,0.37
617,-0.0003064000000000001,0.88,0.37
618,-0.00030560000000000006,0.92,0.39
619,-0.00030480000000000004,0.92,0.39
620,-0.000304,0.92,0.39
621,-0.0003032000000000001,0.96,0.41000000000000003
622,-0.0003024000000000001,0.96,0.41000000000000003
623,-0.00030160000000000007,0.96,0.41000000000000003
624,-0.00030080000000000005,0.96,0.41000000000000003
625,-0.00030000000000000003,0.96,0.41000000000000003
626,-0.0002992,1.0,0.41000000000000003
627,-0.0002984000000000001,1.0,0.43
628,-0.0002976000000000001,1.0,0.43
629,-0.00029680000000000006,1.04,0.43
630,-0.00029600000000000004,1.04,0.45
631,-0.0002952,1.08,0.45
632,-0.0002944000000000001,1.08,0.45
633,-0.0002936000000000001,1.08,0.45
634,-0.00029280000000000007,1.12,0.47000000000000003
635,-0.00029200000000000005,1.08,0.49
636,-0.00029120000000000003,1.12,0.47000000000000003
637,-0.0002904,1.12,0.47000000000000003
638,-0.0002896000000000001,1.12,0.49
639,-0.0002888000000000001,1.12,0.49
640,-0.00028800000000000006,1.16,0.49
641,-0.00028720000000000004,1.2,0.51
642,-0.0002864,1.2,0.51
643,-0.0002856000000000001,1.2,0.51
644,-0.0002848000000000001,1.2,0.51
645,-0.00028400000000000007,1.2,0.53
646,-0.00028320000000000005,1.2,0.53
647,-0.00028240000000000003,1.24,0.55
648,-0.0002816,1.28,0.55
649,-0.0002808000000000001,1.24,0.55
650,-0.0002800000000000001,1.28,0.55
651,-0.00027920000000000006,1.32,0.55
652,-0.00027840000000000005,1.28,0.55
653,-0.0002776,1.32,0.5700000000000001
654,-0.0002768000000000001,1.32,0.5700000000000001
655,-0.0002760000000000001,1.36,0.5700000000000001
656,-0.0002752000000000001,1.36,0.5700000000000001
657,-0.00027440000000000006,1.32,0.5700000000000001
658,-0.00027360000000000004,1.36,0.59
659,-0.0002728,1.36,0.59
660,-0.0002720000000000001,1.36,0.59
661,-0.0002712000000000001,1.4000000000000001,0.61
662,-0.00027040000000000007,1.4000000000000001,0.61
663,-0.00026960000000000005,1.4000000000000001,0.61
664,-0.00026880000000000003,1.44,0.63
665,-0.000268,1.44,0.63
666,-0.0002672000000000001,1.44,0.63
667,-0.0002664000000000001,1.48,0.63
668,-0.00026560000000000006,1.44,0.65
669,-0.00026480000000000004,1.48,0.65
670,-0.000264,1.48,0.65
671,-0.0002632000000000001,1.52,0.65
672,-0.0002624000000000001,1.52,0.67
673,-0.00026160000000000007,1.48,0.67
674,-0.00026080000000000005,1.56,0.67
675,-0.00026000000000000003,1.56,0.67
676,-0.0002592,1.56,0.6900000000000001
677,-0.0002584000000000001,1.56,0.6900000000000001
678,-0.0002576000000000001,1.6,0.71
679,-0.00025680000000000006,1.56,0.71
680,-0.00025600000000000004,1.6,0.71
681,-0.0002552,1.6400000000000001,0.71
682,-0.0002544000000000001,1.6400000000000001,0.71
683,-0.0002536000000000001,1.6400000000000001,0.71
684,-0.0002528000000000001,1.6400000000000001,0.73
685,-0.00025200000000000005,1.68,0.73
686,-0.00025120000000000003,1.68,0.73
687,-0.0002504,1.68,0.75
688,-0.0002496000000000001,1.68,0.75
689,-0.0002488000000000001,1.72,0.75
690,-0.00024800000000000007,1.72,0.75
691,-0.00024720000000000005,1.72,0.75
692,-0.0002464,1.72,0.77
693,-0.0002456000000000001,1.76,0.77
694,-0.0002448000000000001,1.8,0.79
695,-0.00024400000000000008,1.76,0.79
696,-0.00024320000000000006,1.76,0.79
697,-0.00024240000000000004,1.8,0.79
698,-0.00024160000000000002,1.84,0.81
699,-0.0002408000000000001,1.84,0.81
700,-0.0002400000000000001,1.8,0.81
701,-0.00023920000000000007,1.84,0.81
702,-0.00023840000000000005,1.84,0.81
703,-0.00023760000000000003,1.8800000000000001,0.8300000000000001
704,-0.0002368,1.8800000000000001,0.85
705,-0.0002360000000000001,1.8800000000000001,0.8300000000000001
706,-0.00023520000000000008,1.8800000000000001,0.8300000000000001
707,-0.00023440000000000006,1.92,0.85
708,-0.00023360000000000004,1.92,0.85
709,-0.00023280000000000002,1.92,0.87
710,-0.0002320000000000001,1.96,0.87
711,-0.0002312000000000001,1.96,0.87
712,-0.00023040000000000007,2.0,0.89
713,-0.00022960000000000005,2.0,0.87
714,-0.00022880000000000003,2.0,0.87
715,-0.000228,2.0,0.89
716,-0.0002272000000000001,2.04,0.91
717,-0.00022640000000000008,2.04,0.89
718,-0.00022560000000000006,2.04,0.91
719,-0.00022480000000000004,2.08,0.91
720,-0.00022400000000000002,2.04,0.91
721,-0.0002232000000000001,2.08,0.93
722,-0.0002224000000000001,2.08,0.91
723,-0.00022160000000000007,2.12,0.93
724,-0.00022080000000000005,2.12,0.93
725,-0.00022000000000000003,2.12,0.93
726,-0.00021920000000000002,2.12,0.9500000000000001
727,-0.0002184000000000001,2.16,0.9500000000000001
728,-0.00021760000000000009,2.16,0.97
729,-0.00021680000000000007,2.16,0.9500000000000001
730,-0.00021600000000000005,2.16,0.97
731,-0.00021520000000000003,2.2,0.97
732,-0.00021440000000000012,2.2,0.99
733,-0.0002136000000000001,2.2,0.99
734,-0.00021280000000000008,2.2,0.99
735,-0.00021200000000000006,2.24,0.99
736,-0.00021120000000000004,2.24,0.99
737,-0.00021040000000000002,2.2800000000000002,0.99
738,-0.0002096000000000001,2.24,0.99
739,-0.0002088000000000001,2.2800000000000002,1.01
740,-0.00020800000000000007,2.2800000000000002,1.03
741,-0.00020720000000000005,2.2800000000000002,1.01
742,-0.00020640000000000003,2.2800000000000002,1.03
743,-0.00020560000000000012,2.32,1.03
744,-0.0002048000000000001,2.32,1.03
745,-0.00020400000000000008,2.32,1.03
746,-0.00020320000000000006,2.36,1.05
747,-0.00020240000000000004,2.36,1.05
748,-0.00020160000000000002,2.4,1.05
749,-0.0002008000000000001,2.4,1.05
750,-0.0002000000000000001,2.4,1.07
751,-0.00019920000000000007,2.4,1.07
752,-0.00019840000000000005,2.4,1.09
753,-0.00019760000000000003,2.44,1.09
754,-0.0001968,2.44,1.09
755,-0.0001960000000000001,2.44,1.09
756,-0.00019520000000000008,2.48,1.09
757,-0.00019440000000000006,2.48,1.09
758,-0.00019360000000000004,2.48,1.11
759,-0.00019280000000000002,2.48,1.11
760,-0.0001920000000000001,2.48,1.11
761,-0.0001912000000000001,2.52,1.1300000000000001
762,-0.00019040000000000007,2.52,1.1300000000000001
763,-0.00018960000000000005,2.56,1.1300000000000001
764,-0.00018880000000000004,2.52,1.1500000000000001
765,-0.00018800000000000002,2.52,1.17
766,-0.0001872000000000001,2.6,1.1500000000000001
767,-0.00018640000000000009,2.6,1.1500000000000001
768,-0.00018560000000000007,2.6,1.17
769,-0.00018480000000000005,2.6,1.19
770,-0.00018400000000000003,2.6,1.17
771,-0.00018320000000000012,2.64,1.17
772,-0.0001824000000000001,2.64,1.19
773,-0.00018160000000000008,2.64,1.19
774,-0.00018080000000000006,2.64,1.19
775,-0.00018000000000000004,2.68,1.19
776,-0.00017920000000000002,2.68,1.21
777,-0.0001784000000000001,2.68,1.21
778,-0.0001776000000000001,2.72,1.21
779,-0.00017680000000000007,2.72,1.23
780,-0.00017600000000000005,2.7600000000000002,1.23
781,-0.00017520000000000003,2.7600000000000002,1.23
782,-0.00017440000000000012,2.7600000000000002,1.23
783,-0.0001736000000000001,2.7600000000000002,1.25
784,-0.00017280000000000008,2.7600000000000002,1.25
785,-0.00017200000000000006,2.8000000000000003,1.27
786,-0.00017120000000000004,2.7600000000000002,1.27
787,-0.00017040000000000002,2.8000000000000003,1.27
788,-0.0001696000000000001,2.84,1.27
789,-0.0001688000000000001,2.84,1.27
790,-0.00016800000000000007,2.84,1.27
791,-0.00016720000000000005,2.88,1.29
792,-0.00016640000000000003,2.88,1.29
793,-0.00016560000000000001,2.88,1.29
794,-0.0001648000000000001,2.92,1.31
795,-0.00016400000000000008,2.88,1.31
796,-0.00016320000000000006,2.92,1.33
797,-0.00016240000000000004,2.88,1.33
798,-0.00016160000000000002,2.96,1.33
799,-0.00016080000000000011,2.92,1.33
800,-0.0001600000000000001,2.96,1.33
801,-0.00015920000000000007,2.96,1.35
802,-0.00015840000000000006,3.0,1.33
803,-0.00015760000000000004,3.0,1.35
804,-0.00015680000000000002,3.0,1.35
805,-0.0001560000000000001,3.0,1.37
806,-0.00015520000000000009,3.0,1.37
807,-0.00015440000000000007,3.04,1.3900000000000001
808,-0.00015360000000000005,3.04,1.37
809,-0.00015280000000000003,3.04,1.3900000000000001
810,-0.00015200000000000012,3.04,1.3900000000000001
811,-0.0001512000000000001,3.08,1.3900000000000001
812,-0.00015040000000000008,3.12,1.41
813,-0.00014960000000000006,3.08,1.41
814,-0.00014880000000000004,3.12,1.41
815,-0.00014800000000000002,3.12,1.41
816,-0.0001472000000000001,3.12,1.41
817,-0.0001464000000000001,3.16,1.45
818,-0.00014560000000000007,3.16,1.43
819,-0.00014480000000000005,3.16,1.43
820,-0.00014400000000000003,3.2,1.45
821,-0.00014320000000000012,3.2,1.45
822,-0.0001424000000000001,3.2,1.47
823,-0.00014160000000000008,3.24,1.45
824,-0.00014080000000000006,3.2,1.47
825,-0.00014000000000000004,3.24,1.47
826,-0.00013920000000000002,3.24,1.49
827,-0.0001384000000000001,3.24,1.47
828,-0.0001376000000000001,3.2800000000000002,1.49
829,-0.00013680000000000007,3.2800000000000002,1.49
830,-0.00013600000000000005,3.2800000000000002,1.49
831,-0.00013520000000000003,3.3200000000000003,1.51
832,-0.00013440000000000012,3.3200000000000003,1.49
833,-0.0001336000000000001,3.3200000000000003,1.51
834,-0.00013280000000000008,3.36,1.51
835,-0.00013200000000000006,3.36,1.53
836,-0.00013120000000000004,3.36,1.53
837,-0.00013040000000000003,3.36,1.53
838,-0.00012960000000000011,3.4,1.53
839,-0.0001288000000000001,3.4,1.55
840,-0.00012800000000000008,3.4,1.55
841,-0.00012720000000000006,3.4,1.55
842,-0.00012640000000000004,3.44,1.55
843,-0.00012560000000000002,3.44,1.55
844,-0.0001248000000000001,3.48,1.57
845,-0.0001240000000000001,3.48,1.57
846,-0.00012320000000000007,3.48,1.59
847,-0.00012240000000000005,3.48,1.59
848,-0.00012160000000000003,3.48,1.61
849,-0.00012080000000000012,3.48,1.59
850,-0.0001200000000000001,3.52,1.61
851,-0.00011920000000000008,3.56,1.61
852,-0.00011840000000000006,3.56,1.61
853,-0.00011760000000000004,3.52,1.6300000000000001
854,-0.00011680000000000002,3.56,1.6300000000000001
855,-0.00011600000000000011,3.56,1.6300000000000001
856,-0.00011520000000000009,3.6,1.6300000000000001
857,-0.00011440000000000007,3.6,1.6500000000000001
858,-0.00011360000000000005,3.6,1.6500000000000001
859,-0.00011280000000000003,3.6,1.67
860,-0.00011200000000000012,3.64,1.6500000000000001
861,-0.0001112000000000001,3.64,1.67
862,-0.00011040000000000008,3.64,1.67
863,-0.00010960000000000006,3.68,1.67
864,-0.00010880000000000004,3.68,1.67
865,-0.00010800000000000002,3.68,1.69
866,-0.00010720000000000011,3.68,1.69
867,-0.00010640000000000009,3.72,1.71
868,-0.00010560000000000007,3.72,1.71
869,-0.00010480000000000005,3.72,1.71
870,-0.00010400000000000003,3.72,1.71
871,-0.00010320000000000012,3.72,1.71
872,-0.0001024000000000001,3.7600000000000002,1.75
873,-0.00010160000000000008,3.7600000000000002,1.73
874,-0.00010080000000000006,3.8000000000000003,1.73
875,-0.00010000000000000005,3.8000000000000003,1.75
876,-9.920000000000003e-05,3.84,1.75
877,-9.840000000000011e-05,3.8000000000000003,1.75
878,-9.76000000000001e-05,3.84,1.77
879,-9.680000000000008e-05,3.84,1.77
880,-9.600000000000006e-05,3.84,1.77
881,-9.520000000000004e-05,3.84,1.79
882,-9.440000000000002e-05,3.88,1.77
883,-9.36000000000001e-05,3.88,1.79
884,-9.280000000000009e-05,3.92,1.79
885,-9.200000000000007e-05,3.92,1.81
886,-9.120000000000005e-05,3.92,1.81
887,-9.040000000000003e-05,3.92,1.79
888,-8.960000000000012e-05,3.92,1.81
889,-8.88000000000001e-05,3.96,1.81
890,-8.800000000000008e-05,3.96,1.81
891,-8.720000000000006e-05,4.0,1.83
892,-8.640000000000004e-05,4.0,1.83
893,-8.560000000000002e-05,4.0,1.85
894,-8.480000000000011e-05,4.0,1.85
895,-8.400000000000009e-05,4.04,1.85
896,-8.320000000000007e-05,4.0,1.85
897,-8.240000000000005e-05,4.04,1.85
898,-8.160000000000003e-05,4.04,1.87
899,-8.080000000000012e-05,4.04,1.87
900,-8.00000000000001e-05,4.08,1.8900000000000001
901,-7.920000000000008e-05,4.08,1.8900000000000001
902,-7.840000000000006e-05,4.08,1.8900000000000001
903,-7.760000000000004e-05,4.12,1.8900000000000001
904,-7.680000000000002e-05,4.12,1.9100000000000001
905,-7.600000000000011e-05,4.16,1.9100000000000001
906,-7.520000000000009e-05,4.12,1.9100000000000001
907,-7.440000000000007e-05,4.16,1.9100000000000001
908,-7.360000000000005e-05,4.16,1.93
909,-7.280000000000003e-05,4.16,1.93
910,-7.200000000000012e-05,4.16,1.93
911,-7.12000000000001e-05,4.2,1.95
912,-7.040000000000008e-05,4.2,1.95
913,-6.960000000000007e-05,4.2,1.95
914,-6.880000000000005e-05,4.2,1.95
915,-6.800000000000003e-05,4.24,1.95
916,-6.720000000000012e-05,4.24,1.97
917,-6.64000000000001e-05,4.24,1.97
918,-6.560000000000008e-05,4.28,1.97
919,-6.480000000000006e-05,4.28,1.99
920,-6.400000000000004e-05,4.32,1.99
921,-6.320000000000002e-05,4.32,1.99
922,-6.240000000000011e-05,4.32,1.99
923,-6.160000000000009e-05,4.32,1.99
924,-6.080000000000007e-05,4.36,2.0100000000000002
925,-6.000000000000005e-05,4.32,2.0100000000000002
926,-5.920000000000003e-05,4.36,2.0100000000000002
927,-5.840000000000012e-05,4.4,2.0300000000000002
928,-5.76000000000001e-05,4.4,2.05
929,-5.680000000000008e-05,4.4,2.0300000000000002
930,-5.600000000000006e-05,4.4,2.0300000000000002
931,-5.520000000000004e-05,4.44,2.07
932,-5.440000000000002e-05,4.44,2.05
933,-5.360000000000011e-05,4.44,2.05
934,-5.280000000000009e-05,4.44,2.05
935,-5.200000000000007e-05,4.44,2.07
936,-5.120000000000005e-05,4.48,2.09
937,-5.040000000000003e-05,4.48,2.07
938,-4.960000000000012e-05,4.5200000000000005,2.09
939,-4.88000000000001e-05,4.5200000000000005,2.09
940,-4.800000000000008e-05,4.5200000000000005,2.09
941,-4.720000000000006e-05,4.5200000000000005,2.09
942,-4.6400000000000044e-05,4.5600000000000005,2.11
943,-4.5600000000000024e-05,4.5600000000000005,2.11
944,-4.480000000000011e-05,4.5600000000000005,2.11
945,-4.4000000000000094e-05,4.5600000000000005,2.13
946,-4.3200000000000074e-05,4.6000000000000005,2.13
947,-4.2400000000000055e-05,4.6000000000000005,2.13
948,-4.1600000000000035e-05,4.64,2.13
949,-4.0800000000000124e-05,4.6000000000000005,2.15
950,-4.0000000000000105e-05,4.64,2.15
951,-3.9200000000000085e-05,4.64,2.15
952,-3.8400000000000066e-05,4.64,2.15
953,-3.7600000000000047e-05,4.64,2.17
954,-3.680000000000003e-05,4.68,2.15
955,-3.6000000000000116e-05,4.68,2.17
956,-3.52000000000001e-05,4.72,2.17
957,-3.440000000000008e-05,4.72,2.19
958,-3.360000000000006e-05,4.72,2.19
959,-3.280000000000004e-05,4.72,2.19
960,-3.200000000000002e-05,4.76,2.21
961,-3.120000000000011e-05,4.76,2.21
962,-3.040000000000009e-05,4.76,2.21
963,-2.960000000000007e-05,4.8,2.21
964,-2.880000000000005e-05,4.8,2.21
965,-2.800000000000003e-05,4.8,2.23
966,-2.720000000000012e-05,4.84,2.23
967,-2.64000000000001e-05,4.84,2.25
968,-2.560000000000008e-05,4.84,2.25
969,-2.480000000000006e-05,4.84,2.25
970,-2.400000000000004e-05,4.84,2.25
971,-2.3200000000000022e-05,4.84,2.27
972,-2.240000000000011e-05,4.88,2.27
973,-2.160000000000009e-05,4.88,2.27
974,-2.0800000000000072e-05,4.92,2.27
975,-2.0000000000000052e-05,4.92,2.27
976,-1.9200000000000033e-05,4.96,2.29
977,-1.8400000000000122e-05,4.96,2.29
978,-1.7600000000000103e-05,4.96,2.29
979,-1.6800000000000083e-05,4.96,2.31
980,-1.6000000000000064e-05,5.0,2.31
981,-1.5200000000000044e-05,4.96,2.31
982,-1.4400000000000025e-05,5.0,2.31
983,-1.3600000000000114e-05,5.0,2.33
984,-1.2800000000000094e-05,0.08,2.17
985,-1.2000000000000075e-05,0.12,1.9100000000000001
986,-1.1200000000000055e-05,0.12,1.67
987,-1.0400000000000036e-05,0.12,1.49
988,-9.600000000000125e-06,0.12,1.33
989,-8.800000000000105e-06,0.16,1.1500000000000001
990,-8.000000000000086e-06,0.16,1.05
991,-7.200000000000067e-06,0.16,0.91
992,-6.400000000000047e-06,0.16,0.81
993,-5.600000000000028e-06,0.16,0.73
994,-4.800000000000117e-06,0.2,0.65
995,-4.000000000000097e-06,0.16,0.5700000000000001
996,-3.2000000000000778e-06,0.2,0.53
997,-2.4000000000000583e-06,0.24,0.47000000000000003
998,-1.6000000000000389e-06,0.24,0.43
999,-8.000000000001279e-07,0.24,0.39
1000,-1.0842021724855044e-19,0.24,0.35000000000000003
1001,7.99999999999911e-07,0.24,0.33
1002,1.5999999999999305e-06,0.24,0.31
1003,2.39999999999995e-06,0.28,0.29
1004,3.1999999999999694e-06,0.28,0.25
1005,3.99999999999988e-06,0.28,0.23
1006,4.7999999999999e-06,0.28,0.23
1007,5.599999999999919e-06,0.32,0.23
1008,6.399999999999939e-06,0.32,0.19
1009,7.199999999999958e-06,0.32,0.21
1010,7.999999999999978e-06,0.32,0.21
1011,8.799999999999889e-06,0.36,0.19
1012,9.599999999999908e-06,0.36,0.17
1013,1.0399999999999928e-05,0.36,0.19
1014,1.1199999999999947e-05,0.36,0.19
1015,1.1999999999999966e-05,0.36,0.17
1016,1.2799999999999877e-05,0.4,0.19
1017,1.3599999999999897e-05,0.4,0.17
1018,1.4399999999999916e-05,0.4,0.19
1019,1.5199999999999936e-05,0.4,0.17
1020,1.5999999999999955e-05,0.44,0.19
1021,1.6799999999999975e-05,0.44,0.17
1022,1.7599999999999886e-05,0.44,0.19
1023,1.8399999999999905e-05,0.44,0.17
1024,1.9199999999999925e-05,0.48,0.19
1025,1.9999999999999944e-05,0.48,0.19
1026,2.0799999999999963e-05,0.48,0.19
1027,2.1599999999999875e-05,0.52,0.19
1028,2.2399999999999894e-05,0.52,0.21
1029,2.3199999999999913e-05,0.52,0.21
1030,2.3999999999999933e-05,0.52,0.23
1031,2.4799999999999952e-05,0.56,0.21
1032,2.5599999999999972e-05,0.56,0.23
1033,2.6399999999999883e-05,0.56,0.21
1034,2.7199999999999902e-05,0.56,0.23
1035,2.799999999999992e-05,0.6,0.23
1036,2.879999999999994e-05,0.64,0.25
1037,2.959999999999996e-05,0.64,0.25
1038,3.039999999999987e-05,0.6,0.25
1039,3.119999999999989e-05,0.64,0.25
1040,3.199999999999991e-05,0.64,0.25
1041,3.279999999999993e-05,0.64,0.25
1042,3.359999999999995e-05,0.68,0.27
1043,3.439999999999997e-05,0.68,0.27
1044,3.519999999999988e-05,0.68,0.27
1045,3.59999999999999e-05,0.68,0.29
1046,3.679999999999992e-05,0.68,0.29
1047,3.759999999999994e-05,0.72,0.29
1048,3.839999999999996e-05,0.72,0.29
1049,3.919999999999998e-05,0.72,0.31
1050,3.999999999999989e-05,0.76,0.31
1051,4.079999999999991e-05,0.76,0.31
1052,4.159999999999993e-05,0.8,0.31
1053,4.2399999999999946e-05,0.76,0.33
1054,4.3199999999999966e-05,0.8,0.33
1055,4.399999999999988e-05,0.8,0.33
1056,4.4799999999999896e-05,0.8,0.33
1057,4.5599999999999916e-05,0.8,0.35000000000000003
1058,4.6399999999999935e-05,0.84,0.35000000000000003
1059,4.7199999999999955e-05,0.84,0.35000000000000003
1060,4.7999999999999974e-05,0.88,0.35000000000000003
1061,4.8799999999999885e-05,0.84,0.37
1062,4.9599999999999905e-05,0.88,0.37
1063,5.0399999999999924e-05,0.92,0.37
1064,5.1199999999999943e-05,0.92,0.39
1065,5.199999999999996e-05,0.92,0.39
1066,5.2799999999999874e-05,0.92,0.39
1067,5.3599999999999893e-05,0.96,0.39
1068,5.439999999999991e-05,0.96,0.41000000000000003
1069,5.519999999999993e-05,0.96,0.41000000000000003
1070,5.599999999999995e-05,0.96,0.41000000000000003
1071,5.679999999999997e-05,1.0,0.41000000000000003
1072,5.759999999999988e-05,1.0,0.41000000000000003
1073,5.83999999999999e-05,1.0,0.43
1074,5.919999999999992e-05,1.0,0.43
1075,5.999999999999994e-05,1.04,0.43
1076,6.079999999999996e-05,1.04,0.45
1077,6.159999999999987e-05,1.08,0.47000000000000003
1078,6.239999999999989e-05,1.08,0.45
1079,6.319999999999991e-05,1.08,0.45
1080,6.399999999999993e-05,1.12,0.47000000000000003
1081,6.479999999999995e-05,1.08,0.49
1082,6.559999999999997e-05,1.12,0.47000000000000003
1083,6.639999999999988e-05,1.12,0.49
1084,6.71999999999999e-05,1.12,0.49
1085,6.799999999999992e-05,1.12,0.51
1086,6.879999999999994e-05,1.16,0.49
1087,6.959999999999996e-05,1.16,0.49
1088,7.039999999999987e-05,1.16,0.51
1089,7.119999999999989e-05,1.2,0.49
1090,7.199999999999991e-05,1.2,0.51
1091,7.279999999999993e-05,1.2,0.51
1092,7.359999999999995e-05,1.2,0.53
1093,7.439999999999997e-05,1.24,0.53
1094,7.519999999999988e-05,1.24,0.53
1095,7.59999999999999e-05,1.28,0.53
1096,7.679999999999992e-05,1.24,0.53
1097,7.759999999999993e-05,1.28,0.55
1098,7.839999999999995e-05,1.28,0.55
1099,7.919999999999997e-05,1.28,0.5700000000000001
1100,7.999999999999988e-05,1.28,0.5700000000000001
1101,8.07999999999999e-05,1.32,0.5700000000000001
1102,8.159999999999992e-05,1.32,0.5700000000000001
1103,8.239999999999994e-05,1.36,0.5700000000000001
1104,8.319999999999996e-05,1.36,0.59
1105,8.399999999999987e-05,1.36,0.59
1106,8.479999999999989e-05,1.36,0.61
1107,8.559999999999991e-05,1.4000000000000001,0.61
1108,8.639999999999993e-05,1.4000000000000001,0.61
1109,8.719999999999995e-05,1.4000000000000001,0.61
1110,8.799999999999997e-05,1.44,0.63
1111,8.879999999999988e-05,1.4000000000000001,0.63
1112,8.95999999999999e-05,1.44,0.63
1113,9.039999999999992e-05,1.44,0.63
1114,9.119999999999994e-05,1.44,0.65
1115,9.199999999999996e-05,1.48,0.63
1116,9.279999999999987e-05,1.48,0.65
1117,9.359999999999989e-05,1.48,0.65
1118,9.439999999999991e-05,1.52,0.67
1119,9.519999999999993e-05,1.52,0.67
1120,9.599999999999995e-05,1.52,0.67
1121,9.679999999999997e-05,1.52,0.67
1122,9.759999999999988e-05,1.56,0.6900000000000001
1123,9.83999999999999e-05,1.56,0.6900000000000001
1124,9.919999999999992e-05,1.56,0.6900000000000001
1125,9.999999999999994e-05,1.56,0.71
1126,0.00010079999999999996,1.6,0.6900000000000001
1127,0.00010159999999999987,1.6,0.71
1128,0.00010239999999999989,1.6400000000000001,0.71
1129,0.0001031999999999999,1.6400000000000001,0.71
1130,0.00010399999999999993,1.6400000000000001,0.73
1131,0.00010479999999999995,1.6400000000000001,0.73
1132,0.00010559999999999996,1.6400000000000001,0.73
1133,0.00010639999999999988,1.68,0.73
1134,0.0001071999999999999,1.72,0.75
1135,0.00010799999999999991,1.72,0.75
1136,0.00010879999999999993,1.72,0.75
1137,0.00010959999999999995,1.72,0.75
1138,0.00011039999999999997,1.72,0.75
1139,0.00011119999999999988,1.76,0.77
1140,0.0001119999999999999,1.76,0.77
1141,0.00011279999999999992,1.76,0.79
1142,0.00011359999999999994,1.76,0.79
1143,0.00011439999999999996,1.84,0.81
1144,0.00011519999999999987,1.8,0.81
1145,0.00011599999999999989,1.84,0.79
1146,0.00011679999999999991,1.8,0.8300000000000001
1147,0.00011759999999999993,1.84,0.8300000000000001
1148,0.00011839999999999995,1.8800000000000001,0.81
1149,0.00011919999999999997,1.84,0.8300000000000001
1150,0.00011999999999999988,1.8800000000000001,0.8300000000000001
1151,0.0001207999999999999,1.92,0.8300000000000001
1152,0.00012159999999999992,1.92,0.8300000000000001
1153,0.00012239999999999994,1.92,0.85
1154,0.00012319999999999996,1.96,0.85
1155,0.00012399999999999987,1.92,0.85
1156,0.0001247999999999999,1.92,0.85
1157,0.0001255999999999999,1.96,0.85
1158,0.00012639999999999993,1.96,0.85
1159,0.00012719999999999995,1.96,0.87
1160,0.00012799999999999997,2.0,0.89
1161,0.00012879999999999988,2.0,0.87
1162,0.0001295999999999999,2.04,0.89
1163,0.00013039999999999992,2.04,0.89
1164,0.00013119999999999994,2.04,0.91
1165,0.00013199999999999996,2.04,0.91
1166,0.00013279999999999987,2.04,0.93
1167,0.00013359999999999989,2.08,0.93
1168,0.0001343999999999999,2.08,0.93
1169,0.00013519999999999993,2.08,0.93
1170,0.00013599999999999994,2.12,0.93
1171,0.00013679999999999996,2.12,0.93
1172,0.00013759999999999988,2.12,0.9500000000000001
1173,0.0001383999999999999,2.12,0.9500000000000001
1174,0.00013919999999999991,2.12,0.9500000000000001
1175,0.00013999999999999993,2.16,0.9500000000000001
1176,0.00014079999999999995,2.16,0.97
1177,0.00014159999999999997,2.16,0.99
1178,0.00014239999999999988,2.2,0.97
1179,0.0001431999999999999,2.2,0.97
1180,0.00014399999999999992,2.24,0.99
1181,0.00014479999999999994,2.24,0.99
1182,0.00014559999999999996,2.2800000000000002,0.99
1183,0.00014639999999999987,2.24,0.99
1184,0.0001471999999999999,2.2800000000000002,1.01
1185,0.0001479999999999999,2.2800000000000002,1.01
1186,0.00014879999999999993,2.2800000000000002,1.01
1187,0.00014959999999999995,2.2800000000000002,1.01
1188,0.00015039999999999997,2.2800000000000002,1.03
1189,0.00015119999999999988,2.32,1.03
1190,0.0001519999999999999,2.32,1.03
1191,0.00015279999999999992,2.32,1.05
1192,0.00015359999999999994,2.36,1.05
1193,0.00015439999999999996,2.36,1.05
1194,0.00015519999999999987,2.36,1.07
1195,0.0001559999999999999,2.36,1.05
1196,0.0001567999999999999,2.36,1.07
1197,0.00015759999999999993,2.4,1.07
1198,0.00015839999999999995,2.4,1.07
1199,0.00015919999999999997,2.44,1.09
1200,0.00015999999999999988,2.44,1.09
1201,0.0001607999999999999,2.44,1.09
1202,0.00016159999999999992,2.44,1.09
1203,0.00016239999999999994,2.48,1.09
1204,0.00016319999999999996,2.48,1.11
1205,0.00016399999999999987,2.48,1.11
1206,0.00016479999999999989,2.52,1.11
1207,0.0001655999999999999,2.52,1.1300000000000001
1208,0.00016639999999999992,2.52,1.1300000000000001
1209,0.00016719999999999994,2.52,1.1300000000000001
1210,0.00016799999999999996,2.56,1.1500000000000001
1211,0.00016879999999999987,2.52,1.1500000000000001
1212,0.0001695999999999999,2.56,1.1500000000000001
1213,0.0001703999999999999,2.56,1.17
1214,0.00017119999999999993,2.56,1.1500000000000001
1215,0.00017199999999999995,2.6,1.17
1216,0.00017279999999999997,2.6,1.19
1217,0.00017359999999999988,2.6,1.17
1218,0.0001743999999999999,2.64,1.19
1219,0.00017519999999999992,2.64,1.19
1220,0.00017599999999999994,2.68,1.21
1221,0.00017679999999999985,2.64,1.21
1222,0.00017759999999999987,2.68,1.21
1223,0.0001783999999999999,2.68,1.21
1224,0.0001791999999999999,2.68,1.21
1225,0.00017999999999999993,2.72,1.21
1226,0.00018079999999999995,2.72,1.23
1227,0.00018159999999999997,2.7600000000000002,1.23
1228,0.0001824,2.72,1.23
1229,0.0001832,2.7600000000000002,1.25
1230,0.0001839999999999998,2.7600000000000002,1.25
1231,0.00018479999999999983,2.7600000000000002,1.25
1232,0.00018559999999999985,2.8000000000000003,1.27
1233,0.00018639999999999987,2.84,1.25
1234,0.0001871999999999999,2.84,1.27
1235,0.0001879999999999999,2.84,1.27
1236,0.00018879999999999993,2.8000000000000003,1.29
1237,0.00018959999999999995,2.84,1.27
1238,0.00019039999999999997,2.84,1.29
1239,0.00019119999999999999,2.84,1.29
1240,0.000192,2.92,1.31
1241,0.00019280000000000002,2.88,1.29
1242,0.00019359999999999983,2.88,1.31
1243,0.00019439999999999985,2.92,1.31
1244,0.00019519999999999987,2.92,1.33
1245,0.00019599999999999989,2.92,1.33
1246,0.0001967999999999999,2.96,1.35
1247,0.00019759999999999992,2.96,1.33
1248,0.00019839999999999994,2.96,1.35
1249,0.00019919999999999996,3.0,1.35
1250,0.00019999999999999998,3.0,1.37
1251,0.0002008,3.0,1.37
1252,0.00020160000000000002,3.0,1.35
1253,0.00020239999999999982,3.04,1.37
1254,0.00020319999999999984,3.04,1.37
1255,0.00020399999999999986,3.04,1.3900000000000001
1256,0.00020479999999999988,3.04,1.3900000000000001
1257,0.0002055999999999999,3.04,1.3900000000000001
1258,0.00020639999999999992,3.08,1.3900000000000001
1259,0.00020719999999999994,3.12,1.41
1260,0.00020799999999999996,3.08,1.41
1261,0.00020879999999999998,3.12,1.41
1262,0.0002096,3.12,1.41
1263,0.00021040000000000002,3.12,1.43
1264,0.00021119999999999982,3.16,1.43
1265,0.00021199999999999984,3.16,1.43
1266,0.00021279999999999986,3.2,1.45
1267,0.00021359999999999988,3.16,1.45
1268,0.0002143999999999999,3.2,1.45
1269,0.00021519999999999992,3.2,1.45
1270,0.00021599999999999994,3.2,1.45
1271,0.00021679999999999996,3.2,1.47
1272,0.00021759999999999998,3.24,1.47
1273,0.0002184,3.24,1.49
1274,0.00021920000000000002,3.2800000000000002,1.49
1275,0.00021999999999999982,3.24,1.49
1276,0.00022079999999999984,3.2800000000000002,1.49
1277,0.00022159999999999986,3.3200000000000003,1.51
1278,0.00022239999999999988,3.3200000000000003,1.51
1279,0.0002231999999999999,3.3200000000000003,1.51
1280,0.00022399999999999992,3.3200000000000003,1.51
1281,0.00022479999999999993,3.36,1.51
1282,0.00022559999999999995,3.36,1.53
1283,0.00022639999999999997,3.3200000000000003,1.53
1284,0.0002272,3.36,1.53
1285,0.000228,3.36,1.53
1286,0.00022879999999999982,3.4,1.55
1287,0.00022959999999999983,3.4,1.55
1288,0.00023039999999999985,3.44,1.55
1289,0.00023119999999999987,3.44,1.55
1290,0.0002319999999999999,3.44,1.57
1291,0.0002327999999999999,3.48,1.57
1292,0.00023359999999999993,3.48,1.57
1293,0.00023439999999999995,3.48,1.59
1294,0.00023519999999999997,3.52,1.59
1295,0.000236,3.48,1.59
1296,0.0002368,3.52,1.59
1297,0.0002375999999999998,3.52,1.61
1298,0.00023839999999999983,3.52,1.61
1299,0.00023919999999999985,3.56,1.61
1300,0.00023999999999999987,3.56,1.61
1301,0.0002407999999999999,3.56,1.6300000000000001
1302,0.0002415999999999999,3.56,1.6300000000000001
1303,0.00024239999999999993,3.6,1.6500000000000001
1304,0.00024319999999999995,3.6,1.6500000000000001
1305,0.00024399999999999997,3.6,1.6500000000000001
1306,0.0002448,3.6,1.6500000000000001
1307,0.0002456,3.64,1.67
1308,0.0002463999999999998,3.64,1.67
1309,0.00024719999999999983,3.64,1.67
1310,0.00024799999999999985,3.64,1.67
1311,0.00024879999999999987,3.68,1.69
1312,0.0002495999999999999,3.68,1.71
1313,0.0002503999999999999,3.68,1.71
1314,0.0002511999999999999,3.68,1.69
1315,0.00025199999999999995,3.72,1.71
1316,0.00025279999999999996,3.72,1.71
1317,0.0002536,3.72,1.73
1318,0.0002544,3.72,1.73
1319,0.0002551999999999998,3.7600000000000002,1.75
1320,0.0002559999999999998,3.7600000000000002,1.73
1321,0.00025679999999999985,3.7600000000000002,1.73
1322,0.00025759999999999986,3.8000000000000003,1.75
1323,0.0002583999999999999,3.8000000000000003,1.75
1324,0.0002591999999999999,3.8000000000000003,1.75
1325,0.0002599999999999999,3.8000000000000003,1.77
1326,0.00026079999999999994,3.84,1.79
1327,0.00026159999999999996,3.84,1.77
1328,0.0002624,3.88,1.79
1329,0.0002632,3.88,1.79
1330,0.000264,3.88,1.79
1331,0.0002647999999999998,3.88,1.79
1332,0.00026559999999999984,3.88,1.81
1333,0.00026639999999999986,3.92,1.81
1334,0.0002671999999999999,3.92,1.83
1335,0.0002679999999999999,3.92,1.81
1336,0.0002687999999999999,3.96,1.83
1337,0.00026959999999999994,4.0,1.83
1338,0.00027039999999999996,3.96,1.83
1339,0.0002712,4.0,1.83
1340,0.000272,4.0,1.83
1341,0.0002728,4.04,1.85
1342,0.0002735999999999998,4.04,1.85
1343,0.00027439999999999984,4.04,1.85
1344,0.00027519999999999986,4.04,1.87
1345,0.0002759999999999999,4.04,1.87
1346,0.0002767999999999999,4.04,1.87
1347,0.0002775999999999999,4.08,1.87
1348,0.00027839999999999994,4.08,1.8900000000000001
1349,0.00027919999999999996,4.08,1.9100000000000001
1350,0.00028,4.08,1.8900000000000001
1351,0.0002808,4.12,1.8900000000000001
1352,0.0002816,4.16,1.9100000000000001
1353,0.0002823999999999998,4.16,1.9100000000000001
1354,0.00028319999999999984,4.16,1.9100000000000001
1355,0.00028399999999999986,4.16,1.93
1356,0.0002847999999999999,4.16,1.93
1357,0.0002855999999999999,4.2,1.93
1358,0.0002863999999999999,4.2,1.93
1359,0.00028719999999999993,4.2,1.95
1360,0.00028799999999999995,4.24,1.95
1361,0.00028879999999999997,4.24,1.95
1362,0.0002896,4.24,1.97
1363,0.0002904,4.24,1.97
1364,0.0002911999999999998,4.28,1.97
1365,0.00029199999999999983,4.28,1.99
1366,0.00029279999999999985,4.28,1.99
1367,0.00029359999999999987,4.28,1.99
1368,0.0002943999999999999,4.28,1.99
1369,0.0002951999999999999,4.28,2.0100000000000002
1370,0.00029599999999999993,4.32,2.0100000000000002
1371,0.00029679999999999995,4.32,2.0100000000000002
1372,0.00029759999999999997,4.36,2.0100000000000002
1373,0.0002984,4.36,2.0300000000000002
1374,0.0002992,4.36,2.0300000000000002
1375,0.0002999999999999998,4.4,2.0100000000000002
1376,0.00030079999999999983,4.4,2.05
1377,0.00030159999999999985,4.4,2.0300000000000002
1378,0.00030239999999999987,4.44,2.05
1379,0.0003031999999999999,4.44,2.05
1380,0.0003039999999999999,4.44,2.05
1381,0.00030479999999999993,4.44,2.07
1382,0.00030559999999999995,4.48,2.07
1383,0.00030639999999999997,4.48,2.07
1384,0.0003072,4.48,2.09
1385,0.000308,4.48,2.09
1386,0.0003087999999999998,4.5200000000000005,2.09
1387,0.00030959999999999983,4.5200000000000005,2.09
1388,0.00031039999999999985,4.5200000000000005,2.09
1389,0.00031119999999999987,4.5600000000000005,2.11
1390,0.0003119999999999999,4.5600000000000005,2.11
1391,0.0003127999999999999,4.5600000000000005,2.11
1392,0.0003135999999999999,4.6000000000000005,2.13
1393,0.00031439999999999994,4.6000000000000005,2.13
1394,0.00031519999999999996,4.6000000000000005,2.15
1395,0.000316,4.6000000000000005,2.15
1396,0.0003168,4.64,2.15
1397,0.0003175999999999998,4.64,2.15
1398,0.0003183999999999998,4.64,2.15
1399,0.00031919999999999984,4.64,2.17
1400,0.00031999999999999986,4.68,2.17
1401,0.0003207999999999999,4.68,2.17
1402,0.0003215999999999999,4.68,2.19
1403,0.0003223999999999999,4.68,2.19
1404,0.00032319999999999994,4.72,2.19
1405,0.00032399999999999996,4.72,2.19
1406,0.0003248,4.76,2.19
1407,0.0003256,4.76,2.19
1408,0.0003264,4.76,2.21
1409,0.0003271999999999998,4.76,2.21
1410,0.00032799999999999984,4.76,2.21
1411,0.00032879999999999986,4.8,2.23
1412,0.0003295999999999999,4.8,2.23
1413,0.0003303999999999999,4.8,2.25
1414,0.0003311999999999999,4.84,2.23
1415,0.00033199999999999994,4.84,2.25
1416,0.00033279999999999996,4.88,2.25
1417,0.0003336,4.84,2.25
1418,0.0003344,4.88,2.25
1419,0.0003352,4.88,2.27
1420,0.0003359999999999998,4.92,2.27
1421,0.00033679999999999984,4.88,2.27
1422,0.00033759999999999986,4.92,2.29
1423,0.0003383999999999999,4.92,2.29
1424,0.0003391999999999999,4.92,2.29
1425,0.0003399999999999999,4.96,2.29
1426,0.00034079999999999994,4.96,2.29
1427,0.00034159999999999995,4.96,2.31
1428,0.0003424,4.96,2.31
1429,0.0003432,5.0,2.31
1430,0.000344,0.08,2.23
1431,0.0003447999999999998,0.08,2.0300000000000002
1432,0.00034559999999999984,0.12,1.79
1433,0.00034639999999999985,0.12,1.57
1434,0.0003471999999999999,0.16,1.3900000000000001
1435,0.0003479999999999999,0.12,1.23
1436,0.0003487999999999999,0.16,1.07
1437,0.00034959999999999993,0.16,0.97
1438,0.00035039999999999995,0.16,0.85
1439,0.00035119999999999997,0.16,0.77
1440,0.000352,0.16,0.6900000000000001
1441,0.0003528,0.2,0.61
1442,0.0003535999999999998,0.2,0.55
1443,0.00035439999999999983,0.2,0.49
1444,0.00035519999999999985,0.2,0.45
1445,0.00035599999999999987,0.24,0.41000000000000003
1446,0.0003567999999999999,0.24,0.37
1447,0.0003575999999999999,0.24,0.33
1448,0.00035839999999999993,0.28,0.31
1449,0.00035919999999999995,0.28,0.29
1450,0.00035999999999999997,0.28,0.27
1451,0.0003608,0.32,0.23
1452,0.0003616,0.28,0.23
1453,0.0003623999999999998,0.32,0.21
1454,0.00036319999999999983,0.28,0.21
1455,0.00036399999999999985,0.32,0.21
1456,0.00036479999999999987,0.32,0.19
1457,0.0003655999999999999,0.32,0.19
1458,0.0003663999999999999,0.36,0.19
1459,0.0003671999999999999,0.36,0.19
1460,0.00036799999999999995,0.36,0.19
1461,0.00036879999999999997,0.36,0.17
1462,0.0003696,0.4,0.17
1463,0.0003704,0.4,0.17
1464,0.0003711999999999998,0.4,0.17
1465,0.0003719999999999998,0.4,0.17
1466,0.00037279999999999985,0.4,0.19
1467,0.00037359999999999987,0.44,0.17
1468,0.0003743999999999999,0.44,0.19
1469,0.0003751999999999999,0.44,0.19
1470,0.0003759999999999999,0.48,0.19
1471,0.00037679999999999994,0.48,0.19
1472,0.00037759999999999996,0.48,0.19
1473,0.0003784,0.48,0.19
1474,0.0003792,0.48,0.19
1475,0.0003799999999999998,0.52,0.19
1476,0.0003807999999999998,0.52,0.21
1477,0.00038159999999999984,0.52,0.21
1478,0.00038239999999999986,0.52,0.21
1479,0.0003831999999999999,0.56,0.23
1480,0.0003839999999999999,0.56,0.23
1481,0.0003847999999999999,0.6,0.23
1482,0.00038559999999999994,0.56,0.25
1483,0.00038639999999999996,0.6,0.23
1484,0.0003872,0.6,0.25
1485,0.000388,0.6,0.25
1486,0.0003887999999999998,0.64,0.25
1487,0.0003895999999999998,0.64,0.25
1488,0.00039039999999999984,0.64,0.27
1489,0.00039119999999999986,0.68,0.27
1490,0.0003919999999999999,0.68,0.27
1491,0.0003927999999999999,0.68,0.27
1492,0.0003935999999999999,0.72,0.29
1493,0.00039439999999999994,0.68,0.29
1494,0.00039519999999999996,0.68,0.31
1495,0.000396,0.72,0.31
1496,0.0003968,0.72,0.31
1497,0.0003976,0.76,0.31
1498,0.0003983999999999998,0.76,0.31
1499,0.00039919999999999984,0.76,0.33
1500,0.00039999999999999986,0.8,0.33
1501,0.0004007999999999999,0.8,0.33
1502,0.0004015999999999999,0.8,0.35000000000000003
1503,0.0004023999999999999,0.84,0.33
1504,0.00040319999999999993,0.84,0.35000000000000003
1505,0.00040399999999999995,0.84,0.35000000000000003
1506,0.0004048,0.84,0.35000000000000003
1507,0.0004056,0.84,0.35000000000000003
1508,0.0004064,0.88,0.37
1509,0.0004071999999999998,0.88,0.37
1510,0.00040799999999999983,0.92,0.37
1511,0.00040879999999999985,0.92,0.37
1512,0.0004095999999999999,0.92,0.39
1513,0.0004103999999999999,0.96,0.41000000000000003
1514,0.0004111999999999999,0.92,0.41000000000000003
1515,0.00041199999999999993,0.96,0.41000000000000003
1516,0.00041279999999999995,0.96,0.41000000000000003
1517,0.00041359999999999997,1.0,0.41000000000000003
1518,0.0004144,1.0,0.41000000000000003
1519,0.0004152,1.0,0.43
1520,0.0004159999999999998,1.04,0.43
1521,0.00041679999999999983,1.0,0.43
1522,0.00041759999999999985,1.04,0.43
1523,0.00041839999999999987,1.04,0.45
1524,0.0004191999999999999,1.08,0.45
1525,0.0004199999999999999,1.08,0.45
1526,0.00042079999999999993,1.08,0.45
1527,0.00042159999999999995,1.08,0.47000000000000003
1528,0.00042239999999999997,1.12,0.47000000000000003
1529,0.0004232,1.12,0.47000000000000003
1530,0.000424,1.12,0.49
1531,0.0004247999999999998,1.12,0.49
1532,0.00042559999999999983,1.16,0.49
1533,0.00042639999999999985,1.16,0.51
1534,0.00042719999999999987,1.16,0.51
1535,0.0004279999999999999,1.2,0.51
1536,0.0004287999999999999,1.2,0.51
1537,0.0004295999999999999,1.2,0.53
1538,0.00043039999999999994,1.2,0.53
1539,0.00043119999999999996,1.24,0.53
1540,0.000432,1.24,0.53
1541,0.0004328,1.24,0.53
1542,0.0004335999999999998,1.24,0.53
1543,0.0004343999999999998,1.24,0.55
1544,0.00043519999999999984,1.28,0.55
1545,0.00043599999999999986,1.28,0.55
1546,0.0004367999999999999,1.28,0.5700000000000001
1547,0.0004375999999999999,1.32,0.5700000000000001
1548,0.0004383999999999999,1.32,0.5700000000000001
1549,0.00043919999999999994,1.32,0.59
1550,0.00043999999999999996,1.36,0.5700000000000001
1551,0.0004408,1.36,0.59
1552,0.0004416,1.36,0.61
1553,0.0004423999999999998,1.4000000000000001,0.61
1554,0.0004431999999999998,1.4000000000000001,0.59
1555,0.00044399999999999984,1.4000000000000001,0.61
1556,0.00044479999999999986,1.44,0.61
1557,0.0004455999999999999,1.44,0.63
1558,0.0004463999999999999,1.4000000000000001,0.63
1559,0.0004471999999999999,1.44,0.65
1560,0.00044799999999999994,1.48,0.63
1561,0.00044879999999999996,1.48,0.65
1562,0.0004496,1.52,0.65
1563,0.0004504,1.48,0.65
1564,0.0004511999999999998,1.48,0.65
1565,0.0004519999999999998,1.52,0.67
1566,0.00045279999999999984,1.52,0.67
1567,0.00045359999999999986,1.52,0.67
1568,0.0004543999999999999,1.56,0.6900000000000001
1569,0.0004551999999999999,1.6,0.6900000000000001
1570,0.0004559999999999999,1.56,0.6900000000000001
1571,0.00045679999999999994,1.6,0.6900000000000001
1572,0.00045759999999999996,1.6,0.71
1573,0.0004584,1.6,0.6900000000000001
1574,0.0004592,1.6,0.73
1575,0.0004599999999999998,1.6,0.73
1576,0.0004607999999999998,1.6400000000000001,0.73
1577,0.00046159999999999984,1.6400000000000001,0.73
1578,0.00046239999999999986,1.68,0.73
1579,0.0004631999999999999,1.68,0.75
1580,0.0004639999999999999,1.68,0.75
1581,0.0004647999999999999,1.68,0.75
1582,0.00046559999999999993,1.72,0.75
1583,0.00046639999999999995,1.76,0.75
1584,0.00046719999999999997,1.76,0.77
1585,0.000468,1.76,0.77
1586,0.0004688,1.76,0.77
1587,0.0004695999999999998,1.76,0.79
1588,0.00047039999999999983,1.76,0.79
1589,0.00047119999999999985,1.8,0.81
1590,0.00047199999999999987,1.8,0.81
1591,0.0004727999999999999,1.8,0.79
1592,0.0004735999999999999,1.84,0.81
1593,0.00047439999999999993,1.84,0.81
1594,0.00047519999999999995,1.84,0.81
1595,0.00047599999999999997,1.84,0.8300000000000001
1596,0.0004768,1.84,0.8300000000000001
1597,0.0004776,1.8800000000000001,0.85
1598,0.0004783999999999998,1.8800000000000001,0.8300000000000001
1599,0.00047919999999999983,1.8800000000000001,0.85
1600,0.00047999999999999985,1.92,0.85
1601,0.00048079999999999987,1.92,0.85
1602,0.0004815999999999999,1.96,0.85
1603,0.0004823999999999999,1.92,0.87
1604,0.00048319999999999993,1.96,0.87
1605,0.00048399999999999995,1.96,0.87
1606,0.00048479999999999997,2.0,0.87
1607,0.0004856,2.0,0.89
1608,0.0004864,2.0,0.89
1609,0.0004871999999999998,2.04,0.91
1610,0.00048799999999999983,2.04,0.91
1611,0.0004887999999999998,2.04,0.91
1612,0.0004895999999999999,2.04,0.91
1613,0.0004903999999999999,2.08,0.91
1614,0.0004911999999999999,2.08,0.93
1615,0.0004919999999999999,2.08,0.93
1616,0.0004927999999999999,2.08,0.93
1617,0.0004936,2.08,0.93
1618,0.0004944,2.12,0.9500000000000001
1619,0.0004952,2.12,0.9500000000000001
1620,0.0004959999999999998,2.12,0.9500000000000001
1621,0.0004967999999999998,2.16,0.9500000000000001
1622,0.0004975999999999998,2.16,0.97
1623,0.0004983999999999999,2.16,0.97
1624,0.0004991999999999999,2.16,0.97
1625,0.0004999999999999999,2.2,0.99
1626,0.0005007999999999999,2.2,0.97
1627,0.0005015999999999999,2.2,0.99
1628,0.0005024,2.24,0.99
1629,0.0005032,2.2800000000000002,1.01
1630,0.000504,2.24,1.01
1631,0.0005047999999999998,2.2800000000000002,1.01
1632,0.0005055999999999998,2.2800000000000002,1.03
1633,0.0005063999999999998,2.2800000000000002,1.01
1634,0.0005071999999999999,2.2800000000000002,1.01
1635,0.0005079999999999999,2.2800000000000002,1.03
1636,0.0005087999999999999,2.32,1.03
1637,0.0005095999999999999,2.32,1.05
1638,0.0005103999999999999,2.32,1.05
1639,0.0005112,2.32,1.05
1640,0.000512,2.4,1.05
1641,0.0005128,2.36,1.05
1642,0.0005135999999999998,2.4,1.07
1643,0.0005143999999999998,2.44,1.07
1644,0.0005151999999999998,2.4,1.09
1645,0.0005159999999999999,2.4,1.07
1646,0.0005167999999999999,2.44,1.09
1647,0.0005175999999999999,2.44,1.11
1648,0.0005183999999999999,2.44,1.09
1649,0.0005191999999999999,2.44,1.11
1650,0.00052,2.48,1.09
1651,0.0005208,2.48,1.11
1652,0.0005216,2.48,1.11
1653,0.0005223999999999998,2.48,1.11
1654,0.0005231999999999998,2.52,1.11
1655,0.0005239999999999998,2.52,1.1300000000000001
1656,0.0005247999999999999,2.56,1.1300000000000001
1657,0.0005255999999999999,2.56,1.1500000000000001
1658,0.0005263999999999999,2.56,1.1500000000000001
1659,0.0005271999999999999,2.56,1.1500000000000001
1660,0.0005279999999999999,2.56,1.1500000000000001
1661,0.0005288,2.6,1.17
1662,0.0005296,2.6,1.17
1663,0.0005304,2.6,1.17
1664,0.0005311999999999998,2.64,1.19
1665,0.0005319999999999998,2.6,1.17
1666,0.0005327999999999998,2.64,1.19
1667,0.0005335999999999999,2.64,1.19
1668,0.0005343999999999999,2.64,1.21
1669,0.0005351999999999999,2.72,1.21
1670,0.0005359999999999999,2.68,1.21
1671,0.0005367999999999999,2.72,1.21
1672,0.0005376,2.72,1.23
1673,0.0005384,2.72,1.23
1674,0.0005392,2.72,1.23
1675,0.00054,2.7600000000000002,1.23
1676,0.0005407999999999998,2.7600000000000002,1.25
1677,0.0005415999999999998,2.7600000000000002,1.23
1678,0.0005423999999999998,2.7600000000000002,1.25
1679,0.0005431999999999999,2.8000000000000003,1.27
1680,0.0005439999999999999,2.84,1.27
1681,0.0005447999999999999,2.8000000000000003,1.27
1682,0.0005455999999999999,2.8000000000000003,1.27
1683,0.0005463999999999999,2.84,1.29
1684,0.0005472,2.84,1.29
1685,0.000548,2.88,1.29
1686,0.0005488,2.88,1.29
1687,0.0005495999999999998,2.92,1.31
1688,0.0005503999999999998,2.92,1.31
1689,0.0005511999999999998,2.88,1.31
1690,0.0005519999999999999,2.92,1.31
1691,0.0005527999999999999,2.92,1.33
1692,0.0005535999999999999,2.92,1.33
1693,0.0005543999999999999,2.96,1.33
1694,0.0005551999999999999,2.96,1.35
1695,0.000556,2.96,1.37
1696,0.0005568,3.0,1.35
1697,0.0005576,3.0,1.35
1698,0.0005583999999999998,3.0,1.37
1699,0.0005591999999999998,3.04,1.3900000000000001
1700,0.0005599999999999998,3.04,1.37
1701,0.0005607999999999999,3.08,1.3900000000000001
1702,0.0005615999999999999,3.04,1.3900000000000001
1703,0.0005623999999999999,3.08,1.3900000000000001
1704,0.0005631999999999999,3.08,1.3900000000000001
1705,0.0005639999999999999,3.12,1.3900000000000001
1706,0.0005648,3.12,1.3900000000000001
1707,0.0005656,3.12,1.41
1708,0.0005664,3.12,1.41
1709,0.0005671999999999998,3.16,1.43
1710,0.0005679999999999998,3.16,1.43
1711,0.0005687999999999998,3.16,1.43
1712,0.0005695999999999999,3.2,1.43
1713,0.0005703999999999999,3.16,1.45
1714,0.0005711999999999999,3.2,1.45
1715,0.0005719999999999999,3.2,1.45
1716,0.0005727999999999999,3.2,1.47
1717,0.0005736,3.24,1.47
1718,0.0005744,3.24,1.49
1719,0.0005752,3.24,1.49
1720,0.0005759999999999998,3.24,1.47
1721,0.0005767999999999998,3.2800000000000002,1.49
1722,0.0005775999999999998,3.2800000000000002,1.49
1723,0.0005783999999999999,3.2800000000000002,1.51
1724,0.0005791999999999999,3.2800000000000002,1.51
1725,0.0005799999999999999,3.2800000000000002,1.51
1726,0.0005807999999999999,3.3200000000000003,1.51
1727,0.0005815999999999999,3.3200000000000003,1.51
1728,0.0005824,3.36,1.53
1729,0.0005832,3.36,1.53
1730,0.000584,3.36,1.53
1731,0.0005847999999999998,3.36,1.53
1732,0.0005855999999999998,3.4,1.55
1733,0.0005863999999999998,3.4,1.55
1734,0.0005871999999999999,3.4,1.55
1735,0.0005879999999999999,3.44,1.57
1736,0.0005887999999999999,3.44,1.59
1737,0.0005895999999999999,3.44,1.57
1738,0.0005903999999999999,3.48,1.57
1739,0.0005912,3.48,1.59
1740,0.000592,3.48,1.59
1741,0.0005928,3.48,1.59
1742,0.0005935999999999998,3.52,1.61
1743,0.0005943999999999998,3.52,1.61
1744,0.0005951999999999998,3.52,1.61
1745,0.0005959999999999999,3.56,1.61
1746,0.0005967999999999999,3.56,1.6300000000000001
1747,0.0005975999999999999,3.56,1.6300000000000001
1748,0.0005983999999999999,3.56,1.6300000000000001
1749,0.0005991999999999999,3.56,1.6300000000000001
1750,0.0006,3.6,1.6300000000000001
1751,0.0006008,3.6,1.6500000000000001
1752,0.0006016,3.6,1.6500000000000001
1753,0.0006024,3.64,1.6500000000000001
1754,0.0006031999999999998,3.64,1.67
1755,0.0006039999999999998,3.64,1.67
1756,0.0006047999999999998,3.64,1.69
1757,0.0006055999999999999,3.64,1.69
1758,0.0006063999999999999,3.68,1.69
1759,0.0006071999999999999,3.68,1.69
1760,0.0006079999999999999,3.72,1.69
1761,0.0006087999999999999,3.72,1.69
1762,0.0006096,3.72,1.71
1763,0.0006104,3.72,1.71
1764,0.0006112,3.7600000000000002,1.71
1765,0.0006119999999999998,3.7600000000000002,1.73
1766,0.0006127999999999998,3.7600000000000002,1.73
1767,0.0006135999999999998,3.8000000000000003,1.73
1768,0.0006143999999999999,3.7600000000000002,1.75
1769,0.0006151999999999999,3.8000000000000003,1.75
1770,0.0006159999999999999,3.8000000000000003,1.75
1771,0.0006167999999999999,3.8000000000000003,1.77
1772,0.0006175999999999999,3.88,1.77
1773,0.0006184,3.84,1.77
1774,0.0006192,3.84,1.79
1775,0.00062,3.88,1.77
1776,0.0006207999999999998,3.88,1.79
1777,0.0006215999999999998,3.88,1.79
1778,0.0006223999999999998,3.88,1.81
1779,0.0006231999999999999,3.88,1.81
1780,0.0006239999999999999,3.92,1.81
1781,0.0006247999999999999,3.92,1.81
1782,0.0006255999999999999,3.96,1.81
1783,0.0006263999999999999,3.96,1.83
1784,0.0006272,3.96,1.83
1785,0.000628,3.96,1.83
1786,0.0006288,4.0,1.85
1787,0.0006295999999999998,4.0,1.85
1788,0.0006303999999999998,4.04,1.85
1789,0.0006311999999999998,4.0,1.87
1790,0.0006319999999999999,4.04,1.87
1791,0.0006327999999999999,4.04,1.87
1792,0.0006335999999999999,4.08,1.87
1793,0.0006343999999999999,4.04,1.87
1794,0.0006351999999999999,4.08,1.8900000000000001
1795,0.000636,4.08,1.8900000000000001
1796,0.0006368,4.12,1.8900000000000001
1797,0.0006376,4.12,1.9100000000000001
1798,0.0006383999999999998,4.12,1.9100000000000001
1799,0.0006391999999999998,4.12,1.9100000000000001
1800,0.0006399999999999998,4.12,1.9100000000000001
1801,0.0006407999999999999,4.16,1.93
1802,0.0006415999999999999,4.16,1.93
1803,0.0006423999999999999,4.16,1.93
1804,0.0006431999999999999,4.2,1.93
1805,0.0006439999999999999,4.24,1.95
1806,0.0006448,4.2,1.95
1807,0.0006456,4.24,1.95
1808,0.0006464,4.24,1.97
1809,0.0006471999999999998,4.24,1.97
1810,0.0006479999999999998,4.24,1.97
1811,0.0006487999999999998,4.24,1.97
1812,0.0006495999999999999,4.28,1.99
1813,0.0006503999999999999,4.32,1.99
1814,0.0006511999999999999,4.32,1.99
1815,0.0006519999999999999,4.28,1.99
1816,0.0006527999999999999,4.32,2.0100000000000002
1817,0.0006536,4.32,2.0100000000000002
1818,0.0006544,4.32,2.0300000000000002
1819,0.0006552,4.36,2.0300000000000002
1820,0.0006559999999999998,4.36,2.0300000000000002
1821,0.0006567999999999998,4.4,2.0300000000000002
1822,0.0006575999999999998,4.4,2.05
1823,0.0006583999999999998,4.4,2.0300000000000002
1824,0.0006591999999999999,4.4,2.05
1825,0.0006599999999999999,4.44,2.05
1826,0.0006607999999999999,4.44,2.05
1827,0.0006615999999999999,4.44,2.07
1828,0.0006624,4.48,2.07
1829,0.0006632,4.44,2.07
1830,0.000664,4.48,2.09
1831,0.0006647999999999998,4.48,2.09
1832,0.0006655999999999998,4.48,2.09
1833,0.0006663999999999998,4.5200000000000005,2.09
1834,0.0006671999999999998,4.5200000000000005,2.11
1835,0.0006679999999999999,4.5200000000000005,2.11
1836,0.0006687999999999999,4.5200000000000005,2.11
1837,0.0006695999999999999,4.5600000000000005,2.11
1838,0.0006703999999999999,4.5600000000000005,2.13
1839,0.0006711999999999999,4.6000000000000005,2.13
1840,0.000672,4.6000000000000005,2.13
1841,0.0006728,4.6000000000000005,2.13
1842,0.0006736,4.64,2.15
1843,0.0006743999999999998,4.6000000000000005,2.15
1844,0.0006751999999999998,4.64,2.17
1845,0.0006759999999999998,4.68,2.15
1846,0.0006767999999999999,4.64,2.17
1847,0.0006775999999999999,4.64,2.17
1848,0.0006783999999999999,4.68,2.17
1849,0.0006791999999999999,4.72,2.19
1850,0.0006799999999999999,4.72,2.19
1851,0.0006808,4.72,2.19
1852,0.0006816,4.72,2.19
1853,0.0006824,4.72,2.21
1854,0.0006831999999999998,4.76,2.21
1855,0.0006839999999999998,4.76,2.21
1856,0.0006847999999999998,4.76,2.21
1857,0.0006855999999999999,4.8,2.21
1858,0.0006863999999999999,4.8,2.23
1859,0.0006871999999999999,4.8,2.23
1860,0.0006879999999999999,4.84,2.23
1861,0.0006887999999999999,4.84,2.23
1862,0.0006896,4.84,2.25
1863,0.0006904,4.84,2.25
1864,0.0006912,4.88,2.25
1865,0.0006919999999999998,4.88,2.27
1866,0.0006927999999999998,4.92,2.25
1867,0.0006935999999999998,4.92,2.27
1868,0.0006943999999999999,4.92,2.29
1869,0.0006951999999999999,4.92,2.27
1870,0.0006959999999999999,4.92,2.29
1871,0.0006967999999999999,4.96,2.29
1872,0.0006975999999999999,4.96,2.29
1873,0.0006984,4.96,2.31
1874,0.0006992,4.96,2.31
1875,0.0007,5.0,2.33
1876,0.0007007999999999998,5.0,2.33
1877,0.0007015999999999998,0.08,2.13
1878,0.0007023999999999998,0.08,1.8900000000000001
1879,0.0007031999999999999,0.12,1.6500000000000001
1880,0.0007039999999999999,0.12,1.45
1881,0.0007047999999999999,0.12,1.29
1882,0.0007055999999999999,0.16,1.1500000000000001
1883,0.0007063999999999999,0.16,1.01
1884,0.0007072,0.16,0.89
1885,0.000708,0.16,0.79
1886,0.0007088,0.16,0.71
1887,0.0007095999999999998,0.2,0.65
1888,0.0007103999999999998,0.2,0.5700000000000001
1889,0.0007111999999999998,0.2,0.51
1890,0.0007119999999999999,0.2,0.47000000000000003
1891,0.0007127999999999999,0.24,0.41000000000000003
1892,0.0007135999999999999,0.24,0.39
1893,0.0007143999999999999,0.24,0.35000000000000003
1894,0.0007151999999999999,0.24,0.33
1895,0.000716,0.24,0.29
1896,0.0007168,0.28,0.27
1897,0.0007176,0.28,0.25
1898,0.0007183999999999998,0.28,0.23
1899,0.0007191999999999998,0.32,0.23
1900,0.0007199999999999998,0.28,0.21
1901,0.0007207999999999998,0.32,0.21
1902,0.0007215999999999999,0.32,0.19
1903,0.0007223999999999999,0.32,0.19
1904,0.0007231999999999999,0.32,0.21
1905,0.0007239999999999999,0.32,0.19
1906,0.0007247999999999999,0.36,0.17
1907,0.0007256,0.36,0.19
1908,0.0007264,0.4,0.19
1909,0.0007271999999999998,0.4,0.19
1910,0.0007279999999999998,0.4,0.17
1911,0.0007287999999999998,0.4,0.17
1912,0.0007295999999999998,0.4,0.17
1913,0.0007303999999999999,0.44,0.19
1914,0.0007311999999999999,0.44,0.19
1915,0.0007319999999999999,0.44,0.19
1916,0.0007327999999999999,0.44,0.19
1917,0.0007335999999999999,0.48,0.19
1918,0.0007344,0.52,0.19
1919,0.0007352,0.48,0.21
1920,0.000736,0.48,0.21
1921,0.0007367999999999998,0.52,0.21
1922,0.0007375999999999998,0.52,0.19
1923,0.0007383999999999998,0.52,0.21
1924,0.0007391999999999999,0.56,0.21
1925,0.0007399999999999999,0.56,0.23
1926,0.0007407999999999999,0.56,0.23
1927,0.0007415999999999999,0.6,0.23
1928,0.0007423999999999999,0.56,0.25
1929,0.0007432,0.6,0.25
1930,0.000744,0.6,0.25
1931,0.0007448,0.6,0.25
1932,0.0007455999999999998,0.6,0.25
1933,0.0007463999999999998,0.64,0.27
1934,0.0007471999999999998,0.64,0.27
1935,0.0007479999999999999,0.64,0.27
1936,0.0007487999999999999,0.64,0.29
1937,0.0007495999999999999,0.68,0.29
1938,0.0007503999999999999,0.72,0.27
1939,0.0007511999999999999,0.68,0.29
1940,0.000752,0.72,0.29
1941,0.0007528,0.72,0.29
1942,0.0007536,0.72,0.31
1943,0.0007543999999999998,0.76,0.31
1944,0.0007551999999999998,0.76,0.31
1945,0.0007559999999999998,0.76,0.31
1946,0.0007567999999999999,0.76,0.31
1947,0.0007575999999999999,0.8,0.33
1948,0.0007583999999999999,0.8,0.33
1949,0.0007591999999999999,0.8,0.33
1950,0.0007599999999999999,0.84,0.35000000000000003
1951,0.0007608,0.84,0.35000000000000003
1952,0.0007616,0.88,0.35000000000000003
1953,0.0007624,0.84,0.35000000000000003
1954,0.0007631999999999998,0.88,0.37
1955,0.0007639999999999998,0.88,0.37
1956,0.0007647999999999998,0.88,0.37
1957,0.0007655999999999999,0.92,0.39
1958,0.0007663999999999999,0.92,0.39
1959,0.0007671999999999999,0.92,0.39
1960,0.0007679999999999999,0.92,0.39
1961,0.0007687999999999999,0.96,0.39
1962,0.0007696,0.96,0.41000000000000003
1963,0.0007704,0.96,0.41000000000000003
1964,0.0007712,0.96,0.41000000000000003
1965,0.0007719999999999998,1.0,0.43
1966,0.0007727999999999998,1.0,0.43
1967,0.0007735999999999998,1.04,0.43
1968,0.0007743999999999998,1.04,0.43
1969,0.0007751999999999999,1.04,0.43
1970,0.0007759999999999999,1.08,0.47000000000000003
1971,0.0007767999999999999,1.08,0.47000000000000003
1972,0.0007775999999999999,1.08,0.45
1973,0.0007784,1.12,0.47000000000000003
1974,0.0007792,1.12,0.47000000000000003
1975,0.00078,1.12,0.47000000000000003
1976,0.0007807999999999998,1.12,0.47000000000000003
1977,0.0007815999999999998,1.12,0.49
1978,0.0007823999999999998,1.16,0.49
1979,0.0007831999999999998,1.16,0.51
1980,0.0007839999999999999,1.16,0.49
1981,0.0007847999999999999,1.2,0.51
1982,0.0007855999999999999,1.2,0.51
1983,0.0007863999999999999,1.24,0.51
1984,0.0007871999999999999,1.24,0.53
1985,0.000788,1.24,0.53
1986,0.0007888,1.24,0.55
1987,0.0007895999999999998,1.24,0.55
1988,0.0007903999999999998,1.24,0.55
1989,0.0007911999999999998,1.28,0.55
1990,0.0007919999999999998,1.28,0.55
1991,0.0007927999999999999,1.28,0.55
1992,0.0007935999999999999,1.28,0.55
1993,0.0007943999999999999,1.32,0.5700000000000001
1994,0.0007951999999999999,1.32,0.5700000000000001
1995,0.0007959999999999999,1.32,0.59
1996,0.0007968,1.36,0.59
1997,0.0007976,1.32,0.61
1998,0.0007983999999999998,1.36,0.59
1999,0.0007991999999999998,1.4000000000000001,0.61
