,time,v1,v2
0,-0.0016,4.04,1.87
1,-0.0015984,4.04,1.8900000000000001
2,-0.0015968,4.04,1.8900000000000001
3,-0.0015952000000000002,4.04,1.8900000000000001
4,-0.0015936000000000001,4.08,1.8900000000000001
5,-0.001592,4.08,1.9100000000000001
6,-0.0015904,4.08,1.9100000000000001
7,-0.0015888,4.12,1.9100000000000001
8,-0.0015872,4.12,1.9100000000000001
9,-0.0015856000000000002,4.12,1.93
10,-0.0015840000000000001,4.12,1.95
11,-0.0015824,4.12,1.95
12,-0.0015808,4.16,1.93
13,-0.0015792,4.16,1.95
14,-0.0015776000000000002,4.16,1.95
15,-0.0015760000000000001,4.2,1.95
16,-0.0015744,4.2,1.95
17,-0.0015728,4.2,1.99
18,-0.0015712,4.2,1.97
19,-0.0015696,4.2,1.97
20,-0.0015680000000000002,4.24,1.99
21,-0.0015664000000000001,4.24,1.99
22,-0.0015648,4.28,1.99
23,-0.0015632,4.24,2.0100000000000002
24,-0.0015616,4.28,2.0100000000000002
25,-0.0015600000000000002,4.28,2.0100000000000002
26,-0.0015584000000000001,4.28,2.0100000000000002
27,-0.0015568000000000001,4.32,2.0300000000000002
28,-0.0015552,4.36,2.0300000000000002
29,-0.0015536,4.32,2.05
30,-0.001552,4.36,2.05
31,-0.0015504000000000002,4.36,2.05
32,-0.0015488000000000001,4.4,2.05
33,-0.0015472,4.4,2.05
34,-0.0015456,4.4,2.07
35,-0.001544,4.4,2.07
36,-0.0015424,4.4,2.07
37,-0.0015408000000000002,4.4,2.07
38,-0.0015392000000000001,4.44,2.09
39,-0.0015376,4.44,2.09
40,-0.001536,4.48,2.09
41,-0.0015344,4.48,2.09
42,-0.0015328000000000002,4.48,2.11
43,-0.0015312000000000001,4.5200000000000005,2.11
44,-0.0015296,4.5200000000000005,2.13
45,-0.001528,4.5200000000000005,2.13
46,-0.0015264,4.5200000000000005,2.13
47,-0.0015248,4.5600000000000005,2.13
48,-0.0015232000000000002,4.5600000000000005,2.13
49,-0.0015216000000000001,4.5600000000000005,2.15
50,-0.00152,4.6000000000000005,2.15
51,-0.0015184,4.6000000000000005,2.15
52,-0.0015168,4.6000000000000005,2.17
53,-0.0015152,4.6000000000000005,2.17
54,-0.0015136000000000001,4.6000000000000005,2.17
55,-0.001512,4.64,2.17
56,-0.0015104,4.64,2.17
57,-0.0015088,4.68,2.17
58,-0.0015072,4.68,2.19
59,-0.0015056000000000002,4.72,2.19
60,-0.0015040000000000001,4.72,2.19
61,-0.0015024,4.72,2.21
62,-0.0015008,4.72,2.21
63,-0.0014992,4.76,2.21
64,-0.0014976,4.76,2.23
65,-0.0014960000000000002,4.76,2.23
66,-0.0014944000000000001,4.76,2.23
67,-0.0014928,4.8,2.23
68,-0.0014912,4.8,2.23
69,-0.0014896,4.8,2.25
70,-0.0014880000000000002,4.8,2.27
71,-0.0014864000000000001,4.84,2.27
72,-0.0014848,4.84,2.27
73,-0.0014832,4.84,2.27
74,-0.0014816,4.88,2.27
75,-0.00148,4.88,2.29
76,-0.0014784000000000002,4.88,2.29
77,-0.0014768000000000001,4.92,2.29
78,-0.0014752,4.88,2.29
79,-0.0014736,4.92,2.29
80,-0.001472,4.92,2.29
81,-0.0014704000000000002,4.96,2.31
82,-0.0014688000000000001,4.96,2.31
83,-0.0014672,4.96,2.33
84,-0.0014656,4.96,2.33
85,-0.001464,4.96,2.33
86,-0.0014624,5.0,2.33
87,-0.0014608000000000002,5.0,2.35
88,-0.0014592000000000001,0.08,1.95
89,-0.0014576,0.08,1.51
90,-0.001456,0.12,1.17
91,-0.0014544,0.12,0.91
92,-0.0014528000000000002,0.12,0.71
93,-0.0014512000000000001,0.16,0.5700000000000001
94,-0.0014496,0.16,0.47000000000000003
95,-0.001448,0.16,0.37
96,-0.0014464,0.16,0.29
97,-0.0014448,0.16,0.23
98,-0.0014432000000000002,0.16,0.19
99,-0.0014416000000000001,0.16,0.17
100,-0.00144,0.2,0.15
101,-0.0014384,0.2,0.15
102,-0.0014368,0.2,0.11
103,-0.0014352000000000002,0.2,0.11
104,-0.0014336000000000002,0.2,0.11
105,-0.0014320000000000001,0.2,0.11
106,-0.0014304,0.24,0.11
107,-0.0014288,0.24,0.09
108,-0.0014272,0.24,0.09
109,-0.0014256000000000002,0.28,0.11
110,-0.0014240000000000001,0.24,0.11
111,-0.0014224,0.28,0.11
112,-0.0014208,0.28,0.11
113,-0.0014192,0.28,0.11
114,-0.0014176000000000002,0.28,0.11
115,-0.0014160000000000002,0.32,0.13
116,-0.0014144000000000001,0.32,0.13
117,-0.0014128,0.36,0.13
118,-0.0014112,0.36,0.13
119,-0.0014096,0.36,0.15
120,-0.001408,0.36,0.15
121,-0.0014064000000000001,0.4,0.15
122,-0.0014048,0.4,0.15
123,-0.0014032,0.4,0.15
124,-0.0014016,0.4,0.17
125,-0.0014000000000000002,0.44,0.17
126,-0.0013984000000000002,0.44,0.19
127,-0.0013968000000000001,0.44,0.19
128,-0.0013952,0.44,0.19
129,-0.0013936,0.48,0.19
130,-0.001392,0.48,0.21
131,-0.0013904,0.48,0.21
132,-0.0013888000000000001,0.48,0.21
133,-0.0013872,0.52,0.21
134,-0.0013856,0.52,0.23
135,-0.001384,0.52,0.23
136,-0.0013824000000000002,0.52,0.23
137,-0.0013808000000000002,0.56,0.25
138,-0.0013792000000000001,0.56,0.23
139,-0.0013776,0.56,0.25
140,-0.001376,0.56,0.27
141,-0.0013744,0.6,0.27
142,-0.0013728,0.6,0.27
143,-0.0013712000000000002,0.6,0.27
144,-0.0013696000000000001,0.64,0.27
145,-0.001368,0.68,0.27
146,-0.0013664,0.64,0.29
147,-0.0013648,0.64,0.29
148,-0.0013632000000000002,0.68,0.31
149,-0.0013616000000000001,0.68,0.29
150,-0.00136,0.72,0.31
151,-0.0013584,0.68,0.31
152,-0.0013568,0.72,0.31
153,-0.0013552,0.72,0.33
154,-0.0013536000000000002,0.72,0.33
155,-0.0013520000000000001,0.76,0.33
156,-0.0013504,0.76,0.33
157,-0.0013488,0.76,0.35000000000000003
158,-0.0013472000000000002,0.76,0.35000000000000003
159,-0.0013456000000000002,0.8,0.35000000000000003
160,-0.0013440000000000001,0.8,0.35000000000000003
161,-0.0013424,0.84,0.37
162,-0.0013408,0.84,0.37
163,-0.0013392,0.84,0.39
164,-0.0013376,0.88,0.37
165,-0.0013360000000000002,0.84,0.37
166,-0.0013344000000000001,0.88,0.39
167,-0.0013328,0.88,0.39
168,-0.0013312,0.88,0.41000000000000003
169,-0.0013296,0.92,0.41000000000000003
170,-0.0013280000000000002,0.92,0.41000000000000003
171,-0.0013264000000000001,0.96,0.41000000000000003
172,-0.0013248000000000001,0.96,0.41000000000000003
173,-0.0013232,0.96,0.43
174,-0.0013216,0.96,0.43
175,-0.00132,1.0,0.43
176,-0.0013184,0.96,0.45
177,-0.0013168000000000001,1.0,0.45
178,-0.0013152,1.04,0.45
179,-0.0013136,1.0,0.45
180,-0.001312,1.04,0.45
181,-0.0013104000000000002,1.04,0.47000000000000003
182,-0.0013088000000000002,1.04,0.49
183,-0.0013072000000000001,1.04,0.47000000000000003
184,-0.0013056,1.08,0.49
185,-0.001304,1.12,0.51
186,-0.0013024,1.08,0.49
187,-0.0013008,1.12,0.49
188,-0.0012992000000000001,1.12,0.49
189,-0.0012976,1.12,0.51
190,-0.001296,1.16,0.51
191,-0.0012944,1.16,0.53
192,-0.0012928000000000002,1.2,0.51
193,-0.0012912000000000002,1.16,0.55
194,-0.0012896000000000001,1.2,0.53
195,-0.001288,1.2,0.55
196,-0.0012864,1.2,0.55
197,-0.0012848,1.2,0.55
198,-0.0012832,1.24,0.55
199,-0.0012816000000000001,1.24,0.5700000000000001
200,-0.00128,1.24,0.5700000000000001
201,-0.0012784,1.28,0.5700000000000001
202,-0.0012768,1.28,0.59
203,-0.0012752000000000002,1.28,0.5700000000000001
204,-0.0012736000000000002,1.28,0.59
205,-0.0012720000000000001,1.32,0.61
206,-0.0012704,1.32,0.61
207,-0.0012688,1.32,0.61
208,-0.0012672,1.36,0.61
209,-0.0012656,1.36,0.61
210,-0.0012640000000000001,1.36,0.63
211,-0.0012624000000000001,1.36,0.63
212,-0.0012608,1.4000000000000001,0.63
213,-0.0012592,1.4000000000000001,0.63
214,-0.0012576000000000002,1.4000000000000001,0.65
215,-0.0012560000000000002,1.44,0.65
216,-0.0012544000000000001,1.44,0.65
217,-0.0012528,1.44,0.67
218,-0.0012512,1.44,0.67
219,-0.0012496,1.48,0.67
220,-0.001248,1.48,0.67
221,-0.0012464000000000002,1.48,0.67
222,-0.0012448000000000001,1.52,0.6900000000000001
223,-0.0012432,1.52,0.6900000000000001
224,-0.0012416,1.52,0.6900000000000001
225,-0.0012400000000000002,1.56,0.6900000000000001
226,-0.0012384000000000002,1.56,0.71
227,-0.0012368000000000001,1.6,0.71
228,-0.0012352,1.6,0.71
229,-0.0012336,1.6,0.71
230,-0.001232,1.6,0.73
231,-0.0012304,1.6,0.73
232,-0.0012288000000000002,1.6400000000000001,0.75
233,-0.0012272000000000001,1.6400000000000001,0.75
234,-0.0012256,1.6400000000000001,0.75
235,-0.001224,1.68,0.75
236,-0.0012224000000000002,1.68,0.75
237,-0.0012208000000000002,1.68,0.77
238,-0.0012192000000000001,1.68,0.77
239,-0.0012176,1.68,0.77
240,-0.001216,1.72,0.77
241,-0.0012144,1.72,0.77
242,-0.0012128,1.72,0.79
243,-0.0012112000000000002,1.76,0.79
244,-0.0012096000000000001,1.76,0.79
245,-0.001208,1.8,0.79
246,-0.0012064,1.8,0.81
247,-0.0012048000000000002,1.76,0.81
248,-0.0012032000000000002,1.8,0.8300000000000001
249,-0.0012016000000000002,1.84,0.8300000000000001
250,-0.0012000000000000001,1.84,0.8300000000000001
251,-0.0011984,1.84,0.8300000000000001
252,-0.0011968,1.84,0.8300000000000001
253,-0.0011952,1.8800000000000001,0.8300000000000001
254,-0.0011936000000000002,1.8800000000000001,0.8300000000000001
255,-0.0011920000000000001,1.8800000000000001,0.85
256,-0.0011904,1.8800000000000001,0.85
257,-0.0011888,1.92,0.87
258,-0.0011872,1.92,0.87
259,-0.0011856000000000002,1.92,0.87
260,-0.0011840000000000002,1.92,0.87
261,-0.0011824000000000001,1.96,0.89
262,-0.0011808,1.96,0.89
263,-0.0011792,1.96,0.89
264,-0.0011776,2.0,0.89
265,-0.001176,2.0,0.91
266,-0.0011744000000000001,2.0,0.91
267,-0.0011728,2.0,0.91
268,-0.0011712,2.04,0.91
269,-0.0011696,2.08,0.93
270,-0.0011680000000000002,2.04,0.93
271,-0.0011664000000000002,2.04,0.9500000000000001
272,-0.0011648000000000001,2.08,0.93
273,-0.0011632,2.08,0.9500000000000001
274,-0.0011616,2.08,0.9500000000000001
275,-0.00116,2.12,0.97
276,-0.0011584,2.12,0.97
277,-0.0011568000000000001,2.12,0.97
278,-0.0011552,2.16,0.99
279,-0.0011536,2.12,0.97
280,-0.001152,2.16,0.99
281,-0.0011504000000000002,2.16,0.99
282,-0.0011488000000000002,2.16,0.99
283,-0.0011472000000000001,2.2,1.01
284,-0.0011456,2.2,1.01
285,-0.001144,2.24,1.03
286,-0.0011424,2.24,1.01
287,-0.0011408,2.2800000000000002,1.03
288,-0.0011392000000000002,2.24,1.03
289,-0.0011376000000000001,2.2800000000000002,1.03
290,-0.001136,2.2800000000000002,1.03
291,-0.0011344,2.2800000000000002,1.05
292,-0.0011328000000000002,2.32,1.05
293,-0.0011312000000000002,2.2800000000000002,1.05
294,-0.0011296000000000001,2.32,1.07
295,-0.001128,2.32,1.07
296,-0.0011264,2.36,1.07
297,-0.0011248,2.36,1.07
298,-0.0011232,2.36,1.07
299,-0.0011216000000000002,2.36,1.09
300,-0.0011200000000000001,2.4,1.09
301,-0.0011184,2.44,1.11
302,-0.0011168,2.4,1.11
303,-0.0011152000000000002,2.44,1.11
304,-0.0011136000000000002,2.44,1.11
305,-0.0011120000000000001,2.44,1.11
306,-0.0011104,2.44,1.1300000000000001
307,-0.0011088,2.48,1.1300000000000001
308,-0.0011072,2.48,1.1300000000000001
309,-0.0011056,2.48,1.1300000000000001
310,-0.001104,2.48,1.1500000000000001
311,-0.0011024000000000001,2.48,1.17
312,-0.0011008,2.52,1.1500000000000001
313,-0.0010992,2.52,1.17
314,-0.0010976000000000002,2.52,1.17
315,-0.0010960000000000002,2.52,1.17
316,-0.0010944000000000001,2.56,1.19
317,-0.0010928,2.56,1.17
318,-0.0010912,2.6,1.17
319,-0.0010896,2.6,1.19
320,-0.001088,2.64,1.19
321,-0.0010864,2.6,1.19
322,-0.0010848000000000001,2.6,1.21
323,-0.0010832,2.64,1.21
324,-0.0010816,2.64,1.21
325,-0.0010800000000000002,2.64,1.23
326,-0.0010784000000000002,2.68,1.23
327,-0.0010768000000000002,2.68,1.23
328,-0.0010752000000000001,2.68,1.23
329,-0.0010736,2.68,1.25
330,-0.001072,2.72,1.25
331,-0.0010704,2.72,1.25
332,-0.0010688,2.72,1.25
333,-0.0010672000000000001,2.7600000000000002,1.27
334,-0.0010656,2.7600000000000002,1.27
335,-0.001064,2.7600000000000002,1.27
336,-0.0010624000000000002,2.8000000000000003,1.27
337,-0.0010608000000000002,2.8000000000000003,1.29
338,-0.0010592000000000002,2.84,1.31
339,-0.0010576000000000001,2.8000000000000003,1.29
340,-0.001056,2.84,1.31
341,-0.0010544,2.84,1.29
342,-0.0010528,2.84,1.31
343,-0.0010512,2.88,1.33
344,-0.0010496000000000001,2.88,1.33
345,-0.001048,2.92,1.35
346,-0.0010464,2.88,1.33
347,-0.0010448000000000002,2.92,1.35
348,-0.0010432000000000002,2.92,1.35
349,-0.0010416000000000002,2.92,1.35
350,-0.0010400000000000001,2.96,1.35
351,-0.0010384,2.96,1.35
352,-0.0010368,2.96,1.37
353,-0.0010352,3.0,1.37
354,-0.0010336,3.0,1.37
355,-0.0010320000000000001,3.0,1.3900000000000001
356,-0.0010304000000000001,3.04,1.3900000000000001
357,-0.0010288,3.04,1.3900000000000001
358,-0.0010272000000000002,3.04,1.3900000000000001
359,-0.0010256000000000002,3.04,1.41
360,-0.0010240000000000002,3.04,1.41
361,-0.0010224000000000001,3.08,1.41
362,-0.0010208,3.08,1.41
363,-0.0010192,3.08,1.43
364,-0.0010176,3.08,1.43
365,-0.001016,3.12,1.43
366,-0.0010144000000000002,3.12,1.43
367,-0.0010128000000000001,3.12,1.45
368,-0.0010112,3.16,1.45
369,-0.0010096000000000003,3.16,1.47
370,-0.0010080000000000002,3.16,1.47
371,-0.0010064000000000002,3.16,1.47
372,-0.0010048000000000001,3.2,1.49
373,-0.0010032,3.2,1.49
374,-0.0010016,3.2,1.49
375,-0.001,3.2,1.49
376,-0.0009984,3.24,1.49
377,-0.0009968,3.24,1.51
378,-0.0009952000000000001,3.2800000000000002,1.51
379,-0.0009936,3.2800000000000002,1.51
380,-0.0009920000000000003,3.2800000000000002,1.53
381,-0.0009904000000000002,3.2800000000000002,1.53
382,-0.0009888000000000002,3.2800000000000002,1.53
383,-0.0009872000000000001,3.36,1.53
384,-0.0009856,3.3200000000000003,1.55
385,-0.000984,3.36,1.55
386,-0.0009824,3.36,1.55
387,-0.0009808,3.36,1.55
388,-0.0009792,3.36,1.55
389,-0.0009776000000000001,3.4,1.57
390,-0.0009760000000000001,3.4,1.57
391,-0.0009744000000000002,3.4,1.57
392,-0.0009728000000000001,3.4,1.59
393,-0.0009712000000000001,3.44,1.57
394,-0.0009696000000000001,3.48,1.59
395,-0.0009680000000000001,3.48,1.59
396,-0.0009664000000000001,3.48,1.61
397,-0.0009648000000000001,3.44,1.61
398,-0.0009632000000000001,3.48,1.61
399,-0.0009616000000000001,3.48,1.61
400,-0.0009600000000000001,3.52,1.61
401,-0.0009584000000000001,3.52,1.6300000000000001
402,-0.0009568000000000001,3.52,1.6300000000000001
403,-0.0009552000000000001,3.52,1.6300000000000001
404,-0.0009536000000000001,3.52,1.6500000000000001
405,-0.0009520000000000002,3.56,1.6500000000000001
406,-0.0009504000000000001,3.56,1.67
407,-0.0009488000000000001,3.6,1.6500000000000001
408,-0.0009472000000000001,3.6,1.67
409,-0.0009456000000000001,3.6,1.67
410,-0.0009440000000000001,3.6,1.69
411,-0.0009424000000000001,3.64,1.69
412,-0.0009408000000000001,3.68,1.69
413,-0.0009392000000000001,3.64,1.69
414,-0.0009376000000000001,3.68,1.69
415,-0.0009360000000000001,3.68,1.71
416,-0.0009344000000000002,3.68,1.71
417,-0.0009328000000000001,3.68,1.73
418,-0.0009312000000000001,3.72,1.73
419,-0.0009296000000000002,3.72,1.73
420,-0.0009280000000000001,3.7600000000000002,1.73
421,-0.0009264000000000001,3.7600000000000002,1.73
422,-0.0009248000000000001,3.7600000000000002,1.75
423,-0.0009232000000000001,3.7600000000000002,1.75
424,-0.0009216000000000001,3.7600000000000002,1.75
425,-0.0009200000000000001,3.7600000000000002,1.77
426,-0.0009184000000000001,3.7600000000000002,1.77
427,-0.0009168000000000001,3.8000000000000003,1.77
428,-0.0009152000000000001,3.8000000000000003,1.77
429,-0.0009136000000000001,3.84,1.77
430,-0.0009120000000000002,3.84,1.79
431,-0.0009104000000000001,3.88,1.79
432,-0.0009088000000000001,3.88,1.79
433,-0.0009072000000000002,3.88,1.81
434,-0.0009056000000000001,3.92,1.81
435,-0.0009040000000000001,3.88,1.81
436,-0.0009024000000000001,3.88,1.81
437,-0.0009008000000000001,3.92,1.83
438,-0.0008992000000000001,3.96,1.83
439,-0.0008976000000000001,3.96,1.83
440,-0.0008960000000000001,3.92,1.85
441,-0.0008944000000000001,3.96,1.85
442,-0.0008928000000000001,3.96,1.85
443,-0.0008912000000000001,4.0,1.85
444,-0.0008896000000000002,4.0,1.85
445,-0.0008880000000000001,4.0,1.87
446,-0.0008864000000000001,4.0,1.8900000000000001
447,-0.0008848000000000001,4.0,1.8900000000000001
448,-0.0008832000000000001,4.0,1.8900000000000001
449,-0.0008816000000000001,4.04,1.8900000000000001
450,-0.0008800000000000001,4.04,1.8900000000000001
451,-0.0008784000000000001,4.08,1.9100000000000001
452,-0.0008768000000000001,4.08,1.9100000000000001
453,-0.0008752000000000001,4.12,1.9100000000000001
454,-0.0008736000000000001,4.08,1.9100000000000001
455,-0.0008720000000000002,4.12,1.93
456,-0.0008704000000000001,4.12,1.93
457,-0.0008688000000000001,4.12,1.93
458,-0.0008672000000000002,4.16,1.93
459,-0.0008656000000000001,4.16,1.95
460,-0.0008640000000000001,4.16,1.95
461,-0.0008624000000000001,4.2,1.95
462,-0.0008608000000000001,4.2,1.97
463,-0.0008592000000000001,4.2,1.97
464,-0.0008576000000000001,4.2,1.97
465,-0.0008560000000000001,4.2,1.97
466,-0.0008544000000000001,4.24,1.99
467,-0.0008528000000000001,4.24,1.99
468,-0.0008512000000000001,4.28,1.99
469,-0.0008496000000000002,4.28,2.0100000000000002
470,-0.0008480000000000001,4.28,2.0100000000000002
471,-0.0008464000000000001,4.32,2.0100000000000002
472,-0.0008448000000000002,4.28,2.0100000000000002
473,-0.0008432000000000001,4.32,2.0100000000000002
474,-0.0008416000000000001,4.32,2.0300000000000002
475,-0.0008400000000000001,4.32,2.0300000000000002
476,-0.0008384000000000001,4.36,2.0300000000000002
477,-0.0008368000000000001,4.36,2.05
478,-0.0008352000000000001,4.36,2.05
479,-0.0008336000000000001,4.36,2.05
480,-0.0008320000000000001,4.44,2.05
481,-0.0008304000000000001,4.4,2.07
482,-0.0008288000000000001,4.44,2.07
483,-0.0008272000000000002,4.4,2.07
484,-0.0008256000000000001,4.44,2.09
485,-0.0008240000000000001,4.48,2.09
486,-0.0008224000000000001,4.48,2.11
487,-0.0008208000000000001,4.48,2.09
488,-0.0008192000000000001,4.5200000000000005,2.11
489,-0.0008176000000000001,4.5200000000000005,2.11
490,-0.0008160000000000001,4.5200000000000005,2.11
491,-0.0008144000000000001,4.5200000000000005,2.11
492,-0.0008128000000000001,4.5200000000000005,2.13
493,-0.0008112000000000001,4.5200000000000005,2.13
494,-0.0008096000000000002,4.5600000000000005,2.15
495,-0.0008080000000000001,4.5600000000000005,2.15
496,-0.0008064000000000001,4.6000000000000005,2.15
497,-0.0008048000000000002,4.6000000000000005,2.15
498,-0.0008032000000000001,4.6000000000000005,2.15
499,-0.0008016000000000001,4.6000000000000005,2.15
500,-0.0008000000000000001,4.64,2.17
501,-0.0007984000000000001,4.64,2.17
502,-0.0007968000000000001,4.64,2.17
503,-0.0007952000000000001,4.68,2.17
504,-0.0007936000000000001,4.68,2.17
505,-0.0007920000000000001,4.68,2.19
506,-0.0007904000000000001,4.68,2.19
507,-0.0007888000000000001,4.68,2.19
508,-0.0007872000000000002,4.72,2.21
509,-0.0007856000000000001,4.72,2.21
510,-0.0007840000000000001,4.72,2.23
511,-0.0007824000000000002,4.72,2.21
512,-0.0007808000000000001,4.76,2.23
513,-0.0007792000000000001,4.76,2.23
514,-0.0007776000000000001,4.76,2.23
515,-0.0007760000000000001,4.8,2.25
516,-0.0007744000000000001,4.8,2.25
517,-0.0007728000000000001,4.8,2.25
518,-0.0007712000000000001,4.8,2.27
519,-0.0007696000000000002,4.84,2.27
520,-0.0007680000000000001,4.84,2.27
521,-0.0007664000000000001,4.88,2.27
522,-0.0007648000000000002,4.88,2.27
523,-0.0007632000000000001,4.88,2.29
524,-0.0007616000000000001,4.88,2.29
525,-0.0007600000000000002,4.88,2.31
526,-0.0007584000000000001,4.92,2.31
527,-0.0007568000000000001,4.92,2.31
528,-0.0007552000000000001,4.96,2.31
529,-0.0007536000000000001,4.96,2.31
530,-0.0007520000000000001,4.96,2.33
531,-0.0007504000000000001,4.96,2.33
532,-0.0007488000000000001,5.0,2.33
533,-0.0007472000000000002,5.0,2.33
534,-0.0007456000000000001,5.0,2.17
535,-0.0007440000000000001,0.12,1.69
536,-0.0007424000000000002,0.12,1.31
537,-0.0007408000000000001,0.08,1.01
538,-0.0007392000000000001,0.12,0.79
539,-0.0007376000000000001,0.12,0.63
540,-0.0007360000000000001,0.12,0.49
541,-0.0007344000000000001,0.16,0.39
542,-0.0007328000000000001,0.16,0.31
543,-0.0007312000000000001,0.16,0.27
544,-0.0007296000000000002,0.16,0.21
545,-0.0007280000000000001,0.16,0.19
546,-0.0007264000000000001,0.16,0.15
547,-0.0007248000000000002,0.16,0.15
548,-0.0007232000000000001,0.16,0.11
549,-0.0007216000000000001,0.2,0.11
550,-0.0007200000000000002,0.2,0.11
551,-0.0007184000000000001,0.2,0.11
552,-0.0007168000000000001,0.24,0.09
553,-0.0007152000000000001,0.24,0.09
554,-0.0007136000000000001,0.24,0.11
555,-0.0007120000000000001,0.28,0.11
556,-0.0007104000000000001,0.28,0.09
557,-0.0007088000000000001,0.24,0.11
558,-0.0007072000000000002,0.28,0.11
559,-0.0007056000000000001,0.28,0.13
560,-0.0007040000000000001,0.32,0.11
561,-0.0007024000000000002,0.32,0.13
562,-0.0007008000000000001,0.32,0.13
563,-0.0006992000000000001,0.36,0.13
564,-0.0006976000000000002,0.36,0.13
565,-0.0006960000000000001,0.36,0.15
566,-0.0006944000000000001,0.4,0.13
567,-0.0006928000000000001,0.4,0.17
568,-0.0006912000000000001,0.4,0.15
569,-0.0006896000000000001,0.4,0.17
570,-0.0006880000000000001,0.4,0.17
571,-0.0006864000000000001,0.44,0.17
572,-0.0006848000000000002,0.44,0.17
573,-0.0006832000000000001,0.44,0.19
574,-0.0006816000000000001,0.44,0.19
575,-0.0006800000000000002,0.44,0.19
576,-0.0006784000000000001,0.44,0.19
577,-0.0006768000000000001,0.48,0.21
578,-0.0006752000000000001,0.48,0.21
579,-0.0006736000000000001,0.48,0.23
580,-0.0006720000000000001,0.52,0.21
581,-0.0006704000000000001,0.52,0.23
582,-0.0006688000000000001,0.52,0.23
583,-0.0006672000000000002,0.52,0.23
584,-0.0006656000000000001,0.56,0.23
585,-0.0006640000000000001,0.56,0.25
586,-0.0006624000000000002,0.6,0.25
587,-0.0006608000000000001,0.56,0.25
588,-0.0006592000000000001,0.64,0.27
589,-0.0006576000000000002,0.6,0.25
590,-0.0006560000000000001,0.6,0.27
591,-0.0006544000000000001,0.68,0.29
592,-0.0006528000000000001,0.64,0.27
593,-0.0006512000000000001,0.64,0.29
594,-0.0006496000000000001,0.64,0.29
595,-0.0006480000000000001,0.72,0.31
596,-0.0006464000000000001,0.68,0.31
597,-0.0006448000000000002,0.72,0.33
598,-0.0006432000000000001,0.72,0.31
599,-0.0006416000000000001,0.72,0.31
600,-0.0006400000000000002,0.76,0.31
601,-0.0006384000000000001,0.76,0.33
602,-0.0006368000000000001,0.76,0.35000000000000003
603,-0.0006352000000000002,0.76,0.35000000000000003
604,-0.0006336000000000001,0.76,0.35000000000000003
605,-0.0006320000000000001,0.8,0.35000000000000003
606,-0.0006304000000000001,0.8,0.37
607,-0.0006288000000000001,0.84,0.35000000000000003
608,-0.0006272000000000001,0.8,0.37
609,-0.0006256000000000001,0.84,0.37
610,-0.0006240000000000001,0.88,0.39
611,-0.0006224000000000002,0.84,0.39
612,-0.0006208000000000001,0.84,0.39
613,-0.0006192000000000001,0.88,0.39
614,-0.0006176,0.92,0.39
615,-0.0006160000000000002,0.92,0.41000000000000003
616,-0.0006144000000000002,0.88,0.41000000000000003
617,-0.0006128000000000002,0.92,0.41000000000000003
618,-0.0006112000000000001,0.92,0.43
619,-0.0006096000000000001,0.96,0.43
620,-0.000608,0.96,0.43
621,-0.0006064000000000002,0.96,0.43
622,-0.0006048000000000002,1.0,0.45
623,-0.0006032000000000001,1.0,0.45
624,-0.0006016000000000001,1.0,0.45
625,-0.0006000000000000001,1.04,0.45
626,-0.0005984,1.04,0.45
627,-0.0005968000000000002,1.04,0.47000000000000003
628,-0.0005952000000000002,1.04,0.47000000000000003
629,-0.0005936000000000001,1.08,0.47000000000000003
630,-0.0005920000000000001,1.08,0.47000000000000003
631,-0.0005904,1.08,0.49
632,-0.0005888000000000002,1.12,0.51
633,-0.0005872000000000002,1.12,0.49
634,-0.0005856000000000001,1.12,0.49
635,-0.0005840000000000001,1.16,0.53
636,-0.0005824000000000001,1.16,0.51
637,-0.0005808,1.16,0.53
638,-0.0005792000000000002,1.2,0.53
639,-0.0005776000000000002,1.2,0.53
640,-0.0005760000000000001,1.2,0.53
641,-0.0005744000000000001,1.16,0.53
642,-0.0005728,1.2,0.55
643,-0.0005712000000000002,1.24,0.55
644,-0.0005696000000000002,1.2,0.55
645,-0.0005680000000000001,1.24,0.5700000000000001
646,-0.0005664000000000001,1.24,0.5700000000000001
647,-0.0005648000000000001,1.28,0.5700000000000001
648,-0.0005632,1.28,0.59
649,-0.0005616000000000002,1.28,0.5700000000000001
650,-0.0005600000000000002,1.28,0.59
651,-0.0005584000000000001,1.32,0.61
652,-0.0005568000000000001,1.32,0.59
653,-0.0005552,1.32,0.61
654,-0.0005536000000000002,1.32,0.61
655,-0.0005520000000000002,1.36,0.61
656,-0.0005504000000000002,1.36,0.61
657,-0.0005488000000000001,1.36,0.63
658,-0.0005472000000000001,1.4000000000000001,0.63
659,-0.0005456,1.36,0.63
660,-0.0005440000000000002,1.44,0.63
661,-0.0005424000000000002,1.4000000000000001,0.63
662,-0.0005408000000000001,1.4000000000000001,0.65
663,-0.0005392000000000001,1.44,0.67
664,-0.0005376000000000001,1.44,0.67
665,-0.000536,1.48,0.67
666,-0.0005344000000000002,1.48,0.67
667,-0.0005328000000000002,1.48,0.67
668,-0.0005312000000000001,1.48,0.6900000000000001
669,-0.0005296000000000001,1.52,0.6900000000000001
670,-0.000528,1.52,0.6900000000000001
671,-0.0005264000000000002,1.52,0.6900000000000001
672,-0.0005248000000000002,1.52,0.71
673,-0.0005232000000000001,1.56,0.71
674,-0.0005216000000000001,1.6,0.71
675,-0.0005200000000000001,1.56,0.73
676,-0.0005184,1.6,0.73
677,-0.0005168000000000002,1.6,0.73
678,-0.0005152000000000002,1.6400000000000001,0.73
679,-0.0005136000000000001,1.6400000000000001,0.73
680,-0.0005120000000000001,1.6400000000000001,0.75
681,-0.0005104,1.68,0.75
682,-0.0005088000000000002,1.6400000000000001,0.75
683,-0.0005072000000000002,1.68,0.75
684,-0.0005056000000000001,1.68,0.77
685,-0.0005040000000000001,1.68,0.77
686,-0.0005024000000000001,1.68,0.77
687,-0.0005008,1.76,0.77
688,-0.0004992000000000002,1.76,0.79
689,-0.0004976000000000002,1.76,0.79
690,-0.0004960000000000001,1.76,0.79
691,-0.0004944000000000001,1.76,0.79
692,-0.0004928,1.76,0.8300000000000001
693,-0.0004912000000000002,1.8,0.81
694,-0.0004896000000000002,1.84,0.81
695,-0.00048800000000000015,1.8,0.8300000000000001
696,-0.0004864000000000001,1.8,0.8300000000000001
697,-0.0004848000000000001,1.84,0.8300000000000001
698,-0.00048320000000000004,1.84,0.8300000000000001
699,-0.0004816000000000002,1.84,0.8300000000000001
700,-0.0004800000000000002,1.84,0.85
701,-0.00047840000000000014,1.92,0.85
702,-0.0004768000000000001,1.8800000000000001,0.85
703,-0.00047520000000000006,1.8800000000000001,0.85
704,-0.0004736,1.92,0.87
705,-0.0004720000000000002,1.92,0.87
706,-0.00047040000000000016,1.96,0.89
707,-0.0004688000000000001,1.96,0.89
708,-0.0004672000000000001,1.96,0.89
709,-0.00046560000000000004,1.96,0.89
710,-0.0004640000000000002,2.0,0.91
711,-0.0004624000000000002,2.0,0.91
712,-0.00046080000000000014,2.0,0.91
713,-0.0004592000000000001,2.04,0.91
714,-0.00045760000000000006,2.0,0.93
715,-0.000456,2.04,0.91
716,-0.0004544000000000002,2.04,0.93
717,-0.00045280000000000016,2.04,0.93
718,-0.0004512000000000001,2.08,0.9500000000000001
719,-0.0004496000000000001,2.08,0.9500000000000001
720,-0.00044800000000000005,2.08,0.9500000000000001
721,-0.0004464000000000002,2.12,0.9500000000000001
722,-0.0004448000000000002,2.12,0.97
723,-0.00044320000000000015,2.12,0.97
724,-0.0004416000000000001,2.12,0.97
725,-0.00044000000000000007,2.16,0.99
726,-0.00043840000000000003,2.16,0.99
727,-0.0004368000000000002,2.16,0.99
728,-0.00043520000000000017,2.2,0.99
729,-0.00043360000000000013,2.2,0.99
730,-0.0004320000000000001,2.2,0.99
731,-0.00043040000000000005,2.2,1.01
732,-0.00042880000000000023,2.24,1.03
733,-0.0004272000000000002,2.24,1.01
734,-0.00042560000000000015,2.24,1.03
735,-0.0004240000000000001,2.2800000000000002,1.03
736,-0.0004224000000000001,2.2800000000000002,1.05
737,-0.00042080000000000004,2.32,1.03
738,-0.0004192000000000002,2.2800000000000002,1.05
739,-0.0004176000000000002,2.32,1.05
740,-0.00041600000000000014,2.36,1.05
741,-0.0004144000000000001,2.32,1.05
742,-0.00041280000000000006,2.32,1.07
743,-0.00041120000000000024,2.36,1.07
744,-0.0004096000000000002,2.36,1.09
745,-0.00040800000000000016,2.36,1.09
746,-0.0004064000000000001,2.36,1.09
747,-0.0004048000000000001,2.36,1.09
748,-0.00040320000000000004,2.4,1.09
749,-0.0004016000000000002,2.44,1.09
750,-0.0004000000000000002,2.4,1.11
751,-0.00039840000000000014,2.44,1.11
752,-0.0003968000000000001,2.44,1.11
753,-0.00039520000000000007,2.48,1.1300000000000001
754,-0.0003936,2.48,1.1300000000000001
755,-0.0003920000000000002,2.48,1.1300000000000001
756,-0.00039040000000000017,2.48,1.1500000000000001
757,-0.0003888000000000001,2.48,1.1500000000000001
758,-0.0003872000000000001,2.52,1.17
759,-0.00038560000000000005,2.52,1.17
760,-0.0003840000000000002,2.56,1.1500000000000001
761,-0.0003824000000000002,2.52,1.1500000000000001
762,-0.00038080000000000015,2.56,1.17
763,-0.0003792000000000001,2.56,1.17
764,-0.00037760000000000007,2.56,1.17
765,-0.00037600000000000003,2.56,1.19
766,-0.0003744000000000002,2.6,1.21
767,-0.00037280000000000017,2.6,1.21
768,-0.00037120000000000013,2.64,1.21
769,-0.0003696000000000001,2.64,1.21
770,-0.00036800000000000005,2.64,1.21
771,-0.00036640000000000023,2.64,1.21
772,-0.0003648000000000002,2.68,1.23
773,-0.00036320000000000015,2.68,1.23
774,-0.0003616000000000001,2.68,1.23
775,-0.0003600000000000001,2.68,1.23
776,-0.00035840000000000004,2.72,1.25
777,-0.0003568000000000002,2.72,1.27
778,-0.0003552000000000002,2.72,1.25
779,-0.00035360000000000014,2.7600000000000002,1.25
780,-0.0003520000000000001,2.8000000000000003,1.27
781,-0.00035040000000000006,2.8000000000000003,1.27
782,-0.00034880000000000024,2.8000000000000003,1.27
783,-0.0003472000000000002,2.8000000000000003,1.29
784,-0.00034560000000000016,2.8000000000000003,1.29
785,-0.0003440000000000001,2.8000000000000003,1.29
786,-0.0003424000000000001,2.84,1.29
787,-0.00034080000000000004,2.84,1.31
788,-0.0003392000000000002,2.84,1.31
789,-0.0003376000000000002,2.88,1.31
790,-0.00033600000000000014,2.88,1.33
791,-0.0003344000000000001,2.88,1.33
792,-0.00033280000000000007,2.88,1.33
793,-0.00033120000000000003,2.92,1.33
794,-0.0003296000000000002,2.92,1.35
795,-0.00032800000000000017,2.92,1.35
796,-0.00032640000000000013,2.96,1.35
797,-0.0003248000000000001,2.96,1.37
798,-0.00032320000000000005,2.96,1.37
799,-0.00032160000000000023,3.0,1.37
800,-0.0003200000000000002,3.0,1.37
801,-0.00031840000000000015,3.0,1.3900000000000001
802,-0.0003168000000000001,3.0,1.3900000000000001
803,-0.00031520000000000007,3.0,1.3900000000000001
804,-0.00031360000000000003,3.04,1.3900000000000001
805,-0.0003120000000000002,3.04,1.41
806,-0.00031040000000000017,3.08,1.41
807,-0.00030880000000000013,3.08,1.41
808,-0.0003072000000000001,3.08,1.41
809,-0.00030560000000000006,3.08,1.41
810,-0.00030400000000000023,3.08,1.43
811,-0.0003024000000000002,3.12,1.43
812,-0.00030080000000000016,3.12,1.43
813,-0.0002992000000000001,3.12,1.43
814,-0.0002976000000000001,3.16,1.45
815,-0.00029600000000000004,3.16,1.45
816,-0.0002944000000000002,3.16,1.47
817,-0.0002928000000000002,3.2,1.45
818,-0.00029120000000000014,3.2,1.47
819,-0.0002896000000000001,3.2,1.47
820,-0.00028800000000000006,3.2,1.49
821,-0.00028640000000000024,3.24,1.49
822,-0.0002848000000000002,3.24,1.49
823,-0.00028320000000000016,3.24,1.49
824,-0.0002816000000000001,3.24,1.49
825,-0.0002800000000000001,3.2800000000000002,1.51
826,-0.00027840000000000005,3.2800000000000002,1.51
827,-0.0002768000000000002,3.2800000000000002,1.53
828,-0.0002752000000000002,3.3200000000000003,1.53
829,-0.00027360000000000015,3.3200000000000003,1.53
830,-0.0002720000000000001,3.3200000000000003,1.53
831,-0.00027040000000000007,3.3200000000000003,1.55
832,-0.00026880000000000025,3.36,1.55
833,-0.0002672000000000002,3.36,1.55
834,-0.00026560000000000017,3.36,1.57
835,-0.00026400000000000013,3.4,1.57
836,-0.0002624000000000001,3.44,1.57
837,-0.00026080000000000005,3.4,1.57
838,-0.00025920000000000023,3.44,1.59
839,-0.0002576000000000002,3.44,1.59
840,-0.00025600000000000015,3.48,1.59
841,-0.0002544000000000001,3.44,1.61
842,-0.0002528000000000001,3.48,1.59
843,-0.00025120000000000003,3.44,1.61
844,-0.0002496000000000002,3.48,1.6300000000000001
845,-0.0002480000000000002,3.48,1.61
846,-0.00024640000000000013,3.48,1.6300000000000001
847,-0.0002448000000000001,3.52,1.6300000000000001
848,-0.00024320000000000006,3.52,1.6300000000000001
849,-0.00024160000000000023,3.56,1.6500000000000001
850,-0.0002400000000000002,3.56,1.6500000000000001
851,-0.00023840000000000016,3.56,1.6500000000000001
852,-0.00023680000000000012,3.56,1.6500000000000001
853,-0.00023520000000000008,3.6,1.6500000000000001
854,-0.00023360000000000004,3.6,1.67
855,-0.00023200000000000022,3.6,1.67
856,-0.00023040000000000018,3.64,1.67
857,-0.00022880000000000014,3.64,1.67
858,-0.0002272000000000001,3.64,1.69
859,-0.00022560000000000006,3.64,1.69
860,-0.00022400000000000024,3.68,1.69
861,-0.0002224000000000002,3.68,1.71
862,-0.00022080000000000016,3.68,1.71
863,-0.00021920000000000012,3.68,1.71
864,-0.00021760000000000009,3.68,1.73
865,-0.00021600000000000005,3.72,1.73
866,-0.00021440000000000022,3.72,1.73
867,-0.00021280000000000019,3.72,1.73
868,-0.00021120000000000015,3.72,1.75
869,-0.0002096000000000001,3.7600000000000002,1.75
870,-0.00020800000000000007,3.7600000000000002,1.77
871,-0.00020640000000000025,3.8000000000000003,1.75
872,-0.0002048000000000002,3.8000000000000003,1.77
873,-0.00020320000000000017,3.8000000000000003,1.77
874,-0.00020160000000000013,3.84,1.77
875,-0.0002000000000000001,3.8000000000000003,1.77
876,-0.00019840000000000005,3.84,1.79
877,-0.00019680000000000023,3.84,1.79
878,-0.0001952000000000002,3.88,1.79
879,-0.00019360000000000015,3.88,1.81
880,-0.0001920000000000001,3.88,1.81
881,-0.00019040000000000007,3.88,1.83
882,-0.00018880000000000004,3.88,1.81
883,-0.0001872000000000002,3.92,1.83
884,-0.00018560000000000017,3.92,1.83
885,-0.00018400000000000014,3.92,1.83
886,-0.0001824000000000001,3.96,1.85
887,-0.00018080000000000006,3.96,1.85
888,-0.00017920000000000024,3.96,1.85
889,-0.0001776000000000002,4.0,1.85
890,-0.00017600000000000016,4.0,1.87
891,-0.00017440000000000012,4.0,1.87
892,-0.00017280000000000008,4.0,1.87
893,-0.00017120000000000004,4.0,1.8900000000000001
894,-0.00016960000000000022,4.04,1.8900000000000001
895,-0.00016800000000000018,4.04,1.8900000000000001
896,-0.00016640000000000014,4.04,1.8900000000000001
897,-0.0001648000000000001,4.04,1.9100000000000001
898,-0.00016320000000000006,4.08,1.9100000000000001
899,-0.00016160000000000024,4.08,1.9100000000000001
900,-0.0001600000000000002,4.08,1.93
901,-0.00015840000000000016,4.12,1.93
902,-0.00015680000000000013,4.12,1.93
903,-0.00015520000000000009,4.12,1.93
904,-0.00015360000000000005,4.16,1.95
905,-0.00015200000000000023,4.16,1.93
906,-0.00015040000000000019,4.16,1.95
907,-0.00014880000000000015,4.2,1.95
908,-0.0001472000000000001,4.2,1.95
909,-0.00014560000000000007,4.2,1.97
910,-0.00014400000000000025,4.2,1.99
911,-0.0001424000000000002,4.2,1.97
912,-0.00014080000000000017,4.2,1.97
913,-0.00013920000000000013,4.24,2.0100000000000002
914,-0.0001376000000000001,4.24,1.99
915,-0.00013600000000000005,4.28,2.0100000000000002
916,-0.00013440000000000023,4.28,1.99
917,-0.0001328000000000002,4.28,2.0100000000000002
918,-0.00013120000000000015,4.32,2.0300000000000002
919,-0.00012960000000000011,4.32,2.0300000000000002
920,-0.00012800000000000008,4.32,2.0100000000000002
921,-0.00012640000000000004,4.32,2.0300000000000002
922,-0.00012480000000000021,4.32,2.0300000000000002
923,-0.00012320000000000018,4.36,2.0300000000000002
924,-0.00012160000000000014,4.36,2.05
925,-0.0001200000000000001,4.4,2.05
926,-0.00011840000000000006,4.4,2.05
927,-0.00011680000000000024,4.4,2.07
928,-0.0001152000000000002,4.4,2.07
929,-0.00011360000000000016,4.44,2.07
930,-0.00011200000000000012,4.44,2.07
931,-0.00011040000000000008,4.44,2.09
932,-0.00010880000000000004,4.44,2.09
933,-0.00010720000000000022,4.48,2.09
934,-0.00010560000000000018,4.48,2.09
935,-0.00010400000000000014,4.48,2.09
936,-0.0001024000000000001,4.5200000000000005,2.11
937,-0.00010080000000000006,4.48,2.11
938,-9.920000000000024e-05,4.5200000000000005,2.13
939,-9.76000000000002e-05,4.5600000000000005,2.13
940,-9.600000000000017e-05,4.5600000000000005,2.13
941,-9.440000000000013e-05,4.5600000000000005,2.13
942,-9.280000000000009e-05,4.6000000000000005,2.15
943,-9.120000000000005e-05,4.5600000000000005,2.15
944,-8.960000000000023e-05,4.5600000000000005,2.15
945,-8.800000000000019e-05,4.6000000000000005,2.15
946,-8.640000000000015e-05,4.64,2.15
947,-8.480000000000011e-05,4.64,2.17
948,-8.320000000000007e-05,4.64,2.19
949,-8.160000000000025e-05,4.64,2.17
950,-8.000000000000021e-05,4.64,2.19
951,-7.840000000000017e-05,4.68,2.19
952,-7.680000000000013e-05,4.68,2.19
953,-7.520000000000009e-05,4.72,2.19
954,-7.360000000000005e-05,4.72,2.21
955,-7.200000000000023e-05,4.72,2.21
956,-7.04000000000002e-05,4.72,2.21
957,-6.880000000000015e-05,4.76,2.23
958,-6.720000000000012e-05,4.76,2.23
959,-6.560000000000008e-05,4.8,2.23
960,-6.400000000000004e-05,4.76,2.23
961,-6.240000000000022e-05,4.8,2.25
962,-6.080000000000018e-05,4.8,2.25
963,-5.920000000000014e-05,4.84,2.25
964,-5.76000000000001e-05,4.8,2.25
965,-5.600000000000006e-05,4.84,2.27
966,-5.440000000000024e-05,4.84,2.27
967,-5.28000000000002e-05,4.84,2.27
968,-5.120000000000016e-05,4.88,2.27
969,-4.960000000000012e-05,4.88,2.29
970,-4.800000000000008e-05,4.88,2.29
971,-4.6400000000000044e-05,4.92,2.29
972,-4.480000000000022e-05,4.92,2.29
973,-4.320000000000018e-05,4.92,2.29
974,-4.1600000000000144e-05,4.92,2.31
975,-4.0000000000000105e-05,4.92,2.31
976,-3.8400000000000066e-05,4.96,2.33
977,-3.6800000000000244e-05,4.96,2.33
978,-3.5200000000000205e-05,5.0,2.33
979,-3.3600000000000166e-05,5.0,2.35
980,-3.200000000000013e-05,5.0,2.35
981,-3.040000000000009e-05,0.08,1.87
982,-2.880000000000005e-05,0.08,1.45
983,-2.7200000000000227e-05,0.12,1.11
984,-2.560000000000019e-05,0.12,0.87
985,-2.400000000000015e-05,0.12,0.71
986,-2.240000000000011e-05,0.16,0.55
987,-2.0800000000000072e-05,0.16,0.43
988,-1.920000000000025e-05,0.16,0.35000000000000003
989,-1.760000000000021e-05,0.16,0.29
990,-1.6000000000000172e-05,0.16,0.23
991,-1.4400000000000133e-05,0.16,0.21
992,-1.2800000000000094e-05,0.2,0.17
993,-1.1200000000000055e-05,0.2,0.15
994,-9.600000000000233e-06,0.2,0.13
995,-8.000000000000194e-06,0.2,0.11
996,-6.4000000000001556e-06,0.24,0.11
997,-4.800000000000117e-06,0.2,0.09
998,-3.2000000000000778e-06,0.24,0.11
999,-1.6000000000002557e-06,0.24,0.09
1000,-2.168404344971009e-19,0.24,0.11
1001,1.599999999999822e-06,0.28,0.11
1002,3.199999999999861e-06,0.24,0.11
1003,4.7999999999999e-06,0.28,0.11
1004,6.399999999999939e-06,0.28,0.11
1005,7.99999999999976e-06,0.28,0.11
1006,9.5999999999998e-06,0.28,0.11
1007,1.1199999999999839e-05,0.32,0.13
1008,1.2799999999999877e-05,0.32,0.13
1009,1.4399999999999916e-05,0.32,0.13
1010,1.5999999999999955e-05,0.36,0.13
1011,1.7599999999999777e-05,0.36,0.15
1012,1.9199999999999816e-05,0.36,0.15
1013,2.0799999999999855e-05,0.36,0.15
1014,2.2399999999999894e-05,0.4,0.15
1015,2.3999999999999933e-05,0.4,0.15
1016,2.5599999999999755e-05,0.4,0.17
1017,2.7199999999999794e-05,0.4,0.17
1018,2.8799999999999833e-05,0.44,0.17
1019,3.039999999999987e-05,0.44,0.19
1020,3.199999999999991e-05,0.44,0.19
1021,3.359999999999995e-05,0.48,0.19
1022,3.519999999999977e-05,0.48,0.21
1023,3.679999999999981e-05,0.48,0.21
1024,3.839999999999985e-05,0.52,0.21
1025,3.999999999999989e-05,0.48,0.23
1026,4.159999999999993e-05,0.52,0.21
1027,4.319999999999975e-05,0.52,0.23
1028,4.479999999999979e-05,0.52,0.23
1029,4.639999999999983e-05,0.52,0.23
1030,4.7999999999999866e-05,0.56,0.23
1031,4.9599999999999905e-05,0.56,0.23
1032,5.1199999999999943e-05,0.56,0.25
1033,5.2799999999999766e-05,0.56,0.25
1034,5.4399999999999804e-05,0.6,0.27
1035,5.599999999999984e-05,0.64,0.27
1036,5.759999999999988e-05,0.64,0.27
1037,5.919999999999992e-05,0.64,0.27
1038,6.079999999999974e-05,0.64,0.27
1039,6.239999999999978e-05,0.68,0.29
1040,6.399999999999982e-05,0.68,0.31
1041,6.559999999999986e-05,0.68,0.29
1042,6.71999999999999e-05,0.72,0.31
1043,6.879999999999994e-05,0.68,0.31
1044,7.039999999999976e-05,0.68,0.33
1045,7.19999999999998e-05,0.72,0.31
1046,7.359999999999984e-05,0.72,0.33
1047,7.519999999999988e-05,0.72,0.31
1048,7.679999999999992e-05,0.76,0.33
1049,7.839999999999995e-05,0.8,0.33
1050,7.999999999999978e-05,0.8,0.35000000000000003
1051,8.159999999999982e-05,0.76,0.35000000000000003
1052,8.319999999999985e-05,0.8,0.35000000000000003
1053,8.479999999999989e-05,0.8,0.35000000000000003
1054,8.639999999999993e-05,0.84,0.35000000000000003
1055,8.799999999999975e-05,0.84,0.37
1056,8.959999999999979e-05,0.84,0.37
1057,9.119999999999983e-05,0.84,0.39
1058,9.279999999999987e-05,0.84,0.39
1059,9.439999999999991e-05,0.88,0.41000000000000003
1060,9.599999999999995e-05,0.88,0.39
1061,9.759999999999977e-05,0.88,0.39
1062,9.919999999999981e-05,0.88,0.41000000000000003
1063,0.00010079999999999985,0.92,0.41000000000000003
1064,0.00010239999999999989,0.92,0.41000000000000003
1065,0.00010399999999999993,0.96,0.43
1066,0.00010559999999999975,0.96,0.43
1067,0.00010719999999999979,1.0,0.43
1068,0.00010879999999999983,1.0,0.43
1069,0.00011039999999999986,1.0,0.45
1070,0.0001119999999999999,1.0,0.47000000000000003
1071,0.00011359999999999994,1.0,0.47000000000000003
1072,0.00011519999999999976,1.04,0.47000000000000003
1073,0.0001167999999999998,1.04,0.47000000000000003
1074,0.00011839999999999984,1.04,0.47000000000000003
1075,0.00011999999999999988,1.04,0.47000000000000003
1076,0.00012159999999999992,1.08,0.49
1077,0.00012319999999999974,1.08,0.49
1078,0.00012479999999999978,1.08,0.49
1079,0.00012639999999999982,1.12,0.49
1080,0.00012799999999999986,1.12,0.49
1081,0.0001295999999999999,1.12,0.51
1082,0.00013119999999999994,1.12,0.51
1083,0.00013279999999999976,1.16,0.51
1084,0.0001343999999999998,1.16,0.51
1085,0.00013599999999999984,1.16,0.53
1086,0.00013759999999999988,1.16,0.53
1087,0.00013919999999999991,1.16,0.55
1088,0.00014079999999999974,1.24,0.55
1089,0.00014239999999999978,1.2,0.55
1090,0.00014399999999999981,1.24,0.55
1091,0.00014559999999999985,1.24,0.5700000000000001
1092,0.0001471999999999999,1.24,0.55
1093,0.00014879999999999993,1.24,0.5700000000000001
1094,0.00015039999999999975,1.28,0.5700000000000001
1095,0.0001519999999999998,1.28,0.5700000000000001
1096,0.00015359999999999983,1.28,0.59
1097,0.00015519999999999987,1.28,0.59
1098,0.0001567999999999999,1.32,0.59
1099,0.00015839999999999995,1.36,0.59
1100,0.00015999999999999977,1.36,0.61
1101,0.0001615999999999998,1.32,0.61
1102,0.00016319999999999985,1.36,0.61
1103,0.00016479999999999989,1.36,0.63
1104,0.00016639999999999992,1.4000000000000001,0.63
1105,0.00016799999999999975,1.4000000000000001,0.63
1106,0.00016959999999999979,1.4000000000000001,0.63
1107,0.00017119999999999982,1.4000000000000001,0.65
1108,0.00017279999999999986,1.44,0.65
1109,0.0001743999999999999,1.4000000000000001,0.65
1110,0.00017599999999999994,1.48,0.65
1111,0.00017759999999999976,1.48,0.67
1112,0.0001791999999999998,1.48,0.67
1113,0.00018079999999999984,1.48,0.67
1114,0.00018239999999999988,1.48,0.67
1115,0.00018399999999999992,1.52,0.6900000000000001
1116,0.00018559999999999974,1.52,0.6900000000000001
1117,0.00018719999999999978,1.52,0.6900000000000001
1118,0.00018879999999999982,1.52,0.6900000000000001
1119,0.00019039999999999986,1.52,0.6900000000000001
1120,0.0001919999999999999,1.56,0.73
1121,0.00019359999999999994,1.56,0.71
1122,0.00019519999999999976,1.56,0.71
1123,0.0001967999999999998,1.6,0.73
1124,0.00019839999999999984,1.6400000000000001,0.73
1125,0.00019999999999999987,1.6,0.73
1126,0.0002015999999999999,1.6,0.75
1127,0.00020319999999999974,1.6400000000000001,0.75
1128,0.00020479999999999977,1.68,0.75
1129,0.0002063999999999998,1.68,0.77
1130,0.00020799999999999985,1.68,0.75
1131,0.0002095999999999999,1.68,0.77
1132,0.00021119999999999993,1.72,0.77
1133,0.00021279999999999975,1.72,0.79
1134,0.0002143999999999998,1.72,0.79
1135,0.00021599999999999983,1.72,0.79
1136,0.00021759999999999987,1.72,0.79
1137,0.0002191999999999999,1.76,0.79
1138,0.00022079999999999995,1.76,0.81
1139,0.00022239999999999977,1.8,0.81
1140,0.0002239999999999998,1.76,0.81
1141,0.00022559999999999985,1.8,0.8300000000000001
1142,0.00022719999999999988,1.8,0.8300000000000001
1143,0.00022879999999999992,1.8,0.8300000000000001
1144,0.00023039999999999975,1.84,0.8300000000000001
1145,0.00023199999999999978,1.8800000000000001,0.85
1146,0.00023359999999999982,1.84,0.8300000000000001
1147,0.00023519999999999986,1.84,0.85
1148,0.0002367999999999999,1.8800000000000001,0.85
1149,0.00023839999999999994,1.92,0.85
1150,0.00023999999999999976,1.92,0.89
1151,0.0002415999999999998,1.92,0.87
1152,0.00024319999999999984,1.92,0.89
1153,0.0002447999999999999,1.92,0.87
1154,0.0002463999999999999,2.0,0.89
1155,0.00024799999999999974,1.96,0.89
1156,0.0002495999999999998,1.96,0.89
1157,0.0002511999999999998,2.0,0.91
1158,0.00025279999999999986,2.0,0.91
1159,0.0002543999999999999,2.0,0.91
1160,0.00025599999999999993,2.04,0.91
1161,0.00025759999999999976,2.04,0.93
1162,0.0002591999999999998,2.04,0.93
1163,0.00026079999999999983,2.08,0.93
1164,0.0002623999999999999,2.04,0.93
1165,0.0002639999999999999,2.08,0.9500000000000001
1166,0.00026559999999999973,2.08,0.9500000000000001
1167,0.00026719999999999977,2.08,0.9500000000000001
1168,0.0002687999999999998,2.08,0.97
1169,0.00027039999999999985,2.12,0.97
1170,0.0002719999999999999,2.12,0.97
1171,0.00027359999999999993,2.16,0.97
1172,0.00027519999999999975,2.16,0.97
1173,0.0002767999999999998,2.16,0.99
1174,0.00027839999999999983,2.16,0.99
1175,0.00027999999999999987,2.16,0.99
1176,0.0002815999999999999,2.16,0.99
1177,0.00028319999999999994,2.2,1.01
1178,0.00028479999999999977,2.2,1.01
1179,0.0002863999999999998,2.24,1.01
1180,0.00028799999999999984,2.24,1.01
1181,0.0002895999999999999,2.24,1.03
1182,0.0002911999999999999,2.24,1.03
1183,0.00029279999999999974,2.2800000000000002,1.05
1184,0.0002943999999999998,2.2800000000000002,1.03
1185,0.0002959999999999998,2.2800000000000002,1.05
1186,0.00029759999999999986,2.32,1.05
1187,0.0002991999999999999,2.32,1.05
1188,0.00030079999999999994,2.32,1.07
1189,0.00030239999999999976,2.32,1.07
1190,0.0003039999999999998,2.32,1.07
1191,0.00030559999999999984,2.36,1.07
1192,0.0003071999999999999,2.36,1.09
1193,0.0003087999999999999,2.4,1.11
1194,0.00031039999999999974,2.4,1.11
1195,0.0003119999999999998,2.4,1.09
1196,0.0003135999999999998,2.44,1.11
1197,0.00031519999999999986,2.44,1.11
1198,0.0003167999999999999,2.44,1.11
1199,0.00031839999999999993,2.44,1.1300000000000001
1200,0.00031999999999999976,2.48,1.1300000000000001
1201,0.0003215999999999998,2.48,1.1300000000000001
1202,0.00032319999999999983,2.48,1.1500000000000001
1203,0.00032479999999999987,2.48,1.1500000000000001
1204,0.0003263999999999999,2.52,1.1500000000000001
1205,0.00032799999999999973,2.52,1.1500000000000001
1206,0.00032959999999999977,2.52,1.1500000000000001
1207,0.0003311999999999998,2.56,1.17
1208,0.00033279999999999985,2.52,1.17
1209,0.0003343999999999999,2.56,1.17
1210,0.00033599999999999993,2.56,1.19
1211,0.00033759999999999975,2.56,1.19
1212,0.0003391999999999998,2.6,1.19
1213,0.0003407999999999998,2.6,1.19
1214,0.00034239999999999987,2.64,1.21
1215,0.0003439999999999999,2.64,1.21
1216,0.00034559999999999994,2.6,1.23
1217,0.00034719999999999977,2.64,1.21
1218,0.0003487999999999998,2.68,1.23
1219,0.00035039999999999984,2.68,1.23
1220,0.0003519999999999999,2.72,1.23
1221,0.0003535999999999997,2.68,1.25
1222,0.00035519999999999974,2.68,1.25
1223,0.0003567999999999998,2.72,1.25
1224,0.0003583999999999998,2.72,1.25
1225,0.00035999999999999986,2.7600000000000002,1.25
1226,0.0003615999999999999,2.7600000000000002,1.27
1227,0.00036319999999999994,2.7600000000000002,1.27
1228,0.0003648,2.7600000000000002,1.27
1229,0.0003664,2.8000000000000003,1.27
1230,0.0003679999999999996,2.8000000000000003,1.29
1231,0.00036959999999999966,2.8000000000000003,1.31
1232,0.0003711999999999997,2.8000000000000003,1.31
1233,0.00037279999999999974,2.84,1.31
1234,0.0003743999999999998,2.84,1.31
1235,0.0003759999999999998,2.84,1.31
1236,0.00037759999999999985,2.88,1.31
1237,0.0003791999999999999,2.88,1.33
1238,0.00038079999999999993,2.88,1.33
1239,0.00038239999999999997,2.88,1.33
1240,0.000384,2.92,1.35
1241,0.00038560000000000005,2.92,1.35
1242,0.00038719999999999965,2.92,1.35
1243,0.0003887999999999997,2.92,1.35
1244,0.00039039999999999973,2.96,1.37
1245,0.00039199999999999977,2.96,1.37
1246,0.0003935999999999998,3.0,1.37
1247,0.00039519999999999985,3.0,1.3900000000000001
1248,0.0003967999999999999,3.0,1.3900000000000001
1249,0.0003983999999999999,3.0,1.3900000000000001
1250,0.00039999999999999996,3.0,1.3900000000000001
1251,0.0004016,3.04,1.3900000000000001
1252,0.00040320000000000004,3.04,1.41
1253,0.00040479999999999965,3.04,1.43
1254,0.0004063999999999997,3.08,1.43
1255,0.0004079999999999997,3.08,1.41
1256,0.00040959999999999976,3.08,1.41
1257,0.0004111999999999998,3.12,1.43
1258,0.00041279999999999984,3.12,1.45
1259,0.0004143999999999999,3.16,1.43
1260,0.0004159999999999999,3.16,1.45
1261,0.00041759999999999996,3.16,1.45
1262,0.0004192,3.16,1.45
1263,0.00042080000000000004,3.2,1.47
1264,0.00042239999999999964,3.2,1.47
1265,0.0004239999999999997,3.2,1.47
1266,0.0004255999999999997,3.2,1.49
1267,0.00042719999999999976,3.2,1.49
1268,0.0004287999999999998,3.24,1.49
1269,0.00043039999999999984,3.24,1.49
1270,0.0004319999999999999,3.24,1.51
1271,0.0004335999999999999,3.24,1.51
1272,0.00043519999999999995,3.2800000000000002,1.51
1273,0.0004368,3.2800000000000002,1.51
1274,0.00043840000000000003,3.2800000000000002,1.53
1275,0.00043999999999999964,3.3200000000000003,1.53
1276,0.0004415999999999997,3.2800000000000002,1.53
1277,0.0004431999999999997,3.3200000000000003,1.53
1278,0.00044479999999999975,3.36,1.55
1279,0.0004463999999999998,3.3200000000000003,1.55
1280,0.00044799999999999983,3.36,1.55
1281,0.00044959999999999987,3.4,1.55
1282,0.0004511999999999999,3.4,1.59
1283,0.00045279999999999995,3.4,1.57
1284,0.0004544,3.44,1.57
1285,0.000456,3.4,1.59
1286,0.00045759999999999963,3.48,1.61
1287,0.00045919999999999967,3.44,1.61
1288,0.0004607999999999997,3.44,1.59
1289,0.00046239999999999975,3.44,1.61
1290,0.0004639999999999998,3.48,1.61
1291,0.0004655999999999998,3.48,1.61
1292,0.00046719999999999986,3.52,1.6300000000000001
1293,0.0004687999999999999,3.52,1.6300000000000001
1294,0.00047039999999999994,3.56,1.6300000000000001
1295,0.000472,3.52,1.6300000000000001
1296,0.0004736,3.52,1.6500000000000001
1297,0.0004751999999999996,3.6,1.6500000000000001
1298,0.00047679999999999966,3.56,1.6500000000000001
1299,0.0004783999999999997,3.6,1.6500000000000001
1300,0.00047999999999999974,3.6,1.67
1301,0.0004815999999999998,3.6,1.67
1302,0.0004831999999999998,3.6,1.67
1303,0.00048479999999999986,3.6,1.69
1304,0.0004863999999999999,3.64,1.67
1305,0.00048799999999999994,3.64,1.71
1306,0.0004896,3.68,1.69
1307,0.0004912,3.68,1.69
1308,0.0004927999999999996,3.64,1.69
1309,0.0004943999999999997,3.68,1.71
1310,0.0004959999999999997,3.68,1.71
1311,0.0004975999999999997,3.68,1.73
1312,0.0004991999999999998,3.72,1.73
1313,0.0005007999999999998,3.72,1.75
1314,0.0005023999999999999,3.72,1.73
1315,0.0005039999999999999,3.7600000000000002,1.75
1316,0.0005055999999999999,3.7600000000000002,1.75
1317,0.0005072,3.7600000000000002,1.75
1318,0.0005088,3.8000000000000003,1.77
1319,0.0005103999999999996,3.8000000000000003,1.77
1320,0.0005119999999999997,3.8000000000000003,1.77
1321,0.0005135999999999997,3.8000000000000003,1.77
1322,0.0005151999999999997,3.84,1.77
1323,0.0005167999999999998,3.84,1.79
1324,0.0005183999999999998,3.84,1.79
1325,0.0005199999999999998,3.84,1.79
1326,0.0005215999999999999,3.88,1.81
1327,0.0005231999999999999,3.88,1.81
1328,0.0005248,3.88,1.81
1329,0.0005264,3.92,1.81
1330,0.000528,3.92,1.83
1331,0.0005295999999999996,3.92,1.83
1332,0.0005311999999999997,3.92,1.83
1333,0.0005327999999999997,3.92,1.85
1334,0.0005343999999999998,3.96,1.85
1335,0.0005359999999999998,3.96,1.85
1336,0.0005375999999999998,4.0,1.85
1337,0.0005391999999999999,4.0,1.87
1338,0.0005407999999999999,4.0,1.87
1339,0.0005424,4.0,1.87
1340,0.000544,4.04,1.8900000000000001
1341,0.0005456,4.04,1.8900000000000001
1342,0.0005471999999999996,4.04,1.8900000000000001
1343,0.0005487999999999997,4.04,1.9100000000000001
1344,0.0005503999999999997,4.08,1.8900000000000001
1345,0.0005519999999999998,4.12,1.9100000000000001
1346,0.0005535999999999998,4.08,1.9100000000000001
1347,0.0005551999999999998,4.08,1.9100000000000001
1348,0.0005567999999999999,4.12,1.93
1349,0.0005583999999999999,4.12,1.93
1350,0.00056,4.12,1.93
1351,0.0005616,4.16,1.93
1352,0.0005632,4.16,1.95
1353,0.0005647999999999996,4.16,1.95
1354,0.0005663999999999997,4.2,1.95
1355,0.0005679999999999997,4.2,1.97
1356,0.0005695999999999998,4.2,1.97
1357,0.0005711999999999998,4.2,1.97
1358,0.0005727999999999998,4.24,1.97
1359,0.0005743999999999999,4.24,1.99
1360,0.0005759999999999999,4.28,1.99
1361,0.0005775999999999999,4.24,1.99
1362,0.0005792,4.28,2.0100000000000002
1363,0.0005808,4.28,2.0100000000000002
1364,0.0005823999999999996,4.28,2.0300000000000002
1365,0.0005839999999999997,4.32,2.0100000000000002
1366,0.0005855999999999997,4.32,2.0300000000000002
1367,0.0005871999999999997,4.32,2.0300000000000002
1368,0.0005887999999999998,4.32,2.0300000000000002
1369,0.0005903999999999998,4.36,2.0300000000000002
1370,0.0005919999999999999,4.36,2.0300000000000002
1371,0.0005935999999999999,4.4,2.05
1372,0.0005951999999999999,4.4,2.07
1373,0.0005968,4.44,2.05
1374,0.0005984,4.4,2.07
1375,0.0005999999999999996,4.4,2.05
1376,0.0006015999999999997,4.4,2.07
1377,0.0006031999999999997,4.44,2.09
1378,0.0006047999999999997,4.44,2.09
1379,0.0006063999999999998,4.48,2.09
1380,0.0006079999999999998,4.48,2.09
1381,0.0006095999999999999,4.48,2.11
1382,0.0006111999999999999,4.48,2.11
1383,0.0006127999999999999,4.5200000000000005,2.13
1384,0.0006144,4.5200000000000005,2.13
1385,0.000616,4.5200000000000005,2.11
1386,0.0006175999999999996,4.5600000000000005,2.13
1387,0.0006191999999999997,4.5600000000000005,2.13
1388,0.0006207999999999997,4.6000000000000005,2.15
1389,0.0006223999999999997,4.6000000000000005,2.15
1390,0.0006239999999999998,4.6000000000000005,2.15
1391,0.0006255999999999998,4.6000000000000005,2.15
1392,0.0006271999999999998,4.6000000000000005,2.15
1393,0.0006287999999999999,4.6000000000000005,2.17
1394,0.0006303999999999999,4.64,2.17
1395,0.000632,4.64,2.17
1396,0.0006336,4.64,2.19
1397,0.0006351999999999996,4.68,2.19
1398,0.0006367999999999996,4.68,2.19
1399,0.0006383999999999997,4.72,2.19
1400,0.0006399999999999997,4.72,2.19
1401,0.0006415999999999998,4.72,2.19
1402,0.0006431999999999998,4.72,2.21
1403,0.0006447999999999998,4.72,2.21
1404,0.0006463999999999999,4.76,2.23
1405,0.0006479999999999999,4.76,2.23
1406,0.0006496,4.76,2.25
1407,0.0006512,4.8,2.23
1408,0.0006528,4.8,2.25
1409,0.0006543999999999996,4.8,2.25
1410,0.0006559999999999997,4.84,2.25
1411,0.0006575999999999997,4.84,2.27
1412,0.0006591999999999998,4.84,2.27
1413,0.0006607999999999998,4.88,2.27
1414,0.0006623999999999998,4.88,2.29
1415,0.0006639999999999999,4.88,2.27
1416,0.0006655999999999999,4.88,2.29
1417,0.0006672,4.88,2.29
1418,0.0006688,4.88,2.29
1419,0.0006704,4.88,2.29
1420,0.0006719999999999996,4.92,2.31
1421,0.0006735999999999997,4.92,2.31
1422,0.0006751999999999997,4.96,2.31
1423,0.0006767999999999998,4.96,2.33
1424,0.0006783999999999998,4.96,2.33
1425,0.0006799999999999998,5.0,2.33
1426,0.0006815999999999999,5.0,2.35
1427,0.0006831999999999999,5.0,2.09
1428,0.0006848,0.08,1.61
1429,0.0006864,0.12,1.27
1430,0.000688,0.12,0.97
1431,0.0006895999999999996,0.12,0.79
1432,0.0006911999999999997,0.12,0.61
1433,0.0006927999999999997,0.12,0.49
1434,0.0006943999999999997,0.16,0.39
1435,0.0006959999999999998,0.12,0.33
1436,0.0006975999999999998,0.16,0.25
1437,0.0006991999999999999,0.2,0.21
1438,0.0007007999999999999,0.16,0.17
1439,0.0007023999999999999,0.16,0.15
1440,0.000704,0.2,0.13
1441,0.0007056,0.2,0.11
1442,0.0007071999999999996,0.16,0.11
1443,0.0007087999999999997,0.2,0.11
1444,0.0007103999999999997,0.2,0.11
1445,0.0007119999999999997,0.24,0.11
1446,0.0007135999999999998,0.24,0.11
1447,0.0007151999999999998,0.24,0.09
1448,0.0007167999999999999,0.24,0.11
1449,0.0007183999999999999,0.28,0.11
1450,0.0007199999999999999,0.28,0.11
1451,0.0007216,0.28,0.11
1452,0.0007232,0.28,0.13
1453,0.0007247999999999996,0.28,0.11
1454,0.0007263999999999997,0.32,0.13
1455,0.0007279999999999997,0.32,0.13
1456,0.0007295999999999997,0.32,0.13
1457,0.0007311999999999998,0.32,0.13
1458,0.0007327999999999998,0.36,0.15
1459,0.0007343999999999999,0.36,0.15
1460,0.0007359999999999999,0.4,0.15
1461,0.0007375999999999999,0.4,0.15
1462,0.0007392,0.4,0.15
1463,0.0007408,0.4,0.17
1464,0.0007423999999999996,0.4,0.17
1465,0.0007439999999999997,0.44,0.17
1466,0.0007455999999999997,0.44,0.19
1467,0.0007471999999999997,0.44,0.19
1468,0.0007487999999999998,0.44,0.19
1469,0.0007503999999999998,0.48,0.21
1470,0.0007519999999999998,0.48,0.21
1471,0.0007535999999999999,0.48,0.21
1472,0.0007551999999999999,0.52,0.21
1473,0.0007568,0.52,0.23
1474,0.0007584,0.52,0.23
1475,0.0007599999999999996,0.56,0.23
1476,0.0007615999999999996,0.56,0.23
1477,0.0007631999999999997,0.56,0.23
1478,0.0007647999999999997,0.56,0.25
1479,0.0007663999999999998,0.6,0.25
1480,0.0007679999999999998,0.6,0.27
1481,0.0007695999999999998,0.6,0.25
1482,0.0007711999999999999,0.6,0.27
1483,0.0007727999999999999,0.64,0.29
1484,0.0007744,0.64,0.27
1485,0.000776,0.64,0.29
1486,0.0007775999999999996,0.64,0.29
1487,0.0007791999999999996,0.64,0.29
1488,0.0007807999999999997,0.72,0.29
1489,0.0007823999999999997,0.68,0.31
1490,0.0007839999999999998,0.72,0.33
1491,0.0007855999999999998,0.72,0.31
1492,0.0007871999999999998,0.72,0.33
1493,0.0007887999999999999,0.72,0.33
1494,0.0007903999999999999,0.76,0.33
1495,0.000792,0.8,0.33
1496,0.0007936,0.8,0.33
1497,0.0007952,0.8,0.35000000000000003
1498,0.0007967999999999996,0.76,0.37
1499,0.0007983999999999997,0.8,0.37
1500,0.0007999999999999997,0.84,0.37
1501,0.0008015999999999998,0.8,0.37
1502,0.0008031999999999998,0.84,0.37
1503,0.0008047999999999998,0.84,0.37
1504,0.0008063999999999999,0.84,0.37
1505,0.0008079999999999999,0.88,0.39
1506,0.0008096,0.88,0.41000000000000003
1507,0.0008112,0.88,0.41000000000000003
1508,0.0008128,0.92,0.41000000000000003
1509,0.0008143999999999996,0.92,0.41000000000000003
1510,0.0008159999999999997,0.96,0.41000000000000003
1511,0.0008175999999999997,0.96,0.41000000000000003
1512,0.0008191999999999997,0.96,0.41000000000000003
1513,0.0008207999999999998,0.96,0.43
1514,0.0008223999999999998,1.0,0.43
1515,0.0008239999999999999,1.0,0.45
1516,0.0008255999999999999,1.0,0.47000000000000003
1517,0.0008271999999999999,1.0,0.45
1518,0.0008288,1.04,0.45
1519,0.0008304,1.04,0.45
1520,0.0008319999999999996,1.04,0.47000000000000003
1521,0.0008335999999999997,1.08,0.47000000000000003
1522,0.0008351999999999997,1.08,0.47000000000000003
1523,0.0008367999999999997,1.08,0.47000000000000003
1524,0.0008383999999999998,1.08,0.49
1525,0.0008399999999999998,1.08,0.49
1526,0.0008415999999999999,1.12,0.49
1527,0.0008431999999999999,1.12,0.49
1528,0.0008447999999999999,1.12,0.51
1529,0.0008464,1.16,0.53
1530,0.000848,1.16,0.53
1531,0.0008495999999999996,1.2,0.53
1532,0.0008511999999999997,1.2,0.53
1533,0.0008527999999999997,1.2,0.53
1534,0.0008543999999999997,1.2,0.53
1535,0.0008559999999999998,1.2,0.55
1536,0.0008575999999999998,1.2,0.55
1537,0.0008591999999999999,1.24,0.55
1538,0.0008607999999999999,1.24,0.55
1539,0.0008623999999999999,1.24,0.5700000000000001
1540,0.000864,1.28,0.5700000000000001
1541,0.0008656,1.28,0.5700000000000001
1542,0.0008671999999999996,1.28,0.5700000000000001
1543,0.0008687999999999997,1.32,0.5700000000000001
1544,0.0008703999999999997,1.32,0.59
1545,0.0008719999999999997,1.32,0.59
1546,0.0008735999999999998,1.36,0.59
1547,0.0008751999999999998,1.36,0.61
1548,0.0008767999999999998,1.36,0.61
1549,0.0008783999999999999,1.36,0.63
1550,0.0008799999999999999,1.36,0.63
1551,0.0008816,1.4000000000000001,0.63
1552,0.0008832,1.4000000000000001,0.63
1553,0.0008847999999999996,1.4000000000000001,0.63
1554,0.0008863999999999996,1.44,0.65
1555,0.0008879999999999997,1.44,0.65
1556,0.0008895999999999997,1.44,0.65
1557,0.0008911999999999998,1.44,0.67
1558,0.0008927999999999998,1.48,0.65
1559,0.0008943999999999998,1.48,0.67
1560,0.0008959999999999999,1.48,0.6900000000000001
1561,0.0008975999999999999,1.52,0.6900000000000001
1562,0.0008992,1.56,0.6900000000000001
1563,0.0009008,1.52,0.6900000000000001
1564,0.0009023999999999996,1.56,0.6900000000000001
1565,0.0009039999999999996,1.56,0.71
1566,0.0009055999999999997,1.6,0.71
1567,0.0009071999999999997,1.6,0.71
1568,0.0009087999999999998,1.6,0.73
1569,0.0009103999999999998,1.6,0.73
1570,0.0009119999999999998,1.6,0.73
1571,0.0009135999999999999,1.6,0.75
1572,0.0009151999999999999,1.6400000000000001,0.73
1573,0.0009168,1.6400000000000001,0.75
1574,0.0009184,1.6400000000000001,0.75
1575,0.0009199999999999996,1.6400000000000001,0.75
1576,0.0009215999999999996,1.68,0.77
1577,0.0009231999999999997,1.72,0.75
1578,0.0009247999999999997,1.72,0.77
1579,0.0009263999999999997,1.68,0.77
1580,0.0009279999999999998,1.72,0.77
1581,0.0009295999999999998,1.72,0.79
1582,0.0009311999999999999,1.72,0.79
1583,0.0009327999999999999,1.76,0.81
1584,0.0009343999999999999,1.76,0.81
1585,0.000936,1.76,0.81
1586,0.0009376,1.8,0.81
1587,0.0009391999999999996,1.8,0.81
1588,0.0009407999999999997,1.84,0.8300000000000001
1589,0.0009423999999999997,1.8,0.8300000000000001
1590,0.0009439999999999997,1.84,0.8300000000000001
1591,0.0009455999999999998,1.84,0.8300000000000001
1592,0.0009471999999999998,1.84,0.85
1593,0.0009487999999999999,1.84,0.85
1594,0.0009503999999999999,1.84,0.87
1595,0.0009519999999999999,1.8800000000000001,0.85
1596,0.0009536,1.8800000000000001,0.85
1597,0.0009552,1.92,0.87
1598,0.0009567999999999996,1.92,0.87
1599,0.0009583999999999997,1.96,0.87
1600,0.0009599999999999997,1.96,0.89
1601,0.0009615999999999997,1.96,0.91
1602,0.0009631999999999998,1.96,0.89
1603,0.0009647999999999998,1.96,0.91
1604,0.0009663999999999999,1.96,0.91
1605,0.0009679999999999999,2.0,0.91
1606,0.0009695999999999999,2.04,0.91
1607,0.0009712,2.04,0.93
1608,0.0009728,2.04,0.93
1609,0.0009743999999999996,2.04,0.9500000000000001
1610,0.0009759999999999997,2.04,0.93
1611,0.0009775999999999997,2.08,0.93
1612,0.0009791999999999997,2.08,0.9500000000000001
1613,0.0009807999999999998,2.08,0.9500000000000001
1614,0.0009823999999999998,2.08,0.9500000000000001
1615,0.0009839999999999998,2.12,0.97
1616,0.0009855999999999999,2.12,0.97
1617,0.0009872,2.12,0.97
1618,0.0009888,2.12,0.97
1619,0.0009904,2.12,0.99
1620,0.0009919999999999996,2.16,0.99
1621,0.0009935999999999996,2.2,0.99
1622,0.0009951999999999997,2.2,1.01
1623,0.0009967999999999997,2.24,1.01
1624,0.0009983999999999998,2.2,1.01
1625,0.0009999999999999998,2.2,1.03
1626,0.0010015999999999998,2.24,1.03
1627,0.0010031999999999999,2.24,1.03
1628,0.0010048,2.24,1.03
1629,0.0010064,2.2800000000000002,1.03
1630,0.001008,2.32,1.05
1631,0.0010095999999999996,2.2800000000000002,1.03
1632,0.0010111999999999996,2.32,1.05
1633,0.0010127999999999997,2.32,1.07
1634,0.0010143999999999997,2.32,1.07
1635,0.0010159999999999998,2.36,1.07
1636,0.0010175999999999998,2.36,1.07
1637,0.0010191999999999998,2.36,1.09
1638,0.0010207999999999999,2.36,1.07
1639,0.0010224,2.36,1.09
1640,0.001024,2.4,1.09
1641,0.0010256,2.4,1.11
1642,0.0010271999999999996,2.4,1.09
1643,0.0010287999999999996,2.44,1.09
1644,0.0010303999999999997,2.44,1.11
1645,0.0010319999999999997,2.44,1.11
1646,0.0010335999999999998,2.48,1.1300000000000001
1647,0.0010351999999999998,2.48,1.1500000000000001
1648,0.0010367999999999998,2.52,1.1300000000000001
1649,0.0010383999999999999,2.52,1.1300000000000001
1650,0.00104,2.48,1.1500000000000001
1651,0.0010416,2.52,1.1500000000000001
1652,0.0010432,2.52,1.17
1653,0.0010447999999999996,2.56,1.17
1654,0.0010463999999999996,2.56,1.1500000000000001
1655,0.0010479999999999997,2.56,1.17
1656,0.0010495999999999997,2.56,1.19
1657,0.0010511999999999997,2.56,1.17
1658,0.0010527999999999998,2.6,1.19
1659,0.0010543999999999998,2.6,1.19
1660,0.0010559999999999999,2.64,1.19
1661,0.0010576,2.6,1.19
1662,0.0010592,2.64,1.21
1663,0.0010608,2.64,1.21
1664,0.0010623999999999996,2.64,1.23
1665,0.0010639999999999996,2.68,1.23
1666,0.0010655999999999997,2.68,1.23
1667,0.0010671999999999997,2.68,1.23
1668,0.0010687999999999997,2.68,1.23
1669,0.0010703999999999998,2.72,1.25
1670,0.0010719999999999998,2.7600000000000002,1.25
1671,0.0010735999999999999,2.72,1.25
1672,0.0010752,2.72,1.25
1673,0.0010768,2.7600000000000002,1.27
1674,0.0010784,2.7600000000000002,1.27
1675,0.00108,2.8000000000000003,1.27
1676,0.0010815999999999996,2.8000000000000003,1.29
1677,0.0010831999999999997,2.7600000000000002,1.29
1678,0.0010847999999999997,2.8000000000000003,1.29
1679,0.0010863999999999997,2.8000000000000003,1.29
1680,0.0010879999999999998,2.84,1.31
1681,0.0010895999999999998,2.84,1.33
1682,0.0010911999999999999,2.84,1.33
1683,0.0010927999999999999,2.88,1.33
1684,0.0010944,2.88,1.33
1685,0.001096,2.88,1.33
1686,0.0010976,2.92,1.33
1687,0.0010991999999999996,2.92,1.35
1688,0.0011007999999999997,2.92,1.37
1689,0.0011023999999999997,2.92,1.35
1690,0.0011039999999999997,2.96,1.37
1691,0.0011055999999999998,2.96,1.37
1692,0.0011071999999999998,3.0,1.37
1693,0.0011087999999999998,3.0,1.3900000000000001
1694,0.0011103999999999999,3.0,1.37
1695,0.001112,3.0,1.3900000000000001
1696,0.0011136,3.0,1.3900000000000001
1697,0.0011152,3.04,1.3900000000000001
1698,0.0011167999999999996,3.08,1.3900000000000001
1699,0.0011183999999999996,3.04,1.41
1700,0.0011199999999999997,3.08,1.41
1701,0.0011215999999999997,3.08,1.43
1702,0.0011231999999999998,3.08,1.43
1703,0.0011247999999999998,3.08,1.43
1704,0.0011263999999999998,3.12,1.43
1705,0.0011279999999999999,3.16,1.43
1706,0.0011296,3.16,1.45
1707,0.0011312,3.12,1.45
1708,0.0011328,3.16,1.45
1709,0.0011343999999999996,3.2,1.47
1710,0.0011359999999999996,3.16,1.47
1711,0.0011375999999999997,3.2,1.47
1712,0.0011391999999999997,3.2,1.49
1713,0.0011407999999999998,3.2,1.49
1714,0.0011423999999999998,3.24,1.49
1715,0.0011439999999999998,3.24,1.49
1716,0.0011455999999999999,3.24,1.51
1717,0.0011472,3.24,1.51
1718,0.0011488,3.2800000000000002,1.51
1719,0.0011504,3.2800000000000002,1.51
1720,0.0011519999999999996,3.3200000000000003,1.51
1721,0.0011535999999999996,3.2800000000000002,1.51
1722,0.0011551999999999997,3.3200000000000003,1.53
1723,0.0011567999999999997,3.3200000000000003,1.55
1724,0.0011583999999999998,3.3200000000000003,1.55
1725,0.0011599999999999998,3.36,1.55
1726,0.0011615999999999998,3.36,1.57
1727,0.0011631999999999999,3.36,1.57
1728,0.0011648,3.36,1.57
1729,0.0011664,3.4,1.57
1730,0.001168,3.4,1.59
1731,0.0011695999999999996,3.4,1.59
1732,0.0011711999999999996,3.44,1.59
1733,0.0011727999999999997,3.44,1.61
1734,0.0011743999999999997,3.48,1.59
1735,0.0011759999999999997,3.44,1.61
1736,0.0011775999999999998,3.48,1.61
1737,0.0011791999999999998,3.52,1.61
1738,0.0011807999999999999,3.48,1.61
1739,0.0011824,3.52,1.61
1740,0.001184,3.52,1.6300000000000001
1741,0.0011856,3.56,1.6500000000000001
1742,0.0011871999999999996,3.56,1.6500000000000001
1743,0.0011887999999999996,3.52,1.6300000000000001
1744,0.0011903999999999997,3.56,1.6500000000000001
1745,0.0011919999999999997,3.56,1.6500000000000001
1746,0.0011935999999999997,3.56,1.67
1747,0.0011951999999999998,3.6,1.67
1748,0.0011967999999999998,3.6,1.67
1749,0.0011983999999999999,3.6,1.67
1750,0.0012,3.64,1.69
1751,0.0012016,3.64,1.71
1752,0.0012032,3.64,1.71
1753,0.0012048,3.68,1.69
1754,0.0012063999999999996,3.68,1.71
1755,0.0012079999999999997,3.68,1.71
1756,0.0012095999999999997,3.72,1.71
1757,0.0012111999999999997,3.68,1.73
1758,0.0012127999999999998,3.68,1.73
1759,0.0012143999999999998,3.72,1.73
1760,0.0012159999999999999,3.72,1.73
1761,0.0012175999999999999,3.72,1.75
1762,0.0012192,3.72,1.75
1763,0.0012208,3.7600000000000002,1.75
1764,0.0012224,3.7600000000000002,1.77
1765,0.0012239999999999996,3.8000000000000003,1.77
1766,0.0012255999999999996,3.8000000000000003,1.77
1767,0.0012271999999999997,3.8000000000000003,1.77
1768,0.0012287999999999997,3.8000000000000003,1.79
1769,0.0012303999999999998,3.84,1.79
1770,0.0012319999999999998,3.84,1.79
1771,0.0012335999999999998,3.84,1.81
1772,0.0012351999999999999,3.88,1.81
1773,0.0012368,3.88,1.81
1774,0.0012384,3.88,1.81
1775,0.00124,3.88,1.83
1776,0.0012415999999999996,3.92,1.83
1777,0.0012431999999999996,3.92,1.83
1778,0.0012447999999999997,3.92,1.83
1779,0.0012463999999999997,3.96,1.85
1780,0.0012479999999999998,3.96,1.85
1781,0.0012495999999999998,3.96,1.85
1782,0.0012511999999999998,3.96,1.85
1783,0.0012527999999999999,4.0,1.87
1784,0.0012544,4.0,1.85
1785,0.001256,4.0,1.87
1786,0.0012576,4.0,1.8900000000000001
1787,0.0012591999999999996,4.04,1.8900000000000001
1788,0.0012607999999999996,4.04,1.8900000000000001
1789,0.0012623999999999997,4.04,1.8900000000000001
1790,0.0012639999999999997,4.08,1.8900000000000001
1791,0.0012655999999999998,4.08,1.9100000000000001
1792,0.0012671999999999998,4.08,1.93
1793,0.0012687999999999998,4.12,1.9100000000000001
1794,0.0012703999999999999,4.12,1.93
1795,0.001272,4.12,1.93
1796,0.0012736,4.12,1.93
1797,0.0012752,4.16,1.95
1798,0.0012767999999999996,4.16,1.95
1799,0.0012783999999999996,4.16,1.95
1800,0.0012799999999999997,4.16,1.95
1801,0.0012815999999999997,4.16,1.95
1802,0.0012831999999999997,4.16,1.97
1803,0.0012847999999999998,4.2,1.97
1804,0.0012863999999999998,4.24,1.97
1805,0.0012879999999999999,4.24,1.99
1806,0.0012896,4.24,1.99
1807,0.0012912,4.24,2.0100000000000002
1808,0.0012928,4.24,2.0100000000000002
1809,0.0012943999999999996,4.28,1.99
1810,0.0012959999999999996,4.28,2.0100000000000002
1811,0.0012975999999999997,4.28,2.0100000000000002
1812,0.0012991999999999997,4.28,2.0100000000000002
1813,0.0013007999999999997,4.32,2.0300000000000002
1814,0.0013023999999999998,4.36,2.0300000000000002
1815,0.0013039999999999998,4.32,2.0300000000000002
1816,0.0013055999999999999,4.36,2.05
1817,0.0013072,4.36,2.05
1818,0.0013088,4.4,2.05
1819,0.0013104,4.4,2.07
1820,0.0013119999999999996,4.4,2.07
1821,0.0013135999999999996,4.4,2.07
1822,0.0013151999999999997,4.4,2.09
1823,0.0013167999999999997,4.44,2.09
1824,0.0013183999999999997,4.44,2.09
1825,0.0013199999999999998,4.44,2.09
1826,0.0013215999999999998,4.48,2.09
1827,0.0013231999999999999,4.48,2.09
1828,0.0013248,4.48,2.11
1829,0.0013264,4.5200000000000005,2.13
1830,0.001328,4.5200000000000005,2.13
1831,0.0013295999999999996,4.5200000000000005,2.13
1832,0.0013311999999999996,4.5600000000000005,2.13
1833,0.0013327999999999997,4.5600000000000005,2.13
1834,0.0013343999999999997,4.5600000000000005,2.15
1835,0.0013359999999999997,4.6000000000000005,2.15
1836,0.0013375999999999998,4.6000000000000005,2.15
1837,0.0013391999999999998,4.6000000000000005,2.15
1838,0.0013407999999999998,4.6000000000000005,2.17
1839,0.0013423999999999999,4.6000000000000005,2.17
1840,0.001344,4.64,2.17
1841,0.0013456,4.64,2.17
1842,0.0013472,4.68,2.17
1843,0.0013487999999999996,4.64,2.19
1844,0.0013503999999999996,4.68,2.19
1845,0.0013519999999999997,4.68,2.19
1846,0.0013535999999999997,4.72,2.19
1847,0.0013551999999999998,4.72,2.21
1848,0.0013567999999999998,4.72,2.21
1849,0.0013583999999999998,4.76,2.23
1850,0.0013599999999999999,4.76,2.23
1851,0.0013616,4.76,2.23
1852,0.0013632,4.76,2.23
1853,0.0013648,4.8,2.25
1854,0.0013663999999999996,4.8,2.25
1855,0.0013679999999999996,4.8,2.25
1856,0.0013695999999999997,4.84,2.27
1857,0.0013711999999999997,4.8,2.25
1858,0.0013727999999999998,4.84,2.25
1859,0.0013743999999999998,4.84,2.27
1860,0.0013759999999999998,4.84,2.27
1861,0.0013775999999999999,4.84,2.29
1862,0.0013792,4.88,2.29
1863,0.0013808,4.88,2.29
1864,0.0013824,4.92,2.29
1865,0.0013839999999999996,4.92,2.31
1866,0.0013855999999999996,4.92,2.31
1867,0.0013871999999999997,4.96,2.31
1868,0.0013887999999999997,4.92,2.31
1869,0.0013903999999999998,4.96,2.33
1870,0.0013919999999999998,4.96,2.33
1871,0.0013935999999999998,4.96,2.33
1872,0.0013951999999999999,5.0,2.35
1873,0.0013968,4.96,2.33
1874,0.0013984,0.08,1.81
1875,0.0014,0.12,1.3900000000000001
1876,0.0014015999999999996,0.12,1.09
1877,0.0014031999999999996,0.12,0.85
1878,0.0014047999999999997,0.12,0.67
1879,0.0014063999999999997,0.16,0.53
1880,0.0014079999999999997,0.12,0.41000000000000003
1881,0.0014095999999999998,0.12,0.35000000000000003
1882,0.0014111999999999998,0.16,0.27
1883,0.0014127999999999999,0.2,0.23
1884,0.0014144,0.16,0.19
1885,0.001416,0.16,0.17
1886,0.0014176,0.2,0.13
1887,0.0014191999999999996,0.2,0.13
1888,0.0014207999999999996,0.2,0.13
1889,0.0014223999999999997,0.2,0.11
1890,0.0014239999999999997,0.24,0.11
1891,0.0014255999999999997,0.2,0.09
1892,0.0014271999999999998,0.24,0.11
1893,0.0014287999999999998,0.24,0.09
1894,0.0014303999999999999,0.24,0.09
1895,0.001432,0.28,0.11
1896,0.0014336,0.24,0.11
1897,0.0014352,0.28,0.11
1898,0.0014367999999999996,0.32,0.13
1899,0.0014383999999999996,0.32,0.11
1900,0.0014399999999999997,0.28,0.13
1901,0.0014415999999999997,0.32,0.13
1902,0.0014431999999999997,0.36,0.13
1903,0.0014447999999999998,0.36,0.13
1904,0.0014463999999999998,0.36,0.15
1905,0.0014479999999999999,0.36,0.15
1906,0.0014495999999999999,0.36,0.15
1907,0.0014512,0.4,0.15
1908,0.0014528,0.4,0.17
1909,0.0014543999999999996,0.4,0.17
1910,0.0014559999999999996,0.44,0.17
1911,0.0014575999999999997,0.44,0.17
1912,0.0014591999999999997,0.4,0.19
1913,0.0014607999999999997,0.44,0.19
1914,0.0014623999999999998,0.44,0.19
1915,0.0014639999999999998,0.48,0.19
1916,0.0014655999999999998,0.48,0.21
1917,0.0014671999999999999,0.52,0.21
1918,0.0014688,0.52,0.21
1919,0.0014704,0.52,0.23
1920,0.001472,0.52,0.23
1921,0.0014735999999999996,0.52,0.23
1922,0.0014751999999999996,0.56,0.25
1923,0.0014767999999999997,0.6,0.23
1924,0.0014783999999999997,0.56,0.25
1925,0.0014799999999999998,0.6,0.25
1926,0.0014815999999999998,0.6,0.25
1927,0.0014831999999999998,0.6,0.25
1928,0.0014847999999999999,0.6,0.27
1929,0.0014864,0.6,0.27
1930,0.001488,0.64,0.29
1931,0.0014896,0.64,0.27
1932,0.0014911999999999996,0.64,0.29
1933,0.0014927999999999996,0.64,0.29
1934,0.0014943999999999997,0.68,0.29
1935,0.0014959999999999997,0.72,0.31
1936,0.0014975999999999998,0.72,0.33
1937,0.0014991999999999998,0.72,0.31
1938,0.0015007999999999998,0.72,0.31
1939,0.0015023999999999999,0.72,0.31
1940,0.001504,0.76,0.33
1941,0.0015056,0.76,0.33
1942,0.0015072,0.76,0.33
1943,0.0015087999999999996,0.8,0.35000000000000003
1944,0.0015103999999999996,0.8,0.35000000000000003
1945,0.0015119999999999997,0.8,0.35000000000000003
1946,0.0015135999999999997,0.8,0.35000000000000003
1947,0.0015151999999999998,0.84,0.37
1948,0.0015167999999999998,0.84,0.37
1949,0.0015183999999999998,0.84,0.37
1950,0.0015199999999999999,0.84,0.39
1951,0.0015216,0.88,0.39
1952,0.0015232,0.88,0.39
1953,0.0015248,0.88,0.39
1954,0.0015263999999999996,0.92,0.41000000000000003
1955,0.0015279999999999996,0.92,0.43
1956,0.0015295999999999997,0.92,0.41000000000000003
1957,0.0015311999999999997,0.96,0.43
1958,0.0015327999999999997,0.96,0.43
1959,0.0015343999999999998,0.96,0.45
1960,0.0015359999999999998,0.96,0.43
1961,0.0015375999999999999,1.0,0.45
1962,0.0015392,1.0,0.45
1963,0.0015408,1.04,0.45
1964,0.0015424,1.0,0.45
1965,0.0015439999999999996,1.0,0.45
1966,0.0015455999999999996,1.04,0.47000000000000003
1967,0.0015471999999999997,1.04,0.47000000000000003
1968,0.0015487999999999997,1.04,0.47000000000000003
1969,0.0015503999999999997,1.08,0.47000000000000003
1970,0.0015519999999999998,1.08,0.49
1971,0.0015535999999999998,1.12,0.51
1972,0.0015551999999999999,1.08,0.49
1973,0.0015568,1.08,0.51
1974,0.0015584,1.16,0.51
1975,0.00156,1.16,0.51
1976,0.0015615999999999996,1.16,0.51
1977,0.0015631999999999996,1.16,0.51
1978,0.0015647999999999997,1.16,0.53
1979,0.0015663999999999997,1.16,0.55
1980,0.0015679999999999997,1.2,0.53
1981,0.0015695999999999998,1.2,0.55
1982,0.0015711999999999998,1.24,0.55
1983,0.0015727999999999998,1.24,0.55
1984,0.0015743999999999999,1.24,0.55
1985,0.001576,1.28,0.5700000000000001
1986,0.0015776,1.28,0.59
1987,0.0015791999999999996,1.28,0.5700000000000001
1988,0.0015807999999999996,1.32,0.59
1989,0.0015823999999999996,1.32,0.59
1990,0.0015839999999999997,1.28,0.59
1991,0.0015855999999999997,1.32,0.61
1992,0.0015871999999999998,1.32,0.59
1993,0.0015887999999999998,1.32,0.61
1994,0.0015903999999999998,1.36,0.61
1995,0.0015919999999999999,1.36,0.61
1996,0.0015936,1.36,0.63
1997,0.0015952,1.36,0.63
1998,0.0015967999999999996,1.4000000000000001,0.63
1999,0.0015983999999999996,1.4000000000000001,0.65
