,time,v1,v2
0,-0.0008,1.0,0.45
1,-0.0007992,1.04,0.43
2,-0.0007984,1.04,0.43
3,-0.0007976000000000001,1.04,0.45
4,-0.0007968000000000001,1.04,0.47000000000000003
5,-0.000796,1.04,0.45
6,-0.0007952,1.08,0.47000000000000003
7,-0.0007944,1.08,0.47000000000000003
8,-0.0007936,1.08,0.47000000000000003
9,-0.0007928000000000001,1.12,0.49
10,-0.0007920000000000001,1.08,0.47000000000000003
11,-0.0007912,1.12,0.49
12,-0.0007904,1.12,0.49
13,-0.0007896,1.12,0.49
14,-0.0007888000000000001,1.12,0.49
15,-0.0007880000000000001,1.12,0.49
16,-0.0007872,1.16,0.51
17,-0.0007864,1.16,0.51
18,-0.0007856,1.16,0.51
19,-0.0007848,1.2,0.53
20,-0.0007840000000000001,1.2,0.53
21,-0.0007832000000000001,1.2,0.53
22,-0.0007824,1.2,0.53
23,-0.0007816,1.2,0.53
24,-0.0007808,1.2,0.55
25,-0.0007800000000000001,1.24,0.53
26,-0.0007792000000000001,1.24,0.55
27,-0.0007784000000000001,1.24,0.55
28,-0.0007776,1.24,0.5700000000000001
29,-0.0007768,1.28,0.5700000000000001
30,-0.000776,1.32,0.5700000000000001
31,-0.0007752000000000001,1.32,0.5700000000000001
32,-0.0007744000000000001,1.28,0.5700000000000001
33,-0.0007736,1.32,0.5700000000000001
34,-0.0007728,1.32,0.59
35,-0.000772,1.32,0.59
36,-0.0007712,1.36,0.59
37,-0.0007704000000000001,1.36,0.61
38,-0.0007696000000000001,1.4000000000000001,0.61
39,-0.0007688,1.36,0.61
40,-0.000768,1.36,0.61
41,-0.0007672,1.4000000000000001,0.61
42,-0.0007664000000000001,1.4000000000000001,0.63
43,-0.0007656000000000001,1.4000000000000001,0.63
44,-0.0007648,1.44,0.63
45,-0.000764,1.4000000000000001,0.65
46,-0.0007632,1.4000000000000001,0.63
47,-0.0007624,1.44,0.65
48,-0.0007616000000000001,1.44,0.65
49,-0.0007608000000000001,1.44,0.65
50,-0.00076,1.48,0.65
51,-0.0007592,1.48,0.65
52,-0.0007584,1.48,0.65
53,-0.0007576,1.48,0.67
54,-0.0007568000000000001,1.52,0.67
55,-0.000756,1.52,0.67
56,-0.0007552,1.52,0.67
57,-0.0007544,1.52,0.6900000000000001
58,-0.0007536,1.56,0.6900000000000001
59,-0.0007528000000000001,1.56,0.6900000000000001
60,-0.0007520000000000001,1.6,0.6900000000000001
61,-0.0007512,1.56,0.6900000000000001
62,-0.0007504,1.6,0.71
63,-0.0007496,1.6,0.71
64,-0.0007488,1.6400000000000001,0.71
65,-0.0007480000000000001,1.6,0.71
66,-0.0007472000000000001,1.6400000000000001,0.73
67,-0.0007464,1.6400000000000001,0.73
68,-0.0007456,1.6400000000000001,0.73
69,-0.0007448,1.6400000000000001,0.75
70,-0.0007440000000000001,1.68,0.73
71,-0.0007432000000000001,1.68,0.75
72,-0.0007424,1.68,0.75
73,-0.0007416,1.68,0.77
74,-0.0007408,1.72,0.77
75,-0.00074,1.68,0.77
76,-0.0007392000000000001,1.76,0.77
77,-0.0007384000000000001,1.72,0.77
78,-0.0007376,1.72,0.77
79,-0.0007368,1.72,0.77
80,-0.000736,1.72,0.79
81,-0.0007352000000000001,1.8,0.77
82,-0.0007344000000000001,1.8,0.79
83,-0.0007336,1.8,0.79
84,-0.0007328,1.76,0.79
85,-0.000732,1.76,0.81
86,-0.0007312,1.8,0.81
87,-0.0007304000000000001,1.8,0.8300000000000001
88,-0.0007296000000000001,1.84,0.81
89,-0.0007288,1.84,0.8300000000000001
90,-0.000728,1.84,0.81
91,-0.0007272,1.8800000000000001,0.8300000000000001
92,-0.0007264000000000001,1.84,0.8300000000000001
93,-0.0007256000000000001,1.8800000000000001,0.85
94,-0.0007248,1.8800000000000001,0.8300000000000001
95,-0.000724,1.8800000000000001,0.85
96,-0.0007232,1.8800000000000001,0.85
97,-0.0007224,1.92,0.85
98,-0.0007216000000000001,1.92,0.85
99,-0.0007208000000000001,1.92,0.87
100,-0.00072,1.96,0.87
101,-0.0007192,1.96,0.89
102,-0.0007184,2.0,0.87
103,-0.0007176000000000001,2.0,0.89
104,-0.0007168000000000001,2.0,0.89
105,-0.0007160000000000001,2.0,0.89
106,-0.0007152,2.0,0.89
107,-0.0007144,2.04,0.89
108,-0.0007136,2.0,0.91
109,-0.0007128000000000001,2.0,0.91
110,-0.0007120000000000001,2.04,0.91
111,-0.0007112,2.08,0.93
112,-0.0007104,2.08,0.93
113,-0.0007096,2.08,0.91
114,-0.0007088000000000001,2.08,0.93
115,-0.0007080000000000001,2.08,0.93
116,-0.0007072000000000001,2.08,0.93
117,-0.0007064,2.08,0.93
118,-0.0007056,2.12,0.9500000000000001
119,-0.0007048,2.12,0.9500000000000001
120,-0.000704,2.12,0.9500000000000001
121,-0.0007032000000000001,2.16,0.97
122,-0.0007024,2.16,0.9500000000000001
123,-0.0007016,2.16,0.97
124,-0.0007008,2.16,0.99
125,-0.0007000000000000001,2.16,0.97
126,-0.0006992000000000001,2.16,0.97
127,-0.0006984000000000001,2.2,0.99
128,-0.0006976,2.2,0.99
129,-0.0006968,2.24,0.99
130,-0.000696,2.24,0.99
131,-0.0006952,2.2,0.99
132,-0.0006944000000000001,2.24,1.01
133,-0.0006936,2.24,1.01
134,-0.0006928,2.2800000000000002,1.01
135,-0.000692,2.2800000000000002,1.01
136,-0.0006912000000000001,2.2800000000000002,1.01
137,-0.0006904000000000001,2.24,1.03
138,-0.0006896000000000001,2.2800000000000002,1.03
139,-0.0006888,2.2800000000000002,1.03
140,-0.000688,2.32,1.03
141,-0.0006872,2.2800000000000002,1.03
142,-0.0006864,2.32,1.03
143,-0.0006856000000000001,2.32,1.05
144,-0.0006848000000000001,2.32,1.05
145,-0.000684,2.36,1.05
146,-0.0006832,2.36,1.07
147,-0.0006824,2.36,1.07
148,-0.0006816000000000001,2.36,1.07
149,-0.0006808000000000001,2.4,1.07
150,-0.00068,2.36,1.07
151,-0.0006792,2.4,1.07
152,-0.0006784,2.4,1.09
153,-0.0006776,2.4,1.09
154,-0.0006768000000000001,2.4,1.09
155,-0.0006760000000000001,2.44,1.11
156,-0.0006752,2.44,1.11
157,-0.0006744,2.48,1.1300000000000001
158,-0.0006736000000000001,2.48,1.1300000000000001
159,-0.0006728000000000001,2.48,1.11
160,-0.0006720000000000001,2.48,1.11
161,-0.0006712,2.48,1.1500000000000001
162,-0.0006704,2.48,1.1300000000000001
163,-0.0006696,2.52,1.1500000000000001
164,-0.0006688,2.56,1.1500000000000001
165,-0.0006680000000000001,2.52,1.1500000000000001
166,-0.0006672000000000001,2.56,1.1500000000000001
167,-0.0006664,2.56,1.1500000000000001
168,-0.0006656,2.56,1.1500000000000001
169,-0.0006648,2.56,1.1500000000000001
170,-0.0006640000000000001,2.6,1.17
171,-0.0006632000000000001,2.6,1.17
172,-0.0006624000000000001,2.6,1.17
173,-0.0006616,2.6,1.19
174,-0.0006608,2.64,1.19
175,-0.00066,2.64,1.19
176,-0.0006592,2.64,1.19
177,-0.0006584000000000001,2.64,1.19
178,-0.0006576,2.64,1.21
179,-0.0006568,2.64,1.21
180,-0.000656,2.68,1.21
181,-0.0006552000000000001,2.68,1.21
182,-0.0006544000000000001,2.68,1.23
183,-0.0006536000000000001,2.72,1.23
184,-0.0006528,2.72,1.23
185,-0.000652,2.72,1.23
186,-0.0006512,2.7600000000000002,1.23
187,-0.0006504,2.72,1.25
188,-0.0006496000000000001,2.72,1.25
189,-0.0006488,2.7600000000000002,1.25
190,-0.000648,2.7600000000000002,1.25
191,-0.0006472,2.7600000000000002,1.25
192,-0.0006464000000000001,2.8000000000000003,1.27
193,-0.0006456000000000001,2.8000000000000003,1.27
194,-0.0006448000000000001,2.84,1.27
195,-0.000644,2.8000000000000003,1.29
196,-0.0006432,2.84,1.29
197,-0.0006424,2.84,1.29
198,-0.0006416,2.84,1.29
199,-0.0006408000000000001,2.84,1.29
200,-0.00064,2.88,1.31
201,-0.0006392,2.88,1.29
202,-0.0006384,2.88,1.31
203,-0.0006376000000000001,2.88,1.31
204,-0.0006368000000000001,2.88,1.31
205,-0.0006360000000000001,2.92,1.33
206,-0.0006352,2.88,1.33
207,-0.0006344,2.92,1.33
208,-0.0006336,2.92,1.33
209,-0.0006328,2.92,1.33
210,-0.0006320000000000001,2.92,1.35
211,-0.0006312000000000001,2.96,1.35
212,-0.0006304,3.0,1.35
213,-0.0006296,3.0,1.35
214,-0.0006288000000000001,3.0,1.37
215,-0.0006280000000000001,3.0,1.37
216,-0.0006272000000000001,3.0,1.37
217,-0.0006264,3.04,1.37
218,-0.0006256,3.04,1.3900000000000001
219,-0.0006248,3.0,1.3900000000000001
220,-0.000624,3.04,1.3900000000000001
221,-0.0006232000000000001,3.04,1.3900000000000001
222,-0.0006224000000000001,3.04,1.3900000000000001
223,-0.0006216,3.08,1.3900000000000001
224,-0.0006208,3.08,1.41
225,-0.0006200000000000001,3.12,1.41
226,-0.0006192000000000001,3.12,1.41
227,-0.0006184000000000001,3.12,1.41
228,-0.0006176,3.12,1.43
229,-0.0006168,3.12,1.43
230,-0.000616,3.12,1.43
231,-0.0006152,3.16,1.45
232,-0.0006144000000000001,3.16,1.43
233,-0.0006136000000000001,3.16,1.45
234,-0.0006128,3.16,1.45
235,-0.000612,3.16,1.45
236,-0.0006112000000000001,3.2,1.45
237,-0.0006104000000000001,3.2,1.47
238,-0.0006096000000000001,3.2,1.47
239,-0.0006088,3.2,1.47
240,-0.000608,3.2,1.47
241,-0.0006072,3.24,1.47
242,-0.0006064,3.24,1.49
243,-0.0006056000000000001,3.24,1.49
244,-0.0006048000000000001,3.24,1.51
245,-0.000604,3.2800000000000002,1.49
246,-0.0006032,3.2800000000000002,1.51
247,-0.0006024000000000001,3.2800000000000002,1.51
248,-0.0006016000000000001,3.2800000000000002,1.51
249,-0.0006008000000000001,3.2800000000000002,1.53
250,-0.0006000000000000001,3.3200000000000003,1.53
251,-0.0005992,3.3200000000000003,1.53
252,-0.0005984,3.36,1.53
253,-0.0005976,3.36,1.53
254,-0.0005968000000000001,3.36,1.53
255,-0.0005960000000000001,3.36,1.55
256,-0.0005952,3.36,1.55
257,-0.0005944,3.4,1.55
258,-0.0005936,3.36,1.55
259,-0.0005928000000000001,3.4,1.57
260,-0.0005920000000000001,3.4,1.55
261,-0.0005912000000000001,3.44,1.57
262,-0.0005904,3.4,1.57
263,-0.0005896,3.44,1.59
264,-0.0005888,3.44,1.59
265,-0.000588,3.44,1.59
266,-0.0005872000000000001,3.44,1.59
267,-0.0005864,3.48,1.59
268,-0.0005856,3.48,1.61
269,-0.0005848,3.48,1.61
270,-0.0005840000000000001,3.48,1.6300000000000001
271,-0.0005832000000000001,3.52,1.61
272,-0.0005824000000000001,3.52,1.61
273,-0.0005816,3.52,1.6300000000000001
274,-0.0005808,3.52,1.6300000000000001
275,-0.00058,3.56,1.6500000000000001
276,-0.0005792,3.56,1.6300000000000001
277,-0.0005784000000000001,3.56,1.6300000000000001
278,-0.0005776,3.56,1.67
279,-0.0005768,3.6,1.6500000000000001
280,-0.000576,3.6,1.67
281,-0.0005752000000000001,3.6,1.67
282,-0.0005744000000000001,3.6,1.67
283,-0.0005736000000000001,3.6,1.6500000000000001
284,-0.0005728,3.64,1.67
285,-0.000572,3.64,1.67
286,-0.0005712,3.64,1.67
287,-0.0005704,3.64,1.69
288,-0.0005696000000000001,3.64,1.69
289,-0.0005688000000000001,3.68,1.71
290,-0.000568,3.68,1.71
291,-0.0005672,3.68,1.71
292,-0.0005664000000000001,3.68,1.71
293,-0.0005656000000000001,3.72,1.71
294,-0.0005648000000000001,3.72,1.71
295,-0.000564,3.72,1.73
296,-0.0005632,3.7600000000000002,1.73
297,-0.0005624,3.72,1.73
298,-0.0005616,3.7600000000000002,1.73
299,-0.0005608000000000001,3.7600000000000002,1.73
300,-0.0005600000000000001,3.7600000000000002,1.75
301,-0.0005592,3.7600000000000002,1.75
302,-0.0005584,3.8000000000000003,1.75
303,-0.0005576000000000001,3.8000000000000003,1.75
304,-0.0005568000000000001,3.8000000000000003,1.77
305,-0.0005560000000000001,3.8000000000000003,1.77
306,-0.0005552,3.84,1.77
307,-0.0005544,3.84,1.77
308,-0.0005536,3.84,1.79
309,-0.0005528,3.84,1.79
310,-0.000552,3.84,1.79
311,-0.0005512000000000001,3.88,1.79
312,-0.0005504,3.88,1.79
313,-0.0005496,3.88,1.81
314,-0.0005488000000000001,3.88,1.81
315,-0.0005480000000000001,3.88,1.81
316,-0.0005472000000000001,3.88,1.81
317,-0.0005464,3.92,1.81
318,-0.0005456,3.92,1.83
319,-0.0005448,3.92,1.83
320,-0.000544,3.92,1.83
321,-0.0005432,3.96,1.85
322,-0.0005424000000000001,3.96,1.85
323,-0.0005416,3.96,1.85
324,-0.0005408,4.0,1.87
325,-0.0005400000000000001,4.0,1.85
326,-0.0005392000000000001,4.0,1.85
327,-0.0005384000000000001,4.0,1.87
328,-0.0005376000000000001,4.0,1.87
329,-0.0005368,4.04,1.87
330,-0.000536,4.04,1.87
331,-0.0005352,4.04,1.8900000000000001
332,-0.0005344,4.04,1.8900000000000001
333,-0.0005336000000000001,4.04,1.8900000000000001
334,-0.0005328,4.08,1.8900000000000001
335,-0.000532,4.08,1.8900000000000001
336,-0.0005312000000000001,4.08,1.8900000000000001
337,-0.0005304000000000001,4.12,1.9100000000000001
338,-0.0005296000000000001,4.12,1.9100000000000001
339,-0.0005288000000000001,4.12,1.9100000000000001
340,-0.000528,4.12,1.9100000000000001
341,-0.0005272,4.12,1.93
342,-0.0005264,4.16,1.93
343,-0.0005256,4.16,1.93
344,-0.0005248000000000001,4.2,1.93
345,-0.000524,4.2,1.95
346,-0.0005232,4.2,1.95
347,-0.0005224000000000001,4.2,1.97
348,-0.0005216000000000001,4.2,1.95
349,-0.0005208000000000001,4.2,1.97
350,-0.0005200000000000001,4.24,1.97
351,-0.0005192,4.24,1.99
352,-0.0005184,4.24,1.97
353,-0.0005176,4.24,1.99
354,-0.0005168,4.24,1.99
355,-0.0005160000000000001,4.28,2.0100000000000002
356,-0.0005152000000000001,4.28,1.99
357,-0.0005144,4.28,1.99
358,-0.0005136000000000001,4.28,2.0100000000000002
359,-0.0005128000000000001,4.32,2.0100000000000002
360,-0.0005120000000000001,4.32,2.0100000000000002
361,-0.0005112000000000001,4.32,2.0100000000000002
362,-0.0005104,4.32,2.0300000000000002
363,-0.0005096,4.36,2.0300000000000002
364,-0.0005088,4.36,2.0300000000000002
365,-0.000508,4.36,2.0300000000000002
366,-0.0005072000000000001,4.4,2.05
367,-0.0005064000000000001,4.4,2.05
368,-0.0005056,4.4,2.05
369,-0.0005048000000000001,4.4,2.05
370,-0.0005040000000000001,4.44,2.07
371,-0.0005032000000000001,4.44,2.07
372,-0.0005024000000000001,4.44,2.07
373,-0.0005016,4.44,2.07
374,-0.0005008,4.44,2.07
375,-0.0005,4.44,2.07
376,-0.0004992,4.48,2.09
377,-0.0004984,4.48,2.09
378,-0.0004976000000000001,4.5200000000000005,2.09
379,-0.0004968,4.48,2.09
380,-0.0004960000000000001,4.5200000000000005,2.09
381,-0.0004952000000000001,4.5200000000000005,2.11
382,-0.0004944000000000001,4.5200000000000005,2.11
383,-0.0004936000000000001,4.5200000000000005,2.11
384,-0.0004928,4.5600000000000005,2.13
385,-0.000492,4.5600000000000005,2.11
386,-0.0004912,4.5600000000000005,2.13
387,-0.0004904,4.6000000000000005,2.13
388,-0.0004896,4.6000000000000005,2.13
389,-0.0004888000000000001,4.6000000000000005,2.15
390,-0.00048800000000000004,4.6000000000000005,2.15
391,-0.0004872000000000001,4.64,2.15
392,-0.00048640000000000006,4.6000000000000005,2.15
393,-0.00048560000000000004,4.64,2.15
394,-0.0004848000000000001,4.64,2.17
395,-0.00048400000000000006,4.64,2.17
396,-0.00048320000000000004,4.68,2.17
397,-0.00048240000000000007,4.68,2.17
398,-0.00048160000000000005,4.68,2.17
399,-0.00048080000000000003,4.68,2.19
400,-0.00048000000000000007,4.68,2.19
401,-0.00047920000000000005,4.72,2.19
402,-0.00047840000000000003,4.72,2.19
403,-0.00047760000000000006,4.76,2.19
404,-0.00047680000000000004,4.72,2.21
405,-0.0004760000000000001,4.76,2.21
406,-0.00047520000000000006,4.76,2.21
407,-0.00047440000000000004,4.76,2.21
408,-0.0004736000000000001,4.76,2.21
409,-0.00047280000000000005,4.8,2.23
410,-0.00047200000000000003,4.76,2.23
411,-0.00047120000000000007,4.8,2.23
412,-0.00047040000000000005,4.8,2.23
413,-0.00046960000000000003,4.84,2.25
414,-0.00046880000000000007,4.84,2.25
415,-0.00046800000000000005,4.84,2.25
416,-0.0004672000000000001,4.84,2.25
417,-0.00046640000000000006,4.88,2.25
418,-0.00046560000000000004,4.88,2.27
419,-0.0004648000000000001,4.88,2.27
420,-0.00046400000000000006,4.88,2.27
421,-0.00046320000000000004,4.88,2.27
422,-0.00046240000000000007,4.92,2.27
423,-0.00046160000000000005,4.92,2.27
424,-0.00046080000000000003,4.92,2.29
425,-0.00046000000000000007,4.92,2.29
426,-0.00045920000000000005,4.96,2.31
427,-0.00045840000000000003,4.96,2.29
428,-0.00045760000000000006,4.96,2.31
429,-0.00045680000000000004,4.96,2.31
430,-0.0004560000000000001,4.96,2.31
431,-0.00045520000000000006,5.0,2.33
432,-0.00045440000000000004,5.0,2.31
433,-0.0004536000000000001,5.0,2.33
434,-0.00045280000000000006,0.08,2.15
435,-0.00045200000000000004,0.08,1.8900000000000001
436,-0.00045120000000000007,0.08,1.67
437,-0.00045040000000000005,0.12,1.47
438,-0.00044960000000000003,0.12,1.29
439,-0.00044880000000000007,0.12,1.1500000000000001
440,-0.00044800000000000005,0.12,1.01
441,-0.00044720000000000003,0.16,0.89
442,-0.00044640000000000006,0.16,0.81
443,-0.00044560000000000004,0.16,0.71
444,-0.0004448000000000001,0.16,0.63
445,-0.00044400000000000006,0.2,0.5700000000000001
446,-0.00044320000000000004,0.16,0.51
447,-0.0004424000000000001,0.16,0.45
448,-0.00044160000000000005,0.2,0.41000000000000003
449,-0.00044080000000000004,0.2,0.39
450,-0.00044000000000000007,0.2,0.33
451,-0.00043920000000000005,0.2,0.31
452,-0.00043840000000000003,0.2,0.27
453,-0.00043760000000000007,0.24,0.25
454,-0.00043680000000000005,0.24,0.23
455,-0.0004360000000000001,0.24,0.23
456,-0.00043520000000000006,0.28,0.21
457,-0.00043440000000000004,0.24,0.19
458,-0.0004336000000000001,0.28,0.19
459,-0.00043280000000000006,0.28,0.19
460,-0.00043200000000000004,0.28,0.17
461,-0.00043120000000000007,0.28,0.17
462,-0.00043040000000000005,0.32,0.15
463,-0.00042960000000000003,0.28,0.17
464,-0.00042880000000000007,0.28,0.15
465,-0.00042800000000000005,0.32,0.15
466,-0.00042720000000000003,0.32,0.15
467,-0.00042640000000000006,0.32,0.15
468,-0.00042560000000000005,0.32,0.15
469,-0.0004248000000000001,0.32,0.15
470,-0.00042400000000000006,0.36,0.15
471,-0.00042320000000000004,0.36,0.17
472,-0.0004224000000000001,0.36,0.17
473,-0.00042160000000000006,0.36,0.15
474,-0.00042080000000000004,0.4,0.15
475,-0.00042000000000000007,0.4,0.15
476,-0.00041920000000000005,0.4,0.17
477,-0.00041840000000000003,0.4,0.17
478,-0.00041760000000000007,0.4,0.17
479,-0.00041680000000000005,0.44,0.17
480,-0.00041600000000000003,0.44,0.17
481,-0.00041520000000000006,0.44,0.17
482,-0.00041440000000000004,0.44,0.19
483,-0.0004136000000000001,0.48,0.19
484,-0.00041280000000000006,0.48,0.19
485,-0.00041200000000000004,0.48,0.19
486,-0.0004112000000000001,0.48,0.19
487,-0.00041040000000000006,0.52,0.21
488,-0.00040960000000000004,0.52,0.19
489,-0.00040880000000000007,0.52,0.21
490,-0.00040800000000000005,0.52,0.21
491,-0.00040720000000000003,0.52,0.23
492,-0.00040640000000000007,0.56,0.23
493,-0.00040560000000000005,0.52,0.23
494,-0.0004048000000000001,0.56,0.23
495,-0.00040400000000000006,0.56,0.23
496,-0.00040320000000000004,0.6,0.23
497,-0.0004024000000000001,0.56,0.25
498,-0.00040160000000000006,0.6,0.23
499,-0.00040080000000000004,0.6,0.25
500,-0.0004000000000000001,0.6,0.25
501,-0.00039920000000000005,0.6,0.25
502,-0.00039840000000000003,0.6,0.25
503,-0.00039760000000000007,0.64,0.27
504,-0.00039680000000000005,0.64,0.27
505,-0.00039600000000000003,0.64,0.27
506,-0.00039520000000000007,0.68,0.27
507,-0.00039440000000000005,0.68,0.29
508,-0.0003936000000000001,0.68,0.27
509,-0.00039280000000000006,0.72,0.29
510,-0.00039200000000000004,0.72,0.31
511,-0.0003912000000000001,0.72,0.29
512,-0.00039040000000000006,0.72,0.31
513,-0.00038960000000000004,0.72,0.31
514,-0.00038880000000000007,0.72,0.31
515,-0.00038800000000000005,0.76,0.31
516,-0.00038720000000000003,0.76,0.31
517,-0.00038640000000000007,0.76,0.31
518,-0.00038560000000000005,0.76,0.33
519,-0.0003848000000000001,0.76,0.33
520,-0.00038400000000000006,0.8,0.33
521,-0.00038320000000000004,0.8,0.33
522,-0.0003824000000000001,0.8,0.35000000000000003
523,-0.00038160000000000006,0.8,0.35000000000000003
524,-0.00038080000000000004,0.84,0.35000000000000003
525,-0.0003800000000000001,0.84,0.35000000000000003
526,-0.00037920000000000006,0.84,0.35000000000000003
527,-0.00037840000000000004,0.84,0.37
528,-0.00037760000000000007,0.88,0.37
529,-0.00037680000000000005,0.88,0.39
530,-0.00037600000000000003,0.88,0.37
531,-0.00037520000000000007,0.88,0.39
532,-0.00037440000000000005,0.88,0.39
533,-0.0003736000000000001,0.92,0.41000000000000003
534,-0.00037280000000000006,0.92,0.39
535,-0.00037200000000000004,0.92,0.41000000000000003
536,-0.0003712000000000001,0.92,0.39
537,-0.00037040000000000006,0.96,0.41000000000000003
538,-0.00036960000000000004,0.96,0.41000000000000003
539,-0.0003688000000000001,0.96,0.41000000000000003
540,-0.00036800000000000005,1.0,0.43
541,-0.00036720000000000004,1.0,0.43
542,-0.00036640000000000007,1.0,0.43
543,-0.00036560000000000005,1.0,0.43
544,-0.0003648000000000001,1.0,0.43
545,-0.00036400000000000007,1.04,0.45
546,-0.00036320000000000005,1.04,0.45
547,-0.0003624000000000001,1.04,0.45
548,-0.00036160000000000006,1.08,0.45
549,-0.00036080000000000004,1.08,0.47000000000000003
550,-0.0003600000000000001,1.08,0.47000000000000003
551,-0.00035920000000000006,1.08,0.49
552,-0.00035840000000000004,1.12,0.47000000000000003
553,-0.00035760000000000007,1.08,0.47000000000000003
554,-0.00035680000000000005,1.12,0.47000000000000003
555,-0.00035600000000000003,1.12,0.49
556,-0.00035520000000000007,1.12,0.49
557,-0.00035440000000000005,1.16,0.49
558,-0.0003536000000000001,1.16,0.49
559,-0.00035280000000000006,1.2,0.51
560,-0.00035200000000000005,1.16,0.51
561,-0.0003512000000000001,1.2,0.51
562,-0.00035040000000000006,1.2,0.51
563,-0.00034960000000000004,1.2,0.53
564,-0.0003488000000000001,1.2,0.53
565,-0.00034800000000000006,1.2,0.55
566,-0.00034720000000000004,1.24,0.53
567,-0.00034640000000000007,1.24,0.53
568,-0.00034560000000000005,1.24,0.53
569,-0.00034480000000000003,1.24,0.55
570,-0.00034400000000000007,1.24,0.55
571,-0.00034320000000000005,1.24,0.5700000000000001
572,-0.0003424000000000001,1.24,0.5700000000000001
573,-0.00034160000000000006,1.28,0.5700000000000001
574,-0.00034080000000000004,1.32,0.5700000000000001
575,-0.0003400000000000001,1.28,0.5700000000000001
576,-0.00033920000000000006,1.32,0.59
577,-0.00033840000000000004,1.32,0.59
578,-0.0003376000000000001,1.32,0.59
579,-0.00033680000000000006,1.36,0.59
580,-0.00033600000000000004,1.32,0.59
581,-0.00033520000000000007,1.36,0.61
582,-0.00033440000000000005,1.36,0.61
583,-0.0003336000000000001,1.36,0.61
584,-0.00033280000000000007,1.36,0.61
585,-0.00033200000000000005,1.36,0.61
586,-0.0003312000000000001,1.4000000000000001,0.63
587,-0.00033040000000000006,1.4000000000000001,0.61
588,-0.00032960000000000004,1.4000000000000001,0.63
589,-0.0003288000000000001,1.4000000000000001,0.65
590,-0.00032800000000000006,1.4000000000000001,0.63
591,-0.00032720000000000004,1.44,0.63
592,-0.0003264000000000001,1.44,0.65
593,-0.00032560000000000005,1.44,0.65
594,-0.00032480000000000003,1.48,0.67
595,-0.00032400000000000007,1.48,0.65
596,-0.00032320000000000005,1.48,0.65
597,-0.0003224000000000001,1.48,0.67
598,-0.00032160000000000007,1.52,0.67
599,-0.00032080000000000005,1.56,0.67
600,-0.0003200000000000001,1.52,0.67
601,-0.00031920000000000006,1.56,0.6900000000000001
602,-0.00031840000000000004,1.56,0.6900000000000001
603,-0.0003176000000000001,1.56,0.6900000000000001
604,-0.00031680000000000006,1.6,0.6900000000000001
605,-0.00031600000000000004,1.6,0.71
606,-0.00031520000000000007,1.6,0.6900000000000001
607,-0.00031440000000000005,1.6,0.71
608,-0.00031360000000000003,1.6,0.71
609,-0.00031280000000000007,1.6400000000000001,0.71
610,-0.00031200000000000005,1.6400000000000001,0.71
611,-0.0003112000000000001,1.6400000000000001,0.73
612,-0.00031040000000000006,1.6400000000000001,0.73
613,-0.00030960000000000004,1.6400000000000001,0.73
614,-0.0003088,1.68,0.73
615,-0.0003080000000000001,1.68,0.75
616,-0.0003072000000000001,1.68,0.75
617,-0.0003064000000000001,1.68,0.75
618,-0.00030560000000000006,1.68,0.75
619,-0.00030480000000000004,1.72,0.75
620,-0.000304,1.68,0.77
621,-0.0003032000000000001,1.72,0.77
622,-0.0003024000000000001,1.72,0.77
623,-0.00030160000000000007,1.76,0.77
624,-0.00030080000000000005,1.76,0.79
625,-0.00030000000000000003,1.76,0.79
626,-0.0002992,1.76,0.79
627,-0.0002984000000000001,1.76,0.81
628,-0.0002976000000000001,1.76,0.79
629,-0.00029680000000000006,1.8,0.81
630,-0.00029600000000000004,1.8,0.81
631,-0.0002952,1.8,0.81
632,-0.0002944000000000001,1.8,0.8300000000000001
633,-0.0002936000000000001,1.84,0.81
634,-0.00029280000000000007,1.84,0.8300000000000001
635,-0.00029200000000000005,1.84,0.8300000000000001
636,-0.00029120000000000003,1.8800000000000001,0.8300000000000001
637,-0.0002904,1.8800000000000001,0.8300000000000001
638,-0.0002896000000000001,1.8800000000000001,0.85
639,-0.0002888000000000001,1.8800000000000001,0.85
640,-0.00028800000000000006,1.8800000000000001,0.85
641,-0.00028720000000000004,1.92,0.87
642,-0.0002864,1.92,0.85
643,-0.0002856000000000001,1.92,0.85
644,-0.0002848000000000001,1.92,0.87
645,-0.00028400000000000007,1.96,0.87
646,-0.00028320000000000005,1.96,0.87
647,-0.00028240000000000003,1.96,0.89
648,-0.0002816,2.0,0.89
649,-0.0002808000000000001,2.0,0.89
650,-0.0002800000000000001,2.0,0.91
651,-0.00027920000000000006,2.0,0.89
652,-0.00027840000000000005,2.04,0.91
653,-0.0002776,2.04,0.91
654,-0.0002768000000000001,2.04,0.93
655,-0.0002760000000000001,2.08,0.91
656,-0.0002752000000000001,2.04,0.91
657,-0.00027440000000000006,2.04,0.93
658,-0.00027360000000000004,2.08,0.93
659,-0.0002728,2.08,0.93
660,-0.0002720000000000001,2.12,0.93
661,-0.0002712000000000001,2.08,0.9500000000000001
662,-0.00027040000000000007,2.12,0.9500000000000001
663,-0.00026960000000000005,2.12,0.9500000000000001
664,-0.00026880000000000003,2.12,0.9500000000000001
665,-0.000268,2.12,0.9500000000000001
666,-0.0002672000000000001,2.16,0.97
667,-0.0002664000000000001,2.16,0.97
668,-0.00026560000000000006,2.2,0.99
669,-0.00026480000000000004,2.16,0.97
670,-0.000264,2.2,0.97
671,-0.0002632000000000001,2.2,0.99
672,-0.0002624000000000001,2.2,0.99
673,-0.00026160000000000007,2.2,0.99
674,-0.00026080000000000005,2.24,0.99
675,-0.00026000000000000003,2.24,1.01
676,-0.0002592,2.24,1.01
677,-0.0002584000000000001,2.24,1.01
678,-0.0002576000000000001,2.24,1.03
679,-0.00025680000000000006,2.2800000000000002,1.01
680,-0.00025600000000000004,2.24,1.03
681,-0.0002552,2.2800000000000002,1.03
682,-0.0002544000000000001,2.2800000000000002,1.03
683,-0.0002536000000000001,2.2800000000000002,1.03
684,-0.0002528000000000001,2.32,1.03
685,-0.00025200000000000005,2.32,1.05
686,-0.00025120000000000003,2.36,1.05
687,-0.0002504,2.32,1.05
688,-0.0002496000000000001,2.32,1.07
689,-0.0002488000000000001,2.36,1.05
690,-0.00024800000000000007,2.4,1.07
691,-0.00024720000000000005,2.36,1.07
692,-0.0002464,2.36,1.07
693,-0.0002456000000000001,2.4,1.07
694,-0.0002448000000000001,2.4,1.09
695,-0.00024400000000000008,2.4,1.09
696,-0.00024320000000000006,2.4,1.11
697,-0.00024240000000000004,2.44,1.09
698,-0.00024160000000000002,2.44,1.09
699,-0.0002408000000000001,2.44,1.11
700,-0.0002400000000000001,2.44,1.09
701,-0.00023920000000000007,2.48,1.11
702,-0.00023840000000000005,2.48,1.1300000000000001
703,-0.00023760000000000003,2.48,1.11
704,-0.0002368,2.52,1.1300000000000001
705,-0.0002360000000000001,2.52,1.1300000000000001
706,-0.00023520000000000008,2.48,1.1500000000000001
707,-0.00023440000000000006,2.52,1.1300000000000001
708,-0.00023360000000000004,2.52,1.1500000000000001
709,-0.00023280000000000002,2.52,1.1500000000000001
710,-0.0002320000000000001,2.56,1.1500000000000001
711,-0.0002312000000000001,2.56,1.1500000000000001
712,-0.00023040000000000007,2.56,1.1500000000000001
713,-0.00022960000000000005,2.6,1.1500000000000001
714,-0.00022880000000000003,2.56,1.17
715,-0.000228,2.64,1.17
716,-0.0002272000000000001,2.6,1.19
717,-0.00022640000000000008,2.6,1.17
718,-0.00022560000000000006,2.64,1.19
719,-0.00022480000000000004,2.64,1.19
720,-0.00022400000000000002,2.64,1.19
721,-0.0002232000000000001,2.68,1.19
722,-0.0002224000000000001,2.64,1.21
723,-0.00022160000000000007,2.68,1.21
724,-0.00022080000000000005,2.68,1.21
725,-0.00022000000000000003,2.72,1.21
726,-0.00021920000000000002,2.68,1.23
727,-0.0002184000000000001,2.72,1.23
728,-0.00021760000000000009,2.72,1.25
729,-0.00021680000000000007,2.72,1.23
730,-0.00021600000000000005,2.72,1.25
731,-0.00021520000000000003,2.72,1.25
732,-0.00021440000000000012,2.7600000000000002,1.25
733,-0.0002136000000000001,2.7600000000000002,1.25
734,-0.00021280000000000008,2.7600000000000002,1.25
735,-0.00021200000000000006,2.7600000000000002,1.25
736,-0.00021120000000000004,2.8000000000000003,1.25
737,-0.00021040000000000002,2.8000000000000003,1.27
738,-0.0002096000000000001,2.8000000000000003,1.27
739,-0.0002088000000000001,2.8000000000000003,1.29
740,-0.00020800000000000007,2.8000000000000003,1.27
741,-0.00020720000000000005,2.8000000000000003,1.29
742,-0.00020640000000000003,2.84,1.31
743,-0.00020560000000000012,2.84,1.29
744,-0.0002048000000000001,2.88,1.31
745,-0.00020400000000000008,2.88,1.29
746,-0.00020320000000000006,2.88,1.31
747,-0.00020240000000000004,2.88,1.31
748,-0.00020160000000000002,2.92,1.33
749,-0.0002008000000000001,2.92,1.33
750,-0.0002000000000000001,2.92,1.33
751,-0.00019920000000000007,2.92,1.33
752,-0.00019840000000000005,2.92,1.33
753,-0.00019760000000000003,2.96,1.33
754,-0.0001968,2.96,1.35
755,-0.0001960000000000001,2.96,1.35
756,-0.00019520000000000008,2.96,1.35
757,-0.00019440000000000006,3.0,1.37
758,-0.00019360000000000004,3.0,1.37
759,-0.00019280000000000002,3.0,1.37
760,-0.0001920000000000001,3.0,1.37
761,-0.0001912000000000001,3.0,1.37
762,-0.00019040000000000007,3.0,1.37
763,-0.00018960000000000005,3.04,1.3900000000000001
764,-0.00018880000000000004,3.04,1.3900000000000001
765,-0.00018800000000000002,3.04,1.3900000000000001
766,-0.0001872000000000001,3.08,1.3900000000000001
767,-0.00018640000000000009,3.08,1.41
768,-0.00018560000000000007,3.04,1.41
769,-0.00018480000000000005,3.08,1.41
770,-0.00018400000000000003,3.12,1.41
771,-0.00018320000000000012,3.12,1.41
772,-0.0001824000000000001,3.12,1.43
773,-0.00018160000000000008,3.12,1.43
774,-0.00018080000000000006,3.16,1.43
775,-0.00018000000000000004,3.16,1.45
776,-0.00017920000000000002,3.2,1.45
777,-0.0001784000000000001,3.16,1.45
778,-0.0001776000000000001,3.16,1.45
779,-0.00017680000000000007,3.2,1.45
780,-0.00017600000000000005,3.2,1.45
781,-0.00017520000000000003,3.2,1.45
782,-0.00017440000000000012,3.24,1.47
783,-0.0001736000000000001,3.2,1.47
784,-0.00017280000000000008,3.24,1.49
785,-0.00017200000000000006,3.24,1.47
786,-0.00017120000000000004,3.24,1.51
787,-0.00017040000000000002,3.24,1.49
788,-0.0001696000000000001,3.24,1.51
789,-0.0001688000000000001,3.2800000000000002,1.49
790,-0.00016800000000000007,3.3200000000000003,1.51
791,-0.00016720000000000005,3.3200000000000003,1.51
792,-0.00016640000000000003,3.2800000000000002,1.51
793,-0.00016560000000000001,3.3200000000000003,1.53
794,-0.0001648000000000001,3.3200000000000003,1.53
795,-0.00016400000000000008,3.36,1.51
796,-0.00016320000000000006,3.36,1.53
797,-0.00016240000000000004,3.36,1.53
798,-0.00016160000000000002,3.36,1.53
799,-0.00016080000000000011,3.36,1.55
800,-0.0001600000000000001,3.4,1.55
801,-0.00015920000000000007,3.36,1.55
802,-0.00015840000000000006,3.4,1.55
803,-0.00015760000000000004,3.4,1.57
804,-0.00015680000000000002,3.4,1.57
805,-0.0001560000000000001,3.4,1.57
806,-0.00015520000000000009,3.44,1.59
807,-0.00015440000000000007,3.48,1.59
808,-0.00015360000000000005,3.44,1.59
809,-0.00015280000000000003,3.44,1.59
810,-0.00015200000000000012,3.44,1.59
811,-0.0001512000000000001,3.48,1.61
812,-0.00015040000000000008,3.48,1.59
813,-0.00014960000000000006,3.52,1.61
814,-0.00014880000000000004,3.48,1.61
815,-0.00014800000000000002,3.52,1.61
816,-0.0001472000000000001,3.52,1.61
817,-0.0001464000000000001,3.52,1.61
818,-0.00014560000000000007,3.56,1.6300000000000001
819,-0.00014480000000000005,3.56,1.6300000000000001
820,-0.00014400000000000003,3.6,1.6300000000000001
821,-0.00014320000000000012,3.56,1.6500000000000001
822,-0.0001424000000000001,3.6,1.6500000000000001
823,-0.00014160000000000008,3.6,1.67
824,-0.00014080000000000006,3.6,1.6500000000000001
825,-0.00014000000000000004,3.6,1.6500000000000001
826,-0.00013920000000000002,3.64,1.67
827,-0.0001384000000000001,3.64,1.67
828,-0.0001376000000000001,3.64,1.67
829,-0.00013680000000000007,3.68,1.67
830,-0.00013600000000000005,3.68,1.69
831,-0.00013520000000000003,3.64,1.69
832,-0.00013440000000000012,3.68,1.71
833,-0.0001336000000000001,3.68,1.69
834,-0.00013280000000000008,3.68,1.69
835,-0.00013200000000000006,3.68,1.71
836,-0.00013120000000000004,3.72,1.71
837,-0.00013040000000000003,3.72,1.71
838,-0.00012960000000000011,3.72,1.71
839,-0.0001288000000000001,3.72,1.73
840,-0.00012800000000000008,3.72,1.73
841,-0.00012720000000000006,3.7600000000000002,1.73
842,-0.00012640000000000004,3.7600000000000002,1.75
843,-0.00012560000000000002,3.8000000000000003,1.75
844,-0.0001248000000000001,3.7600000000000002,1.75
845,-0.0001240000000000001,3.8000000000000003,1.75
846,-0.00012320000000000007,3.8000000000000003,1.75
847,-0.00012240000000000005,3.8000000000000003,1.75
848,-0.00012160000000000003,3.8000000000000003,1.75
849,-0.00012080000000000012,3.8000000000000003,1.77
850,-0.0001200000000000001,3.8000000000000003,1.77
851,-0.00011920000000000008,3.84,1.77
852,-0.00011840000000000006,3.84,1.77
853,-0.00011760000000000004,3.88,1.79
854,-0.00011680000000000002,3.88,1.79
855,-0.00011600000000000011,3.88,1.79
856,-0.00011520000000000009,3.88,1.79
857,-0.00011440000000000007,3.88,1.81
858,-0.00011360000000000005,3.88,1.81
859,-0.00011280000000000003,3.88,1.81
860,-0.00011200000000000012,3.96,1.81
861,-0.0001112000000000001,3.92,1.83
862,-0.00011040000000000008,3.92,1.83
863,-0.00010960000000000006,3.96,1.85
864,-0.00010880000000000004,3.96,1.83
865,-0.00010800000000000002,3.96,1.85
866,-0.00010720000000000011,3.96,1.85
867,-0.00010640000000000009,4.0,1.85
868,-0.00010560000000000007,4.0,1.85
869,-0.00010480000000000005,4.0,1.85
870,-0.00010400000000000003,4.0,1.87
871,-0.00010320000000000012,4.04,1.87
872,-0.0001024000000000001,4.04,1.87
873,-0.00010160000000000008,4.04,1.87
874,-0.00010080000000000006,4.04,1.87
875,-0.00010000000000000005,4.04,1.8900000000000001
876,-9.920000000000003e-05,4.08,1.8900000000000001
877,-9.840000000000011e-05,4.08,1.8900000000000001
878,-9.76000000000001e-05,4.12,1.9100000000000001
879,-9.680000000000008e-05,4.08,1.9100000000000001
880,-9.600000000000006e-05,4.12,1.9100000000000001
881,-9.520000000000004e-05,4.12,1.93
882,-9.440000000000002e-05,4.12,1.9100000000000001
883,-9.36000000000001e-05,4.12,1.93
884,-9.280000000000009e-05,4.16,1.93
885,-9.200000000000007e-05,4.16,1.93
886,-9.120000000000005e-05,4.16,1.93
887,-9.040000000000003e-05,4.16,1.95
888,-8.960000000000012e-05,4.2,1.93
889,-8.88000000000001e-05,4.2,1.95
890,-8.800000000000008e-05,4.2,1.95
891,-8.720000000000006e-05,4.2,1.95
892,-8.640000000000004e-05,4.2,1.97
893,-8.560000000000002e-05,4.2,1.95
894,-8.480000000000011e-05,4.24,1.97
895,-8.400000000000009e-05,4.24,1.97
896,-8.320000000000007e-05,4.24,1.97
897,-8.240000000000005e-05,4.24,1.99
898,-8.160000000000003e-05,4.28,1.99
899,-8.080000000000012e-05,4.28,1.99
900,-8.00000000000001e-05,4.32,1.99
901,-7.920000000000008e-05,4.28,1.99
902,-7.840000000000006e-05,4.28,2.0100000000000002
903,-7.760000000000004e-05,4.32,2.0100000000000002
904,-7.680000000000002e-05,4.32,2.0100000000000002
905,-7.600000000000011e-05,4.32,2.0100000000000002
906,-7.520000000000009e-05,4.36,2.0300000000000002
907,-7.440000000000007e-05,4.32,2.0300000000000002
908,-7.360000000000005e-05,4.32,2.0300000000000002
909,-7.280000000000003e-05,4.36,2.0300000000000002
910,-7.200000000000012e-05,4.36,2.05
911,-7.12000000000001e-05,4.4,2.0300000000000002
912,-7.040000000000008e-05,4.4,2.05
913,-6.960000000000007e-05,4.44,2.05
914,-6.880000000000005e-05,4.4,2.05
915,-6.800000000000003e-05,4.44,2.05
916,-6.720000000000012e-05,4.44,2.07
917,-6.64000000000001e-05,4.44,2.07
918,-6.560000000000008e-05,4.48,2.07
919,-6.480000000000006e-05,4.48,2.09
920,-6.400000000000004e-05,4.48,2.09
921,-6.320000000000002e-05,4.48,2.09
922,-6.240000000000011e-05,4.5200000000000005,2.09
923,-6.160000000000009e-05,4.48,2.09
924,-6.080000000000007e-05,4.48,2.09
925,-6.000000000000005e-05,4.5200000000000005,2.09
926,-5.920000000000003e-05,4.5200000000000005,2.11
927,-5.840000000000012e-05,4.5200000000000005,2.11
928,-5.76000000000001e-05,4.5600000000000005,2.13
929,-5.680000000000008e-05,4.5600000000000005,2.13
930,-5.600000000000006e-05,4.5600000000000005,2.13
931,-5.520000000000004e-05,4.5600000000000005,2.13
932,-5.440000000000002e-05,4.6000000000000005,2.15
933,-5.360000000000011e-05,4.6000000000000005,2.15
934,-5.280000000000009e-05,4.6000000000000005,2.15
935,-5.200000000000007e-05,4.6000000000000005,2.15
936,-5.120000000000005e-05,4.64,2.15
937,-5.040000000000003e-05,4.64,2.17
938,-4.960000000000012e-05,4.64,2.17
939,-4.88000000000001e-05,4.64,2.17
940,-4.800000000000008e-05,4.68,2.17
941,-4.720000000000006e-05,4.68,2.17
942,-4.6400000000000044e-05,4.68,2.19
943,-4.5600000000000024e-05,4.68,2.19
944,-4.480000000000011e-05,4.68,2.19
945,-4.4000000000000094e-05,4.72,2.19
946,-4.3200000000000074e-05,4.72,2.19
947,-4.2400000000000055e-05,4.72,2.21
948,-4.1600000000000035e-05,4.76,2.19
949,-4.0800000000000124e-05,4.76,2.21
950,-4.0000000000000105e-05,4.76,2.21
951,-3.9200000000000085e-05,4.76,2.21
952,-3.8400000000000066e-05,4.8,2.23
953,-3.7600000000000047e-05,4.8,2.23
954,-3.680000000000003e-05,4.8,2.23
955,-3.6000000000000116e-05,4.8,2.23
956,-3.52000000000001e-05,4.8,2.23
957,-3.440000000000008e-05,4.8,2.25
958,-3.360000000000006e-05,4.84,2.25
959,-3.280000000000004e-05,4.84,2.25
960,-3.200000000000002e-05,4.84,2.25
961,-3.120000000000011e-05,4.84,2.27
962,-3.040000000000009e-05,4.84,2.27
963,-2.960000000000007e-05,4.88,2.27
964,-2.880000000000005e-05,4.88,2.27
965,-2.800000000000003e-05,4.92,2.27
966,-2.720000000000012e-05,4.92,2.29
967,-2.64000000000001e-05,4.92,2.29
968,-2.560000000000008e-05,4.92,2.29
969,-2.480000000000006e-05,4.92,2.29
970,-2.400000000000004e-05,4.96,2.29
971,-2.3200000000000022e-05,4.96,2.31
972,-2.240000000000011e-05,4.96,2.31
973,-2.160000000000009e-05,4.96,2.31
974,-2.0800000000000072e-05,4.96,2.31
975,-2.0000000000000052e-05,5.0,2.31
976,-1.9200000000000033e-05,5.0,2.33
977,-1.8400000000000122e-05,5.0,2.35
978,-1.7600000000000103e-05,0.08,2.0300000000000002
979,-1.6800000000000083e-05,0.08,1.79
980,-1.6000000000000064e-05,0.12,1.57
981,-1.5200000000000044e-05,0.12,1.37
982,-1.4400000000000025e-05,0.12,1.23
983,-1.3600000000000114e-05,0.12,1.07
984,-1.2800000000000094e-05,0.12,0.9500000000000001
985,-1.2000000000000075e-05,0.12,0.85
986,-1.1200000000000055e-05,0.12,0.77
987,-1.0400000000000036e-05,0.16,0.67
988,-9.600000000000125e-06,0.16,0.59
989,-8.800000000000105e-06,0.16,0.53
990,-8.000000000000086e-06,0.2,0.47000000000000003
991,-7.200000000000067e-06,0.16,0.43
992,-6.400000000000047e-06,0.2,0.39
993,-5.600000000000028e-06,0.16,0.35000000000000003
994,-4.800000000000117e-06,0.2,0.33
995,-4.000000000000097e-06,0.2,0.29
996,-3.2000000000000778e-06,0.2,0.27
997,-2.4000000000000583e-06,0.2,0.25
998,-1.6000000000000389e-06,0.24,0.23
999,-8.000000000001279e-07,0.24,0.21
1000,-1.0842021724855044e-19,0.24,0.21
1001,7.99999999999911e-07,0.24,0.19
1002,1.5999999999999305e-06,0.24,0.19
1003,2.39999999999995e-06,0.28,0.17
1004,3.1999999999999694e-06,0.28,0.17
1005,3.99999999999988e-06,0.28,0.17
1006,4.7999999999999e-06,0.32,0.15
1007,5.599999999999919e-06,0.32,0.15
1008,6.399999999999939e-06,0.32,0.15
1009,7.199999999999958e-06,0.32,0.15
1010,7.999999999999978e-06,0.32,0.15
1011,8.799999999999889e-06,0.32,0.15
1012,9.599999999999908e-06,0.36,0.15
1013,1.0399999999999928e-05,0.36,0.15
1014,1.1199999999999947e-05,0.36,0.15
1015,1.1999999999999966e-05,0.36,0.15
1016,1.2799999999999877e-05,0.36,0.17
1017,1.3599999999999897e-05,0.4,0.15
1018,1.4399999999999916e-05,0.4,0.17
1019,1.5199999999999936e-05,0.4,0.15
1020,1.5999999999999955e-05,0.4,0.17
1021,1.6799999999999975e-05,0.44,0.17
1022,1.7599999999999886e-05,0.44,0.17
1023,1.8399999999999905e-05,0.44,0.17
1024,1.9199999999999925e-05,0.44,0.19
1025,1.9999999999999944e-05,0.48,0.19
1026,2.0799999999999963e-05,0.48,0.17
1027,2.1599999999999875e-05,0.44,0.19
1028,2.2399999999999894e-05,0.48,0.21
1029,2.3199999999999913e-05,0.48,0.19
1030,2.3999999999999933e-05,0.48,0.19
1031,2.4799999999999952e-05,0.48,0.21
1032,2.5599999999999972e-05,0.52,0.21
1033,2.6399999999999883e-05,0.52,0.21
1034,2.7199999999999902e-05,0.52,0.21
1035,2.799999999999992e-05,0.52,0.21
1036,2.879999999999994e-05,0.52,0.23
1037,2.959999999999996e-05,0.56,0.23
1038,3.039999999999987e-05,0.56,0.23
1039,3.119999999999989e-05,0.56,0.23
1040,3.199999999999991e-05,0.56,0.23
1041,3.279999999999993e-05,0.6,0.25
1042,3.359999999999995e-05,0.6,0.23
1043,3.439999999999997e-05,0.6,0.25
1044,3.519999999999988e-05,0.6,0.25
1045,3.59999999999999e-05,0.6,0.27
1046,3.679999999999992e-05,0.64,0.27
1047,3.759999999999994e-05,0.64,0.27
1048,3.839999999999996e-05,0.68,0.27
1049,3.919999999999998e-05,0.64,0.27
1050,3.999999999999989e-05,0.68,0.27
1051,4.079999999999991e-05,0.72,0.29
1052,4.159999999999993e-05,0.68,0.29
1053,4.2399999999999946e-05,0.72,0.29
1054,4.3199999999999966e-05,0.68,0.29
1055,4.399999999999988e-05,0.72,0.31
1056,4.4799999999999896e-05,0.72,0.31
1057,4.5599999999999916e-05,0.76,0.31
1058,4.6399999999999935e-05,0.76,0.31
1059,4.7199999999999955e-05,0.76,0.31
1060,4.7999999999999974e-05,0.76,0.33
1061,4.8799999999999885e-05,0.76,0.33
1062,4.9599999999999905e-05,0.8,0.33
1063,5.0399999999999924e-05,0.8,0.35000000000000003
1064,5.1199999999999943e-05,0.8,0.33
1065,5.199999999999996e-05,0.8,0.33
1066,5.2799999999999874e-05,0.84,0.35000000000000003
1067,5.3599999999999893e-05,0.8,0.35000000000000003
1068,5.439999999999991e-05,0.84,0.35000000000000003
1069,5.519999999999993e-05,0.84,0.37
1070,5.599999999999995e-05,0.88,0.37
1071,5.679999999999997e-05,0.88,0.37
1072,5.759999999999988e-05,0.84,0.37
1073,5.83999999999999e-05,0.88,0.37
1074,5.919999999999992e-05,0.92,0.37
1075,5.999999999999994e-05,0.88,0.39
1076,6.079999999999996e-05,0.92,0.39
1077,6.159999999999987e-05,0.92,0.39
1078,6.239999999999989e-05,0.92,0.41000000000000003
1079,6.319999999999991e-05,0.92,0.39
1080,6.399999999999993e-05,0.96,0.41000000000000003
1081,6.479999999999995e-05,0.96,0.43
1082,6.559999999999997e-05,0.96,0.41000000000000003
1083,6.639999999999988e-05,0.96,0.41000000000000003
1084,6.71999999999999e-05,1.0,0.41000000000000003
1085,6.799999999999992e-05,1.0,0.43
1086,6.879999999999994e-05,1.0,0.43
1087,6.959999999999996e-05,1.0,0.43
1088,7.039999999999987e-05,1.04,0.43
1089,7.119999999999989e-05,1.04,0.45
1090,7.199999999999991e-05,1.04,0.45
1091,7.279999999999993e-05,1.04,0.45
1092,7.359999999999995e-05,1.04,0.45
1093,7.439999999999997e-05,1.08,0.47000000000000003
1094,7.519999999999988e-05,1.08,0.47000000000000003
1095,7.59999999999999e-05,1.12,0.49
1096,7.679999999999992e-05,1.12,0.47000000000000003
1097,7.759999999999993e-05,1.12,0.49
1098,7.839999999999995e-05,1.12,0.49
1099,7.919999999999997e-05,1.12,0.49
1100,7.999999999999988e-05,1.12,0.49
1101,8.07999999999999e-05,1.12,0.49
1102,8.159999999999992e-05,1.16,0.51
1103,8.239999999999994e-05,1.16,0.51
1104,8.319999999999996e-05,1.2,0.51
1105,8.399999999999987e-05,1.16,0.51
1106,8.479999999999989e-05,1.2,0.51
1107,8.559999999999991e-05,1.2,0.53
1108,8.639999999999993e-05,1.24,0.53
1109,8.719999999999995e-05,1.2,0.53
1110,8.799999999999997e-05,1.24,0.55
1111,8.879999999999988e-05,1.24,0.55
1112,8.95999999999999e-05,1.24,0.55
1113,9.039999999999992e-05,1.24,0.55
1114,9.119999999999994e-05,1.28,0.55
1115,9.199999999999996e-05,1.28,0.55
1116,9.279999999999987e-05,1.28,0.55
1117,9.359999999999989e-05,1.32,0.5700000000000001
1118,9.439999999999991e-05,1.32,0.59
1119,9.519999999999993e-05,1.28,0.59
1120,9.599999999999995e-05,1.32,0.5700000000000001
1121,9.679999999999997e-05,1.32,0.59
1122,9.759999999999988e-05,1.36,0.59
1123,9.83999999999999e-05,1.32,0.59
1124,9.919999999999992e-05,1.32,0.59
1125,9.999999999999994e-05,1.36,0.61
1126,0.00010079999999999996,1.36,0.61
1127,0.00010159999999999987,1.36,0.61
1128,0.00010239999999999989,1.36,0.61
1129,0.0001031999999999999,1.36,0.61
1130,0.00010399999999999993,1.36,0.63
1131,0.00010479999999999995,1.4000000000000001,0.63
1132,0.00010559999999999996,1.4000000000000001,0.63
1133,0.00010639999999999988,1.4000000000000001,0.63
1134,0.0001071999999999999,1.44,0.63
1135,0.00010799999999999991,1.44,0.65
1136,0.00010879999999999993,1.48,0.65
1137,0.00010959999999999995,1.48,0.65
1138,0.00011039999999999997,1.48,0.67
1139,0.00011119999999999988,1.52,0.67
1140,0.0001119999999999999,1.52,0.67
1141,0.00011279999999999992,1.48,0.67
1142,0.00011359999999999994,1.56,0.6900000000000001
1143,0.00011439999999999996,1.52,0.67
1144,0.00011519999999999987,1.52,0.67
1145,0.00011599999999999989,1.52,0.6900000000000001
1146,0.00011679999999999991,1.56,0.6900000000000001
1147,0.00011759999999999993,1.6,0.6900000000000001
1148,0.00011839999999999995,1.56,0.6900000000000001
1149,0.00011919999999999997,1.6,0.71
1150,0.00011999999999999988,1.6,0.71
1151,0.0001207999999999999,1.56,0.73
1152,0.00012159999999999992,1.6400000000000001,0.71
1153,0.00012239999999999994,1.6,0.73
1154,0.00012319999999999996,1.6400000000000001,0.73
1155,0.00012399999999999987,1.6400000000000001,0.73
1156,0.0001247999999999999,1.6400000000000001,0.73
1157,0.0001255999999999999,1.6400000000000001,0.73
1158,0.00012639999999999993,1.68,0.73
1159,0.00012719999999999995,1.68,0.75
1160,0.00012799999999999997,1.68,0.75
1161,0.00012879999999999988,1.68,0.75
1162,0.0001295999999999999,1.68,0.77
1163,0.00013039999999999992,1.72,0.77
1164,0.00013119999999999994,1.72,0.79
1165,0.00013199999999999996,1.72,0.77
1166,0.00013279999999999987,1.72,0.77
1167,0.00013359999999999989,1.76,0.77
1168,0.0001343999999999999,1.76,0.79
1169,0.00013519999999999993,1.8,0.79
1170,0.00013599999999999994,1.8,0.81
1171,0.00013679999999999996,1.8,0.79
1172,0.00013759999999999988,1.8,0.81
1173,0.0001383999999999999,1.8,0.81
1174,0.00013919999999999991,1.8,0.8300000000000001
1175,0.00013999999999999993,1.8,0.81
1176,0.00014079999999999995,1.84,0.81
1177,0.00014159999999999997,1.84,0.81
1178,0.00014239999999999988,1.84,0.81
1179,0.0001431999999999999,1.8800000000000001,0.85
1180,0.00014399999999999992,1.8800000000000001,0.8300000000000001
1181,0.00014479999999999994,1.8800000000000001,0.8300000000000001
1182,0.00014559999999999996,1.8800000000000001,0.8300000000000001
1183,0.00014639999999999987,1.8800000000000001,0.87
1184,0.0001471999999999999,1.8800000000000001,0.85
1185,0.0001479999999999999,1.92,0.85
1186,0.00014879999999999993,1.92,0.85
1187,0.00014959999999999995,1.96,0.87
1188,0.00015039999999999997,1.96,0.87
1189,0.00015119999999999988,1.96,0.89
1190,0.0001519999999999999,1.96,0.87
1191,0.00015279999999999992,1.96,0.89
1192,0.00015359999999999994,2.0,0.89
1193,0.00015439999999999996,2.04,0.89
1194,0.00015519999999999987,2.0,0.91
1195,0.0001559999999999999,2.04,0.89
1196,0.0001567999999999999,2.0,0.91
1197,0.00015759999999999993,2.04,0.91
1198,0.00015839999999999995,2.04,0.91
1199,0.00015919999999999997,2.04,0.93
1200,0.00015999999999999988,2.04,0.91
1201,0.0001607999999999999,2.08,0.93
1202,0.00016159999999999992,2.08,0.93
1203,0.00016239999999999994,2.08,0.9500000000000001
1204,0.00016319999999999996,2.08,0.93
1205,0.00016399999999999987,2.12,0.9500000000000001
1206,0.00016479999999999989,2.16,0.97
1207,0.0001655999999999999,2.12,0.9500000000000001
1208,0.00016639999999999992,2.12,0.9500000000000001
1209,0.00016719999999999994,2.12,0.9500000000000001
1210,0.00016799999999999996,2.16,0.9500000000000001
1211,0.00016879999999999987,2.16,0.97
1212,0.0001695999999999999,2.16,0.97
1213,0.0001703999999999999,2.16,0.97
1214,0.00017119999999999993,2.16,0.99
1215,0.00017199999999999995,2.2,0.99
1216,0.00017279999999999997,2.2,0.99
1217,0.00017359999999999988,2.24,1.01
1218,0.0001743999999999999,2.2,0.99
1219,0.00017519999999999992,2.24,1.01
1220,0.00017599999999999994,2.24,1.01
1221,0.00017679999999999985,2.2800000000000002,1.03
1222,0.00017759999999999987,2.24,1.01
1223,0.0001783999999999999,2.2800000000000002,1.01
1224,0.0001791999999999999,2.2800000000000002,1.03
1225,0.00017999999999999993,2.2800000000000002,1.03
1226,0.00018079999999999995,2.2800000000000002,1.03
1227,0.00018159999999999997,2.2800000000000002,1.03
1228,0.0001824,2.32,1.03
1229,0.0001832,2.32,1.05
1230,0.0001839999999999998,2.36,1.05
1231,0.00018479999999999983,2.32,1.07
1232,0.00018559999999999985,2.32,1.05
1233,0.00018639999999999987,2.36,1.07
1234,0.0001871999999999999,2.36,1.07
1235,0.0001879999999999999,2.4,1.09
1236,0.00018879999999999993,2.4,1.07
1237,0.00018959999999999995,2.4,1.09
1238,0.00019039999999999997,2.4,1.07
1239,0.00019119999999999999,2.4,1.07
1240,0.000192,2.4,1.09
1241,0.00019280000000000002,2.4,1.09
1242,0.00019359999999999983,2.4,1.11
1243,0.00019439999999999985,2.44,1.11
1244,0.00019519999999999987,2.44,1.11
1245,0.00019599999999999989,2.48,1.11
1246,0.0001967999999999999,2.48,1.1300000000000001
1247,0.00019759999999999992,2.48,1.1300000000000001
1248,0.00019839999999999994,2.48,1.1300000000000001
1249,0.00019919999999999996,2.52,1.1300000000000001
1250,0.00019999999999999998,2.52,1.1300000000000001
1251,0.0002008,2.52,1.1300000000000001
1252,0.00020160000000000002,2.52,1.1500000000000001
1253,0.00020239999999999982,2.56,1.1500000000000001
1254,0.00020319999999999984,2.56,1.1500000000000001
1255,0.00020399999999999986,2.52,1.1500000000000001
1256,0.00020479999999999988,2.56,1.17
1257,0.0002055999999999999,2.56,1.17
1258,0.00020639999999999992,2.6,1.17
1259,0.00020719999999999994,2.56,1.17
1260,0.00020799999999999996,2.6,1.17
1261,0.00020879999999999998,2.6,1.19
1262,0.0002096,2.6,1.19
1263,0.00021040000000000002,2.6,1.19
1264,0.00021119999999999982,2.64,1.19
1265,0.00021199999999999984,2.64,1.21
1266,0.00021279999999999986,2.64,1.21
1267,0.00021359999999999988,2.68,1.21
1268,0.0002143999999999999,2.72,1.21
1269,0.00021519999999999992,2.68,1.23
1270,0.00021599999999999994,2.72,1.23
1271,0.00021679999999999996,2.72,1.23
1272,0.00021759999999999998,2.72,1.23
1273,0.0002184,2.72,1.25
1274,0.00021920000000000002,2.72,1.25
1275,0.00021999999999999982,2.72,1.25
1276,0.00022079999999999984,2.72,1.27
1277,0.00022159999999999986,2.7600000000000002,1.25
1278,0.00022239999999999988,2.8000000000000003,1.27
1279,0.0002231999999999999,2.7600000000000002,1.25
1280,0.00022399999999999992,2.7600000000000002,1.27
1281,0.00022479999999999993,2.8000000000000003,1.27
1282,0.00022559999999999995,2.8000000000000003,1.27
1283,0.00022639999999999997,2.8000000000000003,1.27
1284,0.0002272,2.8000000000000003,1.29
1285,0.000228,2.84,1.29
1286,0.00022879999999999982,2.84,1.29
1287,0.00022959999999999983,2.84,1.31
1288,0.00023039999999999985,2.88,1.31
1289,0.00023119999999999987,2.88,1.31
1290,0.0002319999999999999,2.88,1.33
1291,0.0002327999999999999,2.88,1.33
1292,0.00023359999999999993,2.88,1.33
1293,0.00023439999999999995,2.92,1.33
1294,0.00023519999999999997,2.92,1.33
1295,0.000236,2.92,1.33
1296,0.0002368,2.92,1.33
1297,0.0002375999999999998,2.92,1.35
1298,0.00023839999999999983,2.96,1.35
1299,0.00023919999999999985,2.96,1.35
1300,0.00023999999999999987,3.0,1.37
1301,0.0002407999999999999,3.0,1.37
1302,0.0002415999999999999,3.0,1.37
1303,0.00024239999999999993,3.0,1.37
1304,0.00024319999999999995,3.04,1.37
1305,0.00024399999999999997,3.0,1.3900000000000001
1306,0.0002448,3.0,1.3900000000000001
1307,0.0002456,3.04,1.41
1308,0.0002463999999999998,3.04,1.41
1309,0.00024719999999999983,3.08,1.41
1310,0.00024799999999999985,3.08,1.3900000000000001
1311,0.00024879999999999987,3.08,1.41
1312,0.0002495999999999999,3.08,1.41
1313,0.0002503999999999999,3.08,1.41
1314,0.0002511999999999999,3.12,1.41
1315,0.00025199999999999995,3.12,1.41
1316,0.00025279999999999996,3.12,1.43
1317,0.0002536,3.12,1.43
1318,0.0002544,3.16,1.45
1319,0.0002551999999999998,3.12,1.45
1320,0.0002559999999999998,3.16,1.45
1321,0.00025679999999999985,3.2,1.47
1322,0.00025759999999999986,3.2,1.45
1323,0.0002583999999999999,3.2,1.45
1324,0.0002591999999999999,3.2,1.47
1325,0.0002599999999999999,3.2,1.47
1326,0.00026079999999999994,3.2,1.47
1327,0.00026159999999999996,3.2,1.47
1328,0.0002624,3.24,1.47
1329,0.0002632,3.24,1.49
1330,0.000264,3.24,1.49
1331,0.0002647999999999998,3.2800000000000002,1.49
1332,0.00026559999999999984,3.2800000000000002,1.49
1333,0.00026639999999999986,3.2800000000000002,1.51
1334,0.0002671999999999999,3.2800000000000002,1.51
1335,0.0002679999999999999,3.2800000000000002,1.51
1336,0.0002687999999999999,3.2800000000000002,1.51
1337,0.00026959999999999994,3.3200000000000003,1.51
1338,0.00027039999999999996,3.36,1.53
1339,0.0002712,3.3200000000000003,1.53
1340,0.000272,3.3200000000000003,1.55
1341,0.0002728,3.36,1.53
1342,0.0002735999999999998,3.36,1.55
1343,0.00027439999999999984,3.4,1.55
1344,0.00027519999999999986,3.4,1.55
1345,0.0002759999999999999,3.4,1.55
1346,0.0002767999999999999,3.4,1.57
1347,0.0002775999999999999,3.4,1.57
1348,0.00027839999999999994,3.4,1.57
1349,0.00027919999999999996,3.44,1.57
1350,0.00028,3.44,1.57
1351,0.0002808,3.44,1.59
1352,0.0002816,3.44,1.59
1353,0.0002823999999999998,3.48,1.59
1354,0.00028319999999999984,3.52,1.59
1355,0.00028399999999999986,3.48,1.61
1356,0.0002847999999999999,3.48,1.61
1357,0.0002855999999999999,3.52,1.6300000000000001
1358,0.0002863999999999999,3.52,1.61
1359,0.00028719999999999993,3.56,1.61
1360,0.00028799999999999995,3.52,1.6300000000000001
1361,0.00028879999999999997,3.52,1.6300000000000001
1362,0.0002896,3.56,1.6300000000000001
1363,0.0002904,3.56,1.6300000000000001
1364,0.0002911999999999998,3.56,1.6300000000000001
1365,0.00029199999999999983,3.56,1.6500000000000001
1366,0.00029279999999999985,3.56,1.6500000000000001
1367,0.00029359999999999987,3.56,1.6500000000000001
1368,0.0002943999999999999,3.6,1.6500000000000001
1369,0.0002951999999999999,3.6,1.67
1370,0.00029599999999999993,3.6,1.67
1371,0.00029679999999999995,3.6,1.67
1372,0.00029759999999999997,3.64,1.67
1373,0.0002984,3.64,1.67
1374,0.0002992,3.64,1.69
1375,0.0002999999999999998,3.68,1.69
1376,0.00030079999999999983,3.68,1.69
1377,0.00030159999999999985,3.68,1.69
1378,0.00030239999999999987,3.68,1.71
1379,0.0003031999999999999,3.72,1.71
1380,0.0003039999999999999,3.68,1.71
1381,0.00030479999999999993,3.72,1.71
1382,0.00030559999999999995,3.72,1.73
1383,0.00030639999999999997,3.72,1.73
1384,0.0003072,3.7600000000000002,1.73
1385,0.000308,3.72,1.73
1386,0.0003087999999999998,3.7600000000000002,1.75
1387,0.00030959999999999983,3.7600000000000002,1.73
1388,0.00031039999999999985,3.7600000000000002,1.75
1389,0.00031119999999999987,3.8000000000000003,1.75
1390,0.0003119999999999999,3.8000000000000003,1.75
1391,0.0003127999999999999,3.8000000000000003,1.75
1392,0.0003135999999999999,3.8000000000000003,1.77
1393,0.00031439999999999994,3.84,1.77
1394,0.00031519999999999996,3.84,1.77
1395,0.000316,3.84,1.77
1396,0.0003168,3.84,1.79
1397,0.0003175999999999998,3.88,1.79
1398,0.0003183999999999998,3.84,1.79
1399,0.00031919999999999984,3.88,1.79
1400,0.00031999999999999986,3.88,1.81
1401,0.0003207999999999999,3.92,1.81
1402,0.0003215999999999999,3.92,1.81
1403,0.0003223999999999999,3.92,1.81
1404,0.00032319999999999994,3.92,1.81
1405,0.00032399999999999996,3.92,1.83
1406,0.0003248,3.96,1.83
1407,0.0003256,3.96,1.83
1408,0.0003264,3.96,1.85
1409,0.0003271999999999998,3.96,1.85
1410,0.00032799999999999984,4.0,1.85
1411,0.00032879999999999986,4.0,1.85
1412,0.0003295999999999999,4.0,1.85
1413,0.0003303999999999999,4.0,1.87
1414,0.0003311999999999999,4.04,1.85
1415,0.00033199999999999994,4.0,1.87
1416,0.00033279999999999996,4.0,1.87
1417,0.0003336,4.04,1.87
1418,0.0003344,4.04,1.8900000000000001
1419,0.0003352,4.04,1.8900000000000001
1420,0.0003359999999999998,4.08,1.9100000000000001
1421,0.00033679999999999984,4.08,1.8900000000000001
1422,0.00033759999999999986,4.08,1.8900000000000001
1423,0.0003383999999999999,4.08,1.9100000000000001
1424,0.0003391999999999999,4.08,1.9100000000000001
1425,0.0003399999999999999,4.12,1.9100000000000001
1426,0.00034079999999999994,4.12,1.93
1427,0.00034159999999999995,4.12,1.93
1428,0.0003424,4.16,1.95
1429,0.0003432,4.16,1.93
1430,0.000344,4.16,1.95
1431,0.0003447999999999998,4.16,1.93
1432,0.00034559999999999984,4.2,1.95
1433,0.00034639999999999985,4.16,1.95
1434,0.0003471999999999999,4.2,1.97
1435,0.0003479999999999999,4.2,1.97
1436,0.0003487999999999999,4.2,1.97
1437,0.00034959999999999993,4.24,1.97
1438,0.00035039999999999995,4.24,1.97
1439,0.00035119999999999997,4.24,1.97
1440,0.000352,4.24,1.99
1441,0.0003528,4.28,1.99
1442,0.0003535999999999998,4.24,1.99
1443,0.00035439999999999983,4.28,2.0100000000000002
1444,0.00035519999999999985,4.32,2.0100000000000002
1445,0.00035599999999999987,4.28,2.0100000000000002
1446,0.0003567999999999999,4.32,2.0100000000000002
1447,0.0003575999999999999,4.32,2.0100000000000002
1448,0.00035839999999999993,4.32,2.0100000000000002
1449,0.00035919999999999995,4.36,2.0100000000000002
1450,0.00035999999999999997,4.36,2.0100000000000002
1451,0.0003608,4.36,2.0300000000000002
1452,0.0003616,4.36,2.0300000000000002
1453,0.0003623999999999998,4.36,2.05
1454,0.00036319999999999983,4.4,2.0300000000000002
1455,0.00036399999999999985,4.4,2.05
1456,0.00036479999999999987,4.4,2.05
1457,0.0003655999999999999,4.4,2.07
1458,0.0003663999999999999,4.44,2.07
1459,0.0003671999999999999,4.44,2.07
1460,0.00036799999999999995,4.44,2.07
1461,0.00036879999999999997,4.44,2.07
1462,0.0003696,4.44,2.07
1463,0.0003704,4.44,2.07
1464,0.0003711999999999998,4.48,2.09
1465,0.0003719999999999998,4.48,2.09
1466,0.00037279999999999985,4.48,2.09
1467,0.00037359999999999987,4.48,2.11
1468,0.0003743999999999999,4.5200000000000005,2.11
1469,0.0003751999999999999,4.5200000000000005,2.11
1470,0.0003759999999999999,4.5200000000000005,2.11
1471,0.00037679999999999994,4.5600000000000005,2.11
1472,0.00037759999999999996,4.5200000000000005,2.11
1473,0.0003784,4.5600000000000005,2.13
1474,0.0003792,4.6000000000000005,2.13
1475,0.0003799999999999998,4.6000000000000005,2.13
1476,0.0003807999999999998,4.6000000000000005,2.15
1477,0.00038159999999999984,4.6000000000000005,2.15
1478,0.00038239999999999986,4.6000000000000005,2.15
1479,0.0003831999999999999,4.6000000000000005,2.15
1480,0.0003839999999999999,4.64,2.17
1481,0.0003847999999999999,4.68,2.17
1482,0.00038559999999999994,4.64,2.17
1483,0.00038639999999999996,4.64,2.17
1484,0.0003872,4.64,2.17
1485,0.000388,4.68,2.17
1486,0.0003887999999999998,4.68,2.19
1487,0.0003895999999999998,4.72,2.17
1488,0.00039039999999999984,4.72,2.19
1489,0.00039119999999999986,4.72,2.19
1490,0.0003919999999999999,4.72,2.21
1491,0.0003927999999999999,4.76,2.19
1492,0.0003935999999999999,4.72,2.21
1493,0.00039439999999999994,4.76,2.21
1494,0.00039519999999999996,4.76,2.21
1495,0.000396,4.76,2.21
1496,0.0003968,4.76,2.23
1497,0.0003976,4.8,2.23
1498,0.0003983999999999998,4.8,2.23
1499,0.00039919999999999984,4.8,2.23
1500,0.00039999999999999986,4.8,2.25
1501,0.0004007999999999999,4.84,2.25
1502,0.0004015999999999999,4.84,2.25
1503,0.0004023999999999999,4.84,2.25
1504,0.00040319999999999993,4.84,2.27
1505,0.00040399999999999995,4.84,2.25
1506,0.0004048,4.88,2.27
1507,0.0004056,4.88,2.27
1508,0.0004064,4.88,2.27
1509,0.0004071999999999998,4.88,2.29
1510,0.00040799999999999983,4.92,2.29
1511,0.00040879999999999985,4.92,2.29
1512,0.0004095999999999999,4.92,2.29
1513,0.0004103999999999999,4.96,2.29
1514,0.0004111999999999999,4.96,2.29
1515,0.00041199999999999993,4.96,2.31
1516,0.00041279999999999995,4.96,2.31
1517,0.00041359999999999997,4.96,2.31
1518,0.0004144,5.0,2.33
1519,0.0004152,5.0,2.33
1520,0.0004159999999999998,5.0,2.33
1521,0.00041679999999999983,0.08,2.15
1522,0.00041759999999999985,0.08,1.8900000000000001
1523,0.00041839999999999987,0.12,1.6500000000000001
1524,0.0004191999999999999,0.08,1.47
1525,0.0004199999999999999,0.12,1.29
1526,0.00042079999999999993,0.12,1.1300000000000001
1527,0.00042159999999999995,0.12,1.01
1528,0.00042239999999999997,0.16,0.89
1529,0.0004232,0.12,0.79
1530,0.000424,0.16,0.71
1531,0.0004247999999999998,0.16,0.63
1532,0.00042559999999999983,0.16,0.5700000000000001
1533,0.00042639999999999985,0.2,0.51
1534,0.00042719999999999987,0.2,0.45
1535,0.0004279999999999999,0.2,0.41000000000000003
1536,0.0004287999999999999,0.16,0.39
1537,0.0004295999999999999,0.24,0.33
1538,0.00043039999999999994,0.24,0.31
1539,0.00043119999999999996,0.24,0.29
1540,0.000432,0.24,0.25
1541,0.0004328,0.2,0.23
1542,0.0004335999999999998,0.24,0.21
1543,0.0004343999999999998,0.24,0.21
1544,0.00043519999999999984,0.28,0.19
1545,0.00043599999999999986,0.24,0.19
1546,0.0004367999999999999,0.24,0.17
1547,0.0004375999999999999,0.28,0.17
1548,0.0004383999999999999,0.28,0.17
1549,0.00043919999999999994,0.28,0.15
1550,0.00043999999999999996,0.32,0.15
1551,0.0004408,0.32,0.15
1552,0.0004416,0.32,0.15
1553,0.0004423999999999998,0.32,0.17
1554,0.0004431999999999998,0.32,0.15
1555,0.00044399999999999984,0.32,0.15
1556,0.00044479999999999986,0.36,0.17
1557,0.0004455999999999999,0.36,0.15
1558,0.0004463999999999999,0.36,0.15
1559,0.0004471999999999999,0.36,0.15
1560,0.00044799999999999994,0.36,0.17
1561,0.00044879999999999996,0.4,0.15
1562,0.0004496,0.4,0.15
1563,0.0004504,0.4,0.17
1564,0.0004511999999999998,0.4,0.15
1565,0.0004519999999999998,0.4,0.19
1566,0.00045279999999999984,0.4,0.17
1567,0.00045359999999999986,0.44,0.19
1568,0.0004543999999999999,0.44,0.19
1569,0.0004551999999999999,0.44,0.19
1570,0.0004559999999999999,0.44,0.19
1571,0.00045679999999999994,0.48,0.19
1572,0.00045759999999999996,0.48,0.19
1573,0.0004584,0.48,0.19
1574,0.0004592,0.48,0.21
1575,0.0004599999999999998,0.52,0.21
1576,0.0004607999999999998,0.52,0.21
1577,0.00046159999999999984,0.52,0.23
1578,0.00046239999999999986,0.52,0.21
1579,0.0004631999999999999,0.52,0.23
1580,0.0004639999999999999,0.56,0.23
1581,0.0004647999999999999,0.6,0.23
1582,0.00046559999999999993,0.56,0.23
1583,0.00046639999999999995,0.6,0.23
1584,0.00046719999999999997,0.56,0.23
1585,0.000468,0.6,0.25
1586,0.0004688,0.56,0.25
1587,0.0004695999999999998,0.6,0.25
1588,0.00047039999999999983,0.6,0.25
1589,0.00047119999999999985,0.64,0.27
1590,0.00047199999999999987,0.64,0.27
1591,0.0004727999999999999,0.64,0.27
1592,0.0004735999999999999,0.64,0.27
1593,0.00047439999999999993,0.68,0.27
1594,0.00047519999999999995,0.64,0.27
1595,0.00047599999999999997,0.68,0.29
1596,0.0004768,0.72,0.29
1597,0.0004776,0.68,0.29
1598,0.0004783999999999998,0.72,0.31
1599,0.00047919999999999983,0.72,0.31
1600,0.00047999999999999985,0.72,0.31
1601,0.00048079999999999987,0.76,0.31
1602,0.0004815999999999999,0.72,0.33
1603,0.0004823999999999999,0.76,0.33
1604,0.00048319999999999993,0.76,0.31
1605,0.00048399999999999995,0.76,0.33
1606,0.00048479999999999997,0.8,0.33
1607,0.0004856,0.8,0.33
1608,0.0004864,0.8,0.33
1609,0.0004871999999999998,0.8,0.35000000000000003
1610,0.00048799999999999983,0.8,0.33
1611,0.0004887999999999998,0.8,0.35000000000000003
1612,0.0004895999999999999,0.84,0.35000000000000003
1613,0.0004903999999999999,0.84,0.35000000000000003
1614,0.0004911999999999999,0.88,0.37
1615,0.0004919999999999999,0.88,0.37
1616,0.0004927999999999999,0.88,0.39
1617,0.0004936,0.88,0.39
1618,0.0004944,0.88,0.39
1619,0.0004952,0.88,0.39
1620,0.0004959999999999998,0.92,0.39
1621,0.0004967999999999998,0.92,0.39
1622,0.0004975999999999998,0.92,0.39
1623,0.0004983999999999999,0.96,0.43
1624,0.0004991999999999999,0.96,0.41000000000000003
1625,0.0004999999999999999,0.96,0.41000000000000003
1626,0.0005007999999999999,0.96,0.41000000000000003
1627,0.0005015999999999999,0.96,0.43
1628,0.0005024,0.96,0.43
1629,0.0005032,1.0,0.43
1630,0.000504,1.0,0.43
1631,0.0005047999999999998,1.0,0.43
1632,0.0005055999999999998,1.04,0.45
1633,0.0005063999999999998,1.0,0.45
1634,0.0005071999999999999,1.04,0.45
1635,0.0005079999999999999,1.08,0.47000000000000003
1636,0.0005087999999999999,1.08,0.47000000000000003
1637,0.0005095999999999999,1.08,0.47000000000000003
1638,0.0005103999999999999,1.08,0.47000000000000003
1639,0.0005112,1.08,0.47000000000000003
1640,0.000512,1.08,0.47000000000000003
1641,0.0005128,1.08,0.49
1642,0.0005135999999999998,1.12,0.49
1643,0.0005143999999999998,1.12,0.49
1644,0.0005151999999999998,1.12,0.49
1645,0.0005159999999999999,1.16,0.49
1646,0.0005167999999999999,1.16,0.51
1647,0.0005175999999999999,1.16,0.51
1648,0.0005183999999999999,1.16,0.51
1649,0.0005191999999999999,1.16,0.51
1650,0.00052,1.2,0.53
1651,0.0005208,1.2,0.53
1652,0.0005216,1.2,0.53
1653,0.0005223999999999998,1.2,0.53
1654,0.0005231999999999998,1.24,0.53
1655,0.0005239999999999998,1.2,0.55
1656,0.0005247999999999999,1.24,0.55
1657,0.0005255999999999999,1.24,0.5700000000000001
1658,0.0005263999999999999,1.24,0.55
1659,0.0005271999999999999,1.24,0.55
1660,0.0005279999999999999,1.28,0.5700000000000001
1661,0.0005288,1.28,0.5700000000000001
1662,0.0005296,1.28,0.5700000000000001
1663,0.0005304,1.28,0.5700000000000001
1664,0.0005311999999999998,1.32,0.5700000000000001
1665,0.0005319999999999998,1.32,0.61
1666,0.0005327999999999998,1.32,0.59
1667,0.0005335999999999999,1.32,0.59
1668,0.0005343999999999999,1.36,0.59
1669,0.0005351999999999999,1.36,0.61
1670,0.0005359999999999999,1.36,0.61
1671,0.0005367999999999999,1.4000000000000001,0.61
1672,0.0005376,1.4000000000000001,0.63
1673,0.0005384,1.4000000000000001,0.63
1674,0.0005392,1.4000000000000001,0.61
1675,0.00054,1.44,0.65
1676,0.0005407999999999998,1.4000000000000001,0.63
1677,0.0005415999999999998,1.48,0.63
1678,0.0005423999999999998,1.44,0.65
1679,0.0005431999999999999,1.44,0.65
1680,0.0005439999999999999,1.44,0.65
1681,0.0005447999999999999,1.48,0.65
1682,0.0005455999999999999,1.48,0.65
1683,0.0005463999999999999,1.48,0.67
1684,0.0005472,1.52,0.67
1685,0.000548,1.52,0.6900000000000001
1686,0.0005488,1.52,0.6900000000000001
1687,0.0005495999999999998,1.52,0.6900000000000001
1688,0.0005503999999999998,1.52,0.6900000000000001
1689,0.0005511999999999998,1.56,0.6900000000000001
1690,0.0005519999999999999,1.56,0.6900000000000001
1691,0.0005527999999999999,1.56,0.6900000000000001
1692,0.0005535999999999999,1.6,0.6900000000000001
1693,0.0005543999999999999,1.6,0.71
1694,0.0005551999999999999,1.6,0.71
1695,0.000556,1.6,0.71
1696,0.0005568,1.6400000000000001,0.73
1697,0.0005576,1.6,0.73
1698,0.0005583999999999998,1.6400000000000001,0.73
1699,0.0005591999999999998,1.6400000000000001,0.73
1700,0.0005599999999999998,1.6400000000000001,0.73
1701,0.0005607999999999999,1.68,0.75
1702,0.0005615999999999999,1.68,0.75
1703,0.0005623999999999999,1.68,0.75
1704,0.0005631999999999999,1.68,0.75
1705,0.0005639999999999999,1.68,0.75
1706,0.0005648,1.72,0.75
1707,0.0005656,1.72,0.77
1708,0.0005664,1.72,0.77
1709,0.0005671999999999998,1.72,0.77
1710,0.0005679999999999998,1.76,0.79
1711,0.0005687999999999998,1.76,0.79
1712,0.0005695999999999999,1.76,0.79
1713,0.0005703999999999999,1.76,0.79
1714,0.0005711999999999999,1.76,0.81
1715,0.0005719999999999999,1.76,0.79
1716,0.0005727999999999999,1.8,0.81
1717,0.0005736,1.8,0.81
1718,0.0005744,1.84,0.81
1719,0.0005752,1.84,0.81
1720,0.0005759999999999998,1.84,0.81
1721,0.0005767999999999998,1.84,0.8300000000000001
1722,0.0005775999999999998,1.84,0.8300000000000001
1723,0.0005783999999999999,1.84,0.8300000000000001
1724,0.0005791999999999999,1.8800000000000001,0.8300000000000001
1725,0.0005799999999999999,1.8800000000000001,0.85
1726,0.0005807999999999999,1.92,0.85
1727,0.0005815999999999999,1.8800000000000001,0.85
1728,0.0005824,1.92,0.85
1729,0.0005832,1.92,0.85
1730,0.000584,1.92,0.87
1731,0.0005847999999999998,1.92,0.87
1732,0.0005855999999999998,1.96,0.87
1733,0.0005863999999999998,1.96,0.89
1734,0.0005871999999999999,1.96,0.89
1735,0.0005879999999999999,2.0,0.89
1736,0.0005887999999999999,2.0,0.91
1737,0.0005895999999999999,2.0,0.89
1738,0.0005903999999999999,2.0,0.89
1739,0.0005912,2.04,0.91
1740,0.000592,2.04,0.91
1741,0.0005928,2.04,0.93
1742,0.0005935999999999998,2.08,0.93
1743,0.0005943999999999998,2.04,0.93
1744,0.0005951999999999998,2.04,0.93
1745,0.0005959999999999999,2.08,0.93
1746,0.0005967999999999999,2.08,0.93
1747,0.0005975999999999999,2.12,0.93
1748,0.0005983999999999999,2.08,0.93
1749,0.0005991999999999999,2.12,0.9500000000000001
1750,0.0006,2.12,0.9500000000000001
1751,0.0006008,2.12,0.9500000000000001
1752,0.0006016,2.12,0.97
1753,0.0006024,2.12,0.97
1754,0.0006031999999999998,2.16,0.97
1755,0.0006039999999999998,2.16,0.99
1756,0.0006047999999999998,2.16,0.99
1757,0.0006055999999999999,2.2,0.99
1758,0.0006063999999999999,2.16,0.99
1759,0.0006071999999999999,2.2,0.99
1760,0.0006079999999999999,2.2,0.99
1761,0.0006087999999999999,2.2,0.99
1762,0.0006096,2.2,1.01
1763,0.0006104,2.2,1.01
1764,0.0006112,2.24,1.01
1765,0.0006119999999999998,2.24,1.03
1766,0.0006127999999999998,2.24,1.01
1767,0.0006135999999999998,2.2800000000000002,1.03
1768,0.0006143999999999999,2.2800000000000002,1.03
1769,0.0006151999999999999,2.2800000000000002,1.03
1770,0.0006159999999999999,2.2800000000000002,1.03
1771,0.0006167999999999999,2.2800000000000002,1.03
1772,0.0006175999999999999,2.32,1.05
1773,0.0006184,2.32,1.05
1774,0.0006192,2.36,1.05
1775,0.00062,2.36,1.05
1776,0.0006207999999999998,2.36,1.07
1777,0.0006215999999999998,2.36,1.05
1778,0.0006223999999999998,2.36,1.07
1779,0.0006231999999999999,2.4,1.09
1780,0.0006239999999999999,2.4,1.07
1781,0.0006247999999999999,2.4,1.09
1782,0.0006255999999999999,2.4,1.09
1783,0.0006263999999999999,2.4,1.09
1784,0.0006272,2.4,1.09
1785,0.000628,2.44,1.09
1786,0.0006288,2.44,1.11
1787,0.0006295999999999998,2.44,1.11
1788,0.0006303999999999998,2.44,1.11
1789,0.0006311999999999998,2.44,1.11
1790,0.0006319999999999999,2.48,1.1300000000000001
1791,0.0006327999999999999,2.48,1.1300000000000001
1792,0.0006335999999999999,2.48,1.1300000000000001
1793,0.0006343999999999999,2.52,1.1300000000000001
1794,0.0006351999999999999,2.52,1.1300000000000001
1795,0.000636,2.52,1.1500000000000001
1796,0.0006368,2.52,1.1500000000000001
1797,0.0006376,2.52,1.1500000000000001
1798,0.0006383999999999998,2.56,1.1500000000000001
1799,0.0006391999999999998,2.56,1.17
1800,0.0006399999999999998,2.56,1.1500000000000001
1801,0.0006407999999999999,2.6,1.17
1802,0.0006415999999999999,2.6,1.17
1803,0.0006423999999999999,2.6,1.17
1804,0.0006431999999999999,2.6,1.17
1805,0.0006439999999999999,2.6,1.19
1806,0.0006448,2.6,1.19
1807,0.0006456,2.64,1.19
1808,0.0006464,2.64,1.21
1809,0.0006471999999999998,2.64,1.21
1810,0.0006479999999999998,2.68,1.21
1811,0.0006487999999999998,2.68,1.23
1812,0.0006495999999999999,2.68,1.21
1813,0.0006503999999999999,2.68,1.21
1814,0.0006511999999999999,2.68,1.23
1815,0.0006519999999999999,2.72,1.23
1816,0.0006527999999999999,2.7600000000000002,1.25
1817,0.0006536,2.72,1.23
1818,0.0006544,2.72,1.25
1819,0.0006552,2.72,1.25
1820,0.0006559999999999998,2.7600000000000002,1.25
1821,0.0006567999999999998,2.7600000000000002,1.25
1822,0.0006575999999999998,2.7600000000000002,1.25
1823,0.0006583999999999998,2.7600000000000002,1.27
1824,0.0006591999999999999,2.8000000000000003,1.27
1825,0.0006599999999999999,2.8000000000000003,1.27
1826,0.0006607999999999999,2.8000000000000003,1.27
1827,0.0006615999999999999,2.8000000000000003,1.29
1828,0.0006624,2.8000000000000003,1.29
1829,0.0006632,2.84,1.29
1830,0.000664,2.84,1.29
1831,0.0006647999999999998,2.88,1.31
1832,0.0006655999999999998,2.84,1.29
1833,0.0006663999999999998,2.88,1.31
1834,0.0006671999999999998,2.92,1.33
1835,0.0006679999999999999,2.88,1.31
1836,0.0006687999999999999,2.88,1.33
1837,0.0006695999999999999,2.92,1.33
1838,0.0006703999999999999,2.92,1.33
1839,0.0006711999999999999,2.92,1.35
1840,0.000672,2.96,1.35
1841,0.0006728,2.96,1.35
1842,0.0006736,2.96,1.35
1843,0.0006743999999999998,2.96,1.35
1844,0.0006751999999999998,2.96,1.35
1845,0.0006759999999999998,3.0,1.35
1846,0.0006767999999999999,3.0,1.37
1847,0.0006775999999999999,3.0,1.37
1848,0.0006783999999999999,3.04,1.37
1849,0.0006791999999999999,3.04,1.3900000000000001
1850,0.0006799999999999999,3.04,1.3900000000000001
1851,0.0006808,3.04,1.41
1852,0.0006816,3.04,1.3900000000000001
1853,0.0006824,3.08,1.41
1854,0.0006831999999999998,3.08,1.41
1855,0.0006839999999999998,3.08,1.41
1856,0.0006847999999999998,3.08,1.41
1857,0.0006855999999999999,3.12,1.41
1858,0.0006863999999999999,3.08,1.41
1859,0.0006871999999999999,3.12,1.43
1860,0.0006879999999999999,3.12,1.43
1861,0.0006887999999999999,3.12,1.43
1862,0.0006896,3.12,1.45
1863,0.0006904,3.16,1.45
1864,0.0006912,3.16,1.47
1865,0.0006919999999999998,3.2,1.45
1866,0.0006927999999999998,3.16,1.45
1867,0.0006935999999999998,3.2,1.47
1868,0.0006943999999999999,3.2,1.47
1869,0.0006951999999999999,3.2,1.47
1870,0.0006959999999999999,3.24,1.47
1871,0.0006967999999999999,3.24,1.49
1872,0.0006975999999999999,3.24,1.47
1873,0.0006984,3.24,1.49
1874,0.0006992,3.2800000000000002,1.49
1875,0.0007,3.24,1.49
1876,0.0007007999999999998,3.2800000000000002,1.51
1877,0.0007015999999999998,3.2800000000000002,1.49
1878,0.0007023999999999998,3.2800000000000002,1.51
1879,0.0007031999999999999,3.2800000000000002,1.51
1880,0.0007039999999999999,3.2800000000000002,1.51
1881,0.0007047999999999999,3.3200000000000003,1.53
1882,0.0007055999999999999,3.36,1.53
1883,0.0007063999999999999,3.3200000000000003,1.55
1884,0.0007072,3.36,1.53
1885,0.000708,3.36,1.55
1886,0.0007088,3.36,1.53
1887,0.0007095999999999998,3.4,1.57
1888,0.0007103999999999998,3.36,1.55
1889,0.0007111999999999998,3.4,1.55
1890,0.0007119999999999999,3.4,1.55
1891,0.0007127999999999999,3.4,1.57
1892,0.0007135999999999999,3.44,1.59
1893,0.0007143999999999999,3.4,1.57
1894,0.0007151999999999999,3.44,1.57
1895,0.000716,3.44,1.59
1896,0.0007168,3.44,1.59
1897,0.0007176,3.48,1.61
1898,0.0007183999999999998,3.44,1.59
1899,0.0007191999999999998,3.48,1.59
1900,0.0007199999999999998,3.48,1.61
1901,0.0007207999999999998,3.48,1.6300000000000001
1902,0.0007215999999999999,3.52,1.61
1903,0.0007223999999999999,3.52,1.61
1904,0.0007231999999999999,3.52,1.61
1905,0.0007239999999999999,3.52,1.6300000000000001
1906,0.0007247999999999999,3.56,1.6300000000000001
1907,0.0007256,3.56,1.6300000000000001
1908,0.0007264,3.56,1.6500000000000001
1909,0.0007271999999999998,3.56,1.6500000000000001
1910,0.0007279999999999998,3.6,1.6500000000000001
1911,0.0007287999999999998,3.6,1.6500000000000001
1912,0.0007295999999999998,3.6,1.6500000000000001
1913,0.0007303999999999999,3.6,1.67
1914,0.0007311999999999999,3.64,1.67
1915,0.0007319999999999999,3.6,1.67
1916,0.0007327999999999999,3.64,1.69
1917,0.0007335999999999999,3.64,1.69
1918,0.0007344,3.64,1.69
1919,0.0007352,3.68,1.69
1920,0.000736,3.64,1.69
1921,0.0007367999999999998,3.68,1.69
1922,0.0007375999999999998,3.68,1.71
1923,0.0007383999999999998,3.68,1.73
1924,0.0007391999999999999,3.72,1.71
1925,0.0007399999999999999,3.72,1.73
1926,0.0007407999999999999,3.72,1.73
1927,0.0007415999999999999,3.72,1.73
1928,0.0007423999999999999,3.7600000000000002,1.75
1929,0.0007432,3.7600000000000002,1.75
1930,0.000744,3.7600000000000002,1.75
1931,0.0007448,3.7600000000000002,1.75
1932,0.0007455999999999998,3.8000000000000003,1.75
1933,0.0007463999999999998,3.8000000000000003,1.75
1934,0.0007471999999999998,3.8000000000000003,1.77
1935,0.0007479999999999999,3.8000000000000003,1.77
1936,0.0007487999999999999,3.8000000000000003,1.77
1937,0.0007495999999999999,3.84,1.77
1938,0.0007503999999999999,3.84,1.77
1939,0.0007511999999999999,3.84,1.79
1940,0.000752,3.84,1.79
1941,0.0007528,3.84,1.79
1942,0.0007536,3.88,1.79
1943,0.0007543999999999998,3.92,1.81
1944,0.0007551999999999998,3.88,1.81
1945,0.0007559999999999998,3.88,1.81
1946,0.0007567999999999999,3.92,1.81
1947,0.0007575999999999999,3.92,1.81
1948,0.0007583999999999999,3.92,1.83
1949,0.0007591999999999999,3.92,1.83
1950,0.0007599999999999999,3.92,1.83
1951,0.0007608,3.96,1.83
1952,0.0007616,3.96,1.83
1953,0.0007624,3.96,1.85
1954,0.0007631999999999998,3.96,1.85
1955,0.0007639999999999998,4.0,1.85
1956,0.0007647999999999998,4.0,1.85
1957,0.0007655999999999999,4.0,1.85
1958,0.0007663999999999999,4.04,1.87
1959,0.0007671999999999999,4.04,1.87
1960,0.0007679999999999999,4.04,1.87
1961,0.0007687999999999999,4.04,1.87
1962,0.0007696,4.04,1.8900000000000001
1963,0.0007704,4.04,1.87
1964,0.0007712,4.08,1.8900000000000001
1965,0.0007719999999999998,4.08,1.9100000000000001
1966,0.0007727999999999998,4.08,1.8900000000000001
1967,0.0007735999999999998,4.12,1.9100000000000001
1968,0.0007743999999999998,4.08,1.93
1969,0.0007751999999999999,4.12,1.93
1970,0.0007759999999999999,4.12,1.93
1971,0.0007767999999999999,4.16,1.93
1972,0.0007775999999999999,4.16,1.93
1973,0.0007784,4.16,1.93
1974,0.0007792,4.16,1.93
1975,0.00078,4.16,1.95
1976,0.0007807999999999998,4.16,1.95
1977,0.0007815999999999998,4.2,1.95
1978,0.0007823999999999998,4.2,1.95
1979,0.0007831999999999998,4.2,1.97
1980,0.0007839999999999999,4.2,1.97
1981,0.0007847999999999999,4.2,1.97
1982,0.0007855999999999999,4.24,1.97
1983,0.0007863999999999999,4.24,1.97
1984,0.0007871999999999999,4.28,1.99
1985,0.000788,4.24,1.99
1986,0.0007888,4.28,1.99
1987,0.0007895999999999998,4.28,1.99
1988,0.0007903999999999998,4.32,2.0100000000000002
1989,0.0007911999999999998,4.32,2.0100000000000002
1990,0.0007919999999999998,4.32,2.0100000000000002
1991,0.0007927999999999999,4.32,2.0100000000000002
1992,0.0007935999999999999,4.32,2.0100000000000002
1993,0.0007943999999999999,4.32,2.0300000000000002
1994,0.0007951999999999999,4.32,2.0300000000000002
1995,0.0007959999999999999,4.36,2.0300000000000002
1996,0.0007968,4.4,2.0300000000000002
1997,0.0007976,4.36,2.05
1998,0.0007983999999999998,4.4,2.05
1999,0.0007991999999999998,4.4,2.05
