,time,v1,v2
0,-0.0008,0.76,0.31
1,-0.0007992,0.8,0.33
2,-0.0007984,0.8,0.33
3,-0.0007976000000000001,0.84,0.33
4,-0.0007968000000000001,0.84,0.35000000000000003
5,-0.000796,0.84,0.33
6,-0.0007952,0.84,0.35000000000000003
7,-0.0007944,0.84,0.37
8,-0.0007936,0.88,0.37
9,-0.0007928000000000001,0.92,0.37
10,-0.0007920000000000001,0.92,0.39
11,-0.0007912,0.92,0.41000000000000003
12,-0.0007904,0.96,0.39
13,-0.0007896,0.96,0.41000000000000003
14,-0.0007888000000000001,0.96,0.41000000000000003
15,-0.0007880000000000001,1.0,0.41000000000000003
16,-0.0007872,1.0,0.43
17,-0.0007864,1.04,0.43
18,-0.0007856,1.04,0.45
19,-0.0007848,1.04,0.45
20,-0.0007840000000000001,1.08,0.45
21,-0.0007832000000000001,1.08,0.45
22,-0.0007824,1.12,0.47000000000000003
23,-0.0007816,1.12,0.49
24,-0.0007808,1.12,0.47000000000000003
25,-0.0007800000000000001,1.12,0.49
26,-0.0007792000000000001,1.16,0.49
27,-0.0007784000000000001,1.12,0.49
28,-0.0007776,1.2,0.51
29,-0.0007768,1.2,0.51
30,-0.000776,1.2,0.51
31,-0.0007752000000000001,1.24,0.51
32,-0.0007744000000000001,1.24,0.53
33,-0.0007736,1.24,0.53
34,-0.0007728,1.28,0.55
35,-0.000772,1.28,0.55
36,-0.0007712,1.32,0.55
37,-0.0007704000000000001,1.32,0.5700000000000001
38,-0.0007696000000000001,1.32,0.59
39,-0.0007688,1.32,0.59
40,-0.000768,1.36,0.59
41,-0.0007672,1.36,0.5700000000000001
42,-0.0007664000000000001,1.36,0.59
43,-0.0007656000000000001,1.4000000000000001,0.59
44,-0.0007648,1.4000000000000001,0.61
45,-0.000764,1.4000000000000001,0.61
46,-0.0007632,1.44,0.61
47,-0.0007624,1.44,0.61
48,-0.0007616000000000001,1.48,0.63
49,-0.0007608000000000001,1.48,0.63
50,-0.00076,1.52,0.65
51,-0.0007592,1.52,0.65
52,-0.0007584,1.52,0.67
53,-0.0007576,1.52,0.67
54,-0.0007568000000000001,1.56,0.67
55,-0.000756,1.6,0.6900000000000001
56,-0.0007552,1.6,0.71
57,-0.0007544,1.6,0.6900000000000001
58,-0.0007536,1.6400000000000001,0.71
59,-0.0007528000000000001,1.6400000000000001,0.71
60,-0.0007520000000000001,1.6400000000000001,0.71
61,-0.0007512,1.6400000000000001,0.71
62,-0.0007504,1.68,0.73
63,-0.0007496,1.68,0.73
64,-0.0007488,1.68,0.73
65,-0.0007480000000000001,1.72,0.75
66,-0.0007472000000000001,1.76,0.75
67,-0.0007464,1.72,0.77
68,-0.0007456,1.8,0.77
69,-0.0007448,1.8,0.77
70,-0.0007440000000000001,1.8,0.77
71,-0.0007432000000000001,1.84,0.79
72,-0.0007424,1.84,0.81
73,-0.0007416,1.84,0.79
74,-0.0007408,1.84,0.81
75,-0.00074,1.8800000000000001,0.81
76,-0.0007392000000000001,1.8800000000000001,0.8300000000000001
77,-0.0007384000000000001,1.8800000000000001,0.8300000000000001
78,-0.0007376,1.92,0.8300000000000001
79,-0.0007368,1.92,0.85
80,-0.000736,1.92,0.85
81,-0.0007352000000000001,1.96,0.85
82,-0.0007344000000000001,1.96,0.85
83,-0.0007336,1.96,0.87
84,-0.0007328,2.0,0.87
85,-0.000732,2.04,0.89
86,-0.0007312,2.04,0.89
87,-0.0007304000000000001,2.04,0.91
88,-0.0007296000000000001,2.08,0.91
89,-0.0007288,2.04,0.91
90,-0.000728,2.12,0.93
91,-0.0007272,2.08,0.91
92,-0.0007264000000000001,2.12,0.93
93,-0.0007256000000000001,2.12,0.93
94,-0.0007248,2.12,0.93
95,-0.000724,2.16,0.9500000000000001
96,-0.0007232,2.16,0.9500000000000001
97,-0.0007224,2.2,0.97
98,-0.0007216000000000001,2.16,0.97
99,-0.0007208000000000001,2.2,0.97
100,-0.00072,2.2,0.99
101,-0.0007192,2.2800000000000002,0.97
102,-0.0007184,2.24,0.99
103,-0.0007176000000000001,2.24,0.99
104,-0.0007168000000000001,2.24,1.01
105,-0.0007160000000000001,2.32,1.01
106,-0.0007152,2.2800000000000002,1.01
107,-0.0007144,2.32,1.03
108,-0.0007136,2.32,1.03
109,-0.0007128000000000001,2.36,1.05
110,-0.0007120000000000001,2.36,1.05
111,-0.0007112,2.4,1.05
112,-0.0007104,2.4,1.07
113,-0.0007096,2.4,1.07
114,-0.0007088000000000001,2.4,1.07
115,-0.0007080000000000001,2.44,1.09
116,-0.0007072000000000001,2.44,1.09
117,-0.0007064,2.48,1.09
118,-0.0007056,2.48,1.09
119,-0.0007048,2.48,1.11
120,-0.000704,2.52,1.11
121,-0.0007032000000000001,2.56,1.11
122,-0.0007024,2.52,1.1300000000000001
123,-0.0007016,2.56,1.1300000000000001
124,-0.0007008,2.52,1.1500000000000001
125,-0.0007000000000000001,2.56,1.1500000000000001
126,-0.0006992000000000001,2.6,1.1500000000000001
127,-0.0006984000000000001,2.6,1.17
128,-0.0006976,2.6,1.17
129,-0.0006968,2.64,1.17
130,-0.000696,2.64,1.19
131,-0.0006952,2.64,1.21
132,-0.0006944000000000001,2.72,1.19
133,-0.0006936,2.68,1.21
134,-0.0006928,2.72,1.23
135,-0.000692,2.72,1.23
136,-0.0006912000000000001,2.72,1.21
137,-0.0006904000000000001,2.7600000000000002,1.25
138,-0.0006896000000000001,2.7600000000000002,1.23
139,-0.0006888,2.8000000000000003,1.25
140,-0.000688,2.8000000000000003,1.25
141,-0.0006872,2.8000000000000003,1.25
142,-0.0006864,2.8000000000000003,1.25
143,-0.0006856000000000001,2.84,1.27
144,-0.0006848000000000001,2.84,1.27
145,-0.000684,2.84,1.29
146,-0.0006832,2.88,1.29
147,-0.0006824,2.92,1.29
148,-0.0006816000000000001,2.88,1.31
149,-0.0006808000000000001,2.92,1.31
150,-0.00068,2.92,1.33
151,-0.0006792,2.96,1.35
152,-0.0006784,3.0,1.35
153,-0.0006776,2.96,1.35
154,-0.0006768000000000001,3.0,1.35
155,-0.0006760000000000001,3.04,1.37
156,-0.0006752,3.04,1.37
157,-0.0006744,3.04,1.37
158,-0.0006736000000000001,3.04,1.37
159,-0.0006728000000000001,3.08,1.3900000000000001
160,-0.0006720000000000001,3.12,1.3900000000000001
161,-0.0006712,3.12,1.3900000000000001
162,-0.0006704,3.12,1.41
163,-0.0006696,3.12,1.41
164,-0.0006688,3.16,1.43
165,-0.0006680000000000001,3.16,1.43
166,-0.0006672000000000001,3.16,1.43
167,-0.0006664,3.2,1.43
168,-0.0006656,3.2,1.45
169,-0.0006648,3.24,1.45
170,-0.0006640000000000001,3.24,1.45
171,-0.0006632000000000001,3.24,1.49
172,-0.0006624000000000001,3.24,1.47
173,-0.0006616,3.2800000000000002,1.49
174,-0.0006608,3.3200000000000003,1.49
175,-0.00066,3.3200000000000003,1.49
176,-0.0006592,3.3200000000000003,1.51
177,-0.0006584000000000001,3.3200000000000003,1.51
178,-0.0006576,3.36,1.53
179,-0.0006568,3.36,1.53
180,-0.000656,3.36,1.53
181,-0.0006552000000000001,3.36,1.55
182,-0.0006544000000000001,3.4,1.55
183,-0.0006536000000000001,3.44,1.55
184,-0.0006528,3.44,1.57
185,-0.000652,3.44,1.57
186,-0.0006512,3.48,1.57
187,-0.0006504,3.48,1.57
188,-0.0006496000000000001,3.52,1.59
189,-0.0006488,3.48,1.59
190,-0.000648,3.52,1.59
191,-0.0006472,3.52,1.61
192,-0.0006464000000000001,3.56,1.61
193,-0.0006456000000000001,3.56,1.6300000000000001
194,-0.0006448000000000001,3.6,1.6300000000000001
195,-0.000644,3.6,1.6500000000000001
196,-0.0006432,3.6,1.6500000000000001
197,-0.0006424,3.64,1.6500000000000001
198,-0.0006416,3.64,1.67
199,-0.0006408000000000001,3.64,1.6500000000000001
200,-0.00064,3.68,1.67
201,-0.0006392,3.68,1.69
202,-0.0006384,3.68,1.67
203,-0.0006376000000000001,3.72,1.69
204,-0.0006368000000000001,3.72,1.69
205,-0.0006360000000000001,3.72,1.71
206,-0.0006352,3.7600000000000002,1.71
207,-0.0006344,3.7600000000000002,1.73
208,-0.0006336,3.7600000000000002,1.73
209,-0.0006328,3.8000000000000003,1.73
210,-0.0006320000000000001,3.8000000000000003,1.75
211,-0.0006312000000000001,3.84,1.75
212,-0.0006304,3.84,1.77
213,-0.0006296,3.84,1.77
214,-0.0006288000000000001,3.88,1.77
215,-0.0006280000000000001,3.88,1.77
216,-0.0006272000000000001,3.92,1.79
217,-0.0006264,3.92,1.79
218,-0.0006256,3.92,1.79
219,-0.0006248,3.96,1.81
220,-0.000624,3.96,1.81
221,-0.0006232000000000001,3.96,1.81
222,-0.0006224000000000001,4.0,1.81
223,-0.0006216,4.0,1.83
224,-0.0006208,4.04,1.83
225,-0.0006200000000000001,4.0,1.85
226,-0.0006192000000000001,4.04,1.85
227,-0.0006184000000000001,4.04,1.87
228,-0.0006176,4.08,1.87
229,-0.0006168,4.08,1.87
230,-0.000616,4.08,1.87
231,-0.0006152,4.12,1.8900000000000001
232,-0.0006144000000000001,4.12,1.8900000000000001
233,-0.0006136000000000001,4.16,1.8900000000000001
234,-0.0006128,4.16,1.9100000000000001
235,-0.000612,4.16,1.9100000000000001
236,-0.0006112000000000001,4.16,1.9100000000000001
237,-0.0006104000000000001,4.16,1.93
238,-0.0006096000000000001,4.2,1.93
239,-0.0006088,4.2,1.93
240,-0.000608,4.24,1.93
241,-0.0006072,4.24,1.95
242,-0.0006064,4.24,1.97
243,-0.0006056000000000001,4.28,1.97
244,-0.0006048000000000001,4.28,1.97
245,-0.000604,4.28,1.99
246,-0.0006032,4.32,2.0100000000000002
247,-0.0006024000000000001,4.32,1.99
248,-0.0006016000000000001,4.36,2.0100000000000002
249,-0.0006008000000000001,4.36,2.0100000000000002
250,-0.0006000000000000001,4.36,2.0100000000000002
251,-0.0005992,4.4,2.0300000000000002
252,-0.0005984,4.4,2.0300000000000002
253,-0.0005976,4.4,2.05
254,-0.0005968000000000001,4.4,2.05
255,-0.0005960000000000001,4.48,2.07
256,-0.0005952,4.48,2.07
257,-0.0005944,4.44,2.07
258,-0.0005936,4.48,2.07
259,-0.0005928000000000001,4.5200000000000005,2.09
260,-0.0005920000000000001,4.5200000000000005,2.09
261,-0.0005912000000000001,4.5600000000000005,2.09
262,-0.0005904,4.5600000000000005,2.09
263,-0.0005896,4.5600000000000005,2.11
264,-0.0005888,4.6000000000000005,2.11
265,-0.000588,4.6000000000000005,2.13
266,-0.0005872000000000001,4.6000000000000005,2.11
267,-0.0005864,4.64,2.13
268,-0.0005856,4.68,2.15
269,-0.0005848,4.64,2.15
270,-0.0005840000000000001,4.68,2.15
271,-0.0005832000000000001,4.68,2.15
272,-0.0005824000000000001,4.68,2.17
273,-0.0005816,4.68,2.17
274,-0.0005808,4.72,2.19
275,-0.00058,4.76,2.19
276,-0.0005792,4.76,2.19
277,-0.0005784000000000001,4.76,2.19
278,-0.0005776,4.8,2.21
279,-0.0005768,4.8,2.23
280,-0.000576,4.84,2.23
281,-0.0005752000000000001,4.84,2.23
282,-0.0005744000000000001,4.84,2.25
283,-0.0005736000000000001,4.84,2.25
284,-0.0005728,4.88,2.25
285,-0.000572,4.88,2.25
286,-0.0005712,4.92,2.27
287,-0.0005704,4.92,2.27
288,-0.0005696000000000001,4.92,2.27
289,-0.0005688000000000001,4.96,2.29
290,-0.000568,4.96,2.29
291,-0.0005672,4.96,2.29
292,-0.0005664000000000001,5.0,2.31
293,-0.0005656000000000001,5.0,2.31
294,-0.0005648000000000001,0.08,2.19
295,-0.000564,0.08,1.93
296,-0.0005632,0.12,1.69
297,-0.0005624,0.16,1.49
298,-0.0005616,0.16,1.31
299,-0.0005608000000000001,0.2,1.17
300,-0.0005600000000000001,0.2,1.03
301,-0.0005592,0.16,0.93
302,-0.0005584,0.2,0.81
303,-0.0005576000000000001,0.2,0.75
304,-0.0005568000000000001,0.2,0.65
305,-0.0005560000000000001,0.24,0.59
306,-0.0005552,0.24,0.55
307,-0.0005544,0.28,0.49
308,-0.0005536,0.28,0.43
309,-0.0005528,0.28,0.41000000000000003
310,-0.000552,0.32,0.37
311,-0.0005512000000000001,0.32,0.33
312,-0.0005504,0.32,0.31
313,-0.0005496,0.32,0.29
314,-0.0005488000000000001,0.32,0.27
315,-0.0005480000000000001,0.36,0.25
316,-0.0005472000000000001,0.36,0.25
317,-0.0005464,0.36,0.23
318,-0.0005456,0.4,0.25
319,-0.0005448,0.4,0.23
320,-0.000544,0.4,0.23
321,-0.0005432,0.44,0.21
322,-0.0005424000000000001,0.48,0.21
323,-0.0005416,0.44,0.21
324,-0.0005408,0.48,0.21
325,-0.0005400000000000001,0.48,0.21
326,-0.0005392000000000001,0.48,0.23
327,-0.0005384000000000001,0.52,0.21
328,-0.0005376000000000001,0.52,0.23
329,-0.0005368,0.52,0.21
330,-0.000536,0.56,0.23
331,-0.0005352,0.56,0.23
332,-0.0005344,0.56,0.25
333,-0.0005336000000000001,0.56,0.23
334,-0.0005328,0.6,0.23
335,-0.000532,0.6,0.25
336,-0.0005312000000000001,0.64,0.25
337,-0.0005304000000000001,0.6,0.27
338,-0.0005296000000000001,0.64,0.27
339,-0.0005288000000000001,0.64,0.25
340,-0.000528,0.68,0.29
341,-0.0005272,0.72,0.27
342,-0.0005264,0.72,0.29
343,-0.0005256,0.72,0.29
344,-0.0005248000000000001,0.76,0.29
345,-0.000524,0.76,0.31
346,-0.0005232,0.76,0.31
347,-0.0005224000000000001,0.76,0.33
348,-0.0005216000000000001,0.76,0.33
349,-0.0005208000000000001,0.8,0.33
350,-0.0005200000000000001,0.8,0.33
351,-0.0005192,0.84,0.35000000000000003
352,-0.0005184,0.84,0.35000000000000003
353,-0.0005176,0.88,0.35000000000000003
354,-0.0005168,0.88,0.35000000000000003
355,-0.0005160000000000001,0.88,0.37
356,-0.0005152000000000001,0.92,0.37
357,-0.0005144,0.92,0.39
358,-0.0005136000000000001,0.92,0.37
359,-0.0005128000000000001,0.96,0.41000000000000003
360,-0.0005120000000000001,0.96,0.39
361,-0.0005112000000000001,0.96,0.41000000000000003
362,-0.0005104,1.0,0.41000000000000003
363,-0.0005096,1.0,0.41000000000000003
364,-0.0005088,1.04,0.43
365,-0.000508,1.04,0.43
366,-0.0005072000000000001,1.04,0.45
367,-0.0005064000000000001,1.08,0.45
368,-0.0005056,1.08,0.45
369,-0.0005048000000000001,1.12,0.47000000000000003
370,-0.0005040000000000001,1.08,0.47000000000000003
371,-0.0005032000000000001,1.12,0.47000000000000003
372,-0.0005024000000000001,1.16,0.49
373,-0.0005016,1.16,0.49
374,-0.0005008,1.16,0.49
375,-0.0005,1.16,0.49
376,-0.0004992,1.2,0.51
377,-0.0004984,1.2,0.53
378,-0.0004976000000000001,1.2,0.51
379,-0.0004968,1.24,0.53
380,-0.0004960000000000001,1.24,0.53
381,-0.0004952000000000001,1.24,0.53
382,-0.0004944000000000001,1.28,0.55
383,-0.0004936000000000001,1.28,0.55
384,-0.0004928,1.32,0.55
385,-0.000492,1.32,0.5700000000000001
386,-0.0004912,1.32,0.5700000000000001
387,-0.0004904,1.32,0.59
388,-0.0004896,1.36,0.59
389,-0.0004888000000000001,1.36,0.59
390,-0.00048800000000000004,1.4000000000000001,0.59
391,-0.0004872000000000001,1.4000000000000001,0.61
392,-0.00048640000000000006,1.44,0.61
393,-0.00048560000000000004,1.4000000000000001,0.61
394,-0.0004848000000000001,1.44,0.63
395,-0.00048400000000000006,1.48,0.63
396,-0.00048320000000000004,1.48,0.65
397,-0.00048240000000000007,1.48,0.65
398,-0.00048160000000000005,1.52,0.65
399,-0.00048080000000000003,1.56,0.67
400,-0.00048000000000000007,1.56,0.65
401,-0.00047920000000000005,1.56,0.67
402,-0.00047840000000000003,1.6,0.6900000000000001
403,-0.00047760000000000006,1.6,0.6900000000000001
404,-0.00047680000000000004,1.6,0.6900000000000001
405,-0.0004760000000000001,1.6,0.71
406,-0.00047520000000000006,1.6400000000000001,0.71
407,-0.00047440000000000004,1.6400000000000001,0.71
408,-0.0004736000000000001,1.6400000000000001,0.73
409,-0.00047280000000000005,1.68,0.73
410,-0.00047200000000000003,1.68,0.73
411,-0.00047120000000000007,1.68,0.75
412,-0.00047040000000000005,1.72,0.75
413,-0.00046960000000000003,1.72,0.75
414,-0.00046880000000000007,1.76,0.77
415,-0.00046800000000000005,1.76,0.77
416,-0.0004672000000000001,1.76,0.77
417,-0.00046640000000000006,1.8,0.77
418,-0.00046560000000000004,1.8,0.79
419,-0.0004648000000000001,1.8,0.79
420,-0.00046400000000000006,1.84,0.81
421,-0.00046320000000000004,1.8800000000000001,0.81
422,-0.00046240000000000007,1.84,0.81
423,-0.00046160000000000005,1.92,0.8300000000000001
424,-0.00046080000000000003,1.92,0.8300000000000001
425,-0.00046000000000000007,1.92,0.8300000000000001
426,-0.00045920000000000005,1.92,0.8300000000000001
427,-0.00045840000000000003,1.92,0.85
428,-0.00045760000000000006,1.96,0.87
429,-0.00045680000000000004,1.96,0.87
430,-0.0004560000000000001,2.0,0.87
431,-0.00045520000000000006,2.0,0.87
432,-0.00045440000000000004,2.0,0.89
433,-0.0004536000000000001,2.04,0.89
434,-0.00045280000000000006,2.04,0.89
435,-0.00045200000000000004,2.04,0.91
436,-0.00045120000000000007,2.08,0.91
437,-0.00045040000000000005,2.08,0.93
438,-0.00044960000000000003,2.12,0.91
439,-0.00044880000000000007,2.12,0.93
440,-0.00044800000000000005,2.12,0.93
441,-0.00044720000000000003,2.16,0.93
442,-0.00044640000000000006,2.12,0.9500000000000001
443,-0.00044560000000000004,2.16,0.9500000000000001
444,-0.0004448000000000001,2.2,0.97
445,-0.00044400000000000006,2.2,0.97
446,-0.00044320000000000004,2.2,0.97
447,-0.0004424000000000001,2.2,0.99
448,-0.00044160000000000005,2.24,0.99
449,-0.00044080000000000004,2.24,0.99
450,-0.00044000000000000007,2.2800000000000002,1.01
451,-0.00043920000000000005,2.2800000000000002,1.01
452,-0.00043840000000000003,2.32,1.01
453,-0.00043760000000000007,2.32,1.03
454,-0.00043680000000000005,2.32,1.03
455,-0.0004360000000000001,2.32,1.03
456,-0.00043520000000000006,2.32,1.03
457,-0.00043440000000000004,2.36,1.05
458,-0.0004336000000000001,2.36,1.05
459,-0.00043280000000000006,2.4,1.05
460,-0.00043200000000000004,2.4,1.07
461,-0.00043120000000000007,2.4,1.07
462,-0.00043040000000000005,2.44,1.09
463,-0.00042960000000000003,2.44,1.09
464,-0.00042880000000000007,2.48,1.09
465,-0.00042800000000000005,2.48,1.09
466,-0.00042720000000000003,2.48,1.11
467,-0.00042640000000000006,2.48,1.11
468,-0.00042560000000000005,2.52,1.11
469,-0.0004248000000000001,2.52,1.1300000000000001
470,-0.00042400000000000006,2.56,1.1300000000000001
471,-0.00042320000000000004,2.56,1.1300000000000001
472,-0.0004224000000000001,2.56,1.1500000000000001
473,-0.00042160000000000006,2.6,1.1500000000000001
474,-0.00042080000000000004,2.6,1.17
475,-0.00042000000000000007,2.64,1.17
476,-0.00041920000000000005,2.64,1.17
477,-0.00041840000000000003,2.64,1.17
478,-0.00041760000000000007,2.68,1.17
479,-0.00041680000000000005,2.68,1.21
480,-0.00041600000000000003,2.68,1.19
481,-0.00041520000000000006,2.72,1.23
482,-0.00041440000000000004,2.72,1.23
483,-0.0004136000000000001,2.72,1.23
484,-0.00041280000000000006,2.7600000000000002,1.23
485,-0.00041200000000000004,2.7600000000000002,1.23
486,-0.0004112000000000001,2.8000000000000003,1.25
487,-0.00041040000000000006,2.8000000000000003,1.25
488,-0.00040960000000000004,2.8000000000000003,1.25
489,-0.00040880000000000007,2.84,1.27
490,-0.00040800000000000005,2.84,1.27
491,-0.00040720000000000003,2.88,1.27
492,-0.00040640000000000007,2.88,1.29
493,-0.00040560000000000005,2.88,1.29
494,-0.0004048000000000001,2.92,1.31
495,-0.00040400000000000006,2.92,1.31
496,-0.00040320000000000004,2.92,1.31
497,-0.0004024000000000001,2.96,1.33
498,-0.00040160000000000006,2.96,1.33
499,-0.00040080000000000004,3.0,1.33
500,-0.0004000000000000001,2.96,1.35
501,-0.00039920000000000005,3.0,1.35
502,-0.00039840000000000003,3.04,1.35
503,-0.00039760000000000007,3.04,1.37
504,-0.00039680000000000005,3.04,1.3900000000000001
505,-0.00039600000000000003,3.08,1.37
506,-0.00039520000000000007,3.04,1.3900000000000001
507,-0.00039440000000000005,3.08,1.41
508,-0.0003936000000000001,3.08,1.3900000000000001
509,-0.00039280000000000006,3.12,1.41
510,-0.00039200000000000004,3.12,1.41
511,-0.0003912000000000001,3.12,1.43
512,-0.00039040000000000006,3.16,1.43
513,-0.00038960000000000004,3.16,1.43
514,-0.00038880000000000007,3.16,1.43
515,-0.00038800000000000005,3.2,1.45
516,-0.00038720000000000003,3.2,1.45
517,-0.00038640000000000007,3.24,1.45
518,-0.00038560000000000005,3.24,1.47
519,-0.0003848000000000001,3.24,1.49
520,-0.00038400000000000006,3.2800000000000002,1.47
521,-0.00038320000000000004,3.2800000000000002,1.47
522,-0.0003824000000000001,3.3200000000000003,1.49
523,-0.00038160000000000006,3.3200000000000003,1.49
524,-0.00038080000000000004,3.36,1.51
525,-0.0003800000000000001,3.36,1.51
526,-0.00037920000000000006,3.36,1.51
527,-0.00037840000000000004,3.4,1.53
528,-0.00037760000000000007,3.4,1.53
529,-0.00037680000000000005,3.4,1.55
530,-0.00037600000000000003,3.44,1.55
531,-0.00037520000000000007,3.44,1.55
532,-0.00037440000000000005,3.44,1.57
533,-0.0003736000000000001,3.48,1.57
534,-0.00037280000000000006,3.48,1.59
535,-0.00037200000000000004,3.48,1.59
536,-0.0003712000000000001,3.52,1.59
537,-0.00037040000000000006,3.52,1.59
538,-0.00036960000000000004,3.56,1.61
539,-0.0003688000000000001,3.52,1.61
540,-0.00036800000000000005,3.56,1.61
541,-0.00036720000000000004,3.56,1.6300000000000001
542,-0.00036640000000000007,3.56,1.6300000000000001
543,-0.00036560000000000005,3.6,1.6500000000000001
544,-0.0003648000000000001,3.64,1.6500000000000001
545,-0.00036400000000000007,3.6,1.6500000000000001
546,-0.00036320000000000005,3.64,1.6500000000000001
547,-0.0003624000000000001,3.68,1.67
548,-0.00036160000000000006,3.68,1.67
549,-0.00036080000000000004,3.68,1.69
550,-0.0003600000000000001,3.68,1.69
551,-0.00035920000000000006,3.72,1.71
552,-0.00035840000000000004,3.72,1.71
553,-0.00035760000000000007,3.72,1.71
554,-0.00035680000000000005,3.7600000000000002,1.71
555,-0.00035600000000000003,3.7600000000000002,1.71
556,-0.00035520000000000007,3.8000000000000003,1.73
557,-0.00035440000000000005,3.8000000000000003,1.75
558,-0.0003536000000000001,3.8000000000000003,1.75
559,-0.00035280000000000006,3.84,1.75
560,-0.00035200000000000005,3.84,1.75
561,-0.0003512000000000001,3.84,1.77
562,-0.00035040000000000006,3.88,1.77
563,-0.00034960000000000004,3.88,1.77
564,-0.0003488000000000001,3.88,1.79
565,-0.00034800000000000006,3.88,1.79
566,-0.00034720000000000004,3.92,1.81
567,-0.00034640000000000007,3.96,1.81
568,-0.00034560000000000005,3.96,1.81
569,-0.00034480000000000003,3.96,1.83
570,-0.00034400000000000007,4.0,1.83
571,-0.00034320000000000005,4.0,1.85
572,-0.0003424000000000001,4.04,1.85
573,-0.00034160000000000006,4.04,1.85
574,-0.00034080000000000004,4.04,1.87
575,-0.0003400000000000001,4.04,1.87
576,-0.00033920000000000006,4.08,1.87
577,-0.00033840000000000004,4.08,1.87
578,-0.0003376000000000001,4.08,1.8900000000000001
579,-0.00033680000000000006,4.12,1.8900000000000001
580,-0.00033600000000000004,4.16,1.8900000000000001
581,-0.00033520000000000007,4.12,1.9100000000000001
582,-0.00033440000000000005,4.16,1.9100000000000001
583,-0.0003336000000000001,4.2,1.93
584,-0.00033280000000000007,4.16,1.93
585,-0.00033200000000000005,4.2,1.93
586,-0.0003312000000000001,4.2,1.93
587,-0.00033040000000000006,4.24,1.95
588,-0.00032960000000000004,4.24,1.97
589,-0.0003288000000000001,4.24,1.97
590,-0.00032800000000000006,4.28,1.97
591,-0.00032720000000000004,4.28,1.97
592,-0.0003264000000000001,4.32,2.0100000000000002
593,-0.00032560000000000005,4.32,1.99
594,-0.00032480000000000003,4.36,1.99
595,-0.00032400000000000007,4.36,2.0100000000000002
596,-0.00032320000000000005,4.36,2.0100000000000002
597,-0.0003224000000000001,4.36,2.0100000000000002
598,-0.00032160000000000007,4.4,2.0300000000000002
599,-0.00032080000000000005,4.4,2.0300000000000002
600,-0.0003200000000000001,4.44,2.0300000000000002
601,-0.00031920000000000006,4.44,2.05
602,-0.00031840000000000004,4.44,2.05
603,-0.0003176000000000001,4.44,2.05
604,-0.00031680000000000006,4.44,2.07
605,-0.00031600000000000004,4.48,2.07
606,-0.00031520000000000007,4.5200000000000005,2.09
607,-0.00031440000000000005,4.5200000000000005,2.09
608,-0.00031360000000000003,4.5200000000000005,2.09
609,-0.00031280000000000007,4.5600000000000005,2.11
610,-0.00031200000000000005,4.5600000000000005,2.11
611,-0.0003112000000000001,4.6000000000000005,2.11
612,-0.00031040000000000006,4.6000000000000005,2.11
613,-0.00030960000000000004,4.64,2.13
614,-0.0003088,4.64,2.13
615,-0.0003080000000000001,4.64,2.15
616,-0.0003072000000000001,4.64,2.15
617,-0.0003064000000000001,4.68,2.15
618,-0.00030560000000000006,4.68,2.17
619,-0.00030480000000000004,4.68,2.17
620,-0.000304,4.72,2.17
621,-0.0003032000000000001,4.72,2.19
622,-0.0003024000000000001,4.76,2.19
623,-0.00030160000000000007,4.76,2.19
624,-0.00030080000000000005,4.76,2.21
625,-0.00030000000000000003,4.8,2.21
626,-0.0002992,4.8,2.21
627,-0.0002984000000000001,4.84,2.23
628,-0.0002976000000000001,4.8,2.23
629,-0.00029680000000000006,4.84,2.23
630,-0.00029600000000000004,4.88,2.25
631,-0.0002952,4.88,2.25
632,-0.0002944000000000001,4.88,2.27
633,-0.0002936000000000001,4.92,2.27
634,-0.00029280000000000007,4.92,2.27
635,-0.00029200000000000005,4.92,2.29
636,-0.00029120000000000003,4.92,2.27
637,-0.0002904,4.96,2.29
638,-0.0002896000000000001,4.96,2.29
639,-0.0002888000000000001,5.0,2.31
640,-0.00028800000000000006,5.0,2.31
641,-0.00028720000000000004,0.04,2.25
642,-0.0002864,0.08,1.99
643,-0.0002856000000000001,0.12,1.75
644,-0.0002848000000000001,0.16,1.55
645,-0.00028400000000000007,0.12,1.35
646,-0.00028320000000000005,0.16,1.19
647,-0.00028240000000000003,0.16,1.07
648,-0.0002816,0.2,0.9500000000000001
649,-0.0002808000000000001,0.2,0.8300000000000001
650,-0.0002800000000000001,0.2,0.75
651,-0.00027920000000000006,0.24,0.67
652,-0.00027840000000000005,0.24,0.59
653,-0.0002776,0.24,0.53
654,-0.0002768000000000001,0.24,0.49
655,-0.0002760000000000001,0.28,0.43
656,-0.0002752000000000001,0.28,0.41000000000000003
657,-0.00027440000000000006,0.32,0.37
658,-0.00027360000000000004,0.32,0.35000000000000003
659,-0.0002728,0.32,0.31
660,-0.0002720000000000001,0.32,0.29
661,-0.0002712000000000001,0.36,0.27
662,-0.00027040000000000007,0.36,0.27
663,-0.00026960000000000005,0.36,0.25
664,-0.00026880000000000003,0.4,0.25
665,-0.000268,0.4,0.23
666,-0.0002672000000000001,0.4,0.23
667,-0.0002664000000000001,0.4,0.21
668,-0.00026560000000000006,0.4,0.21
669,-0.00026480000000000004,0.44,0.23
670,-0.000264,0.44,0.23
671,-0.0002632000000000001,0.48,0.21
672,-0.0002624000000000001,0.48,0.21
673,-0.00026160000000000007,0.48,0.23
674,-0.00026080000000000005,0.48,0.21
675,-0.00026000000000000003,0.52,0.21
676,-0.0002592,0.56,0.23
677,-0.0002584000000000001,0.52,0.23
678,-0.0002576000000000001,0.56,0.23
679,-0.00025680000000000006,0.56,0.25
680,-0.00025600000000000004,0.56,0.23
681,-0.0002552,0.56,0.23
682,-0.0002544000000000001,0.6,0.25
683,-0.0002536000000000001,0.6,0.25
684,-0.0002528000000000001,0.64,0.25
685,-0.00025200000000000005,0.64,0.25
686,-0.00025120000000000003,0.64,0.27
687,-0.0002504,0.68,0.27
688,-0.0002496000000000001,0.68,0.29
689,-0.0002488000000000001,0.68,0.27
690,-0.00024800000000000007,0.72,0.29
691,-0.00024720000000000005,0.72,0.31
692,-0.0002464,0.72,0.31
693,-0.0002456000000000001,0.76,0.31
694,-0.0002448000000000001,0.8,0.31
695,-0.00024400000000000008,0.8,0.31
696,-0.00024320000000000006,0.8,0.33
697,-0.00024240000000000004,0.8,0.33
698,-0.00024160000000000002,0.8,0.33
699,-0.0002408000000000001,0.84,0.35000000000000003
700,-0.0002400000000000001,0.84,0.35000000000000003
701,-0.00023920000000000007,0.88,0.35000000000000003
702,-0.00023840000000000005,0.88,0.37
703,-0.00023760000000000003,0.88,0.37
704,-0.0002368,0.92,0.39
705,-0.0002360000000000001,0.92,0.39
706,-0.00023520000000000008,0.96,0.41000000000000003
707,-0.00023440000000000006,0.96,0.39
708,-0.00023360000000000004,0.96,0.41000000000000003
709,-0.00023280000000000002,1.0,0.41000000000000003
710,-0.0002320000000000001,1.0,0.41000000000000003
711,-0.0002312000000000001,1.0,0.41000000000000003
712,-0.00023040000000000007,1.04,0.43
713,-0.00022960000000000005,1.04,0.43
714,-0.00022880000000000003,1.04,0.43
715,-0.000228,1.08,0.45
716,-0.0002272000000000001,1.08,0.47000000000000003
717,-0.00022640000000000008,1.12,0.47000000000000003
718,-0.00022560000000000006,1.16,0.49
719,-0.00022480000000000004,1.16,0.49
720,-0.00022400000000000002,1.16,0.49
721,-0.0002232000000000001,1.16,0.49
722,-0.0002224000000000001,1.2,0.49
723,-0.00022160000000000007,1.2,0.51
724,-0.00022080000000000005,1.2,0.51
725,-0.00022000000000000003,1.24,0.53
726,-0.00021920000000000002,1.24,0.53
727,-0.0002184000000000001,1.24,0.53
728,-0.00021760000000000009,1.24,0.55
729,-0.00021680000000000007,1.24,0.55
730,-0.00021600000000000005,1.28,0.55
731,-0.00021520000000000003,1.28,0.55
732,-0.00021440000000000012,1.32,0.5700000000000001
733,-0.0002136000000000001,1.36,0.5700000000000001
734,-0.00021280000000000008,1.32,0.5700000000000001
735,-0.00021200000000000006,1.36,0.59
736,-0.00021120000000000004,1.36,0.59
737,-0.00021040000000000002,1.4000000000000001,0.61
738,-0.0002096000000000001,1.4000000000000001,0.61
739,-0.0002088000000000001,1.4000000000000001,0.61
740,-0.00020800000000000007,1.44,0.61
741,-0.00020720000000000005,1.44,0.63
742,-0.00020640000000000003,1.44,0.63
743,-0.00020560000000000012,1.48,0.65
744,-0.0002048000000000001,1.48,0.63
745,-0.00020400000000000008,1.48,0.65
746,-0.00020320000000000006,1.56,0.65
747,-0.00020240000000000004,1.52,0.67
748,-0.00020160000000000002,1.56,0.67
749,-0.0002008000000000001,1.56,0.67
750,-0.0002000000000000001,1.56,0.6900000000000001
751,-0.00019920000000000007,1.6,0.6900000000000001
752,-0.00019840000000000005,1.6400000000000001,0.71
753,-0.00019760000000000003,1.6,0.71
754,-0.0001968,1.6400000000000001,0.71
755,-0.0001960000000000001,1.6400000000000001,0.71
756,-0.00019520000000000008,1.68,0.73
757,-0.00019440000000000006,1.68,0.73
758,-0.00019360000000000004,1.68,0.75
759,-0.00019280000000000002,1.72,0.75
760,-0.0001920000000000001,1.72,0.75
761,-0.0001912000000000001,1.76,0.75
762,-0.00019040000000000007,1.76,0.77
763,-0.00018960000000000005,1.8,0.77
764,-0.00018880000000000004,1.8,0.77
765,-0.00018800000000000002,1.8,0.79
766,-0.0001872000000000001,1.8,0.79
767,-0.00018640000000000009,1.84,0.81
768,-0.00018560000000000007,1.84,0.81
769,-0.00018480000000000005,1.84,0.81
770,-0.00018400000000000003,1.84,0.81
771,-0.00018320000000000012,1.8800000000000001,0.8300000000000001
772,-0.0001824000000000001,1.92,0.8300000000000001
773,-0.00018160000000000008,1.92,0.8300000000000001
774,-0.00018080000000000006,1.92,0.8300000000000001
775,-0.00018000000000000004,1.96,0.85
776,-0.00017920000000000002,1.96,0.85
777,-0.0001784000000000001,1.96,0.87
778,-0.0001776000000000001,1.96,0.87
779,-0.00017680000000000007,2.0,0.87
780,-0.00017600000000000005,2.04,0.89
781,-0.00017520000000000003,2.08,0.89
782,-0.00017440000000000012,2.04,0.91
783,-0.0001736000000000001,2.08,0.91
784,-0.00017280000000000008,2.04,0.91
785,-0.00017200000000000006,2.12,0.93
786,-0.00017120000000000004,2.12,0.93
787,-0.00017040000000000002,2.12,0.9500000000000001
788,-0.0001696000000000001,2.12,0.9500000000000001
789,-0.0001688000000000001,2.12,0.97
790,-0.00016800000000000007,2.16,0.9500000000000001
791,-0.00016720000000000005,2.16,0.9500000000000001
792,-0.00016640000000000003,2.2,0.97
793,-0.00016560000000000001,2.2,0.97
794,-0.0001648000000000001,2.24,0.97
795,-0.00016400000000000008,2.24,0.99
796,-0.00016320000000000006,2.24,0.99
797,-0.00016240000000000004,2.24,1.01
798,-0.00016160000000000002,2.2800000000000002,1.01
799,-0.00016080000000000011,2.2800000000000002,1.01
800,-0.0001600000000000001,2.2800000000000002,1.03
801,-0.00015920000000000007,2.32,1.03
802,-0.00015840000000000006,2.36,1.03
803,-0.00015760000000000004,2.36,1.05
804,-0.00015680000000000002,2.36,1.05
805,-0.0001560000000000001,2.4,1.05
806,-0.00015520000000000009,2.4,1.05
807,-0.00015440000000000007,2.4,1.07
808,-0.00015360000000000005,2.4,1.07
809,-0.00015280000000000003,2.44,1.09
810,-0.00015200000000000012,2.44,1.09
811,-0.0001512000000000001,2.44,1.09
812,-0.00015040000000000008,2.48,1.09
813,-0.00014960000000000006,2.48,1.11
814,-0.00014880000000000004,2.48,1.11
815,-0.00014800000000000002,2.52,1.1300000000000001
816,-0.0001472000000000001,2.52,1.1300000000000001
817,-0.0001464000000000001,2.56,1.1300000000000001
818,-0.00014560000000000007,2.56,1.1500000000000001
819,-0.00014480000000000005,2.6,1.1500000000000001
820,-0.00014400000000000003,2.56,1.1500000000000001
821,-0.00014320000000000012,2.56,1.1500000000000001
822,-0.0001424000000000001,2.6,1.17
823,-0.00014160000000000008,2.64,1.19
824,-0.00014080000000000006,2.64,1.19
825,-0.00014000000000000004,2.64,1.19
826,-0.00013920000000000002,2.68,1.21
827,-0.0001384000000000001,2.68,1.21
828,-0.0001376000000000001,2.72,1.23
829,-0.00013680000000000007,2.72,1.21
830,-0.00013600000000000005,2.72,1.23
831,-0.00013520000000000003,2.7600000000000002,1.23
832,-0.00013440000000000012,2.8000000000000003,1.23
833,-0.0001336000000000001,2.7600000000000002,1.25
834,-0.00013280000000000008,2.8000000000000003,1.25
835,-0.00013200000000000006,2.84,1.27
836,-0.00013120000000000004,2.8000000000000003,1.27
837,-0.00013040000000000003,2.84,1.27
838,-0.00012960000000000011,2.84,1.29
839,-0.0001288000000000001,2.84,1.29
840,-0.00012800000000000008,2.88,1.31
841,-0.00012720000000000006,2.88,1.31
842,-0.00012640000000000004,2.92,1.31
843,-0.00012560000000000002,2.96,1.33
844,-0.0001248000000000001,2.92,1.33
845,-0.0001240000000000001,2.92,1.33
846,-0.00012320000000000007,2.96,1.33
847,-0.00012240000000000005,2.96,1.35
848,-0.00012160000000000003,3.0,1.35
849,-0.00012080000000000012,3.0,1.35
850,-0.0001200000000000001,3.04,1.37
851,-0.00011920000000000008,3.04,1.37
852,-0.00011840000000000006,3.04,1.37
853,-0.00011760000000000004,3.04,1.3900000000000001
854,-0.00011680000000000002,3.08,1.3900000000000001
855,-0.00011600000000000011,3.08,1.3900000000000001
856,-0.00011520000000000009,3.08,1.3900000000000001
857,-0.00011440000000000007,3.16,1.41
858,-0.00011360000000000005,3.16,1.41
859,-0.00011280000000000003,3.16,1.41
860,-0.00011200000000000012,3.16,1.45
861,-0.0001112000000000001,3.2,1.45
862,-0.00011040000000000008,3.2,1.45
863,-0.00010960000000000006,3.2,1.45
864,-0.00010880000000000004,3.2,1.45
865,-0.00010800000000000002,3.2,1.47
866,-0.00010720000000000011,3.2800000000000002,1.47
867,-0.00010640000000000009,3.2800000000000002,1.47
868,-0.00010560000000000007,3.2800000000000002,1.49
869,-0.00010480000000000005,3.3200000000000003,1.49
870,-0.00010400000000000003,3.2800000000000002,1.51
871,-0.00010320000000000012,3.3200000000000003,1.51
872,-0.0001024000000000001,3.36,1.53
873,-0.00010160000000000008,3.36,1.51
874,-0.00010080000000000006,3.36,1.53
875,-0.00010000000000000005,3.4,1.53
876,-9.920000000000003e-05,3.4,1.53
877,-9.840000000000011e-05,3.4,1.55
878,-9.76000000000001e-05,3.4,1.55
879,-9.680000000000008e-05,3.44,1.57
880,-9.600000000000006e-05,3.44,1.57
881,-9.520000000000004e-05,3.44,1.57
882,-9.440000000000002e-05,3.48,1.59
883,-9.36000000000001e-05,3.48,1.61
884,-9.280000000000009e-05,3.52,1.59
885,-9.200000000000007e-05,3.52,1.59
886,-9.120000000000005e-05,3.52,1.61
887,-9.040000000000003e-05,3.56,1.6300000000000001
888,-8.960000000000012e-05,3.6,1.6300000000000001
889,-8.88000000000001e-05,3.6,1.6300000000000001
890,-8.800000000000008e-05,3.6,1.6500000000000001
891,-8.720000000000006e-05,3.6,1.6500000000000001
892,-8.640000000000004e-05,3.6,1.6500000000000001
893,-8.560000000000002e-05,3.64,1.6500000000000001
894,-8.480000000000011e-05,3.64,1.67
895,-8.400000000000009e-05,3.64,1.67
896,-8.320000000000007e-05,3.68,1.67
897,-8.240000000000005e-05,3.68,1.69
898,-8.160000000000003e-05,3.72,1.71
899,-8.080000000000012e-05,3.72,1.69
900,-8.00000000000001e-05,3.72,1.71
901,-7.920000000000008e-05,3.7600000000000002,1.71
902,-7.840000000000006e-05,3.7600000000000002,1.71
903,-7.760000000000004e-05,3.7600000000000002,1.73
904,-7.680000000000002e-05,3.7600000000000002,1.73
905,-7.600000000000011e-05,3.84,1.75
906,-7.520000000000009e-05,3.84,1.75
907,-7.440000000000007e-05,3.84,1.77
908,-7.360000000000005e-05,3.84,1.75
909,-7.280000000000003e-05,3.88,1.77
910,-7.200000000000012e-05,3.88,1.77
911,-7.12000000000001e-05,3.88,1.77
912,-7.040000000000008e-05,3.92,1.81
913,-6.960000000000007e-05,3.88,1.81
914,-6.880000000000005e-05,3.92,1.81
915,-6.800000000000003e-05,3.96,1.83
916,-6.720000000000012e-05,3.96,1.81
917,-6.64000000000001e-05,3.96,1.83
918,-6.560000000000008e-05,4.0,1.83
919,-6.480000000000006e-05,4.0,1.83
920,-6.400000000000004e-05,4.0,1.85
921,-6.320000000000002e-05,4.04,1.85
922,-6.240000000000011e-05,4.08,1.85
923,-6.160000000000009e-05,4.08,1.87
924,-6.080000000000007e-05,4.08,1.8900000000000001
925,-6.000000000000005e-05,4.08,1.87
926,-5.920000000000003e-05,4.08,1.8900000000000001
927,-5.840000000000012e-05,4.12,1.8900000000000001
928,-5.76000000000001e-05,4.12,1.9100000000000001
929,-5.680000000000008e-05,4.16,1.9100000000000001
930,-5.600000000000006e-05,4.16,1.93
931,-5.520000000000004e-05,4.2,1.93
932,-5.440000000000002e-05,4.2,1.93
933,-5.360000000000011e-05,4.2,1.93
934,-5.280000000000009e-05,4.2,1.95
935,-5.200000000000007e-05,4.24,1.97
936,-5.120000000000005e-05,4.24,1.95
937,-5.040000000000003e-05,4.28,1.97
938,-4.960000000000012e-05,4.28,1.97
939,-4.88000000000001e-05,4.28,1.97
940,-4.800000000000008e-05,4.32,1.99
941,-4.720000000000006e-05,4.36,1.99
942,-4.6400000000000044e-05,4.32,1.99
943,-4.5600000000000024e-05,4.36,2.0100000000000002
944,-4.480000000000011e-05,4.36,2.0100000000000002
945,-4.4000000000000094e-05,4.4,2.0300000000000002
946,-4.3200000000000074e-05,4.4,2.0300000000000002
947,-4.2400000000000055e-05,4.4,2.05
948,-4.1600000000000035e-05,4.4,2.05
949,-4.0800000000000124e-05,4.44,2.05
950,-4.0000000000000105e-05,4.44,2.05
951,-3.9200000000000085e-05,4.48,2.07
952,-3.8400000000000066e-05,4.48,2.09
953,-3.7600000000000047e-05,4.48,2.07
954,-3.680000000000003e-05,4.5200000000000005,2.09
955,-3.6000000000000116e-05,4.5200000000000005,2.09
956,-3.52000000000001e-05,4.5200000000000005,2.11
957,-3.440000000000008e-05,4.5600000000000005,2.11
958,-3.360000000000006e-05,4.5600000000000005,2.11
959,-3.280000000000004e-05,4.6000000000000005,2.13
960,-3.200000000000002e-05,4.6000000000000005,2.13
961,-3.120000000000011e-05,4.6000000000000005,2.13
962,-3.040000000000009e-05,4.64,2.15
963,-2.960000000000007e-05,4.64,2.15
964,-2.880000000000005e-05,4.68,2.15
965,-2.800000000000003e-05,4.68,2.15
966,-2.720000000000012e-05,4.68,2.17
967,-2.64000000000001e-05,4.72,2.17
968,-2.560000000000008e-05,4.72,2.17
969,-2.480000000000006e-05,4.72,2.19
970,-2.400000000000004e-05,4.76,2.19
971,-2.3200000000000022e-05,4.76,2.21
972,-2.240000000000011e-05,4.8,2.21
973,-2.160000000000009e-05,4.8,2.21
974,-2.0800000000000072e-05,4.8,2.23
975,-2.0000000000000052e-05,4.84,2.23
976,-1.9200000000000033e-05,4.84,2.23
977,-1.8400000000000122e-05,4.84,2.23
978,-1.7600000000000103e-05,4.84,2.25
979,-1.6800000000000083e-05,4.88,2.25
980,-1.6000000000000064e-05,4.88,2.25
981,-1.5200000000000044e-05,4.92,2.27
982,-1.4400000000000025e-05,4.96,2.27
983,-1.3600000000000114e-05,4.96,2.27
984,-1.2800000000000094e-05,4.96,2.29
985,-1.2000000000000075e-05,4.96,2.29
986,-1.1200000000000055e-05,5.0,2.29
987,-1.0400000000000036e-05,5.0,2.31
988,-9.600000000000125e-06,0.04,2.33
989,-8.800000000000105e-06,0.12,2.0300000000000002
990,-8.000000000000086e-06,0.12,1.79
991,-7.200000000000067e-06,0.12,1.57
992,-6.400000000000047e-06,0.16,1.3900000000000001
993,-5.600000000000028e-06,0.16,1.23
994,-4.800000000000117e-06,0.2,1.09
995,-4.000000000000097e-06,0.2,0.97
996,-3.2000000000000778e-06,0.2,0.87
997,-2.4000000000000583e-06,0.2,0.77
998,-1.6000000000000389e-06,0.24,0.6900000000000001
999,-8.000000000001279e-07,0.24,0.63
1000,-1.0842021724855044e-19,0.24,0.55
1001,7.99999999999911e-07,0.24,0.49
1002,1.5999999999999305e-06,0.28,0.45
1003,2.39999999999995e-06,0.28,0.43
1004,3.1999999999999694e-06,0.32,0.37
1005,3.99999999999988e-06,0.28,0.35000000000000003
1006,4.7999999999999e-06,0.32,0.33
1007,5.599999999999919e-06,0.32,0.29
1008,6.399999999999939e-06,0.32,0.29
1009,7.199999999999958e-06,0.32,0.27
1010,7.999999999999978e-06,0.36,0.27
1011,8.799999999999889e-06,0.4,0.25
1012,9.599999999999908e-06,0.36,0.23
1013,1.0399999999999928e-05,0.4,0.23
1014,1.1199999999999947e-05,0.4,0.21
1015,1.1999999999999966e-05,0.44,0.21
1016,1.2799999999999877e-05,0.44,0.21
1017,1.3599999999999897e-05,0.44,0.21
1018,1.4399999999999916e-05,0.48,0.21
1019,1.5199999999999936e-05,0.48,0.21
1020,1.5999999999999955e-05,0.48,0.23
1021,1.6799999999999975e-05,0.48,0.21
1022,1.7599999999999886e-05,0.48,0.23
1023,1.8399999999999905e-05,0.52,0.23
1024,1.9199999999999925e-05,0.52,0.21
1025,1.9999999999999944e-05,0.56,0.23
1026,2.0799999999999963e-05,0.56,0.23
1027,2.1599999999999875e-05,0.56,0.25
1028,2.2399999999999894e-05,0.6,0.23
1029,2.3199999999999913e-05,0.6,0.25
1030,2.3999999999999933e-05,0.64,0.25
1031,2.4799999999999952e-05,0.64,0.25
1032,2.5599999999999972e-05,0.68,0.27
1033,2.6399999999999883e-05,0.64,0.27
1034,2.7199999999999902e-05,0.68,0.29
1035,2.799999999999992e-05,0.68,0.27
1036,2.879999999999994e-05,0.72,0.29
1037,2.959999999999996e-05,0.72,0.29
1038,3.039999999999987e-05,0.72,0.29
1039,3.119999999999989e-05,0.76,0.29
1040,3.199999999999991e-05,0.72,0.31
1041,3.279999999999993e-05,0.76,0.31
1042,3.359999999999995e-05,0.76,0.33
1043,3.439999999999997e-05,0.8,0.31
1044,3.519999999999988e-05,0.84,0.33
1045,3.59999999999999e-05,0.84,0.33
1046,3.679999999999992e-05,0.84,0.35000000000000003
1047,3.759999999999994e-05,0.84,0.35000000000000003
1048,3.839999999999996e-05,0.88,0.35000000000000003
1049,3.919999999999998e-05,0.88,0.37
1050,3.999999999999989e-05,0.88,0.37
1051,4.079999999999991e-05,0.92,0.39
1052,4.159999999999993e-05,0.92,0.37
1053,4.2399999999999946e-05,0.96,0.39
1054,4.3199999999999966e-05,0.96,0.41000000000000003
1055,4.399999999999988e-05,0.96,0.41000000000000003
1056,4.4799999999999896e-05,1.0,0.41000000000000003
1057,4.5599999999999916e-05,1.0,0.43
1058,4.6399999999999935e-05,1.04,0.41000000000000003
1059,4.7199999999999955e-05,1.04,0.43
1060,4.7999999999999974e-05,1.04,0.43
1061,4.8799999999999885e-05,1.08,0.45
1062,4.9599999999999905e-05,1.08,0.45
1063,5.0399999999999924e-05,1.08,0.45
1064,5.1199999999999943e-05,1.12,0.47000000000000003
1065,5.199999999999996e-05,1.12,0.47000000000000003
1066,5.2799999999999874e-05,1.12,0.47000000000000003
1067,5.3599999999999893e-05,1.16,0.49
1068,5.439999999999991e-05,1.16,0.49
1069,5.519999999999993e-05,1.16,0.49
1070,5.599999999999995e-05,1.2,0.49
1071,5.679999999999997e-05,1.2,0.51
1072,5.759999999999988e-05,1.24,0.51
1073,5.83999999999999e-05,1.2,0.53
1074,5.919999999999992e-05,1.24,0.53
1075,5.999999999999994e-05,1.24,0.53
1076,6.079999999999996e-05,1.28,0.55
1077,6.159999999999987e-05,1.28,0.55
1078,6.239999999999989e-05,1.28,0.55
1079,6.319999999999991e-05,1.32,0.5700000000000001
1080,6.399999999999993e-05,1.32,0.5700000000000001
1081,6.479999999999995e-05,1.36,0.59
1082,6.559999999999997e-05,1.36,0.59
1083,6.639999999999988e-05,1.36,0.59
1084,6.71999999999999e-05,1.4000000000000001,0.59
1085,6.799999999999992e-05,1.4000000000000001,0.61
1086,6.879999999999994e-05,1.44,0.61
1087,6.959999999999996e-05,1.4000000000000001,0.63
1088,7.039999999999987e-05,1.44,0.61
1089,7.119999999999989e-05,1.48,0.63
1090,7.199999999999991e-05,1.48,0.65
1091,7.279999999999993e-05,1.48,0.65
1092,7.359999999999995e-05,1.48,0.65
1093,7.439999999999997e-05,1.52,0.65
1094,7.519999999999988e-05,1.52,0.67
1095,7.59999999999999e-05,1.56,0.67
1096,7.679999999999992e-05,1.56,0.67
1097,7.759999999999993e-05,1.56,0.6900000000000001
1098,7.839999999999995e-05,1.6,0.71
1099,7.919999999999997e-05,1.6,0.6900000000000001
1100,7.999999999999988e-05,1.6,0.71
1101,8.07999999999999e-05,1.6400000000000001,0.71
1102,8.159999999999992e-05,1.6400000000000001,0.73
1103,8.239999999999994e-05,1.6400000000000001,0.73
1104,8.319999999999996e-05,1.68,0.73
1105,8.399999999999987e-05,1.68,0.75
1106,8.479999999999989e-05,1.68,0.73
1107,8.559999999999991e-05,1.72,0.77
1108,8.639999999999993e-05,1.76,0.75
1109,8.719999999999995e-05,1.76,0.77
1110,8.799999999999997e-05,1.76,0.77
1111,8.879999999999988e-05,1.8,0.77
1112,8.95999999999999e-05,1.8,0.79
1113,9.039999999999992e-05,1.8,0.79
1114,9.119999999999994e-05,1.84,0.81
1115,9.199999999999996e-05,1.84,0.81
1116,9.279999999999987e-05,1.84,0.81
1117,9.359999999999989e-05,1.8800000000000001,0.81
1118,9.439999999999991e-05,1.8800000000000001,0.8300000000000001
1119,9.519999999999993e-05,1.8800000000000001,0.8300000000000001
1120,9.599999999999995e-05,1.92,0.8300000000000001
1121,9.679999999999997e-05,1.96,0.85
1122,9.759999999999988e-05,1.96,0.85
1123,9.83999999999999e-05,1.96,0.85
1124,9.919999999999992e-05,1.96,0.87
1125,9.999999999999994e-05,1.96,0.85
1126,0.00010079999999999996,2.0,0.87
1127,0.00010159999999999987,2.0,0.89
1128,0.00010239999999999989,2.08,0.89
1129,0.0001031999999999999,2.04,0.89
1130,0.00010399999999999993,2.04,0.91
1131,0.00010479999999999995,2.08,0.91
1132,0.00010559999999999996,2.08,0.93
1133,0.00010639999999999988,2.08,0.91
1134,0.0001071999999999999,2.12,0.93
1135,0.00010799999999999991,2.16,0.9500000000000001
1136,0.00010879999999999993,2.12,0.9500000000000001
1137,0.00010959999999999995,2.16,0.97
1138,0.00011039999999999997,2.16,0.9500000000000001
1139,0.00011119999999999988,2.2,0.97
1140,0.0001119999999999999,2.2,0.97
1141,0.00011279999999999992,2.2,0.97
1142,0.00011359999999999994,2.24,0.99
1143,0.00011439999999999996,2.24,0.99
1144,0.00011519999999999987,2.24,0.99
1145,0.00011599999999999989,2.2800000000000002,1.01
1146,0.00011679999999999991,2.2800000000000002,1.01
1147,0.00011759999999999993,2.32,1.01
1148,0.00011839999999999995,2.32,1.03
1149,0.00011919999999999997,2.32,1.03
1150,0.00011999999999999988,2.36,1.03
1151,0.0001207999999999999,2.36,1.05
1152,0.00012159999999999992,2.36,1.05
1153,0.00012239999999999994,2.36,1.05
1154,0.00012319999999999996,2.44,1.07
1155,0.00012399999999999987,2.4,1.09
1156,0.0001247999999999999,2.44,1.07
1157,0.0001255999999999999,2.44,1.09
1158,0.00012639999999999993,2.44,1.09
1159,0.00012719999999999995,2.48,1.09
1160,0.00012799999999999997,2.48,1.11
1161,0.00012879999999999988,2.52,1.11
1162,0.0001295999999999999,2.52,1.11
1163,0.00013039999999999992,2.56,1.1300000000000001
1164,0.00013119999999999994,2.56,1.1300000000000001
1165,0.00013199999999999996,2.56,1.1500000000000001
1166,0.00013279999999999987,2.56,1.1500000000000001
1167,0.00013359999999999989,2.56,1.1500000000000001
1168,0.0001343999999999999,2.6,1.17
1169,0.00013519999999999993,2.6,1.17
1170,0.00013599999999999994,2.6,1.17
1171,0.00013679999999999996,2.64,1.19
1172,0.00013759999999999988,2.64,1.19
1173,0.0001383999999999999,2.64,1.19
1174,0.00013919999999999991,2.68,1.19
1175,0.00013999999999999993,2.68,1.21
1176,0.00014079999999999995,2.72,1.21
1177,0.00014159999999999997,2.72,1.21
1178,0.00014239999999999988,2.7600000000000002,1.23
1179,0.0001431999999999999,2.7600000000000002,1.25
1180,0.00014399999999999992,2.7600000000000002,1.23
1181,0.00014479999999999994,2.7600000000000002,1.25
1182,0.00014559999999999996,2.8000000000000003,1.25
1183,0.00014639999999999987,2.8000000000000003,1.27
1184,0.0001471999999999999,2.8000000000000003,1.27
1185,0.0001479999999999999,2.88,1.29
1186,0.00014879999999999993,2.84,1.27
1187,0.00014959999999999995,2.88,1.29
1188,0.00015039999999999997,2.88,1.29
1189,0.00015119999999999988,2.92,1.31
1190,0.0001519999999999999,2.92,1.33
1191,0.00015279999999999992,2.96,1.33
1192,0.00015359999999999994,2.92,1.33
1193,0.00015439999999999996,2.96,1.33
1194,0.00015519999999999987,2.96,1.33
1195,0.0001559999999999999,3.0,1.35
1196,0.0001567999999999999,3.0,1.37
1197,0.00015759999999999993,3.04,1.35
1198,0.00015839999999999995,3.04,1.37
1199,0.00015919999999999997,3.04,1.37
1200,0.00015999999999999988,3.08,1.3900000000000001
1201,0.0001607999999999999,3.08,1.3900000000000001
1202,0.00016159999999999992,3.12,1.3900000000000001
1203,0.00016239999999999994,3.08,1.3900000000000001
1204,0.00016319999999999996,3.12,1.3900000000000001
1205,0.00016399999999999987,3.12,1.41
1206,0.00016479999999999989,3.16,1.43
1207,0.0001655999999999999,3.16,1.43
1208,0.00016639999999999992,3.2,1.43
1209,0.00016719999999999994,3.2,1.43
1210,0.00016799999999999996,3.24,1.45
1211,0.00016879999999999987,3.2,1.45
1212,0.0001695999999999999,3.24,1.47
1213,0.0001703999999999999,3.2800000000000002,1.47
1214,0.00017119999999999993,3.2800000000000002,1.47
1215,0.00017199999999999995,3.3200000000000003,1.49
1216,0.00017279999999999997,3.2800000000000002,1.49
1217,0.00017359999999999988,3.3200000000000003,1.49
1218,0.0001743999999999999,3.3200000000000003,1.51
1219,0.00017519999999999992,3.36,1.51
1220,0.00017599999999999994,3.36,1.51
1221,0.00017679999999999985,3.36,1.51
1222,0.00017759999999999987,3.4,1.55
1223,0.0001783999999999999,3.36,1.53
1224,0.0001791999999999999,3.44,1.55
1225,0.00017999999999999993,3.4,1.55
1226,0.00018079999999999995,3.44,1.55
1227,0.00018159999999999997,3.48,1.57
1228,0.0001824,3.44,1.57
1229,0.0001832,3.48,1.59
1230,0.0001839999999999998,3.48,1.59
1231,0.00018479999999999983,3.52,1.59
1232,0.00018559999999999985,3.52,1.59
1233,0.00018639999999999987,3.52,1.61
1234,0.0001871999999999999,3.56,1.61
1235,0.0001879999999999999,3.56,1.6300000000000001
1236,0.00018879999999999993,3.56,1.6300000000000001
1237,0.00018959999999999995,3.6,1.6300000000000001
1238,0.00019039999999999997,3.6,1.6500000000000001
1239,0.00019119999999999999,3.6,1.6500000000000001
1240,0.000192,3.64,1.6500000000000001
1241,0.00019280000000000002,3.64,1.67
1242,0.00019359999999999983,3.64,1.67
1243,0.00019439999999999985,3.68,1.69
1244,0.00019519999999999987,3.68,1.69
1245,0.00019599999999999989,3.72,1.69
1246,0.0001967999999999999,3.72,1.69
1247,0.00019759999999999992,3.7600000000000002,1.71
1248,0.00019839999999999994,3.7600000000000002,1.71
1249,0.00019919999999999996,3.7600000000000002,1.73
1250,0.00019999999999999998,3.7600000000000002,1.73
1251,0.0002008,3.8000000000000003,1.73
1252,0.00020160000000000002,3.8000000000000003,1.75
1253,0.00020239999999999982,3.84,1.75
1254,0.00020319999999999984,3.84,1.77
1255,0.00020399999999999986,3.84,1.79
1256,0.00020479999999999988,3.84,1.77
1257,0.0002055999999999999,3.88,1.77
1258,0.00020639999999999992,3.88,1.79
1259,0.00020719999999999994,3.92,1.79
1260,0.00020799999999999996,3.92,1.79
1261,0.00020879999999999998,3.92,1.79
1262,0.0002096,3.96,1.81
1263,0.00021040000000000002,3.96,1.81
1264,0.00021119999999999982,4.0,1.83
1265,0.00021199999999999984,4.0,1.83
1266,0.00021279999999999986,4.04,1.85
1267,0.00021359999999999988,4.0,1.85
1268,0.0002143999999999999,4.04,1.87
1269,0.00021519999999999992,4.04,1.85
1270,0.00021599999999999994,4.08,1.87
1271,0.00021679999999999996,4.08,1.87
1272,0.00021759999999999998,4.08,1.8900000000000001
1273,0.0002184,4.12,1.8900000000000001
1274,0.00021920000000000002,4.12,1.8900000000000001
1275,0.00021999999999999982,4.12,1.9100000000000001
1276,0.00022079999999999984,4.2,1.9100000000000001
1277,0.00022159999999999986,4.2,1.9100000000000001
1278,0.00022239999999999988,4.2,1.93
1279,0.0002231999999999999,4.2,1.93
1280,0.00022399999999999992,4.2,1.93
1281,0.00022479999999999993,4.24,1.95
1282,0.00022559999999999995,4.24,1.95
1283,0.00022639999999999997,4.24,1.95
1284,0.0002272,4.28,1.95
1285,0.000228,4.28,1.97
1286,0.00022879999999999982,4.28,1.97
1287,0.00022959999999999983,4.28,2.0100000000000002
1288,0.00023039999999999985,4.32,1.99
1289,0.00023119999999999987,4.32,2.0100000000000002
1290,0.0002319999999999999,4.36,2.0100000000000002
1291,0.0002327999999999999,4.36,1.99
1292,0.00023359999999999993,4.36,2.0300000000000002
1293,0.00023439999999999995,4.4,2.0100000000000002
1294,0.00023519999999999997,4.4,2.0300000000000002
1295,0.000236,4.44,2.0300000000000002
1296,0.0002368,4.48,2.05
1297,0.0002375999999999998,4.44,2.05
1298,0.00023839999999999983,4.48,2.07
1299,0.00023919999999999985,4.48,2.07
1300,0.00023999999999999987,4.5200000000000005,2.07
1301,0.0002407999999999999,4.5200000000000005,2.09
1302,0.0002415999999999999,4.5200000000000005,2.09
1303,0.00024239999999999993,4.5600000000000005,2.09
1304,0.00024319999999999995,4.5600000000000005,2.11
1305,0.00024399999999999997,4.5600000000000005,2.11
1306,0.0002448,4.6000000000000005,2.11
1307,0.0002456,4.6000000000000005,2.13
1308,0.0002463999999999998,4.64,2.13
1309,0.00024719999999999983,4.64,2.15
1310,0.00024799999999999985,4.64,2.15
1311,0.00024879999999999987,4.68,2.15
1312,0.0002495999999999999,4.68,2.17
1313,0.0002503999999999999,4.68,2.17
1314,0.0002511999999999999,4.68,2.17
1315,0.00025199999999999995,4.72,2.19
1316,0.00025279999999999996,4.76,2.19
1317,0.0002536,4.76,2.21
1318,0.0002544,4.76,2.19
1319,0.0002551999999999998,4.76,2.21
1320,0.0002559999999999998,4.76,2.21
1321,0.00025679999999999985,4.84,2.21
1322,0.00025759999999999986,4.8,2.23
1323,0.0002583999999999999,4.84,2.23
1324,0.0002591999999999999,4.84,2.25
1325,0.0002599999999999999,4.88,2.25
1326,0.00026079999999999994,4.88,2.25
1327,0.00026159999999999996,4.88,2.27
1328,0.0002624,4.92,2.27
1329,0.0002632,4.92,2.29
1330,0.000264,4.96,2.27
1331,0.0002647999999999998,4.96,2.29
1332,0.00026559999999999984,4.96,2.29
1333,0.00026639999999999986,4.96,2.29
1334,0.0002671999999999999,5.0,2.31
1335,0.0002679999999999999,0.04,2.31
1336,0.0002687999999999999,0.08,2.11
1337,0.00026959999999999994,0.12,1.85
1338,0.00027039999999999996,0.12,1.6300000000000001
1339,0.0002712,0.16,1.45
1340,0.000272,0.16,1.25
1341,0.0002728,0.16,1.11
1342,0.0002735999999999998,0.16,0.99
1343,0.00027439999999999984,0.2,0.89
1344,0.00027519999999999986,0.2,0.79
1345,0.0002759999999999999,0.2,0.71
1346,0.0002767999999999999,0.24,0.63
1347,0.0002775999999999999,0.24,0.5700000000000001
1348,0.00027839999999999994,0.28,0.51
1349,0.00027919999999999996,0.28,0.47000000000000003
1350,0.00028,0.28,0.41000000000000003
1351,0.0002808,0.28,0.39
1352,0.0002816,0.32,0.35000000000000003
1353,0.0002823999999999998,0.32,0.33
1354,0.00028319999999999984,0.32,0.31
1355,0.00028399999999999986,0.32,0.29
1356,0.0002847999999999999,0.32,0.27
1357,0.0002855999999999999,0.36,0.25
1358,0.0002863999999999999,0.4,0.25
1359,0.00028719999999999993,0.4,0.25
1360,0.00028799999999999995,0.4,0.23
1361,0.00028879999999999997,0.4,0.23
1362,0.0002896,0.4,0.21
1363,0.0002904,0.44,0.23
1364,0.0002911999999999998,0.44,0.21
1365,0.00029199999999999983,0.44,0.21
1366,0.00029279999999999985,0.44,0.21
1367,0.00029359999999999987,0.44,0.21
1368,0.0002943999999999999,0.48,0.23
1369,0.0002951999999999999,0.52,0.21
1370,0.00029599999999999993,0.52,0.23
1371,0.00029679999999999995,0.52,0.23
1372,0.00029759999999999997,0.56,0.23
1373,0.0002984,0.56,0.23
1374,0.0002992,0.56,0.25
1375,0.0002999999999999998,0.6,0.25
1376,0.00030079999999999983,0.6,0.25
1377,0.00030159999999999985,0.6,0.25
1378,0.00030239999999999987,0.64,0.25
1379,0.0003031999999999999,0.64,0.27
1380,0.0003039999999999999,0.64,0.27
1381,0.00030479999999999993,0.64,0.27
1382,0.00030559999999999995,0.72,0.27
1383,0.00030639999999999997,0.72,0.27
1384,0.0003072,0.72,0.29
1385,0.000308,0.72,0.29
1386,0.0003087999999999998,0.76,0.31
1387,0.00030959999999999983,0.72,0.31
1388,0.00031039999999999985,0.76,0.31
1389,0.00031119999999999987,0.8,0.31
1390,0.0003119999999999999,0.8,0.31
1391,0.0003127999999999999,0.8,0.33
1392,0.0003135999999999999,0.8,0.33
1393,0.00031439999999999994,0.8,0.33
1394,0.00031519999999999996,0.84,0.35000000000000003
1395,0.000316,0.88,0.35000000000000003
1396,0.0003168,0.88,0.35000000000000003
1397,0.0003175999999999998,0.92,0.37
1398,0.0003183999999999998,0.92,0.39
1399,0.00031919999999999984,0.92,0.37
1400,0.00031999999999999986,0.92,0.39
1401,0.0003207999999999999,0.96,0.41000000000000003
1402,0.0003215999999999999,1.0,0.39
1403,0.0003223999999999999,0.96,0.43
1404,0.00032319999999999994,1.0,0.43
1405,0.00032399999999999996,1.0,0.43
1406,0.0003248,1.04,0.43
1407,0.0003256,1.04,0.43
1408,0.0003264,1.04,0.45
1409,0.0003271999999999998,1.08,0.45
1410,0.00032799999999999984,1.08,0.45
1411,0.00032879999999999986,1.08,0.47000000000000003
1412,0.0003295999999999999,1.12,0.47000000000000003
1413,0.0003303999999999999,1.12,0.47000000000000003
1414,0.0003311999999999999,1.12,0.47000000000000003
1415,0.00033199999999999994,1.16,0.51
1416,0.00033279999999999996,1.16,0.49
1417,0.0003336,1.2,0.49
1418,0.0003344,1.2,0.51
1419,0.0003352,1.2,0.51
1420,0.0003359999999999998,1.24,0.53
1421,0.00033679999999999984,1.24,0.53
1422,0.00033759999999999986,1.24,0.55
1423,0.0003383999999999999,1.24,0.55
1424,0.0003391999999999999,1.28,0.55
1425,0.0003399999999999999,1.32,0.55
1426,0.00034079999999999994,1.32,0.5700000000000001
1427,0.00034159999999999995,1.32,0.5700000000000001
1428,0.0003424,1.32,0.5700000000000001
1429,0.0003432,1.36,0.5700000000000001
1430,0.000344,1.4000000000000001,0.59
1431,0.0003447999999999998,1.36,0.59
1432,0.00034559999999999984,1.4000000000000001,0.59
1433,0.00034639999999999985,1.4000000000000001,0.61
1434,0.0003471999999999999,1.44,0.61
1435,0.0003479999999999999,1.44,0.63
1436,0.0003487999999999999,1.48,0.63
1437,0.00034959999999999993,1.48,0.63
1438,0.00035039999999999995,1.48,0.65
1439,0.00035119999999999997,1.52,0.65
1440,0.000352,1.48,0.65
1441,0.0003528,1.52,0.65
1442,0.0003535999999999998,1.52,0.67
1443,0.00035439999999999983,1.6,0.67
1444,0.00035519999999999985,1.56,0.6900000000000001
1445,0.00035599999999999987,1.6,0.6900000000000001
1446,0.0003567999999999999,1.6,0.6900000000000001
1447,0.0003575999999999999,1.6400000000000001,0.71
1448,0.00035839999999999993,1.6400000000000001,0.71
1449,0.00035919999999999995,1.6400000000000001,0.71
1450,0.00035999999999999997,1.6400000000000001,0.71
1451,0.0003608,1.68,0.73
1452,0.0003616,1.72,0.75
1453,0.0003623999999999998,1.68,0.75
1454,0.00036319999999999983,1.72,0.75
1455,0.00036399999999999985,1.72,0.75
1456,0.00036479999999999987,1.76,0.77
1457,0.0003655999999999999,1.76,0.77
1458,0.0003663999999999999,1.8,0.79
1459,0.0003671999999999999,1.8,0.77
1460,0.00036799999999999995,1.8,0.79
1461,0.00036879999999999997,1.84,0.79
1462,0.0003696,1.8800000000000001,0.81
1463,0.0003704,1.84,0.81
1464,0.0003711999999999998,1.84,0.81
1465,0.0003719999999999998,1.8800000000000001,0.8300000000000001
1466,0.00037279999999999985,1.8800000000000001,0.8300000000000001
1467,0.00037359999999999987,1.8800000000000001,0.85
1468,0.0003743999999999999,1.92,0.85
1469,0.0003751999999999999,1.96,0.85
1470,0.0003759999999999999,1.92,0.85
1471,0.00037679999999999994,1.96,0.87
1472,0.00037759999999999996,2.0,0.87
1473,0.0003784,2.0,0.89
1474,0.0003792,2.0,0.89
1475,0.0003799999999999998,2.04,0.89
1476,0.0003807999999999998,2.04,0.91
1477,0.00038159999999999984,2.04,0.89
1478,0.00038239999999999986,2.08,0.91
1479,0.0003831999999999999,2.08,0.91
1480,0.0003839999999999999,2.08,0.93
1481,0.0003847999999999999,2.12,0.93
1482,0.00038559999999999994,2.12,0.93
1483,0.00038639999999999996,2.12,0.9500000000000001
1484,0.0003872,2.16,0.9500000000000001
1485,0.000388,2.16,0.9500000000000001
1486,0.0003887999999999998,2.16,0.97
1487,0.0003895999999999998,2.16,0.99
1488,0.00039039999999999984,2.2,0.99
1489,0.00039119999999999986,2.2,0.99
1490,0.0003919999999999999,2.24,1.01
1491,0.0003927999999999999,2.24,0.99
1492,0.0003935999999999999,2.2800000000000002,1.01
1493,0.00039439999999999994,2.32,1.01
1494,0.00039519999999999996,2.2800000000000002,1.01
1495,0.000396,2.32,1.03
1496,0.0003968,2.32,1.03
1497,0.0003976,2.32,1.05
1498,0.0003983999999999998,2.36,1.05
1499,0.00039919999999999984,2.36,1.05
1500,0.00039999999999999986,2.36,1.05
1501,0.0004007999999999999,2.4,1.07
1502,0.0004015999999999999,2.4,1.07
1503,0.0004023999999999999,2.44,1.07
1504,0.00040319999999999993,2.44,1.09
1505,0.00040399999999999995,2.44,1.09
1506,0.0004048,2.44,1.09
1507,0.0004056,2.48,1.11
1508,0.0004064,2.48,1.11
1509,0.0004071999999999998,2.52,1.11
1510,0.00040799999999999983,2.52,1.1300000000000001
1511,0.00040879999999999985,2.52,1.1300000000000001
1512,0.0004095999999999999,2.52,1.1500000000000001
1513,0.0004103999999999999,2.56,1.1500000000000001
1514,0.0004111999999999999,2.56,1.1500000000000001
1515,0.00041199999999999993,2.6,1.17
1516,0.00041279999999999995,2.6,1.1500000000000001
1517,0.00041359999999999997,2.64,1.17
1518,0.0004144,2.64,1.19
1519,0.0004152,2.64,1.19
1520,0.0004159999999999998,2.68,1.19
1521,0.00041679999999999983,2.68,1.19
1522,0.00041759999999999985,2.72,1.21
1523,0.00041839999999999987,2.72,1.21
1524,0.0004191999999999999,2.72,1.21
1525,0.0004199999999999999,2.7600000000000002,1.23
1526,0.00042079999999999993,2.7600000000000002,1.23
1527,0.00042159999999999995,2.7600000000000002,1.25
1528,0.00042239999999999997,2.8000000000000003,1.25
1529,0.0004232,2.8000000000000003,1.25
1530,0.000424,2.8000000000000003,1.27
1531,0.0004247999999999998,2.8000000000000003,1.27
1532,0.00042559999999999983,2.8000000000000003,1.27
1533,0.00042639999999999985,2.84,1.29
1534,0.00042719999999999987,2.88,1.31
1535,0.0004279999999999999,2.88,1.29
1536,0.0004287999999999999,2.92,1.31
1537,0.0004295999999999999,2.92,1.31
1538,0.00043039999999999994,2.92,1.31
1539,0.00043119999999999996,2.96,1.33
1540,0.000432,2.96,1.33
1541,0.0004328,3.0,1.33
1542,0.0004335999999999998,3.0,1.35
1543,0.0004343999999999998,3.0,1.35
1544,0.00043519999999999984,3.04,1.35
1545,0.00043599999999999986,3.04,1.37
1546,0.0004367999999999999,3.04,1.37
1547,0.0004375999999999999,3.04,1.37
1548,0.0004383999999999999,3.08,1.3900000000000001
1549,0.00043919999999999994,3.08,1.41
1550,0.00043999999999999996,3.12,1.3900000000000001
1551,0.0004408,3.12,1.41
1552,0.0004416,3.16,1.41
1553,0.0004423999999999998,3.16,1.41
1554,0.0004431999999999998,3.16,1.43
1555,0.00044399999999999984,3.16,1.43
1556,0.00044479999999999986,3.2,1.43
1557,0.0004455999999999999,3.2,1.45
1558,0.0004463999999999999,3.24,1.45
1559,0.0004471999999999999,3.24,1.47
1560,0.00044799999999999994,3.2,1.47
1561,0.00044879999999999996,3.2800000000000002,1.47
1562,0.0004496,3.2800000000000002,1.49
1563,0.0004504,3.3200000000000003,1.47
1564,0.0004511999999999998,3.3200000000000003,1.51
1565,0.0004519999999999998,3.3200000000000003,1.51
1566,0.00045279999999999984,3.3200000000000003,1.51
1567,0.00045359999999999986,3.36,1.53
1568,0.0004543999999999999,3.36,1.51
1569,0.0004551999999999999,3.36,1.53
1570,0.0004559999999999999,3.44,1.55
1571,0.00045679999999999994,3.4,1.53
1572,0.00045759999999999996,3.44,1.55
1573,0.0004584,3.44,1.55
1574,0.0004592,3.48,1.57
1575,0.0004599999999999998,3.48,1.59
1576,0.0004607999999999998,3.48,1.59
1577,0.00046159999999999984,3.48,1.59
1578,0.00046239999999999986,3.48,1.59
1579,0.0004631999999999999,3.52,1.59
1580,0.0004639999999999999,3.52,1.61
1581,0.0004647999999999999,3.52,1.61
1582,0.00046559999999999993,3.56,1.61
1583,0.00046639999999999995,3.56,1.6300000000000001
1584,0.00046719999999999997,3.6,1.6500000000000001
1585,0.000468,3.64,1.6500000000000001
1586,0.0004688,3.6,1.67
1587,0.0004695999999999998,3.64,1.67
1588,0.00047039999999999983,3.64,1.67
1589,0.00047119999999999985,3.68,1.67
1590,0.00047199999999999987,3.68,1.69
1591,0.0004727999999999999,3.68,1.67
1592,0.0004735999999999999,3.72,1.69
1593,0.00047439999999999993,3.72,1.69
1594,0.00047519999999999995,3.72,1.71
1595,0.00047599999999999997,3.7600000000000002,1.71
1596,0.0004768,3.7600000000000002,1.71
1597,0.0004776,3.8000000000000003,1.75
1598,0.0004783999999999998,3.8000000000000003,1.73
1599,0.00047919999999999983,3.8000000000000003,1.75
1600,0.00047999999999999985,3.84,1.75
1601,0.00048079999999999987,3.84,1.75
1602,0.0004815999999999999,3.88,1.77
1603,0.0004823999999999999,3.84,1.77
1604,0.00048319999999999993,3.88,1.77
1605,0.00048399999999999995,3.88,1.79
1606,0.00048479999999999997,3.92,1.79
1607,0.0004856,3.92,1.79
1608,0.0004864,3.96,1.79
1609,0.0004871999999999998,3.96,1.81
1610,0.00048799999999999983,3.96,1.83
1611,0.0004887999999999998,3.96,1.83
1612,0.0004895999999999999,4.0,1.83
1613,0.0004903999999999999,4.0,1.85
1614,0.0004911999999999999,4.0,1.85
1615,0.0004919999999999999,4.04,1.85
1616,0.0004927999999999999,4.08,1.85
1617,0.0004936,4.08,1.87
1618,0.0004944,4.08,1.87
1619,0.0004952,4.08,1.8900000000000001
1620,0.0004959999999999998,4.12,1.8900000000000001
1621,0.0004967999999999998,4.12,1.8900000000000001
1622,0.0004975999999999998,4.12,1.9100000000000001
1623,0.0004983999999999999,4.16,1.9100000000000001
1624,0.0004991999999999999,4.16,1.9100000000000001
1625,0.0004999999999999999,4.2,1.93
1626,0.0005007999999999999,4.16,1.93
1627,0.0005015999999999999,4.2,1.93
1628,0.0005024,4.2,1.93
1629,0.0005032,4.2,1.95
1630,0.000504,4.24,1.97
1631,0.0005047999999999998,4.24,1.99
1632,0.0005055999999999998,4.28,1.97
1633,0.0005063999999999998,4.28,1.99
1634,0.0005071999999999999,4.28,1.99
1635,0.0005079999999999999,4.32,1.99
1636,0.0005087999999999999,4.32,2.0100000000000002
1637,0.0005095999999999999,4.36,2.0100000000000002
1638,0.0005103999999999999,4.36,2.0100000000000002
1639,0.0005112,4.4,2.0100000000000002
1640,0.000512,4.4,2.0300000000000002
1641,0.0005128,4.44,2.0300000000000002
1642,0.0005135999999999998,4.44,2.05
1643,0.0005143999999999998,4.44,2.05
1644,0.0005151999999999998,4.44,2.05
1645,0.0005159999999999999,4.48,2.07
1646,0.0005167999999999999,4.48,2.07
1647,0.0005175999999999999,4.5200000000000005,2.07
1648,0.0005183999999999999,4.5200000000000005,2.09
1649,0.0005191999999999999,4.5200000000000005,2.09
1650,0.00052,4.5200000000000005,2.09
1651,0.0005208,4.5600000000000005,2.11
1652,0.0005216,4.5600000000000005,2.11
1653,0.0005223999999999998,4.6000000000000005,2.11
1654,0.0005231999999999998,4.6000000000000005,2.11
1655,0.0005239999999999998,4.6000000000000005,2.13
1656,0.0005247999999999999,4.6000000000000005,2.13
1657,0.0005255999999999999,4.64,2.15
1658,0.0005263999999999999,4.64,2.15
1659,0.0005271999999999999,4.68,2.15
1660,0.0005279999999999999,4.68,2.17
1661,0.0005288,4.68,2.17
1662,0.0005296,4.72,2.17
1663,0.0005304,4.72,2.19
1664,0.0005311999999999998,4.72,2.19
1665,0.0005319999999999998,4.76,2.19
1666,0.0005327999999999998,4.76,2.19
1667,0.0005335999999999999,4.8,2.21
1668,0.0005343999999999999,4.8,2.21
1669,0.0005351999999999999,4.84,2.23
1670,0.0005359999999999999,4.84,2.23
1671,0.0005367999999999999,4.84,2.25
1672,0.0005376,4.88,2.25
1673,0.0005384,4.88,2.25
1674,0.0005392,4.88,2.27
1675,0.00054,4.92,2.25
1676,0.0005407999999999998,4.92,2.27
1677,0.0005415999999999998,4.92,2.29
1678,0.0005423999999999998,4.96,2.27
1679,0.0005431999999999999,4.96,2.29
1680,0.0005439999999999999,4.96,2.31
1681,0.0005447999999999999,5.0,2.31
1682,0.0005455999999999999,5.0,2.31
1683,0.0005463999999999999,0.08,2.15
1684,0.0005472,0.08,1.8900000000000001
1685,0.000548,0.12,1.67
1686,0.0005488,0.12,1.47
1687,0.0005495999999999998,0.16,1.29
1688,0.0005503999999999998,0.16,1.1500000000000001
1689,0.0005511999999999998,0.16,1.01
1690,0.0005519999999999999,0.2,0.91
1691,0.0005527999999999999,0.16,0.81
1692,0.0005535999999999999,0.2,0.73
1693,0.0005543999999999999,0.24,0.65
1694,0.0005551999999999999,0.24,0.59
1695,0.000556,0.24,0.53
1696,0.0005568,0.24,0.47000000000000003
1697,0.0005576,0.24,0.43
1698,0.0005583999999999998,0.28,0.39
1699,0.0005591999999999998,0.28,0.37
1700,0.0005599999999999998,0.28,0.33
1701,0.0005607999999999999,0.32,0.31
1702,0.0005615999999999999,0.36,0.31
1703,0.0005623999999999999,0.32,0.27
1704,0.0005631999999999999,0.36,0.27
1705,0.0005639999999999999,0.36,0.25
1706,0.0005648,0.36,0.23
1707,0.0005656,0.4,0.25
1708,0.0005664,0.4,0.23
1709,0.0005671999999999998,0.4,0.23
1710,0.0005679999999999998,0.4,0.23
1711,0.0005687999999999998,0.44,0.21
1712,0.0005695999999999999,0.44,0.21
1713,0.0005703999999999999,0.48,0.21
1714,0.0005711999999999999,0.48,0.21
1715,0.0005719999999999999,0.48,0.21
1716,0.0005727999999999999,0.48,0.23
1717,0.0005736,0.52,0.21
1718,0.0005744,0.52,0.23
1719,0.0005752,0.52,0.23
1720,0.0005759999999999998,0.56,0.25
1721,0.0005767999999999998,0.56,0.23
1722,0.0005775999999999998,0.56,0.25
1723,0.0005783999999999999,0.6,0.23
1724,0.0005791999999999999,0.6,0.27
1725,0.0005799999999999999,0.64,0.25
1726,0.0005807999999999999,0.64,0.25
1727,0.0005815999999999999,0.64,0.25
1728,0.0005824,0.64,0.27
1729,0.0005832,0.68,0.27
1730,0.000584,0.68,0.27
1731,0.0005847999999999998,0.72,0.29
1732,0.0005855999999999998,0.68,0.31
1733,0.0005863999999999998,0.72,0.29
1734,0.0005871999999999999,0.72,0.31
1735,0.0005879999999999999,0.76,0.31
1736,0.0005887999999999999,0.76,0.31
1737,0.0005895999999999999,0.8,0.33
1738,0.0005903999999999999,0.8,0.33
1739,0.0005912,0.84,0.33
1740,0.000592,0.84,0.33
1741,0.0005928,0.84,0.35000000000000003
1742,0.0005935999999999998,0.84,0.35000000000000003
1743,0.0005943999999999998,0.88,0.37
1744,0.0005951999999999998,0.88,0.37
1745,0.0005959999999999999,0.92,0.39
1746,0.0005967999999999999,0.92,0.37
1747,0.0005975999999999999,0.92,0.37
1748,0.0005983999999999999,0.96,0.39
1749,0.0005991999999999999,0.96,0.41000000000000003
1750,0.0006,1.0,0.41000000000000003
1751,0.0006008,1.0,0.43
1752,0.0006016,1.0,0.43
1753,0.0006024,1.0,0.43
1754,0.0006031999999999998,1.04,0.43
1755,0.0006039999999999998,1.04,0.45
1756,0.0006047999999999998,1.08,0.45
1757,0.0006055999999999999,1.08,0.47000000000000003
1758,0.0006063999999999999,1.08,0.47000000000000003
1759,0.0006071999999999999,1.12,0.47000000000000003
1760,0.0006079999999999999,1.12,0.47000000000000003
1761,0.0006087999999999999,1.16,0.49
1762,0.0006096,1.16,0.49
1763,0.0006104,1.16,0.49
1764,0.0006112,1.16,0.51
1765,0.0006119999999999998,1.2,0.51
1766,0.0006127999999999998,1.24,0.51
1767,0.0006135999999999998,1.24,0.53
1768,0.0006143999999999999,1.2,0.53
1769,0.0006151999999999999,1.24,0.53
1770,0.0006159999999999999,1.28,0.53
1771,0.0006167999999999999,1.28,0.55
1772,0.0006175999999999999,1.28,0.55
1773,0.0006184,1.32,0.5700000000000001
1774,0.0006192,1.32,0.5700000000000001
1775,0.00062,1.32,0.5700000000000001
1776,0.0006207999999999998,1.36,0.59
1777,0.0006215999999999998,1.36,0.5700000000000001
1778,0.0006223999999999998,1.4000000000000001,0.59
1779,0.0006231999999999999,1.36,0.61
1780,0.0006239999999999999,1.4000000000000001,0.61
1781,0.0006247999999999999,1.4000000000000001,0.61
1782,0.0006255999999999999,1.44,0.61
1783,0.0006263999999999999,1.44,0.63
1784,0.0006272,1.48,0.63
1785,0.000628,1.48,0.63
1786,0.0006288,1.48,0.65
1787,0.0006295999999999998,1.52,0.65
1788,0.0006303999999999998,1.52,0.65
1789,0.0006311999999999998,1.56,0.67
1790,0.0006319999999999999,1.56,0.67
1791,0.0006327999999999999,1.56,0.67
1792,0.0006335999999999999,1.56,0.6900000000000001
1793,0.0006343999999999999,1.6,0.71
1794,0.0006351999999999999,1.6,0.71
1795,0.000636,1.6400000000000001,0.71
1796,0.0006368,1.6400000000000001,0.71
1797,0.0006376,1.6400000000000001,0.73
1798,0.0006383999999999998,1.68,0.73
1799,0.0006391999999999998,1.68,0.73
1800,0.0006399999999999998,1.68,0.75
1801,0.0006407999999999999,1.72,0.75
1802,0.0006415999999999999,1.72,0.75
1803,0.0006423999999999999,1.72,0.77
1804,0.0006431999999999999,1.76,0.77
1805,0.0006439999999999999,1.8,0.79
1806,0.0006448,1.8,0.79
1807,0.0006456,1.8,0.77
1808,0.0006464,1.84,0.79
1809,0.0006471999999999998,1.8,0.79
1810,0.0006479999999999998,1.84,0.81
1811,0.0006487999999999998,1.8800000000000001,0.81
1812,0.0006495999999999999,1.8800000000000001,0.81
1813,0.0006503999999999999,1.92,0.8300000000000001
1814,0.0006511999999999999,1.92,0.8300000000000001
1815,0.0006519999999999999,1.96,0.8300000000000001
1816,0.0006527999999999999,1.96,0.85
1817,0.0006536,1.92,0.85
1818,0.0006544,1.96,0.87
1819,0.0006552,1.96,0.87
1820,0.0006559999999999998,2.0,0.87
1821,0.0006567999999999998,2.0,0.89
1822,0.0006575999999999998,2.0,0.89
1823,0.0006583999999999998,2.04,0.91
1824,0.0006591999999999999,2.04,0.91
1825,0.0006599999999999999,2.04,0.91
1826,0.0006607999999999999,2.08,0.91
1827,0.0006615999999999999,2.08,0.91
1828,0.0006624,2.12,0.93
1829,0.0006632,2.12,0.93
1830,0.000664,2.12,0.9500000000000001
1831,0.0006647999999999998,2.12,0.9500000000000001
1832,0.0006655999999999998,2.16,0.9500000000000001
1833,0.0006663999999999998,2.16,0.9500000000000001
1834,0.0006671999999999998,2.2,0.97
1835,0.0006679999999999999,2.2,0.99
1836,0.0006687999999999999,2.2,0.97
1837,0.0006695999999999999,2.2800000000000002,0.99
1838,0.0006703999999999999,2.24,0.99
1839,0.0006711999999999999,2.24,1.01
1840,0.000672,2.2800000000000002,1.01
1841,0.0006728,2.2800000000000002,1.03
1842,0.0006736,2.32,1.03
1843,0.0006743999999999998,2.32,1.03
1844,0.0006751999999999998,2.32,1.03
1845,0.0006759999999999998,2.36,1.05
1846,0.0006767999999999999,2.36,1.05
1847,0.0006775999999999999,2.36,1.05
1848,0.0006783999999999999,2.36,1.05
1849,0.0006791999999999999,2.36,1.07
1850,0.0006799999999999999,2.44,1.07
1851,0.0006808,2.44,1.09
1852,0.0006816,2.44,1.09
1853,0.0006824,2.44,1.09
1854,0.0006831999999999998,2.44,1.11
1855,0.0006839999999999998,2.52,1.11
1856,0.0006847999999999998,2.48,1.1300000000000001
1857,0.0006855999999999999,2.52,1.1300000000000001
1858,0.0006863999999999999,2.52,1.11
1859,0.0006871999999999999,2.52,1.1500000000000001
1860,0.0006879999999999999,2.56,1.1300000000000001
1861,0.0006887999999999999,2.56,1.1500000000000001
1862,0.0006896,2.6,1.1500000000000001
1863,0.0006904,2.6,1.17
1864,0.0006912,2.6,1.19
1865,0.0006919999999999998,2.64,1.17
1866,0.0006927999999999998,2.64,1.17
1867,0.0006935999999999998,2.68,1.19
1868,0.0006943999999999999,2.68,1.19
1869,0.0006951999999999999,2.68,1.21
1870,0.0006959999999999999,2.72,1.21
1871,0.0006967999999999999,2.72,1.23
1872,0.0006975999999999999,2.72,1.23
1873,0.0006984,2.7600000000000002,1.23
1874,0.0006992,2.7600000000000002,1.25
1875,0.0007,2.7600000000000002,1.25
1876,0.0007007999999999998,2.8000000000000003,1.27
1877,0.0007015999999999998,2.8000000000000003,1.27
1878,0.0007023999999999998,2.8000000000000003,1.27
1879,0.0007031999999999999,2.84,1.27
1880,0.0007039999999999999,2.88,1.27
1881,0.0007047999999999999,2.84,1.29
1882,0.0007055999999999999,2.88,1.29
1883,0.0007063999999999999,2.88,1.29
1884,0.0007072,2.92,1.31
1885,0.000708,2.92,1.31
1886,0.0007088,2.96,1.33
1887,0.0007095999999999998,2.96,1.33
1888,0.0007103999999999998,3.0,1.35
1889,0.0007111999999999998,3.0,1.35
1890,0.0007119999999999999,3.0,1.35
1891,0.0007127999999999999,3.0,1.35
1892,0.0007135999999999999,3.04,1.37
1893,0.0007143999999999999,3.04,1.37
1894,0.0007151999999999999,3.08,1.37
1895,0.000716,3.08,1.3900000000000001
1896,0.0007168,3.08,1.3900000000000001
1897,0.0007176,3.08,1.3900000000000001
1898,0.0007183999999999998,3.08,1.3900000000000001
1899,0.0007191999999999998,3.12,1.43
1900,0.0007199999999999998,3.16,1.43
1901,0.0007207999999999998,3.16,1.43
1902,0.0007215999999999999,3.16,1.43
1903,0.0007223999999999999,3.2,1.45
1904,0.0007231999999999999,3.2,1.45
1905,0.0007239999999999999,3.2,1.45
1906,0.0007247999999999999,3.24,1.45
1907,0.0007256,3.24,1.47
1908,0.0007264,3.2800000000000002,1.47
1909,0.0007271999999999998,3.2800000000000002,1.49
1910,0.0007279999999999998,3.2800000000000002,1.51
1911,0.0007287999999999998,3.3200000000000003,1.51
1912,0.0007295999999999998,3.3200000000000003,1.51
1913,0.0007303999999999999,3.3200000000000003,1.51
1914,0.0007311999999999999,3.36,1.51
1915,0.0007319999999999999,3.36,1.53
1916,0.0007327999999999999,3.4,1.53
1917,0.0007335999999999999,3.4,1.53
1918,0.0007344,3.4,1.55
1919,0.0007352,3.4,1.55
1920,0.000736,3.44,1.55
1921,0.0007367999999999998,3.44,1.55
1922,0.0007375999999999998,3.44,1.57
1923,0.0007383999999999998,3.48,1.57
1924,0.0007391999999999999,3.48,1.59
1925,0.0007399999999999999,3.48,1.61
1926,0.0007407999999999999,3.52,1.59
1927,0.0007415999999999999,3.56,1.61
1928,0.0007423999999999999,3.56,1.61
1929,0.0007432,3.56,1.6300000000000001
1930,0.000744,3.56,1.6300000000000001
1931,0.0007448,3.6,1.6300000000000001
1932,0.0007455999999999998,3.6,1.6500000000000001
1933,0.0007463999999999998,3.64,1.6500000000000001
1934,0.0007471999999999998,3.64,1.6500000000000001
1935,0.0007479999999999999,3.64,1.6500000000000001
1936,0.0007487999999999999,3.68,1.67
1937,0.0007495999999999999,3.68,1.67
1938,0.0007503999999999999,3.68,1.67
1939,0.0007511999999999999,3.72,1.67
1940,0.000752,3.72,1.71
1941,0.0007528,3.72,1.71
1942,0.0007536,3.72,1.71
1943,0.0007543999999999998,3.72,1.71
1944,0.0007551999999999998,3.7600000000000002,1.73
1945,0.0007559999999999998,3.8000000000000003,1.73
1946,0.0007567999999999999,3.8000000000000003,1.73
1947,0.0007575999999999999,3.8000000000000003,1.75
1948,0.0007583999999999999,3.84,1.75
1949,0.0007591999999999999,3.84,1.77
1950,0.0007599999999999999,3.88,1.77
1951,0.0007608,3.88,1.79
1952,0.0007616,3.88,1.79
1953,0.0007624,3.92,1.77
1954,0.0007631999999999998,3.92,1.79
1955,0.0007639999999999998,3.92,1.79
1956,0.0007647999999999998,3.96,1.81
1957,0.0007655999999999999,3.96,1.81
1958,0.0007663999999999999,3.96,1.81
1959,0.0007671999999999999,4.0,1.83
1960,0.0007679999999999999,4.0,1.83
1961,0.0007687999999999999,4.04,1.85
1962,0.0007696,4.04,1.85
1963,0.0007704,4.04,1.87
1964,0.0007712,4.04,1.87
1965,0.0007719999999999998,4.04,1.87
1966,0.0007727999999999998,4.08,1.87
1967,0.0007735999999999998,4.08,1.8900000000000001
1968,0.0007743999999999998,4.12,1.8900000000000001
1969,0.0007751999999999999,4.12,1.9100000000000001
1970,0.0007759999999999999,4.12,1.9100000000000001
1971,0.0007767999999999999,4.16,1.9100000000000001
1972,0.0007775999999999999,4.16,1.93
1973,0.0007784,4.16,1.93
1974,0.0007792,4.2,1.93
1975,0.00078,4.2,1.95
1976,0.0007807999999999998,4.24,1.95
1977,0.0007815999999999998,4.24,1.95
1978,0.0007823999999999998,4.24,1.97
1979,0.0007831999999999998,4.28,1.97
1980,0.0007839999999999999,4.28,1.99
1981,0.0007847999999999999,4.28,1.97
1982,0.0007855999999999999,4.32,1.99
1983,0.0007863999999999999,4.32,1.99
1984,0.0007871999999999999,4.36,1.99
1985,0.000788,4.36,2.0100000000000002
1986,0.0007888,4.36,2.0100000000000002
1987,0.0007895999999999998,4.4,2.0300000000000002
1988,0.0007903999999999998,4.4,2.05
1989,0.0007911999999999998,4.44,2.0300000000000002
1990,0.0007919999999999998,4.4,2.05
1991,0.0007927999999999999,4.44,2.07
1992,0.0007935999999999999,4.44,2.05
1993,0.0007943999999999999,4.48,2.07
1994,0.0007951999999999999,4.48,2.07
1995,0.0007959999999999999,4.5200000000000005,2.09
1996,0.0007968,4.5200000000000005,2.09
1997,0.0007976,4.5600000000000005,2.09
1998,0.0007983999999999998,4.5600000000000005,2.09
1999,0.0007991999999999998,4.5600000000000005,2.11
