,time,v1,v2
0,-0.00032,4.08,1.87
1,-0.00031968000000000003,4.08,1.9100000000000001
2,-0.00031936000000000003,4.12,1.8900000000000001
3,-0.00031904000000000004,4.12,1.9100000000000001
4,-0.00031872000000000004,4.12,1.9100000000000001
5,-0.00031840000000000004,4.12,1.8900000000000001
6,-0.00031808000000000004,4.12,1.9100000000000001
7,-0.00031776000000000005,4.12,1.9100000000000001
8,-0.00031744000000000005,4.12,1.9100000000000001
9,-0.00031712,4.16,1.9100000000000001
10,-0.0003168,4.16,1.8900000000000001
11,-0.00031648,4.16,1.9100000000000001
12,-0.00031616,4.16,1.93
13,-0.00031584,4.2,1.9100000000000001
14,-0.00031552,4.16,1.93
15,-0.0003152,4.2,1.93
16,-0.00031488,4.2,1.93
17,-0.00031456,4.2,1.93
18,-0.00031424000000000003,4.2,1.93
19,-0.00031392000000000003,4.2,1.93
20,-0.00031360000000000003,4.2,1.95
21,-0.00031328000000000004,4.24,1.95
22,-0.00031296000000000004,4.24,1.95
23,-0.00031264000000000004,4.2,1.95
24,-0.00031232000000000005,4.24,1.95
25,-0.00031200000000000005,4.24,1.97
26,-0.00031168000000000005,4.28,1.95
27,-0.00031136,4.24,1.95
28,-0.00031104,4.28,1.97
29,-0.00031072,4.28,1.97
30,-0.0003104,4.28,1.97
31,-0.00031008,4.28,1.97
32,-0.00030976,4.28,1.99
33,-0.00030944,4.28,1.97
34,-0.00030912,4.28,1.97
35,-0.0003088,4.28,1.97
36,-0.00030848000000000003,4.32,1.99
37,-0.00030816000000000003,4.28,1.99
38,-0.00030784000000000003,4.32,1.99
39,-0.00030752000000000004,4.32,2.0100000000000002
40,-0.00030720000000000004,4.32,2.0100000000000002
41,-0.00030688000000000004,4.32,2.0100000000000002
42,-0.00030656000000000005,4.32,2.0100000000000002
43,-0.00030624000000000005,4.36,2.0100000000000002
44,-0.00030592,4.36,2.0100000000000002
45,-0.0003056,4.36,2.0100000000000002
46,-0.00030528,4.36,2.0100000000000002
47,-0.00030496,4.36,2.0100000000000002
48,-0.00030464,4.4,2.0300000000000002
49,-0.00030432,4.4,2.0300000000000002
50,-0.000304,4.4,2.0300000000000002
51,-0.00030368,4.36,2.0300000000000002
52,-0.00030336,4.4,2.0300000000000002
53,-0.00030304,4.36,2.0300000000000002
54,-0.00030272000000000003,4.4,2.0300000000000002
55,-0.00030240000000000003,4.4,2.05
56,-0.00030208000000000004,4.44,2.05
57,-0.00030176000000000004,4.4,2.05
58,-0.00030144000000000004,4.44,2.05
59,-0.00030112000000000004,4.44,2.05
60,-0.00030080000000000005,4.44,2.05
61,-0.00030048000000000005,4.44,2.07
62,-0.00030016000000000005,4.48,2.07
63,-0.00029984,4.48,2.07
64,-0.00029952,4.48,2.07
65,-0.0002992,4.48,2.07
66,-0.00029888,4.48,2.09
67,-0.00029856,4.48,2.07
68,-0.00029824,4.48,2.09
69,-0.00029792,4.5200000000000005,2.09
70,-0.0002976,4.5200000000000005,2.09
71,-0.00029728,4.5200000000000005,2.09
72,-0.00029696000000000003,4.5200000000000005,2.09
73,-0.00029664000000000003,4.5200000000000005,2.09
74,-0.00029632000000000004,4.5600000000000005,2.09
75,-0.00029600000000000004,4.5600000000000005,2.09
76,-0.00029568000000000004,4.5200000000000005,2.11
77,-0.00029536000000000005,4.5600000000000005,2.11
78,-0.00029504000000000005,4.5600000000000005,2.11
79,-0.00029472000000000005,4.5600000000000005,2.11
80,-0.0002944,4.5600000000000005,2.11
81,-0.00029408,4.5600000000000005,2.13
82,-0.00029376,4.6000000000000005,2.13
83,-0.00029344,4.6000000000000005,2.11
84,-0.00029312,4.6000000000000005,2.13
85,-0.0002928,4.6000000000000005,2.13
86,-0.00029248,4.64,2.13
87,-0.00029216,4.64,2.13
88,-0.00029184,4.6000000000000005,2.13
89,-0.00029152000000000003,4.64,2.13
90,-0.00029120000000000003,4.64,2.15
91,-0.00029088000000000003,4.64,2.15
92,-0.00029056000000000004,4.68,2.15
93,-0.00029024000000000004,4.68,2.15
94,-0.00028992000000000004,4.68,2.15
95,-0.00028960000000000005,4.68,2.15
96,-0.00028928000000000005,4.68,2.15
97,-0.00028896,4.68,2.15
98,-0.00028864000000000006,4.68,2.17
99,-0.00028832,4.72,2.17
100,-0.000288,4.72,2.17
101,-0.00028768,4.72,2.17
102,-0.00028736,4.72,2.19
103,-0.00028704,4.72,2.19
104,-0.00028672,4.72,2.17
105,-0.0002864,4.72,2.19
106,-0.00028608,4.72,2.19
107,-0.00028576000000000003,4.76,2.19
108,-0.00028544000000000003,4.76,2.19
109,-0.00028512000000000003,4.76,2.19
110,-0.00028480000000000004,4.8,2.19
111,-0.00028448000000000004,4.76,2.21
112,-0.00028416000000000004,4.76,2.21
113,-0.00028384000000000005,4.8,2.21
114,-0.00028352,4.8,2.21
115,-0.00028320000000000005,4.8,2.21
116,-0.00028288,4.8,2.21
117,-0.00028256,4.8,2.23
118,-0.00028224,4.8,2.23
119,-0.00028192,4.8,2.23
120,-0.0002816,4.84,2.25
121,-0.00028128,4.84,2.23
122,-0.00028096,4.84,2.23
123,-0.00028064,4.84,2.25
124,-0.00028032,4.84,2.23
125,-0.00028000000000000003,4.84,2.23
126,-0.00027968000000000003,4.84,2.25
127,-0.00027936000000000004,4.88,2.25
128,-0.00027904000000000004,4.88,2.25
129,-0.00027872000000000004,4.88,2.25
130,-0.00027840000000000005,4.88,2.27
131,-0.00027808000000000005,4.92,2.25
132,-0.00027776000000000005,4.92,2.27
133,-0.00027744,4.92,2.27
134,-0.00027712,4.92,2.27
135,-0.0002768,4.92,2.27
136,-0.00027648,4.92,2.27
137,-0.00027616,4.96,2.27
138,-0.00027584,4.92,2.27
139,-0.00027552,4.96,2.29
140,-0.0002752,4.96,2.29
141,-0.00027488,4.96,2.29
142,-0.00027456000000000003,4.96,2.31
143,-0.00027424000000000003,4.96,2.29
144,-0.00027392000000000003,4.96,2.29
145,-0.00027360000000000004,5.0,2.31
146,-0.00027328000000000004,4.96,2.31
147,-0.00027296000000000004,5.0,2.31
148,-0.00027264000000000005,5.0,2.31
149,-0.00027232000000000005,5.0,2.25
150,-0.000272,0.04,2.13
151,-0.00027168000000000006,0.08,2.0300000000000002
152,-0.00027136,0.08,1.9100000000000001
153,-0.00027104,0.08,1.83
154,-0.00027072,0.12,1.75
155,-0.0002704,0.12,1.6500000000000001
156,-0.00027008,0.12,1.57
157,-0.00026976,0.12,1.49
158,-0.00026944,0.12,1.43
159,-0.00026912,0.12,1.35
160,-0.00026880000000000003,0.12,1.29
161,-0.00026848000000000003,0.16,1.23
162,-0.00026816000000000003,0.16,1.17
163,-0.00026784000000000004,0.16,1.11
164,-0.00026752000000000004,0.16,1.05
165,-0.00026720000000000004,0.16,0.99
166,-0.00026688000000000005,0.2,0.97
167,-0.00026656,0.2,0.93
168,-0.00026624000000000005,0.16,0.87
169,-0.00026592,0.16,0.8300000000000001
170,-0.0002656,0.2,0.79
171,-0.00026528,0.2,0.75
172,-0.00026496,0.2,0.73
173,-0.00026464,0.2,0.6900000000000001
174,-0.00026432,0.24,0.65
175,-0.000264,0.24,0.65
176,-0.00026368,0.24,0.61
177,-0.00026336,0.2,0.59
178,-0.00026304000000000003,0.24,0.5700000000000001
179,-0.00026272000000000003,0.24,0.53
180,-0.00026240000000000004,0.28,0.53
181,-0.00026208000000000004,0.24,0.49
182,-0.00026176000000000004,0.24,0.49
183,-0.00026144000000000004,0.24,0.47000000000000003
184,-0.00026112000000000005,0.28,0.45
185,-0.00026080000000000005,0.28,0.41000000000000003
186,-0.00026048,0.28,0.41000000000000003
187,-0.00026016,0.32,0.39
188,-0.00025984,0.28,0.39
189,-0.00025952,0.28,0.37
190,-0.0002592,0.28,0.37
191,-0.00025888,0.28,0.35000000000000003
192,-0.00025856,0.32,0.33
193,-0.00025824,0.32,0.33
194,-0.00025792,0.32,0.33
195,-0.00025760000000000003,0.32,0.33
196,-0.00025728000000000003,0.32,0.29
197,-0.00025696000000000003,0.32,0.29
198,-0.00025664000000000004,0.32,0.29
199,-0.00025632000000000004,0.36,0.29
200,-0.00025600000000000004,0.36,0.27
201,-0.00025568,0.36,0.27
202,-0.00025536000000000005,0.36,0.27
203,-0.00025504,0.36,0.27
204,-0.00025472000000000005,0.36,0.27
205,-0.0002544,0.36,0.25
206,-0.00025408,0.36,0.25
207,-0.00025376,0.4,0.25
208,-0.00025344,0.4,0.25
209,-0.00025312,0.4,0.23
210,-0.0002528,0.4,0.23
211,-0.00025248,0.4,0.25
212,-0.00025216,0.44,0.23
213,-0.00025184000000000003,0.4,0.23
214,-0.00025152000000000003,0.4,0.23
215,-0.00025120000000000003,0.44,0.23
216,-0.00025088000000000004,0.4,0.23
217,-0.00025056000000000004,0.44,0.21
218,-0.00025024000000000004,0.44,0.23
219,-0.00024992000000000005,0.44,0.21
220,-0.0002496,0.44,0.21
221,-0.00024928000000000005,0.48,0.21
222,-0.00024896,0.48,0.21
223,-0.00024864,0.48,0.21
224,-0.00024832,0.48,0.23
225,-0.000248,0.48,0.21
226,-0.00024768,0.48,0.21
227,-0.00024736,0.48,0.23
228,-0.00024704,0.48,0.23
229,-0.00024672,0.52,0.23
230,-0.0002464,0.52,0.23
231,-0.00024608000000000003,0.48,0.23
232,-0.00024576000000000003,0.52,0.23
233,-0.00024544000000000004,0.52,0.23
234,-0.00024512000000000004,0.56,0.23
235,-0.00024480000000000004,0.52,0.23
236,-0.00024448000000000004,0.52,0.21
237,-0.00024416,0.56,0.23
238,-0.00024384000000000002,0.56,0.23
239,-0.00024352000000000003,0.56,0.23
240,-0.00024320000000000003,0.56,0.23
241,-0.00024288,0.56,0.23
242,-0.00024256,0.6,0.25
243,-0.00024224,0.6,0.23
244,-0.00024192000000000001,0.56,0.23
245,-0.00024160000000000002,0.6,0.23
246,-0.00024128000000000002,0.6,0.23
247,-0.00024096000000000002,0.56,0.25
248,-0.00024064000000000003,0.6,0.25
249,-0.00024032000000000003,0.6,0.25
250,-0.00024000000000000003,0.6,0.25
251,-0.00023968000000000004,0.6,0.27
252,-0.00023936000000000004,0.64,0.27
253,-0.00023904000000000004,0.64,0.25
254,-0.00023872000000000002,0.64,0.25
255,-0.00023840000000000002,0.64,0.27
256,-0.00023808000000000002,0.64,0.27
257,-0.00023776000000000003,0.68,0.27
258,-0.00023744000000000003,0.64,0.27
259,-0.00023712,0.68,0.27
260,-0.0002368,0.68,0.27
261,-0.00023648,0.68,0.27
262,-0.00023616000000000002,0.68,0.27
263,-0.00023584000000000002,0.68,0.27
264,-0.00023552000000000002,0.72,0.27
265,-0.00023520000000000002,0.68,0.29
266,-0.00023488000000000003,0.68,0.29
267,-0.00023456000000000003,0.72,0.29
268,-0.00023424000000000003,0.72,0.29
269,-0.00023392000000000004,0.72,0.29
270,-0.00023360000000000004,0.72,0.29
271,-0.00023328000000000004,0.72,0.31
272,-0.00023296000000000002,0.72,0.31
273,-0.00023264000000000002,0.76,0.31
274,-0.00023232000000000003,0.76,0.29
275,-0.00023200000000000003,0.76,0.31
276,-0.00023168,0.76,0.33
277,-0.00023136,0.76,0.31
278,-0.00023104,0.8,0.33
279,-0.00023072000000000001,0.8,0.33
280,-0.00023040000000000002,0.8,0.33
281,-0.00023008000000000002,0.8,0.33
282,-0.00022976000000000002,0.84,0.33
283,-0.00022944000000000003,0.8,0.33
284,-0.00022912000000000003,0.8,0.33
285,-0.00022880000000000003,0.8,0.33
286,-0.00022848000000000004,0.84,0.33
287,-0.00022816000000000004,0.84,0.33
288,-0.00022784000000000004,0.84,0.35000000000000003
289,-0.00022752000000000004,0.84,0.37
290,-0.00022720000000000002,0.84,0.35000000000000003
291,-0.00022688000000000002,0.84,0.35000000000000003
292,-0.00022656000000000003,0.88,0.35000000000000003
293,-0.00022624000000000003,0.84,0.35000000000000003
294,-0.00022592,0.88,0.37
295,-0.0002256,0.88,0.37
296,-0.00022528,0.88,0.37
297,-0.00022496000000000001,0.92,0.37
298,-0.00022464000000000002,0.88,0.37
299,-0.00022432000000000002,0.92,0.37
300,-0.00022400000000000002,0.92,0.39
301,-0.00022368000000000003,0.92,0.39
302,-0.00022336000000000003,0.92,0.37
303,-0.00022304000000000003,0.92,0.39
304,-0.00022272000000000004,0.92,0.39
305,-0.00022240000000000004,0.92,0.39
306,-0.00022208000000000004,0.96,0.39
307,-0.00022176000000000002,0.96,0.39
308,-0.00022144000000000002,0.96,0.41000000000000003
309,-0.00022112000000000002,0.96,0.41000000000000003
310,-0.00022080000000000003,0.96,0.41000000000000003
311,-0.00022048000000000003,1.0,0.41000000000000003
312,-0.00022016,1.0,0.41000000000000003
313,-0.00021984,1.0,0.41000000000000003
314,-0.00021952,1.0,0.41000000000000003
315,-0.00021920000000000002,1.0,0.41000000000000003
316,-0.00021888000000000002,1.0,0.43
317,-0.00021856000000000002,1.0,0.43
318,-0.00021824000000000002,1.04,0.43
319,-0.00021792000000000003,1.04,0.41000000000000003
320,-0.00021760000000000003,1.04,0.43
321,-0.00021728000000000003,1.04,0.43
322,-0.00021696000000000004,1.08,0.43
323,-0.00021664000000000004,1.08,0.45
324,-0.00021632000000000004,1.08,0.45
325,-0.00021600000000000002,1.08,0.45
326,-0.00021568000000000002,1.08,0.45
327,-0.00021536000000000003,1.08,0.45
328,-0.00021504000000000003,1.08,0.47000000000000003
329,-0.00021472,1.08,0.45
330,-0.0002144,1.12,0.47000000000000003
331,-0.00021408,1.12,0.47000000000000003
332,-0.00021376,1.12,0.49
333,-0.00021344000000000002,1.12,0.47000000000000003
334,-0.00021312000000000002,1.12,0.47000000000000003
335,-0.00021280000000000002,1.12,0.47000000000000003
336,-0.00021248000000000003,1.12,0.47000000000000003
337,-0.00021216000000000003,1.12,0.49
338,-0.00021184000000000003,1.16,0.49
339,-0.00021152000000000003,1.12,0.51
340,-0.00021120000000000004,1.16,0.49
341,-0.00021088000000000004,1.16,0.49
342,-0.00021056000000000004,1.2,0.49
343,-0.00021024000000000002,1.16,0.49
344,-0.00020992000000000002,1.2,0.49
345,-0.00020960000000000003,1.2,0.51
346,-0.00020928000000000003,1.2,0.51
347,-0.00020896,1.2,0.51
348,-0.00020864,1.24,0.51
349,-0.00020832,1.2,0.51
350,-0.00020800000000000001,1.2,0.53
351,-0.00020768000000000002,1.2,0.51
352,-0.00020736000000000002,1.24,0.53
353,-0.00020704000000000002,1.24,0.53
354,-0.00020672000000000003,1.24,0.53
355,-0.00020640000000000003,1.24,0.53
356,-0.00020608000000000003,1.28,0.53
357,-0.00020576000000000004,1.24,0.53
358,-0.00020544000000000004,1.28,0.53
359,-0.00020512000000000004,1.28,0.55
360,-0.00020480000000000002,1.28,0.55
361,-0.00020448000000000002,1.28,0.55
362,-0.00020416000000000002,1.28,0.55
363,-0.00020384000000000003,1.28,0.55
364,-0.00020352000000000003,1.28,0.5700000000000001
365,-0.0002032,1.32,0.5700000000000001
366,-0.00020288,1.32,0.5700000000000001
367,-0.00020256,1.32,0.5700000000000001
368,-0.00020224000000000002,1.32,0.59
369,-0.00020192000000000002,1.32,0.5700000000000001
370,-0.00020160000000000002,1.32,0.5700000000000001
371,-0.00020128000000000002,1.36,0.59
372,-0.00020096000000000003,1.32,0.59
373,-0.00020064000000000003,1.36,0.59
374,-0.00020032000000000003,1.36,0.59
375,-0.00020000000000000004,1.4000000000000001,0.59
376,-0.00019968000000000004,1.36,0.59
377,-0.00019936000000000004,1.36,0.59
378,-0.00019904000000000002,1.4000000000000001,0.61
379,-0.00019872000000000002,1.4000000000000001,0.61
380,-0.00019840000000000002,1.4000000000000001,0.61
381,-0.00019808000000000003,1.4000000000000001,0.61
382,-0.00019776000000000003,1.4000000000000001,0.61
383,-0.00019744000000000003,1.44,0.61
384,-0.00019712,1.44,0.61
385,-0.0001968,1.4000000000000001,0.63
386,-0.00019648000000000002,1.44,0.61
387,-0.00019616000000000002,1.44,0.61
388,-0.00019584000000000002,1.44,0.65
389,-0.00019552000000000003,1.44,0.63
390,-0.00019520000000000003,1.44,0.63
391,-0.00019488000000000003,1.44,0.63
392,-0.00019456000000000003,1.48,0.63
393,-0.00019424,1.48,0.63
394,-0.00019392000000000001,1.48,0.63
395,-0.00019360000000000002,1.48,0.65
396,-0.00019328000000000002,1.48,0.65
397,-0.00019296000000000002,1.48,0.65
398,-0.00019264000000000003,1.52,0.67
399,-0.00019232000000000003,1.52,0.67
400,-0.00019200000000000003,1.52,0.67
401,-0.00019168000000000004,1.52,0.67
402,-0.00019136,1.52,0.67
403,-0.00019104000000000001,1.52,0.67
404,-0.00019072000000000002,1.52,0.67
405,-0.00019040000000000002,1.56,0.6900000000000001
406,-0.00019008000000000002,1.56,0.67
407,-0.00018976000000000003,1.56,0.6900000000000001
408,-0.00018944000000000003,1.56,0.6900000000000001
409,-0.00018912000000000003,1.6,0.6900000000000001
410,-0.00018880000000000004,1.6,0.6900000000000001
411,-0.00018848,1.6,0.6900000000000001
412,-0.00018816000000000001,1.6,0.71
413,-0.00018784000000000002,1.6,0.71
414,-0.00018752000000000002,1.6400000000000001,0.71
415,-0.00018720000000000002,1.6,0.71
416,-0.00018688000000000003,1.6400000000000001,0.71
417,-0.00018656000000000003,1.6400000000000001,0.71
418,-0.00018624000000000003,1.6400000000000001,0.71
419,-0.00018592000000000004,1.6400000000000001,0.71
420,-0.0001856,1.6400000000000001,0.73
421,-0.00018528000000000001,1.6400000000000001,0.73
422,-0.00018496000000000002,1.68,0.71
423,-0.00018464000000000002,1.6400000000000001,0.73
424,-0.00018432000000000002,1.68,0.73
425,-0.00018400000000000003,1.68,0.73
426,-0.00018368000000000003,1.72,0.73
427,-0.00018336000000000003,1.68,0.73
428,-0.00018304000000000004,1.72,0.75
429,-0.00018272,1.68,0.75
430,-0.00018240000000000002,1.72,0.75
431,-0.00018208000000000002,1.72,0.75
432,-0.00018176000000000002,1.72,0.75
433,-0.00018144000000000002,1.72,0.77
434,-0.00018112000000000003,1.72,0.75
435,-0.00018080000000000003,1.76,0.75
436,-0.00018048000000000003,1.76,0.77
437,-0.00018016,1.76,0.77
438,-0.00017984,1.76,0.77
439,-0.00017952000000000002,1.76,0.77
440,-0.00017920000000000002,1.8,0.77
441,-0.00017888000000000002,1.76,0.77
442,-0.00017856000000000003,1.76,0.79
443,-0.00017824000000000003,1.76,0.77
444,-0.00017792000000000003,1.8,0.79
445,-0.00017760000000000003,1.8,0.79
446,-0.00017728,1.8,0.79
447,-0.00017696,1.8,0.79
448,-0.00017664000000000002,1.84,0.81
449,-0.00017632000000000002,1.84,0.81
450,-0.00017600000000000002,1.84,0.81
451,-0.00017568000000000003,1.8800000000000001,0.79
452,-0.00017536000000000003,1.8800000000000001,0.81
453,-0.00017504000000000003,1.84,0.8300000000000001
454,-0.00017472000000000003,1.84,0.81
455,-0.0001744,1.84,0.81
456,-0.00017408000000000001,1.8800000000000001,0.81
457,-0.00017376000000000002,1.8800000000000001,0.8300000000000001
458,-0.00017344000000000002,1.8800000000000001,0.8300000000000001
459,-0.00017312000000000002,1.92,0.8300000000000001
460,-0.00017280000000000003,1.92,0.8300000000000001
461,-0.00017248000000000003,1.92,0.8300000000000001
462,-0.00017216000000000003,1.8800000000000001,0.8300000000000001
463,-0.00017184000000000004,1.92,0.8300000000000001
464,-0.00017152,1.96,0.8300000000000001
465,-0.00017120000000000001,1.96,0.8300000000000001
466,-0.00017088000000000002,1.96,0.85
467,-0.00017056000000000002,1.92,0.85
468,-0.00017024000000000002,1.96,0.85
469,-0.00016992000000000003,1.96,0.87
470,-0.00016960000000000003,1.96,0.87
471,-0.00016928000000000003,1.96,0.87
472,-0.00016896000000000004,1.96,0.85
473,-0.00016864,1.96,0.87
474,-0.00016832000000000001,2.0,0.87
475,-0.00016800000000000002,2.0,0.89
476,-0.00016768000000000002,2.04,0.87
477,-0.00016736000000000002,2.0,0.87
478,-0.00016704000000000003,2.0,0.87
479,-0.00016672000000000003,2.04,0.89
480,-0.00016640000000000003,2.04,0.89
481,-0.00016608000000000004,2.04,0.89
482,-0.00016576,2.0,0.89
483,-0.00016544000000000002,2.08,0.89
484,-0.00016512000000000002,2.04,0.89
485,-0.00016480000000000002,2.04,0.89
486,-0.00016448000000000002,2.08,0.89
487,-0.00016416000000000003,2.04,0.91
488,-0.00016384000000000003,2.08,0.91
489,-0.00016352000000000003,2.08,0.91
490,-0.0001632,2.08,0.91
491,-0.00016288,2.08,0.91
492,-0.00016256000000000002,2.08,0.93
493,-0.00016224000000000002,2.12,0.93
494,-0.00016192000000000002,2.12,0.93
495,-0.00016160000000000002,2.12,0.9500000000000001
496,-0.00016128000000000003,2.12,0.93
497,-0.00016096000000000003,2.12,0.93
498,-0.00016064000000000003,2.12,0.93
499,-0.00016032,2.12,0.93
500,-0.00016,2.12,0.9500000000000001
501,-0.00015968000000000002,2.16,0.97
502,-0.00015936000000000002,2.12,0.9500000000000001
503,-0.00015904000000000002,2.16,0.9500000000000001
504,-0.00015872000000000003,2.16,0.9500000000000001
505,-0.00015840000000000003,2.2,0.9500000000000001
506,-0.00015808000000000003,2.16,0.97
507,-0.00015776000000000003,2.16,0.9500000000000001
508,-0.00015744,2.16,0.97
509,-0.00015712000000000001,2.2,0.97
510,-0.00015680000000000002,2.2,0.97
511,-0.00015648000000000002,2.2,0.99
512,-0.00015616000000000002,2.2,0.97
513,-0.00015584000000000003,2.2,0.99
514,-0.00015552000000000003,2.24,0.99
515,-0.00015520000000000003,2.2,0.99
516,-0.00015488000000000004,2.24,0.99
517,-0.00015456,2.24,0.99
518,-0.00015424000000000001,2.24,0.99
519,-0.00015392000000000002,2.2800000000000002,1.01
520,-0.00015360000000000002,2.24,0.99
521,-0.00015328000000000002,2.2800000000000002,0.99
522,-0.00015296000000000003,2.2800000000000002,0.99
523,-0.00015264000000000003,2.2800000000000002,1.01
524,-0.00015232000000000003,2.2800000000000002,1.01
525,-0.00015200000000000004,2.2800000000000002,1.01
526,-0.00015168,2.2800000000000002,1.01
527,-0.00015136000000000001,2.32,1.03
528,-0.00015104000000000002,2.32,1.03
529,-0.00015072000000000002,2.32,1.03
530,-0.00015040000000000002,2.32,1.03
531,-0.00015008000000000003,2.32,1.03
532,-0.00014976000000000003,2.32,1.03
533,-0.00014944000000000003,2.36,1.03
534,-0.00014912000000000004,2.32,1.03
535,-0.0001488,2.32,1.03
536,-0.00014848000000000001,2.36,1.05
537,-0.00014816000000000002,2.36,1.05
538,-0.00014784000000000002,2.36,1.05
539,-0.00014752000000000002,2.4,1.05
540,-0.00014720000000000003,2.36,1.05
541,-0.00014688000000000003,2.4,1.05
542,-0.00014656000000000003,2.36,1.05
543,-0.00014624,2.4,1.07
544,-0.00014592,2.4,1.07
545,-0.00014560000000000002,2.4,1.07
546,-0.00014528000000000002,2.4,1.09
547,-0.00014496000000000002,2.44,1.07
548,-0.00014464000000000002,2.44,1.07
549,-0.00014432000000000003,2.4,1.07
550,-0.00014400000000000003,2.4,1.09
551,-0.00014368000000000003,2.44,1.09
552,-0.00014336,2.44,1.07
553,-0.00014304,2.44,1.11
554,-0.00014272000000000002,2.44,1.09
555,-0.00014240000000000002,2.48,1.09
556,-0.00014208000000000002,2.48,1.09
557,-0.00014176000000000003,2.48,1.11
558,-0.00014144000000000003,2.48,1.11
559,-0.00014112000000000003,2.52,1.11
560,-0.00014080000000000003,2.48,1.11
561,-0.00014048,2.48,1.1300000000000001
562,-0.00014016,2.48,1.11
563,-0.00013984000000000002,2.52,1.1300000000000001
564,-0.00013952000000000002,2.52,1.1300000000000001
565,-0.00013920000000000002,2.52,1.11
566,-0.00013888000000000003,2.56,1.1300000000000001
567,-0.00013856000000000003,2.56,1.1300000000000001
568,-0.00013824000000000003,2.56,1.1300000000000001
569,-0.00013792000000000003,2.52,1.1300000000000001
570,-0.0001376,2.56,1.1300000000000001
571,-0.00013728000000000001,2.56,1.1500000000000001
572,-0.00013696000000000002,2.56,1.1300000000000001
573,-0.00013664000000000002,2.56,1.1500000000000001
574,-0.00013632000000000002,2.6,1.17
575,-0.00013600000000000003,2.56,1.17
576,-0.00013568000000000003,2.6,1.1500000000000001
577,-0.00013536000000000003,2.56,1.1500000000000001
578,-0.00013504000000000004,2.6,1.1500000000000001
579,-0.00013472,2.6,1.17
580,-0.00013440000000000001,2.6,1.17
581,-0.00013408000000000002,2.6,1.17
582,-0.00013376000000000002,2.6,1.17
583,-0.00013344000000000002,2.6,1.17
584,-0.00013312000000000003,2.64,1.17
585,-0.00013280000000000003,2.64,1.17
586,-0.00013248000000000003,2.64,1.17
587,-0.00013216000000000004,2.64,1.19
588,-0.00013184,2.64,1.21
589,-0.00013152000000000001,2.68,1.19
590,-0.00013120000000000002,2.68,1.21
591,-0.00013088000000000002,2.68,1.19
592,-0.00013056000000000002,2.68,1.21
593,-0.00013024000000000003,2.68,1.21
594,-0.00012992000000000003,2.68,1.21
595,-0.00012960000000000003,2.72,1.21
596,-0.00012928,2.72,1.21
597,-0.00012896,2.72,1.21
598,-0.00012864000000000002,2.72,1.21
599,-0.00012832000000000002,2.72,1.21
600,-0.00012800000000000002,2.7600000000000002,1.23
601,-0.00012768000000000002,2.72,1.23
602,-0.00012736000000000003,2.7600000000000002,1.23
603,-0.00012704000000000003,2.7600000000000002,1.23
604,-0.00012672000000000003,2.7600000000000002,1.23
605,-0.0001264,2.7600000000000002,1.25
606,-0.00012608,2.8000000000000003,1.25
607,-0.00012576000000000002,2.8000000000000003,1.25
608,-0.00012544000000000002,2.8000000000000003,1.25
609,-0.00012512000000000002,2.8000000000000003,1.25
610,-0.00012480000000000002,2.8000000000000003,1.25
611,-0.00012448000000000003,2.8000000000000003,1.27
612,-0.00012416000000000003,2.84,1.27
613,-0.00012384000000000003,2.8000000000000003,1.27
614,-0.00012352,2.8000000000000003,1.27
615,-0.0001232,2.8000000000000003,1.27
616,-0.00012288000000000002,2.84,1.27
617,-0.00012256000000000002,2.84,1.27
618,-0.00012224000000000002,2.84,1.29
619,-0.00012192000000000003,2.88,1.27
620,-0.00012160000000000003,2.88,1.29
621,-0.00012128000000000003,2.84,1.29
622,-0.00012096000000000003,2.88,1.29
623,-0.00012064000000000001,2.88,1.31
624,-0.00012032000000000001,2.88,1.29
625,-0.00012000000000000002,2.88,1.29
626,-0.00011968000000000002,2.88,1.31
627,-0.00011936000000000002,2.88,1.31
628,-0.00011904000000000003,2.92,1.31
629,-0.00011872000000000003,2.92,1.31
630,-0.00011840000000000003,2.92,1.33
631,-0.00011808000000000003,2.92,1.33
632,-0.00011776000000000001,2.92,1.31
633,-0.00011744000000000001,2.92,1.33
634,-0.00011712000000000002,2.92,1.33
635,-0.00011680000000000002,2.96,1.35
636,-0.00011648000000000002,2.96,1.35
637,-0.00011616000000000003,3.0,1.33
638,-0.00011584000000000003,2.96,1.33
639,-0.00011552000000000003,2.96,1.35
640,-0.00011520000000000004,3.0,1.35
641,-0.00011488000000000001,3.0,1.37
642,-0.00011456000000000001,3.0,1.35
643,-0.00011424000000000002,3.0,1.37
644,-0.00011392000000000002,3.0,1.37
645,-0.00011360000000000002,3.0,1.37
646,-0.00011328000000000003,3.04,1.37
647,-0.00011296000000000003,3.0,1.37
648,-0.00011264000000000003,3.04,1.37
649,-0.00011232000000000001,3.04,1.37
650,-0.00011200000000000001,3.04,1.37
651,-0.00011168000000000001,3.04,1.37
652,-0.00011136000000000002,3.08,1.3900000000000001
653,-0.00011104000000000002,3.08,1.37
654,-0.00011072000000000002,3.08,1.3900000000000001
655,-0.00011040000000000003,3.08,1.3900000000000001
656,-0.00011008000000000003,3.08,1.3900000000000001
657,-0.00010976000000000003,3.08,1.3900000000000001
658,-0.00010944000000000001,3.12,1.3900000000000001
659,-0.00010912000000000001,3.12,1.3900000000000001
660,-0.00010880000000000002,3.12,1.41
661,-0.00010848000000000002,3.12,1.41
662,-0.00010816000000000002,3.12,1.41
663,-0.00010784000000000002,3.12,1.41
664,-0.00010752000000000003,3.12,1.41
665,-0.00010720000000000003,3.12,1.43
666,-0.00010688000000000003,3.16,1.43
667,-0.00010656000000000001,3.16,1.43
668,-0.00010624000000000001,3.16,1.43
669,-0.00010592000000000002,3.16,1.43
670,-0.00010560000000000002,3.16,1.45
671,-0.00010528000000000002,3.16,1.45
672,-0.00010496000000000003,3.2,1.43
673,-0.00010464000000000003,3.2,1.45
674,-0.00010432000000000003,3.2,1.43
675,-0.00010400000000000003,3.2,1.45
676,-0.00010368000000000001,3.2,1.45
677,-0.00010336000000000001,3.2,1.45
678,-0.00010304000000000002,3.2,1.45
679,-0.00010272000000000002,3.2,1.45
680,-0.00010240000000000002,3.24,1.47
681,-0.00010208000000000003,3.24,1.47
682,-0.00010176000000000003,3.24,1.47
683,-0.00010144000000000003,3.24,1.47
684,-0.00010112000000000003,3.24,1.49
685,-0.00010080000000000001,3.2800000000000002,1.47
686,-0.00010048000000000001,3.2800000000000002,1.47
687,-0.00010016000000000002,3.2800000000000002,1.49
688,-9.984000000000002e-05,3.2800000000000002,1.49
689,-9.952000000000002e-05,3.2800000000000002,1.51
690,-9.920000000000003e-05,3.2800000000000002,1.49
691,-9.888000000000003e-05,3.2800000000000002,1.49
692,-9.856000000000003e-05,3.2800000000000002,1.49
693,-9.824000000000001e-05,3.3200000000000003,1.51
694,-9.792000000000001e-05,3.3200000000000003,1.51
695,-9.760000000000001e-05,3.3200000000000003,1.51
696,-9.728000000000002e-05,3.3200000000000003,1.51
697,-9.696000000000002e-05,3.3200000000000003,1.51
698,-9.664000000000002e-05,3.36,1.51
699,-9.632000000000003e-05,3.36,1.51
700,-9.600000000000003e-05,3.36,1.51
701,-9.568000000000003e-05,3.36,1.53
702,-9.536000000000001e-05,3.36,1.53
703,-9.504000000000001e-05,3.36,1.53
704,-9.472000000000001e-05,3.36,1.53
705,-9.440000000000002e-05,3.36,1.53
706,-9.408000000000002e-05,3.4,1.53
707,-9.376000000000002e-05,3.36,1.55
708,-9.344000000000003e-05,3.4,1.53
709,-9.312000000000003e-05,3.4,1.55
710,-9.280000000000003e-05,3.4,1.55
711,-9.248000000000001e-05,3.44,1.55
712,-9.216000000000001e-05,3.44,1.57
713,-9.184000000000002e-05,3.44,1.57
714,-9.152000000000002e-05,3.44,1.57
715,-9.120000000000002e-05,3.44,1.57
716,-9.088000000000002e-05,3.44,1.57
717,-9.056000000000003e-05,3.44,1.59
718,-9.024000000000003e-05,3.44,1.57
719,-8.992000000000003e-05,3.48,1.57
720,-8.960000000000001e-05,3.48,1.59
721,-8.928000000000001e-05,3.44,1.59
722,-8.896000000000002e-05,3.52,1.59
723,-8.864000000000002e-05,3.48,1.59
724,-8.832000000000002e-05,3.52,1.59
725,-8.800000000000002e-05,3.52,1.59
726,-8.768000000000003e-05,3.52,1.59
727,-8.736000000000003e-05,3.52,1.59
728,-8.704000000000003e-05,3.52,1.59
729,-8.672000000000001e-05,3.52,1.61
730,-8.640000000000001e-05,3.56,1.61
731,-8.608000000000002e-05,3.56,1.61
732,-8.576000000000002e-05,3.56,1.61
733,-8.544000000000002e-05,3.6,1.61
734,-8.512000000000003e-05,3.56,1.61
735,-8.480000000000003e-05,3.56,1.61
736,-8.448000000000003e-05,3.56,1.61
737,-8.416000000000003e-05,3.6,1.6300000000000001
738,-8.384000000000001e-05,3.56,1.6300000000000001
739,-8.352000000000001e-05,3.6,1.6300000000000001
740,-8.320000000000002e-05,3.6,1.6300000000000001
741,-8.288000000000002e-05,3.6,1.6500000000000001
742,-8.256000000000002e-05,3.6,1.6500000000000001
743,-8.224000000000003e-05,3.6,1.6500000000000001
744,-8.192000000000003e-05,3.6,1.6300000000000001
745,-8.160000000000003e-05,3.64,1.67
746,-8.128000000000001e-05,3.6,1.67
747,-8.096000000000001e-05,3.68,1.6500000000000001
748,-8.064000000000001e-05,3.64,1.67
749,-8.032000000000002e-05,3.64,1.67
750,-8.000000000000002e-05,3.68,1.67
751,-7.968000000000002e-05,3.68,1.67
752,-7.936000000000003e-05,3.68,1.67
753,-7.904000000000003e-05,3.68,1.69
754,-7.872000000000003e-05,3.68,1.67
755,-7.840000000000001e-05,3.72,1.67
756,-7.808000000000001e-05,3.72,1.67
757,-7.776000000000001e-05,3.68,1.69
758,-7.744000000000002e-05,3.72,1.69
759,-7.712000000000002e-05,3.68,1.69
760,-7.680000000000002e-05,3.72,1.69
761,-7.648000000000003e-05,3.72,1.69
762,-7.616000000000003e-05,3.7600000000000002,1.69
763,-7.584000000000003e-05,3.72,1.71
764,-7.552000000000004e-05,3.7600000000000002,1.71
765,-7.520000000000004e-05,3.72,1.71
766,-7.488000000000004e-05,3.7600000000000002,1.71
767,-7.456000000000005e-05,3.7600000000000002,1.71
768,-7.424e-05,3.7600000000000002,1.71
769,-7.392e-05,3.7600000000000002,1.73
770,-7.36e-05,3.7600000000000002,1.73
771,-7.328e-05,3.7600000000000002,1.73
772,-7.296e-05,3.7600000000000002,1.73
773,-7.264000000000001e-05,3.8000000000000003,1.73
774,-7.232000000000001e-05,3.8000000000000003,1.75
775,-7.200000000000002e-05,3.8000000000000003,1.73
776,-7.168000000000002e-05,3.8000000000000003,1.75
777,-7.136000000000002e-05,3.8000000000000003,1.75
778,-7.104000000000002e-05,3.8000000000000003,1.75
779,-7.072000000000003e-05,3.84,1.75
780,-7.040000000000003e-05,3.84,1.75
781,-7.008000000000003e-05,3.84,1.75
782,-6.976000000000004e-05,3.84,1.75
783,-6.944000000000004e-05,3.84,1.77
784,-6.912000000000004e-05,3.84,1.77
785,-6.880000000000005e-05,3.84,1.77
786,-6.848e-05,3.84,1.77
787,-6.816e-05,3.88,1.77
788,-6.784e-05,3.88,1.77
789,-6.752e-05,3.88,1.79
790,-6.720000000000001e-05,3.88,1.79
791,-6.688000000000001e-05,3.88,1.81
792,-6.656000000000001e-05,3.88,1.81
793,-6.624000000000002e-05,3.88,1.79
794,-6.592000000000002e-05,3.92,1.79
795,-6.560000000000002e-05,3.92,1.81
796,-6.528000000000003e-05,3.96,1.79
797,-6.496000000000003e-05,3.92,1.81
798,-6.464000000000003e-05,3.92,1.81
799,-6.432000000000003e-05,3.96,1.81
800,-6.400000000000004e-05,3.96,1.81
801,-6.368000000000004e-05,3.96,1.81
802,-6.336000000000004e-05,3.96,1.81
803,-6.304000000000005e-05,3.96,1.81
804,-6.272e-05,4.0,1.83
805,-6.24e-05,4.0,1.83
806,-6.208e-05,4.0,1.83
807,-6.176e-05,4.0,1.85
808,-6.144000000000001e-05,4.0,1.85
809,-6.112000000000001e-05,4.0,1.83
810,-6.0800000000000014e-05,4.04,1.83
811,-6.048000000000002e-05,4.04,1.85
812,-6.016000000000002e-05,4.0,1.85
813,-5.984000000000002e-05,4.04,1.85
814,-5.9520000000000026e-05,4.04,1.85
815,-5.920000000000003e-05,4.04,1.87
816,-5.888000000000003e-05,4.04,1.87
817,-5.8560000000000036e-05,4.08,1.87
818,-5.824000000000004e-05,4.08,1.87
819,-5.792000000000004e-05,4.04,1.87
820,-5.7600000000000045e-05,4.04,1.87
821,-5.7279999999999994e-05,4.08,1.87
822,-5.696e-05,4.08,1.87
823,-5.664e-05,4.08,1.8900000000000001
824,-5.632e-05,4.08,1.8900000000000001
825,-5.6000000000000006e-05,4.12,1.87
826,-5.568000000000001e-05,4.12,1.8900000000000001
827,-5.536000000000001e-05,4.12,1.8900000000000001
828,-5.5040000000000015e-05,4.12,1.8900000000000001
829,-5.472000000000002e-05,4.12,1.8900000000000001
830,-5.440000000000002e-05,4.12,1.9100000000000001
831,-5.4080000000000024e-05,4.12,1.9100000000000001
832,-5.376000000000003e-05,4.16,1.93
833,-5.344000000000003e-05,4.16,1.8900000000000001
834,-5.3120000000000034e-05,4.16,1.9100000000000001
835,-5.2800000000000037e-05,4.16,1.93
836,-5.248000000000004e-05,4.16,1.9100000000000001
837,-5.216000000000004e-05,4.16,1.9100000000000001
838,-5.1840000000000046e-05,4.16,1.93
839,-5.1519999999999995e-05,4.16,1.93
840,-5.12e-05,4.2,1.95
841,-5.088e-05,4.2,1.93
842,-5.0560000000000004e-05,4.2,1.95
843,-5.024000000000001e-05,4.2,1.95
844,-4.992000000000001e-05,4.2,1.95
845,-4.960000000000001e-05,4.24,1.95
846,-4.9280000000000016e-05,4.24,1.95
847,-4.896000000000002e-05,4.24,1.95
848,-4.864000000000002e-05,4.24,1.97
849,-4.8320000000000025e-05,4.24,1.95
850,-4.800000000000003e-05,4.24,1.97
851,-4.768000000000003e-05,4.28,1.97
852,-4.7360000000000034e-05,4.28,1.97
853,-4.704000000000004e-05,4.28,1.97
854,-4.672000000000004e-05,4.28,1.97
855,-4.6400000000000044e-05,4.32,1.99
856,-4.608000000000005e-05,4.32,1.99
857,-4.5759999999999996e-05,4.28,1.97
858,-4.544e-05,4.28,1.99
859,-4.512e-05,4.32,1.99
860,-4.4800000000000005e-05,4.32,1.99
861,-4.448000000000001e-05,4.32,1.99
862,-4.416000000000001e-05,4.32,1.99
863,-4.3840000000000014e-05,4.32,1.99
864,-4.352000000000002e-05,4.32,2.0100000000000002
865,-4.320000000000002e-05,4.36,1.99
866,-4.288000000000002e-05,4.36,2.0100000000000002
867,-4.2560000000000026e-05,4.36,2.0100000000000002
868,-4.224000000000003e-05,4.36,2.0100000000000002
869,-4.192000000000003e-05,4.36,2.0100000000000002
870,-4.1600000000000035e-05,4.36,2.0100000000000002
871,-4.128000000000004e-05,4.36,2.0300000000000002
872,-4.096000000000004e-05,4.4,2.0300000000000002
873,-4.0640000000000045e-05,4.4,2.0300000000000002
874,-4.0319999999999993e-05,4.4,2.0300000000000002
875,-3.9999999999999996e-05,4.4,2.0300000000000002
876,-3.968e-05,4.4,2.0300000000000002
877,-3.936e-05,4.4,2.0300000000000002
878,-3.9040000000000006e-05,4.44,2.05
879,-3.872000000000001e-05,4.4,2.05
880,-3.840000000000001e-05,4.44,2.05
881,-3.8080000000000015e-05,4.44,2.05
882,-3.776000000000002e-05,4.44,2.07
883,-3.744000000000002e-05,4.44,2.05
884,-3.7120000000000024e-05,4.44,2.05
885,-3.680000000000003e-05,4.48,2.07
886,-3.648000000000003e-05,4.48,2.07
887,-3.616000000000003e-05,4.48,2.07
888,-3.5840000000000036e-05,4.48,2.07
889,-3.552000000000004e-05,4.48,2.07
890,-3.520000000000004e-05,4.5200000000000005,2.09
891,-3.4880000000000046e-05,4.5200000000000005,2.07
892,-3.4559999999999994e-05,4.48,2.09
893,-3.424e-05,4.5200000000000005,2.09
894,-3.392e-05,4.5200000000000005,2.09
895,-3.3600000000000004e-05,4.5600000000000005,2.09
896,-3.328000000000001e-05,4.5200000000000005,2.09
897,-3.296000000000001e-05,4.5600000000000005,2.09
898,-3.264000000000001e-05,4.5600000000000005,2.11
899,-3.2320000000000016e-05,4.5600000000000005,2.11
900,-3.200000000000002e-05,4.5600000000000005,2.11
901,-3.168000000000002e-05,4.5600000000000005,2.11
902,-3.1360000000000025e-05,4.6000000000000005,2.11
903,-3.104000000000003e-05,4.5600000000000005,2.11
904,-3.072000000000003e-05,4.6000000000000005,2.13
905,-3.0400000000000034e-05,4.6000000000000005,2.13
906,-3.0080000000000037e-05,4.6000000000000005,2.13
907,-2.976000000000004e-05,4.6000000000000005,2.13
908,-2.9440000000000043e-05,4.6000000000000005,2.13
909,-2.9120000000000046e-05,4.6000000000000005,2.13
910,-2.8799999999999995e-05,4.6000000000000005,2.13
911,-2.848e-05,4.64,2.15
912,-2.816e-05,4.64,2.15
913,-2.7840000000000005e-05,4.64,2.15
914,-2.7520000000000008e-05,4.68,2.15
915,-2.720000000000001e-05,4.68,2.15
916,-2.6880000000000014e-05,4.68,2.15
917,-2.6560000000000017e-05,4.68,2.15
918,-2.624000000000002e-05,4.64,2.15
919,-2.5920000000000023e-05,4.68,2.15
920,-2.5600000000000026e-05,4.68,2.17
921,-2.528000000000003e-05,4.68,2.17
922,-2.4960000000000032e-05,4.68,2.17
923,-2.4640000000000035e-05,4.72,2.17
924,-2.4320000000000038e-05,4.72,2.17
925,-2.400000000000004e-05,4.72,2.19
926,-2.3680000000000044e-05,4.72,2.19
927,-2.3359999999999993e-05,4.72,2.19
928,-2.3039999999999996e-05,4.72,2.19
929,-2.272e-05,4.72,2.19
930,-2.2400000000000002e-05,4.76,2.19
931,-2.2080000000000005e-05,4.76,2.19
932,-2.176000000000001e-05,4.76,2.19
933,-2.144000000000001e-05,4.76,2.21
934,-2.1120000000000015e-05,4.76,2.21
935,-2.0800000000000018e-05,4.76,2.19
936,-2.048000000000002e-05,4.8,2.21
937,-2.0160000000000024e-05,4.8,2.21
938,-1.9840000000000027e-05,4.8,2.21
939,-1.952000000000003e-05,4.8,2.21
940,-1.9200000000000033e-05,4.84,2.23
941,-1.8880000000000036e-05,4.8,2.21
942,-1.856000000000004e-05,4.8,2.23
943,-1.8240000000000042e-05,4.84,2.23
944,-1.7920000000000045e-05,4.84,2.23
945,-1.7599999999999994e-05,4.84,2.23
946,-1.7279999999999997e-05,4.84,2.23
947,-1.696e-05,4.84,2.23
948,-1.6640000000000003e-05,4.84,2.25
949,-1.6320000000000006e-05,4.88,2.25
950,-1.600000000000001e-05,4.84,2.25
951,-1.5680000000000013e-05,4.88,2.25
952,-1.5360000000000016e-05,4.88,2.25
953,-1.5040000000000019e-05,4.88,2.25
954,-1.4720000000000022e-05,4.92,2.27
955,-1.4400000000000025e-05,4.88,2.27
956,-1.4080000000000028e-05,4.88,2.27
957,-1.3760000000000031e-05,4.92,2.27
958,-1.3440000000000034e-05,4.92,2.27
959,-1.3120000000000037e-05,4.92,2.27
960,-1.280000000000004e-05,4.92,2.29
961,-1.2480000000000043e-05,4.92,2.27
962,-1.2160000000000046e-05,4.96,2.29
963,-1.1839999999999995e-05,4.96,2.29
964,-1.1519999999999998e-05,4.96,2.29
965,-1.1200000000000001e-05,4.96,2.29
966,-1.0880000000000004e-05,4.96,2.31
967,-1.0560000000000007e-05,4.96,2.31
968,-1.024000000000001e-05,4.96,2.31
969,-9.920000000000013e-06,5.0,2.31
970,-9.600000000000017e-06,5.0,2.31
971,-9.28000000000002e-06,5.0,2.31
972,-8.960000000000023e-06,0.0,2.17
973,-8.640000000000026e-06,0.08,2.07
974,-8.320000000000029e-06,0.08,1.95
975,-8.000000000000032e-06,0.12,1.87
976,-7.680000000000035e-06,0.08,1.77
977,-7.360000000000038e-06,0.12,1.69
978,-7.040000000000041e-06,0.12,1.59
979,-6.720000000000044e-06,0.12,1.53
980,-6.399999999999993e-06,0.12,1.45
981,-6.079999999999996e-06,0.12,1.37
982,-5.759999999999999e-06,0.12,1.31
983,-5.440000000000002e-06,0.16,1.23
984,-5.120000000000005e-06,0.16,1.17
985,-4.800000000000008e-06,0.12,1.11
986,-4.480000000000011e-06,0.16,1.07
987,-4.160000000000014e-06,0.16,1.01
988,-3.8400000000000174e-06,0.16,0.99
989,-3.5200000000000205e-06,0.2,0.93
990,-3.2000000000000236e-06,0.2,0.89
991,-2.8800000000000266e-06,0.2,0.85
992,-2.5600000000000297e-06,0.2,0.81
993,-2.2400000000000328e-06,0.2,0.77
994,-1.920000000000036e-06,0.2,0.75
995,-1.6000000000000389e-06,0.24,0.71
996,-1.280000000000042e-06,0.2,0.6900000000000001
997,-9.60000000000045e-07,0.24,0.65
998,-6.399999999999939e-07,0.24,0.61
999,-3.1999999999999694e-07,0.24,0.59
1000,0.0,0.24,0.5700000000000001
1001,3.1999999999999694e-07,0.24,0.55
1002,6.399999999999939e-07,0.24,0.53
1003,9.599999999999908e-07,0.24,0.51
1004,1.2799999999999877e-06,0.24,0.49
1005,1.5999999999999847e-06,0.28,0.47000000000000003
1006,1.9199999999999816e-06,0.28,0.45
1007,2.2399999999999786e-06,0.28,0.43
1008,2.5599999999999755e-06,0.28,0.41000000000000003
1009,2.8799999999999724e-06,0.28,0.39
1010,3.1999999999999694e-06,0.28,0.39
1011,3.5199999999999663e-06,0.32,0.37
1012,3.839999999999963e-06,0.28,0.37
1013,4.15999999999996e-06,0.32,0.35000000000000003
1014,4.479999999999957e-06,0.32,0.35000000000000003
1015,4.799999999999954e-06,0.32,0.35000000000000003
1016,5.120000000000005e-06,0.32,0.33
1017,5.440000000000002e-06,0.32,0.33
1018,5.759999999999999e-06,0.32,0.31
1019,6.079999999999996e-06,0.32,0.29
1020,6.399999999999993e-06,0.32,0.31
1021,6.71999999999999e-06,0.36,0.29
1022,7.039999999999987e-06,0.36,0.27
1023,7.359999999999984e-06,0.32,0.27
1024,7.67999999999998e-06,0.36,0.25
1025,7.999999999999978e-06,0.36,0.27
1026,8.319999999999975e-06,0.36,0.25
1027,8.639999999999971e-06,0.36,0.25
1028,8.959999999999968e-06,0.4,0.25
1029,9.279999999999965e-06,0.4,0.25
1030,9.599999999999962e-06,0.36,0.23
1031,9.91999999999996e-06,0.4,0.23
1032,1.0239999999999956e-05,0.4,0.23
1033,1.0560000000000007e-05,0.4,0.23
1034,1.0880000000000004e-05,0.4,0.23
1035,1.1200000000000001e-05,0.4,0.23
1036,1.1519999999999998e-05,0.44,0.23
1037,1.1839999999999995e-05,0.4,0.23
1038,1.2159999999999992e-05,0.44,0.23
1039,1.2479999999999989e-05,0.44,0.23
1040,1.2799999999999986e-05,0.44,0.23
1041,1.3119999999999983e-05,0.44,0.23
1042,1.343999999999998e-05,0.44,0.21
1043,1.3759999999999977e-05,0.48,0.21
1044,1.4079999999999974e-05,0.48,0.23
1045,1.439999999999997e-05,0.48,0.23
1046,1.4719999999999967e-05,0.44,0.23
1047,1.5039999999999964e-05,0.48,0.21
1048,1.535999999999996e-05,0.48,0.23
1049,1.5679999999999958e-05,0.48,0.23
1050,1.5999999999999955e-05,0.48,0.21
1051,1.6320000000000006e-05,0.52,0.23
1052,1.6640000000000003e-05,0.48,0.23
1053,1.696e-05,0.52,0.23
1054,1.7279999999999997e-05,0.52,0.21
1055,1.7599999999999994e-05,0.52,0.23
1056,1.791999999999999e-05,0.52,0.23
1057,1.8239999999999988e-05,0.56,0.23
1058,1.8559999999999985e-05,0.52,0.23
1059,1.8879999999999982e-05,0.56,0.25
1060,1.919999999999998e-05,0.56,0.23
1061,1.9519999999999976e-05,0.56,0.23
1062,1.9839999999999973e-05,0.56,0.23
1063,2.015999999999997e-05,0.56,0.23
1064,2.0479999999999967e-05,0.56,0.25
1065,2.0799999999999963e-05,0.56,0.25
1066,2.111999999999996e-05,0.6,0.23
1067,2.1439999999999957e-05,0.56,0.25
1068,2.1759999999999954e-05,0.6,0.23
1069,2.2080000000000005e-05,0.64,0.25
1070,2.2400000000000002e-05,0.6,0.25
1071,2.272e-05,0.6,0.23
1072,2.3039999999999996e-05,0.6,0.25
1073,2.3359999999999993e-05,0.64,0.25
1074,2.367999999999999e-05,0.6,0.25
1075,2.3999999999999987e-05,0.64,0.25
1076,2.4319999999999984e-05,0.64,0.27
1077,2.463999999999998e-05,0.64,0.27
1078,2.4959999999999978e-05,0.64,0.27
1079,2.5279999999999975e-05,0.64,0.27
1080,2.5599999999999972e-05,0.68,0.27
1081,2.591999999999997e-05,0.64,0.27
1082,2.6239999999999966e-05,0.68,0.27
1083,2.6559999999999963e-05,0.68,0.27
1084,2.687999999999996e-05,0.68,0.27
1085,2.7199999999999956e-05,0.68,0.27
1086,2.7520000000000008e-05,0.72,0.27
1087,2.7840000000000005e-05,0.72,0.29
1088,2.816e-05,0.68,0.29
1089,2.848e-05,0.72,0.31
1090,2.8799999999999995e-05,0.72,0.29
1091,2.9119999999999992e-05,0.72,0.29
1092,2.943999999999999e-05,0.72,0.29
1093,2.9759999999999986e-05,0.72,0.31
1094,3.0079999999999983e-05,0.76,0.29
1095,3.039999999999998e-05,0.76,0.31
1096,3.071999999999998e-05,0.76,0.31
1097,3.1039999999999974e-05,0.76,0.31
1098,3.135999999999997e-05,0.8,0.31
1099,3.167999999999997e-05,0.76,0.31
1100,3.1999999999999965e-05,0.76,0.31
1101,3.231999999999996e-05,0.8,0.33
1102,3.263999999999996e-05,0.8,0.33
1103,3.2959999999999955e-05,0.8,0.33
1104,3.328000000000001e-05,0.8,0.33
1105,3.3600000000000004e-05,0.8,0.33
1106,3.392e-05,0.8,0.35000000000000003
1107,3.424e-05,0.8,0.33
1108,3.4559999999999994e-05,0.84,0.33
1109,3.487999999999999e-05,0.84,0.35000000000000003
1110,3.519999999999999e-05,0.84,0.33
1111,3.5519999999999985e-05,0.84,0.35000000000000003
1112,3.583999999999998e-05,0.84,0.35000000000000003
1113,3.615999999999998e-05,0.88,0.35000000000000003
1114,3.6479999999999976e-05,0.88,0.37
1115,3.679999999999997e-05,0.88,0.37
1116,3.711999999999997e-05,0.88,0.35000000000000003
1117,3.743999999999997e-05,0.88,0.37
1118,3.7759999999999964e-05,0.88,0.37
1119,3.807999999999996e-05,0.92,0.37
1120,3.839999999999996e-05,0.92,0.37
1121,3.8719999999999955e-05,0.92,0.37
1122,3.9040000000000006e-05,0.92,0.39
1123,3.936e-05,0.92,0.37
1124,3.968e-05,0.92,0.37
1125,3.9999999999999996e-05,0.92,0.39
1126,4.0319999999999993e-05,0.92,0.39
1127,4.063999999999999e-05,0.96,0.39
1128,4.095999999999999e-05,0.96,0.39
1129,4.1279999999999984e-05,0.96,0.39
1130,4.159999999999998e-05,0.96,0.41000000000000003
1131,4.191999999999998e-05,1.0,0.39
1132,4.2239999999999975e-05,0.96,0.39
1133,4.255999999999997e-05,1.0,0.41000000000000003
1134,4.287999999999997e-05,0.96,0.41000000000000003
1135,4.3199999999999966e-05,1.0,0.41000000000000003
1136,4.351999999999996e-05,1.0,0.41000000000000003
1137,4.383999999999996e-05,1.0,0.41000000000000003
1138,4.415999999999996e-05,1.0,0.43
1139,4.448000000000001e-05,1.04,0.43
1140,4.4800000000000005e-05,1.04,0.43
1141,4.512e-05,1.04,0.43
1142,4.544e-05,1.04,0.45
1143,4.5759999999999996e-05,1.04,0.45
1144,4.607999999999999e-05,1.04,0.45
1145,4.639999999999999e-05,1.04,0.45
1146,4.6719999999999986e-05,1.08,0.45
1147,4.703999999999998e-05,1.08,0.45
1148,4.735999999999998e-05,1.08,0.45
1149,4.767999999999998e-05,1.08,0.45
1150,4.7999999999999974e-05,1.08,0.45
1151,4.831999999999997e-05,1.08,0.45
1152,4.863999999999997e-05,1.08,0.47000000000000003
1153,4.8959999999999965e-05,1.08,0.47000000000000003
1154,4.927999999999996e-05,1.08,0.47000000000000003
1155,4.959999999999996e-05,1.12,0.49
1156,4.9919999999999956e-05,1.12,0.47000000000000003
1157,5.024000000000001e-05,1.12,0.47000000000000003
1158,5.0560000000000004e-05,1.16,0.47000000000000003
1159,5.088e-05,1.12,0.49
1160,5.12e-05,1.12,0.47000000000000003
1161,5.1519999999999995e-05,1.16,0.47000000000000003
1162,5.183999999999999e-05,1.16,0.49
1163,5.215999999999999e-05,1.16,0.49
1164,5.2479999999999985e-05,1.2,0.49
1165,5.279999999999998e-05,1.16,0.49
1166,5.311999999999998e-05,1.16,0.49
1167,5.3439999999999976e-05,1.16,0.51
1168,5.375999999999997e-05,1.2,0.51
1169,5.407999999999997e-05,1.2,0.51
1170,5.439999999999997e-05,1.2,0.51
1171,5.4719999999999964e-05,1.2,0.51
1172,5.503999999999996e-05,1.2,0.53
1173,5.535999999999996e-05,1.2,0.51
1174,5.5679999999999955e-05,1.24,0.53
1175,5.6000000000000006e-05,1.24,0.53
1176,5.632e-05,1.24,0.53
1177,5.664e-05,1.24,0.53
1178,5.696e-05,1.24,0.53
1179,5.7279999999999994e-05,1.24,0.53
1180,5.759999999999999e-05,1.28,0.53
1181,5.791999999999999e-05,1.24,0.55
1182,5.8239999999999984e-05,1.28,0.55
1183,5.855999999999998e-05,1.28,0.55
1184,5.887999999999998e-05,1.28,0.55
1185,5.9199999999999975e-05,1.28,0.55
1186,5.951999999999997e-05,1.28,0.5700000000000001
1187,5.983999999999997e-05,1.32,0.5700000000000001
1188,6.0159999999999966e-05,1.32,0.5700000000000001
1189,6.047999999999996e-05,1.32,0.55
1190,6.079999999999996e-05,1.32,0.5700000000000001
1191,6.111999999999996e-05,1.36,0.5700000000000001
1192,6.144000000000001e-05,1.36,0.59
1193,6.176e-05,1.32,0.59
1194,6.208e-05,1.32,0.5700000000000001
1195,6.24e-05,1.36,0.5700000000000001
1196,6.272e-05,1.36,0.5700000000000001
1197,6.303999999999999e-05,1.36,0.59
1198,6.335999999999999e-05,1.36,0.59
1199,6.367999999999999e-05,1.36,0.61
1200,6.399999999999998e-05,1.36,0.61
1201,6.431999999999998e-05,1.4000000000000001,0.59
1202,6.463999999999998e-05,1.4000000000000001,0.61
1203,6.495999999999997e-05,1.4000000000000001,0.61
1204,6.527999999999997e-05,1.4000000000000001,0.59
1205,6.559999999999997e-05,1.44,0.61
1206,6.591999999999997e-05,1.44,0.61
1207,6.623999999999996e-05,1.4000000000000001,0.63
1208,6.655999999999996e-05,1.4000000000000001,0.61
1209,6.687999999999996e-05,1.44,0.61
1210,6.720000000000001e-05,1.44,0.61
1211,6.752e-05,1.44,0.63
1212,6.784e-05,1.44,0.65
1213,6.816e-05,1.48,0.63
1214,6.848e-05,1.44,0.63
1215,6.879999999999999e-05,1.44,0.63
1216,6.911999999999999e-05,1.48,0.63
1217,6.943999999999999e-05,1.52,0.65
1218,6.975999999999998e-05,1.52,0.65
1219,7.007999999999998e-05,1.48,0.65
1220,7.039999999999998e-05,1.52,0.65
1221,7.071999999999997e-05,1.52,0.65
1222,7.103999999999997e-05,1.52,0.65
1223,7.135999999999997e-05,1.52,0.65
1224,7.167999999999996e-05,1.52,0.67
1225,7.199999999999996e-05,1.52,0.67
1226,7.231999999999996e-05,1.52,0.67
1227,7.263999999999996e-05,1.52,0.6900000000000001
1228,7.296e-05,1.56,0.67
1229,7.328e-05,1.56,0.67
1230,7.36e-05,1.6,0.6900000000000001
1231,7.392e-05,1.6,0.67
1232,7.424e-05,1.56,0.6900000000000001
1233,7.455999999999999e-05,1.6,0.6900000000000001
1234,7.487999999999999e-05,1.56,0.71
1235,7.519999999999998e-05,1.6400000000000001,0.6900000000000001
1236,7.551999999999998e-05,1.6,0.6900000000000001
1237,7.583999999999998e-05,1.6,0.71
1238,7.615999999999998e-05,1.6,0.71
1239,7.647999999999997e-05,1.6,0.71
1240,7.679999999999997e-05,1.6400000000000001,0.73
1241,7.711999999999997e-05,1.6400000000000001,0.71
1242,7.743999999999996e-05,1.6400000000000001,0.71
1243,7.775999999999996e-05,1.6400000000000001,0.71
1244,7.807999999999996e-05,1.68,0.73
1245,7.840000000000001e-05,1.6400000000000001,0.73
1246,7.872e-05,1.68,0.73
1247,7.904e-05,1.68,0.73
1248,7.936e-05,1.68,0.73
1249,7.968e-05,1.68,0.73
1250,7.999999999999999e-05,1.68,0.73
1251,8.031999999999999e-05,1.68,0.75
1252,8.063999999999999e-05,1.72,0.75
1253,8.095999999999998e-05,1.72,0.75
1254,8.127999999999998e-05,1.72,0.75
1255,8.159999999999998e-05,1.72,0.75
1256,8.191999999999997e-05,1.72,0.75
1257,8.223999999999997e-05,1.76,0.75
1258,8.255999999999997e-05,1.72,0.75
1259,8.287999999999997e-05,1.72,0.77
1260,8.319999999999996e-05,1.76,0.77
1261,8.351999999999996e-05,1.76,0.77
1262,8.383999999999996e-05,1.76,0.77
1263,8.416000000000001e-05,1.76,0.77
1264,8.448e-05,1.76,0.79
1265,8.48e-05,1.8,0.77
1266,8.512e-05,1.8,0.77
1267,8.544e-05,1.8,0.79
1268,8.575999999999999e-05,1.8,0.79
1269,8.607999999999999e-05,1.8,0.79
1270,8.639999999999999e-05,1.8,0.79
1271,8.671999999999998e-05,1.8,0.81
1272,8.703999999999998e-05,1.84,0.81
1273,8.735999999999998e-05,1.84,0.79
1274,8.767999999999997e-05,1.84,0.81
1275,8.799999999999997e-05,1.84,0.79
1276,8.831999999999997e-05,1.84,0.81
1277,8.863999999999996e-05,1.8800000000000001,0.81
1278,8.895999999999996e-05,1.8800000000000001,0.81
1279,8.927999999999996e-05,1.8800000000000001,0.8300000000000001
1280,8.959999999999996e-05,1.8800000000000001,0.8300000000000001
1281,8.992e-05,1.8800000000000001,0.8300000000000001
1282,9.024e-05,1.8800000000000001,0.81
1283,9.056e-05,1.8800000000000001,0.8300000000000001
1284,9.088e-05,1.8800000000000001,0.8300000000000001
1285,9.12e-05,1.92,0.85
1286,9.151999999999999e-05,1.92,0.8300000000000001
1287,9.183999999999999e-05,1.92,0.8300000000000001
1288,9.215999999999998e-05,1.92,0.85
1289,9.247999999999998e-05,1.96,0.85
1290,9.279999999999998e-05,1.92,0.87
1291,9.311999999999998e-05,1.96,0.85
1292,9.343999999999997e-05,1.96,0.85
1293,9.375999999999997e-05,2.0,0.85
1294,9.407999999999997e-05,1.96,0.85
1295,9.439999999999996e-05,1.96,0.87
1296,9.471999999999996e-05,1.96,0.87
1297,9.503999999999996e-05,1.96,0.87
1298,9.536000000000001e-05,2.0,0.87
1299,9.568e-05,2.0,0.89
1300,9.6e-05,2.0,0.89
1301,9.632e-05,2.04,0.89
1302,9.664e-05,2.0,0.89
1303,9.696e-05,2.04,0.89
1304,9.727999999999999e-05,2.04,0.89
1305,9.759999999999999e-05,2.04,0.89
1306,9.791999999999998e-05,2.04,0.89
1307,9.823999999999998e-05,2.04,0.91
1308,9.855999999999998e-05,2.04,0.91
1309,9.887999999999997e-05,2.04,0.91
1310,9.919999999999997e-05,2.08,0.91
1311,9.951999999999997e-05,2.08,0.91
1312,9.983999999999997e-05,2.08,0.91
1313,0.00010015999999999996,2.08,0.93
1314,0.00010047999999999996,2.08,0.91
1315,0.00010079999999999996,2.08,0.93
1316,0.00010112000000000001,2.08,0.93
1317,0.00010144,2.08,0.93
1318,0.00010176,2.12,0.93
1319,0.00010208,2.12,0.93
1320,0.0001024,2.12,0.93
1321,0.00010271999999999999,2.12,0.93
1322,0.00010303999999999999,2.16,0.93
1323,0.00010335999999999999,2.16,0.9500000000000001
1324,0.00010367999999999998,2.12,0.9500000000000001
1325,0.00010399999999999998,2.16,0.9500000000000001
1326,0.00010431999999999998,2.2,0.9500000000000001
1327,0.00010463999999999997,2.2,0.9500000000000001
1328,0.00010495999999999997,2.2,0.97
1329,0.00010527999999999997,2.16,0.97
1330,0.00010559999999999996,2.2,0.97
1331,0.00010591999999999996,2.16,0.97
1332,0.00010623999999999996,2.2,0.97
1333,0.00010656000000000001,2.2,0.97
1334,0.00010688,2.2,0.97
1335,0.0001072,2.2,0.99
1336,0.00010752,2.24,0.97
1337,0.00010784,2.24,0.97
1338,0.00010816,2.24,0.99
1339,0.00010847999999999999,2.24,0.99
1340,0.00010879999999999999,2.24,1.01
1341,0.00010911999999999999,2.24,0.99
1342,0.00010943999999999998,2.24,0.99
1343,0.00010975999999999998,2.24,1.01
1344,0.00011007999999999998,2.2800000000000002,1.01
1345,0.00011039999999999997,2.2800000000000002,1.01
1346,0.00011071999999999997,2.2800000000000002,1.03
1347,0.00011103999999999997,2.32,1.01
1348,0.00011135999999999996,2.2800000000000002,1.03
1349,0.00011167999999999996,2.2800000000000002,1.01
1350,0.00011199999999999996,2.32,1.01
1351,0.00011232000000000001,2.32,1.03
1352,0.00011264,2.32,1.03
1353,0.00011296,2.36,1.03
1354,0.00011328,2.32,1.03
1355,0.0001136,2.36,1.03
1356,0.00011392,2.32,1.03
1357,0.00011423999999999999,2.36,1.03
1358,0.00011455999999999999,2.36,1.05
1359,0.00011487999999999998,2.36,1.05
1360,0.00011519999999999998,2.36,1.07
1361,0.00011551999999999998,2.4,1.05
1362,0.00011583999999999998,2.4,1.05
1363,0.00011615999999999997,2.36,1.07
1364,0.00011647999999999997,2.4,1.05
1365,0.00011679999999999997,2.4,1.05
1366,0.00011711999999999996,2.4,1.05
1367,0.00011743999999999996,2.4,1.05
1368,0.00011775999999999996,2.4,1.09
1369,0.00011808000000000001,2.44,1.09
1370,0.0001184,2.44,1.07
1371,0.00011872,2.44,1.09
1372,0.00011904,2.44,1.09
1373,0.00011936,2.44,1.09
1374,0.00011967999999999999,2.44,1.09
1375,0.00011999999999999999,2.48,1.11
1376,0.00012031999999999999,2.44,1.11
1377,0.00012063999999999998,2.48,1.09
1378,0.00012095999999999998,2.48,1.09
1379,0.00012127999999999998,2.48,1.11
1380,0.00012159999999999997,2.48,1.11
1381,0.00012191999999999997,2.52,1.11
1382,0.00012223999999999997,2.48,1.11
1383,0.00012255999999999996,2.48,1.11
1384,0.00012287999999999996,2.52,1.1300000000000001
1385,0.00012319999999999996,2.52,1.11
1386,0.00012352,2.52,1.11
1387,0.00012384,2.56,1.1300000000000001
1388,0.00012416,2.52,1.1300000000000001
1389,0.00012448,2.52,1.1500000000000001
1390,0.0001248,2.56,1.1300000000000001
1391,0.00012512,2.52,1.1300000000000001
1392,0.00012544,2.52,1.1500000000000001
1393,0.00012576,2.56,1.1500000000000001
1394,0.00012607999999999999,2.56,1.1500000000000001
1395,0.00012639999999999998,2.56,1.1500000000000001
1396,0.00012671999999999998,2.6,1.1500000000000001
1397,0.00012703999999999998,2.6,1.1500000000000001
1398,0.00012735999999999997,2.56,1.17
1399,0.00012767999999999997,2.6,1.1500000000000001
1400,0.00012799999999999997,2.6,1.17
1401,0.00012831999999999996,2.6,1.17
1402,0.00012863999999999996,2.6,1.19
1403,0.00012895999999999996,2.6,1.17
1404,0.00012928,2.64,1.17
1405,0.0001296,2.64,1.17
1406,0.00012992,2.64,1.19
1407,0.00013024,2.64,1.19
1408,0.00013056,2.64,1.17
1409,0.00013088,2.68,1.19
1410,0.0001312,2.68,1.21
1411,0.00013152,2.68,1.19
1412,0.00013183999999999998,2.68,1.21
1413,0.00013215999999999998,2.68,1.21
1414,0.00013247999999999998,2.68,1.21
1415,0.00013279999999999998,2.68,1.21
1416,0.00013311999999999997,2.68,1.19
1417,0.00013343999999999997,2.72,1.21
1418,0.00013375999999999997,2.68,1.21
1419,0.00013407999999999996,2.68,1.23
1420,0.00013439999999999996,2.7600000000000002,1.21
1421,0.00013471999999999996,2.72,1.23
1422,0.00013504,2.72,1.23
1423,0.00013536,2.72,1.23
1424,0.00013568,2.7600000000000002,1.23
1425,0.000136,2.7600000000000002,1.23
1426,0.00013632,2.8000000000000003,1.25
1427,0.00013664,2.7600000000000002,1.25
1428,0.00013696,2.7600000000000002,1.25
1429,0.00013728,2.7600000000000002,1.25
1430,0.00013759999999999998,2.8000000000000003,1.27
1431,0.00013791999999999998,2.8000000000000003,1.25
1432,0.00013823999999999998,2.8000000000000003,1.27
1433,0.00013855999999999997,2.8000000000000003,1.27
1434,0.00013887999999999997,2.8000000000000003,1.27
1435,0.00013919999999999997,2.84,1.27
1436,0.00013951999999999997,2.84,1.27
1437,0.00013983999999999996,2.84,1.27
1438,0.00014015999999999996,2.84,1.27
1439,0.00014048,2.84,1.29
1440,0.0001408,2.88,1.29
1441,0.00014112,2.88,1.29
1442,0.00014144,2.88,1.29
1443,0.00014176,2.88,1.29
1444,0.00014208,2.88,1.29
1445,0.0001424,2.88,1.29
1446,0.00014272,2.92,1.31
1447,0.00014303999999999999,2.88,1.31
1448,0.00014335999999999998,2.92,1.29
1449,0.00014367999999999998,2.92,1.29
1450,0.00014399999999999998,2.92,1.31
1451,0.00014431999999999997,2.92,1.31
1452,0.00014463999999999997,2.92,1.31
1453,0.00014495999999999997,2.92,1.31
1454,0.00014527999999999996,2.92,1.31
1455,0.00014559999999999996,2.96,1.33
1456,0.00014591999999999996,2.96,1.33
1457,0.00014624,2.96,1.33
1458,0.00014656,2.96,1.33
1459,0.00014688,2.96,1.33
1460,0.0001472,3.0,1.35
1461,0.00014752,3.0,1.35
1462,0.00014784,3.0,1.35
1463,0.00014816,3.0,1.35
1464,0.00014848,3.0,1.35
1465,0.00014879999999999998,3.0,1.35
1466,0.00014911999999999998,3.0,1.35
1467,0.00014943999999999998,3.04,1.35
1468,0.00014975999999999998,3.0,1.37
1469,0.00015007999999999997,3.04,1.37
1470,0.00015039999999999997,3.04,1.37
1471,0.00015071999999999997,3.04,1.37
1472,0.00015103999999999996,3.04,1.37
1473,0.00015135999999999996,3.04,1.3900000000000001
1474,0.00015167999999999996,3.08,1.37
1475,0.000152,3.08,1.3900000000000001
1476,0.00015232,3.08,1.3900000000000001
1477,0.00015264,3.08,1.3900000000000001
1478,0.00015296,3.08,1.41
1479,0.00015328,3.12,1.3900000000000001
1480,0.0001536,3.08,1.3900000000000001
1481,0.00015392,3.08,1.41
1482,0.00015424,3.08,1.41
1483,0.00015455999999999998,3.12,1.41
1484,0.00015487999999999998,3.12,1.41
1485,0.00015519999999999998,3.12,1.3900000000000001
1486,0.00015551999999999997,3.12,1.43
1487,0.00015583999999999997,3.12,1.41
1488,0.00015615999999999997,3.16,1.41
1489,0.00015647999999999997,3.16,1.41
1490,0.00015679999999999996,3.16,1.43
1491,0.00015711999999999996,3.16,1.43
1492,0.00015744,3.16,1.45
1493,0.00015776,3.2,1.43
1494,0.00015808,3.16,1.43
1495,0.0001584,3.2,1.43
1496,0.00015872,3.2,1.43
1497,0.00015904,3.2,1.45
1498,0.00015936,3.2,1.45
1499,0.00015968,3.2,1.45
1500,0.00015999999999999999,3.24,1.47
1501,0.00016031999999999998,3.24,1.45
1502,0.00016063999999999998,3.2,1.45
1503,0.00016095999999999998,3.24,1.47
1504,0.00016127999999999997,3.24,1.45
1505,0.00016159999999999997,3.24,1.47
1506,0.00016191999999999997,3.24,1.47
1507,0.00016223999999999996,3.24,1.49
1508,0.00016255999999999996,3.2800000000000002,1.49
1509,0.00016287999999999996,3.24,1.47
1510,0.0001632,3.2800000000000002,1.49
1511,0.00016352,3.2800000000000002,1.49
1512,0.00016384,3.2800000000000002,1.49
1513,0.00016416,3.2800000000000002,1.49
1514,0.00016448,3.3200000000000003,1.49
1515,0.0001648,3.3200000000000003,1.51
1516,0.00016512,3.3200000000000003,1.51
1517,0.00016544,3.3200000000000003,1.51
1518,0.00016575999999999999,3.3200000000000003,1.51
1519,0.00016607999999999998,3.3200000000000003,1.51
1520,0.00016639999999999998,3.3200000000000003,1.51
1521,0.00016671999999999998,3.36,1.53
1522,0.00016703999999999997,3.36,1.51
1523,0.00016735999999999997,3.36,1.51
1524,0.00016767999999999997,3.4,1.53
1525,0.00016799999999999996,3.36,1.53
1526,0.00016831999999999996,3.36,1.55
1527,0.00016864,3.36,1.53
1528,0.00016895999999999995,3.4,1.53
1529,0.00016928,3.4,1.55
1530,0.00016959999999999995,3.4,1.55
1531,0.00016992,3.4,1.53
1532,0.00017023999999999994,3.4,1.55
1533,0.00017056,3.44,1.55
1534,0.00017087999999999994,3.44,1.55
1535,0.0001712,3.44,1.55
1536,0.00017152000000000004,3.44,1.55
1537,0.00017183999999999998,3.44,1.57
1538,0.00017216000000000003,3.48,1.57
1539,0.00017247999999999997,3.48,1.59
1540,0.00017280000000000003,3.44,1.57
1541,0.00017311999999999997,3.44,1.57
1542,0.00017344000000000002,3.48,1.57
1543,0.00017375999999999996,3.52,1.59
1544,0.00017408000000000001,3.48,1.59
1545,0.00017439999999999996,3.48,1.59
1546,0.00017472,3.52,1.59
1547,0.00017503999999999995,3.52,1.59
1548,0.00017536,3.52,1.59
1549,0.00017567999999999994,3.52,1.59
1550,0.000176,3.52,1.59
1551,0.00017631999999999994,3.56,1.61
1552,0.00017664,3.52,1.61
1553,0.00017695999999999993,3.56,1.61
1554,0.00017727999999999998,3.52,1.61
1555,0.00017760000000000003,3.56,1.61
1556,0.00017791999999999998,3.56,1.61
1557,0.00017824000000000003,3.56,1.61
1558,0.00017855999999999997,3.56,1.6300000000000001
1559,0.00017888000000000002,3.56,1.6300000000000001
1560,0.00017919999999999996,3.56,1.6300000000000001
1561,0.00017952000000000002,3.6,1.6300000000000001
1562,0.00017983999999999996,3.6,1.6300000000000001
1563,0.00018016,3.6,1.6300000000000001
1564,0.00018047999999999995,3.6,1.6500000000000001
1565,0.0001808,3.6,1.6500000000000001
1566,0.00018111999999999995,3.6,1.6500000000000001
1567,0.00018144,3.6,1.6500000000000001
1568,0.00018175999999999994,3.6,1.6500000000000001
1569,0.00018208,3.6,1.6500000000000001
1570,0.00018239999999999993,3.64,1.6500000000000001
1571,0.00018271999999999999,3.64,1.67
1572,0.00018304000000000004,3.68,1.67
1573,0.00018335999999999998,3.68,1.69
1574,0.00018368000000000003,3.64,1.69
1575,0.00018399999999999997,3.64,1.67
1576,0.00018432000000000002,3.68,1.69
1577,0.00018463999999999997,3.68,1.67
1578,0.00018496000000000002,3.68,1.69
1579,0.00018527999999999996,3.68,1.69
1580,0.0001856,3.68,1.69
1581,0.00018591999999999995,3.72,1.69
1582,0.00018624,3.72,1.71
1583,0.00018655999999999995,3.72,1.69
1584,0.00018688,3.72,1.71
1585,0.00018719999999999994,3.72,1.69
1586,0.00018752,3.72,1.71
1587,0.00018783999999999994,3.72,1.71
1588,0.00018816,3.7600000000000002,1.71
1589,0.00018848000000000004,3.7600000000000002,1.71
1590,0.00018879999999999998,3.7600000000000002,1.71
1591,0.00018912000000000003,3.7600000000000002,1.71
1592,0.00018943999999999998,3.7600000000000002,1.73
1593,0.00018976000000000003,3.7600000000000002,1.71
1594,0.00019007999999999997,3.7600000000000002,1.73
1595,0.00019040000000000002,3.7600000000000002,1.73
1596,0.00019071999999999996,3.7600000000000002,1.73
1597,0.00019104000000000001,3.8000000000000003,1.75
1598,0.00019135999999999996,3.8000000000000003,1.73
1599,0.00019168,3.84,1.75
1600,0.00019199999999999995,3.84,1.75
1601,0.00019232,3.84,1.75
1602,0.00019263999999999994,3.84,1.75
1603,0.00019296,3.84,1.75
1604,0.00019327999999999994,3.84,1.77
1605,0.0001936,3.84,1.77
1606,0.00019391999999999993,3.84,1.77
1607,0.00019423999999999998,3.88,1.77
1608,0.00019456000000000003,3.88,1.77
1609,0.00019487999999999998,3.88,1.77
1610,0.00019520000000000003,3.88,1.77
1611,0.00019551999999999997,3.88,1.77
1612,0.00019584000000000002,3.88,1.77
1613,0.00019615999999999997,3.88,1.79
1614,0.00019648000000000002,3.92,1.79
1615,0.00019679999999999996,3.92,1.79
1616,0.00019712,3.92,1.79
1617,0.00019743999999999995,3.92,1.79
1618,0.00019776,3.92,1.81
1619,0.00019807999999999995,3.92,1.81
1620,0.0001984,3.92,1.81
1621,0.00019871999999999994,3.96,1.81
1622,0.00019904,3.92,1.81
1623,0.00019935999999999993,3.96,1.81
1624,0.00019967999999999999,3.96,1.83
1625,0.00020000000000000004,3.96,1.81
1626,0.00020031999999999998,3.96,1.83
1627,0.00020064000000000003,3.96,1.83
1628,0.00020095999999999997,4.0,1.83
1629,0.00020128000000000002,4.0,1.83
1630,0.00020159999999999997,4.0,1.83
1631,0.00020192000000000002,4.0,1.83
1632,0.00020223999999999996,4.04,1.83
1633,0.00020256,4.0,1.83
1634,0.00020287999999999995,4.0,1.85
1635,0.0002032,4.0,1.85
1636,0.00020351999999999995,4.04,1.85
1637,0.00020384,4.04,1.85
1638,0.00020415999999999994,4.04,1.85
1639,0.00020448,4.04,1.87
1640,0.00020479999999999994,4.08,1.87
1641,0.00020512,4.08,1.87
1642,0.00020544000000000004,4.08,1.87
1643,0.00020575999999999998,4.08,1.87
1644,0.00020608000000000003,4.08,1.87
1645,0.00020639999999999998,4.08,1.87
1646,0.00020672000000000003,4.08,1.8900000000000001
1647,0.00020703999999999997,4.12,1.8900000000000001
1648,0.00020736000000000002,4.12,1.8900000000000001
1649,0.00020767999999999996,4.12,1.8900000000000001
1650,0.00020800000000000001,4.12,1.8900000000000001
1651,0.00020831999999999996,4.12,1.9100000000000001
1652,0.00020864,4.12,1.8900000000000001
1653,0.00020895999999999995,4.16,1.9100000000000001
1654,0.00020928,4.16,1.9100000000000001
1655,0.00020959999999999994,4.12,1.9100000000000001
1656,0.00020992,4.16,1.9100000000000001
1657,0.00021023999999999994,4.16,1.9100000000000001
1658,0.00021056,4.2,1.93
1659,0.00021087999999999993,4.16,1.93
1660,0.00021119999999999998,4.16,1.93
1661,0.00021152000000000003,4.2,1.93
1662,0.00021183999999999998,4.24,1.93
1663,0.00021216000000000003,4.2,1.95
1664,0.00021247999999999997,4.2,1.93
1665,0.00021280000000000002,4.2,1.93
1666,0.00021311999999999997,4.24,1.95
1667,0.00021344000000000002,4.24,1.95
1668,0.00021375999999999996,4.24,1.95
1669,0.00021408,4.24,1.95
1670,0.00021439999999999995,4.24,1.95
1671,0.00021472,4.24,1.95
1672,0.00021503999999999995,4.28,1.95
1673,0.00021536,4.28,1.97
1674,0.00021567999999999994,4.24,1.97
1675,0.000216,4.28,1.97
1676,0.00021631999999999993,4.28,1.97
1677,0.00021663999999999999,4.28,1.97
1678,0.00021696000000000004,4.28,1.97
1679,0.00021727999999999998,4.28,1.97
1680,0.00021760000000000003,4.32,1.99
1681,0.00021791999999999997,4.32,1.99
1682,0.00021824000000000002,4.32,1.99
1683,0.00021855999999999997,4.32,1.99
1684,0.00021888000000000002,4.32,1.99
1685,0.00021919999999999996,4.32,2.0100000000000002
1686,0.00021952,4.36,2.0100000000000002
1687,0.00021983999999999996,4.32,2.0100000000000002
1688,0.00022016,4.36,2.0300000000000002
1689,0.00022047999999999995,4.36,2.0100000000000002
1690,0.0002208,4.36,2.0100000000000002
1691,0.00022111999999999994,4.36,2.0100000000000002
1692,0.00022144,4.36,2.0300000000000002
1693,0.00022175999999999994,4.4,2.0300000000000002
1694,0.00022208,4.4,2.0300000000000002
1695,0.00022240000000000004,4.36,2.0300000000000002
1696,0.00022271999999999998,4.4,2.0300000000000002
1697,0.00022304000000000003,4.4,2.05
1698,0.00022335999999999998,4.4,2.0300000000000002
1699,0.00022368000000000003,4.4,2.05
1700,0.00022399999999999997,4.4,2.05
1701,0.00022432000000000002,4.44,2.05
1702,0.00022463999999999996,4.44,2.05
1703,0.00022496000000000001,4.44,2.05
1704,0.00022527999999999996,4.44,2.07
1705,0.0002256,4.44,2.07
1706,0.00022591999999999995,4.44,2.05
1707,0.00022624,4.48,2.07
1708,0.00022655999999999995,4.48,2.07
1709,0.00022688,4.48,2.07
1710,0.00022719999999999994,4.48,2.07
1711,0.00022752,4.48,2.07
1712,0.00022783999999999993,4.5200000000000005,2.07
1713,0.00022815999999999998,4.5200000000000005,2.09
1714,0.00022848000000000004,4.48,2.07
1715,0.00022879999999999998,4.5200000000000005,2.09
1716,0.00022912000000000003,4.5200000000000005,2.09
1717,0.00022943999999999997,4.5200000000000005,2.09
1718,0.00022976000000000002,4.5200000000000005,2.11
1719,0.00023007999999999997,4.5200000000000005,2.11
1720,0.00023040000000000002,4.5600000000000005,2.11
1721,0.00023071999999999996,4.5600000000000005,2.11
1722,0.00023104,4.5600000000000005,2.11
1723,0.00023135999999999995,4.6000000000000005,2.11
1724,0.00023168,4.5600000000000005,2.11
1725,0.00023199999999999995,4.6000000000000005,2.11
1726,0.00023232,4.5600000000000005,2.11
1727,0.00023263999999999994,4.6000000000000005,2.13
1728,0.00023296,4.6000000000000005,2.13
1729,0.00023327999999999993,4.6000000000000005,2.13
1730,0.00023359999999999999,4.6000000000000005,2.13
1731,0.00023392000000000004,4.6000000000000005,2.13
1732,0.00023423999999999998,4.64,2.15
1733,0.00023456000000000003,4.64,2.13
1734,0.00023487999999999997,4.64,2.15
1735,0.00023520000000000002,4.64,2.15
1736,0.00023551999999999997,4.64,2.15
1737,0.00023584000000000002,4.68,2.15
1738,0.00023615999999999996,4.64,2.15
1739,0.00023648,4.68,2.17
1740,0.00023679999999999996,4.68,2.15
1741,0.00023712,4.68,2.17
1742,0.00023743999999999995,4.68,2.17
1743,0.00023776,4.68,2.15
1744,0.00023807999999999994,4.68,2.17
1745,0.0002384,4.72,2.17
1746,0.00023871999999999994,4.72,2.17
1747,0.00023904,4.72,2.17
1748,0.00023936000000000004,4.72,2.19
1749,0.00023967999999999998,4.72,2.19
1750,0.00024000000000000003,4.72,2.19
1751,0.00024031999999999998,4.76,2.19
1752,0.00024064000000000003,4.72,2.19
1753,0.00024095999999999997,4.76,2.19
1754,0.00024128000000000002,4.76,2.21
1755,0.00024159999999999996,4.76,2.21
1756,0.00024192000000000001,4.76,2.21
1757,0.00024223999999999996,4.76,2.21
1758,0.00024256,4.8,2.21
1759,0.00024287999999999995,4.8,2.21
1760,0.0002432,4.8,2.21
1761,0.00024351999999999995,4.8,2.23
1762,0.00024384,4.84,2.23
1763,0.00024415999999999994,4.84,2.21
1764,0.00024448,4.84,2.23
1765,0.00024479999999999993,4.84,2.23
1766,0.00024512,4.84,2.25
1767,0.00024544000000000004,4.84,2.23
1768,0.00024576,4.84,2.23
1769,0.00024608000000000003,4.84,2.23
1770,0.00024639999999999997,4.88,2.25
1771,0.00024672,4.88,2.25
1772,0.00024703999999999997,4.88,2.25
1773,0.00024736,4.88,2.25
1774,0.00024767999999999996,4.92,2.25
1775,0.000248,4.92,2.25
1776,0.00024831999999999995,4.92,2.27
1777,0.00024864,4.88,2.27
1778,0.00024895999999999995,4.92,2.27
1779,0.00024928,4.92,2.27
1780,0.00024959999999999994,4.92,2.27
1781,0.00024992,4.92,2.27
1782,0.00025023999999999994,4.92,2.27
1783,0.00025056,4.92,2.29
1784,0.00025088000000000004,4.96,2.29
1785,0.0002512,4.96,2.29
1786,0.00025152000000000003,4.96,2.29
1787,0.00025184,4.96,2.29
1788,0.00025216,4.96,2.29
1789,0.00025247999999999997,5.0,2.29
1790,0.0002528,5.0,2.31
1791,0.00025311999999999996,5.0,2.31
1792,0.00025344,5.0,2.31
1793,0.00025375999999999996,5.0,2.31
1794,0.00025408,5.0,2.21
1795,0.00025439999999999995,0.04,2.09
1796,0.00025472,0.08,2.0100000000000002
1797,0.00025503999999999994,0.08,1.8900000000000001
1798,0.00025536,0.08,1.81
1799,0.00025567999999999994,0.08,1.71
1800,0.000256,0.12,1.6300000000000001
1801,0.00025632000000000004,0.12,1.55
1802,0.00025664,0.12,1.47
1803,0.00025696000000000003,0.16,1.3900000000000001
1804,0.00025728,0.16,1.33
1805,0.00025760000000000003,0.16,1.25
1806,0.00025791999999999997,0.16,1.19
1807,0.00025824,0.16,1.1500000000000001
1808,0.00025855999999999996,0.16,1.09
1809,0.00025888,0.2,1.03
1810,0.00025919999999999996,0.16,0.99
1811,0.00025952,0.16,0.9500000000000001
1812,0.00025983999999999995,0.2,0.89
1813,0.00026016,0.16,0.87
1814,0.00026047999999999995,0.2,0.8300000000000001
1815,0.0002608,0.2,0.79
1816,0.00026111999999999994,0.2,0.75
1817,0.00026144,0.2,0.73
1818,0.00026175999999999993,0.24,0.6900000000000001
1819,0.00026208,0.2,0.67
1820,0.00026240000000000004,0.2,0.65
1821,0.00026272,0.24,0.61
1822,0.00026304000000000003,0.24,0.59
1823,0.00026335999999999997,0.24,0.55
1824,0.00026368,0.24,0.55
1825,0.00026399999999999997,0.24,0.51
1826,0.00026432,0.24,0.49
1827,0.00026463999999999996,0.28,0.49
1828,0.00026496,0.28,0.45
1829,0.00026527999999999995,0.24,0.45
1830,0.0002656,0.28,0.43
1831,0.00026591999999999995,0.28,0.43
1832,0.00026624,0.28,0.39
1833,0.00026655999999999994,0.28,0.37
1834,0.00026688,0.28,0.37
1835,0.00026719999999999994,0.28,0.35000000000000003
1836,0.00026752,0.28,0.35000000000000003
1837,0.00026784000000000004,0.28,0.35000000000000003
1838,0.00026816,0.32,0.33
1839,0.00026848000000000003,0.32,0.31
1840,0.0002688,0.32,0.31
1841,0.00026912,0.36,0.31
1842,0.00026943999999999997,0.32,0.31
1843,0.00026976,0.32,0.27
1844,0.00027007999999999996,0.32,0.27
1845,0.0002704,0.36,0.27
1846,0.00027071999999999996,0.32,0.27
1847,0.00027104,0.36,0.27
1848,0.00027135999999999995,0.36,0.25
1849,0.00027168,0.36,0.25
1850,0.00027199999999999994,0.36,0.25
1851,0.00027232,0.4,0.25
1852,0.00027263999999999994,0.4,0.25
1853,0.00027296,0.36,0.23
1854,0.00027328000000000004,0.36,0.23
1855,0.0002736,0.4,0.23
1856,0.00027392000000000003,0.4,0.23
1857,0.00027424,0.4,0.23
1858,0.00027456000000000003,0.44,0.23
1859,0.00027487999999999997,0.44,0.23
1860,0.0002752,0.44,0.23
1861,0.00027551999999999996,0.44,0.21
1862,0.00027584,0.44,0.23
1863,0.00027615999999999996,0.44,0.23
1864,0.00027648,0.44,0.21
1865,0.00027679999999999995,0.44,0.23
1866,0.00027712,0.44,0.23
1867,0.00027743999999999995,0.44,0.23
1868,0.00027776,0.44,0.23
1869,0.00027807999999999994,0.44,0.21
1870,0.0002784,0.48,0.21
1871,0.00027871999999999993,0.48,0.21
1872,0.00027904,0.48,0.21
1873,0.00027936000000000004,0.48,0.23
1874,0.00027968,0.48,0.21
1875,0.00028000000000000003,0.48,0.21
1876,0.00028031999999999997,0.52,0.21
1877,0.00028064,0.52,0.23
1878,0.00028095999999999997,0.52,0.23
1879,0.00028128,0.52,0.23
1880,0.00028159999999999996,0.56,0.23
1881,0.00028192,0.52,0.23
1882,0.00028223999999999995,0.52,0.23
1883,0.00028256,0.56,0.23
1884,0.00028287999999999995,0.56,0.23
1885,0.0002832,0.6,0.25
1886,0.00028351999999999994,0.56,0.23
1887,0.00028384,0.56,0.25
1888,0.00028415999999999994,0.56,0.25
1889,0.00028448,0.56,0.25
1890,0.00028480000000000004,0.6,0.25
1891,0.00028512,0.6,0.25
1892,0.00028544000000000003,0.6,0.23
1893,0.00028576,0.6,0.25
1894,0.00028608,0.6,0.25
1895,0.00028639999999999997,0.6,0.25
1896,0.00028672,0.64,0.25
1897,0.00028703999999999996,0.64,0.25
1898,0.00028736,0.64,0.27
1899,0.00028767999999999996,0.68,0.27
1900,0.000288,0.64,0.27
1901,0.00028831999999999995,0.68,0.27
1902,0.00028864,0.64,0.27
1903,0.00028895999999999994,0.68,0.27
1904,0.00028928,0.68,0.27
1905,0.00028959999999999994,0.68,0.27
1906,0.00028992,0.68,0.27
1907,0.00029024000000000004,0.68,0.29
1908,0.00029056,0.72,0.27
1909,0.00029088000000000003,0.68,0.29
1910,0.0002912,0.72,0.29
1911,0.00029152000000000003,0.72,0.29
1912,0.00029183999999999997,0.72,0.29
1913,0.00029216,0.72,0.29
1914,0.00029247999999999996,0.72,0.29
1915,0.0002928,0.76,0.31
1916,0.00029311999999999996,0.72,0.31
1917,0.00029344,0.8,0.31
1918,0.00029375999999999995,0.76,0.31
1919,0.00029408,0.76,0.33
1920,0.00029439999999999995,0.8,0.31
1921,0.00029472,0.76,0.31
1922,0.00029503999999999994,0.76,0.33
1923,0.00029536,0.8,0.33
1924,0.00029567999999999993,0.8,0.31
1925,0.000296,0.76,0.33
1926,0.00029632000000000004,0.8,0.33
1927,0.00029664,0.8,0.35000000000000003
1928,0.00029696000000000003,0.8,0.35000000000000003
1929,0.00029727999999999997,0.8,0.33
1930,0.0002976,0.8,0.33
1931,0.00029791999999999997,0.84,0.33
1932,0.00029824,0.84,0.33
1933,0.00029855999999999996,0.84,0.35000000000000003
1934,0.00029888,0.84,0.35000000000000003
1935,0.00029919999999999995,0.84,0.35000000000000003
1936,0.00029952,0.84,0.37
1937,0.00029983999999999995,0.88,0.35000000000000003
1938,0.00030016,0.88,0.35000000000000003
1939,0.00030047999999999994,0.88,0.35000000000000003
1940,0.0003008,0.88,0.37
1941,0.00030111999999999994,0.92,0.37
1942,0.00030144,0.88,0.37
1943,0.00030176000000000004,0.92,0.37
1944,0.00030208,0.92,0.37
1945,0.00030240000000000003,0.92,0.37
1946,0.00030272,0.92,0.39
1947,0.00030304,0.96,0.37
1948,0.00030335999999999997,0.96,0.39
1949,0.00030368,0.96,0.39
1950,0.00030399999999999996,0.96,0.39
1951,0.00030432,0.96,0.39
1952,0.00030463999999999996,0.96,0.41000000000000003
1953,0.00030496,0.96,0.39
1954,0.00030527999999999995,1.0,0.39
1955,0.0003056,1.0,0.39
1956,0.00030591999999999994,1.0,0.41000000000000003
1957,0.00030624,1.0,0.43
1958,0.00030655999999999994,1.0,0.41000000000000003
1959,0.00030688,1.0,0.41000000000000003
1960,0.00030720000000000004,1.04,0.41000000000000003
1961,0.00030752,1.04,0.41000000000000003
1962,0.00030784000000000003,1.04,0.43
1963,0.00030816,1.04,0.43
1964,0.00030848000000000003,1.04,0.43
1965,0.00030879999999999997,1.08,0.43
1966,0.00030912,1.04,0.45
1967,0.00030943999999999996,1.04,0.43
1968,0.00030976,1.08,0.43
1969,0.00031007999999999996,1.08,0.45
1970,0.0003104,1.08,0.47000000000000003
1971,0.00031071999999999995,1.08,0.45
1972,0.00031104,1.08,0.45
1973,0.00031135999999999995,1.08,0.45
1974,0.00031168,1.12,0.45
1975,0.00031199999999999994,1.12,0.47000000000000003
1976,0.00031232,1.12,0.47000000000000003
1977,0.00031263999999999993,1.12,0.47000000000000003
1978,0.00031296,1.12,0.47000000000000003
1979,0.00031328000000000004,1.12,0.49
1980,0.0003136,1.12,0.49
1981,0.00031392000000000003,1.12,0.47000000000000003
1982,0.00031424,1.12,0.47000000000000003
1983,0.00031456,1.16,0.49
1984,0.00031487999999999997,1.16,0.49
1985,0.0003152,1.16,0.49
1986,0.00031551999999999996,1.16,0.49
1987,0.00031584,1.16,0.49
1988,0.00031615999999999995,1.2,0.51
1989,0.00031648,1.2,0.51
1990,0.00031679999999999995,1.2,0.51
1991,0.00031712,1.2,0.51
1992,0.00031743999999999994,1.2,0.51
1993,0.00031776,1.2,0.51
1994,0.00031807999999999994,1.24,0.51
1995,0.0003184,1.24,0.51
1996,0.00031872000000000004,1.2,0.51
1997,0.00031904,1.24,0.53
1998,0.00031936000000000003,1.24,0.53
1999,0.00031968,1.24,0.53
