,time,v1,v2
0,-0.0016,3.2,1.49
1,-0.0015984,3.24,1.49
2,-0.0015968,3.24,1.51
3,-0.0015952000000000002,3.24,1.51
4,-0.0015936000000000001,3.24,1.51
5,-0.001592,3.2800000000000002,1.53
6,-0.0015904,3.2800000000000002,1.51
7,-0.0015888,3.3200000000000003,1.53
8,-0.0015872,3.3200000000000003,1.53
9,-0.0015856000000000002,3.3200000000000003,1.55
10,-0.0015840000000000001,3.36,1.55
11,-0.0015824,3.36,1.55
12,-0.0015808,3.36,1.55
13,-0.0015792,3.4,1.55
14,-0.0015776000000000002,3.4,1.57
15,-0.0015760000000000001,3.4,1.57
16,-0.0015744,3.44,1.59
17,-0.0015728,3.44,1.59
18,-0.0015712,3.44,1.59
19,-0.0015696,3.44,1.59
20,-0.0015680000000000002,3.44,1.61
21,-0.0015664000000000001,3.44,1.61
22,-0.0015648,3.48,1.61
23,-0.0015632,3.48,1.61
24,-0.0015616,3.52,1.61
25,-0.0015600000000000002,3.52,1.6300000000000001
26,-0.0015584000000000001,3.52,1.6300000000000001
27,-0.0015568000000000001,3.52,1.6300000000000001
28,-0.0015552,3.56,1.6500000000000001
29,-0.0015536,3.56,1.6500000000000001
30,-0.001552,3.56,1.6500000000000001
31,-0.0015504000000000002,3.6,1.67
32,-0.0015488000000000001,3.6,1.67
33,-0.0015472,3.6,1.69
34,-0.0015456,3.6,1.69
35,-0.001544,3.64,1.69
36,-0.0015424,3.64,1.69
37,-0.0015408000000000002,3.68,1.71
38,-0.0015392000000000001,3.68,1.71
39,-0.0015376,3.68,1.71
40,-0.001536,3.68,1.71
41,-0.0015344,3.72,1.73
42,-0.0015328000000000002,3.72,1.73
43,-0.0015312000000000001,3.72,1.73
44,-0.0015296,3.72,1.73
45,-0.001528,3.7600000000000002,1.75
46,-0.0015264,3.7600000000000002,1.75
47,-0.0015248,3.8000000000000003,1.77
48,-0.0015232000000000002,3.8000000000000003,1.77
49,-0.0015216000000000001,3.8000000000000003,1.77
50,-0.00152,3.8000000000000003,1.77
51,-0.0015184,3.84,1.79
52,-0.0015168,3.84,1.79
53,-0.0015152,3.84,1.79
54,-0.0015136000000000001,3.88,1.81
55,-0.001512,3.84,1.81
56,-0.0015104,3.88,1.81
57,-0.0015088,3.88,1.83
58,-0.0015072,3.92,1.81
59,-0.0015056000000000002,3.92,1.83
60,-0.0015040000000000001,3.92,1.85
61,-0.0015024,3.96,1.85
62,-0.0015008,3.96,1.85
63,-0.0014992,4.0,1.87
64,-0.0014976,4.0,1.85
65,-0.0014960000000000002,4.0,1.87
66,-0.0014944000000000001,4.0,1.87
67,-0.0014928,4.04,1.87
68,-0.0014912,4.04,1.8900000000000001
69,-0.0014896,4.04,1.8900000000000001
70,-0.0014880000000000002,4.04,1.8900000000000001
71,-0.0014864000000000001,4.08,1.8900000000000001
72,-0.0014848,4.08,1.9100000000000001
73,-0.0014832,4.12,1.9100000000000001
74,-0.0014816,4.12,1.9100000000000001
75,-0.00148,4.12,1.93
76,-0.0014784000000000002,4.12,1.93
77,-0.0014768000000000001,4.12,1.93
78,-0.0014752,4.16,1.95
79,-0.0014736,4.16,1.95
80,-0.001472,4.16,1.95
81,-0.0014704000000000002,4.16,1.95
82,-0.0014688000000000001,4.2,1.97
83,-0.0014672,4.2,1.97
84,-0.0014656,4.2,1.97
85,-0.001464,4.24,1.99
86,-0.0014624,4.24,1.99
87,-0.0014608000000000002,4.24,1.99
88,-0.0014592000000000001,4.24,1.99
89,-0.0014576,4.28,2.0100000000000002
90,-0.001456,4.28,2.0300000000000002
91,-0.0014544,4.28,2.0100000000000002
92,-0.0014528000000000002,4.28,2.0100000000000002
93,-0.0014512000000000001,4.32,2.0300000000000002
94,-0.0014496,4.32,2.0300000000000002
95,-0.001448,4.32,2.0300000000000002
96,-0.0014464,4.36,2.05
97,-0.0014448,4.36,2.05
98,-0.0014432000000000002,4.4,2.05
99,-0.0014416000000000001,4.4,2.07
100,-0.00144,4.4,2.07
101,-0.0014384,4.44,2.07
102,-0.0014368,4.44,2.07
103,-0.0014352000000000002,4.44,2.09
104,-0.0014336000000000002,4.48,2.09
105,-0.0014320000000000001,4.48,2.09
106,-0.0014304,4.48,2.11
107,-0.0014288,4.48,2.09
108,-0.0014272,4.5200000000000005,2.11
109,-0.0014256000000000002,4.5200000000000005,2.11
110,-0.0014240000000000001,4.5200000000000005,2.13
111,-0.0014224,4.5200000000000005,2.13
112,-0.0014208,4.5600000000000005,2.15
113,-0.0014192,4.5600000000000005,2.15
114,-0.0014176000000000002,4.6000000000000005,2.15
115,-0.0014160000000000002,4.6000000000000005,2.15
116,-0.0014144000000000001,4.6000000000000005,2.15
117,-0.0014128,4.64,2.17
118,-0.0014112,4.64,2.17
119,-0.0014096,4.64,2.19
120,-0.001408,4.64,2.19
121,-0.0014064000000000001,4.68,2.19
122,-0.0014048,4.68,2.19
123,-0.0014032,4.72,2.19
124,-0.0014016,4.72,2.19
125,-0.0014000000000000002,4.72,2.21
126,-0.0013984000000000002,4.72,2.21
127,-0.0013968000000000001,4.72,2.21
128,-0.0013952,4.76,2.23
129,-0.0013936,4.76,2.23
130,-0.001392,4.76,2.25
131,-0.0013904,4.8,2.25
132,-0.0013888000000000001,4.8,2.25
133,-0.0013872,4.84,2.25
134,-0.0013856,4.84,2.25
135,-0.001384,4.84,2.27
136,-0.0013824000000000002,4.88,2.27
137,-0.0013808000000000002,4.84,2.27
138,-0.0013792000000000001,4.88,2.29
139,-0.0013776,4.88,2.29
140,-0.001376,4.88,2.29
141,-0.0013744,4.92,2.29
142,-0.0013728,4.92,2.31
143,-0.0013712000000000002,4.96,2.31
144,-0.0013696000000000001,4.96,2.33
145,-0.001368,4.96,2.33
146,-0.0013664,4.96,2.33
147,-0.0013648,5.0,2.33
148,-0.0013632000000000002,5.0,2.33
149,-0.0013616000000000001,0.08,2.35
150,-0.00136,0.12,1.93
151,-0.0013584,0.12,1.49
152,-0.0013568,0.12,1.1500000000000001
153,-0.0013552,0.12,0.89
154,-0.0013536000000000002,0.12,0.71
155,-0.0013520000000000001,0.16,0.5700000000000001
156,-0.0013504,0.16,0.47000000000000003
157,-0.0013488,0.16,0.35000000000000003
158,-0.0013472000000000002,0.16,0.29
159,-0.0013456000000000002,0.16,0.23
160,-0.0013440000000000001,0.16,0.21
161,-0.0013424,0.2,0.19
162,-0.0013408,0.2,0.17
163,-0.0013392,0.2,0.15
164,-0.0013376,0.2,0.13
165,-0.0013360000000000002,0.24,0.11
166,-0.0013344000000000001,0.2,0.11
167,-0.0013328,0.24,0.11
168,-0.0013312,0.24,0.13
169,-0.0013296,0.28,0.11
170,-0.0013280000000000002,0.28,0.11
171,-0.0013264000000000001,0.28,0.11
172,-0.0013248000000000001,0.28,0.11
173,-0.0013232,0.32,0.13
174,-0.0013216,0.32,0.13
175,-0.00132,0.32,0.13
176,-0.0013184,0.32,0.13
177,-0.0013168000000000001,0.36,0.13
178,-0.0013152,0.36,0.15
179,-0.0013136,0.36,0.15
180,-0.001312,0.4,0.15
181,-0.0013104000000000002,0.4,0.15
182,-0.0013088000000000002,0.4,0.17
183,-0.0013072000000000001,0.4,0.17
184,-0.0013056,0.44,0.17
185,-0.001304,0.44,0.19
186,-0.0013024,0.44,0.19
187,-0.0013008,0.44,0.19
188,-0.0012992000000000001,0.44,0.19
189,-0.0012976,0.48,0.21
190,-0.001296,0.52,0.21
191,-0.0012944,0.52,0.21
192,-0.0012928000000000002,0.52,0.23
193,-0.0012912000000000002,0.52,0.23
194,-0.0012896000000000001,0.56,0.23
195,-0.001288,0.56,0.25
196,-0.0012864,0.56,0.25
197,-0.0012848,0.56,0.25
198,-0.0012832,0.6,0.27
199,-0.0012816000000000001,0.6,0.27
200,-0.00128,0.64,0.27
201,-0.0012784,0.64,0.27
202,-0.0012768,0.64,0.27
203,-0.0012752000000000002,0.68,0.27
204,-0.0012736000000000002,0.64,0.29
205,-0.0012720000000000001,0.68,0.29
206,-0.0012704,0.68,0.29
207,-0.0012688,0.68,0.31
208,-0.0012672,0.72,0.31
209,-0.0012656,0.72,0.31
210,-0.0012640000000000001,0.72,0.31
211,-0.0012624000000000001,0.72,0.33
212,-0.0012608,0.76,0.33
213,-0.0012592,0.76,0.35000000000000003
214,-0.0012576000000000002,0.8,0.33
215,-0.0012560000000000002,0.8,0.35000000000000003
216,-0.0012544000000000001,0.8,0.35000000000000003
217,-0.0012528,0.8,0.37
218,-0.0012512,0.84,0.37
219,-0.0012496,0.84,0.37
220,-0.001248,0.88,0.37
221,-0.0012464000000000002,0.84,0.39
222,-0.0012448000000000001,0.88,0.39
223,-0.0012432,0.92,0.41000000000000003
224,-0.0012416,0.92,0.39
225,-0.0012400000000000002,0.92,0.41000000000000003
226,-0.0012384000000000002,0.92,0.41000000000000003
227,-0.0012368000000000001,0.92,0.41000000000000003
228,-0.0012352,0.96,0.43
229,-0.0012336,0.96,0.45
230,-0.001232,1.0,0.43
231,-0.0012304,1.0,0.45
232,-0.0012288000000000002,1.0,0.45
233,-0.0012272000000000001,1.04,0.45
234,-0.0012256,1.04,0.45
235,-0.001224,1.04,0.45
236,-0.0012224000000000002,1.04,0.47000000000000003
237,-0.0012208000000000002,1.08,0.49
238,-0.0012192000000000001,1.08,0.47000000000000003
239,-0.0012176,1.08,0.49
240,-0.001216,1.12,0.49
241,-0.0012144,1.12,0.49
242,-0.0012128,1.12,0.51
243,-0.0012112000000000002,1.16,0.51
244,-0.0012096000000000001,1.16,0.51
245,-0.001208,1.16,0.51
246,-0.0012064,1.16,0.53
247,-0.0012048000000000002,1.2,0.53
248,-0.0012032000000000002,1.2,0.55
249,-0.0012016000000000002,1.2,0.55
250,-0.0012000000000000001,1.2,0.55
251,-0.0011984,1.24,0.55
252,-0.0011968,1.24,0.55
253,-0.0011952,1.24,0.5700000000000001
254,-0.0011936000000000002,1.28,0.5700000000000001
255,-0.0011920000000000001,1.28,0.5700000000000001
256,-0.0011904,1.32,0.59
257,-0.0011888,1.32,0.5700000000000001
258,-0.0011872,1.28,0.59
259,-0.0011856000000000002,1.32,0.59
260,-0.0011840000000000002,1.32,0.61
261,-0.0011824000000000001,1.32,0.61
262,-0.0011808,1.36,0.61
263,-0.0011792,1.36,0.61
264,-0.0011776,1.36,0.61
265,-0.001176,1.4000000000000001,0.63
266,-0.0011744000000000001,1.4000000000000001,0.63
267,-0.0011728,1.44,0.65
268,-0.0011712,1.44,0.63
269,-0.0011696,1.44,0.65
270,-0.0011680000000000002,1.44,0.65
271,-0.0011664000000000002,1.48,0.67
272,-0.0011648000000000001,1.48,0.67
273,-0.0011632,1.52,0.67
274,-0.0011616,1.48,0.67
275,-0.00116,1.52,0.6900000000000001
276,-0.0011584,1.52,0.6900000000000001
277,-0.0011568000000000001,1.56,0.6900000000000001
278,-0.0011552,1.56,0.6900000000000001
279,-0.0011536,1.6,0.71
280,-0.001152,1.6,0.71
281,-0.0011504000000000002,1.6,0.71
282,-0.0011488000000000002,1.6,0.71
283,-0.0011472000000000001,1.6,0.73
284,-0.0011456,1.6,0.75
285,-0.001144,1.6400000000000001,0.75
286,-0.0011424,1.6400000000000001,0.75
287,-0.0011408,1.6400000000000001,0.75
288,-0.0011392000000000002,1.68,0.75
289,-0.0011376000000000001,1.72,0.77
290,-0.001136,1.68,0.77
291,-0.0011344,1.68,0.77
292,-0.0011328000000000002,1.72,0.79
293,-0.0011312000000000002,1.72,0.79
294,-0.0011296000000000001,1.76,0.79
295,-0.001128,1.8,0.81
296,-0.0011264,1.8,0.81
297,-0.0011248,1.8,0.81
298,-0.0011232,1.8,0.81
299,-0.0011216000000000002,1.8,0.81
300,-0.0011200000000000001,1.84,0.81
301,-0.0011184,1.84,0.8300000000000001
302,-0.0011168,1.84,0.8300000000000001
303,-0.0011152000000000002,1.8800000000000001,0.8300000000000001
304,-0.0011136000000000002,1.8800000000000001,0.85
305,-0.0011120000000000001,1.92,0.85
306,-0.0011104,1.8800000000000001,0.87
307,-0.0011088,1.92,0.87
308,-0.0011072,1.92,0.87
309,-0.0011056,1.96,0.89
310,-0.001104,1.92,0.87
311,-0.0011024000000000001,1.96,0.89
312,-0.0011008,1.96,0.89
313,-0.0010992,1.96,0.89
314,-0.0010976000000000002,2.0,0.91
315,-0.0010960000000000002,2.0,0.91
316,-0.0010944000000000001,2.0,0.91
317,-0.0010928,2.04,0.91
318,-0.0010912,2.04,0.93
319,-0.0010896,2.08,0.93
320,-0.001088,2.08,0.9500000000000001
321,-0.0010864,2.08,0.93
322,-0.0010848000000000001,2.08,0.9500000000000001
323,-0.0010832,2.12,0.9500000000000001
324,-0.0010816,2.08,0.9500000000000001
325,-0.0010800000000000002,2.12,0.97
326,-0.0010784000000000002,2.12,0.9500000000000001
327,-0.0010768000000000002,2.16,0.97
328,-0.0010752000000000001,2.16,0.99
329,-0.0010736,2.16,0.99
330,-0.001072,2.2,0.99
331,-0.0010704,2.2,0.99
332,-0.0010688,2.2,1.01
333,-0.0010672000000000001,2.24,1.03
334,-0.0010656,2.2,1.01
335,-0.001064,2.24,1.03
336,-0.0010624000000000002,2.24,1.03
337,-0.0010608000000000002,2.2800000000000002,1.03
338,-0.0010592000000000002,2.2800000000000002,1.03
339,-0.0010576000000000001,2.2800000000000002,1.03
340,-0.001056,2.32,1.05
341,-0.0010544,2.32,1.05
342,-0.0010528,2.36,1.05
343,-0.0010512,2.36,1.07
344,-0.0010496000000000001,2.36,1.07
345,-0.001048,2.4,1.09
346,-0.0010464,2.4,1.07
347,-0.0010448000000000002,2.4,1.09
348,-0.0010432000000000002,2.4,1.09
349,-0.0010416000000000002,2.44,1.09
350,-0.0010400000000000001,2.44,1.11
351,-0.0010384,2.44,1.11
352,-0.0010368,2.44,1.11
353,-0.0010352,2.48,1.11
354,-0.0010336,2.44,1.1300000000000001
355,-0.0010320000000000001,2.48,1.1300000000000001
356,-0.0010304000000000001,2.52,1.1300000000000001
357,-0.0010288,2.52,1.1500000000000001
358,-0.0010272000000000002,2.52,1.1500000000000001
359,-0.0010256000000000002,2.56,1.1500000000000001
360,-0.0010240000000000002,2.52,1.17
361,-0.0010224000000000001,2.52,1.17
362,-0.0010208,2.6,1.17
363,-0.0010192,2.6,1.19
364,-0.0010176,2.6,1.19
365,-0.001016,2.6,1.19
366,-0.0010144000000000002,2.6,1.19
367,-0.0010128000000000001,2.6,1.21
368,-0.0010112,2.64,1.21
369,-0.0010096000000000003,2.64,1.21
370,-0.0010080000000000002,2.64,1.21
371,-0.0010064000000000002,2.68,1.23
372,-0.0010048000000000001,2.68,1.23
373,-0.0010032,2.68,1.23
374,-0.0010016,2.72,1.23
375,-0.001,2.7600000000000002,1.25
376,-0.0009984,2.7600000000000002,1.25
377,-0.0009968,2.7600000000000002,1.25
378,-0.0009952000000000001,2.7600000000000002,1.27
379,-0.0009936,2.7600000000000002,1.27
380,-0.0009920000000000003,2.8000000000000003,1.29
381,-0.0009904000000000002,2.8000000000000003,1.29
382,-0.0009888000000000002,2.8000000000000003,1.29
383,-0.0009872000000000001,2.84,1.29
384,-0.0009856,2.84,1.29
385,-0.000984,2.88,1.31
386,-0.0009824,2.88,1.31
387,-0.0009808,2.88,1.33
388,-0.0009792,2.88,1.33
389,-0.0009776000000000001,2.88,1.33
390,-0.0009760000000000001,2.88,1.33
391,-0.0009744000000000002,2.92,1.33
392,-0.0009728000000000001,2.92,1.33
393,-0.0009712000000000001,2.92,1.35
394,-0.0009696000000000001,2.96,1.35
395,-0.0009680000000000001,2.96,1.37
396,-0.0009664000000000001,2.96,1.37
397,-0.0009648000000000001,2.96,1.37
398,-0.0009632000000000001,3.0,1.37
399,-0.0009616000000000001,3.0,1.37
400,-0.0009600000000000001,3.0,1.3900000000000001
401,-0.0009584000000000001,3.04,1.41
402,-0.0009568000000000001,3.08,1.41
403,-0.0009552000000000001,3.04,1.41
404,-0.0009536000000000001,3.08,1.43
405,-0.0009520000000000002,3.08,1.41
406,-0.0009504000000000001,3.08,1.43
407,-0.0009488000000000001,3.12,1.43
408,-0.0009472000000000001,3.12,1.45
409,-0.0009456000000000001,3.12,1.45
410,-0.0009440000000000001,3.12,1.45
411,-0.0009424000000000001,3.16,1.45
412,-0.0009408000000000001,3.2,1.45
413,-0.0009392000000000001,3.16,1.47
414,-0.0009376000000000001,3.2,1.47
415,-0.0009360000000000001,3.24,1.49
416,-0.0009344000000000002,3.24,1.49
417,-0.0009328000000000001,3.2,1.51
418,-0.0009312000000000001,3.24,1.49
419,-0.0009296000000000002,3.24,1.51
420,-0.0009280000000000001,3.2800000000000002,1.51
421,-0.0009264000000000001,3.2800000000000002,1.51
422,-0.0009248000000000001,3.2800000000000002,1.51
423,-0.0009232000000000001,3.2800000000000002,1.53
424,-0.0009216000000000001,3.3200000000000003,1.53
425,-0.0009200000000000001,3.3200000000000003,1.53
426,-0.0009184000000000001,3.3200000000000003,1.55
427,-0.0009168000000000001,3.36,1.55
428,-0.0009152000000000001,3.36,1.55
429,-0.0009136000000000001,3.36,1.55
430,-0.0009120000000000002,3.36,1.57
431,-0.0009104000000000001,3.4,1.57
432,-0.0009088000000000001,3.36,1.59
433,-0.0009072000000000002,3.4,1.59
434,-0.0009056000000000001,3.44,1.59
435,-0.0009040000000000001,3.44,1.61
436,-0.0009024000000000001,3.48,1.59
437,-0.0009008000000000001,3.48,1.6300000000000001
438,-0.0008992000000000001,3.48,1.6300000000000001
439,-0.0008976000000000001,3.48,1.61
440,-0.0008960000000000001,3.48,1.61
441,-0.0008944000000000001,3.52,1.6300000000000001
442,-0.0008928000000000001,3.52,1.6300000000000001
443,-0.0008912000000000001,3.52,1.6300000000000001
444,-0.0008896000000000002,3.52,1.6500000000000001
445,-0.0008880000000000001,3.56,1.6500000000000001
446,-0.0008864000000000001,3.56,1.6500000000000001
447,-0.0008848000000000001,3.6,1.67
448,-0.0008832000000000001,3.6,1.67
449,-0.0008816000000000001,3.64,1.69
450,-0.0008800000000000001,3.64,1.67
451,-0.0008784000000000001,3.64,1.69
452,-0.0008768000000000001,3.64,1.69
453,-0.0008752000000000001,3.64,1.69
454,-0.0008736000000000001,3.64,1.71
455,-0.0008720000000000002,3.68,1.71
456,-0.0008704000000000001,3.68,1.71
457,-0.0008688000000000001,3.72,1.71
458,-0.0008672000000000002,3.72,1.73
459,-0.0008656000000000001,3.72,1.73
460,-0.0008640000000000001,3.7600000000000002,1.75
461,-0.0008624000000000001,3.72,1.75
462,-0.0008608000000000001,3.7600000000000002,1.75
463,-0.0008592000000000001,3.8000000000000003,1.75
464,-0.0008576000000000001,3.7600000000000002,1.77
465,-0.0008560000000000001,3.8000000000000003,1.77
466,-0.0008544000000000001,3.8000000000000003,1.77
467,-0.0008528000000000001,3.84,1.77
468,-0.0008512000000000001,3.84,1.77
469,-0.0008496000000000002,3.84,1.79
470,-0.0008480000000000001,3.84,1.81
471,-0.0008464000000000001,3.84,1.81
472,-0.0008448000000000002,3.88,1.81
473,-0.0008432000000000001,3.92,1.81
474,-0.0008416000000000001,3.88,1.81
475,-0.0008400000000000001,3.92,1.81
476,-0.0008384000000000001,3.96,1.83
477,-0.0008368000000000001,3.92,1.85
478,-0.0008352000000000001,3.96,1.85
479,-0.0008336000000000001,3.96,1.85
480,-0.0008320000000000001,4.0,1.85
481,-0.0008304000000000001,4.0,1.87
482,-0.0008288000000000001,4.0,1.87
483,-0.0008272000000000002,4.0,1.87
484,-0.0008256000000000001,4.04,1.8900000000000001
485,-0.0008240000000000001,4.08,1.8900000000000001
486,-0.0008224000000000001,4.04,1.8900000000000001
487,-0.0008208000000000001,4.04,1.8900000000000001
488,-0.0008192000000000001,4.08,1.9100000000000001
489,-0.0008176000000000001,4.08,1.9100000000000001
490,-0.0008160000000000001,4.12,1.9100000000000001
491,-0.0008144000000000001,4.12,1.93
492,-0.0008128000000000001,4.12,1.93
493,-0.0008112000000000001,4.16,1.93
494,-0.0008096000000000002,4.16,1.93
495,-0.0008080000000000001,4.16,1.93
496,-0.0008064000000000001,4.2,1.95
497,-0.0008048000000000002,4.16,1.95
498,-0.0008032000000000001,4.16,1.97
499,-0.0008016000000000001,4.2,1.97
500,-0.0008000000000000001,4.2,1.97
501,-0.0007984000000000001,4.24,1.97
502,-0.0007968000000000001,4.24,1.97
503,-0.0007952000000000001,4.24,1.97
504,-0.0007936000000000001,4.24,1.99
505,-0.0007920000000000001,4.24,2.0100000000000002
506,-0.0007904000000000001,4.28,2.0100000000000002
507,-0.0007888000000000001,4.28,2.0100000000000002
508,-0.0007872000000000002,4.28,2.0300000000000002
509,-0.0007856000000000001,4.32,2.0100000000000002
510,-0.0007840000000000001,4.32,2.0300000000000002
511,-0.0007824000000000002,4.36,2.0300000000000002
512,-0.0007808000000000001,4.36,2.0300000000000002
513,-0.0007792000000000001,4.36,2.05
514,-0.0007776000000000001,4.4,2.05
515,-0.0007760000000000001,4.36,2.05
516,-0.0007744000000000001,4.4,2.05
517,-0.0007728000000000001,4.4,2.07
518,-0.0007712000000000001,4.44,2.07
519,-0.0007696000000000002,4.44,2.09
520,-0.0007680000000000001,4.44,2.09
521,-0.0007664000000000001,4.48,2.09
522,-0.0007648000000000002,4.48,2.09
523,-0.0007632000000000001,4.48,2.09
524,-0.0007616000000000001,4.5200000000000005,2.11
525,-0.0007600000000000002,4.5200000000000005,2.13
526,-0.0007584000000000001,4.5200000000000005,2.13
527,-0.0007568000000000001,4.5600000000000005,2.13
528,-0.0007552000000000001,4.5600000000000005,2.15
529,-0.0007536000000000001,4.5600000000000005,2.15
530,-0.0007520000000000001,4.5600000000000005,2.15
531,-0.0007504000000000001,4.6000000000000005,2.15
532,-0.0007488000000000001,4.6000000000000005,2.15
533,-0.0007472000000000002,4.6000000000000005,2.15
534,-0.0007456000000000001,4.64,2.17
535,-0.0007440000000000001,4.64,2.17
536,-0.0007424000000000002,4.64,2.19
537,-0.0007408000000000001,4.68,2.19
538,-0.0007392000000000001,4.68,2.19
539,-0.0007376000000000001,4.68,2.19
540,-0.0007360000000000001,4.72,2.21
541,-0.0007344000000000001,4.72,2.21
542,-0.0007328000000000001,4.72,2.21
543,-0.0007312000000000001,4.72,2.21
544,-0.0007296000000000002,4.72,2.21
545,-0.0007280000000000001,4.76,2.23
546,-0.0007264000000000001,4.76,2.23
547,-0.0007248000000000002,4.8,2.23
548,-0.0007232000000000001,4.8,2.25
549,-0.0007216000000000001,4.8,2.25
550,-0.0007200000000000002,4.8,2.27
551,-0.0007184000000000001,4.8,2.25
552,-0.0007168000000000001,4.84,2.27
553,-0.0007152000000000001,4.84,2.27
554,-0.0007136000000000001,4.88,2.29
555,-0.0007120000000000001,4.88,2.29
556,-0.0007104000000000001,4.88,2.29
557,-0.0007088000000000001,4.92,2.29
558,-0.0007072000000000002,4.92,2.31
559,-0.0007056000000000001,4.92,2.31
560,-0.0007040000000000001,4.92,2.31
561,-0.0007024000000000002,4.96,2.31
562,-0.0007008000000000001,4.96,2.33
563,-0.0006992000000000001,5.0,2.33
564,-0.0006976000000000002,5.0,2.33
565,-0.0006960000000000001,5.0,2.35
566,-0.0006944000000000001,0.08,2.25
567,-0.0006928000000000001,0.12,1.77
568,-0.0006912000000000001,0.12,1.37
569,-0.0006896000000000001,0.12,1.07
570,-0.0006880000000000001,0.16,0.85
571,-0.0006864000000000001,0.16,0.65
572,-0.0006848000000000002,0.12,0.53
573,-0.0006832000000000001,0.12,0.41000000000000003
574,-0.0006816000000000001,0.16,0.33
575,-0.0006800000000000002,0.16,0.27
576,-0.0006784000000000001,0.16,0.23
577,-0.0006768000000000001,0.16,0.19
578,-0.0006752000000000001,0.2,0.17
579,-0.0006736000000000001,0.2,0.15
580,-0.0006720000000000001,0.2,0.13
581,-0.0006704000000000001,0.2,0.11
582,-0.0006688000000000001,0.24,0.11
583,-0.0006672000000000002,0.24,0.11
584,-0.0006656000000000001,0.24,0.13
585,-0.0006640000000000001,0.28,0.11
586,-0.0006624000000000002,0.24,0.11
587,-0.0006608000000000001,0.28,0.11
588,-0.0006592000000000001,0.28,0.11
589,-0.0006576000000000002,0.28,0.13
590,-0.0006560000000000001,0.32,0.11
591,-0.0006544000000000001,0.32,0.13
592,-0.0006528000000000001,0.32,0.13
593,-0.0006512000000000001,0.32,0.13
594,-0.0006496000000000001,0.36,0.13
595,-0.0006480000000000001,0.36,0.15
596,-0.0006464000000000001,0.4,0.15
597,-0.0006448000000000002,0.4,0.15
598,-0.0006432000000000001,0.4,0.15
599,-0.0006416000000000001,0.44,0.17
600,-0.0006400000000000002,0.44,0.17
601,-0.0006384000000000001,0.44,0.19
602,-0.0006368000000000001,0.44,0.19
603,-0.0006352000000000002,0.44,0.19
604,-0.0006336000000000001,0.48,0.19
605,-0.0006320000000000001,0.48,0.19
606,-0.0006304000000000001,0.48,0.21
607,-0.0006288000000000001,0.48,0.21
608,-0.0006272000000000001,0.52,0.23
609,-0.0006256000000000001,0.52,0.23
610,-0.0006240000000000001,0.56,0.23
611,-0.0006224000000000002,0.6,0.23
612,-0.0006208000000000001,0.56,0.23
613,-0.0006192000000000001,0.56,0.25
614,-0.0006176,0.56,0.25
615,-0.0006160000000000002,0.6,0.25
616,-0.0006144000000000002,0.6,0.27
617,-0.0006128000000000002,0.64,0.25
618,-0.0006112000000000001,0.6,0.29
619,-0.0006096000000000001,0.64,0.27
620,-0.000608,0.64,0.27
621,-0.0006064000000000002,0.64,0.29
622,-0.0006048000000000002,0.68,0.31
623,-0.0006032000000000001,0.68,0.29
624,-0.0006016000000000001,0.72,0.31
625,-0.0006000000000000001,0.72,0.31
626,-0.0005984,0.72,0.33
627,-0.0005968000000000002,0.72,0.31
628,-0.0005952000000000002,0.76,0.33
629,-0.0005936000000000001,0.76,0.33
630,-0.0005920000000000001,0.76,0.33
631,-0.0005904,0.8,0.35000000000000003
632,-0.0005888000000000002,0.8,0.35000000000000003
633,-0.0005872000000000002,0.84,0.35000000000000003
634,-0.0005856000000000001,0.84,0.35000000000000003
635,-0.0005840000000000001,0.84,0.37
636,-0.0005824000000000001,0.84,0.39
637,-0.0005808,0.84,0.37
638,-0.0005792000000000002,0.88,0.39
639,-0.0005776000000000002,0.88,0.39
640,-0.0005760000000000001,0.92,0.39
641,-0.0005744000000000001,0.88,0.39
642,-0.0005728,0.92,0.41000000000000003
643,-0.0005712000000000002,0.92,0.41000000000000003
644,-0.0005696000000000002,0.92,0.41000000000000003
645,-0.0005680000000000001,0.96,0.41000000000000003
646,-0.0005664000000000001,0.96,0.43
647,-0.0005648000000000001,1.0,0.45
648,-0.0005632,1.0,0.45
649,-0.0005616000000000002,1.0,0.45
650,-0.0005600000000000002,1.0,0.45
651,-0.0005584000000000001,1.04,0.47000000000000003
652,-0.0005568000000000001,1.04,0.45
653,-0.0005552,1.08,0.47000000000000003
654,-0.0005536000000000002,1.08,0.47000000000000003
655,-0.0005520000000000002,1.08,0.47000000000000003
656,-0.0005504000000000002,1.08,0.49
657,-0.0005488000000000001,1.12,0.51
658,-0.0005472000000000001,1.12,0.51
659,-0.0005456,1.12,0.49
660,-0.0005440000000000002,1.16,0.51
661,-0.0005424000000000002,1.16,0.51
662,-0.0005408000000000001,1.16,0.51
663,-0.0005392000000000001,1.16,0.53
664,-0.0005376000000000001,1.2,0.53
665,-0.000536,1.2,0.55
666,-0.0005344000000000002,1.2,0.55
667,-0.0005328000000000002,1.24,0.55
668,-0.0005312000000000001,1.24,0.55
669,-0.0005296000000000001,1.24,0.55
670,-0.000528,1.24,0.5700000000000001
671,-0.0005264000000000002,1.24,0.59
672,-0.0005248000000000002,1.28,0.5700000000000001
673,-0.0005232000000000001,1.28,0.5700000000000001
674,-0.0005216000000000001,1.28,0.59
675,-0.0005200000000000001,1.32,0.59
676,-0.0005184,1.32,0.59
677,-0.0005168000000000002,1.36,0.61
678,-0.0005152000000000002,1.36,0.61
679,-0.0005136000000000001,1.36,0.61
680,-0.0005120000000000001,1.36,0.63
681,-0.0005104,1.4000000000000001,0.63
682,-0.0005088000000000002,1.36,0.63
683,-0.0005072000000000002,1.44,0.63
684,-0.0005056000000000001,1.4000000000000001,0.63
685,-0.0005040000000000001,1.48,0.65
686,-0.0005024000000000001,1.44,0.65
687,-0.0005008,1.44,0.65
688,-0.0004992000000000002,1.48,0.67
689,-0.0004976000000000002,1.48,0.67
690,-0.0004960000000000001,1.48,0.67
691,-0.0004944000000000001,1.52,0.6900000000000001
692,-0.0004928,1.52,0.6900000000000001
693,-0.0004912000000000002,1.52,0.6900000000000001
694,-0.0004896000000000002,1.52,0.6900000000000001
695,-0.00048800000000000015,1.56,0.71
696,-0.0004864000000000001,1.56,0.71
697,-0.0004848000000000001,1.6,0.71
698,-0.00048320000000000004,1.6,0.73
699,-0.0004816000000000002,1.6,0.73
700,-0.0004800000000000002,1.6400000000000001,0.73
701,-0.00047840000000000014,1.6400000000000001,0.73
702,-0.0004768000000000001,1.6400000000000001,0.75
703,-0.00047520000000000006,1.68,0.75
704,-0.0004736,1.68,0.75
705,-0.0004720000000000002,1.68,0.77
706,-0.00047040000000000016,1.68,0.77
707,-0.0004688000000000001,1.68,0.77
708,-0.0004672000000000001,1.72,0.77
709,-0.00046560000000000004,1.76,0.79
710,-0.0004640000000000002,1.76,0.79
711,-0.0004624000000000002,1.76,0.79
712,-0.00046080000000000014,1.76,0.79
713,-0.0004592000000000001,1.76,0.79
714,-0.00045760000000000006,1.8,0.81
715,-0.000456,1.76,0.81
716,-0.0004544000000000002,1.84,0.8300000000000001
717,-0.00045280000000000016,1.84,0.8300000000000001
718,-0.0004512000000000001,1.84,0.8300000000000001
719,-0.0004496000000000001,1.84,0.85
720,-0.00044800000000000005,1.8800000000000001,0.85
721,-0.0004464000000000002,1.8800000000000001,0.85
722,-0.0004448000000000002,1.8800000000000001,0.85
723,-0.00044320000000000015,1.8800000000000001,0.87
724,-0.0004416000000000001,1.8800000000000001,0.87
725,-0.00044000000000000007,1.92,0.87
726,-0.00043840000000000003,1.92,0.87
727,-0.0004368000000000002,1.96,0.89
728,-0.00043520000000000017,2.0,0.89
729,-0.00043360000000000013,2.0,0.89
730,-0.0004320000000000001,2.0,0.91
731,-0.00043040000000000005,2.0,0.91
732,-0.00042880000000000023,2.04,0.91
733,-0.0004272000000000002,2.04,0.91
734,-0.00042560000000000015,2.04,0.91
735,-0.0004240000000000001,2.04,0.93
736,-0.0004224000000000001,2.04,0.93
737,-0.00042080000000000004,2.08,0.9500000000000001
738,-0.0004192000000000002,2.08,0.9500000000000001
739,-0.0004176000000000002,2.08,0.9500000000000001
740,-0.00041600000000000014,2.12,0.9500000000000001
741,-0.0004144000000000001,2.12,0.9500000000000001
742,-0.00041280000000000006,2.12,0.97
743,-0.00041120000000000024,2.12,0.97
744,-0.0004096000000000002,2.16,0.97
745,-0.00040800000000000016,2.2,0.99
746,-0.0004064000000000001,2.16,0.99
747,-0.0004048000000000001,2.2,0.99
748,-0.00040320000000000004,2.2,1.01
749,-0.0004016000000000002,2.2,1.01
750,-0.0004000000000000002,2.2,1.03
751,-0.00039840000000000014,2.24,1.01
752,-0.0003968000000000001,2.24,1.03
753,-0.00039520000000000007,2.24,1.03
754,-0.0003936,2.24,1.03
755,-0.0003920000000000002,2.2800000000000002,1.03
756,-0.00039040000000000017,2.2800000000000002,1.05
757,-0.0003888000000000001,2.2800000000000002,1.05
758,-0.0003872000000000001,2.32,1.05
759,-0.00038560000000000005,2.32,1.05
760,-0.0003840000000000002,2.32,1.07
761,-0.0003824000000000002,2.4,1.07
762,-0.00038080000000000015,2.36,1.09
763,-0.0003792000000000001,2.4,1.07
764,-0.00037760000000000007,2.4,1.09
765,-0.00037600000000000003,2.4,1.09
766,-0.0003744000000000002,2.44,1.11
767,-0.00037280000000000017,2.44,1.09
768,-0.00037120000000000013,2.44,1.11
769,-0.0003696000000000001,2.44,1.11
770,-0.00036800000000000005,2.44,1.1300000000000001
771,-0.00036640000000000023,2.48,1.1300000000000001
772,-0.0003648000000000002,2.48,1.1300000000000001
773,-0.00036320000000000015,2.48,1.1500000000000001
774,-0.0003616000000000001,2.48,1.1500000000000001
775,-0.0003600000000000001,2.52,1.1500000000000001
776,-0.00035840000000000004,2.52,1.1500000000000001
777,-0.0003568000000000002,2.52,1.17
778,-0.0003552000000000002,2.56,1.17
779,-0.00035360000000000014,2.56,1.17
780,-0.0003520000000000001,2.56,1.19
781,-0.00035040000000000006,2.6,1.19
782,-0.00034880000000000024,2.6,1.19
783,-0.0003472000000000002,2.6,1.21
784,-0.00034560000000000016,2.6,1.19
785,-0.0003440000000000001,2.64,1.21
786,-0.0003424000000000001,2.64,1.21
787,-0.00034080000000000004,2.68,1.21
788,-0.0003392000000000002,2.68,1.23
789,-0.0003376000000000002,2.68,1.23
790,-0.00033600000000000014,2.68,1.23
791,-0.0003344000000000001,2.68,1.25
792,-0.00033280000000000007,2.72,1.25
793,-0.00033120000000000003,2.72,1.25
794,-0.0003296000000000002,2.8000000000000003,1.27
795,-0.00032800000000000017,2.72,1.27
796,-0.00032640000000000013,2.7600000000000002,1.27
797,-0.0003248000000000001,2.7600000000000002,1.29
798,-0.00032320000000000005,2.7600000000000002,1.27
799,-0.00032160000000000023,2.8000000000000003,1.29
800,-0.0003200000000000002,2.8000000000000003,1.29
801,-0.00031840000000000015,2.84,1.31
802,-0.0003168000000000001,2.84,1.31
803,-0.00031520000000000007,2.88,1.31
804,-0.00031360000000000003,2.88,1.33
805,-0.0003120000000000002,2.88,1.33
806,-0.00031040000000000017,2.88,1.33
807,-0.00030880000000000013,2.92,1.33
808,-0.0003072000000000001,2.92,1.35
809,-0.00030560000000000006,2.96,1.35
810,-0.00030400000000000023,2.96,1.35
811,-0.0003024000000000002,2.96,1.37
812,-0.00030080000000000016,2.96,1.37
813,-0.0002992000000000001,2.96,1.37
814,-0.0002976000000000001,3.0,1.37
815,-0.00029600000000000004,3.0,1.37
816,-0.0002944000000000002,3.0,1.3900000000000001
817,-0.0002928000000000002,3.0,1.3900000000000001
818,-0.00029120000000000014,3.04,1.3900000000000001
819,-0.0002896000000000001,3.08,1.41
820,-0.00028800000000000006,3.04,1.41
821,-0.00028640000000000024,3.08,1.41
822,-0.0002848000000000002,3.08,1.41
823,-0.00028320000000000016,3.08,1.43
824,-0.0002816000000000001,3.12,1.43
825,-0.0002800000000000001,3.12,1.43
826,-0.00027840000000000005,3.12,1.43
827,-0.0002768000000000002,3.16,1.45
828,-0.0002752000000000002,3.16,1.45
829,-0.00027360000000000015,3.2,1.45
830,-0.0002720000000000001,3.16,1.47
831,-0.00027040000000000007,3.2,1.49
832,-0.00026880000000000025,3.2,1.47
833,-0.0002672000000000002,3.2,1.49
834,-0.00026560000000000017,3.2,1.49
835,-0.00026400000000000013,3.24,1.49
836,-0.0002624000000000001,3.24,1.49
837,-0.00026080000000000005,3.24,1.51
838,-0.00025920000000000023,3.2800000000000002,1.51
839,-0.0002576000000000002,3.3200000000000003,1.51
840,-0.00025600000000000015,3.3200000000000003,1.53
841,-0.0002544000000000001,3.3200000000000003,1.53
842,-0.0002528000000000001,3.3200000000000003,1.55
843,-0.00025120000000000003,3.3200000000000003,1.53
844,-0.0002496000000000002,3.36,1.55
845,-0.0002480000000000002,3.36,1.57
846,-0.00024640000000000013,3.36,1.55
847,-0.0002448000000000001,3.4,1.57
848,-0.00024320000000000006,3.4,1.57
849,-0.00024160000000000023,3.4,1.57
850,-0.0002400000000000002,3.4,1.57
851,-0.00023840000000000016,3.4,1.59
852,-0.00023680000000000012,3.44,1.59
853,-0.00023520000000000008,3.44,1.61
854,-0.00023360000000000004,3.48,1.61
855,-0.00023200000000000022,3.48,1.6300000000000001
856,-0.00023040000000000018,3.48,1.61
857,-0.00022880000000000014,3.52,1.61
858,-0.0002272000000000001,3.52,1.6300000000000001
859,-0.00022560000000000006,3.52,1.6300000000000001
860,-0.00022400000000000024,3.52,1.6500000000000001
861,-0.0002224000000000002,3.56,1.6500000000000001
862,-0.00022080000000000016,3.56,1.6500000000000001
863,-0.00021920000000000012,3.56,1.67
864,-0.00021760000000000009,3.6,1.67
865,-0.00021600000000000005,3.6,1.69
866,-0.00021440000000000022,3.64,1.67
867,-0.00021280000000000019,3.64,1.69
868,-0.00021120000000000015,3.64,1.69
869,-0.0002096000000000001,3.64,1.69
870,-0.00020800000000000007,3.68,1.71
871,-0.00020640000000000025,3.68,1.69
872,-0.0002048000000000002,3.68,1.71
873,-0.00020320000000000017,3.72,1.71
874,-0.00020160000000000013,3.72,1.73
875,-0.0002000000000000001,3.72,1.73
876,-0.00019840000000000005,3.72,1.75
877,-0.00019680000000000023,3.7600000000000002,1.75
878,-0.0001952000000000002,3.7600000000000002,1.75
879,-0.00019360000000000015,3.7600000000000002,1.75
880,-0.0001920000000000001,3.8000000000000003,1.77
881,-0.00019040000000000007,3.8000000000000003,1.77
882,-0.00018880000000000004,3.8000000000000003,1.77
883,-0.0001872000000000002,3.84,1.77
884,-0.00018560000000000017,3.8000000000000003,1.79
885,-0.00018400000000000014,3.84,1.79
886,-0.0001824000000000001,3.84,1.79
887,-0.00018080000000000006,3.88,1.79
888,-0.00017920000000000024,3.88,1.79
889,-0.0001776000000000002,3.88,1.81
890,-0.00017600000000000016,3.88,1.83
891,-0.00017440000000000012,3.92,1.83
892,-0.00017280000000000008,3.92,1.83
893,-0.00017120000000000004,3.92,1.83
894,-0.00016960000000000022,3.92,1.85
895,-0.00016800000000000018,3.96,1.85
896,-0.00016640000000000014,3.96,1.85
897,-0.0001648000000000001,3.96,1.87
898,-0.00016320000000000006,4.0,1.87
899,-0.00016160000000000024,4.0,1.87
900,-0.0001600000000000002,4.0,1.87
901,-0.00015840000000000016,4.04,1.8900000000000001
902,-0.00015680000000000013,4.04,1.8900000000000001
903,-0.00015520000000000009,4.04,1.8900000000000001
904,-0.00015360000000000005,4.04,1.8900000000000001
905,-0.00015200000000000023,4.08,1.9100000000000001
906,-0.00015040000000000019,4.08,1.9100000000000001
907,-0.00014880000000000015,4.08,1.9100000000000001
908,-0.0001472000000000001,4.12,1.93
909,-0.00014560000000000007,4.12,1.93
910,-0.00014400000000000025,4.12,1.93
911,-0.0001424000000000002,4.16,1.93
912,-0.00014080000000000017,4.16,1.93
913,-0.00013920000000000013,4.16,1.95
914,-0.0001376000000000001,4.16,1.95
915,-0.00013600000000000005,4.2,1.97
916,-0.00013440000000000023,4.2,1.97
917,-0.0001328000000000002,4.2,1.97
918,-0.00013120000000000015,4.24,1.97
919,-0.00012960000000000011,4.28,1.99
920,-0.00012800000000000008,4.24,1.99
921,-0.00012640000000000004,4.28,1.99
922,-0.00012480000000000021,4.28,2.0100000000000002
923,-0.00012320000000000018,4.28,2.0100000000000002
924,-0.00012160000000000014,4.32,2.0100000000000002
925,-0.0001200000000000001,4.32,2.0300000000000002
926,-0.00011840000000000006,4.32,2.0100000000000002
927,-0.00011680000000000024,4.36,2.05
928,-0.0001152000000000002,4.32,2.0300000000000002
929,-0.00011360000000000016,4.36,2.0300000000000002
930,-0.00011200000000000012,4.36,2.05
931,-0.00011040000000000008,4.4,2.05
932,-0.00010880000000000004,4.4,2.05
933,-0.00010720000000000022,4.44,2.07
934,-0.00010560000000000018,4.44,2.07
935,-0.00010400000000000014,4.4,2.07
936,-0.0001024000000000001,4.48,2.07
937,-0.00010080000000000006,4.44,2.09
938,-9.920000000000024e-05,4.48,2.09
939,-9.76000000000002e-05,4.48,2.11
940,-9.600000000000017e-05,4.48,2.11
941,-9.440000000000013e-05,4.48,2.11
942,-9.280000000000009e-05,4.5200000000000005,2.11
943,-9.120000000000005e-05,4.5600000000000005,2.13
944,-8.960000000000023e-05,4.5200000000000005,2.13
945,-8.800000000000019e-05,4.5600000000000005,2.13
946,-8.640000000000015e-05,4.6000000000000005,2.15
947,-8.480000000000011e-05,4.5600000000000005,2.15
948,-8.320000000000007e-05,4.6000000000000005,2.15
949,-8.160000000000025e-05,4.6000000000000005,2.15
950,-8.000000000000021e-05,4.6000000000000005,2.15
951,-7.840000000000017e-05,4.64,2.17
952,-7.680000000000013e-05,4.64,2.17
953,-7.520000000000009e-05,4.68,2.19
954,-7.360000000000005e-05,4.64,2.19
955,-7.200000000000023e-05,4.68,2.19
956,-7.04000000000002e-05,4.68,2.19
957,-6.880000000000015e-05,4.72,2.21
958,-6.720000000000012e-05,4.72,2.21
959,-6.560000000000008e-05,4.72,2.21
960,-6.400000000000004e-05,4.72,2.23
961,-6.240000000000022e-05,4.76,2.23
962,-6.080000000000018e-05,4.76,2.23
963,-5.920000000000014e-05,4.8,2.23
964,-5.76000000000001e-05,4.76,2.23
965,-5.600000000000006e-05,4.8,2.25
966,-5.440000000000024e-05,4.8,2.25
967,-5.28000000000002e-05,4.8,2.25
968,-5.120000000000016e-05,4.84,2.25
969,-4.960000000000012e-05,4.84,2.27
970,-4.800000000000008e-05,4.88,2.27
971,-4.6400000000000044e-05,4.88,2.27
972,-4.480000000000022e-05,4.92,2.29
973,-4.320000000000018e-05,4.92,2.29
974,-4.1600000000000144e-05,4.92,2.29
975,-4.0000000000000105e-05,4.92,2.29
976,-3.8400000000000066e-05,4.92,2.31
977,-3.6800000000000244e-05,4.96,2.31
978,-3.5200000000000205e-05,4.96,2.33
979,-3.3600000000000166e-05,4.96,2.33
980,-3.200000000000013e-05,4.96,2.33
981,-3.040000000000009e-05,5.0,2.33
982,-2.880000000000005e-05,5.0,2.35
983,-2.7200000000000227e-05,0.08,2.09
984,-2.560000000000019e-05,0.12,1.61
985,-2.400000000000015e-05,0.12,1.25
986,-2.240000000000011e-05,0.12,0.97
987,-2.0800000000000072e-05,0.12,0.77
988,-1.920000000000025e-05,0.16,0.61
989,-1.760000000000021e-05,0.16,0.49
990,-1.6000000000000172e-05,0.16,0.39
991,-1.4400000000000133e-05,0.16,0.31
992,-1.2800000000000094e-05,0.16,0.25
993,-1.1200000000000055e-05,0.2,0.21
994,-9.600000000000233e-06,0.2,0.19
995,-8.000000000000194e-06,0.16,0.15
996,-6.4000000000001556e-06,0.2,0.13
997,-4.800000000000117e-06,0.2,0.13
998,-3.2000000000000778e-06,0.24,0.11
999,-1.6000000000002557e-06,0.24,0.11
1000,-2.168404344971009e-19,0.24,0.11
1001,1.599999999999822e-06,0.28,0.11
1002,3.199999999999861e-06,0.28,0.13
1003,4.7999999999999e-06,0.28,0.11
1004,6.399999999999939e-06,0.28,0.11
1005,7.99999999999976e-06,0.28,0.11
1006,9.5999999999998e-06,0.32,0.11
1007,1.1199999999999839e-05,0.32,0.13
1008,1.2799999999999877e-05,0.32,0.13
1009,1.4399999999999916e-05,0.32,0.13
1010,1.5999999999999955e-05,0.36,0.13
1011,1.7599999999999777e-05,0.36,0.15
1012,1.9199999999999816e-05,0.36,0.15
1013,2.0799999999999855e-05,0.4,0.15
1014,2.2399999999999894e-05,0.36,0.15
1015,2.3999999999999933e-05,0.4,0.17
1016,2.5599999999999755e-05,0.4,0.17
1017,2.7199999999999794e-05,0.4,0.17
1018,2.8799999999999833e-05,0.44,0.19
1019,3.039999999999987e-05,0.48,0.19
1020,3.199999999999991e-05,0.44,0.21
1021,3.359999999999995e-05,0.48,0.19
1022,3.519999999999977e-05,0.48,0.19
1023,3.679999999999981e-05,0.48,0.21
1024,3.839999999999985e-05,0.48,0.21
1025,3.999999999999989e-05,0.48,0.21
1026,4.159999999999993e-05,0.52,0.23
1027,4.319999999999975e-05,0.52,0.23
1028,4.479999999999979e-05,0.56,0.25
1029,4.639999999999983e-05,0.56,0.25
1030,4.7999999999999866e-05,0.56,0.25
1031,4.9599999999999905e-05,0.56,0.25
1032,5.1199999999999943e-05,0.6,0.27
1033,5.2799999999999766e-05,0.6,0.25
1034,5.4399999999999804e-05,0.64,0.27
1035,5.599999999999984e-05,0.6,0.27
1036,5.759999999999988e-05,0.64,0.27
1037,5.919999999999992e-05,0.68,0.29
1038,6.079999999999974e-05,0.64,0.29
1039,6.239999999999978e-05,0.72,0.29
1040,6.399999999999982e-05,0.68,0.31
1041,6.559999999999986e-05,0.72,0.31
1042,6.71999999999999e-05,0.72,0.31
1043,6.879999999999994e-05,0.76,0.31
1044,7.039999999999976e-05,0.72,0.33
1045,7.19999999999998e-05,0.76,0.33
1046,7.359999999999984e-05,0.76,0.33
1047,7.519999999999988e-05,0.76,0.33
1048,7.679999999999992e-05,0.8,0.35000000000000003
1049,7.839999999999995e-05,0.8,0.37
1050,7.999999999999978e-05,0.84,0.35000000000000003
1051,8.159999999999982e-05,0.8,0.37
1052,8.319999999999985e-05,0.84,0.39
1053,8.479999999999989e-05,0.84,0.39
1054,8.639999999999993e-05,0.88,0.37
1055,8.799999999999975e-05,0.88,0.39
1056,8.959999999999979e-05,0.88,0.39
1057,9.119999999999983e-05,0.88,0.41000000000000003
1058,9.279999999999987e-05,0.88,0.39
1059,9.439999999999991e-05,0.92,0.39
1060,9.599999999999995e-05,0.92,0.43
1061,9.759999999999977e-05,0.96,0.41000000000000003
1062,9.919999999999981e-05,0.96,0.43
1063,0.00010079999999999985,1.0,0.43
1064,0.00010239999999999989,1.0,0.43
1065,0.00010399999999999993,1.0,0.45
1066,0.00010559999999999975,1.0,0.47000000000000003
1067,0.00010719999999999979,1.0,0.47000000000000003
1068,0.00010879999999999983,1.04,0.45
1069,0.00011039999999999986,1.04,0.47000000000000003
1070,0.0001119999999999999,1.04,0.47000000000000003
1071,0.00011359999999999994,1.08,0.47000000000000003
1072,0.00011519999999999976,1.08,0.49
1073,0.0001167999999999998,1.08,0.49
1074,0.00011839999999999984,1.12,0.49
1075,0.00011999999999999988,1.12,0.51
1076,0.00012159999999999992,1.16,0.51
1077,0.00012319999999999974,1.16,0.51
1078,0.00012479999999999978,1.16,0.51
1079,0.00012639999999999982,1.16,0.51
1080,0.00012799999999999986,1.16,0.53
1081,0.0001295999999999999,1.16,0.53
1082,0.00013119999999999994,1.2,0.53
1083,0.00013279999999999976,1.2,0.55
1084,0.0001343999999999998,1.24,0.53
1085,0.00013599999999999984,1.24,0.55
1086,0.00013759999999999988,1.28,0.55
1087,0.00013919999999999991,1.24,0.5700000000000001
1088,0.00014079999999999974,1.28,0.5700000000000001
1089,0.00014239999999999978,1.28,0.5700000000000001
1090,0.00014399999999999981,1.32,0.5700000000000001
1091,0.00014559999999999985,1.32,0.59
1092,0.0001471999999999999,1.32,0.59
1093,0.00014879999999999993,1.32,0.59
1094,0.00015039999999999975,1.32,0.61
1095,0.0001519999999999998,1.36,0.61
1096,0.00015359999999999983,1.36,0.61
1097,0.00015519999999999987,1.36,0.61
1098,0.0001567999999999999,1.36,0.63
1099,0.00015839999999999995,1.4000000000000001,0.65
1100,0.00015999999999999977,1.4000000000000001,0.63
1101,0.0001615999999999998,1.44,0.65
1102,0.00016319999999999985,1.44,0.65
1103,0.00016479999999999989,1.44,0.65
1104,0.00016639999999999992,1.44,0.65
1105,0.00016799999999999975,1.48,0.67
1106,0.00016959999999999979,1.48,0.67
1107,0.00017119999999999982,1.48,0.6900000000000001
1108,0.00017279999999999986,1.52,0.6900000000000001
1109,0.0001743999999999999,1.52,0.6900000000000001
1110,0.00017599999999999994,1.56,0.6900000000000001
1111,0.00017759999999999976,1.56,0.6900000000000001
1112,0.0001791999999999998,1.56,0.71
1113,0.00018079999999999984,1.56,0.71
1114,0.00018239999999999988,1.6,0.71
1115,0.00018399999999999992,1.6,0.73
1116,0.00018559999999999974,1.6,0.75
1117,0.00018719999999999978,1.6400000000000001,0.73
1118,0.00018879999999999982,1.6400000000000001,0.75
1119,0.00019039999999999986,1.6400000000000001,0.75
1120,0.0001919999999999999,1.6400000000000001,0.75
1121,0.00019359999999999994,1.68,0.75
1122,0.00019519999999999976,1.68,0.75
1123,0.0001967999999999998,1.68,0.77
1124,0.00019839999999999984,1.68,0.77
1125,0.00019999999999999987,1.72,0.77
1126,0.0002015999999999999,1.72,0.77
1127,0.00020319999999999974,1.76,0.79
1128,0.00020479999999999977,1.76,0.79
1129,0.0002063999999999998,1.76,0.79
1130,0.00020799999999999985,1.76,0.81
1131,0.0002095999999999999,1.8,0.81
1132,0.00021119999999999993,1.84,0.8300000000000001
1133,0.00021279999999999975,1.8,0.8300000000000001
1134,0.0002143999999999998,1.84,0.8300000000000001
1135,0.00021599999999999983,1.84,0.8300000000000001
1136,0.00021759999999999987,1.8800000000000001,0.8300000000000001
1137,0.0002191999999999999,1.84,0.85
1138,0.00022079999999999995,1.8800000000000001,0.85
1139,0.00022239999999999977,1.8800000000000001,0.85
1140,0.0002239999999999998,1.92,0.87
1141,0.00022559999999999985,1.92,0.87
1142,0.00022719999999999988,1.96,0.89
1143,0.00022879999999999992,1.96,0.89
1144,0.00023039999999999975,1.96,0.89
1145,0.00023199999999999978,1.96,0.89
1146,0.00023359999999999982,1.96,0.89
1147,0.00023519999999999986,1.96,0.91
1148,0.0002367999999999999,2.0,0.91
1149,0.00023839999999999994,2.0,0.91
1150,0.00023999999999999976,2.0,0.93
1151,0.0002415999999999998,2.04,0.93
1152,0.00024319999999999984,2.04,0.93
1153,0.0002447999999999999,2.04,0.93
1154,0.0002463999999999999,2.08,0.9500000000000001
1155,0.00024799999999999974,2.08,0.9500000000000001
1156,0.0002495999999999998,2.12,0.9500000000000001
1157,0.0002511999999999998,2.12,0.9500000000000001
1158,0.00025279999999999986,2.16,0.97
1159,0.0002543999999999999,2.12,0.97
1160,0.00025599999999999993,2.16,0.97
1161,0.00025759999999999976,2.2,0.99
1162,0.0002591999999999998,2.16,0.99
1163,0.00026079999999999983,2.16,0.99
1164,0.0002623999999999999,2.2,0.99
1165,0.0002639999999999999,2.2,0.99
1166,0.00026559999999999973,2.24,1.01
1167,0.00026719999999999977,2.24,1.03
1168,0.0002687999999999998,2.24,1.03
1169,0.00027039999999999985,2.2800000000000002,1.03
1170,0.0002719999999999999,2.24,1.03
1171,0.00027359999999999993,2.2800000000000002,1.03
1172,0.00027519999999999975,2.2800000000000002,1.05
1173,0.0002767999999999998,2.2800000000000002,1.05
1174,0.00027839999999999983,2.32,1.05
1175,0.00027999999999999987,2.32,1.05
1176,0.0002815999999999999,2.32,1.07
1177,0.00028319999999999994,2.36,1.07
1178,0.00028479999999999977,2.36,1.07
1179,0.0002863999999999998,2.4,1.09
1180,0.00028799999999999984,2.4,1.09
1181,0.0002895999999999999,2.4,1.09
1182,0.0002911999999999999,2.4,1.09
1183,0.00029279999999999974,2.4,1.09
1184,0.0002943999999999998,2.4,1.11
1185,0.0002959999999999998,2.4,1.11
1186,0.00029759999999999986,2.44,1.11
1187,0.0002991999999999999,2.48,1.1300000000000001
1188,0.00030079999999999994,2.48,1.11
1189,0.00030239999999999976,2.48,1.1300000000000001
1190,0.0003039999999999998,2.48,1.1300000000000001
1191,0.00030559999999999984,2.52,1.1500000000000001
1192,0.0003071999999999999,2.56,1.1500000000000001
1193,0.0003087999999999999,2.52,1.1500000000000001
1194,0.00031039999999999974,2.56,1.17
1195,0.0003119999999999998,2.56,1.17
1196,0.0003135999999999998,2.56,1.17
1197,0.00031519999999999986,2.56,1.19
1198,0.0003167999999999999,2.6,1.19
1199,0.00031839999999999993,2.6,1.19
1200,0.00031999999999999976,2.64,1.21
1201,0.0003215999999999998,2.64,1.21
1202,0.00032319999999999983,2.64,1.21
1203,0.00032479999999999987,2.64,1.23
1204,0.0003263999999999999,2.68,1.23
1205,0.00032799999999999973,2.68,1.23
1206,0.00032959999999999977,2.68,1.23
1207,0.0003311999999999998,2.68,1.23
1208,0.00033279999999999985,2.72,1.25
1209,0.0003343999999999999,2.72,1.25
1210,0.00033599999999999993,2.72,1.25
1211,0.00033759999999999975,2.7600000000000002,1.25
1212,0.0003391999999999998,2.7600000000000002,1.27
1213,0.0003407999999999998,2.8000000000000003,1.27
1214,0.00034239999999999987,2.7600000000000002,1.27
1215,0.0003439999999999999,2.8000000000000003,1.29
1216,0.00034559999999999994,2.8000000000000003,1.29
1217,0.00034719999999999977,2.84,1.29
1218,0.0003487999999999998,2.84,1.31
1219,0.00035039999999999984,2.84,1.31
1220,0.0003519999999999999,2.88,1.33
1221,0.0003535999999999997,2.88,1.33
1222,0.00035519999999999974,2.88,1.33
1223,0.0003567999999999998,2.92,1.33
1224,0.0003583999999999998,2.92,1.33
1225,0.00035999999999999986,2.92,1.33
1226,0.0003615999999999999,2.92,1.35
1227,0.00036319999999999994,2.96,1.35
1228,0.0003648,2.96,1.35
1229,0.0003664,2.96,1.37
1230,0.0003679999999999996,3.0,1.3900000000000001
1231,0.00036959999999999966,3.0,1.3900000000000001
1232,0.0003711999999999997,3.0,1.37
1233,0.00037279999999999974,3.0,1.3900000000000001
1234,0.0003743999999999998,3.0,1.3900000000000001
1235,0.0003759999999999998,3.04,1.3900000000000001
1236,0.00037759999999999985,3.04,1.41
1237,0.0003791999999999999,3.04,1.43
1238,0.00038079999999999993,3.04,1.41
1239,0.00038239999999999997,3.08,1.43
1240,0.000384,3.08,1.43
1241,0.00038560000000000005,3.12,1.43
1242,0.00038719999999999965,3.12,1.45
1243,0.0003887999999999997,3.12,1.45
1244,0.00039039999999999973,3.16,1.45
1245,0.00039199999999999977,3.16,1.45
1246,0.0003935999999999998,3.16,1.45
1247,0.00039519999999999985,3.2,1.47
1248,0.0003967999999999999,3.2,1.47
1249,0.0003983999999999999,3.2,1.47
1250,0.00039999999999999996,3.2,1.49
1251,0.0004016,3.24,1.51
1252,0.00040320000000000004,3.24,1.49
1253,0.00040479999999999965,3.2800000000000002,1.49
1254,0.0004063999999999997,3.2800000000000002,1.51
1255,0.0004079999999999997,3.2800000000000002,1.51
1256,0.00040959999999999976,3.2800000000000002,1.51
1257,0.0004111999999999998,3.3200000000000003,1.53
1258,0.00041279999999999984,3.3200000000000003,1.53
1259,0.0004143999999999999,3.3200000000000003,1.53
1260,0.0004159999999999999,3.3200000000000003,1.55
1261,0.00041759999999999996,3.36,1.55
1262,0.0004192,3.36,1.53
1263,0.00042080000000000004,3.4,1.55
1264,0.00042239999999999964,3.4,1.57
1265,0.0004239999999999997,3.4,1.57
1266,0.0004255999999999997,3.4,1.59
1267,0.00042719999999999976,3.44,1.59
1268,0.0004287999999999998,3.48,1.61
1269,0.00043039999999999984,3.44,1.59
1270,0.0004319999999999999,3.44,1.61
1271,0.0004335999999999999,3.48,1.59
1272,0.00043519999999999995,3.52,1.61
1273,0.0004368,3.48,1.61
1274,0.00043840000000000003,3.52,1.61
1275,0.00043999999999999964,3.52,1.6300000000000001
1276,0.0004415999999999997,3.52,1.6300000000000001
1277,0.0004431999999999997,3.52,1.6300000000000001
1278,0.00044479999999999975,3.56,1.6500000000000001
1279,0.0004463999999999998,3.56,1.6500000000000001
1280,0.00044799999999999983,3.6,1.6500000000000001
1281,0.00044959999999999987,3.56,1.67
1282,0.0004511999999999999,3.6,1.67
1283,0.00045279999999999995,3.6,1.67
1284,0.0004544,3.64,1.69
1285,0.000456,3.64,1.69
1286,0.00045759999999999963,3.68,1.71
1287,0.00045919999999999967,3.68,1.71
1288,0.0004607999999999997,3.68,1.71
1289,0.00046239999999999975,3.68,1.71
1290,0.0004639999999999998,3.68,1.73
1291,0.0004655999999999998,3.72,1.73
1292,0.00046719999999999986,3.68,1.73
1293,0.0004687999999999999,3.72,1.75
1294,0.00047039999999999994,3.72,1.75
1295,0.000472,3.7600000000000002,1.75
1296,0.0004736,3.7600000000000002,1.75
1297,0.0004751999999999996,3.8000000000000003,1.77
1298,0.00047679999999999966,3.8000000000000003,1.77
1299,0.0004783999999999997,3.8000000000000003,1.77
1300,0.00047999999999999974,3.8000000000000003,1.77
1301,0.0004815999999999998,3.84,1.79
1302,0.0004831999999999998,3.84,1.79
1303,0.00048479999999999986,3.84,1.79
1304,0.0004863999999999999,3.84,1.81
1305,0.00048799999999999994,3.88,1.81
1306,0.0004896,3.88,1.81
1307,0.0004912,3.88,1.83
1308,0.0004927999999999996,3.92,1.83
1309,0.0004943999999999997,3.92,1.83
1310,0.0004959999999999997,3.92,1.83
1311,0.0004975999999999997,3.92,1.85
1312,0.0004991999999999998,3.96,1.85
1313,0.0005007999999999998,3.96,1.85
1314,0.0005023999999999999,3.96,1.85
1315,0.0005039999999999999,4.0,1.87
1316,0.0005055999999999999,4.0,1.87
1317,0.0005072,4.0,1.87
1318,0.0005088,4.0,1.8900000000000001
1319,0.0005103999999999996,4.04,1.8900000000000001
1320,0.0005119999999999997,4.04,1.9100000000000001
1321,0.0005135999999999997,4.04,1.9100000000000001
1322,0.0005151999999999997,4.08,1.9100000000000001
1323,0.0005167999999999998,4.08,1.9100000000000001
1324,0.0005183999999999998,4.08,1.93
1325,0.0005199999999999998,4.12,1.93
1326,0.0005215999999999999,4.12,1.93
1327,0.0005231999999999999,4.12,1.93
1328,0.0005248,4.16,1.95
1329,0.0005264,4.16,1.95
1330,0.000528,4.16,1.95
1331,0.0005295999999999996,4.2,1.95
1332,0.0005311999999999997,4.2,1.97
1333,0.0005327999999999997,4.2,1.97
1334,0.0005343999999999998,4.24,1.99
1335,0.0005359999999999998,4.24,1.97
1336,0.0005375999999999998,4.28,1.99
1337,0.0005391999999999999,4.24,1.99
1338,0.0005407999999999999,4.28,2.0100000000000002
1339,0.0005424,4.28,2.0100000000000002
1340,0.000544,4.32,2.0100000000000002
1341,0.0005456,4.28,2.0100000000000002
1342,0.0005471999999999996,4.32,2.0100000000000002
1343,0.0005487999999999997,4.32,2.0300000000000002
1344,0.0005503999999999997,4.36,2.0300000000000002
1345,0.0005519999999999998,4.36,2.05
1346,0.0005535999999999998,4.36,2.0300000000000002
1347,0.0005551999999999998,4.4,2.05
1348,0.0005567999999999999,4.4,2.07
1349,0.0005583999999999999,4.4,2.07
1350,0.00056,4.4,2.07
1351,0.0005616,4.4,2.07
1352,0.0005632,4.44,2.09
1353,0.0005647999999999996,4.44,2.09
1354,0.0005663999999999997,4.48,2.09
1355,0.0005679999999999997,4.48,2.09
1356,0.0005695999999999998,4.48,2.09
1357,0.0005711999999999998,4.5200000000000005,2.11
1358,0.0005727999999999998,4.5200000000000005,2.11
1359,0.0005743999999999999,4.5600000000000005,2.13
1360,0.0005759999999999999,4.5600000000000005,2.13
1361,0.0005775999999999999,4.5600000000000005,2.13
1362,0.0005792,4.6000000000000005,2.15
1363,0.0005808,4.5600000000000005,2.15
1364,0.0005823999999999996,4.6000000000000005,2.15
1365,0.0005839999999999997,4.5600000000000005,2.15
1366,0.0005855999999999997,4.64,2.17
1367,0.0005871999999999997,4.6000000000000005,2.17
1368,0.0005887999999999998,4.6000000000000005,2.17
1369,0.0005903999999999998,4.64,2.17
1370,0.0005919999999999999,4.64,2.19
1371,0.0005935999999999999,4.68,2.19
1372,0.0005951999999999999,4.72,2.19
1373,0.0005968,4.68,2.19
1374,0.0005984,4.68,2.21
1375,0.0005999999999999996,4.72,2.21
1376,0.0006015999999999997,4.72,2.21
1377,0.0006031999999999997,4.76,2.21
1378,0.0006047999999999997,4.76,2.23
1379,0.0006063999999999998,4.76,2.23
1380,0.0006079999999999998,4.76,2.25
1381,0.0006095999999999999,4.8,2.25
1382,0.0006111999999999999,4.8,2.25
1383,0.0006127999999999999,4.8,2.25
1384,0.0006144,4.84,2.25
1385,0.000616,4.84,2.27
1386,0.0006175999999999996,4.84,2.27
1387,0.0006191999999999997,4.88,2.27
1388,0.0006207999999999997,4.88,2.29
1389,0.0006223999999999997,4.88,2.29
1390,0.0006239999999999998,4.88,2.29
1391,0.0006255999999999998,4.92,2.29
1392,0.0006271999999999998,4.92,2.31
1393,0.0006287999999999999,4.92,2.31
1394,0.0006303999999999999,4.92,2.33
1395,0.000632,4.96,2.33
1396,0.0006336,5.0,2.33
1397,0.0006351999999999996,5.0,2.33
1398,0.0006367999999999996,5.0,2.35
1399,0.0006383999999999997,0.08,2.35
1400,0.0006399999999999997,0.12,1.9100000000000001
1401,0.0006415999999999998,0.08,1.47
1402,0.0006431999999999998,0.12,1.1500000000000001
1403,0.0006447999999999998,0.12,0.89
1404,0.0006463999999999999,0.16,0.71
1405,0.0006479999999999999,0.16,0.55
1406,0.0006496,0.12,0.45
1407,0.0006512,0.16,0.37
1408,0.0006528,0.16,0.29
1409,0.0006543999999999996,0.16,0.23
1410,0.0006559999999999997,0.2,0.21
1411,0.0006575999999999997,0.16,0.17
1412,0.0006591999999999998,0.16,0.15
1413,0.0006607999999999998,0.2,0.13
1414,0.0006623999999999998,0.24,0.13
1415,0.0006639999999999999,0.24,0.11
1416,0.0006655999999999999,0.24,0.11
1417,0.0006672,0.24,0.11
1418,0.0006688,0.28,0.11
1419,0.0006704,0.28,0.11
1420,0.0006719999999999996,0.28,0.13
1421,0.0006735999999999997,0.28,0.13
1422,0.0006751999999999997,0.28,0.11
1423,0.0006767999999999998,0.32,0.11
1424,0.0006783999999999998,0.32,0.11
1425,0.0006799999999999998,0.32,0.13
1426,0.0006815999999999999,0.32,0.15
1427,0.0006831999999999999,0.36,0.13
1428,0.0006848,0.36,0.15
1429,0.0006864,0.36,0.15
1430,0.000688,0.36,0.15
1431,0.0006895999999999996,0.4,0.15
1432,0.0006911999999999997,0.4,0.17
1433,0.0006927999999999997,0.44,0.17
1434,0.0006943999999999997,0.44,0.17
1435,0.0006959999999999998,0.44,0.19
1436,0.0006975999999999998,0.44,0.19
1437,0.0006991999999999999,0.48,0.21
1438,0.0007007999999999999,0.44,0.19
1439,0.0007023999999999999,0.48,0.21
1440,0.000704,0.52,0.21
1441,0.0007056,0.48,0.23
1442,0.0007071999999999996,0.52,0.23
1443,0.0007087999999999997,0.52,0.23
1444,0.0007103999999999997,0.56,0.23
1445,0.0007119999999999997,0.56,0.23
1446,0.0007135999999999998,0.56,0.23
1447,0.0007151999999999998,0.6,0.27
1448,0.0007167999999999999,0.6,0.25
1449,0.0007183999999999999,0.6,0.27
1450,0.0007199999999999999,0.64,0.27
1451,0.0007216,0.6,0.27
1452,0.0007232,0.64,0.29
1453,0.0007247999999999996,0.64,0.29
1454,0.0007263999999999997,0.64,0.27
1455,0.0007279999999999997,0.68,0.31
1456,0.0007295999999999997,0.68,0.29
1457,0.0007311999999999998,0.68,0.29
1458,0.0007327999999999998,0.72,0.31
1459,0.0007343999999999999,0.72,0.31
1460,0.0007359999999999999,0.72,0.31
1461,0.0007375999999999999,0.76,0.33
1462,0.0007392,0.76,0.33
1463,0.0007408,0.8,0.33
1464,0.0007423999999999996,0.76,0.35000000000000003
1465,0.0007439999999999997,0.8,0.35000000000000003
1466,0.0007455999999999997,0.8,0.35000000000000003
1467,0.0007471999999999997,0.84,0.35000000000000003
1468,0.0007487999999999998,0.84,0.37
1469,0.0007503999999999998,0.88,0.37
1470,0.0007519999999999998,0.88,0.37
1471,0.0007535999999999999,0.88,0.37
1472,0.0007551999999999999,0.88,0.39
1473,0.0007568,0.88,0.39
1474,0.0007584,0.88,0.39
1475,0.0007599999999999996,0.92,0.41000000000000003
1476,0.0007615999999999996,0.96,0.41000000000000003
1477,0.0007631999999999997,0.96,0.43
1478,0.0007647999999999997,0.96,0.41000000000000003
1479,0.0007663999999999998,1.0,0.43
1480,0.0007679999999999998,1.0,0.43
1481,0.0007695999999999998,1.0,0.45
1482,0.0007711999999999999,1.0,0.45
1483,0.0007727999999999999,1.04,0.45
1484,0.0007744,1.04,0.47000000000000003
1485,0.000776,1.04,0.45
1486,0.0007775999999999996,1.04,0.47000000000000003
1487,0.0007791999999999996,1.08,0.49
1488,0.0007807999999999997,1.08,0.47000000000000003
1489,0.0007823999999999997,1.08,0.49
1490,0.0007839999999999998,1.12,0.49
1491,0.0007855999999999998,1.12,0.49
1492,0.0007871999999999998,1.12,0.51
1493,0.0007887999999999999,1.12,0.51
1494,0.0007903999999999999,1.16,0.51
1495,0.000792,1.16,0.51
1496,0.0007936,1.16,0.51
1497,0.0007952,1.2,0.53
1498,0.0007967999999999996,1.2,0.53
1499,0.0007983999999999997,1.2,0.53
1500,0.0007999999999999997,1.2,0.55
1501,0.0008015999999999998,1.24,0.55
1502,0.0008031999999999998,1.24,0.55
1503,0.0008047999999999998,1.24,0.5700000000000001
1504,0.0008063999999999999,1.24,0.5700000000000001
1505,0.0008079999999999999,1.28,0.5700000000000001
1506,0.0008096,1.28,0.5700000000000001
1507,0.0008112,1.28,0.5700000000000001
1508,0.0008128,1.32,0.59
1509,0.0008143999999999996,1.36,0.59
1510,0.0008159999999999997,1.32,0.61
1511,0.0008175999999999997,1.32,0.61
1512,0.0008191999999999997,1.36,0.61
1513,0.0008207999999999998,1.36,0.61
1514,0.0008223999999999998,1.36,0.61
1515,0.0008239999999999999,1.4000000000000001,0.63
1516,0.0008255999999999999,1.44,0.63
1517,0.0008271999999999999,1.4000000000000001,0.63
1518,0.0008288,1.44,0.65
1519,0.0008304,1.48,0.65
1520,0.0008319999999999996,1.48,0.65
1521,0.0008335999999999997,1.44,0.65
1522,0.0008351999999999997,1.48,0.67
1523,0.0008367999999999997,1.48,0.67
1524,0.0008383999999999998,1.52,0.6900000000000001
1525,0.0008399999999999998,1.52,0.6900000000000001
1526,0.0008415999999999999,1.52,0.6900000000000001
1527,0.0008431999999999999,1.56,0.6900000000000001
1528,0.0008447999999999999,1.56,0.71
1529,0.0008464,1.56,0.71
1530,0.000848,1.6,0.71
1531,0.0008495999999999996,1.6,0.73
1532,0.0008511999999999997,1.6,0.73
1533,0.0008527999999999997,1.6,0.73
1534,0.0008543999999999997,1.6,0.73
1535,0.0008559999999999998,1.6400000000000001,0.73
1536,0.0008575999999999998,1.6400000000000001,0.75
1537,0.0008591999999999999,1.68,0.75
1538,0.0008607999999999999,1.68,0.77
1539,0.0008623999999999999,1.68,0.77
1540,0.000864,1.68,0.77
1541,0.0008656,1.72,0.77
1542,0.0008671999999999996,1.76,0.77
1543,0.0008687999999999997,1.76,0.79
1544,0.0008703999999999997,1.76,0.79
1545,0.0008719999999999997,1.76,0.79
1546,0.0008735999999999998,1.8,0.81
1547,0.0008751999999999998,1.76,0.81
1548,0.0008767999999999998,1.8,0.8300000000000001
1549,0.0008783999999999999,1.84,0.8300000000000001
1550,0.0008799999999999999,1.8,0.81
1551,0.0008816,1.84,0.8300000000000001
1552,0.0008832,1.84,0.8300000000000001
1553,0.0008847999999999996,1.8800000000000001,0.85
1554,0.0008863999999999996,1.84,0.85
1555,0.0008879999999999997,1.8800000000000001,0.85
1556,0.0008895999999999997,1.8800000000000001,0.85
1557,0.0008911999999999998,1.92,0.87
1558,0.0008927999999999998,1.96,0.87
1559,0.0008943999999999998,1.92,0.87
1560,0.0008959999999999999,1.92,0.89
1561,0.0008975999999999999,1.96,0.89
1562,0.0008992,1.96,0.91
1563,0.0009008,2.0,0.91
1564,0.0009023999999999996,1.96,0.91
1565,0.0009039999999999996,2.0,0.91
1566,0.0009055999999999997,2.0,0.91
1567,0.0009071999999999997,2.04,0.91
1568,0.0009087999999999998,2.04,0.93
1569,0.0009103999999999998,2.04,0.93
1570,0.0009119999999999998,2.08,0.93
1571,0.0009135999999999999,2.08,0.93
1572,0.0009151999999999999,2.08,0.9500000000000001
1573,0.0009168,2.12,0.9500000000000001
1574,0.0009184,2.12,0.97
1575,0.0009199999999999996,2.12,0.9500000000000001
1576,0.0009215999999999996,2.12,0.97
1577,0.0009231999999999997,2.12,0.97
1578,0.0009247999999999997,2.16,0.97
1579,0.0009263999999999997,2.16,0.99
1580,0.0009279999999999998,2.2,0.99
1581,0.0009295999999999998,2.2,0.99
1582,0.0009311999999999999,2.2,1.01
1583,0.0009327999999999999,2.24,1.01
1584,0.0009343999999999999,2.24,1.03
1585,0.000936,2.24,1.01
1586,0.0009376,2.2800000000000002,1.01
1587,0.0009391999999999996,2.24,1.03
1588,0.0009407999999999997,2.2800000000000002,1.03
1589,0.0009423999999999997,2.2800000000000002,1.03
1590,0.0009439999999999997,2.2800000000000002,1.05
1591,0.0009455999999999998,2.32,1.05
1592,0.0009471999999999998,2.36,1.05
1593,0.0009487999999999999,2.32,1.07
1594,0.0009503999999999999,2.36,1.07
1595,0.0009519999999999999,2.36,1.07
1596,0.0009536,2.4,1.07
1597,0.0009552,2.36,1.09
1598,0.0009567999999999996,2.4,1.09
1599,0.0009583999999999997,2.4,1.09
1600,0.0009599999999999997,2.4,1.11
1601,0.0009615999999999997,2.44,1.11
1602,0.0009631999999999998,2.44,1.11
1603,0.0009647999999999998,2.44,1.11
1604,0.0009663999999999999,2.44,1.1300000000000001
1605,0.0009679999999999999,2.48,1.1300000000000001
1606,0.0009695999999999999,2.48,1.1500000000000001
1607,0.0009712,2.48,1.1500000000000001
1608,0.0009728,2.48,1.1500000000000001
1609,0.0009743999999999996,2.52,1.1500000000000001
1610,0.0009759999999999997,2.52,1.1500000000000001
1611,0.0009775999999999997,2.52,1.17
1612,0.0009791999999999997,2.56,1.19
1613,0.0009807999999999998,2.56,1.17
1614,0.0009823999999999998,2.56,1.19
1615,0.0009839999999999998,2.64,1.19
1616,0.0009855999999999999,2.6,1.19
1617,0.0009872,2.6,1.19
1618,0.0009888,2.64,1.21
1619,0.0009904,2.64,1.23
1620,0.0009919999999999996,2.64,1.21
1621,0.0009935999999999996,2.68,1.21
1622,0.0009951999999999997,2.68,1.23
1623,0.0009967999999999997,2.72,1.25
1624,0.0009983999999999998,2.72,1.25
1625,0.0009999999999999998,2.72,1.25
1626,0.0010015999999999998,2.72,1.25
1627,0.0010031999999999999,2.7600000000000002,1.25
1628,0.0010048,2.7600000000000002,1.27
1629,0.0010064,2.7600000000000002,1.27
1630,0.001008,2.7600000000000002,1.27
1631,0.0010095999999999996,2.7600000000000002,1.29
1632,0.0010111999999999996,2.8000000000000003,1.27
1633,0.0010127999999999997,2.8000000000000003,1.29
1634,0.0010143999999999997,2.84,1.29
1635,0.0010159999999999998,2.88,1.31
1636,0.0010175999999999998,2.84,1.31
1637,0.0010191999999999998,2.84,1.31
1638,0.0010207999999999999,2.88,1.33
1639,0.0010224,2.88,1.33
1640,0.001024,2.92,1.33
1641,0.0010256,2.92,1.33
1642,0.0010271999999999996,2.92,1.35
1643,0.0010287999999999996,2.92,1.35
1644,0.0010303999999999997,2.92,1.37
1645,0.0010319999999999997,2.96,1.37
1646,0.0010335999999999998,3.0,1.37
1647,0.0010351999999999998,3.0,1.37
1648,0.0010367999999999998,3.0,1.37
1649,0.0010383999999999999,3.04,1.3900000000000001
1650,0.00104,3.04,1.41
1651,0.0010416,3.04,1.41
1652,0.0010432,3.04,1.3900000000000001
1653,0.0010447999999999996,3.04,1.41
1654,0.0010463999999999996,3.08,1.41
1655,0.0010479999999999997,3.08,1.41
1656,0.0010495999999999997,3.08,1.41
1657,0.0010511999999999997,3.12,1.43
1658,0.0010527999999999998,3.12,1.45
1659,0.0010543999999999998,3.12,1.45
1660,0.0010559999999999999,3.16,1.45
1661,0.0010576,3.16,1.45
1662,0.0010592,3.16,1.45
1663,0.0010608,3.16,1.45
1664,0.0010623999999999996,3.2,1.49
1665,0.0010639999999999996,3.2,1.49
1666,0.0010655999999999997,3.2,1.47
1667,0.0010671999999999997,3.2,1.47
1668,0.0010687999999999997,3.24,1.49
1669,0.0010703999999999998,3.24,1.49
1670,0.0010719999999999998,3.2800000000000002,1.51
1671,0.0010735999999999999,3.2800000000000002,1.53
1672,0.0010752,3.2800000000000002,1.51
1673,0.0010768,3.3200000000000003,1.51
1674,0.0010784,3.3200000000000003,1.53
1675,0.00108,3.3200000000000003,1.55
1676,0.0010815999999999996,3.36,1.55
1677,0.0010831999999999997,3.36,1.55
1678,0.0010847999999999997,3.36,1.55
1679,0.0010863999999999997,3.36,1.55
1680,0.0010879999999999998,3.36,1.55
1681,0.0010895999999999998,3.4,1.57
1682,0.0010911999999999999,3.4,1.57
1683,0.0010927999999999999,3.4,1.59
1684,0.0010944,3.44,1.59
1685,0.001096,3.48,1.59
1686,0.0010976,3.44,1.59
1687,0.0010991999999999996,3.44,1.61
1688,0.0011007999999999997,3.48,1.61
1689,0.0011023999999999997,3.48,1.61
1690,0.0011039999999999997,3.52,1.6300000000000001
1691,0.0011055999999999998,3.52,1.6300000000000001
1692,0.0011071999999999998,3.52,1.6300000000000001
1693,0.0011087999999999998,3.52,1.6500000000000001
1694,0.0011103999999999999,3.56,1.6500000000000001
1695,0.001112,3.56,1.6500000000000001
1696,0.0011136,3.56,1.6500000000000001
1697,0.0011152,3.6,1.6500000000000001
1698,0.0011167999999999996,3.6,1.67
1699,0.0011183999999999996,3.6,1.67
1700,0.0011199999999999997,3.6,1.67
1701,0.0011215999999999997,3.64,1.67
1702,0.0011231999999999998,3.64,1.69
1703,0.0011247999999999998,3.64,1.69
1704,0.0011263999999999998,3.64,1.71
1705,0.0011279999999999999,3.68,1.71
1706,0.0011296,3.68,1.71
1707,0.0011312,3.68,1.71
1708,0.0011328,3.72,1.73
1709,0.0011343999999999996,3.72,1.73
1710,0.0011359999999999996,3.7600000000000002,1.73
1711,0.0011375999999999997,3.8000000000000003,1.75
1712,0.0011391999999999997,3.7600000000000002,1.75
1713,0.0011407999999999998,3.8000000000000003,1.75
1714,0.0011423999999999998,3.8000000000000003,1.75
1715,0.0011439999999999998,3.8000000000000003,1.77
1716,0.0011455999999999999,3.8000000000000003,1.77
1717,0.0011472,3.8000000000000003,1.79
1718,0.0011488,3.84,1.77
1719,0.0011504,3.84,1.79
1720,0.0011519999999999996,3.88,1.79
1721,0.0011535999999999996,3.88,1.81
1722,0.0011551999999999997,3.88,1.81
1723,0.0011567999999999997,3.88,1.81
1724,0.0011583999999999998,3.88,1.81
1725,0.0011599999999999998,3.88,1.83
1726,0.0011615999999999998,3.92,1.83
1727,0.0011631999999999999,3.96,1.83
1728,0.0011648,3.96,1.85
1729,0.0011664,3.96,1.85
1730,0.001168,3.96,1.87
1731,0.0011695999999999996,4.0,1.85
1732,0.0011711999999999996,4.0,1.85
1733,0.0011727999999999997,4.04,1.87
1734,0.0011743999999999997,4.04,1.87
1735,0.0011759999999999997,4.04,1.8900000000000001
1736,0.0011775999999999998,4.04,1.8900000000000001
1737,0.0011791999999999998,4.08,1.8900000000000001
1738,0.0011807999999999999,4.08,1.8900000000000001
1739,0.0011824,4.08,1.9100000000000001
1740,0.001184,4.12,1.9100000000000001
1741,0.0011856,4.12,1.9100000000000001
1742,0.0011871999999999996,4.12,1.93
1743,0.0011887999999999996,4.12,1.93
1744,0.0011903999999999997,4.16,1.93
1745,0.0011919999999999997,4.16,1.93
1746,0.0011935999999999997,4.16,1.95
1747,0.0011951999999999998,4.2,1.97
1748,0.0011967999999999998,4.2,1.97
1749,0.0011983999999999999,4.2,1.97
1750,0.0012,4.2,1.97
1751,0.0012016,4.2,1.97
1752,0.0012032,4.24,1.99
1753,0.0012048,4.24,1.99
1754,0.0012063999999999996,4.28,1.99
1755,0.0012079999999999997,4.28,1.99
1756,0.0012095999999999997,4.28,2.0100000000000002
1757,0.0012111999999999997,4.32,2.0100000000000002
1758,0.0012127999999999998,4.32,2.0100000000000002
1759,0.0012143999999999998,4.32,2.0300000000000002
1760,0.0012159999999999999,4.32,2.0300000000000002
1761,0.0012175999999999999,4.36,2.0300000000000002
1762,0.0012192,4.36,2.05
1763,0.0012208,4.4,2.05
1764,0.0012224,4.4,2.05
1765,0.0012239999999999996,4.4,2.05
1766,0.0012255999999999996,4.4,2.07
1767,0.0012271999999999997,4.4,2.07
1768,0.0012287999999999997,4.4,2.09
1769,0.0012303999999999998,4.44,2.09
1770,0.0012319999999999998,4.48,2.09
1771,0.0012335999999999998,4.44,2.09
1772,0.0012351999999999999,4.48,2.09
1773,0.0012368,4.48,2.09
1774,0.0012384,4.48,2.11
1775,0.00124,4.5200000000000005,2.11
1776,0.0012415999999999996,4.5200000000000005,2.11
1777,0.0012431999999999996,4.5200000000000005,2.13
1778,0.0012447999999999997,4.5600000000000005,2.13
1779,0.0012463999999999997,4.5200000000000005,2.13
1780,0.0012479999999999998,4.6000000000000005,2.15
1781,0.0012495999999999998,4.5600000000000005,2.15
1782,0.0012511999999999998,4.6000000000000005,2.15
1783,0.0012527999999999999,4.64,2.15
1784,0.0012544,4.64,2.15
1785,0.001256,4.64,2.17
1786,0.0012576,4.64,2.17
1787,0.0012591999999999996,4.68,2.19
1788,0.0012607999999999996,4.68,2.19
1789,0.0012623999999999997,4.72,2.19
1790,0.0012639999999999997,4.68,2.21
1791,0.0012655999999999998,4.68,2.21
1792,0.0012671999999999998,4.72,2.21
1793,0.0012687999999999998,4.72,2.21
1794,0.0012703999999999999,4.72,2.23
1795,0.001272,4.76,2.23
1796,0.0012736,4.76,2.23
1797,0.0012752,4.76,2.25
1798,0.0012767999999999996,4.8,2.25
1799,0.0012783999999999996,4.8,2.25
1800,0.0012799999999999997,4.84,2.25
1801,0.0012815999999999997,4.84,2.25
1802,0.0012831999999999997,4.84,2.27
1803,0.0012847999999999998,4.84,2.27
1804,0.0012863999999999998,4.84,2.27
1805,0.0012879999999999999,4.88,2.27
1806,0.0012896,4.92,2.29
1807,0.0012912,4.92,2.31
1808,0.0012928,4.92,2.29
1809,0.0012943999999999996,4.92,2.29
1810,0.0012959999999999996,4.96,2.31
1811,0.0012975999999999997,4.96,2.31
1812,0.0012991999999999997,4.96,2.33
1813,0.0013007999999999997,4.96,2.33
1814,0.0013023999999999998,4.96,2.33
1815,0.0013039999999999998,5.0,2.35
1816,0.0013055999999999999,0.08,2.27
1817,0.0013072,0.08,1.75
1818,0.0013088,0.12,1.37
1819,0.0013104,0.12,1.05
1820,0.0013119999999999996,0.12,0.8300000000000001
1821,0.0013135999999999996,0.12,0.65
1822,0.0013151999999999997,0.12,0.53
1823,0.0013167999999999997,0.16,0.43
1824,0.0013183999999999997,0.16,0.35000000000000003
1825,0.0013199999999999998,0.16,0.29
1826,0.0013215999999999998,0.16,0.21
1827,0.0013231999999999999,0.16,0.19
1828,0.0013248,0.2,0.17
1829,0.0013264,0.16,0.15
1830,0.001328,0.2,0.13
1831,0.0013295999999999996,0.2,0.11
1832,0.0013311999999999996,0.24,0.11
1833,0.0013327999999999997,0.24,0.11
1834,0.0013343999999999997,0.24,0.11
1835,0.0013359999999999997,0.24,0.11
1836,0.0013375999999999998,0.28,0.11
1837,0.0013391999999999998,0.28,0.11
1838,0.0013407999999999998,0.28,0.11
1839,0.0013423999999999999,0.28,0.11
1840,0.001344,0.32,0.13
1841,0.0013456,0.32,0.11
1842,0.0013472,0.32,0.13
1843,0.0013487999999999996,0.36,0.13
1844,0.0013503999999999996,0.36,0.13
1845,0.0013519999999999997,0.36,0.15
1846,0.0013535999999999997,0.4,0.15
1847,0.0013551999999999998,0.4,0.15
1848,0.0013567999999999998,0.4,0.17
1849,0.0013583999999999998,0.4,0.17
1850,0.0013599999999999999,0.4,0.17
1851,0.0013616,0.44,0.19
1852,0.0013632,0.44,0.17
1853,0.0013648,0.48,0.17
1854,0.0013663999999999996,0.44,0.19
1855,0.0013679999999999996,0.44,0.21
1856,0.0013695999999999997,0.48,0.21
1857,0.0013711999999999997,0.48,0.21
1858,0.0013727999999999998,0.52,0.23
1859,0.0013743999999999998,0.56,0.21
1860,0.0013759999999999998,0.56,0.23
1861,0.0013775999999999999,0.56,0.23
1862,0.0013792,0.56,0.23
1863,0.0013808,0.56,0.25
1864,0.0013824,0.6,0.25
1865,0.0013839999999999996,0.56,0.25
1866,0.0013855999999999996,0.6,0.25
1867,0.0013871999999999997,0.64,0.27
1868,0.0013887999999999997,0.64,0.27
1869,0.0013903999999999998,0.68,0.29
1870,0.0013919999999999998,0.64,0.29
1871,0.0013935999999999998,0.64,0.29
1872,0.0013951999999999999,0.68,0.31
1873,0.0013968,0.68,0.31
1874,0.0013984,0.72,0.31
1875,0.0014,0.68,0.31
1876,0.0014015999999999996,0.72,0.33
1877,0.0014031999999999996,0.72,0.33
1878,0.0014047999999999997,0.76,0.33
1879,0.0014063999999999997,0.76,0.33
1880,0.0014079999999999997,0.76,0.33
1881,0.0014095999999999998,0.76,0.35000000000000003
1882,0.0014111999999999998,0.8,0.35000000000000003
1883,0.0014127999999999999,0.8,0.37
1884,0.0014144,0.8,0.35000000000000003
1885,0.001416,0.84,0.37
1886,0.0014176,0.84,0.37
1887,0.0014191999999999996,0.88,0.39
1888,0.0014207999999999996,0.88,0.39
1889,0.0014223999999999997,0.88,0.39
1890,0.0014239999999999997,0.88,0.39
1891,0.0014255999999999997,0.92,0.41000000000000003
1892,0.0014271999999999998,0.92,0.43
1893,0.0014287999999999998,0.92,0.41000000000000003
1894,0.0014303999999999999,0.96,0.41000000000000003
1895,0.001432,0.96,0.41000000000000003
1896,0.0014336,0.96,0.43
1897,0.0014352,0.96,0.43
1898,0.0014367999999999996,1.0,0.45
1899,0.0014383999999999996,1.04,0.43
1900,0.0014399999999999997,1.0,0.45
1901,0.0014415999999999997,1.04,0.45
1902,0.0014431999999999997,1.04,0.45
1903,0.0014447999999999998,1.04,0.47000000000000003
1904,0.0014463999999999998,1.08,0.47000000000000003
1905,0.0014479999999999999,1.08,0.49
1906,0.0014495999999999999,1.08,0.47000000000000003
1907,0.0014512,1.08,0.49
1908,0.0014528,1.08,0.49
1909,0.0014543999999999996,1.12,0.51
1910,0.0014559999999999996,1.16,0.49
1911,0.0014575999999999997,1.16,0.51
1912,0.0014591999999999997,1.16,0.51
1913,0.0014607999999999997,1.2,0.53
1914,0.0014623999999999998,1.16,0.53
1915,0.0014639999999999998,1.2,0.53
1916,0.0014655999999999998,1.2,0.53
1917,0.0014671999999999999,1.24,0.55
1918,0.0014688,1.24,0.55
1919,0.0014704,1.24,0.5700000000000001
1920,0.001472,1.28,0.5700000000000001
1921,0.0014735999999999996,1.28,0.5700000000000001
1922,0.0014751999999999996,1.28,0.5700000000000001
1923,0.0014767999999999997,1.28,0.5700000000000001
1924,0.0014783999999999997,1.28,0.59
1925,0.0014799999999999998,1.32,0.59
1926,0.0014815999999999998,1.36,0.61
1927,0.0014831999999999998,1.36,0.61
1928,0.0014847999999999999,1.36,0.61
1929,0.0014864,1.36,0.61
1930,0.001488,1.36,0.61
1931,0.0014896,1.4000000000000001,0.63
1932,0.0014911999999999996,1.4000000000000001,0.65
1933,0.0014927999999999996,1.4000000000000001,0.63
1934,0.0014943999999999997,1.4000000000000001,0.63
1935,0.0014959999999999997,1.4000000000000001,0.65
1936,0.0014975999999999998,1.44,0.65
1937,0.0014991999999999998,1.44,0.65
1938,0.0015007999999999998,1.44,0.67
1939,0.0015023999999999999,1.48,0.67
1940,0.001504,1.52,0.67
1941,0.0015056,1.52,0.67
1942,0.0015072,1.52,0.6900000000000001
1943,0.0015087999999999996,1.52,0.6900000000000001
1944,0.0015103999999999996,1.52,0.71
1945,0.0015119999999999997,1.56,0.71
1946,0.0015135999999999997,1.56,0.71
1947,0.0015151999999999998,1.56,0.73
1948,0.0015167999999999998,1.6,0.73
1949,0.0015183999999999998,1.6,0.73
1950,0.0015199999999999999,1.6400000000000001,0.73
1951,0.0015216,1.6400000000000001,0.73
1952,0.0015232,1.6400000000000001,0.75
1953,0.0015248,1.6400000000000001,0.75
1954,0.0015263999999999996,1.68,0.77
1955,0.0015279999999999996,1.72,0.77
1956,0.0015295999999999997,1.72,0.75
1957,0.0015311999999999997,1.72,0.77
1958,0.0015327999999999997,1.76,0.77
1959,0.0015343999999999998,1.72,0.77
1960,0.0015359999999999998,1.76,0.79
1961,0.0015375999999999999,1.76,0.79
1962,0.0015392,1.76,0.81
1963,0.0015408,1.76,0.79
1964,0.0015424,1.8,0.81
1965,0.0015439999999999996,1.8,0.81
1966,0.0015455999999999996,1.84,0.8300000000000001
1967,0.0015471999999999997,1.84,0.8300000000000001
1968,0.0015487999999999997,1.84,0.8300000000000001
1969,0.0015503999999999997,1.8800000000000001,0.8300000000000001
1970,0.0015519999999999998,1.84,0.85
1971,0.0015535999999999998,1.8800000000000001,0.87
1972,0.0015551999999999999,1.8800000000000001,0.87
1973,0.0015568,1.92,0.85
1974,0.0015584,1.92,0.87
1975,0.00156,1.92,0.87
1976,0.0015615999999999996,1.92,0.87
1977,0.0015631999999999996,1.92,0.89
1978,0.0015647999999999997,1.96,0.89
1979,0.0015663999999999997,1.96,0.91
1980,0.0015679999999999997,1.96,0.89
1981,0.0015695999999999998,2.0,0.91
1982,0.0015711999999999998,2.04,0.91
1983,0.0015727999999999998,2.04,0.91
1984,0.0015743999999999999,2.0,0.93
1985,0.001576,2.04,0.93
1986,0.0015776,2.08,0.9500000000000001
1987,0.0015791999999999996,2.08,0.9500000000000001
1988,0.0015807999999999996,2.08,0.9500000000000001
1989,0.0015823999999999996,2.08,0.9500000000000001
1990,0.0015839999999999997,2.08,0.9500000000000001
1991,0.0015855999999999997,2.12,0.97
1992,0.0015871999999999998,2.12,0.97
1993,0.0015887999999999998,2.16,0.99
1994,0.0015903999999999998,2.12,0.97
1995,0.0015919999999999999,2.16,0.99
1996,0.0015936,2.16,0.99
1997,0.0015952,2.2,0.99
1998,0.0015967999999999996,2.2,0.99
1999,0.0015983999999999996,2.2,1.01
