,time,v1,v2
0,-3.2e-05,4.16,1.27
1,-3.1967999999999996e-05,4.2,1.27
2,-3.1936e-05,4.2,1.29
3,-3.1904e-05,4.2,1.29
4,-3.1871999999999996e-05,4.24,1.29
5,-3.184e-05,4.24,1.31
6,-3.1808e-05,4.28,1.31
7,-3.1775999999999995e-05,4.28,1.31
8,-3.1744e-05,4.32,1.31
9,-3.1712e-05,4.28,1.31
10,-3.168e-05,4.32,1.31
11,-3.1648e-05,4.32,1.33
12,-3.1616e-05,4.36,1.33
13,-3.1584e-05,4.4,1.33
14,-3.1552e-05,4.4,1.35
15,-3.1519999999999996e-05,4.4,1.33
16,-3.1488e-05,4.44,1.33
17,-3.1456e-05,4.44,1.35
18,-3.1423999999999996e-05,4.48,1.35
19,-3.1392e-05,4.48,1.35
20,-3.136e-05,4.48,1.35
21,-3.1327999999999995e-05,4.5200000000000005,1.35
22,-3.1296e-05,4.5200000000000005,1.35
23,-3.1264e-05,4.5600000000000005,1.37
24,-3.1232e-05,4.5600000000000005,1.37
25,-3.12e-05,4.5600000000000005,1.37
26,-3.1168e-05,4.6000000000000005,1.37
27,-3.1136e-05,4.6000000000000005,1.3900000000000001
28,-3.1104e-05,4.6000000000000005,1.3900000000000001
29,-3.1071999999999997e-05,4.64,1.3900000000000001
30,-3.104e-05,4.68,1.3900000000000001
31,-3.1008e-05,4.68,1.3900000000000001
32,-3.0975999999999996e-05,4.68,1.41
33,-3.0944e-05,4.72,1.41
34,-3.0912e-05,4.72,1.43
35,-3.0879999999999996e-05,4.72,1.43
36,-3.0848e-05,4.72,1.41
37,-3.0816e-05,4.76,1.43
38,-3.0783999999999995e-05,4.8,1.45
39,-3.0752e-05,4.8,1.43
40,-3.072e-05,4.8,1.43
41,-3.0688e-05,4.84,1.43
42,-3.0656e-05,4.84,1.45
43,-3.0624e-05,4.84,1.45
44,-3.0592e-05,4.88,1.45
45,-3.056e-05,4.88,1.47
46,-3.0527999999999996e-05,4.92,1.45
47,-3.0495999999999997e-05,4.96,1.49
48,-3.0464e-05,4.96,1.47
49,-3.0432e-05,4.96,1.49
50,-3.0399999999999997e-05,5.0,1.49
51,-3.0367999999999998e-05,0.4,1.45
52,-3.0336e-05,0.04,1.47
53,-3.0304e-05,0.12,1.43
54,-3.0271999999999997e-05,0.08,1.45
55,-3.024e-05,0.08,1.41
56,-3.0208e-05,0.16,1.43
57,-3.0175999999999997e-05,0.12,1.41
58,-3.0143999999999998e-05,0.16,1.41
59,-3.0112e-05,0.16,1.3900000000000001
60,-3.0079999999999997e-05,0.16,1.3900000000000001
61,-3.0047999999999998e-05,0.2,1.3900000000000001
62,-3.0016e-05,0.24,1.37
63,-2.9984e-05,0.24,1.37
64,-2.9951999999999997e-05,0.24,1.37
65,-2.9919999999999998e-05,0.24,1.35
66,-2.9888e-05,0.28,1.35
67,-2.9856e-05,0.28,1.35
68,-2.9823999999999998e-05,0.32,1.33
69,-2.9792e-05,0.32,1.33
70,-2.976e-05,0.36,1.33
71,-2.9727999999999997e-05,0.36,1.31
72,-2.9695999999999998e-05,0.36,1.31
73,-2.9664e-05,0.4,1.31
74,-2.9631999999999997e-05,0.4,1.31
75,-2.9599999999999998e-05,0.4,1.31
76,-2.9568e-05,0.44,1.29
77,-2.9536e-05,0.44,1.29
78,-2.9503999999999997e-05,0.48,1.27
79,-2.9472e-05,0.48,1.29
80,-2.944e-05,0.48,1.27
81,-2.9407999999999997e-05,0.52,1.25
82,-2.9375999999999998e-05,0.52,1.25
83,-2.9344e-05,0.56,1.25
84,-2.9312e-05,0.56,1.25
85,-2.9279999999999997e-05,0.56,1.25
86,-2.9248e-05,0.6,1.23
87,-2.9216e-05,0.6,1.25
88,-2.9183999999999997e-05,0.64,1.23
89,-2.9151999999999998e-05,0.64,1.23
90,-2.912e-05,0.64,1.21
91,-2.9087999999999997e-05,0.68,1.21
92,-2.9055999999999998e-05,0.68,1.21
93,-2.9024e-05,0.72,1.19
94,-2.8992e-05,0.72,1.19
95,-2.8959999999999997e-05,0.72,1.19
96,-2.8927999999999998e-05,0.76,1.19
97,-2.8896e-05,0.76,1.19
98,-2.8864e-05,0.8,1.17
99,-2.8831999999999998e-05,0.8,1.19
100,-2.88e-05,0.84,1.19
101,-2.8768e-05,0.84,1.17
102,-2.8735999999999997e-05,0.84,1.17
103,-2.8703999999999998e-05,0.88,1.17
104,-2.8672e-05,0.88,1.1500000000000001
105,-2.8639999999999997e-05,0.92,1.1500000000000001
106,-2.8607999999999998e-05,0.92,1.17
107,-2.8576e-05,0.92,1.1500000000000001
108,-2.8544e-05,0.92,1.1500000000000001
109,-2.8511999999999997e-05,0.96,1.1500000000000001
110,-2.848e-05,1.0,1.1300000000000001
111,-2.8448e-05,1.0,1.1500000000000001
112,-2.8415999999999997e-05,1.0,1.1300000000000001
113,-2.8383999999999998e-05,1.0,1.1300000000000001
114,-2.8352e-05,1.04,1.1300000000000001
115,-2.832e-05,1.08,1.1300000000000001
116,-2.8287999999999998e-05,1.08,1.11
117,-2.8256e-05,1.08,1.11
118,-2.8224e-05,1.12,1.11
119,-2.8191999999999997e-05,1.12,1.11
120,-2.8159999999999998e-05,1.16,1.11
121,-2.8128e-05,1.16,1.11
122,-2.8095999999999997e-05,1.2,1.09
123,-2.8063999999999998e-05,1.16,1.09
124,-2.8032e-05,1.2,1.09
125,-2.7999999999999996e-05,1.2,1.11
126,-2.7967999999999997e-05,1.24,1.09
127,-2.7935999999999998e-05,1.24,1.09
128,-2.7904e-05,1.24,1.09
129,-2.7872e-05,1.28,1.07
130,-2.7839999999999998e-05,1.28,1.09
131,-2.7808e-05,1.28,1.09
132,-2.7776e-05,1.32,1.07
133,-2.7743999999999997e-05,1.32,1.09
134,-2.7711999999999998e-05,1.32,1.07
135,-2.768e-05,1.4000000000000001,1.07
136,-2.7647999999999997e-05,1.36,1.07
137,-2.7615999999999998e-05,1.4000000000000001,1.07
138,-2.7584e-05,1.4000000000000001,1.05
139,-2.7551999999999996e-05,1.44,1.05
140,-2.7519999999999997e-05,1.48,1.07
141,-2.7488e-05,1.48,1.05
142,-2.7456e-05,1.48,1.05
143,-2.7424e-05,1.48,1.05
144,-2.7391999999999998e-05,1.52,1.05
145,-2.736e-05,1.52,1.05
146,-2.7328e-05,1.56,1.05
147,-2.7295999999999998e-05,1.56,1.05
148,-2.7264e-05,1.6,1.05
149,-2.7232e-05,1.6,1.05
150,-2.7199999999999997e-05,1.6400000000000001,1.03
151,-2.7167999999999998e-05,1.6400000000000001,1.05
152,-2.7136e-05,1.6400000000000001,1.05
153,-2.7103999999999997e-05,1.6400000000000001,1.03
154,-2.7071999999999998e-05,1.68,1.03
155,-2.704e-05,1.68,1.05
156,-2.7007999999999996e-05,1.72,1.03
157,-2.6975999999999997e-05,1.72,1.03
158,-2.6943999999999998e-05,1.72,1.03
159,-2.6912e-05,1.8,1.03
160,-2.688e-05,1.76,1.03
161,-2.6847999999999998e-05,1.8,1.03
162,-2.6816e-05,1.8,1.03
163,-2.6784e-05,1.84,1.03
164,-2.6751999999999997e-05,1.84,1.03
165,-2.6719999999999998e-05,1.84,1.03
166,-2.6688e-05,1.8800000000000001,1.03
167,-2.6655999999999997e-05,1.8800000000000001,1.03
168,-2.6623999999999998e-05,1.8800000000000001,1.03
169,-2.6592e-05,1.92,1.03
170,-2.6559999999999996e-05,1.92,1.03
171,-2.6527999999999997e-05,1.96,1.03
172,-2.6496e-05,1.96,1.03
173,-2.6464e-05,1.96,1.01
174,-2.6431999999999997e-05,2.0,1.01
175,-2.6399999999999998e-05,2.04,1.01
176,-2.6368e-05,2.04,1.01
177,-2.6336e-05,2.04,1.03
178,-2.6303999999999998e-05,2.04,1.03
179,-2.6272e-05,2.08,1.01
180,-2.624e-05,2.08,1.03
181,-2.6207999999999997e-05,2.12,1.01
182,-2.6175999999999998e-05,2.16,1.01
183,-2.6144e-05,2.12,1.03
184,-2.6111999999999997e-05,2.16,1.01
185,-2.6079999999999998e-05,2.16,1.03
186,-2.6048e-05,2.16,1.01
187,-2.6015999999999996e-05,2.2,1.01
188,-2.5983999999999997e-05,2.24,1.01
189,-2.5951999999999998e-05,2.2,1.01
190,-2.592e-05,2.24,1.01
191,-2.5888e-05,2.24,1.01
192,-2.5855999999999998e-05,2.2800000000000002,1.01
193,-2.5824e-05,2.2800000000000002,1.01
194,-2.5792e-05,2.32,1.03
195,-2.5759999999999997e-05,2.32,1.01
196,-2.5727999999999998e-05,2.32,1.03
197,-2.5696e-05,2.32,1.03
198,-2.5663999999999997e-05,2.36,1.01
199,-2.5631999999999998e-05,2.36,1.01
200,-2.56e-05,2.4,1.03
201,-2.5567999999999996e-05,2.4,1.03
202,-2.5535999999999997e-05,2.44,1.03
203,-2.5504e-05,2.44,1.03
204,-2.5472e-05,2.44,1.03
205,-2.5439999999999997e-05,2.48,1.03
206,-2.5407999999999998e-05,2.48,1.03
207,-2.5376e-05,2.52,1.03
208,-2.5344e-05,2.52,1.03
209,-2.5311999999999998e-05,2.52,1.03
210,-2.528e-05,2.56,1.03
211,-2.5248e-05,2.6,1.03
212,-2.5215999999999997e-05,2.56,1.03
213,-2.5183999999999998e-05,2.64,1.03
214,-2.5152e-05,2.6,1.05
215,-2.5119999999999997e-05,2.64,1.03
216,-2.5087999999999998e-05,2.68,1.03
217,-2.5056e-05,2.68,1.05
218,-2.5023999999999996e-05,2.68,1.05
219,-2.4991999999999997e-05,2.72,1.05
220,-2.4959999999999998e-05,2.72,1.03
221,-2.4928e-05,2.72,1.05
222,-2.4896e-05,2.7600000000000002,1.05
223,-2.4863999999999998e-05,2.7600000000000002,1.05
224,-2.4832e-05,2.7600000000000002,1.05
225,-2.48e-05,2.8000000000000003,1.05
226,-2.4767999999999997e-05,2.84,1.05
227,-2.4735999999999998e-05,2.84,1.05
228,-2.4704e-05,2.84,1.05
229,-2.4671999999999997e-05,2.88,1.05
230,-2.4639999999999998e-05,2.88,1.05
231,-2.4608e-05,2.88,1.05
232,-2.4575999999999996e-05,2.92,1.07
233,-2.4543999999999997e-05,2.92,1.05
234,-2.4512e-05,2.96,1.07
235,-2.4479999999999996e-05,2.96,1.07
236,-2.4447999999999997e-05,3.0,1.07
237,-2.4415999999999998e-05,3.0,1.07
238,-2.4384e-05,3.0,1.07
239,-2.4352e-05,3.0,1.07
240,-2.4319999999999998e-05,3.04,1.07
241,-2.4288e-05,3.04,1.09
242,-2.4256e-05,3.08,1.09
243,-2.4223999999999997e-05,3.08,1.07
244,-2.4191999999999998e-05,3.12,1.07
245,-2.416e-05,3.12,1.07
246,-2.4127999999999997e-05,3.12,1.09
247,-2.4095999999999998e-05,3.16,1.09
248,-2.4064e-05,3.16,1.09
249,-2.4031999999999996e-05,3.2,1.09
250,-2.3999999999999997e-05,3.2,1.09
251,-2.3967999999999998e-05,3.2,1.09
252,-2.3935999999999996e-05,3.24,1.11
253,-2.3904e-05,3.24,1.11
254,-2.3871999999999998e-05,3.2800000000000002,1.09
255,-2.384e-05,3.2800000000000002,1.11
256,-2.3808e-05,3.3200000000000003,1.11
257,-2.3775999999999997e-05,3.3200000000000003,1.11
258,-2.3744e-05,3.3200000000000003,1.11
259,-2.3712e-05,3.36,1.11
260,-2.3679999999999997e-05,3.36,1.11
261,-2.3647999999999998e-05,3.36,1.11
262,-2.3616e-05,3.4,1.11
263,-2.3583999999999996e-05,3.4,1.1300000000000001
264,-2.3551999999999997e-05,3.4,1.1300000000000001
265,-2.352e-05,3.44,1.1300000000000001
266,-2.3487999999999996e-05,3.44,1.1300000000000001
267,-2.3456e-05,3.48,1.1300000000000001
268,-2.3423999999999998e-05,3.48,1.1500000000000001
269,-2.3391999999999996e-05,3.52,1.1500000000000001
270,-2.336e-05,3.52,1.1500000000000001
271,-2.3327999999999998e-05,3.56,1.1500000000000001
272,-2.3296e-05,3.56,1.1500000000000001
273,-2.3264e-05,3.56,1.1500000000000001
274,-2.3231999999999997e-05,3.56,1.1500000000000001
275,-2.3199999999999998e-05,3.56,1.1500000000000001
276,-2.3168e-05,3.6,1.1500000000000001
277,-2.3135999999999997e-05,3.64,1.17
278,-2.3103999999999998e-05,3.64,1.1500000000000001
279,-2.3072e-05,3.68,1.17
280,-2.3039999999999996e-05,3.68,1.17
281,-2.3007999999999997e-05,3.68,1.17
282,-2.2975999999999998e-05,3.72,1.17
283,-2.2943999999999996e-05,3.72,1.17
284,-2.2912e-05,3.72,1.17
285,-2.2879999999999998e-05,3.7600000000000002,1.17
286,-2.2848e-05,3.7600000000000002,1.19
287,-2.2816e-05,3.7600000000000002,1.19
288,-2.2783999999999997e-05,3.8000000000000003,1.19
289,-2.2752e-05,3.84,1.19
290,-2.272e-05,3.8000000000000003,1.19
291,-2.2687999999999997e-05,3.84,1.21
292,-2.2655999999999998e-05,3.84,1.21
293,-2.2624e-05,3.88,1.21
294,-2.2591999999999996e-05,3.88,1.23
295,-2.2559999999999997e-05,3.92,1.23
296,-2.2528e-05,3.92,1.21
297,-2.2495999999999996e-05,3.96,1.21
298,-2.2464e-05,3.92,1.23
299,-2.2431999999999998e-05,3.96,1.21
300,-2.2399999999999996e-05,4.0,1.23
301,-2.2368e-05,4.0,1.23
302,-2.2335999999999998e-05,4.0,1.23
303,-2.2304e-05,4.04,1.23
304,-2.2272e-05,4.04,1.25
305,-2.2239999999999997e-05,4.04,1.25
306,-2.2207999999999998e-05,4.08,1.25
307,-2.2176e-05,4.08,1.25
308,-2.2143999999999997e-05,4.12,1.27
309,-2.2111999999999998e-05,4.12,1.27
310,-2.208e-05,4.12,1.27
311,-2.2047999999999996e-05,4.16,1.27
312,-2.2015999999999997e-05,4.2,1.27
313,-2.1983999999999998e-05,4.16,1.27
314,-2.1951999999999996e-05,4.2,1.29
315,-2.192e-05,4.2,1.29
316,-2.1887999999999998e-05,4.24,1.31
317,-2.1855999999999995e-05,4.24,1.29
318,-2.1824e-05,4.28,1.29
319,-2.1791999999999997e-05,4.28,1.31
320,-2.176e-05,4.28,1.31
321,-2.1728e-05,4.32,1.31
322,-2.1695999999999997e-05,4.36,1.33
323,-2.1663999999999998e-05,4.36,1.31
324,-2.1632e-05,4.36,1.31
325,-2.1599999999999996e-05,4.4,1.33
326,-2.1567999999999997e-05,4.4,1.33
327,-2.1536e-05,4.4,1.35
328,-2.1503999999999996e-05,4.4,1.35
329,-2.1472e-05,4.44,1.33
330,-2.1439999999999998e-05,4.44,1.35
331,-2.1407999999999996e-05,4.44,1.35
332,-2.1376e-05,4.5200000000000005,1.37
333,-2.1343999999999998e-05,4.5200000000000005,1.35
334,-2.1312e-05,4.5200000000000005,1.37
335,-2.128e-05,4.5600000000000005,1.37
336,-2.1247999999999997e-05,4.5600000000000005,1.37
337,-2.1215999999999998e-05,4.5600000000000005,1.37
338,-2.1184e-05,4.5600000000000005,1.3900000000000001
339,-2.1151999999999997e-05,4.6000000000000005,1.3900000000000001
340,-2.1119999999999998e-05,4.6000000000000005,1.3900000000000001
341,-2.1088e-05,4.64,1.3900000000000001
342,-2.1055999999999996e-05,4.64,1.41
343,-2.1023999999999997e-05,4.68,1.3900000000000001
344,-2.0991999999999998e-05,4.68,1.41
345,-2.0959999999999996e-05,4.68,1.41
346,-2.0928e-05,4.72,1.41
347,-2.0895999999999998e-05,4.72,1.41
348,-2.0863999999999995e-05,4.72,1.43
349,-2.0832e-05,4.76,1.43
350,-2.0799999999999997e-05,4.76,1.43
351,-2.0768e-05,4.8,1.43
352,-2.0736e-05,4.8,1.43
353,-2.0703999999999997e-05,4.84,1.45
354,-2.0671999999999998e-05,4.84,1.45
355,-2.064e-05,4.84,1.45
356,-2.0607999999999996e-05,4.84,1.45
357,-2.0575999999999997e-05,4.88,1.47
358,-2.0544e-05,4.92,1.47
359,-2.0511999999999996e-05,4.92,1.47
360,-2.0479999999999997e-05,4.92,1.47
361,-2.0447999999999998e-05,4.96,1.47
362,-2.0415999999999996e-05,5.0,1.47
363,-2.0384e-05,1.32,1.51
364,-2.0351999999999998e-05,0.0,1.51
365,-2.032e-05,0.12,1.41
366,-2.0288e-05,0.04,1.43
367,-2.0255999999999997e-05,0.12,1.43
368,-2.0223999999999998e-05,0.08,1.41
369,-2.0192e-05,0.16,1.43
370,-2.0159999999999997e-05,0.16,1.41
371,-2.0127999999999998e-05,0.16,1.3900000000000001
372,-2.0096e-05,0.2,1.3900000000000001
373,-2.0063999999999996e-05,0.16,1.3900000000000001
374,-2.0031999999999997e-05,0.24,1.3900000000000001
375,-1.9999999999999998e-05,0.24,1.3900000000000001
376,-1.9967999999999996e-05,0.24,1.37
377,-1.9936e-05,0.28,1.37
378,-1.9903999999999998e-05,0.28,1.37
379,-1.9871999999999995e-05,0.28,1.35
380,-1.984e-05,0.32,1.35
381,-1.9807999999999997e-05,0.36,1.33
382,-1.9776e-05,0.32,1.33
383,-1.9744e-05,0.36,1.33
384,-1.9711999999999997e-05,0.36,1.31
385,-1.9679999999999998e-05,0.4,1.31
386,-1.9648e-05,0.4,1.31
387,-1.9615999999999997e-05,0.44,1.29
388,-1.9583999999999997e-05,0.44,1.29
389,-1.9552e-05,0.48,1.29
390,-1.9519999999999996e-05,0.44,1.27
391,-1.9487999999999997e-05,0.48,1.27
392,-1.9455999999999998e-05,0.48,1.27
393,-1.9423999999999996e-05,0.52,1.27
394,-1.9392e-05,0.52,1.25
395,-1.9359999999999998e-05,0.56,1.25
396,-1.9328e-05,0.56,1.25
397,-1.9296e-05,0.56,1.25
398,-1.9263999999999997e-05,0.6,1.25
399,-1.9231999999999998e-05,0.6,1.23
400,-1.92e-05,0.64,1.23
401,-1.9167999999999997e-05,0.64,1.23
402,-1.9135999999999998e-05,0.64,1.21
403,-1.9104e-05,0.68,1.21
404,-1.9071999999999996e-05,0.68,1.23
405,-1.9039999999999997e-05,0.72,1.21
406,-1.9007999999999998e-05,0.72,1.19
407,-1.8975999999999996e-05,0.72,1.19
408,-1.8944e-05,0.76,1.19
409,-1.8911999999999998e-05,0.76,1.19
410,-1.8879999999999995e-05,0.76,1.19
411,-1.8848e-05,0.8,1.17
412,-1.8815999999999997e-05,0.8,1.17
413,-1.8784e-05,0.84,1.17
414,-1.8752e-05,0.84,1.17
415,-1.8719999999999997e-05,0.84,1.17
416,-1.8687999999999998e-05,0.88,1.1500000000000001
417,-1.8656e-05,0.88,1.1500000000000001
418,-1.8623999999999997e-05,0.88,1.1500000000000001
419,-1.8591999999999997e-05,0.92,1.1500000000000001
420,-1.856e-05,0.96,1.17
421,-1.8527999999999996e-05,0.96,1.1300000000000001
422,-1.8495999999999997e-05,0.96,1.1300000000000001
423,-1.8463999999999998e-05,1.0,1.1300000000000001
424,-1.8431999999999996e-05,1.0,1.1300000000000001
425,-1.84e-05,1.0,1.1300000000000001
426,-1.8367999999999998e-05,1.0,1.1300000000000001
427,-1.8335999999999995e-05,1.04,1.11
428,-1.8304e-05,1.08,1.11
429,-1.8271999999999997e-05,1.04,1.11
430,-1.8239999999999998e-05,1.08,1.11
431,-1.8208e-05,1.12,1.11
432,-1.8175999999999997e-05,1.12,1.11
433,-1.8143999999999998e-05,1.16,1.09
434,-1.8112e-05,1.16,1.11
435,-1.8079999999999996e-05,1.2,1.11
436,-1.8047999999999997e-05,1.16,1.09
437,-1.8015999999999998e-05,1.24,1.09
438,-1.7983999999999996e-05,1.24,1.11
439,-1.7951999999999997e-05,1.24,1.09
440,-1.7919999999999998e-05,1.24,1.09
441,-1.7887999999999995e-05,1.28,1.09
442,-1.7856e-05,1.28,1.07
443,-1.7823999999999997e-05,1.28,1.09
444,-1.7792e-05,1.32,1.09
445,-1.776e-05,1.32,1.09
446,-1.7727999999999997e-05,1.36,1.07
447,-1.7695999999999998e-05,1.36,1.07
448,-1.7664e-05,1.36,1.07
449,-1.7631999999999997e-05,1.44,1.07
450,-1.7599999999999998e-05,1.4000000000000001,1.05
451,-1.7568e-05,1.44,1.07
452,-1.7535999999999996e-05,1.44,1.07
453,-1.7503999999999997e-05,1.44,1.05
454,-1.7471999999999998e-05,1.48,1.05
455,-1.7439999999999996e-05,1.48,1.07
456,-1.7408e-05,1.52,1.07
457,-1.7375999999999998e-05,1.52,1.05
458,-1.7343999999999995e-05,1.52,1.05
459,-1.7312e-05,1.56,1.05
460,-1.7279999999999997e-05,1.56,1.05
461,-1.7247999999999998e-05,1.6,1.05
462,-1.7216e-05,1.6,1.03
463,-1.7183999999999997e-05,1.6400000000000001,1.05
464,-1.7151999999999998e-05,1.6400000000000001,1.05
465,-1.712e-05,1.6400000000000001,1.03
466,-1.7087999999999996e-05,1.6400000000000001,1.03
467,-1.7055999999999997e-05,1.72,1.03
468,-1.7023999999999998e-05,1.68,1.03
469,-1.6991999999999996e-05,1.72,1.03
470,-1.6959999999999997e-05,1.76,1.05
471,-1.6927999999999998e-05,1.72,1.03
472,-1.6895999999999995e-05,1.8,1.03
473,-1.6864e-05,1.76,1.03
474,-1.6831999999999997e-05,1.8,1.03
475,-1.68e-05,1.8,1.03
476,-1.6768e-05,1.84,1.03
477,-1.6735999999999997e-05,1.84,1.03
478,-1.6703999999999998e-05,1.8800000000000001,1.03
479,-1.6672e-05,1.8800000000000001,1.03
480,-1.6639999999999997e-05,1.8800000000000001,1.03
481,-1.6607999999999998e-05,1.92,1.03
482,-1.6576e-05,1.92,1.03
483,-1.6543999999999996e-05,1.92,1.01
484,-1.6511999999999997e-05,2.0,1.03
485,-1.6479999999999998e-05,1.96,1.01
486,-1.6448e-05,2.0,1.03
487,-1.6415999999999997e-05,2.0,1.01
488,-1.6383999999999998e-05,2.04,1.03
489,-1.6352e-05,2.04,1.01
490,-1.6319999999999996e-05,2.04,1.01
491,-1.6287999999999997e-05,2.08,1.01
492,-1.6255999999999998e-05,2.08,1.03
493,-1.6224e-05,2.08,1.01
494,-1.6191999999999997e-05,2.08,1.01
495,-1.6159999999999998e-05,2.12,1.01
496,-1.6128e-05,2.12,1.01
497,-1.6095999999999996e-05,2.16,1.01
498,-1.6063999999999997e-05,2.16,1.01
499,-1.6031999999999998e-05,2.24,1.01
500,-1.5999999999999996e-05,2.24,1.03
501,-1.5967999999999997e-05,2.2,1.01
502,-1.5935999999999998e-05,2.2800000000000002,1.01
503,-1.5904e-05,2.24,1.03
504,-1.5871999999999996e-05,2.2800000000000002,1.01
505,-1.5839999999999997e-05,2.2800000000000002,1.01
506,-1.5808e-05,2.32,1.03
507,-1.5775999999999996e-05,2.32,1.03
508,-1.5743999999999997e-05,2.32,1.01
509,-1.5711999999999998e-05,2.36,1.03
510,-1.568e-05,2.36,1.03
511,-1.5647999999999997e-05,2.36,1.03
512,-1.5615999999999998e-05,2.4,1.03
513,-1.5584e-05,2.4,1.01
514,-1.5551999999999996e-05,2.44,1.03
515,-1.5519999999999997e-05,2.44,1.03
516,-1.5487999999999998e-05,2.44,1.03
517,-1.5456e-05,2.52,1.05
518,-1.5423999999999997e-05,2.48,1.03
519,-1.5391999999999998e-05,2.52,1.03
520,-1.536e-05,2.52,1.05
521,-1.5327999999999996e-05,2.52,1.05
522,-1.5295999999999997e-05,2.56,1.03
523,-1.5263999999999998e-05,2.56,1.05
524,-1.5232e-05,2.6,1.03
525,-1.5199999999999997e-05,2.64,1.03
526,-1.5167999999999998e-05,2.6,1.05
527,-1.5135999999999999e-05,2.64,1.03
528,-1.5103999999999996e-05,2.64,1.03
529,-1.5071999999999997e-05,2.64,1.03
530,-1.5039999999999998e-05,2.68,1.03
531,-1.5007999999999996e-05,2.68,1.05
532,-1.4975999999999997e-05,2.72,1.05
533,-1.4943999999999998e-05,2.72,1.05
534,-1.4911999999999999e-05,2.7600000000000002,1.03
535,-1.4879999999999996e-05,2.7600000000000002,1.05
536,-1.4847999999999997e-05,2.7600000000000002,1.05
537,-1.4815999999999998e-05,2.8000000000000003,1.05
538,-1.4783999999999996e-05,2.8000000000000003,1.05
539,-1.4751999999999997e-05,2.8000000000000003,1.05
540,-1.4719999999999998e-05,2.84,1.05
541,-1.4687999999999999e-05,2.84,1.05
542,-1.4655999999999997e-05,2.88,1.05
543,-1.4623999999999998e-05,2.88,1.05
544,-1.4591999999999999e-05,2.92,1.05
545,-1.4559999999999996e-05,2.92,1.07
546,-1.4527999999999997e-05,2.96,1.05
547,-1.4495999999999998e-05,2.96,1.05
548,-1.4463999999999999e-05,2.96,1.07
549,-1.4431999999999997e-05,3.0,1.07
550,-1.4399999999999998e-05,3.0,1.07
551,-1.4367999999999999e-05,3.0,1.07
552,-1.4335999999999996e-05,3.04,1.07
553,-1.4303999999999997e-05,3.04,1.07
554,-1.4271999999999998e-05,3.08,1.07
555,-1.4239999999999996e-05,3.08,1.07
556,-1.4207999999999997e-05,3.08,1.09
557,-1.4175999999999998e-05,3.12,1.07
558,-1.4143999999999999e-05,3.16,1.09
559,-1.4111999999999996e-05,3.16,1.07
560,-1.4079999999999997e-05,3.16,1.09
561,-1.4047999999999998e-05,3.16,1.11
562,-1.4015999999999996e-05,3.2,1.11
563,-1.3983999999999997e-05,3.2,1.09
564,-1.3951999999999998e-05,3.24,1.09
565,-1.3919999999999999e-05,3.24,1.09
566,-1.3887999999999996e-05,3.2800000000000002,1.09
567,-1.3855999999999997e-05,3.2800000000000002,1.11
568,-1.3823999999999998e-05,3.2800000000000002,1.11
569,-1.3791999999999996e-05,3.3200000000000003,1.11
570,-1.3759999999999997e-05,3.3200000000000003,1.11
571,-1.3727999999999998e-05,3.3200000000000003,1.11
572,-1.3695999999999999e-05,3.36,1.11
573,-1.3663999999999997e-05,3.36,1.11
574,-1.3631999999999998e-05,3.4,1.1300000000000001
575,-1.3599999999999999e-05,3.44,1.1300000000000001
576,-1.3567999999999996e-05,3.4,1.11
577,-1.3535999999999997e-05,3.44,1.1300000000000001
578,-1.3503999999999998e-05,3.44,1.1300000000000001
579,-1.3471999999999999e-05,3.44,1.1300000000000001
580,-1.3439999999999997e-05,3.48,1.1300000000000001
581,-1.3407999999999998e-05,3.48,1.1300000000000001
582,-1.3375999999999999e-05,3.52,1.1500000000000001
583,-1.3343999999999996e-05,3.52,1.1500000000000001
584,-1.3311999999999997e-05,3.52,1.1500000000000001
585,-1.3279999999999998e-05,3.56,1.1500000000000001
586,-1.3247999999999996e-05,3.6,1.1500000000000001
587,-1.3215999999999997e-05,3.6,1.1500000000000001
588,-1.3183999999999998e-05,3.64,1.17
589,-1.3151999999999999e-05,3.6,1.1500000000000001
590,-1.3119999999999996e-05,3.64,1.17
591,-1.3087999999999997e-05,3.64,1.17
592,-1.3055999999999998e-05,3.68,1.17
593,-1.3023999999999996e-05,3.68,1.19
594,-1.2991999999999997e-05,3.68,1.19
595,-1.2959999999999998e-05,3.72,1.17
596,-1.2927999999999999e-05,3.72,1.17
597,-1.2895999999999996e-05,3.72,1.19
598,-1.2863999999999997e-05,3.7600000000000002,1.19
599,-1.2831999999999998e-05,3.8000000000000003,1.19
600,-1.2799999999999996e-05,3.8000000000000003,1.19
601,-1.2767999999999997e-05,3.8000000000000003,1.21
602,-1.2735999999999998e-05,3.84,1.19
603,-1.2703999999999999e-05,3.84,1.21
604,-1.2671999999999997e-05,3.84,1.21
605,-1.2639999999999998e-05,3.88,1.21
606,-1.2607999999999999e-05,3.88,1.23
607,-1.2575999999999996e-05,3.88,1.21
608,-1.2543999999999997e-05,3.92,1.23
609,-1.2511999999999998e-05,3.96,1.23
610,-1.2479999999999996e-05,3.96,1.21
611,-1.2447999999999997e-05,3.96,1.23
612,-1.2415999999999998e-05,4.0,1.23
613,-1.2383999999999999e-05,4.0,1.23
614,-1.2351999999999996e-05,4.0,1.23
615,-1.2319999999999997e-05,4.04,1.25
616,-1.2287999999999998e-05,4.04,1.25
617,-1.2255999999999996e-05,4.08,1.25
618,-1.2223999999999997e-05,4.08,1.25
619,-1.2191999999999998e-05,4.08,1.25
620,-1.2159999999999999e-05,4.12,1.25
621,-1.2127999999999996e-05,4.12,1.27
622,-1.2095999999999997e-05,4.12,1.27
623,-1.2063999999999998e-05,4.16,1.27
624,-1.2031999999999996e-05,4.2,1.27
625,-1.1999999999999997e-05,4.2,1.27
626,-1.1967999999999998e-05,4.2,1.27
627,-1.1935999999999999e-05,4.2,1.29
628,-1.1903999999999996e-05,4.24,1.29
629,-1.1871999999999997e-05,4.28,1.29
630,-1.1839999999999998e-05,4.24,1.31
631,-1.1807999999999996e-05,4.28,1.29
632,-1.1775999999999997e-05,4.28,1.31
633,-1.1743999999999998e-05,4.28,1.31
634,-1.1711999999999996e-05,4.32,1.31
635,-1.1679999999999997e-05,4.36,1.31
636,-1.1647999999999998e-05,4.36,1.31
637,-1.1615999999999999e-05,4.36,1.33
638,-1.1583999999999996e-05,4.4,1.33
639,-1.1551999999999997e-05,4.4,1.33
640,-1.1519999999999998e-05,4.4,1.33
641,-1.1487999999999996e-05,4.44,1.33
642,-1.1455999999999997e-05,4.44,1.35
643,-1.1423999999999998e-05,4.48,1.35
644,-1.1391999999999999e-05,4.48,1.35
645,-1.1359999999999996e-05,4.48,1.35
646,-1.1327999999999997e-05,4.5200000000000005,1.35
647,-1.1295999999999998e-05,4.5200000000000005,1.35
648,-1.1263999999999996e-05,4.5200000000000005,1.37
649,-1.1231999999999997e-05,4.5600000000000005,1.37
650,-1.1199999999999998e-05,4.5600000000000005,1.37
651,-1.1167999999999999e-05,4.6000000000000005,1.37
652,-1.1135999999999996e-05,4.6000000000000005,1.3900000000000001
653,-1.1103999999999997e-05,4.64,1.3900000000000001
654,-1.1071999999999998e-05,4.64,1.3900000000000001
655,-1.1039999999999996e-05,4.64,1.3900000000000001
656,-1.1007999999999997e-05,4.68,1.41
657,-1.0975999999999998e-05,4.68,1.41
658,-1.0943999999999999e-05,4.72,1.41
659,-1.0911999999999996e-05,4.72,1.43
660,-1.0879999999999997e-05,4.76,1.43
661,-1.0847999999999998e-05,4.76,1.41
662,-1.0815999999999996e-05,4.8,1.43
663,-1.0783999999999997e-05,4.76,1.43
664,-1.0751999999999998e-05,4.8,1.43
665,-1.0719999999999996e-05,4.8,1.45
666,-1.0687999999999997e-05,4.84,1.43
667,-1.0655999999999998e-05,4.84,1.45
668,-1.0623999999999999e-05,4.84,1.47
669,-1.0591999999999996e-05,4.88,1.45
670,-1.0559999999999997e-05,4.92,1.45
671,-1.0527999999999998e-05,4.88,1.47
672,-1.0495999999999996e-05,4.92,1.47
673,-1.0463999999999997e-05,4.96,1.49
674,-1.0431999999999998e-05,4.96,1.47
675,-1.0399999999999999e-05,4.96,1.49
676,-1.0367999999999996e-05,0.4,1.45
677,-1.0335999999999997e-05,0.04,1.47
678,-1.0303999999999998e-05,0.08,1.43
679,-1.0271999999999996e-05,0.12,1.45
680,-1.0239999999999997e-05,0.08,1.41
681,-1.0207999999999998e-05,0.16,1.41
682,-1.0175999999999999e-05,0.12,1.41
683,-1.0143999999999996e-05,0.2,1.41
684,-1.0111999999999997e-05,0.2,1.3900000000000001
685,-1.0079999999999998e-05,0.2,1.3900000000000001
686,-1.0047999999999996e-05,0.24,1.3900000000000001
687,-1.0015999999999997e-05,0.24,1.37
688,-9.983999999999998e-06,0.24,1.37
689,-9.951999999999996e-06,0.24,1.37
690,-9.919999999999997e-06,0.28,1.35
691,-9.887999999999997e-06,0.28,1.35
692,-9.855999999999998e-06,0.32,1.35
693,-9.823999999999996e-06,0.32,1.35
694,-9.791999999999997e-06,0.32,1.33
695,-9.759999999999998e-06,0.36,1.33
696,-9.727999999999996e-06,0.36,1.31
697,-9.695999999999997e-06,0.4,1.31
698,-9.663999999999998e-06,0.4,1.31
699,-9.631999999999999e-06,0.4,1.31
700,-9.599999999999996e-06,0.4,1.31
701,-9.567999999999997e-06,0.44,1.29
702,-9.535999999999998e-06,0.48,1.27
703,-9.503999999999996e-06,0.48,1.27
704,-9.471999999999997e-06,0.48,1.29
705,-9.439999999999998e-06,0.48,1.27
706,-9.407999999999999e-06,0.52,1.27
707,-9.375999999999996e-06,0.52,1.25
708,-9.343999999999997e-06,0.56,1.25
709,-9.311999999999998e-06,0.56,1.25
710,-9.279999999999996e-06,0.6,1.25
711,-9.247999999999997e-06,0.6,1.23
712,-9.215999999999998e-06,0.64,1.23
713,-9.183999999999999e-06,0.6,1.23
714,-9.151999999999996e-06,0.64,1.23
715,-9.119999999999997e-06,0.64,1.23
716,-9.087999999999998e-06,0.68,1.21
717,-9.055999999999996e-06,0.68,1.21
718,-9.023999999999997e-06,0.72,1.21
719,-8.991999999999998e-06,0.72,1.19
720,-8.959999999999996e-06,0.76,1.19
721,-8.927999999999997e-06,0.76,1.19
722,-8.895999999999997e-06,0.76,1.17
723,-8.863999999999998e-06,0.8,1.17
724,-8.831999999999996e-06,0.8,1.17
725,-8.799999999999997e-06,0.8,1.17
726,-8.767999999999998e-06,0.84,1.17
727,-8.735999999999996e-06,0.88,1.17
728,-8.703999999999997e-06,0.88,1.1500000000000001
729,-8.671999999999998e-06,0.88,1.1500000000000001
730,-8.639999999999999e-06,0.88,1.1500000000000001
731,-8.607999999999996e-06,0.92,1.1500000000000001
732,-8.575999999999997e-06,0.96,1.1500000000000001
733,-8.543999999999998e-06,0.96,1.1500000000000001
734,-8.511999999999996e-06,1.0,1.1500000000000001
735,-8.479999999999997e-06,1.0,1.1300000000000001
736,-8.447999999999998e-06,1.0,1.1500000000000001
737,-8.415999999999999e-06,1.04,1.1300000000000001
738,-8.383999999999996e-06,1.04,1.1300000000000001
739,-8.351999999999997e-06,1.04,1.1300000000000001
740,-8.319999999999998e-06,1.08,1.11
741,-8.287999999999996e-06,1.08,1.11
742,-8.255999999999997e-06,1.12,1.11
743,-8.223999999999998e-06,1.12,1.11
744,-8.191999999999995e-06,1.12,1.11
745,-8.159999999999996e-06,1.12,1.11
746,-8.127999999999997e-06,1.16,1.09
747,-8.095999999999998e-06,1.2,1.09
748,-8.063999999999996e-06,1.24,1.11
749,-8.031999999999997e-06,1.2,1.11
750,-7.999999999999998e-06,1.2,1.09
751,-7.967999999999996e-06,1.24,1.11
752,-7.935999999999997e-06,1.24,1.09
753,-7.903999999999998e-06,1.28,1.07
754,-7.871999999999998e-06,1.28,1.07
755,-7.839999999999996e-06,1.28,1.07
756,-7.807999999999997e-06,1.32,1.07
757,-7.775999999999998e-06,1.32,1.07
758,-7.743999999999996e-06,1.32,1.07
759,-7.711999999999997e-06,1.36,1.07
760,-7.679999999999998e-06,1.36,1.07
761,-7.647999999999999e-06,1.4000000000000001,1.07
762,-7.615999999999996e-06,1.4000000000000001,1.07
763,-7.583999999999997e-06,1.4000000000000001,1.07
764,-7.551999999999998e-06,1.44,1.05
765,-7.519999999999996e-06,1.44,1.07
766,-7.487999999999997e-06,1.48,1.07
767,-7.455999999999998e-06,1.48,1.05
768,-7.423999999999995e-06,1.48,1.05
769,-7.391999999999996e-06,1.52,1.05
770,-7.359999999999997e-06,1.52,1.05
771,-7.327999999999998e-06,1.56,1.05
772,-7.295999999999996e-06,1.56,1.05
773,-7.263999999999997e-06,1.6,1.05
774,-7.231999999999998e-06,1.6400000000000001,1.03
775,-7.1999999999999954e-06,1.6,1.05
776,-7.167999999999996e-06,1.6400000000000001,1.05
777,-7.135999999999997e-06,1.6400000000000001,1.03
778,-7.103999999999998e-06,1.68,1.03
779,-7.071999999999996e-06,1.68,1.03
780,-7.039999999999997e-06,1.68,1.03
781,-7.007999999999998e-06,1.72,1.03
782,-6.9759999999999956e-06,1.72,1.03
783,-6.9439999999999965e-06,1.72,1.03
784,-6.9119999999999975e-06,1.76,1.03
785,-6.8799999999999985e-06,1.76,1.03
786,-6.847999999999996e-06,1.8,1.03
787,-6.815999999999997e-06,1.84,1.03
788,-6.783999999999998e-06,1.84,1.01
789,-6.751999999999996e-06,1.84,1.03
790,-6.719999999999997e-06,1.8800000000000001,1.03
791,-6.687999999999998e-06,1.8800000000000001,1.03
792,-6.655999999999999e-06,1.8800000000000001,1.03
793,-6.623999999999996e-06,1.96,1.03
794,-6.591999999999997e-06,1.92,1.03
795,-6.559999999999998e-06,1.92,1.01
796,-6.527999999999996e-06,1.96,1.01
797,-6.495999999999997e-06,1.96,1.03
798,-6.463999999999998e-06,2.0,1.01
799,-6.431999999999995e-06,2.0,1.01
800,-6.399999999999996e-06,2.04,1.03
801,-6.367999999999997e-06,2.04,1.01
802,-6.335999999999998e-06,2.04,1.03
803,-6.303999999999996e-06,2.08,1.03
804,-6.271999999999997e-06,2.12,1.01
805,-6.239999999999998e-06,2.12,1.01
806,-6.2079999999999955e-06,2.12,1.03
807,-6.1759999999999964e-06,2.16,1.01
808,-6.143999999999997e-06,2.12,1.01
809,-6.111999999999998e-06,2.16,1.03
810,-6.079999999999996e-06,2.16,1.01
811,-6.047999999999997e-06,2.2,1.01
812,-6.015999999999998e-06,2.2,1.01
813,-5.9839999999999956e-06,2.2,1.01
814,-5.9519999999999965e-06,2.24,1.01
815,-5.9199999999999975e-06,2.2800000000000002,1.01
816,-5.8879999999999985e-06,2.2800000000000002,1.03
817,-5.855999999999996e-06,2.2800000000000002,1.03
818,-5.823999999999997e-06,2.2800000000000002,1.01
819,-5.791999999999998e-06,2.32,1.01
820,-5.759999999999996e-06,2.36,1.01
821,-5.727999999999997e-06,2.36,1.03
822,-5.695999999999998e-06,2.36,1.03
823,-5.663999999999995e-06,2.36,1.01
824,-5.631999999999996e-06,2.4,1.01
825,-5.599999999999997e-06,2.4,1.03
826,-5.567999999999998e-06,2.44,1.01
827,-5.535999999999996e-06,2.44,1.03
828,-5.503999999999997e-06,2.44,1.03
829,-5.471999999999998e-06,2.48,1.03
830,-5.439999999999995e-06,2.48,1.03
831,-5.407999999999996e-06,2.52,1.03
832,-5.375999999999997e-06,2.56,1.03
833,-5.343999999999998e-06,2.52,1.03
834,-5.311999999999996e-06,2.52,1.03
835,-5.279999999999997e-06,2.56,1.03
836,-5.247999999999998e-06,2.6,1.03
837,-5.2159999999999955e-06,2.6,1.05
838,-5.1839999999999964e-06,2.6,1.03
839,-5.1519999999999974e-06,2.64,1.03
840,-5.119999999999998e-06,2.64,1.05
841,-5.087999999999996e-06,2.64,1.03
842,-5.055999999999997e-06,2.68,1.03
843,-5.023999999999998e-06,2.68,1.03
844,-4.9919999999999956e-06,2.72,1.05
845,-4.9599999999999966e-06,2.7600000000000002,1.03
846,-4.9279999999999975e-06,2.7600000000000002,1.05
847,-4.8959999999999985e-06,2.7600000000000002,1.05
848,-4.863999999999996e-06,2.7600000000000002,1.07
849,-4.831999999999997e-06,2.8000000000000003,1.05
850,-4.799999999999998e-06,2.8000000000000003,1.05
851,-4.767999999999996e-06,2.84,1.05
852,-4.735999999999997e-06,2.8000000000000003,1.05
853,-4.703999999999998e-06,2.84,1.07
854,-4.671999999999995e-06,2.88,1.07
855,-4.639999999999996e-06,2.88,1.05
856,-4.607999999999997e-06,2.92,1.05
857,-4.575999999999998e-06,2.92,1.07
858,-4.543999999999996e-06,2.92,1.05
859,-4.511999999999997e-06,2.92,1.05
860,-4.479999999999998e-06,2.96,1.05
861,-4.447999999999995e-06,3.0,1.07
862,-4.415999999999996e-06,3.0,1.07
863,-4.383999999999997e-06,3.0,1.07
864,-4.351999999999998e-06,3.04,1.07
865,-4.319999999999996e-06,3.04,1.07
866,-4.287999999999997e-06,3.08,1.07
867,-4.255999999999998e-06,3.08,1.07
868,-4.2239999999999955e-06,3.08,1.07
869,-4.1919999999999965e-06,3.12,1.07
870,-4.1599999999999974e-06,3.12,1.09
871,-4.1279999999999984e-06,3.12,1.07
872,-4.095999999999996e-06,3.16,1.09
873,-4.063999999999997e-06,3.16,1.09
874,-4.031999999999998e-06,3.16,1.09
875,-3.999999999999996e-06,3.2,1.09
876,-3.9679999999999966e-06,3.24,1.09
877,-3.9359999999999976e-06,3.24,1.11
878,-3.903999999999995e-06,3.24,1.11
879,-3.871999999999996e-06,3.24,1.09
880,-3.839999999999997e-06,3.2800000000000002,1.11
881,-3.807999999999998e-06,3.3200000000000003,1.11
882,-3.7759999999999957e-06,3.3200000000000003,1.11
883,-3.7439999999999967e-06,3.3200000000000003,1.1300000000000001
884,-3.7119999999999977e-06,3.3200000000000003,1.11
885,-3.6799999999999953e-06,3.36,1.11
886,-3.6479999999999962e-06,3.36,1.1300000000000001
887,-3.6159999999999972e-06,3.4,1.11
888,-3.583999999999998e-06,3.4,1.1300000000000001
889,-3.551999999999996e-06,3.44,1.11
890,-3.519999999999997e-06,3.44,1.1300000000000001
891,-3.4879999999999978e-06,3.44,1.1300000000000001
892,-3.4559999999999954e-06,3.44,1.1300000000000001
893,-3.4239999999999964e-06,3.48,1.1500000000000001
894,-3.3919999999999973e-06,3.48,1.1500000000000001
895,-3.3599999999999983e-06,3.52,1.1300000000000001
896,-3.327999999999996e-06,3.52,1.1500000000000001
897,-3.295999999999997e-06,3.56,1.1500000000000001
898,-3.263999999999998e-06,3.6,1.1500000000000001
899,-3.2319999999999955e-06,3.56,1.1500000000000001
900,-3.1999999999999965e-06,3.6,1.1500000000000001
901,-3.1679999999999975e-06,3.6,1.17
902,-3.1359999999999984e-06,3.64,1.17
903,-3.103999999999996e-06,3.6,1.1500000000000001
904,-3.071999999999997e-06,3.68,1.17
905,-3.039999999999998e-06,3.68,1.17
906,-3.0079999999999956e-06,3.68,1.19
907,-2.9759999999999966e-06,3.68,1.17
908,-2.9439999999999976e-06,3.72,1.17
909,-2.911999999999995e-06,3.72,1.19
910,-2.879999999999996e-06,3.7600000000000002,1.19
911,-2.847999999999997e-06,3.7600000000000002,1.19
912,-2.815999999999998e-06,3.7600000000000002,1.21
913,-2.7839999999999957e-06,3.8000000000000003,1.21
914,-2.7519999999999967e-06,3.8000000000000003,1.21
915,-2.7199999999999977e-06,3.8000000000000003,1.19
916,-2.6879999999999953e-06,3.84,1.21
917,-2.6559999999999963e-06,3.88,1.21
918,-2.6239999999999972e-06,3.84,1.23
919,-2.5919999999999982e-06,3.88,1.21
920,-2.559999999999996e-06,3.92,1.23
921,-2.527999999999997e-06,3.92,1.21
922,-2.4959999999999978e-06,3.96,1.23
923,-2.4639999999999954e-06,3.96,1.23
924,-2.4319999999999964e-06,3.96,1.23
925,-2.3999999999999974e-06,4.0,1.23
926,-2.3679999999999983e-06,4.0,1.23
927,-2.335999999999996e-06,4.0,1.25
928,-2.303999999999997e-06,4.04,1.25
929,-2.271999999999998e-06,4.04,1.25
930,-2.2399999999999955e-06,4.08,1.25
931,-2.2079999999999965e-06,4.08,1.25
932,-2.1759999999999975e-06,4.08,1.25
933,-2.143999999999995e-06,4.12,1.27
934,-2.111999999999996e-06,4.12,1.27
935,-2.079999999999997e-06,4.12,1.27
936,-2.047999999999998e-06,4.16,1.27
937,-2.0159999999999956e-06,4.16,1.29
938,-1.9839999999999966e-06,4.2,1.29
939,-1.9519999999999976e-06,4.2,1.29
940,-1.919999999999995e-06,4.24,1.29
941,-1.8879999999999962e-06,4.24,1.31
942,-1.8559999999999971e-06,4.28,1.29
943,-1.8239999999999981e-06,4.28,1.31
944,-1.7919999999999957e-06,4.28,1.31
945,-1.7599999999999967e-06,4.28,1.31
946,-1.7279999999999977e-06,4.32,1.31
947,-1.6959999999999953e-06,4.32,1.31
948,-1.6639999999999963e-06,4.36,1.33
949,-1.6319999999999972e-06,4.36,1.33
950,-1.5999999999999982e-06,4.36,1.33
951,-1.5679999999999958e-06,4.4,1.33
952,-1.5359999999999968e-06,4.4,1.33
953,-1.5039999999999978e-06,4.4,1.33
954,-1.4719999999999954e-06,4.4,1.33
955,-1.4399999999999998e-06,4.48,1.35
956,-1.4079999999999974e-06,4.48,1.35
957,-1.375999999999995e-06,4.48,1.35
958,-1.3439999999999993e-06,4.5200000000000005,1.35
959,-1.311999999999997e-06,4.5200000000000005,1.37
960,-1.2799999999999945e-06,4.5600000000000005,1.37
961,-1.2479999999999989e-06,4.5200000000000005,1.37
962,-1.2159999999999965e-06,4.5600000000000005,1.37
963,-1.183999999999994e-06,4.5600000000000005,1.3900000000000001
964,-1.1519999999999985e-06,4.6000000000000005,1.3900000000000001
965,-1.119999999999996e-06,4.6000000000000005,1.3900000000000001
966,-1.0879999999999936e-06,4.64,1.3900000000000001
967,-1.055999999999998e-06,4.68,1.3900000000000001
968,-1.0239999999999956e-06,4.68,1.3900000000000001
969,-9.92e-07,4.68,1.3900000000000001
970,-9.599999999999976e-07,4.68,1.41
971,-9.279999999999952e-07,4.72,1.41
972,-8.959999999999996e-07,4.72,1.41
973,-8.639999999999971e-07,4.76,1.43
974,-8.319999999999947e-07,4.76,1.43
975,-7.999999999999991e-07,4.8,1.43
976,-7.679999999999967e-07,4.8,1.43
977,-7.359999999999943e-07,4.8,1.43
978,-7.039999999999987e-07,4.84,1.45
979,-6.719999999999963e-07,4.84,1.45
980,-6.399999999999939e-07,4.84,1.45
981,-6.079999999999982e-07,4.88,1.45
982,-5.759999999999958e-07,4.88,1.45
983,-5.439999999999934e-07,4.92,1.45
984,-5.119999999999978e-07,4.92,1.47
985,-4.799999999999954e-07,4.92,1.47
986,-4.479999999999998e-07,4.96,1.47
987,-4.1599999999999737e-07,4.96,1.47
988,-3.8399999999999497e-07,1.32,1.49
989,-3.5199999999999934e-07,0.0,1.51
990,-3.1999999999999694e-07,0.12,1.43
991,-2.8799999999999453e-07,0.04,1.43
992,-2.559999999999989e-07,0.12,1.43
993,-2.239999999999965e-07,0.12,1.41
994,-1.919999999999941e-07,0.12,1.43
995,-1.5999999999999847e-07,0.16,1.41
996,-1.2799999999999606e-07,0.16,1.3900000000000001
997,-9.599999999999366e-08,0.16,1.3900000000000001
998,-6.399999999999803e-08,0.2,1.3900000000000001
999,-3.199999999999563e-08,0.24,1.37
1000,6.776263578034403e-21,0.24,1.3900000000000001
1001,3.2000000000002404e-08,0.24,1.37
1002,6.400000000000481e-08,0.28,1.35
1003,9.600000000000044e-08,0.28,1.35
1004,1.2800000000000284e-07,0.28,1.35
1005,1.6000000000000524e-07,0.32,1.33
1006,1.9200000000000087e-07,0.32,1.33
1007,2.2400000000000328e-07,0.32,1.33
1008,2.560000000000057e-07,0.36,1.33
1009,2.880000000000013e-07,0.36,1.31
1010,3.200000000000037e-07,0.4,1.31
1011,3.520000000000061e-07,0.4,1.31
1012,3.8400000000000174e-07,0.44,1.29
1013,4.1600000000000415e-07,0.4,1.29
1014,4.4800000000000655e-07,0.44,1.29
1015,4.800000000000022e-07,0.48,1.29
1016,5.120000000000046e-07,0.48,1.27
1017,5.440000000000002e-07,0.48,1.27
1018,5.760000000000026e-07,0.48,1.27
1019,6.08000000000005e-07,0.52,1.25
1020,6.400000000000006e-07,0.52,1.25
1021,6.72000000000003e-07,0.56,1.25
1022,7.040000000000055e-07,0.56,1.25
1023,7.360000000000011e-07,0.56,1.23
1024,7.680000000000035e-07,0.6,1.23
1025,8.000000000000059e-07,0.6,1.23
1026,8.320000000000015e-07,0.64,1.23
1027,8.640000000000039e-07,0.64,1.23
1028,8.960000000000063e-07,0.68,1.21
1029,9.28000000000002e-07,0.68,1.21
1030,9.600000000000044e-07,0.72,1.21
1031,9.920000000000068e-07,0.72,1.19
1032,1.0240000000000024e-06,0.76,1.19
1033,1.0560000000000048e-06,0.72,1.19
1034,1.0880000000000004e-06,0.76,1.19
1035,1.1200000000000028e-06,0.76,1.19
1036,1.1520000000000052e-06,0.76,1.17
1037,1.1840000000000009e-06,0.8,1.17
1038,1.2160000000000033e-06,0.8,1.17
1039,1.2480000000000057e-06,0.84,1.17
1040,1.2800000000000013e-06,0.84,1.17
1041,1.3120000000000037e-06,0.88,1.17
1042,1.344000000000006e-06,0.92,1.1500000000000001
1043,1.3760000000000017e-06,0.92,1.1500000000000001
1044,1.4080000000000041e-06,0.92,1.1500000000000001
1045,1.4400000000000065e-06,0.96,1.1500000000000001
1046,1.4720000000000022e-06,0.96,1.1500000000000001
1047,1.5040000000000046e-06,0.96,1.1500000000000001
1048,1.5360000000000002e-06,1.0,1.1500000000000001
1049,1.5680000000000026e-06,1.0,1.1300000000000001
1050,1.600000000000005e-06,1.0,1.1300000000000001
1051,1.6320000000000006e-06,1.04,1.1300000000000001
1052,1.664000000000003e-06,1.04,1.11
1053,1.6960000000000054e-06,1.04,1.11
1054,1.728000000000001e-06,1.08,1.11
1055,1.7600000000000035e-06,1.12,1.11
1056,1.7920000000000059e-06,1.12,1.11
1057,1.8240000000000015e-06,1.12,1.09
1058,1.856000000000004e-06,1.16,1.11
1059,1.8880000000000063e-06,1.16,1.09
1060,1.920000000000002e-06,1.16,1.09
1061,1.9520000000000044e-06,1.2,1.09
1062,1.9840000000000068e-06,1.2,1.11
1063,2.0160000000000024e-06,1.2,1.09
1064,2.0480000000000048e-06,1.28,1.09
1065,2.0800000000000004e-06,1.24,1.09
1066,2.112000000000003e-06,1.28,1.07
1067,2.1440000000000052e-06,1.32,1.07
1068,2.176000000000001e-06,1.28,1.07
1069,2.2080000000000033e-06,1.32,1.09
1070,2.2400000000000057e-06,1.36,1.07
1071,2.2720000000000013e-06,1.32,1.07
1072,2.3040000000000037e-06,1.36,1.07
1073,2.336000000000006e-06,1.36,1.07
1074,2.3680000000000017e-06,1.4000000000000001,1.07
1075,2.400000000000004e-06,1.4000000000000001,1.07
1076,2.4320000000000065e-06,1.44,1.07
1077,2.464000000000002e-06,1.44,1.07
1078,2.4960000000000046e-06,1.44,1.05
1079,2.528000000000007e-06,1.48,1.05
1080,2.5600000000000026e-06,1.48,1.05
1081,2.592000000000005e-06,1.52,1.05
1082,2.6240000000000006e-06,1.52,1.05
1083,2.656000000000003e-06,1.56,1.05
1084,2.6880000000000054e-06,1.56,1.05
1085,2.720000000000001e-06,1.6,1.05
1086,2.7520000000000035e-06,1.6,1.05
1087,2.784000000000006e-06,1.6,1.05
1088,2.8160000000000015e-06,1.6400000000000001,1.05
1089,2.848000000000004e-06,1.6400000000000001,1.05
1090,2.8800000000000063e-06,1.68,1.03
1091,2.912000000000002e-06,1.68,1.03
1092,2.9440000000000043e-06,1.68,1.03
1093,2.9760000000000067e-06,1.68,1.05
1094,3.0080000000000024e-06,1.72,1.03
1095,3.0400000000000048e-06,1.72,1.05
1096,3.0720000000000004e-06,1.76,1.03
1097,3.104000000000003e-06,1.76,1.03
1098,3.136000000000005e-06,1.8,1.03
1099,3.168000000000001e-06,1.8,1.03
1100,3.2000000000000032e-06,1.84,1.01
1101,3.2320000000000056e-06,1.8800000000000001,1.03
1102,3.2640000000000013e-06,1.84,1.03
1103,3.2960000000000037e-06,1.84,1.03
1104,3.328000000000006e-06,1.8800000000000001,1.03
1105,3.3600000000000017e-06,1.8800000000000001,1.03
1106,3.392000000000004e-06,1.92,1.03
1107,3.4240000000000065e-06,1.92,1.03
1108,3.456000000000002e-06,1.92,1.01
1109,3.4880000000000046e-06,1.96,1.03
1110,3.520000000000007e-06,1.96,1.01
1111,3.5520000000000026e-06,1.96,1.01
1112,3.584000000000005e-06,2.04,1.03
1113,3.6160000000000006e-06,2.04,1.03
1114,3.648000000000003e-06,2.08,1.01
1115,3.6800000000000054e-06,2.04,1.01
1116,3.712000000000001e-06,2.04,1.03
1117,3.7440000000000035e-06,2.08,1.03
1118,3.776000000000006e-06,2.12,1.01
1119,3.8080000000000015e-06,2.12,1.01
1120,3.840000000000004e-06,2.12,1.01
1121,3.872000000000006e-06,2.16,1.03
1122,3.904000000000002e-06,2.16,1.01
1123,3.936000000000004e-06,2.16,1.01
1124,3.968000000000007e-06,2.2,1.01
1125,4.000000000000002e-06,2.2,1.01
1126,4.032000000000005e-06,2.24,1.01
1127,4.064e-06,2.24,1.03
1128,4.096000000000003e-06,2.24,1.01
1129,4.128000000000005e-06,2.2800000000000002,1.01
1130,4.160000000000001e-06,2.2800000000000002,1.01
1131,4.192000000000003e-06,2.2800000000000002,1.01
1132,4.224000000000006e-06,2.32,1.01
1133,4.256000000000001e-06,2.36,1.03
1134,4.288000000000004e-06,2.32,1.01
1135,4.320000000000006e-06,2.4,1.03
1136,4.352000000000002e-06,2.36,1.03
1137,4.384000000000004e-06,2.4,1.03
1138,4.4160000000000065e-06,2.4,1.01
1139,4.448000000000002e-06,2.44,1.01
1140,4.4800000000000045e-06,2.44,1.03
1141,4.512000000000007e-06,2.44,1.03
1142,4.5440000000000026e-06,2.48,1.03
1143,4.576000000000005e-06,2.48,1.03
1144,4.608000000000001e-06,2.48,1.01
1145,4.640000000000003e-06,2.52,1.01
1146,4.672000000000005e-06,2.52,1.03
1147,4.704000000000001e-06,2.56,1.05
1148,4.7360000000000034e-06,2.56,1.03
1149,4.768000000000006e-06,2.56,1.03
1150,4.8000000000000015e-06,2.6,1.03
1151,4.832000000000004e-06,2.6,1.03
1152,4.864000000000006e-06,2.64,1.03
1153,4.896000000000002e-06,2.64,1.03
1154,4.928000000000004e-06,2.68,1.05
1155,4.960000000000007e-06,2.68,1.03
1156,4.992000000000002e-06,2.68,1.05
1157,5.024000000000005e-06,2.72,1.05
1158,5.056e-06,2.72,1.05
1159,5.088000000000003e-06,2.7600000000000002,1.05
1160,5.120000000000005e-06,2.8000000000000003,1.05
1161,5.152000000000001e-06,2.7600000000000002,1.05
1162,5.184000000000003e-06,2.8000000000000003,1.05
1163,5.216000000000006e-06,2.8000000000000003,1.05
1164,5.248000000000001e-06,2.84,1.05
1165,5.280000000000004e-06,2.84,1.05
1166,5.312000000000006e-06,2.88,1.05
1167,5.344000000000002e-06,2.88,1.05
1168,5.376000000000004e-06,2.92,1.05
1169,5.4080000000000065e-06,2.92,1.07
1170,5.440000000000002e-06,2.92,1.05
1171,5.4720000000000045e-06,2.96,1.07
1172,5.504000000000007e-06,2.96,1.07
1173,5.5360000000000026e-06,3.0,1.07
1174,5.568000000000005e-06,3.0,1.07
1175,5.600000000000001e-06,3.0,1.07
1176,5.632000000000003e-06,3.0,1.07
1177,5.664000000000005e-06,3.04,1.07
1178,5.696000000000001e-06,3.04,1.07
1179,5.7280000000000034e-06,3.08,1.07
1180,5.760000000000006e-06,3.08,1.09
1181,5.7920000000000015e-06,3.08,1.09
1182,5.824000000000004e-06,3.12,1.09
1183,5.856000000000006e-06,3.12,1.09
1184,5.888000000000002e-06,3.16,1.09
1185,5.920000000000004e-06,3.16,1.09
1186,5.952000000000007e-06,3.2,1.09
1187,5.984000000000002e-06,3.2,1.09
1188,6.016000000000005e-06,3.2,1.09
1189,6.048000000000007e-06,3.24,1.09
1190,6.080000000000003e-06,3.24,1.09
1191,6.112000000000005e-06,3.2800000000000002,1.11
1192,6.144000000000001e-06,3.24,1.11
1193,6.176000000000003e-06,3.2800000000000002,1.11
1194,6.208000000000006e-06,3.2800000000000002,1.11
1195,6.240000000000001e-06,3.2800000000000002,1.11
1196,6.272000000000004e-06,3.3200000000000003,1.11
1197,6.304000000000006e-06,3.36,1.11
1198,6.336000000000002e-06,3.36,1.11
1199,6.368000000000004e-06,3.36,1.11
1200,6.4000000000000065e-06,3.4,1.1300000000000001
1201,6.432000000000002e-06,3.4,1.1300000000000001
1202,6.4640000000000045e-06,3.44,1.1300000000000001
1203,6.496000000000007e-06,3.44,1.1300000000000001
1204,6.5280000000000026e-06,3.44,1.1300000000000001
1205,6.560000000000005e-06,3.48,1.1500000000000001
1206,6.592000000000001e-06,3.48,1.1300000000000001
1207,6.624000000000003e-06,3.52,1.1500000000000001
1208,6.656000000000005e-06,3.52,1.1500000000000001
1209,6.688000000000001e-06,3.56,1.1500000000000001
1210,6.720000000000003e-06,3.56,1.1500000000000001
1211,6.752000000000006e-06,3.56,1.1500000000000001
1212,6.7840000000000015e-06,3.56,1.1500000000000001
1213,6.816000000000004e-06,3.6,1.1500000000000001
1214,6.848000000000006e-06,3.6,1.1500000000000001
1215,6.880000000000002e-06,3.64,1.17
1216,6.912000000000004e-06,3.64,1.17
1217,6.944000000000007e-06,3.64,1.17
1218,6.976000000000002e-06,3.68,1.17
1219,7.008000000000005e-06,3.68,1.17
1220,7.040000000000007e-06,3.68,1.17
1221,7.072000000000003e-06,3.72,1.19
1222,7.104000000000005e-06,3.72,1.19
1223,7.136000000000001e-06,3.7600000000000002,1.19
1224,7.168000000000003e-06,3.7600000000000002,1.19
1225,7.200000000000006e-06,3.8000000000000003,1.19
1226,7.232000000000001e-06,3.8000000000000003,1.19
1227,7.264000000000004e-06,3.8000000000000003,1.19
1228,7.296000000000006e-06,3.84,1.21
1229,7.328000000000002e-06,3.84,1.21
1230,7.360000000000004e-06,3.84,1.21
1231,7.3920000000000065e-06,3.88,1.21
1232,7.424000000000002e-06,3.92,1.21
1233,7.4560000000000045e-06,3.88,1.23
1234,7.488000000000007e-06,3.96,1.23
1235,7.5200000000000025e-06,3.92,1.23
1236,7.552000000000005e-06,3.96,1.23
1237,7.5840000000000006e-06,3.96,1.25
1238,7.616000000000003e-06,3.96,1.23
1239,7.648000000000005e-06,4.0,1.25
1240,7.680000000000001e-06,4.04,1.23
1241,7.712000000000003e-06,4.04,1.25
1242,7.744000000000006e-06,4.08,1.25
1243,7.776000000000001e-06,4.04,1.25
1244,7.808000000000004e-06,4.08,1.25
1245,7.840000000000006e-06,4.08,1.25
1246,7.872000000000002e-06,4.12,1.27
1247,7.904000000000004e-06,4.16,1.27
1248,7.936000000000007e-06,4.12,1.29
1249,7.968000000000002e-06,4.16,1.29
1250,8.000000000000005e-06,4.16,1.27
1251,8.032000000000007e-06,4.2,1.29
1252,8.064000000000003e-06,4.2,1.29
1253,8.096000000000005e-06,4.24,1.29
1254,8.128e-06,4.24,1.29
1255,8.160000000000003e-06,4.24,1.29
1256,8.192000000000006e-06,4.28,1.31
1257,8.224000000000001e-06,4.28,1.31
1258,8.256000000000004e-06,4.28,1.31
1259,8.288000000000006e-06,4.32,1.31
1260,8.320000000000002e-06,4.32,1.33
1261,8.352000000000004e-06,4.36,1.33
1262,8.384000000000006e-06,4.36,1.33
1263,8.416000000000002e-06,4.4,1.33
1264,8.448000000000004e-06,4.4,1.33
1265,8.480000000000007e-06,4.4,1.33
1266,8.512000000000003e-06,4.44,1.33
1267,8.544000000000005e-06,4.44,1.35
1268,8.576000000000007e-06,4.48,1.35
1269,8.608000000000003e-06,4.48,1.35
1270,8.640000000000005e-06,4.48,1.35
1271,8.672000000000001e-06,4.5200000000000005,1.35
1272,8.704000000000003e-06,4.5200000000000005,1.37
1273,8.736000000000006e-06,4.5600000000000005,1.3900000000000001
1274,8.768000000000001e-06,4.5600000000000005,1.37
1275,8.800000000000004e-06,4.5600000000000005,1.3900000000000001
1276,8.832000000000006e-06,4.6000000000000005,1.3900000000000001
1277,8.864000000000002e-06,4.6000000000000005,1.3900000000000001
1278,8.896000000000004e-06,4.6000000000000005,1.3900000000000001
1279,8.928000000000007e-06,4.6000000000000005,1.41
1280,8.960000000000002e-06,4.68,1.3900000000000001
1281,8.992000000000005e-06,4.68,1.3900000000000001
1282,9.024000000000007e-06,4.68,1.41
1283,9.056000000000003e-06,4.72,1.41
1284,9.088000000000005e-06,4.72,1.41
1285,9.12e-06,4.76,1.43
1286,9.152000000000003e-06,4.76,1.43
1287,9.184000000000006e-06,4.76,1.43
1288,9.216000000000001e-06,4.8,1.43
1289,9.248000000000004e-06,4.8,1.43
1290,9.280000000000006e-06,4.8,1.45
1291,9.312000000000002e-06,4.84,1.45
1292,9.344000000000004e-06,4.84,1.45
1293,9.376000000000006e-06,4.84,1.45
1294,9.408000000000002e-06,4.88,1.45
1295,9.440000000000004e-06,4.92,1.45
1296,9.472000000000007e-06,4.92,1.47
1297,9.504000000000003e-06,4.92,1.47
1298,9.536000000000005e-06,4.96,1.49
1299,9.568000000000007e-06,4.96,1.49
1300,9.600000000000003e-06,5.0,1.49
1301,9.632000000000005e-06,0.4,1.45
1302,9.664000000000001e-06,0.04,1.45
1303,9.696000000000003e-06,0.08,1.43
1304,9.728000000000006e-06,0.12,1.45
1305,9.760000000000001e-06,0.12,1.41
1306,9.792000000000004e-06,0.16,1.41
1307,9.824000000000006e-06,0.12,1.41
1308,9.856000000000002e-06,0.2,1.3900000000000001
1309,9.888000000000004e-06,0.2,1.3900000000000001
1310,9.920000000000007e-06,0.2,1.3900000000000001
1311,9.952000000000002e-06,0.24,1.3900000000000001
1312,9.984000000000005e-06,0.2,1.37
1313,1.0016000000000007e-05,0.24,1.37
1314,1.0048000000000003e-05,0.24,1.37
1315,1.0080000000000005e-05,0.28,1.35
1316,1.0112e-05,0.28,1.35
1317,1.0144000000000003e-05,0.32,1.33
1318,1.0176000000000006e-05,0.28,1.35
1319,1.0208000000000001e-05,0.32,1.35
1320,1.0240000000000004e-05,0.36,1.33
1321,1.0272000000000006e-05,0.36,1.33
1322,1.0304000000000002e-05,0.4,1.31
1323,1.0336000000000004e-05,0.4,1.31
1324,1.0368000000000006e-05,0.4,1.31
1325,1.0400000000000002e-05,0.44,1.31
1326,1.0432000000000004e-05,0.44,1.29
1327,1.0464000000000007e-05,0.44,1.29
1328,1.0496000000000003e-05,0.48,1.29
1329,1.0528000000000005e-05,0.48,1.27
1330,1.0560000000000007e-05,0.48,1.27
1331,1.0592000000000003e-05,0.52,1.25
1332,1.0624000000000005e-05,0.52,1.25
1333,1.0656000000000001e-05,0.56,1.25
1334,1.0688000000000003e-05,0.56,1.25
1335,1.0720000000000006e-05,0.6,1.25
1336,1.0752000000000001e-05,0.6,1.25
1337,1.0784000000000004e-05,0.6,1.23
1338,1.0816000000000006e-05,0.6,1.23
1339,1.0848000000000002e-05,0.64,1.23
1340,1.0880000000000004e-05,0.64,1.23
1341,1.0912000000000007e-05,0.68,1.21
1342,1.0944000000000002e-05,0.72,1.21
1343,1.0976000000000005e-05,0.72,1.21
1344,1.1008000000000007e-05,0.72,1.19
1345,1.1040000000000003e-05,0.72,1.21
1346,1.1072000000000005e-05,0.76,1.19
1347,1.1104e-05,0.76,1.19
1348,1.1136000000000003e-05,0.8,1.19
1349,1.1168000000000006e-05,0.8,1.17
1350,1.1200000000000001e-05,0.8,1.19
1351,1.1232000000000004e-05,0.8,1.17
1352,1.1264000000000006e-05,0.84,1.1500000000000001
1353,1.1296000000000002e-05,0.88,1.17
1354,1.1328000000000004e-05,0.88,1.1500000000000001
1355,1.1360000000000006e-05,0.88,1.1500000000000001
1356,1.1392000000000002e-05,0.92,1.1500000000000001
1357,1.1424000000000004e-05,0.96,1.1500000000000001
1358,1.1456000000000007e-05,0.96,1.1500000000000001
1359,1.1488000000000002e-05,0.96,1.1300000000000001
1360,1.1520000000000005e-05,1.0,1.1300000000000001
1361,1.1552000000000007e-05,1.0,1.1300000000000001
1362,1.1584000000000003e-05,1.0,1.1300000000000001
1363,1.1616000000000005e-05,1.04,1.11
1364,1.1648000000000001e-05,1.04,1.11
1365,1.1680000000000003e-05,1.04,1.1300000000000001
1366,1.1712000000000006e-05,1.08,1.11
1367,1.1744000000000001e-05,1.08,1.11
1368,1.1776000000000004e-05,1.12,1.11
1369,1.1808000000000006e-05,1.12,1.11
1370,1.1840000000000002e-05,1.16,1.11
1371,1.1872000000000004e-05,1.16,1.09
1372,1.1904000000000007e-05,1.2,1.09
1373,1.1936000000000002e-05,1.16,1.09
1374,1.1968000000000005e-05,1.2,1.09
1375,1.2000000000000007e-05,1.2,1.09
1376,1.2032000000000003e-05,1.24,1.09
1377,1.2064000000000005e-05,1.24,1.09
1378,1.2096000000000008e-05,1.24,1.09
1379,1.2128000000000003e-05,1.28,1.07
1380,1.2160000000000006e-05,1.28,1.09
1381,1.2192000000000001e-05,1.28,1.09
1382,1.2224000000000004e-05,1.36,1.07
1383,1.2256000000000006e-05,1.32,1.09
1384,1.2288000000000002e-05,1.36,1.07
1385,1.2320000000000004e-05,1.36,1.07
1386,1.2352000000000006e-05,1.4000000000000001,1.07
1387,1.2384000000000002e-05,1.4000000000000001,1.05
1388,1.2416000000000004e-05,1.4000000000000001,1.07
1389,1.2448000000000007e-05,1.44,1.05
1390,1.2480000000000002e-05,1.44,1.05
1391,1.2512000000000005e-05,1.48,1.07
1392,1.2544000000000007e-05,1.48,1.05
1393,1.2576000000000003e-05,1.48,1.05
1394,1.2608000000000005e-05,1.52,1.05
1395,1.2640000000000001e-05,1.52,1.05
1396,1.2672000000000003e-05,1.56,1.07
1397,1.2704000000000006e-05,1.56,1.05
1398,1.2736000000000001e-05,1.6,1.05
1399,1.2768000000000004e-05,1.6,1.03
1400,1.2800000000000006e-05,1.6,1.03
1401,1.2832000000000002e-05,1.6400000000000001,1.05
1402,1.2864000000000004e-05,1.6400000000000001,1.05
1403,1.2896000000000007e-05,1.6400000000000001,1.03
1404,1.2928000000000002e-05,1.68,1.03
1405,1.2960000000000005e-05,1.72,1.03
1406,1.2992000000000007e-05,1.72,1.03
1407,1.3024000000000003e-05,1.76,1.03
1408,1.3056000000000005e-05,1.76,1.03
1409,1.3088000000000008e-05,1.76,1.03
1410,1.3120000000000003e-05,1.76,1.03
1411,1.3152000000000006e-05,1.8,1.03
1412,1.3184000000000001e-05,1.84,1.03
1413,1.3216000000000004e-05,1.8,1.03
1414,1.3248000000000006e-05,1.84,1.01
1415,1.3280000000000002e-05,1.84,1.03
1416,1.3312000000000004e-05,1.84,1.01
1417,1.3344000000000006e-05,1.92,1.03
1418,1.3376000000000002e-05,1.92,1.03
1419,1.3408000000000004e-05,1.92,1.01
1420,1.3440000000000007e-05,1.96,1.03
1421,1.3472000000000002e-05,1.96,1.01
1422,1.3504000000000005e-05,2.0,1.03
1423,1.3536000000000007e-05,1.96,1.01
1424,1.3568000000000003e-05,1.96,1.01
1425,1.3600000000000005e-05,2.04,1.01
1426,1.3632000000000001e-05,2.04,1.03
1427,1.3664000000000003e-05,2.04,1.03
1428,1.3696000000000006e-05,2.08,1.01
1429,1.3728000000000001e-05,2.08,1.01
1430,1.3760000000000004e-05,2.08,1.03
1431,1.3792000000000006e-05,2.08,1.01
1432,1.3824000000000002e-05,2.12,1.03
1433,1.3856000000000004e-05,2.16,1.03
1434,1.3888000000000007e-05,2.16,1.01
1435,1.3920000000000002e-05,2.16,1.01
1436,1.3952000000000005e-05,2.16,1.03
1437,1.3984000000000007e-05,2.2,1.01
1438,1.4016000000000003e-05,2.24,1.01
1439,1.4048000000000005e-05,2.24,1.03
1440,1.4080000000000007e-05,2.24,1.01
1441,1.4112000000000003e-05,2.24,1.03
1442,1.4144000000000006e-05,2.2800000000000002,1.03
1443,1.4176000000000001e-05,2.2800000000000002,1.01
1444,1.4208000000000004e-05,2.32,1.03
1445,1.4240000000000006e-05,2.32,1.01
1446,1.4272000000000002e-05,2.36,1.01
1447,1.4304000000000004e-05,2.36,1.03
1448,1.4336000000000006e-05,2.36,1.01
1449,1.4368000000000002e-05,2.4,1.03
1450,1.4400000000000004e-05,2.4,1.01
1451,1.4432000000000007e-05,2.4,1.03
1452,1.4464000000000002e-05,2.44,1.01
1453,1.4496000000000005e-05,2.44,1.03
1454,1.4528000000000007e-05,2.48,1.03
1455,1.4560000000000003e-05,2.44,1.03
1456,1.4592000000000005e-05,2.48,1.03
1457,1.4624000000000008e-05,2.52,1.03
1458,1.4656000000000003e-05,2.52,1.03
1459,1.4688000000000006e-05,2.52,1.03
1460,1.4720000000000001e-05,2.56,1.03
1461,1.4752000000000004e-05,2.56,1.03
1462,1.4784000000000006e-05,2.56,1.03
1463,1.4816000000000002e-05,2.6,1.03
1464,1.4848000000000004e-05,2.6,1.03
1465,1.4880000000000007e-05,2.68,1.03
1466,1.4912000000000002e-05,2.64,1.05
1467,1.4944000000000005e-05,2.68,1.03
1468,1.4976000000000007e-05,2.68,1.05
1469,1.5008000000000003e-05,2.68,1.03
1470,1.5040000000000005e-05,2.72,1.03
1471,1.5072000000000007e-05,2.72,1.05
1472,1.5104000000000003e-05,2.7600000000000002,1.03
1473,1.5136000000000006e-05,2.8000000000000003,1.05
1474,1.5168000000000001e-05,2.7600000000000002,1.05
1475,1.5200000000000004e-05,2.7600000000000002,1.05
1476,1.5232000000000006e-05,2.8000000000000003,1.05
1477,1.5264e-05,2.8000000000000003,1.05
1478,1.5296000000000004e-05,2.84,1.05
1479,1.5328000000000006e-05,2.88,1.07
1480,1.5360000000000002e-05,2.88,1.05
1481,1.5392000000000004e-05,2.88,1.05
1482,1.5424000000000007e-05,2.88,1.05
1483,1.5456000000000002e-05,2.92,1.07
1484,1.5488000000000005e-05,2.96,1.07
1485,1.5520000000000007e-05,2.96,1.05
1486,1.5552000000000003e-05,2.96,1.07
1487,1.5584000000000005e-05,3.0,1.07
1488,1.5616000000000008e-05,3.0,1.07
1489,1.5648000000000003e-05,3.0,1.09
1490,1.5680000000000006e-05,3.04,1.09
1491,1.5712e-05,3.04,1.07
1492,1.5744000000000004e-05,3.08,1.07
1493,1.5776000000000006e-05,3.08,1.07
1494,1.5808000000000002e-05,3.08,1.09
1495,1.5840000000000004e-05,3.12,1.09
1496,1.5872000000000007e-05,3.12,1.07
1497,1.5904000000000002e-05,3.16,1.09
1498,1.5936000000000005e-05,3.16,1.11
1499,1.5968000000000007e-05,3.2,1.09
1500,1.6000000000000003e-05,3.2,1.09
1501,1.6032000000000005e-05,3.2,1.11
1502,1.6064000000000007e-05,3.24,1.09
1503,1.6096000000000003e-05,3.24,1.11
1504,1.6128000000000006e-05,3.2800000000000002,1.11
1505,1.616e-05,3.2800000000000002,1.11
1506,1.6192000000000004e-05,3.2800000000000002,1.11
1507,1.6224000000000006e-05,3.3200000000000003,1.1300000000000001
1508,1.6256e-05,3.3200000000000003,1.11
1509,1.6288000000000004e-05,3.36,1.11
1510,1.6320000000000006e-05,3.36,1.11
1511,1.6352000000000002e-05,3.36,1.1300000000000001
1512,1.6384000000000004e-05,3.4,1.1300000000000001
1513,1.6416000000000007e-05,3.4,1.1300000000000001
1514,1.6448000000000002e-05,3.4,1.1300000000000001
1515,1.6480000000000005e-05,3.4,1.1300000000000001
1516,1.6512000000000007e-05,3.44,1.1300000000000001
1517,1.6544000000000003e-05,3.48,1.1300000000000001
1518,1.6576000000000005e-05,3.48,1.1500000000000001
1519,1.6608000000000008e-05,3.52,1.1500000000000001
1520,1.6640000000000003e-05,3.52,1.1300000000000001
1521,1.6672000000000006e-05,3.56,1.1500000000000001
1522,1.6704e-05,3.56,1.1500000000000001
1523,1.6736000000000004e-05,3.56,1.1500000000000001
1524,1.6768000000000006e-05,3.56,1.1500000000000001
1525,1.6800000000000002e-05,3.6,1.1500000000000001
1526,1.6832000000000004e-05,3.6,1.1500000000000001
1527,1.6864000000000007e-05,3.6,1.17
1528,1.6896000000000002e-05,3.64,1.17
1529,1.6928000000000005e-05,3.64,1.17
1530,1.6960000000000007e-05,3.68,1.17
1531,1.6992000000000003e-05,3.68,1.17
1532,1.7024000000000005e-05,3.68,1.17
1533,1.7056000000000007e-05,3.72,1.17
1534,1.7088000000000003e-05,3.72,1.17
1535,1.7120000000000005e-05,3.7600000000000002,1.19
1536,1.7152000000000008e-05,3.7600000000000002,1.19
1537,1.7184000000000004e-05,3.7600000000000002,1.21
1538,1.7216000000000006e-05,3.8000000000000003,1.19
1539,1.7248e-05,3.8000000000000003,1.19
1540,1.7280000000000004e-05,3.84,1.19
1541,1.7312000000000006e-05,3.84,1.21
1542,1.7344000000000002e-05,3.84,1.21
1543,1.7376000000000004e-05,3.84,1.21
1544,1.7408000000000007e-05,3.88,1.21
1545,1.7440000000000002e-05,3.88,1.21
1546,1.7472000000000005e-05,3.92,1.21
1547,1.7504000000000007e-05,3.92,1.23
1548,1.7536000000000003e-05,3.92,1.23
1549,1.7568000000000005e-05,3.96,1.23
1550,1.7600000000000008e-05,4.0,1.23
1551,1.7632000000000003e-05,4.0,1.23
1552,1.7664000000000006e-05,4.0,1.25
1553,1.7696e-05,4.04,1.25
1554,1.7728000000000004e-05,4.04,1.25
1555,1.7760000000000006e-05,4.08,1.25
1556,1.7792000000000002e-05,4.08,1.25
1557,1.7824000000000004e-05,4.08,1.25
1558,1.7856000000000007e-05,4.12,1.27
1559,1.7888000000000002e-05,4.12,1.27
1560,1.7920000000000005e-05,4.16,1.27
1561,1.7952000000000007e-05,4.16,1.29
1562,1.7984000000000003e-05,4.16,1.27
1563,1.8016000000000005e-05,4.16,1.29
1564,1.8048000000000007e-05,4.2,1.29
1565,1.8080000000000003e-05,4.2,1.29
1566,1.8112000000000005e-05,4.2,1.31
1567,1.8144000000000008e-05,4.24,1.31
1568,1.8176000000000004e-05,4.28,1.29
1569,1.8208000000000006e-05,4.28,1.31
1570,1.824e-05,4.28,1.31
1571,1.8272000000000004e-05,4.32,1.31
1572,1.8304000000000006e-05,4.36,1.31
1573,1.8336000000000002e-05,4.32,1.31
1574,1.8368000000000004e-05,4.36,1.33
1575,1.8400000000000007e-05,4.36,1.33
1576,1.8432000000000002e-05,4.4,1.31
1577,1.8464000000000005e-05,4.4,1.33
1578,1.8496000000000007e-05,4.4,1.35
1579,1.8528000000000003e-05,4.44,1.35
1580,1.8560000000000005e-05,4.44,1.33
1581,1.8592000000000008e-05,4.48,1.35
1582,1.8624000000000003e-05,4.48,1.35
1583,1.8656000000000006e-05,4.48,1.37
1584,1.8688e-05,4.5200000000000005,1.37
1585,1.8720000000000004e-05,4.5600000000000005,1.37
1586,1.8752000000000006e-05,4.5600000000000005,1.3900000000000001
1587,1.8784000000000002e-05,4.5600000000000005,1.37
1588,1.8816000000000004e-05,4.5600000000000005,1.3900000000000001
1589,1.8848000000000007e-05,4.6000000000000005,1.3900000000000001
1590,1.8880000000000002e-05,4.6000000000000005,1.3900000000000001
1591,1.8912000000000005e-05,4.64,1.3900000000000001
1592,1.8944000000000007e-05,4.64,1.3900000000000001
1593,1.8976000000000003e-05,4.64,1.41
1594,1.9008000000000005e-05,4.68,1.41
1595,1.9040000000000007e-05,4.68,1.41
1596,1.9072000000000003e-05,4.72,1.41
1597,1.9104000000000005e-05,4.72,1.41
1598,1.9136000000000008e-05,4.72,1.41
1599,1.9168000000000004e-05,4.76,1.41
1600,1.9200000000000006e-05,4.76,1.43
1601,1.9232e-05,4.8,1.43
1602,1.9264000000000004e-05,4.8,1.43
1603,1.9296000000000006e-05,4.84,1.45
1604,1.9328000000000002e-05,4.84,1.45
1605,1.9360000000000004e-05,4.84,1.45
1606,1.9392000000000007e-05,4.88,1.45
1607,1.9424000000000002e-05,4.88,1.45
1608,1.9456000000000005e-05,4.92,1.47
1609,1.9488000000000007e-05,4.92,1.45
1610,1.9520000000000003e-05,4.92,1.49
1611,1.9552000000000005e-05,4.96,1.47
1612,1.9584000000000008e-05,4.96,1.47
1613,1.9616000000000003e-05,1.32,1.49
1614,1.9648000000000006e-05,0.04,1.51
1615,1.968e-05,0.12,1.43
1616,1.9712000000000004e-05,0.04,1.43
1617,1.9744000000000006e-05,0.12,1.43
1618,1.9776000000000002e-05,0.08,1.41
1619,1.9808000000000004e-05,0.16,1.43
1620,1.9840000000000007e-05,0.12,1.41
1621,1.9872000000000002e-05,0.12,1.3900000000000001
1622,1.9904000000000005e-05,0.2,1.3900000000000001
1623,1.9936000000000007e-05,0.2,1.3900000000000001
1624,1.9968000000000003e-05,0.24,1.3900000000000001
1625,2.0000000000000005e-05,0.24,1.37
1626,2.0032000000000007e-05,0.24,1.37
1627,2.0064000000000003e-05,0.28,1.35
1628,2.0096000000000005e-05,0.24,1.35
1629,2.0128000000000008e-05,0.32,1.35
1630,2.0160000000000003e-05,0.32,1.35
1631,2.0192000000000006e-05,0.32,1.33
1632,2.0224e-05,0.36,1.33
1633,2.0256000000000004e-05,0.36,1.33
1634,2.0288000000000006e-05,0.36,1.33
1635,2.0320000000000002e-05,0.4,1.33
1636,2.0352000000000004e-05,0.4,1.31
1637,2.0384000000000007e-05,0.44,1.29
1638,2.0416000000000002e-05,0.44,1.29
1639,2.0448000000000005e-05,0.44,1.29
1640,2.0480000000000007e-05,0.48,1.29
1641,2.0512000000000003e-05,0.52,1.27
1642,2.0544000000000005e-05,0.48,1.27
1643,2.0576000000000008e-05,0.52,1.27
1644,2.0608000000000003e-05,0.52,1.27
1645,2.0640000000000006e-05,0.56,1.25
1646,2.0672000000000008e-05,0.56,1.25
1647,2.0704000000000004e-05,0.6,1.25
1648,2.0736000000000006e-05,0.6,1.23
1649,2.0768000000000002e-05,0.6,1.23
1650,2.0800000000000004e-05,0.6,1.23
1651,2.0832000000000007e-05,0.64,1.23
1652,2.0864000000000002e-05,0.64,1.23
1653,2.0896000000000005e-05,0.68,1.21
1654,2.0928000000000007e-05,0.68,1.21
1655,2.0960000000000003e-05,0.68,1.21
1656,2.0992000000000005e-05,0.72,1.19
1657,2.1024000000000007e-05,0.72,1.19
1658,2.1056000000000003e-05,0.76,1.19
1659,2.1088000000000005e-05,0.8,1.19
1660,2.1120000000000008e-05,0.76,1.19
1661,2.1152000000000003e-05,0.8,1.17
1662,2.1184000000000006e-05,0.84,1.17
1663,2.1216e-05,0.8,1.17
1664,2.1248000000000004e-05,0.84,1.17
1665,2.1280000000000006e-05,0.84,1.17
1666,2.1312000000000002e-05,0.88,1.1500000000000001
1667,2.1344000000000004e-05,0.88,1.1500000000000001
1668,2.1376000000000007e-05,0.92,1.1500000000000001
1669,2.1408000000000002e-05,0.92,1.1500000000000001
1670,2.1440000000000005e-05,0.92,1.1500000000000001
1671,2.1472000000000007e-05,0.96,1.1500000000000001
1672,2.1504000000000003e-05,0.96,1.1300000000000001
1673,2.1536000000000005e-05,1.0,1.1500000000000001
1674,2.1568000000000008e-05,1.0,1.1300000000000001
1675,2.1600000000000003e-05,1.04,1.1300000000000001
1676,2.1632000000000006e-05,1.0,1.1300000000000001
1677,2.1664000000000008e-05,1.04,1.11
1678,2.1696000000000004e-05,1.08,1.11
1679,2.1728000000000006e-05,1.08,1.11
1680,2.1760000000000002e-05,1.08,1.11
1681,2.1792000000000004e-05,1.12,1.11
1682,2.1824000000000007e-05,1.16,1.1300000000000001
1683,2.1856000000000002e-05,1.16,1.11
1684,2.1888000000000005e-05,1.16,1.09
1685,2.1920000000000007e-05,1.16,1.09
1686,2.1952000000000003e-05,1.2,1.09
1687,2.1984000000000005e-05,1.2,1.09
1688,2.2016000000000007e-05,1.2,1.09
1689,2.2048000000000003e-05,1.24,1.09
1690,2.2080000000000005e-05,1.24,1.07
1691,2.2112000000000008e-05,1.28,1.09
1692,2.2144000000000003e-05,1.28,1.07
1693,2.2176000000000006e-05,1.28,1.09
1694,2.2208e-05,1.32,1.09
1695,2.2240000000000004e-05,1.36,1.09
1696,2.2272000000000006e-05,1.36,1.09
1697,2.2304000000000002e-05,1.36,1.07
1698,2.2336000000000004e-05,1.36,1.07
1699,2.2368000000000007e-05,1.4000000000000001,1.07
1700,2.2400000000000002e-05,1.4000000000000001,1.07
1701,2.2432000000000005e-05,1.4000000000000001,1.05
1702,2.2464000000000007e-05,1.44,1.05
1703,2.2496000000000003e-05,1.44,1.05
1704,2.2528000000000005e-05,1.48,1.05
1705,2.2560000000000008e-05,1.48,1.05
1706,2.2592000000000003e-05,1.48,1.07
1707,2.2624000000000006e-05,1.52,1.05
1708,2.2656000000000008e-05,1.52,1.05
1709,2.2688000000000004e-05,1.56,1.05
1710,2.2720000000000006e-05,1.6,1.05
1711,2.2752000000000002e-05,1.56,1.05
1712,2.2784000000000004e-05,1.6,1.05
1713,2.2816000000000007e-05,1.6400000000000001,1.03
1714,2.2848000000000002e-05,1.6400000000000001,1.03
1715,2.2880000000000005e-05,1.6400000000000001,1.03
1716,2.2912000000000007e-05,1.6400000000000001,1.03
1717,2.2944000000000003e-05,1.68,1.03
1718,2.2976000000000005e-05,1.72,1.03
1719,2.3008000000000007e-05,1.72,1.03
1720,2.3040000000000003e-05,1.76,1.03
1721,2.3072000000000005e-05,1.72,1.03
1722,2.3104000000000008e-05,1.76,1.03
1723,2.3136000000000003e-05,1.8,1.03
1724,2.3168000000000006e-05,1.8,1.03
1725,2.3200000000000008e-05,1.8,1.03
1726,2.3232000000000004e-05,1.84,1.03
1727,2.3264000000000006e-05,1.84,1.01
1728,2.3296000000000002e-05,1.84,1.03
1729,2.3328000000000004e-05,1.8800000000000001,1.03
1730,2.3360000000000007e-05,1.8800000000000001,1.01
1731,2.3392000000000002e-05,1.92,1.03
1732,2.3424000000000005e-05,1.92,1.03
1733,2.3456000000000007e-05,1.96,1.01
1734,2.3488000000000003e-05,1.96,1.01
1735,2.3520000000000005e-05,2.0,1.01
1736,2.3552000000000008e-05,2.0,1.01
1737,2.3584000000000003e-05,2.0,1.01
1738,2.3616000000000006e-05,2.04,1.01
1739,2.3648000000000008e-05,2.08,1.03
1740,2.3680000000000004e-05,2.04,1.03
1741,2.3712000000000006e-05,2.08,1.01
1742,2.3744000000000002e-05,2.08,1.03
1743,2.3776000000000004e-05,2.08,1.01
1744,2.3808000000000007e-05,2.12,1.03
1745,2.3840000000000002e-05,2.12,1.01
1746,2.3872000000000005e-05,2.12,1.01
1747,2.3904000000000007e-05,2.2,1.01
1748,2.3936000000000003e-05,2.2,1.01
1749,2.3968000000000005e-05,2.2,1.01
1750,2.4000000000000007e-05,2.2,1.03
1751,2.4032000000000003e-05,2.24,1.03
1752,2.4064000000000005e-05,2.24,1.03
1753,2.4096000000000008e-05,2.24,1.01
1754,2.4128000000000003e-05,2.2800000000000002,1.01
1755,2.4160000000000006e-05,2.32,1.03
1756,2.4192000000000008e-05,2.2800000000000002,1.01
1757,2.4224000000000004e-05,2.2800000000000002,1.01
1758,2.4256000000000006e-05,2.32,1.01
1759,2.4288000000000002e-05,2.36,1.01
1760,2.4320000000000004e-05,2.36,1.03
1761,2.4352000000000007e-05,2.4,1.03
1762,2.4384000000000002e-05,2.4,1.03
1763,2.4416000000000005e-05,2.44,1.03
1764,2.4448000000000007e-05,2.44,1.01
1765,2.4480000000000003e-05,2.44,1.03
1766,2.4512000000000005e-05,2.44,1.03
1767,2.4544000000000008e-05,2.48,1.03
1768,2.4576000000000003e-05,2.48,1.03
1769,2.4608000000000006e-05,2.52,1.03
1770,2.4640000000000008e-05,2.52,1.03
1771,2.4672000000000004e-05,2.56,1.05
1772,2.4704000000000006e-05,2.52,1.03
1773,2.4736e-05,2.56,1.03
1774,2.4768000000000004e-05,2.6,1.03
1775,2.4800000000000007e-05,2.6,1.03
1776,2.4832000000000002e-05,2.6,1.05
1777,2.4864000000000005e-05,2.6,1.03
1778,2.4896000000000007e-05,2.64,1.03
1779,2.4928000000000003e-05,2.68,1.03
1780,2.4960000000000005e-05,2.68,1.05
1781,2.4992000000000007e-05,2.68,1.05
1782,2.5024000000000003e-05,2.72,1.05
1783,2.5056000000000005e-05,2.72,1.03
1784,2.5088000000000008e-05,2.7600000000000002,1.05
1785,2.5120000000000003e-05,2.7600000000000002,1.05
1786,2.5152000000000006e-05,2.8000000000000003,1.05
1787,2.5184000000000008e-05,2.8000000000000003,1.05
1788,2.5216000000000004e-05,2.8000000000000003,1.05
1789,2.5248000000000006e-05,2.84,1.05
1790,2.5280000000000002e-05,2.84,1.05
1791,2.5312000000000004e-05,2.88,1.05
1792,2.5344000000000007e-05,2.88,1.05
1793,2.5376000000000002e-05,2.88,1.05
1794,2.5408000000000005e-05,2.92,1.07
1795,2.5440000000000007e-05,2.92,1.05
1796,2.5472000000000003e-05,2.96,1.07
1797,2.5504000000000005e-05,2.96,1.07
1798,2.5536000000000008e-05,2.96,1.07
1799,2.5568000000000003e-05,3.0,1.07
1800,2.5600000000000006e-05,3.0,1.07
1801,2.5632000000000008e-05,3.04,1.07
1802,2.5664000000000004e-05,3.04,1.07
1803,2.5696000000000006e-05,3.04,1.07
1804,2.5728e-05,3.08,1.07
1805,2.5760000000000004e-05,3.08,1.07
1806,2.5792000000000006e-05,3.08,1.07
1807,2.5824000000000002e-05,3.12,1.09
1808,2.5856000000000005e-05,3.12,1.07
1809,2.5888000000000007e-05,3.12,1.09
1810,2.5920000000000003e-05,3.16,1.09
1811,2.5952000000000005e-05,3.2,1.09
1812,2.5984000000000007e-05,3.2,1.11
1813,2.6016000000000003e-05,3.2,1.09
1814,2.6048000000000005e-05,3.24,1.09
1815,2.6080000000000008e-05,3.24,1.09
1816,2.6112000000000003e-05,3.2800000000000002,1.09
1817,2.6144000000000006e-05,3.2800000000000002,1.11
1818,2.6176000000000008e-05,3.2800000000000002,1.11
1819,2.6208000000000004e-05,3.3200000000000003,1.11
1820,2.6240000000000006e-05,3.3200000000000003,1.11
1821,2.6272000000000002e-05,3.3200000000000003,1.1300000000000001
1822,2.6304000000000004e-05,3.36,1.11
1823,2.6336000000000007e-05,3.36,1.11
1824,2.6368000000000002e-05,3.4,1.11
1825,2.6400000000000005e-05,3.4,1.11
1826,2.6432000000000007e-05,3.4,1.1300000000000001
1827,2.6464000000000003e-05,3.44,1.1300000000000001
1828,2.6496000000000005e-05,3.44,1.1300000000000001
1829,2.6528000000000008e-05,3.44,1.1300000000000001
1830,2.6560000000000003e-05,3.48,1.1300000000000001
1831,2.6592000000000006e-05,3.48,1.1300000000000001
1832,2.6624000000000008e-05,3.48,1.1500000000000001
1833,2.6656000000000004e-05,3.52,1.1500000000000001
1834,2.6688000000000006e-05,3.52,1.1500000000000001
1835,2.672000000000001e-05,3.56,1.1500000000000001
1836,2.6752000000000004e-05,3.56,1.1500000000000001
1837,2.6784000000000006e-05,3.6,1.17
1838,2.6816000000000002e-05,3.6,1.1500000000000001
1839,2.6848000000000005e-05,3.6,1.1500000000000001
1840,2.6880000000000007e-05,3.64,1.17
1841,2.6912000000000003e-05,3.64,1.17
1842,2.6944000000000005e-05,3.68,1.17
1843,2.6976000000000007e-05,3.68,1.17
1844,2.7008000000000003e-05,3.68,1.17
1845,2.7040000000000005e-05,3.72,1.17
1846,2.7072000000000008e-05,3.72,1.17
1847,2.7104000000000003e-05,3.72,1.17
1848,2.7136000000000006e-05,3.7600000000000002,1.19
1849,2.7168000000000008e-05,3.7600000000000002,1.19
1850,2.7200000000000004e-05,3.8000000000000003,1.19
1851,2.7232000000000006e-05,3.84,1.19
1852,2.7264000000000002e-05,3.8000000000000003,1.19
1853,2.7296000000000004e-05,3.84,1.21
1854,2.7328000000000007e-05,3.84,1.21
1855,2.7360000000000002e-05,3.84,1.21
1856,2.7392000000000005e-05,3.88,1.23
1857,2.7424000000000007e-05,3.88,1.21
1858,2.7456000000000003e-05,3.92,1.23
1859,2.7488000000000005e-05,3.92,1.23
1860,2.7520000000000008e-05,3.96,1.23
1861,2.7552000000000003e-05,3.96,1.23
1862,2.7584000000000006e-05,3.96,1.25
1863,2.7616000000000008e-05,4.0,1.23
1864,2.7648000000000004e-05,4.0,1.25
1865,2.7680000000000006e-05,4.04,1.25
1866,2.771200000000001e-05,4.04,1.25
1867,2.7744000000000004e-05,4.08,1.25
1868,2.7776000000000006e-05,4.08,1.25
1869,2.7808000000000002e-05,4.08,1.25
1870,2.7840000000000005e-05,4.08,1.27
1871,2.7872000000000007e-05,4.12,1.27
1872,2.7904000000000003e-05,4.12,1.27
1873,2.7936000000000005e-05,4.16,1.27
1874,2.7968000000000007e-05,4.16,1.29
1875,2.8000000000000003e-05,4.2,1.27
1876,2.8032000000000005e-05,4.2,1.29
1877,2.8064000000000008e-05,4.24,1.29
1878,2.8096000000000003e-05,4.24,1.29
1879,2.8128000000000006e-05,4.24,1.29
1880,2.8160000000000008e-05,4.24,1.31
1881,2.8192000000000004e-05,4.28,1.29
1882,2.8224000000000006e-05,4.28,1.31
1883,2.8256000000000002e-05,4.28,1.31
1884,2.8288000000000004e-05,4.32,1.31
1885,2.8320000000000007e-05,4.32,1.31
1886,2.8352000000000002e-05,4.36,1.31
1887,2.8384000000000005e-05,4.4,1.33
1888,2.8416000000000007e-05,4.4,1.33
1889,2.8448000000000003e-05,4.4,1.33
1890,2.8480000000000005e-05,4.4,1.33
1891,2.8512000000000008e-05,4.44,1.35
1892,2.8544000000000003e-05,4.44,1.35
1893,2.8576000000000006e-05,4.44,1.37
1894,2.8608000000000008e-05,4.48,1.35
1895,2.8640000000000004e-05,4.5200000000000005,1.35
1896,2.8672000000000006e-05,4.5200000000000005,1.37
1897,2.870400000000001e-05,4.5200000000000005,1.37
1898,2.8736000000000004e-05,4.5600000000000005,1.37
1899,2.8768000000000006e-05,4.5600000000000005,1.37
1900,2.8800000000000002e-05,4.5600000000000005,1.37
1901,2.8832000000000004e-05,4.6000000000000005,1.37
1902,2.8864000000000007e-05,4.6000000000000005,1.3900000000000001
1903,2.8896000000000003e-05,4.64,1.41
1904,2.8928000000000005e-05,4.64,1.3900000000000001
1905,2.8960000000000007e-05,4.64,1.3900000000000001
1906,2.8992000000000003e-05,4.68,1.41
1907,2.9024000000000005e-05,4.68,1.41
1908,2.9056000000000008e-05,4.68,1.41
1909,2.908800000000001e-05,4.72,1.41
1910,2.912e-05,4.76,1.41
1911,2.9152e-05,4.76,1.43
1912,2.9184000000000004e-05,4.76,1.43
1913,2.9216000000000006e-05,4.76,1.43
1914,2.924800000000001e-05,4.8,1.43
1915,2.928000000000001e-05,4.8,1.43
1916,2.9312e-05,4.84,1.45
1917,2.9344000000000002e-05,4.84,1.47
1918,2.9376000000000005e-05,4.88,1.47
1919,2.9408000000000007e-05,4.88,1.45
1920,2.944000000000001e-05,4.88,1.45
1921,2.9472000000000012e-05,4.92,1.47
1922,2.9504e-05,4.92,1.49
1923,2.9536000000000003e-05,4.96,1.47
1924,2.9568000000000006e-05,4.96,1.49
1925,2.9600000000000008e-05,5.0,1.49
1926,2.963200000000001e-05,0.4,1.45
1927,2.9664e-05,0.0,1.47
1928,2.9696e-05,0.08,1.43
1929,2.9728000000000004e-05,0.08,1.45
1930,2.9760000000000006e-05,0.08,1.41
1931,2.979200000000001e-05,0.12,1.41
1932,2.982400000000001e-05,0.12,1.41
1933,2.9856e-05,0.16,1.41
1934,2.9888000000000003e-05,0.16,1.41
1935,2.9920000000000005e-05,0.16,1.3900000000000001
1936,2.9952000000000007e-05,0.2,1.3900000000000001
1937,2.998400000000001e-05,0.2,1.37
1938,3.0016e-05,0.24,1.37
1939,3.0048e-05,0.28,1.37
1940,3.0080000000000003e-05,0.28,1.35
1941,3.0112000000000006e-05,0.28,1.35
1942,3.0144000000000008e-05,0.28,1.33
1943,3.017600000000001e-05,0.32,1.35
1944,3.0208e-05,0.32,1.33
1945,3.0240000000000002e-05,0.32,1.33
1946,3.0272000000000004e-05,0.36,1.33
1947,3.0304000000000007e-05,0.36,1.31
1948,3.033600000000001e-05,0.4,1.33
1949,3.036800000000001e-05,0.4,1.29
1950,3.04e-05,0.4,1.29
1951,3.0432000000000003e-05,0.44,1.29
1952,3.0464000000000005e-05,0.44,1.29
1953,3.0496000000000008e-05,0.44,1.27
1954,3.052800000000001e-05,0.48,1.29
1955,3.056e-05,0.52,1.27
1956,3.0592e-05,0.52,1.25
1957,3.0624000000000004e-05,0.52,1.25
1958,3.0656000000000006e-05,0.52,1.25
1959,3.068800000000001e-05,0.6,1.25
1960,3.072000000000001e-05,0.56,1.25
1961,3.0752e-05,0.6,1.23
1962,3.0784e-05,0.6,1.23
1963,3.0816000000000004e-05,0.6,1.23
1964,3.084800000000001e-05,0.64,1.23
1965,3.088000000000001e-05,0.64,1.21
1966,3.091200000000001e-05,0.64,1.21
1967,3.0944e-05,0.68,1.21
1968,3.0976e-05,0.68,1.21
1969,3.1008000000000005e-05,0.72,1.19
1970,3.104000000000001e-05,0.76,1.19
1971,3.107200000000001e-05,0.76,1.19
1972,3.1104e-05,0.76,1.19
1973,3.1136e-05,0.8,1.17
1974,3.1168000000000004e-05,0.76,1.19
1975,3.1200000000000006e-05,0.8,1.17
1976,3.123200000000001e-05,0.84,1.17
1977,3.126400000000001e-05,0.84,1.17
1978,3.1296e-05,0.88,1.17
1979,3.1328e-05,0.88,1.1500000000000001
1980,3.1360000000000005e-05,0.88,1.1500000000000001
1981,3.139200000000001e-05,0.92,1.1500000000000001
1982,3.142400000000001e-05,0.92,1.1500000000000001
1983,3.145600000000001e-05,0.96,1.1500000000000001
1984,3.1488e-05,0.96,1.1500000000000001
1985,3.152e-05,0.96,1.1300000000000001
1986,3.1552000000000006e-05,1.0,1.1500000000000001
1987,3.158400000000001e-05,1.0,1.1500000000000001
1988,3.161600000000001e-05,1.0,1.1300000000000001
1989,3.1648e-05,1.04,1.11
1990,3.168e-05,1.04,1.1300000000000001
1991,3.1712000000000004e-05,1.08,1.11
1992,3.1744000000000006e-05,1.08,1.1300000000000001
1993,3.177600000000001e-05,1.12,1.11
1994,3.180800000000001e-05,1.12,1.11
1995,3.184e-05,1.12,1.09
1996,3.1872e-05,1.16,1.09
1997,3.1904000000000005e-05,1.16,1.09
1998,3.193600000000001e-05,1.16,1.11
1999,3.196800000000001e-05,1.2,1.09
