,time,v1,v2
0,-8e-06,2.2,1.09
1,-7.991999999999999e-06,2.2,1.09
2,-7.984e-06,2.2,1.09
3,-7.976e-06,2.24,1.09
4,-7.967999999999999e-06,2.2,1.09
5,-7.96e-06,2.24,1.09
6,-7.952e-06,2.24,1.09
7,-7.943999999999999e-06,2.24,1.09
8,-7.936e-06,2.24,1.09
9,-7.928e-06,2.24,1.09
10,-7.92e-06,2.2800000000000002,1.09
11,-7.912e-06,2.32,1.09
12,-7.904e-06,2.2800000000000002,1.09
13,-7.896e-06,2.2800000000000002,1.11
14,-7.888e-06,2.2800000000000002,1.09
15,-7.879999999999999e-06,2.32,1.09
16,-7.872e-06,2.32,1.09
17,-7.864e-06,2.2800000000000002,1.09
18,-7.855999999999999e-06,2.32,1.09
19,-7.848e-06,2.36,1.09
20,-7.84e-06,2.36,1.09
21,-7.831999999999999e-06,2.36,1.09
22,-7.824e-06,2.32,1.09
23,-7.816e-06,2.36,1.09
24,-7.808e-06,2.4,1.09
25,-7.8e-06,2.4,1.09
26,-7.792e-06,2.4,1.09
27,-7.784e-06,2.4,1.09
28,-7.776e-06,2.4,1.09
29,-7.767999999999999e-06,2.4,1.09
30,-7.76e-06,2.44,1.09
31,-7.752e-06,2.44,1.09
32,-7.743999999999999e-06,2.44,1.09
33,-7.736e-06,2.44,1.09
34,-7.728e-06,2.48,1.09
35,-7.719999999999999e-06,2.44,1.07
36,-7.712e-06,2.48,1.09
37,-7.704e-06,2.48,1.09
38,-7.695999999999999e-06,2.48,1.09
39,-7.688e-06,2.52,1.09
40,-7.68e-06,2.52,1.09
41,-7.672e-06,2.52,1.09
42,-7.664e-06,2.52,1.09
43,-7.656e-06,2.52,1.09
44,-7.648e-06,2.56,1.09
45,-7.64e-06,2.56,1.11
46,-7.631999999999999e-06,2.56,1.09
47,-7.623999999999999e-06,2.56,1.09
48,-7.616e-06,2.56,1.09
49,-7.608e-06,2.56,1.11
50,-7.599999999999999e-06,2.56,1.11
51,-7.5919999999999995e-06,2.56,1.09
52,-7.584e-06,2.6,1.11
53,-7.576e-06,2.6,1.09
54,-7.567999999999999e-06,2.6,1.11
55,-7.56e-06,2.64,1.09
56,-7.552e-06,2.6,1.09
57,-7.543999999999999e-06,2.64,1.11
58,-7.5359999999999995e-06,2.68,1.09
59,-7.528e-06,2.64,1.09
60,-7.519999999999999e-06,2.68,1.09
61,-7.511999999999999e-06,2.68,1.09
62,-7.504e-06,2.68,1.11
63,-7.496e-06,2.68,1.09
64,-7.487999999999999e-06,2.68,1.09
65,-7.4799999999999995e-06,2.68,1.09
66,-7.472e-06,2.72,1.09
67,-7.464e-06,2.72,1.09
68,-7.4559999999999994e-06,2.7600000000000002,1.09
69,-7.448e-06,2.72,1.09
70,-7.44e-06,2.7600000000000002,1.09
71,-7.431999999999999e-06,2.7600000000000002,1.09
72,-7.4239999999999996e-06,2.7600000000000002,1.09
73,-7.416e-06,2.7600000000000002,1.09
74,-7.407999999999999e-06,2.8000000000000003,1.09
75,-7.3999999999999995e-06,2.7600000000000002,1.09
76,-7.392e-06,2.8000000000000003,1.09
77,-7.384e-06,2.8000000000000003,1.09
78,-7.375999999999999e-06,2.8000000000000003,1.09
79,-7.368e-06,2.8000000000000003,1.11
80,-7.36e-06,2.84,1.09
81,-7.351999999999999e-06,2.84,1.09
82,-7.3439999999999995e-06,2.84,1.09
83,-7.336e-06,2.88,1.11
84,-7.328e-06,2.84,1.11
85,-7.319999999999999e-06,2.84,1.09
86,-7.312e-06,2.88,1.11
87,-7.304e-06,2.88,1.11
88,-7.295999999999999e-06,2.92,1.11
89,-7.2879999999999995e-06,2.88,1.09
90,-7.28e-06,2.92,1.09
91,-7.271999999999999e-06,2.92,1.09
92,-7.263999999999999e-06,2.92,1.09
93,-7.256e-06,2.92,1.09
94,-7.248e-06,2.92,1.11
95,-7.239999999999999e-06,2.96,1.11
96,-7.2319999999999995e-06,2.96,1.09
97,-7.224e-06,2.96,1.11
98,-7.216e-06,2.96,1.11
99,-7.2079999999999994e-06,2.96,1.11
100,-7.2e-06,3.0,1.11
101,-7.192e-06,3.0,1.11
102,-7.183999999999999e-06,3.0,1.11
103,-7.1759999999999996e-06,3.0,1.11
104,-7.168e-06,3.0,1.11
105,-7.159999999999999e-06,3.0,1.11
106,-7.1519999999999995e-06,3.04,1.11
107,-7.144e-06,3.04,1.11
108,-7.136e-06,3.04,1.11
109,-7.127999999999999e-06,3.04,1.11
110,-7.12e-06,3.04,1.11
111,-7.112e-06,3.04,1.1300000000000001
112,-7.103999999999999e-06,3.08,1.11
113,-7.0959999999999995e-06,3.12,1.1300000000000001
114,-7.088e-06,3.12,1.11
115,-7.08e-06,3.08,1.11
116,-7.071999999999999e-06,3.12,1.11
117,-7.064e-06,3.12,1.11
118,-7.056e-06,3.12,1.11
119,-7.047999999999999e-06,3.12,1.11
120,-7.0399999999999995e-06,3.16,1.11
121,-7.032e-06,3.16,1.11
122,-7.023999999999999e-06,3.2,1.11
123,-7.015999999999999e-06,3.2,1.11
124,-7.008e-06,3.16,1.11
125,-6.999999999999999e-06,3.16,1.11
126,-6.991999999999999e-06,3.2,1.11
127,-6.9839999999999995e-06,3.2,1.11
128,-6.976e-06,3.2,1.1300000000000001
129,-6.968e-06,3.2,1.1300000000000001
130,-6.9599999999999994e-06,3.2,1.1300000000000001
131,-6.952e-06,3.24,1.11
132,-6.944e-06,3.24,1.11
133,-6.935999999999999e-06,3.24,1.1300000000000001
134,-6.9279999999999996e-06,3.24,1.1300000000000001
135,-6.92e-06,3.2800000000000002,1.1300000000000001
136,-6.911999999999999e-06,3.24,1.1300000000000001
137,-6.9039999999999995e-06,3.2800000000000002,1.1300000000000001
138,-6.896e-06,3.2800000000000002,1.1300000000000001
139,-6.887999999999999e-06,3.2800000000000002,1.1300000000000001
140,-6.879999999999999e-06,3.2800000000000002,1.1300000000000001
141,-6.872e-06,3.3200000000000003,1.1300000000000001
142,-6.864e-06,3.3200000000000003,1.1300000000000001
143,-6.856e-06,3.3200000000000003,1.11
144,-6.8479999999999995e-06,3.3200000000000003,1.1300000000000001
145,-6.84e-06,3.3200000000000003,1.11
146,-6.832e-06,3.3200000000000003,1.1500000000000001
147,-6.823999999999999e-06,3.36,1.1300000000000001
148,-6.816e-06,3.36,1.1300000000000001
149,-6.808e-06,3.36,1.1500000000000001
150,-6.799999999999999e-06,3.36,1.1300000000000001
151,-6.7919999999999995e-06,3.36,1.1300000000000001
152,-6.784e-06,3.4,1.1300000000000001
153,-6.775999999999999e-06,3.44,1.1500000000000001
154,-6.767999999999999e-06,3.4,1.1300000000000001
155,-6.76e-06,3.4,1.1300000000000001
156,-6.751999999999999e-06,3.44,1.1300000000000001
157,-6.743999999999999e-06,3.44,1.1300000000000001
158,-6.7359999999999995e-06,3.48,1.1300000000000001
159,-6.728e-06,3.44,1.1500000000000001
160,-6.72e-06,3.48,1.1500000000000001
161,-6.7119999999999994e-06,3.48,1.1500000000000001
162,-6.704e-06,3.48,1.1500000000000001
163,-6.696e-06,3.48,1.1500000000000001
164,-6.687999999999999e-06,3.52,1.1500000000000001
165,-6.6799999999999996e-06,3.52,1.1500000000000001
166,-6.672e-06,3.52,1.1300000000000001
167,-6.663999999999999e-06,3.52,1.1500000000000001
168,-6.6559999999999995e-06,3.52,1.1300000000000001
169,-6.648e-06,3.52,1.1300000000000001
170,-6.639999999999999e-06,3.52,1.1500000000000001
171,-6.631999999999999e-06,3.56,1.1500000000000001
172,-6.624e-06,3.6,1.1500000000000001
173,-6.616e-06,3.56,1.17
174,-6.607999999999999e-06,3.6,1.1500000000000001
175,-6.5999999999999995e-06,3.6,1.1500000000000001
176,-6.592e-06,3.56,1.1500000000000001
177,-6.584e-06,3.6,1.1500000000000001
178,-6.575999999999999e-06,3.6,1.17
179,-6.568e-06,3.6,1.1500000000000001
180,-6.56e-06,3.64,1.1500000000000001
181,-6.551999999999999e-06,3.6,1.1500000000000001
182,-6.5439999999999995e-06,3.6,1.1500000000000001
183,-6.536e-06,3.64,1.1500000000000001
184,-6.527999999999999e-06,3.64,1.17
185,-6.519999999999999e-06,3.64,1.1500000000000001
186,-6.512e-06,3.68,1.1500000000000001
187,-6.503999999999999e-06,3.68,1.1500000000000001
188,-6.495999999999999e-06,3.68,1.17
189,-6.4879999999999995e-06,3.68,1.17
190,-6.48e-06,3.68,1.17
191,-6.472e-06,3.68,1.1500000000000001
192,-6.4639999999999994e-06,3.68,1.17
193,-6.456e-06,3.68,1.17
194,-6.448e-06,3.72,1.1500000000000001
195,-6.439999999999999e-06,3.72,1.17
196,-6.4319999999999996e-06,3.72,1.17
197,-6.424e-06,3.72,1.17
198,-6.415999999999999e-06,3.7600000000000002,1.17
199,-6.4079999999999995e-06,3.7600000000000002,1.19
200,-6.4e-06,3.8000000000000003,1.17
201,-6.391999999999999e-06,3.7600000000000002,1.17
202,-6.383999999999999e-06,3.7600000000000002,1.17
203,-6.376e-06,3.8000000000000003,1.17
204,-6.368e-06,3.8000000000000003,1.19
205,-6.359999999999999e-06,3.8000000000000003,1.17
206,-6.3519999999999995e-06,3.84,1.19
207,-6.344e-06,3.84,1.17
208,-6.336e-06,3.8000000000000003,1.17
209,-6.327999999999999e-06,3.84,1.17
210,-6.32e-06,3.84,1.19
211,-6.312e-06,3.84,1.17
212,-6.303999999999999e-06,3.84,1.17
213,-6.2959999999999995e-06,3.88,1.17
214,-6.288e-06,3.88,1.19
215,-6.279999999999999e-06,3.88,1.19
216,-6.271999999999999e-06,3.92,1.17
217,-6.264e-06,3.88,1.19
218,-6.255999999999999e-06,3.88,1.19
219,-6.247999999999999e-06,3.92,1.19
220,-6.2399999999999995e-06,3.96,1.19
221,-6.232e-06,3.92,1.19
222,-6.224e-06,3.96,1.19
223,-6.2159999999999994e-06,3.96,1.19
224,-6.208e-06,3.96,1.19
225,-6.2e-06,3.96,1.19
226,-6.191999999999999e-06,3.96,1.19
227,-6.1839999999999996e-06,4.0,1.19
228,-6.176e-06,4.0,1.19
229,-6.167999999999999e-06,4.0,1.19
230,-6.1599999999999995e-06,4.0,1.19
231,-6.152e-06,4.04,1.19
232,-6.143999999999999e-06,4.0,1.19
233,-6.135999999999999e-06,4.04,1.21
234,-6.128e-06,4.04,1.21
235,-6.119999999999999e-06,4.04,1.19
236,-6.111999999999999e-06,4.08,1.21
237,-6.1039999999999995e-06,4.08,1.21
238,-6.096e-06,4.08,1.21
239,-6.088e-06,4.08,1.21
240,-6.079999999999999e-06,4.12,1.19
241,-6.072e-06,4.08,1.21
242,-6.064e-06,4.12,1.21
243,-6.055999999999999e-06,4.12,1.21
244,-6.0479999999999995e-06,4.12,1.21
245,-6.04e-06,4.12,1.21
246,-6.031999999999999e-06,4.12,1.21
247,-6.023999999999999e-06,4.12,1.21
248,-6.016e-06,4.16,1.21
249,-6.007999999999999e-06,4.16,1.23
250,-5.999999999999999e-06,4.16,1.21
251,-5.9919999999999996e-06,4.2,1.21
252,-5.983999999999999e-06,4.16,1.21
253,-5.976e-06,4.2,1.21
254,-5.9679999999999994e-06,4.2,1.23
255,-5.96e-06,4.24,1.23
256,-5.952e-06,4.2,1.23
257,-5.943999999999999e-06,4.24,1.23
258,-5.936e-06,4.24,1.23
259,-5.928e-06,4.2,1.23
260,-5.919999999999999e-06,4.24,1.23
261,-5.9119999999999995e-06,4.24,1.23
262,-5.904e-06,4.24,1.23
263,-5.895999999999999e-06,4.28,1.23
264,-5.887999999999999e-06,4.28,1.23
265,-5.88e-06,4.28,1.23
266,-5.871999999999999e-06,4.28,1.23
267,-5.864e-06,4.28,1.25
268,-5.8559999999999995e-06,4.32,1.23
269,-5.847999999999999e-06,4.36,1.23
270,-5.84e-06,4.32,1.23
271,-5.831999999999999e-06,4.32,1.23
272,-5.824e-06,4.36,1.23
273,-5.816e-06,4.36,1.23
274,-5.807999999999999e-06,4.36,1.25
275,-5.7999999999999995e-06,4.36,1.25
276,-5.792e-06,4.36,1.25
277,-5.783999999999999e-06,4.36,1.25
278,-5.775999999999999e-06,4.4,1.25
279,-5.768e-06,4.4,1.25
280,-5.759999999999999e-06,4.4,1.25
281,-5.751999999999999e-06,4.4,1.25
282,-5.7439999999999996e-06,4.4,1.25
283,-5.735999999999999e-06,4.44,1.25
284,-5.728e-06,4.44,1.25
285,-5.7199999999999994e-06,4.44,1.25
286,-5.712e-06,4.44,1.27
287,-5.704e-06,4.44,1.25
288,-5.695999999999999e-06,4.48,1.25
289,-5.688e-06,4.44,1.25
290,-5.68e-06,4.48,1.25
291,-5.671999999999999e-06,4.48,1.27
292,-5.6639999999999995e-06,4.48,1.27
293,-5.656e-06,4.5200000000000005,1.27
294,-5.647999999999999e-06,4.5200000000000005,1.27
295,-5.639999999999999e-06,4.5200000000000005,1.27
296,-5.632e-06,4.5200000000000005,1.27
297,-5.623999999999999e-06,4.5200000000000005,1.27
298,-5.616e-06,4.5200000000000005,1.27
299,-5.6079999999999995e-06,4.5200000000000005,1.29
300,-5.599999999999999e-06,4.5600000000000005,1.27
301,-5.592e-06,4.5600000000000005,1.27
302,-5.583999999999999e-06,4.5600000000000005,1.27
303,-5.576e-06,4.5600000000000005,1.27
304,-5.568e-06,4.6000000000000005,1.27
305,-5.559999999999999e-06,4.6000000000000005,1.27
306,-5.5519999999999995e-06,4.6000000000000005,1.27
307,-5.544e-06,4.64,1.27
308,-5.535999999999999e-06,4.64,1.27
309,-5.527999999999999e-06,4.64,1.29
310,-5.52e-06,4.64,1.29
311,-5.511999999999999e-06,4.64,1.29
312,-5.503999999999999e-06,4.64,1.29
313,-5.4959999999999996e-06,4.64,1.29
314,-5.487999999999999e-06,4.68,1.29
315,-5.48e-06,4.68,1.31
316,-5.4719999999999994e-06,4.68,1.29
317,-5.463999999999999e-06,4.68,1.29
318,-5.456e-06,4.72,1.29
319,-5.447999999999999e-06,4.72,1.31
320,-5.44e-06,4.72,1.31
321,-5.432e-06,4.72,1.29
322,-5.423999999999999e-06,4.72,1.29
323,-5.4159999999999995e-06,4.72,1.29
324,-5.408e-06,4.76,1.31
325,-5.399999999999999e-06,4.76,1.31
326,-5.391999999999999e-06,4.76,1.31
327,-5.384e-06,4.76,1.31
328,-5.375999999999999e-06,4.8,1.31
329,-5.368e-06,4.8,1.31
330,-5.3599999999999995e-06,4.8,1.29
331,-5.351999999999999e-06,4.8,1.31
332,-5.344e-06,4.84,1.33
333,-5.335999999999999e-06,4.84,1.33
334,-5.328e-06,4.84,1.31
335,-5.32e-06,4.84,1.31
336,-5.311999999999999e-06,4.84,1.31
337,-5.3039999999999995e-06,4.84,1.31
338,-5.296e-06,4.88,1.33
339,-5.287999999999999e-06,4.88,1.33
340,-5.279999999999999e-06,4.88,1.33
341,-5.272e-06,4.88,1.33
342,-5.263999999999999e-06,4.88,1.33
343,-5.255999999999999e-06,4.88,1.33
344,-5.2479999999999996e-06,4.92,1.33
345,-5.239999999999999e-06,4.92,1.33
346,-5.232e-06,4.92,1.33
347,-5.2239999999999995e-06,4.92,1.33
348,-5.215999999999999e-06,4.96,1.35
349,-5.208e-06,4.96,1.33
350,-5.199999999999999e-06,4.96,1.33
351,-5.192e-06,3.56,1.33
352,-5.184e-06,1.32,1.29
353,-5.175999999999999e-06,0.4,1.33
354,-5.1679999999999995e-06,0.4,1.33
355,-5.16e-06,0.16,1.25
356,-5.151999999999999e-06,0.0,1.33
357,-5.143999999999999e-06,0.16,1.29
358,-5.136e-06,0.04,1.29
359,-5.127999999999999e-06,0.08,1.33
360,-5.119999999999999e-06,0.16,1.27
361,-5.1119999999999995e-06,0.04,1.29
362,-5.103999999999999e-06,0.08,1.29
363,-5.096e-06,0.12,1.27
364,-5.087999999999999e-06,0.08,1.29
365,-5.08e-06,0.16,1.29
366,-5.072e-06,0.16,1.29
367,-5.063999999999999e-06,0.12,1.27
368,-5.0559999999999995e-06,0.2,1.27
369,-5.048e-06,0.16,1.29
370,-5.039999999999999e-06,0.16,1.27
371,-5.0319999999999994e-06,0.2,1.29
372,-5.024e-06,0.2,1.27
373,-5.015999999999999e-06,0.16,1.25
374,-5.007999999999999e-06,0.24,1.27
375,-4.9999999999999996e-06,0.2,1.27
376,-4.991999999999999e-06,0.24,1.27
377,-4.984e-06,0.24,1.27
378,-4.9759999999999995e-06,0.24,1.25
379,-4.967999999999999e-06,0.24,1.27
380,-4.96e-06,0.24,1.25
381,-4.951999999999999e-06,0.24,1.25
382,-4.944e-06,0.28,1.27
383,-4.936e-06,0.28,1.25
384,-4.927999999999999e-06,0.28,1.25
385,-4.9199999999999995e-06,0.32,1.25
386,-4.912e-06,0.28,1.25
387,-4.903999999999999e-06,0.32,1.25
388,-4.895999999999999e-06,0.32,1.25
389,-4.888e-06,0.32,1.25
390,-4.879999999999999e-06,0.36,1.25
391,-4.871999999999999e-06,0.32,1.25
392,-4.8639999999999995e-06,0.36,1.23
393,-4.855999999999999e-06,0.36,1.25
394,-4.848e-06,0.36,1.23
395,-4.839999999999999e-06,0.36,1.23
396,-4.832e-06,0.4,1.23
397,-4.824e-06,0.36,1.23
398,-4.815999999999999e-06,0.4,1.25
399,-4.8079999999999995e-06,0.4,1.23
400,-4.8e-06,0.4,1.23
401,-4.791999999999999e-06,0.44,1.25
402,-4.7839999999999994e-06,0.4,1.25
403,-4.776e-06,0.44,1.23
404,-4.767999999999999e-06,0.44,1.23
405,-4.759999999999999e-06,0.44,1.23
406,-4.7519999999999996e-06,0.48,1.23
407,-4.743999999999999e-06,0.48,1.23
408,-4.736e-06,0.48,1.23
409,-4.7279999999999995e-06,0.48,1.21
410,-4.719999999999999e-06,0.48,1.21
411,-4.712e-06,0.48,1.21
412,-4.703999999999999e-06,0.52,1.21
413,-4.696e-06,0.48,1.21
414,-4.688e-06,0.52,1.21
415,-4.679999999999999e-06,0.52,1.21
416,-4.6719999999999995e-06,0.56,1.23
417,-4.664e-06,0.52,1.21
418,-4.655999999999999e-06,0.52,1.21
419,-4.647999999999999e-06,0.56,1.23
420,-4.64e-06,0.56,1.21
421,-4.631999999999999e-06,0.6,1.21
422,-4.623999999999999e-06,0.6,1.21
423,-4.6159999999999995e-06,0.56,1.19
424,-4.607999999999999e-06,0.6,1.21
425,-4.6e-06,0.64,1.21
426,-4.591999999999999e-06,0.64,1.21
427,-4.583999999999999e-06,0.6,1.21
428,-4.576e-06,0.6,1.19
429,-4.567999999999999e-06,0.64,1.21
430,-4.5599999999999995e-06,0.64,1.19
431,-4.552e-06,0.64,1.21
432,-4.543999999999999e-06,0.64,1.19
433,-4.5359999999999994e-06,0.64,1.19
434,-4.528e-06,0.64,1.19
435,-4.519999999999999e-06,0.68,1.19
436,-4.511999999999999e-06,0.72,1.19
437,-4.5039999999999996e-06,0.68,1.19
438,-4.495999999999999e-06,0.68,1.19
439,-4.487999999999999e-06,0.72,1.19
440,-4.4799999999999995e-06,0.72,1.19
441,-4.471999999999999e-06,0.72,1.19
442,-4.464e-06,0.76,1.17
443,-4.455999999999999e-06,0.72,1.19
444,-4.448e-06,0.76,1.17
445,-4.44e-06,0.76,1.17
446,-4.431999999999999e-06,0.8,1.17
447,-4.4239999999999995e-06,0.8,1.17
448,-4.416e-06,0.76,1.17
449,-4.407999999999999e-06,0.8,1.17
450,-4.399999999999999e-06,0.8,1.17
451,-4.392e-06,0.8,1.17
452,-4.383999999999999e-06,0.8,1.17
453,-4.375999999999999e-06,0.8,1.19
454,-4.3679999999999995e-06,0.84,1.17
455,-4.359999999999999e-06,0.84,1.17
456,-4.352e-06,0.88,1.17
457,-4.343999999999999e-06,0.84,1.17
458,-4.335999999999999e-06,0.84,1.17
459,-4.328e-06,0.84,1.17
460,-4.319999999999999e-06,0.88,1.17
461,-4.3119999999999995e-06,0.88,1.17
462,-4.304e-06,0.88,1.1500000000000001
463,-4.295999999999999e-06,0.88,1.1500000000000001
464,-4.2879999999999994e-06,0.92,1.1500000000000001
465,-4.28e-06,0.92,1.1500000000000001
466,-4.271999999999999e-06,0.92,1.1500000000000001
467,-4.263999999999999e-06,0.96,1.1500000000000001
468,-4.2559999999999996e-06,0.96,1.1500000000000001
469,-4.247999999999999e-06,0.96,1.1500000000000001
470,-4.239999999999999e-06,0.96,1.1500000000000001
471,-4.2319999999999995e-06,0.96,1.1500000000000001
472,-4.223999999999999e-06,0.96,1.1500000000000001
473,-4.216e-06,0.96,1.17
474,-4.207999999999999e-06,1.0,1.1500000000000001
475,-4.2e-06,0.96,1.1500000000000001
476,-4.192e-06,1.0,1.1500000000000001
477,-4.183999999999999e-06,1.0,1.1500000000000001
478,-4.1759999999999995e-06,1.04,1.1500000000000001
479,-4.168e-06,1.04,1.1500000000000001
480,-4.159999999999999e-06,1.04,1.1500000000000001
481,-4.151999999999999e-06,1.04,1.1300000000000001
482,-4.144e-06,1.04,1.1500000000000001
483,-4.135999999999999e-06,1.04,1.1500000000000001
484,-4.127999999999999e-06,1.04,1.1500000000000001
485,-4.1199999999999995e-06,1.08,1.1500000000000001
486,-4.112e-06,1.08,1.1500000000000001
487,-4.103999999999999e-06,1.08,1.1500000000000001
488,-4.095999999999999e-06,1.12,1.1500000000000001
489,-4.088e-06,1.12,1.1300000000000001
490,-4.079999999999999e-06,1.12,1.1300000000000001
491,-4.071999999999999e-06,1.12,1.1300000000000001
492,-4.0639999999999995e-06,1.16,1.1300000000000001
493,-4.056e-06,1.12,1.1300000000000001
494,-4.047999999999999e-06,1.16,1.1300000000000001
495,-4.0399999999999994e-06,1.16,1.1300000000000001
496,-4.032e-06,1.16,1.1300000000000001
497,-4.023999999999999e-06,1.16,1.1300000000000001
498,-4.015999999999999e-06,1.16,1.1500000000000001
499,-4.0079999999999996e-06,1.16,1.1300000000000001
500,-3.999999999999999e-06,1.2,1.1300000000000001
501,-3.991999999999999e-06,1.2,1.1300000000000001
502,-3.9839999999999995e-06,1.2,1.1500000000000001
503,-3.976e-06,1.24,1.1300000000000001
504,-3.967999999999999e-06,1.24,1.1300000000000001
505,-3.959999999999999e-06,1.24,1.1300000000000001
506,-3.952e-06,1.24,1.1300000000000001
507,-3.943999999999999e-06,1.24,1.1300000000000001
508,-3.935999999999999e-06,1.24,1.1300000000000001
509,-3.9279999999999995e-06,1.28,1.1300000000000001
510,-3.92e-06,1.28,1.11
511,-3.911999999999999e-06,1.28,1.11
512,-3.903999999999999e-06,1.28,1.1300000000000001
513,-3.896e-06,1.28,1.1300000000000001
514,-3.887999999999999e-06,1.32,1.1300000000000001
515,-3.879999999999999e-06,1.32,1.11
516,-3.8719999999999995e-06,1.32,1.11
517,-3.864e-06,1.32,1.1300000000000001
518,-3.855999999999999e-06,1.32,1.1300000000000001
519,-3.847999999999999e-06,1.32,1.11
520,-3.84e-06,1.36,1.1300000000000001
521,-3.831999999999999e-06,1.36,1.11
522,-3.823999999999999e-06,1.4000000000000001,1.11
523,-3.8159999999999995e-06,1.4000000000000001,1.1300000000000001
524,-3.808e-06,1.36,1.11
525,-3.799999999999999e-06,1.4000000000000001,1.11
526,-3.7919999999999994e-06,1.4000000000000001,1.11
527,-3.7839999999999997e-06,1.4000000000000001,1.11
528,-3.775999999999999e-06,1.44,1.1300000000000001
529,-3.7679999999999993e-06,1.4000000000000001,1.11
530,-3.7599999999999996e-06,1.44,1.11
531,-3.751999999999999e-06,1.44,1.11
532,-3.7439999999999992e-06,1.44,1.11
533,-3.7359999999999995e-06,1.44,1.11
534,-3.7279999999999997e-06,1.48,1.11
535,-3.719999999999999e-06,1.48,1.11
536,-3.7119999999999994e-06,1.48,1.11
537,-3.7039999999999996e-06,1.48,1.11
538,-3.695999999999999e-06,1.48,1.11
539,-3.6879999999999992e-06,1.52,1.1300000000000001
540,-3.6799999999999995e-06,1.52,1.11
541,-3.6719999999999997e-06,1.52,1.11
542,-3.663999999999999e-06,1.56,1.11
543,-3.6559999999999994e-06,1.52,1.11
544,-3.6479999999999996e-06,1.56,1.11
545,-3.639999999999999e-06,1.56,1.11
546,-3.6319999999999993e-06,1.56,1.11
547,-3.6239999999999995e-06,1.56,1.11
548,-3.6159999999999998e-06,1.56,1.09
549,-3.607999999999999e-06,1.56,1.11
550,-3.5999999999999994e-06,1.6,1.11
551,-3.5919999999999997e-06,1.6,1.11
552,-3.583999999999999e-06,1.6,1.11
553,-3.5759999999999993e-06,1.6,1.11
554,-3.5679999999999996e-06,1.6400000000000001,1.11
555,-3.559999999999999e-06,1.6400000000000001,1.11
556,-3.551999999999999e-06,1.6400000000000001,1.11
557,-3.5439999999999994e-06,1.6400000000000001,1.11
558,-3.5359999999999997e-06,1.68,1.11
559,-3.527999999999999e-06,1.6400000000000001,1.11
560,-3.5199999999999993e-06,1.68,1.11
561,-3.5119999999999996e-06,1.68,1.11
562,-3.503999999999999e-06,1.68,1.11
563,-3.4959999999999992e-06,1.68,1.09
564,-3.4879999999999995e-06,1.72,1.11
565,-3.4799999999999997e-06,1.72,1.09
566,-3.471999999999999e-06,1.72,1.09
567,-3.4639999999999994e-06,1.76,1.09
568,-3.4559999999999996e-06,1.72,1.09
569,-3.447999999999999e-06,1.76,1.09
570,-3.4399999999999993e-06,1.76,1.09
571,-3.4319999999999995e-06,1.76,1.09
572,-3.4239999999999997e-06,1.76,1.09
573,-3.415999999999999e-06,1.8,1.09
574,-3.4079999999999994e-06,1.8,1.09
575,-3.3999999999999996e-06,1.8,1.11
576,-3.391999999999999e-06,1.8,1.09
577,-3.3839999999999993e-06,1.84,1.11
578,-3.3759999999999995e-06,1.84,1.09
579,-3.3679999999999998e-06,1.8,1.09
580,-3.359999999999999e-06,1.84,1.09
581,-3.3519999999999994e-06,1.84,1.11
582,-3.3439999999999997e-06,1.8800000000000001,1.09
583,-3.335999999999999e-06,1.8800000000000001,1.09
584,-3.3279999999999993e-06,1.8800000000000001,1.09
585,-3.3199999999999996e-06,1.8800000000000001,1.09
586,-3.311999999999999e-06,1.8800000000000001,1.09
587,-3.303999999999999e-06,1.92,1.09
588,-3.2959999999999994e-06,1.92,1.09
589,-3.2879999999999997e-06,1.92,1.09
590,-3.279999999999999e-06,1.92,1.09
591,-3.2719999999999993e-06,1.92,1.09
592,-3.2639999999999996e-06,1.92,1.09
593,-3.255999999999999e-06,1.92,1.09
594,-3.2479999999999992e-06,1.96,1.11
595,-3.2399999999999995e-06,1.96,1.09
596,-3.2319999999999997e-06,1.96,1.11
597,-3.223999999999999e-06,2.0,1.09
598,-3.2159999999999994e-06,1.96,1.09
599,-3.2079999999999996e-06,2.0,1.09
600,-3.199999999999999e-06,2.0,1.09
601,-3.1919999999999993e-06,2.0,1.09
602,-3.1839999999999995e-06,2.0,1.09
603,-3.1759999999999997e-06,2.04,1.09
604,-3.167999999999999e-06,2.04,1.09
605,-3.1599999999999994e-06,2.08,1.09
606,-3.1519999999999996e-06,2.08,1.11
607,-3.143999999999999e-06,2.08,1.09
608,-3.1359999999999993e-06,2.08,1.09
609,-3.1279999999999995e-06,2.08,1.09
610,-3.119999999999999e-06,2.08,1.09
611,-3.111999999999999e-06,2.08,1.09
612,-3.1039999999999994e-06,2.08,1.09
613,-3.0959999999999997e-06,2.08,1.09
614,-3.087999999999999e-06,2.12,1.09
615,-3.0799999999999993e-06,2.12,1.09
616,-3.0719999999999996e-06,2.12,1.09
617,-3.063999999999999e-06,2.12,1.09
618,-3.055999999999999e-06,2.12,1.11
619,-3.0479999999999994e-06,2.12,1.09
620,-3.0399999999999997e-06,2.16,1.09
621,-3.031999999999999e-06,2.16,1.09
622,-3.0239999999999993e-06,2.2,1.09
623,-3.0159999999999996e-06,2.16,1.09
624,-3.007999999999999e-06,2.2,1.07
625,-2.9999999999999992e-06,2.2,1.09
626,-2.9919999999999995e-06,2.2,1.09
627,-2.9839999999999997e-06,2.2,1.09
628,-2.975999999999999e-06,2.2,1.09
629,-2.9679999999999994e-06,2.24,1.09
630,-2.9599999999999996e-06,2.2,1.09
631,-2.951999999999999e-06,2.24,1.09
632,-2.9439999999999993e-06,2.2800000000000002,1.09
633,-2.9359999999999995e-06,2.24,1.09
634,-2.927999999999999e-06,2.2800000000000002,1.09
635,-2.919999999999999e-06,2.24,1.09
636,-2.9119999999999994e-06,2.2800000000000002,1.09
637,-2.9039999999999996e-06,2.2800000000000002,1.09
638,-2.895999999999999e-06,2.32,1.11
639,-2.8879999999999993e-06,2.2800000000000002,1.09
640,-2.8799999999999995e-06,2.32,1.09
641,-2.871999999999999e-06,2.32,1.09
642,-2.863999999999999e-06,2.36,1.09
643,-2.8559999999999994e-06,2.32,1.09
644,-2.8479999999999997e-06,2.32,1.09
645,-2.839999999999999e-06,2.32,1.09
646,-2.8319999999999993e-06,2.32,1.09
647,-2.8239999999999996e-06,2.36,1.09
648,-2.815999999999999e-06,2.36,1.09
649,-2.807999999999999e-06,2.4,1.09
650,-2.7999999999999994e-06,2.36,1.09
651,-2.7919999999999997e-06,2.4,1.11
652,-2.783999999999999e-06,2.4,1.09
653,-2.7759999999999993e-06,2.4,1.09
654,-2.7679999999999996e-06,2.4,1.09
655,-2.759999999999999e-06,2.4,1.09
656,-2.7519999999999992e-06,2.44,1.09
657,-2.7439999999999995e-06,2.44,1.09
658,-2.7359999999999997e-06,2.44,1.09
659,-2.727999999999999e-06,2.48,1.09
660,-2.7199999999999994e-06,2.48,1.09
661,-2.7119999999999996e-06,2.48,1.09
662,-2.703999999999999e-06,2.48,1.09
663,-2.6959999999999993e-06,2.48,1.09
664,-2.6879999999999995e-06,2.48,1.09
665,-2.679999999999999e-06,2.52,1.09
666,-2.671999999999999e-06,2.52,1.11
667,-2.6639999999999994e-06,2.52,1.09
668,-2.6559999999999996e-06,2.52,1.09
669,-2.647999999999999e-06,2.52,1.09
670,-2.6399999999999993e-06,2.52,1.09
671,-2.6319999999999995e-06,2.56,1.09
672,-2.623999999999999e-06,2.56,1.09
673,-2.615999999999999e-06,2.56,1.09
674,-2.6079999999999994e-06,2.56,1.09
675,-2.5999999999999997e-06,2.56,1.09
676,-2.591999999999999e-06,2.6,1.09
677,-2.5839999999999993e-06,2.6,1.11
678,-2.5759999999999996e-06,2.6,1.09
679,-2.567999999999999e-06,2.6,1.09
680,-2.559999999999999e-06,2.6,1.09
681,-2.5519999999999995e-06,2.6,1.09
682,-2.5439999999999997e-06,2.64,1.09
683,-2.535999999999999e-06,2.64,1.09
684,-2.5279999999999993e-06,2.68,1.09
685,-2.5199999999999996e-06,2.64,1.09
686,-2.511999999999999e-06,2.68,1.09
687,-2.5039999999999992e-06,2.68,1.09
688,-2.4959999999999995e-06,2.72,1.09
689,-2.487999999999999e-06,2.72,1.09
690,-2.479999999999999e-06,2.68,1.09
691,-2.4719999999999994e-06,2.72,1.09
692,-2.4639999999999996e-06,2.72,1.09
693,-2.455999999999999e-06,2.72,1.09
694,-2.4479999999999993e-06,2.72,1.11
695,-2.4399999999999995e-06,2.72,1.09
696,-2.431999999999999e-06,2.72,1.11
697,-2.423999999999999e-06,2.7600000000000002,1.11
698,-2.4159999999999994e-06,2.7600000000000002,1.11
699,-2.4079999999999996e-06,2.7600000000000002,1.09
700,-2.399999999999999e-06,2.7600000000000002,1.09
701,-2.3919999999999993e-06,2.8000000000000003,1.09
702,-2.3839999999999995e-06,2.8000000000000003,1.11
703,-2.375999999999999e-06,2.8000000000000003,1.11
704,-2.367999999999999e-06,2.84,1.09
705,-2.3599999999999994e-06,2.8000000000000003,1.11
706,-2.3519999999999997e-06,2.84,1.11
707,-2.343999999999999e-06,2.84,1.11
708,-2.3359999999999993e-06,2.84,1.09
709,-2.3279999999999996e-06,2.84,1.11
710,-2.319999999999999e-06,2.88,1.11
711,-2.311999999999999e-06,2.88,1.11
712,-2.3039999999999995e-06,2.88,1.11
713,-2.2959999999999997e-06,2.92,1.11
714,-2.287999999999999e-06,2.88,1.11
715,-2.2799999999999993e-06,2.88,1.11
716,-2.2719999999999996e-06,2.92,1.11
717,-2.263999999999999e-06,2.92,1.11
718,-2.2559999999999992e-06,2.92,1.11
719,-2.2479999999999995e-06,2.92,1.11
720,-2.239999999999999e-06,2.92,1.11
721,-2.231999999999999e-06,2.96,1.11
722,-2.2239999999999994e-06,2.96,1.11
723,-2.2159999999999996e-06,2.96,1.11
724,-2.207999999999999e-06,2.96,1.11
725,-2.1999999999999993e-06,2.96,1.11
726,-2.1919999999999995e-06,3.0,1.1300000000000001
727,-2.183999999999999e-06,3.0,1.11
728,-2.175999999999999e-06,3.0,1.11
729,-2.1679999999999994e-06,3.0,1.11
730,-2.1599999999999996e-06,3.04,1.1300000000000001
731,-2.151999999999999e-06,3.0,1.11
732,-2.1439999999999993e-06,3.04,1.1300000000000001
733,-2.1359999999999995e-06,3.04,1.11
734,-2.127999999999999e-06,3.08,1.11
735,-2.119999999999999e-06,3.04,1.11
736,-2.1119999999999994e-06,3.08,1.11
737,-2.1039999999999997e-06,3.08,1.11
738,-2.095999999999999e-06,3.12,1.11
739,-2.0879999999999993e-06,3.08,1.11
740,-2.0799999999999996e-06,3.12,1.11
741,-2.071999999999999e-06,3.12,1.11
742,-2.0639999999999992e-06,3.12,1.11
743,-2.0559999999999995e-06,3.12,1.1300000000000001
744,-2.047999999999999e-06,3.16,1.11
745,-2.039999999999999e-06,3.16,1.11
746,-2.0319999999999993e-06,3.16,1.11
747,-2.0239999999999996e-06,3.16,1.11
748,-2.015999999999999e-06,3.2,1.11
749,-2.0079999999999992e-06,3.2,1.11
750,-1.9999999999999995e-06,3.2,1.11
751,-1.991999999999999e-06,3.2,1.11
752,-1.983999999999999e-06,3.2,1.1300000000000001
753,-1.9759999999999994e-06,3.2,1.11
754,-1.9679999999999996e-06,3.2,1.1300000000000001
755,-1.959999999999999e-06,3.24,1.11
756,-1.9519999999999993e-06,3.2,1.11
757,-1.9439999999999995e-06,3.24,1.11
758,-1.935999999999999e-06,3.24,1.11
759,-1.927999999999999e-06,3.24,1.1300000000000001
760,-1.9199999999999994e-06,3.24,1.1300000000000001
761,-1.9119999999999997e-06,3.2800000000000002,1.1300000000000001
762,-1.903999999999999e-06,3.2800000000000002,1.1300000000000001
763,-1.8959999999999993e-06,3.2800000000000002,1.1300000000000001
764,-1.8879999999999995e-06,3.2800000000000002,1.1300000000000001
765,-1.879999999999999e-06,3.3200000000000003,1.1300000000000001
766,-1.8719999999999992e-06,3.2800000000000002,1.1300000000000001
767,-1.8639999999999994e-06,3.3200000000000003,1.1300000000000001
768,-1.8559999999999988e-06,3.3200000000000003,1.1300000000000001
769,-1.847999999999999e-06,3.3200000000000003,1.1300000000000001
770,-1.8399999999999993e-06,3.36,1.1300000000000001
771,-1.8319999999999996e-06,3.3200000000000003,1.1300000000000001
772,-1.823999999999999e-06,3.36,1.11
773,-1.8159999999999992e-06,3.36,1.1300000000000001
774,-1.8079999999999995e-06,3.36,1.1300000000000001
775,-1.7999999999999989e-06,3.4,1.1500000000000001
776,-1.791999999999999e-06,3.4,1.1300000000000001
777,-1.7839999999999994e-06,3.4,1.1300000000000001
778,-1.7759999999999996e-06,3.36,1.1300000000000001
779,-1.767999999999999e-06,3.4,1.1300000000000001
780,-1.7599999999999992e-06,3.4,1.1500000000000001
781,-1.7519999999999995e-06,3.44,1.1500000000000001
782,-1.7439999999999989e-06,3.44,1.1500000000000001
783,-1.7359999999999991e-06,3.44,1.1500000000000001
784,-1.7279999999999994e-06,3.44,1.1300000000000001
785,-1.7199999999999996e-06,3.44,1.1300000000000001
786,-1.711999999999999e-06,3.44,1.1500000000000001
787,-1.7039999999999993e-06,3.48,1.1500000000000001
788,-1.6959999999999995e-06,3.48,1.1500000000000001
789,-1.687999999999999e-06,3.48,1.1300000000000001
790,-1.6799999999999992e-06,3.48,1.1300000000000001
791,-1.6719999999999994e-06,3.48,1.1500000000000001
792,-1.6639999999999997e-06,3.52,1.1500000000000001
793,-1.655999999999999e-06,3.52,1.17
794,-1.6479999999999993e-06,3.52,1.1500000000000001
795,-1.6399999999999995e-06,3.52,1.1300000000000001
796,-1.631999999999999e-06,3.52,1.1500000000000001
797,-1.6239999999999992e-06,3.56,1.1500000000000001
798,-1.6159999999999994e-06,3.56,1.1500000000000001
799,-1.6079999999999988e-06,3.56,1.1500000000000001
800,-1.599999999999999e-06,3.56,1.1500000000000001
801,-1.5919999999999993e-06,3.6,1.1500000000000001
802,-1.5839999999999996e-06,3.6,1.1500000000000001
803,-1.575999999999999e-06,3.6,1.1500000000000001
804,-1.5679999999999992e-06,3.6,1.1500000000000001
805,-1.5599999999999995e-06,3.6,1.1500000000000001
806,-1.5519999999999989e-06,3.64,1.17
807,-1.5439999999999991e-06,3.64,1.17
808,-1.5359999999999994e-06,3.64,1.1500000000000001
809,-1.5279999999999996e-06,3.68,1.1500000000000001
810,-1.519999999999999e-06,3.64,1.1500000000000001
811,-1.5119999999999992e-06,3.68,1.1500000000000001
812,-1.5039999999999995e-06,3.68,1.1500000000000001
813,-1.4959999999999989e-06,3.68,1.17
814,-1.4879999999999991e-06,3.68,1.1500000000000001
815,-1.4799999999999994e-06,3.72,1.17
816,-1.4719999999999996e-06,3.72,1.17
817,-1.463999999999999e-06,3.68,1.17
818,-1.4559999999999993e-06,3.72,1.17
819,-1.4479999999999995e-06,3.72,1.17
820,-1.439999999999999e-06,3.72,1.17
821,-1.4319999999999992e-06,3.72,1.17
822,-1.4239999999999994e-06,3.7600000000000002,1.17
823,-1.4159999999999988e-06,3.7600000000000002,1.17
824,-1.407999999999999e-06,3.7600000000000002,1.17
825,-1.3999999999999993e-06,3.7600000000000002,1.17
826,-1.3919999999999995e-06,3.8000000000000003,1.17
827,-1.383999999999999e-06,3.8000000000000003,1.17
828,-1.3759999999999992e-06,3.8000000000000003,1.17
829,-1.3679999999999994e-06,3.8000000000000003,1.17
830,-1.3599999999999988e-06,3.8000000000000003,1.17
831,-1.351999999999999e-06,3.8000000000000003,1.19
832,-1.3439999999999993e-06,3.84,1.17
833,-1.3359999999999996e-06,3.84,1.17
834,-1.327999999999999e-06,3.84,1.17
835,-1.3199999999999992e-06,3.84,1.17
836,-1.3119999999999995e-06,3.88,1.17
837,-1.3039999999999989e-06,3.88,1.17
838,-1.2959999999999991e-06,3.88,1.17
839,-1.2879999999999994e-06,3.88,1.19
840,-1.2799999999999996e-06,3.88,1.19
841,-1.271999999999999e-06,3.92,1.19
842,-1.2639999999999992e-06,3.92,1.19
843,-1.2559999999999995e-06,3.92,1.19
844,-1.2479999999999989e-06,3.92,1.19
845,-1.2399999999999991e-06,3.92,1.19
846,-1.2319999999999994e-06,3.96,1.19
847,-1.2239999999999996e-06,3.92,1.21
848,-1.215999999999999e-06,3.96,1.19
849,-1.2079999999999993e-06,3.96,1.19
850,-1.1999999999999995e-06,3.96,1.19
851,-1.191999999999999e-06,3.96,1.19
852,-1.1839999999999992e-06,4.0,1.19
853,-1.1759999999999994e-06,4.0,1.19
854,-1.1679999999999988e-06,4.0,1.19
855,-1.159999999999999e-06,4.0,1.19
856,-1.1519999999999993e-06,4.0,1.19
857,-1.1439999999999996e-06,4.0,1.21
858,-1.135999999999999e-06,4.04,1.19
859,-1.1279999999999992e-06,4.08,1.19
860,-1.1199999999999994e-06,4.08,1.21
861,-1.1119999999999988e-06,4.04,1.21
862,-1.103999999999999e-06,4.08,1.19
863,-1.0959999999999993e-06,4.08,1.21
864,-1.0879999999999996e-06,4.08,1.21
865,-1.079999999999999e-06,4.08,1.21
866,-1.0719999999999992e-06,4.08,1.21
867,-1.0639999999999995e-06,4.08,1.21
868,-1.0559999999999989e-06,4.12,1.21
869,-1.0479999999999991e-06,4.12,1.21
870,-1.0399999999999994e-06,4.12,1.21
871,-1.0319999999999996e-06,4.12,1.23
872,-1.023999999999999e-06,4.16,1.21
873,-1.0159999999999993e-06,4.16,1.21
874,-1.0079999999999995e-06,4.16,1.21
875,-9.99999999999999e-07,4.16,1.21
876,-9.919999999999991e-07,4.16,1.23
877,-9.839999999999994e-07,4.16,1.23
878,-9.759999999999988e-07,4.2,1.21
879,-9.67999999999999e-07,4.2,1.23
880,-9.599999999999993e-07,4.2,1.23
881,-9.519999999999995e-07,4.2,1.23
882,-9.439999999999989e-07,4.2,1.21
883,-9.359999999999992e-07,4.2,1.23
884,-9.279999999999994e-07,4.24,1.23
885,-9.199999999999988e-07,4.24,1.23
886,-9.119999999999991e-07,4.28,1.25
887,-9.039999999999993e-07,4.28,1.23
888,-8.959999999999996e-07,4.28,1.23
889,-8.87999999999999e-07,4.28,1.25
890,-8.799999999999992e-07,4.28,1.23
891,-8.719999999999994e-07,4.28,1.23
892,-8.639999999999988e-07,4.28,1.25
893,-8.559999999999991e-07,4.28,1.23
894,-8.479999999999993e-07,4.32,1.25
895,-8.399999999999996e-07,4.32,1.25
896,-8.31999999999999e-07,4.36,1.25
897,-8.239999999999992e-07,4.36,1.25
898,-8.159999999999995e-07,4.32,1.25
899,-8.079999999999989e-07,4.36,1.25
900,-7.999999999999991e-07,4.36,1.25
901,-7.919999999999994e-07,4.4,1.25
902,-7.839999999999996e-07,4.4,1.25
903,-7.75999999999999e-07,4.4,1.25
904,-7.679999999999993e-07,4.4,1.25
905,-7.599999999999995e-07,4.4,1.25
906,-7.519999999999989e-07,4.4,1.25
907,-7.439999999999991e-07,4.4,1.25
908,-7.359999999999994e-07,4.4,1.27
909,-7.279999999999988e-07,4.44,1.25
910,-7.19999999999999e-07,4.44,1.25
911,-7.119999999999993e-07,4.44,1.25
912,-7.039999999999995e-07,4.44,1.25
913,-6.959999999999989e-07,4.48,1.25
914,-6.879999999999992e-07,4.44,1.27
915,-6.799999999999994e-07,4.48,1.27
916,-6.719999999999988e-07,4.48,1.25
917,-6.639999999999991e-07,4.48,1.25
918,-6.559999999999993e-07,4.5200000000000005,1.27
919,-6.479999999999996e-07,4.5200000000000005,1.25
920,-6.39999999999999e-07,4.5200000000000005,1.27
921,-6.319999999999992e-07,4.5200000000000005,1.27
922,-6.239999999999994e-07,4.5200000000000005,1.27
923,-6.159999999999988e-07,4.5200000000000005,1.27
924,-6.079999999999991e-07,4.5600000000000005,1.27
925,-5.999999999999993e-07,4.5600000000000005,1.27
926,-5.919999999999996e-07,4.5600000000000005,1.27
927,-5.83999999999999e-07,4.5600000000000005,1.27
928,-5.759999999999992e-07,4.5600000000000005,1.27
929,-5.679999999999995e-07,4.6000000000000005,1.27
930,-5.599999999999989e-07,4.6000000000000005,1.27
931,-5.519999999999991e-07,4.6000000000000005,1.29
932,-5.439999999999994e-07,4.6000000000000005,1.29
933,-5.359999999999988e-07,4.6000000000000005,1.29
934,-5.27999999999999e-07,4.64,1.29
935,-5.199999999999993e-07,4.64,1.29
936,-5.119999999999995e-07,4.68,1.29
937,-5.039999999999989e-07,4.68,1.29
938,-4.959999999999991e-07,4.68,1.27
939,-4.879999999999994e-07,4.68,1.29
940,-4.799999999999988e-07,4.68,1.29
941,-4.7199999999999904e-07,4.72,1.31
942,-4.639999999999993e-07,4.72,1.29
943,-4.5599999999999953e-07,4.72,1.29
944,-4.4799999999999893e-07,4.68,1.29
945,-4.399999999999992e-07,4.72,1.29
946,-4.319999999999994e-07,4.72,1.29
947,-4.239999999999988e-07,4.72,1.29
948,-4.1599999999999907e-07,4.76,1.29
949,-4.079999999999993e-07,4.76,1.31
950,-3.9999999999999956e-07,4.76,1.31
951,-3.9199999999999896e-07,4.8,1.31
952,-3.839999999999992e-07,4.8,1.31
953,-3.7599999999999945e-07,4.8,1.29
954,-3.6799999999999885e-07,4.8,1.31
955,-3.5999999999999994e-07,4.8,1.31
956,-3.5199999999999934e-07,4.8,1.33
957,-3.4399999999999874e-07,4.84,1.33
958,-3.3599999999999983e-07,4.84,1.31
959,-3.2799999999999923e-07,4.84,1.31
960,-3.1999999999999863e-07,4.84,1.31
961,-3.119999999999997e-07,4.84,1.33
962,-3.039999999999991e-07,4.88,1.33
963,-2.959999999999985e-07,4.88,1.31
964,-2.879999999999996e-07,4.88,1.31
965,-2.79999999999999e-07,4.88,1.33
966,-2.719999999999984e-07,4.88,1.33
967,-2.639999999999995e-07,4.92,1.33
968,-2.559999999999989e-07,4.92,1.33
969,-2.48e-07,4.92,1.33
970,-2.399999999999994e-07,4.92,1.33
971,-2.319999999999988e-07,4.92,1.33
972,-2.239999999999999e-07,4.96,1.35
973,-2.159999999999993e-07,4.96,1.33
974,-2.0799999999999869e-07,4.96,1.33
975,-1.9999999999999978e-07,4.96,1.33
976,-1.9199999999999918e-07,3.48,1.35
977,-1.8399999999999858e-07,1.32,1.27
978,-1.7599999999999967e-07,0.4,1.33
979,-1.6799999999999907e-07,0.4,1.33
980,-1.5999999999999847e-07,0.16,1.25
981,-1.5199999999999956e-07,0.0,1.35
982,-1.4399999999999896e-07,0.16,1.29
983,-1.3599999999999836e-07,0.04,1.29
984,-1.2799999999999945e-07,0.04,1.31
985,-1.1999999999999885e-07,0.16,1.27
986,-1.1199999999999994e-07,0.04,1.31
987,-1.0399999999999934e-07,0.12,1.29
988,-9.599999999999874e-08,0.12,1.27
989,-8.799999999999984e-08,0.08,1.29
990,-7.999999999999923e-08,0.16,1.27
991,-7.199999999999863e-08,0.16,1.29
992,-6.399999999999973e-08,0.12,1.29
993,-5.5999999999999125e-08,0.2,1.27
994,-4.7999999999998524e-08,0.16,1.27
995,-3.999999999999962e-08,0.12,1.27
996,-3.1999999999999016e-08,0.2,1.27
997,-2.3999999999998415e-08,0.16,1.27
998,-1.5999999999999508e-08,0.2,1.25
999,-7.999999999998907e-09,0.2,1.27
1000,1.6940658945086007e-21,0.2,1.27
1001,8.000000000000601e-09,0.24,1.27
1002,1.6000000000001202e-08,0.24,1.27
1003,2.400000000000011e-08,0.2,1.25
1004,3.200000000000071e-08,0.24,1.25
1005,4.000000000000131e-08,0.28,1.25
1006,4.800000000000022e-08,0.24,1.27
1007,5.600000000000082e-08,0.28,1.25
1008,6.400000000000142e-08,0.28,1.25
1009,7.200000000000033e-08,0.28,1.25
1010,8.000000000000093e-08,0.32,1.27
1011,8.800000000000153e-08,0.32,1.27
1012,9.600000000000044e-08,0.32,1.25
1013,1.0400000000000104e-07,0.32,1.25
1014,1.1200000000000164e-07,0.32,1.25
1015,1.2000000000000055e-07,0.32,1.25
1016,1.2800000000000115e-07,0.32,1.25
1017,1.3600000000000005e-07,0.36,1.25
1018,1.4400000000000065e-07,0.36,1.25
1019,1.5200000000000126e-07,0.36,1.25
1020,1.6000000000000016e-07,0.36,1.23
1021,1.6800000000000076e-07,0.4,1.23
1022,1.7600000000000136e-07,0.36,1.23
1023,1.8400000000000027e-07,0.4,1.25
1024,1.9200000000000087e-07,0.4,1.23
1025,2.0000000000000147e-07,0.4,1.25
1026,2.0800000000000038e-07,0.4,1.23
1027,2.1600000000000098e-07,0.44,1.23
1028,2.2400000000000158e-07,0.44,1.23
1029,2.320000000000005e-07,0.44,1.23
1030,2.400000000000011e-07,0.44,1.21
1031,2.480000000000017e-07,0.44,1.21
1032,2.560000000000006e-07,0.44,1.21
1033,2.640000000000012e-07,0.48,1.21
1034,2.720000000000001e-07,0.48,1.21
1035,2.800000000000007e-07,0.48,1.23
1036,2.880000000000013e-07,0.52,1.21
1037,2.960000000000002e-07,0.52,1.21
1038,3.040000000000008e-07,0.52,1.21
1039,3.120000000000014e-07,0.52,1.21
1040,3.200000000000003e-07,0.52,1.21
1041,3.280000000000009e-07,0.56,1.21
1042,3.360000000000015e-07,0.52,1.21
1043,3.4400000000000043e-07,0.52,1.21
1044,3.5200000000000103e-07,0.56,1.21
1045,3.6000000000000164e-07,0.56,1.21
1046,3.6800000000000054e-07,0.56,1.21
1047,3.7600000000000114e-07,0.56,1.21
1048,3.8400000000000005e-07,0.56,1.21
1049,3.9200000000000065e-07,0.6,1.19
1050,4.0000000000000125e-07,0.6,1.19
1051,4.0800000000000016e-07,0.6,1.19
1052,4.1600000000000076e-07,0.6,1.21
1053,4.2400000000000136e-07,0.6,1.19
1054,4.3200000000000027e-07,0.6,1.19
1055,4.4000000000000087e-07,0.64,1.19
1056,4.4800000000000147e-07,0.64,1.21
1057,4.560000000000004e-07,0.64,1.19
1058,4.64000000000001e-07,0.64,1.19
1059,4.720000000000016e-07,0.64,1.19
1060,4.800000000000005e-07,0.68,1.19
1061,4.880000000000011e-07,0.68,1.19
1062,4.960000000000017e-07,0.68,1.19
1063,5.040000000000006e-07,0.72,1.19
1064,5.120000000000012e-07,0.72,1.19
1065,5.200000000000001e-07,0.72,1.17
1066,5.280000000000007e-07,0.72,1.19
1067,5.360000000000013e-07,0.76,1.19
1068,5.440000000000002e-07,0.72,1.17
1069,5.520000000000008e-07,0.72,1.19
1070,5.600000000000014e-07,0.76,1.17
1071,5.680000000000003e-07,0.76,1.17
1072,5.760000000000009e-07,0.76,1.17
1073,5.840000000000015e-07,0.8,1.17
1074,5.920000000000004e-07,0.8,1.17
1075,6.00000000000001e-07,0.8,1.17
1076,6.080000000000016e-07,0.8,1.17
1077,6.160000000000005e-07,0.8,1.17
1078,6.240000000000011e-07,0.8,1.17
1079,6.320000000000017e-07,0.84,1.17
1080,6.400000000000006e-07,0.84,1.17
1081,6.480000000000012e-07,0.84,1.17
1082,6.560000000000002e-07,0.84,1.17
1083,6.640000000000008e-07,0.88,1.17
1084,6.720000000000014e-07,0.88,1.17
1085,6.800000000000003e-07,0.88,1.1500000000000001
1086,6.880000000000009e-07,0.88,1.17
1087,6.960000000000015e-07,0.92,1.17
1088,7.040000000000004e-07,0.92,1.1500000000000001
1089,7.12000000000001e-07,0.92,1.1500000000000001
1090,7.200000000000016e-07,0.92,1.1500000000000001
1091,7.280000000000005e-07,0.92,1.1500000000000001
1092,7.360000000000011e-07,0.92,1.1500000000000001
1093,7.440000000000017e-07,0.92,1.1500000000000001
1094,7.520000000000006e-07,0.96,1.17
1095,7.600000000000012e-07,0.96,1.1500000000000001
1096,7.680000000000001e-07,0.96,1.1500000000000001
1097,7.760000000000007e-07,0.96,1.1500000000000001
1098,7.840000000000013e-07,1.0,1.1500000000000001
1099,7.920000000000002e-07,1.0,1.17
1100,8.000000000000008e-07,1.0,1.1500000000000001
1101,8.080000000000014e-07,1.0,1.17
1102,8.160000000000003e-07,1.0,1.1500000000000001
1103,8.240000000000009e-07,1.04,1.1500000000000001
1104,8.320000000000015e-07,1.04,1.1500000000000001
1105,8.400000000000004e-07,1.04,1.1500000000000001
1106,8.48000000000001e-07,1.04,1.1500000000000001
1107,8.560000000000016e-07,1.04,1.1500000000000001
1108,8.640000000000005e-07,1.08,1.1500000000000001
1109,8.720000000000011e-07,1.08,1.1500000000000001
1110,8.800000000000017e-07,1.08,1.1500000000000001
1111,8.880000000000006e-07,1.08,1.1300000000000001
1112,8.960000000000012e-07,1.08,1.1500000000000001
1113,9.040000000000002e-07,1.12,1.1500000000000001
1114,9.120000000000008e-07,1.12,1.1500000000000001
1115,9.200000000000014e-07,1.12,1.1500000000000001
1116,9.280000000000003e-07,1.12,1.1500000000000001
1117,9.360000000000009e-07,1.12,1.1300000000000001
1118,9.440000000000015e-07,1.12,1.1300000000000001
1119,9.520000000000004e-07,1.16,1.1300000000000001
1120,9.60000000000001e-07,1.16,1.1500000000000001
1121,9.680000000000016e-07,1.16,1.1300000000000001
1122,9.760000000000005e-07,1.16,1.1300000000000001
1123,9.84000000000001e-07,1.2,1.1300000000000001
1124,9.920000000000017e-07,1.2,1.1300000000000001
1125,1.0000000000000006e-06,1.2,1.1300000000000001
1126,1.0080000000000012e-06,1.24,1.1300000000000001
1127,1.016e-06,1.2,1.1300000000000001
1128,1.0240000000000007e-06,1.2,1.1300000000000001
1129,1.0320000000000013e-06,1.2,1.11
1130,1.0400000000000002e-06,1.24,1.1300000000000001
1131,1.0480000000000008e-06,1.28,1.1300000000000001
1132,1.0560000000000014e-06,1.28,1.1500000000000001
1133,1.0640000000000003e-06,1.28,1.1300000000000001
1134,1.072000000000001e-06,1.24,1.11
1135,1.0800000000000015e-06,1.28,1.11
1136,1.0880000000000004e-06,1.28,1.1300000000000001
1137,1.096000000000001e-06,1.28,1.11
1138,1.1040000000000016e-06,1.32,1.11
1139,1.1120000000000005e-06,1.32,1.11
1140,1.1200000000000011e-06,1.32,1.1300000000000001
1141,1.1280000000000017e-06,1.32,1.1300000000000001
1142,1.1360000000000006e-06,1.32,1.1300000000000001
1143,1.1440000000000012e-06,1.32,1.11
1144,1.1520000000000002e-06,1.32,1.11
1145,1.1600000000000008e-06,1.36,1.1300000000000001
1146,1.1680000000000014e-06,1.36,1.11
1147,1.1760000000000003e-06,1.36,1.11
1148,1.1840000000000009e-06,1.36,1.11
1149,1.1920000000000015e-06,1.36,1.11
1150,1.2000000000000004e-06,1.4000000000000001,1.11
1151,1.208000000000001e-06,1.44,1.11
1152,1.2160000000000016e-06,1.4000000000000001,1.11
1153,1.2240000000000005e-06,1.4000000000000001,1.11
1154,1.232000000000001e-06,1.44,1.11
1155,1.2400000000000017e-06,1.44,1.11
1156,1.2480000000000006e-06,1.44,1.1300000000000001
1157,1.2560000000000012e-06,1.44,1.11
1158,1.264e-06,1.44,1.11
1159,1.2720000000000007e-06,1.48,1.11
1160,1.2800000000000013e-06,1.48,1.11
1161,1.2880000000000002e-06,1.48,1.11
1162,1.2960000000000008e-06,1.52,1.11
1163,1.3040000000000014e-06,1.52,1.11
1164,1.3120000000000003e-06,1.48,1.11
1165,1.320000000000001e-06,1.52,1.11
1166,1.3280000000000015e-06,1.52,1.11
1167,1.3360000000000004e-06,1.56,1.11
1168,1.344000000000001e-06,1.52,1.11
1169,1.3520000000000016e-06,1.56,1.11
1170,1.3600000000000005e-06,1.56,1.11
1171,1.3680000000000011e-06,1.56,1.11
1172,1.3760000000000017e-06,1.6,1.11
1173,1.3840000000000006e-06,1.56,1.11
1174,1.3920000000000012e-06,1.6,1.11
1175,1.4000000000000001e-06,1.6,1.11
1176,1.4080000000000007e-06,1.6,1.11
1177,1.4160000000000014e-06,1.6,1.11
1178,1.4240000000000003e-06,1.6400000000000001,1.11
1179,1.4320000000000009e-06,1.6400000000000001,1.11
1180,1.4400000000000015e-06,1.6400000000000001,1.11
1181,1.4480000000000004e-06,1.6400000000000001,1.11
1182,1.456000000000001e-06,1.6400000000000001,1.09
1183,1.4640000000000016e-06,1.6400000000000001,1.11
1184,1.4720000000000005e-06,1.68,1.11
1185,1.480000000000001e-06,1.68,1.09
1186,1.4880000000000017e-06,1.68,1.09
1187,1.4960000000000006e-06,1.68,1.09
1188,1.5040000000000012e-06,1.68,1.09
1189,1.5120000000000018e-06,1.72,1.09
1190,1.5200000000000007e-06,1.72,1.11
1191,1.5280000000000013e-06,1.76,1.11
1192,1.5360000000000002e-06,1.76,1.09
1193,1.5440000000000008e-06,1.76,1.09
1194,1.5520000000000014e-06,1.8,1.11
1195,1.5600000000000003e-06,1.76,1.09
1196,1.568000000000001e-06,1.76,1.09
1197,1.5760000000000015e-06,1.8,1.09
1198,1.5840000000000004e-06,1.76,1.09
1199,1.592000000000001e-06,1.8,1.09
1200,1.6000000000000016e-06,1.8,1.09
1201,1.6080000000000005e-06,1.8,1.09
1202,1.6160000000000011e-06,1.8,1.11
1203,1.6240000000000017e-06,1.8,1.09
1204,1.6320000000000006e-06,1.84,1.11
1205,1.6400000000000012e-06,1.84,1.09
1206,1.6480000000000001e-06,1.84,1.09
1207,1.6560000000000007e-06,1.84,1.09
1208,1.6640000000000013e-06,1.8800000000000001,1.11
1209,1.6720000000000003e-06,1.8800000000000001,1.11
1210,1.6800000000000009e-06,1.8800000000000001,1.09
1211,1.6880000000000015e-06,1.8800000000000001,1.11
1212,1.6960000000000004e-06,1.8800000000000001,1.09
1213,1.704000000000001e-06,1.92,1.09
1214,1.7120000000000016e-06,1.8800000000000001,1.09
1215,1.7200000000000005e-06,1.92,1.09
1216,1.728000000000001e-06,1.96,1.11
1217,1.7360000000000017e-06,1.96,1.09
1218,1.7440000000000006e-06,1.92,1.09
1219,1.7520000000000012e-06,1.96,1.09
1220,1.7600000000000018e-06,1.96,1.09
1221,1.7680000000000007e-06,2.0,1.09
1222,1.7760000000000013e-06,1.96,1.09
1223,1.7840000000000002e-06,2.0,1.09
1224,1.7920000000000008e-06,2.0,1.11
1225,1.8000000000000014e-06,2.0,1.09
1226,1.8080000000000003e-06,2.0,1.09
1227,1.816000000000001e-06,2.0,1.09
1228,1.8240000000000015e-06,2.04,1.09
1229,1.8320000000000004e-06,2.04,1.11
1230,1.840000000000001e-06,2.04,1.09
1231,1.8480000000000016e-06,2.04,1.09
1232,1.8560000000000005e-06,2.04,1.09
1233,1.8640000000000011e-06,2.04,1.09
1234,1.8720000000000017e-06,2.08,1.09
1235,1.8800000000000006e-06,2.08,1.09
1236,1.8880000000000012e-06,2.08,1.11
1237,1.8960000000000001e-06,2.12,1.11
1238,1.9040000000000007e-06,2.08,1.09
1239,1.9120000000000013e-06,2.12,1.07
1240,1.9200000000000003e-06,2.16,1.09
1241,1.928000000000001e-06,2.12,1.11
1242,1.9360000000000015e-06,2.12,1.09
1243,1.9440000000000004e-06,2.12,1.09
1244,1.952000000000001e-06,2.12,1.09
1245,1.9600000000000016e-06,2.16,1.09
1246,1.9680000000000005e-06,2.16,1.09
1247,1.976000000000001e-06,2.16,1.09
1248,1.9840000000000017e-06,2.16,1.09
1249,1.9920000000000006e-06,2.16,1.11
1250,2.000000000000001e-06,2.2,1.09
1251,2.0080000000000018e-06,2.2,1.09
1252,2.0160000000000007e-06,2.24,1.09
1253,2.0240000000000013e-06,2.2,1.09
1254,2.032e-06,2.24,1.09
1255,2.040000000000001e-06,2.24,1.09
1256,2.0480000000000014e-06,2.2800000000000002,1.09
1257,2.0560000000000003e-06,2.24,1.09
1258,2.064000000000001e-06,2.24,1.09
1259,2.0720000000000015e-06,2.24,1.09
1260,2.0800000000000004e-06,2.2800000000000002,1.09
1261,2.088000000000001e-06,2.2800000000000002,1.09
1262,2.0960000000000016e-06,2.2800000000000002,1.09
1263,2.1040000000000005e-06,2.2800000000000002,1.09
1264,2.112000000000001e-06,2.2800000000000002,1.09
1265,2.1200000000000017e-06,2.32,1.11
1266,2.1280000000000006e-06,2.32,1.09
1267,2.1360000000000012e-06,2.32,1.09
1268,2.144000000000002e-06,2.32,1.09
1269,2.1520000000000007e-06,2.32,1.09
1270,2.1600000000000013e-06,2.36,1.09
1271,2.1680000000000002e-06,2.36,1.09
1272,2.176000000000001e-06,2.36,1.09
1273,2.1840000000000015e-06,2.36,1.09
1274,2.1920000000000004e-06,2.4,1.09
1275,2.200000000000001e-06,2.4,1.11
1276,2.2080000000000016e-06,2.4,1.09
1277,2.2160000000000005e-06,2.4,1.11
1278,2.224000000000001e-06,2.4,1.09
1279,2.2320000000000017e-06,2.4,1.09
1280,2.2400000000000006e-06,2.44,1.09
1281,2.248000000000001e-06,2.44,1.11
1282,2.2560000000000018e-06,2.44,1.11
1283,2.2640000000000007e-06,2.44,1.09
1284,2.2720000000000013e-06,2.44,1.09
1285,2.28e-06,2.48,1.09
1286,2.288000000000001e-06,2.48,1.09
1287,2.2960000000000014e-06,2.48,1.09
1288,2.3040000000000003e-06,2.48,1.09
1289,2.312000000000001e-06,2.52,1.09
1290,2.3200000000000015e-06,2.48,1.09
1291,2.3280000000000004e-06,2.52,1.11
1292,2.336000000000001e-06,2.52,1.09
1293,2.3440000000000016e-06,2.52,1.09
1294,2.3520000000000005e-06,2.56,1.09
1295,2.360000000000001e-06,2.56,1.11
1296,2.3680000000000017e-06,2.56,1.09
1297,2.3760000000000006e-06,2.56,1.09
1298,2.3840000000000012e-06,2.56,1.09
1299,2.392000000000002e-06,2.6,1.09
1300,2.4000000000000007e-06,2.6,1.11
1301,2.4080000000000013e-06,2.6,1.09
1302,2.4160000000000002e-06,2.6,1.09
1303,2.424000000000001e-06,2.6,1.09
1304,2.4320000000000014e-06,2.6,1.09
1305,2.4400000000000004e-06,2.6,1.09
1306,2.448000000000001e-06,2.64,1.11
1307,2.4560000000000016e-06,2.64,1.11
1308,2.4640000000000005e-06,2.64,1.09
1309,2.472000000000001e-06,2.64,1.09
1310,2.4800000000000017e-06,2.68,1.11
1311,2.4880000000000006e-06,2.68,1.09
1312,2.496000000000001e-06,2.68,1.09
1313,2.5040000000000018e-06,2.68,1.09
1314,2.5120000000000007e-06,2.72,1.09
1315,2.5200000000000013e-06,2.72,1.11
1316,2.528e-06,2.68,1.09
1317,2.536000000000001e-06,2.72,1.09
1318,2.5440000000000014e-06,2.72,1.09
1319,2.5520000000000003e-06,2.7600000000000002,1.11
1320,2.560000000000001e-06,2.7600000000000002,1.11
1321,2.5680000000000015e-06,2.7600000000000002,1.09
1322,2.5760000000000004e-06,2.72,1.09
1323,2.584000000000001e-06,2.7600000000000002,1.11
1324,2.5920000000000016e-06,2.7600000000000002,1.11
1325,2.6000000000000005e-06,2.7600000000000002,1.11
1326,2.608000000000001e-06,2.8000000000000003,1.09
1327,2.6160000000000017e-06,2.8000000000000003,1.09
1328,2.6240000000000006e-06,2.8000000000000003,1.09
1329,2.6320000000000012e-06,2.8000000000000003,1.11
1330,2.640000000000002e-06,2.8000000000000003,1.09
1331,2.6480000000000007e-06,2.84,1.09
1332,2.6560000000000013e-06,2.84,1.09
1333,2.6640000000000002e-06,2.84,1.11
1334,2.672000000000001e-06,2.84,1.11
1335,2.6800000000000014e-06,2.84,1.11
1336,2.6880000000000004e-06,2.88,1.11
1337,2.696000000000001e-06,2.92,1.09
1338,2.7040000000000016e-06,2.88,1.09
1339,2.7120000000000005e-06,2.92,1.11
1340,2.720000000000001e-06,2.88,1.11
1341,2.7280000000000017e-06,2.92,1.11
1342,2.7360000000000006e-06,2.92,1.11
1343,2.744000000000001e-06,2.92,1.11
1344,2.7520000000000018e-06,2.92,1.11
1345,2.7600000000000007e-06,2.92,1.11
1346,2.7680000000000013e-06,2.96,1.11
1347,2.776e-06,2.96,1.09
1348,2.784000000000001e-06,2.96,1.09
1349,2.7920000000000014e-06,3.0,1.11
1350,2.8000000000000003e-06,3.0,1.11
1351,2.808000000000001e-06,3.0,1.11
1352,2.8160000000000015e-06,3.04,1.11
1353,2.8240000000000004e-06,3.04,1.11
1354,2.832000000000001e-06,3.0,1.11
1355,2.8400000000000016e-06,3.0,1.11
1356,2.8480000000000005e-06,3.04,1.11
1357,2.856000000000001e-06,3.08,1.11
1358,2.8640000000000017e-06,3.08,1.11
1359,2.8720000000000006e-06,3.04,1.11
1360,2.8800000000000012e-06,3.04,1.11
1361,2.888000000000002e-06,3.04,1.11
1362,2.8960000000000007e-06,3.08,1.11
1363,2.9040000000000013e-06,3.08,1.11
1364,2.9120000000000002e-06,3.08,1.1300000000000001
1365,2.920000000000001e-06,3.08,1.11
1366,2.9280000000000014e-06,3.12,1.11
1367,2.9360000000000003e-06,3.12,1.11
1368,2.944000000000001e-06,3.16,1.11
1369,2.9520000000000016e-06,3.12,1.11
1370,2.9600000000000005e-06,3.16,1.11
1371,2.968000000000001e-06,3.16,1.11
1372,2.9760000000000017e-06,3.16,1.11
1373,2.9840000000000006e-06,3.16,1.11
1374,2.992000000000001e-06,3.16,1.11
1375,3.0000000000000018e-06,3.2,1.11
1376,3.0080000000000007e-06,3.2,1.11
1377,3.0160000000000013e-06,3.2,1.11
1378,3.024000000000002e-06,3.2,1.1300000000000001
1379,3.0320000000000008e-06,3.2,1.1300000000000001
1380,3.0400000000000014e-06,3.24,1.11
1381,3.0480000000000003e-06,3.2,1.11
1382,3.056000000000001e-06,3.2,1.1300000000000001
1383,3.0640000000000015e-06,3.24,1.1300000000000001
1384,3.0720000000000004e-06,3.24,1.11
1385,3.080000000000001e-06,3.24,1.1300000000000001
1386,3.0880000000000016e-06,3.2800000000000002,1.1300000000000001
1387,3.0960000000000005e-06,3.2800000000000002,1.1300000000000001
1388,3.104000000000001e-06,3.2800000000000002,1.1300000000000001
1389,3.1120000000000017e-06,3.2800000000000002,1.1300000000000001
1390,3.1200000000000006e-06,3.3200000000000003,1.1300000000000001
1391,3.1280000000000012e-06,3.3200000000000003,1.1300000000000001
1392,3.136000000000002e-06,3.3200000000000003,1.11
1393,3.1440000000000007e-06,3.3200000000000003,1.1300000000000001
1394,3.1520000000000013e-06,3.3200000000000003,1.1300000000000001
1395,3.1600000000000002e-06,3.36,1.1300000000000001
1396,3.168000000000001e-06,3.36,1.1300000000000001
1397,3.1760000000000014e-06,3.36,1.1300000000000001
1398,3.1840000000000003e-06,3.36,1.1300000000000001
1399,3.192000000000001e-06,3.36,1.1300000000000001
1400,3.2000000000000015e-06,3.36,1.1300000000000001
1401,3.2080000000000005e-06,3.4,1.1300000000000001
1402,3.216000000000001e-06,3.4,1.1500000000000001
1403,3.2240000000000017e-06,3.4,1.1300000000000001
1404,3.2320000000000006e-06,3.4,1.1300000000000001
1405,3.240000000000001e-06,3.4,1.1300000000000001
1406,3.2480000000000018e-06,3.4,1.1500000000000001
1407,3.2560000000000007e-06,3.44,1.1300000000000001
1408,3.2640000000000013e-06,3.44,1.1300000000000001
1409,3.272000000000002e-06,3.44,1.1500000000000001
1410,3.2800000000000008e-06,3.48,1.1500000000000001
1411,3.2880000000000014e-06,3.48,1.1300000000000001
1412,3.2960000000000003e-06,3.48,1.1500000000000001
1413,3.304000000000001e-06,3.48,1.1300000000000001
1414,3.3120000000000015e-06,3.48,1.1500000000000001
1415,3.3200000000000004e-06,3.48,1.1500000000000001
1416,3.328000000000001e-06,3.52,1.1500000000000001
1417,3.3360000000000016e-06,3.52,1.1500000000000001
1418,3.3440000000000005e-06,3.52,1.1300000000000001
1419,3.352000000000001e-06,3.52,1.1500000000000001
1420,3.3600000000000017e-06,3.52,1.17
1421,3.3680000000000006e-06,3.56,1.1500000000000001
1422,3.3760000000000012e-06,3.56,1.1500000000000001
1423,3.384000000000002e-06,3.56,1.1500000000000001
1424,3.3920000000000007e-06,3.56,1.1500000000000001
1425,3.4000000000000013e-06,3.56,1.1500000000000001
1426,3.4080000000000002e-06,3.6,1.1500000000000001
1427,3.416000000000001e-06,3.6,1.1500000000000001
1428,3.4240000000000014e-06,3.6,1.1500000000000001
1429,3.4320000000000003e-06,3.6,1.1500000000000001
1430,3.440000000000001e-06,3.64,1.17
1431,3.4480000000000015e-06,3.64,1.1500000000000001
1432,3.4560000000000005e-06,3.6,1.1500000000000001
1433,3.464000000000001e-06,3.64,1.1500000000000001
1434,3.4720000000000017e-06,3.68,1.1500000000000001
1435,3.4800000000000006e-06,3.68,1.1500000000000001
1436,3.488000000000001e-06,3.64,1.1500000000000001
1437,3.4960000000000018e-06,3.68,1.1500000000000001
1438,3.5040000000000007e-06,3.68,1.17
1439,3.5120000000000013e-06,3.68,1.17
1440,3.520000000000002e-06,3.72,1.17
1441,3.5280000000000008e-06,3.72,1.17
1442,3.5360000000000014e-06,3.68,1.17
1443,3.5440000000000003e-06,3.72,1.1500000000000001
1444,3.552000000000001e-06,3.72,1.17
1445,3.5600000000000015e-06,3.7600000000000002,1.17
1446,3.5680000000000004e-06,3.7600000000000002,1.17
1447,3.576000000000001e-06,3.7600000000000002,1.17
1448,3.5840000000000016e-06,3.7600000000000002,1.17
1449,3.5920000000000005e-06,3.7600000000000002,1.17
1450,3.600000000000001e-06,3.7600000000000002,1.17
1451,3.6080000000000017e-06,3.7600000000000002,1.17
1452,3.6160000000000006e-06,3.8000000000000003,1.17
1453,3.6240000000000012e-06,3.8000000000000003,1.17
1454,3.632000000000002e-06,3.8000000000000003,1.19
1455,3.6400000000000007e-06,3.84,1.17
1456,3.6480000000000013e-06,3.84,1.17
1457,3.656000000000002e-06,3.84,1.17
1458,3.664000000000001e-06,3.84,1.17
1459,3.6720000000000014e-06,3.84,1.17
1460,3.6800000000000003e-06,3.84,1.19
1461,3.688000000000001e-06,3.88,1.17
1462,3.6960000000000015e-06,3.88,1.19
1463,3.7040000000000005e-06,3.88,1.17
1464,3.712000000000001e-06,3.88,1.19
1465,3.7200000000000017e-06,3.88,1.19
1466,3.7280000000000006e-06,3.88,1.19
1467,3.736000000000001e-06,3.92,1.19
1468,3.7440000000000018e-06,3.92,1.19
1469,3.7520000000000007e-06,3.92,1.19
1470,3.7600000000000013e-06,3.92,1.19
1471,3.768000000000002e-06,3.92,1.19
1472,3.7760000000000008e-06,3.92,1.19
1473,3.7840000000000014e-06,3.96,1.19
1474,3.7920000000000003e-06,3.96,1.21
1475,3.800000000000001e-06,3.96,1.19
1476,3.8080000000000015e-06,4.0,1.19
1477,3.816e-06,4.0,1.19
1478,3.824000000000001e-06,4.0,1.19
1479,3.832000000000002e-06,4.0,1.21
1480,3.8400000000000005e-06,4.0,1.19
1481,3.848000000000001e-06,4.04,1.21
1482,3.856000000000002e-06,4.0,1.21
1483,3.864000000000001e-06,4.04,1.19
1484,3.872000000000001e-06,4.04,1.19
1485,3.880000000000002e-06,4.04,1.21
1486,3.888000000000001e-06,4.08,1.21
1487,3.896000000000001e-06,4.08,1.21
1488,3.904000000000002e-06,4.08,1.21
1489,3.912000000000001e-06,4.08,1.21
1490,3.9200000000000014e-06,4.08,1.21
1491,3.928e-06,4.08,1.21
1492,3.936000000000001e-06,4.08,1.21
1493,3.9440000000000015e-06,4.12,1.21
1494,3.9520000000000004e-06,4.12,1.21
1495,3.960000000000001e-06,4.12,1.21
1496,3.968000000000002e-06,4.12,1.21
1497,3.9760000000000006e-06,4.12,1.21
1498,3.984000000000001e-06,4.16,1.21
1499,3.992000000000002e-06,4.16,1.21
1500,4.000000000000001e-06,4.16,1.23
1501,4.008000000000001e-06,4.16,1.21
1502,4.016000000000002e-06,4.2,1.21
1503,4.024000000000001e-06,4.2,1.21
1504,4.032000000000001e-06,4.2,1.23
1505,4.04e-06,4.2,1.23
1506,4.048000000000001e-06,4.2,1.23
1507,4.0560000000000015e-06,4.2,1.21
1508,4.064e-06,4.2,1.23
1509,4.072000000000001e-06,4.24,1.23
1510,4.080000000000002e-06,4.24,1.25
1511,4.0880000000000005e-06,4.24,1.23
1512,4.096000000000001e-06,4.28,1.23
1513,4.104000000000002e-06,4.28,1.23
1514,4.112000000000001e-06,4.28,1.23
1515,4.120000000000001e-06,4.28,1.23
1516,4.128000000000002e-06,4.32,1.23
1517,4.136000000000001e-06,4.32,1.23
1518,4.144000000000001e-06,4.28,1.23
1519,4.152000000000002e-06,4.32,1.23
1520,4.160000000000001e-06,4.32,1.23
1521,4.1680000000000014e-06,4.32,1.23
1522,4.176e-06,4.32,1.23
1523,4.184000000000001e-06,4.36,1.25
1524,4.1920000000000015e-06,4.36,1.25
1525,4.2000000000000004e-06,4.36,1.25
1526,4.208000000000001e-06,4.36,1.25
1527,4.216000000000002e-06,4.36,1.25
1528,4.2240000000000006e-06,4.4,1.25
1529,4.232000000000001e-06,4.44,1.25
1530,4.240000000000002e-06,4.4,1.25
1531,4.248000000000001e-06,4.4,1.25
1532,4.256000000000001e-06,4.4,1.25
1533,4.264000000000002e-06,4.44,1.25
1534,4.272000000000001e-06,4.44,1.27
1535,4.280000000000001e-06,4.48,1.25
1536,4.288000000000002e-06,4.44,1.25
1537,4.296000000000001e-06,4.48,1.25
1538,4.3040000000000015e-06,4.44,1.25
1539,4.312e-06,4.48,1.25
1540,4.320000000000001e-06,4.48,1.25
1541,4.328000000000002e-06,4.48,1.25
1542,4.3360000000000005e-06,4.5200000000000005,1.27
1543,4.344000000000001e-06,4.5200000000000005,1.27
1544,4.352000000000002e-06,4.5200000000000005,1.27
1545,4.360000000000001e-06,4.5200000000000005,1.27
1546,4.368000000000001e-06,4.5200000000000005,1.27
1547,4.376000000000002e-06,4.5200000000000005,1.27
1548,4.384000000000001e-06,4.5600000000000005,1.29
1549,4.392000000000001e-06,4.5200000000000005,1.29
1550,4.400000000000002e-06,4.5600000000000005,1.27
1551,4.408000000000001e-06,4.5600000000000005,1.27
1552,4.4160000000000014e-06,4.5600000000000005,1.27
1553,4.424e-06,4.5600000000000005,1.27
1554,4.432000000000001e-06,4.6000000000000005,1.29
1555,4.4400000000000015e-06,4.6000000000000005,1.29
1556,4.4480000000000004e-06,4.6000000000000005,1.27
1557,4.456000000000001e-06,4.6000000000000005,1.27
1558,4.464000000000002e-06,4.6000000000000005,1.27
1559,4.4720000000000006e-06,4.64,1.29
1560,4.480000000000001e-06,4.64,1.29
1561,4.488000000000002e-06,4.64,1.29
1562,4.496000000000001e-06,4.64,1.29
1563,4.504000000000001e-06,4.68,1.29
1564,4.512000000000002e-06,4.68,1.29
1565,4.520000000000001e-06,4.68,1.29
1566,4.528000000000001e-06,4.68,1.29
1567,4.536000000000002e-06,4.68,1.31
1568,4.544000000000001e-06,4.72,1.29
1569,4.5520000000000015e-06,4.72,1.29
1570,4.56e-06,4.72,1.29
1571,4.568000000000001e-06,4.72,1.31
1572,4.576000000000002e-06,4.72,1.29
1573,4.5840000000000005e-06,4.76,1.31
1574,4.592000000000001e-06,4.76,1.31
1575,4.600000000000002e-06,4.76,1.31
1576,4.608000000000001e-06,4.76,1.31
1577,4.616000000000001e-06,4.76,1.31
1578,4.624000000000002e-06,4.8,1.31
1579,4.632000000000001e-06,4.8,1.31
1580,4.640000000000001e-06,4.8,1.31
1581,4.648000000000002e-06,4.8,1.31
1582,4.656000000000001e-06,4.8,1.31
1583,4.6640000000000014e-06,4.84,1.33
1584,4.672e-06,4.84,1.33
1585,4.680000000000001e-06,4.84,1.33
1586,4.6880000000000015e-06,4.84,1.31
1587,4.6960000000000004e-06,4.84,1.31
1588,4.704000000000001e-06,4.88,1.31
1589,4.712000000000002e-06,4.88,1.33
1590,4.7200000000000005e-06,4.88,1.33
1591,4.728000000000001e-06,4.88,1.33
1592,4.736000000000002e-06,4.88,1.33
1593,4.744000000000001e-06,4.88,1.33
1594,4.752000000000001e-06,4.92,1.35
1595,4.760000000000002e-06,4.92,1.35
1596,4.768000000000001e-06,4.92,1.33
1597,4.776000000000001e-06,4.92,1.33
1598,4.784000000000002e-06,4.96,1.33
1599,4.792000000000001e-06,4.96,1.35
1600,4.8000000000000015e-06,4.96,1.33
1601,4.808e-06,3.52,1.35
1602,4.816000000000001e-06,1.32,1.27
1603,4.824000000000002e-06,0.4,1.33
1604,4.8320000000000005e-06,0.4,1.33
1605,4.840000000000001e-06,0.16,1.25
1606,4.848000000000002e-06,0.04,1.35
1607,4.856000000000001e-06,0.16,1.27
1608,4.864000000000001e-06,0.04,1.29
1609,4.872000000000002e-06,0.08,1.31
1610,4.880000000000001e-06,0.16,1.27
1611,4.888000000000001e-06,0.04,1.31
1612,4.896000000000002e-06,0.12,1.27
1613,4.904000000000001e-06,0.16,1.29
1614,4.912000000000001e-06,0.08,1.31
1615,4.92e-06,0.16,1.29
1616,4.928000000000001e-06,0.16,1.27
1617,4.9360000000000015e-06,0.08,1.27
1618,4.9440000000000004e-06,0.2,1.27
1619,4.952000000000001e-06,0.16,1.29
1620,4.960000000000002e-06,0.16,1.27
1621,4.9680000000000005e-06,0.2,1.27
1622,4.976000000000001e-06,0.16,1.27
1623,4.984000000000002e-06,0.2,1.27
1624,4.992000000000001e-06,0.2,1.27
1625,5.000000000000001e-06,0.2,1.27
1626,5.008000000000002e-06,0.24,1.27
1627,5.016000000000001e-06,0.24,1.25
1628,5.024000000000001e-06,0.24,1.25
1629,5.032000000000002e-06,0.24,1.27
1630,5.040000000000001e-06,0.28,1.27
1631,5.0480000000000015e-06,0.28,1.25
1632,5.056e-06,0.28,1.25
1633,5.064000000000001e-06,0.24,1.27
1634,5.072000000000002e-06,0.28,1.25
1635,5.0800000000000005e-06,0.28,1.25
1636,5.088000000000001e-06,0.28,1.25
1637,5.096000000000002e-06,0.32,1.25
1638,5.104000000000001e-06,0.32,1.25
1639,5.112000000000001e-06,0.32,1.25
1640,5.120000000000002e-06,0.32,1.25
1641,5.128000000000001e-06,0.32,1.23
1642,5.136000000000001e-06,0.36,1.25
1643,5.144000000000002e-06,0.36,1.23
1644,5.152000000000001e-06,0.36,1.25
1645,5.160000000000001e-06,0.36,1.25
1646,5.168000000000002e-06,0.4,1.25
1647,5.176000000000001e-06,0.4,1.25
1648,5.1840000000000015e-06,0.4,1.23
1649,5.1920000000000004e-06,0.4,1.25
1650,5.200000000000001e-06,0.4,1.23
1651,5.208000000000002e-06,0.4,1.23
1652,5.2160000000000005e-06,0.44,1.23
1653,5.224000000000001e-06,0.44,1.23
1654,5.232000000000002e-06,0.44,1.23
1655,5.240000000000001e-06,0.44,1.23
1656,5.248000000000001e-06,0.48,1.23
1657,5.256000000000002e-06,0.44,1.21
1658,5.264000000000001e-06,0.48,1.23
1659,5.272000000000001e-06,0.48,1.23
1660,5.280000000000002e-06,0.48,1.23
1661,5.288000000000001e-06,0.48,1.21
1662,5.2960000000000015e-06,0.48,1.21
1663,5.304e-06,0.52,1.21
1664,5.312000000000001e-06,0.52,1.23
1665,5.320000000000002e-06,0.52,1.21
1666,5.3280000000000005e-06,0.52,1.21
1667,5.336000000000001e-06,0.52,1.21
1668,5.344000000000002e-06,0.56,1.21
1669,5.352000000000001e-06,0.56,1.21
1670,5.360000000000001e-06,0.56,1.21
1671,5.368000000000002e-06,0.56,1.21
1672,5.376000000000001e-06,0.56,1.21
1673,5.384000000000001e-06,0.56,1.21
1674,5.392000000000002e-06,0.56,1.19
1675,5.400000000000001e-06,0.56,1.21
1676,5.408000000000001e-06,0.64,1.19
1677,5.416000000000002e-06,0.6,1.21
1678,5.424000000000001e-06,0.6,1.19
1679,5.4320000000000015e-06,0.6,1.19
1680,5.4400000000000004e-06,0.64,1.19
1681,5.448000000000001e-06,0.64,1.19
1682,5.456000000000002e-06,0.64,1.21
1683,5.4640000000000005e-06,0.64,1.19
1684,5.472000000000001e-06,0.64,1.19
1685,5.480000000000002e-06,0.68,1.19
1686,5.488000000000001e-06,0.68,1.19
1687,5.496000000000001e-06,0.68,1.17
1688,5.504000000000002e-06,0.68,1.19
1689,5.512000000000001e-06,0.68,1.17
1690,5.520000000000001e-06,0.68,1.17
1691,5.528000000000002e-06,0.76,1.19
1692,5.536000000000001e-06,0.76,1.19
1693,5.5440000000000015e-06,0.72,1.19
1694,5.552e-06,0.72,1.17
1695,5.560000000000001e-06,0.72,1.17
1696,5.568000000000002e-06,0.76,1.19
1697,5.5760000000000005e-06,0.8,1.17
1698,5.584000000000001e-06,0.76,1.19
1699,5.592000000000002e-06,0.8,1.17
1700,5.600000000000001e-06,0.76,1.17
1701,5.608000000000001e-06,0.8,1.17
1702,5.616000000000002e-06,0.8,1.17
1703,5.624000000000001e-06,0.8,1.17
1704,5.632000000000001e-06,0.84,1.19
1705,5.640000000000002e-06,0.84,1.19
1706,5.648000000000001e-06,0.88,1.17
1707,5.656000000000001e-06,0.84,1.17
1708,5.664000000000002e-06,0.84,1.17
1709,5.672000000000001e-06,0.88,1.17
1710,5.6800000000000015e-06,0.88,1.17
1711,5.6880000000000004e-06,0.92,1.17
1712,5.696000000000001e-06,0.88,1.1500000000000001
1713,5.704000000000002e-06,0.88,1.1500000000000001
1714,5.7120000000000005e-06,0.88,1.1500000000000001
1715,5.720000000000001e-06,0.92,1.1500000000000001
1716,5.728000000000002e-06,0.92,1.1500000000000001
1717,5.736000000000001e-06,0.92,1.1500000000000001
1718,5.744000000000001e-06,0.92,1.1500000000000001
1719,5.752000000000002e-06,0.96,1.1500000000000001
1720,5.760000000000001e-06,0.96,1.1500000000000001
1721,5.768000000000001e-06,0.96,1.1500000000000001
1722,5.776000000000002e-06,0.96,1.1500000000000001
1723,5.784000000000001e-06,1.0,1.1500000000000001
1724,5.7920000000000015e-06,1.0,1.1500000000000001
1725,5.800000000000002e-06,1.0,1.17
1726,5.808000000000001e-06,1.0,1.1500000000000001
1727,5.8160000000000016e-06,1.0,1.1500000000000001
1728,5.8240000000000005e-06,1.04,1.1500000000000001
1729,5.832000000000001e-06,1.04,1.1500000000000001
1730,5.840000000000002e-06,1.04,1.17
1731,5.848000000000001e-06,1.04,1.1300000000000001
1732,5.856000000000001e-06,1.04,1.1500000000000001
1733,5.864000000000002e-06,1.08,1.1500000000000001
1734,5.872000000000001e-06,1.08,1.1500000000000001
1735,5.880000000000001e-06,1.08,1.1500000000000001
1736,5.888000000000002e-06,1.08,1.1500000000000001
1737,5.896000000000001e-06,1.08,1.1300000000000001
1738,5.904000000000001e-06,1.08,1.1300000000000001
1739,5.912000000000002e-06,1.12,1.1500000000000001
1740,5.920000000000001e-06,1.12,1.1300000000000001
1741,5.9280000000000015e-06,1.12,1.1300000000000001
1742,5.9360000000000004e-06,1.16,1.1300000000000001
1743,5.944000000000001e-06,1.12,1.1500000000000001
1744,5.952000000000002e-06,1.12,1.1300000000000001
1745,5.9600000000000005e-06,1.16,1.1300000000000001
1746,5.968000000000001e-06,1.2,1.1300000000000001
1747,5.976000000000002e-06,1.16,1.1500000000000001
1748,5.984000000000001e-06,1.2,1.1500000000000001
1749,5.992000000000001e-06,1.2,1.1300000000000001
1750,6.000000000000002e-06,1.2,1.1300000000000001
1751,6.008000000000001e-06,1.2,1.1300000000000001
1752,6.016000000000001e-06,1.2,1.1300000000000001
1753,6.024000000000002e-06,1.2,1.1300000000000001
1754,6.032000000000001e-06,1.24,1.1300000000000001
1755,6.0400000000000015e-06,1.24,1.1300000000000001
1756,6.048000000000002e-06,1.24,1.11
1757,6.056000000000001e-06,1.24,1.1300000000000001
1758,6.0640000000000016e-06,1.28,1.1300000000000001
1759,6.0720000000000005e-06,1.28,1.1300000000000001
1760,6.080000000000001e-06,1.28,1.1300000000000001
1761,6.088000000000002e-06,1.28,1.1300000000000001
1762,6.096000000000001e-06,1.28,1.1300000000000001
1763,6.104000000000001e-06,1.28,1.11
1764,6.112000000000002e-06,1.28,1.1300000000000001
1765,6.120000000000001e-06,1.32,1.11
1766,6.128000000000001e-06,1.32,1.11
1767,6.136000000000002e-06,1.32,1.1300000000000001
1768,6.144000000000001e-06,1.32,1.11
1769,6.152000000000001e-06,1.32,1.11
1770,6.160000000000002e-06,1.32,1.11
1771,6.168000000000001e-06,1.36,1.11
1772,6.1760000000000015e-06,1.36,1.11
1773,6.184e-06,1.36,1.11
1774,6.192000000000001e-06,1.4000000000000001,1.11
1775,6.200000000000002e-06,1.4000000000000001,1.11
1776,6.2080000000000005e-06,1.4000000000000001,1.11
1777,6.216000000000001e-06,1.4000000000000001,1.11
1778,6.224000000000002e-06,1.44,1.11
1779,6.232000000000001e-06,1.44,1.1300000000000001
1780,6.240000000000001e-06,1.44,1.11
1781,6.248000000000002e-06,1.44,1.11
1782,6.256000000000001e-06,1.44,1.11
1783,6.264000000000001e-06,1.44,1.11
1784,6.272000000000002e-06,1.48,1.11
1785,6.280000000000001e-06,1.48,1.11
1786,6.2880000000000015e-06,1.48,1.11
1787,6.296000000000002e-06,1.48,1.11
1788,6.304000000000001e-06,1.52,1.11
1789,6.3120000000000016e-06,1.52,1.11
1790,6.3200000000000005e-06,1.52,1.11
1791,6.328000000000001e-06,1.52,1.11
1792,6.336000000000002e-06,1.52,1.11
1793,6.344000000000001e-06,1.56,1.11
1794,6.352000000000001e-06,1.56,1.11
1795,6.360000000000002e-06,1.56,1.11
1796,6.368000000000001e-06,1.56,1.11
1797,6.376000000000001e-06,1.56,1.09
1798,6.384000000000002e-06,1.6,1.09
1799,6.392000000000001e-06,1.6,1.11
1800,6.400000000000001e-06,1.6,1.11
1801,6.408000000000002e-06,1.6,1.09
1802,6.416000000000001e-06,1.6,1.09
1803,6.4240000000000015e-06,1.6,1.11
1804,6.432e-06,1.6400000000000001,1.09
1805,6.440000000000001e-06,1.6400000000000001,1.11
1806,6.448000000000002e-06,1.6400000000000001,1.09
1807,6.4560000000000005e-06,1.68,1.11
1808,6.464000000000001e-06,1.6400000000000001,1.09
1809,6.472000000000002e-06,1.68,1.11
1810,6.480000000000001e-06,1.68,1.09
1811,6.488000000000001e-06,1.68,1.11
1812,6.496000000000002e-06,1.72,1.11
1813,6.504000000000001e-06,1.68,1.11
1814,6.512000000000001e-06,1.72,1.09
1815,6.520000000000002e-06,1.72,1.09
1816,6.528000000000001e-06,1.72,1.09
1817,6.5360000000000015e-06,1.72,1.11
1818,6.544000000000002e-06,1.76,1.11
1819,6.552000000000001e-06,1.76,1.11
1820,6.5600000000000016e-06,1.76,1.11
1821,6.5680000000000005e-06,1.76,1.09
1822,6.576000000000001e-06,1.76,1.09
1823,6.584000000000002e-06,1.76,1.11
1824,6.592000000000001e-06,1.8,1.09
1825,6.600000000000001e-06,1.8,1.09
1826,6.608000000000002e-06,1.8,1.09
1827,6.616000000000001e-06,1.8,1.09
1828,6.624000000000001e-06,1.8,1.09
1829,6.632000000000002e-06,1.84,1.09
1830,6.640000000000001e-06,1.84,1.11
1831,6.648000000000001e-06,1.8800000000000001,1.09
1832,6.656000000000002e-06,1.84,1.09
1833,6.664000000000001e-06,1.84,1.09
1834,6.6720000000000015e-06,1.84,1.09
1835,6.680000000000002e-06,1.8800000000000001,1.09
1836,6.688000000000001e-06,1.8800000000000001,1.09
1837,6.696000000000002e-06,1.92,1.11
1838,6.7040000000000005e-06,1.92,1.09
1839,6.712000000000001e-06,1.8800000000000001,1.11
1840,6.720000000000002e-06,1.92,1.09
1841,6.728000000000001e-06,1.92,1.09
1842,6.736000000000001e-06,1.92,1.09
1843,6.744000000000002e-06,1.96,1.11
1844,6.752000000000001e-06,1.96,1.09
1845,6.760000000000001e-06,2.0,1.09
1846,6.768000000000002e-06,1.96,1.09
1847,6.776000000000001e-06,1.96,1.11
1848,6.7840000000000015e-06,2.0,1.09
1849,6.792000000000002e-06,2.0,1.09
1850,6.800000000000001e-06,2.0,1.09
1851,6.8080000000000016e-06,2.04,1.11
1852,6.8160000000000005e-06,2.0,1.09
1853,6.824000000000001e-06,2.04,1.09
1854,6.832000000000002e-06,2.04,1.09
1855,6.840000000000001e-06,2.04,1.09
1856,6.848000000000001e-06,2.08,1.09
1857,6.856000000000002e-06,2.08,1.09
1858,6.864000000000001e-06,2.04,1.09
1859,6.872000000000001e-06,2.08,1.09
1860,6.880000000000002e-06,2.08,1.09
1861,6.888000000000001e-06,2.08,1.09
1862,6.896000000000001e-06,2.08,1.09
1863,6.904000000000002e-06,2.08,1.09
1864,6.912000000000001e-06,2.12,1.09
1865,6.9200000000000015e-06,2.12,1.09
1866,6.928000000000002e-06,2.12,1.09
1867,6.936000000000001e-06,2.12,1.09
1868,6.944000000000002e-06,2.12,1.09
1869,6.9520000000000005e-06,2.16,1.09
1870,6.960000000000001e-06,2.16,1.09
1871,6.968000000000002e-06,2.16,1.09
1872,6.976000000000001e-06,2.16,1.09
1873,6.984000000000001e-06,2.16,1.09
1874,6.992000000000002e-06,2.2,1.09
1875,7.000000000000001e-06,2.2,1.09
1876,7.008000000000001e-06,2.2,1.09
1877,7.016000000000002e-06,2.2,1.09
1878,7.024000000000001e-06,2.2,1.07
1879,7.0320000000000015e-06,2.2,1.09
1880,7.040000000000002e-06,2.24,1.09
1881,7.048000000000001e-06,2.24,1.09
1882,7.0560000000000016e-06,2.2800000000000002,1.09
1883,7.0640000000000005e-06,2.24,1.09
1884,7.072000000000001e-06,2.24,1.09
1885,7.080000000000002e-06,2.24,1.09
1886,7.088000000000001e-06,2.2800000000000002,1.09
1887,7.096000000000001e-06,2.2800000000000002,1.09
1888,7.104000000000002e-06,2.2800000000000002,1.09
1889,7.112000000000001e-06,2.2800000000000002,1.09
1890,7.120000000000001e-06,2.2800000000000002,1.09
1891,7.128000000000002e-06,2.32,1.09
1892,7.136000000000001e-06,2.32,1.09
1893,7.144000000000001e-06,2.32,1.09
1894,7.152000000000002e-06,2.32,1.09
1895,7.160000000000001e-06,2.32,1.09
1896,7.1680000000000015e-06,2.36,1.09
1897,7.176000000000002e-06,2.4,1.09
1898,7.184000000000001e-06,2.36,1.09
1899,7.192000000000002e-06,2.36,1.09
1900,7.2000000000000005e-06,2.4,1.09
1901,7.208000000000001e-06,2.4,1.09
1902,7.216000000000002e-06,2.4,1.09
1903,7.224000000000001e-06,2.4,1.09
1904,7.232000000000001e-06,2.4,1.09
1905,7.240000000000002e-06,2.44,1.09
1906,7.248000000000001e-06,2.44,1.09
1907,7.256000000000001e-06,2.44,1.09
1908,7.264000000000002e-06,2.44,1.11
1909,7.2720000000000025e-06,2.48,1.09
1910,7.28e-06,2.44,1.09
1911,7.288e-06,2.44,1.09
1912,7.296000000000001e-06,2.48,1.09
1913,7.3040000000000016e-06,2.48,1.09
1914,7.312000000000002e-06,2.48,1.09
1915,7.320000000000003e-06,2.48,1.09
1916,7.328e-06,2.52,1.09
1917,7.3360000000000006e-06,2.52,1.09
1918,7.344000000000001e-06,2.52,1.09
1919,7.352000000000002e-06,2.52,1.09
1920,7.360000000000002e-06,2.52,1.09
1921,7.368000000000003e-06,2.52,1.09
1922,7.376e-06,2.56,1.11
1923,7.384000000000001e-06,2.56,1.09
1924,7.392000000000001e-06,2.56,1.09
1925,7.400000000000002e-06,2.56,1.09
1926,7.408000000000003e-06,2.56,1.09
1927,7.416e-06,2.64,1.09
1928,7.424e-06,2.64,1.09
1929,7.432000000000001e-06,2.6,1.11
1930,7.440000000000002e-06,2.64,1.09
1931,7.448000000000002e-06,2.6,1.09
1932,7.456000000000003e-06,2.64,1.09
1933,7.464e-06,2.64,1.09
1934,7.472000000000001e-06,2.68,1.11
1935,7.480000000000001e-06,2.68,1.09
1936,7.488000000000002e-06,2.68,1.09
1937,7.4960000000000024e-06,2.68,1.09
1938,7.504e-06,2.72,1.09
1939,7.512e-06,2.68,1.09
1940,7.520000000000001e-06,2.68,1.09
1941,7.5280000000000014e-06,2.68,1.09
1942,7.536000000000002e-06,2.72,1.09
1943,7.544000000000003e-06,2.72,1.09
1944,7.552e-06,2.72,1.09
1945,7.5600000000000005e-06,2.72,1.09
1946,7.568000000000001e-06,2.7600000000000002,1.09
1947,7.576000000000002e-06,2.7600000000000002,1.11
1948,7.584000000000002e-06,2.7600000000000002,1.09
1949,7.592000000000003e-06,2.8000000000000003,1.09
1950,7.6e-06,2.7600000000000002,1.11
1951,7.608000000000001e-06,2.7600000000000002,1.09
1952,7.616000000000001e-06,2.84,1.09
1953,7.624000000000002e-06,2.8000000000000003,1.11
1954,7.632000000000002e-06,2.8000000000000003,1.11
1955,7.64e-06,2.8000000000000003,1.11
1956,7.648e-06,2.84,1.09
1957,7.656000000000001e-06,2.84,1.11
1958,7.664000000000001e-06,2.84,1.11
1959,7.672000000000002e-06,2.88,1.11
1960,7.680000000000003e-06,2.88,1.09
1961,7.688e-06,2.84,1.09
1962,7.696e-06,2.88,1.11
1963,7.704000000000001e-06,2.92,1.11
1964,7.712000000000002e-06,2.92,1.11
1965,7.720000000000002e-06,2.92,1.11
1966,7.728000000000003e-06,2.88,1.11
1967,7.736e-06,2.92,1.11
1968,7.744e-06,2.92,1.11
1969,7.752000000000001e-06,2.92,1.11
1970,7.760000000000002e-06,2.92,1.11
1971,7.768000000000003e-06,2.96,1.11
1972,7.776e-06,2.96,1.11
1973,7.784e-06,2.96,1.11
1974,7.792000000000001e-06,2.96,1.09
1975,7.800000000000002e-06,3.0,1.11
1976,7.808000000000002e-06,3.0,1.11
1977,7.816000000000003e-06,3.0,1.11
1978,7.824e-06,3.0,1.1300000000000001
1979,7.832e-06,3.0,1.11
1980,7.840000000000001e-06,3.0,1.09
1981,7.848000000000002e-06,3.04,1.11
1982,7.856000000000002e-06,3.04,1.11
1983,7.864000000000003e-06,3.08,1.1300000000000001
1984,7.872e-06,3.04,1.11
1985,7.88e-06,3.08,1.11
1986,7.888000000000001e-06,3.04,1.11
1987,7.896000000000002e-06,3.08,1.11
1988,7.904000000000003e-06,3.08,1.11
1989,7.912e-06,3.12,1.1300000000000001
1990,7.92e-06,3.12,1.11
1991,7.928000000000001e-06,3.12,1.11
1992,7.936000000000002e-06,3.12,1.11
1993,7.944000000000002e-06,3.12,1.11
1994,7.952000000000003e-06,3.12,1.1300000000000001
1995,7.96e-06,3.12,1.11
1996,7.968e-06,3.16,1.11
1997,7.976000000000001e-06,3.16,1.1300000000000001
1998,7.984000000000002e-06,3.16,1.11
1999,7.992000000000002e-06,3.16,1.11
