,time,v1,v2
0,-1.6e-05,3.2,1.11
1,-1.5983999999999998e-05,3.2,1.11
2,-1.5968e-05,3.2,1.11
3,-1.5952e-05,3.24,1.11
4,-1.5935999999999998e-05,3.24,1.1300000000000001
5,-1.592e-05,3.24,1.11
6,-1.5904e-05,3.2800000000000002,1.11
7,-1.5887999999999998e-05,3.24,1.11
8,-1.5872e-05,3.2800000000000002,1.11
9,-1.5856e-05,3.2800000000000002,1.11
10,-1.584e-05,3.3200000000000003,1.11
11,-1.5824e-05,3.3200000000000003,1.1300000000000001
12,-1.5808e-05,3.36,1.1300000000000001
13,-1.5792e-05,3.36,1.1300000000000001
14,-1.5776e-05,3.36,1.1300000000000001
15,-1.5759999999999998e-05,3.36,1.1300000000000001
16,-1.5744e-05,3.4,1.1500000000000001
17,-1.5728e-05,3.36,1.1300000000000001
18,-1.5711999999999998e-05,3.4,1.1300000000000001
19,-1.5696e-05,3.44,1.1300000000000001
20,-1.568e-05,3.44,1.1300000000000001
21,-1.5663999999999998e-05,3.44,1.1300000000000001
22,-1.5648e-05,3.44,1.1300000000000001
23,-1.5632e-05,3.44,1.1300000000000001
24,-1.5616e-05,3.48,1.1300000000000001
25,-1.56e-05,3.48,1.1500000000000001
26,-1.5584e-05,3.48,1.1300000000000001
27,-1.5568e-05,3.52,1.1300000000000001
28,-1.5552e-05,3.52,1.1500000000000001
29,-1.5535999999999998e-05,3.52,1.1300000000000001
30,-1.552e-05,3.52,1.1500000000000001
31,-1.5504e-05,3.56,1.1500000000000001
32,-1.5487999999999998e-05,3.56,1.1500000000000001
33,-1.5472e-05,3.6,1.17
34,-1.5456e-05,3.6,1.1500000000000001
35,-1.5439999999999998e-05,3.64,1.1500000000000001
36,-1.5424e-05,3.6,1.1500000000000001
37,-1.5408e-05,3.64,1.1500000000000001
38,-1.5391999999999998e-05,3.64,1.1500000000000001
39,-1.5376e-05,3.64,1.1500000000000001
40,-1.536e-05,3.68,1.1500000000000001
41,-1.5344e-05,3.68,1.17
42,-1.5328e-05,3.72,1.17
43,-1.5312e-05,3.68,1.17
44,-1.5296e-05,3.72,1.17
45,-1.528e-05,3.7600000000000002,1.1500000000000001
46,-1.5263999999999998e-05,3.72,1.17
47,-1.5247999999999999e-05,3.7600000000000002,1.17
48,-1.5232e-05,3.7600000000000002,1.17
49,-1.5216e-05,3.7600000000000002,1.17
50,-1.5199999999999998e-05,3.7600000000000002,1.17
51,-1.5183999999999999e-05,3.8000000000000003,1.17
52,-1.5168e-05,3.84,1.19
53,-1.5152e-05,3.8000000000000003,1.17
54,-1.5135999999999999e-05,3.8000000000000003,1.17
55,-1.512e-05,3.84,1.19
56,-1.5104e-05,3.88,1.17
57,-1.5087999999999999e-05,3.88,1.19
58,-1.5071999999999999e-05,3.88,1.19
59,-1.5056e-05,3.88,1.19
60,-1.5039999999999998e-05,3.88,1.19
61,-1.5023999999999999e-05,3.92,1.19
62,-1.5008e-05,3.92,1.19
63,-1.4992e-05,3.92,1.19
64,-1.4975999999999999e-05,3.92,1.19
65,-1.4959999999999999e-05,3.96,1.19
66,-1.4944e-05,3.96,1.21
67,-1.4928e-05,3.96,1.21
68,-1.4911999999999999e-05,4.0,1.21
69,-1.4896e-05,4.0,1.19
70,-1.488e-05,4.0,1.21
71,-1.4863999999999999e-05,4.04,1.21
72,-1.4847999999999999e-05,4.04,1.21
73,-1.4832e-05,4.04,1.23
74,-1.4815999999999998e-05,4.04,1.21
75,-1.4799999999999999e-05,4.08,1.23
76,-1.4784e-05,4.12,1.23
77,-1.4768e-05,4.08,1.23
78,-1.4751999999999999e-05,4.12,1.23
79,-1.4736e-05,4.12,1.23
80,-1.472e-05,4.12,1.25
81,-1.4703999999999998e-05,4.16,1.23
82,-1.4687999999999999e-05,4.16,1.23
83,-1.4672e-05,4.16,1.25
84,-1.4656e-05,4.16,1.23
85,-1.4639999999999999e-05,4.16,1.23
86,-1.4624e-05,4.2,1.23
87,-1.4608e-05,4.2,1.25
88,-1.4591999999999999e-05,4.2,1.25
89,-1.4575999999999999e-05,4.24,1.25
90,-1.456e-05,4.24,1.25
91,-1.4543999999999998e-05,4.24,1.25
92,-1.4527999999999999e-05,4.28,1.25
93,-1.4512e-05,4.32,1.25
94,-1.4496e-05,4.32,1.25
95,-1.4479999999999999e-05,4.28,1.25
96,-1.4463999999999999e-05,4.32,1.25
97,-1.4448e-05,4.36,1.25
98,-1.4432e-05,4.36,1.27
99,-1.4415999999999999e-05,4.36,1.27
100,-1.44e-05,4.36,1.27
101,-1.4384e-05,4.4,1.27
102,-1.4367999999999999e-05,4.4,1.27
103,-1.4351999999999999e-05,4.44,1.27
104,-1.4336e-05,4.4,1.27
105,-1.4319999999999998e-05,4.44,1.27
106,-1.4303999999999999e-05,4.44,1.27
107,-1.4288e-05,4.44,1.29
108,-1.4272e-05,4.44,1.29
109,-1.4255999999999999e-05,4.48,1.29
110,-1.424e-05,4.5200000000000005,1.29
111,-1.4224e-05,4.48,1.29
112,-1.4207999999999998e-05,4.5200000000000005,1.31
113,-1.4191999999999999e-05,4.5200000000000005,1.31
114,-1.4176e-05,4.5200000000000005,1.29
115,-1.416e-05,4.5600000000000005,1.31
116,-1.4143999999999999e-05,4.5600000000000005,1.31
117,-1.4128e-05,4.5600000000000005,1.31
118,-1.4112e-05,4.6000000000000005,1.31
119,-1.4095999999999999e-05,4.6000000000000005,1.31
120,-1.4079999999999999e-05,4.6000000000000005,1.31
121,-1.4064e-05,4.6000000000000005,1.31
122,-1.4047999999999998e-05,4.64,1.33
123,-1.4031999999999999e-05,4.68,1.31
124,-1.4016e-05,4.64,1.33
125,-1.3999999999999998e-05,4.68,1.33
126,-1.3983999999999999e-05,4.68,1.33
127,-1.3967999999999999e-05,4.68,1.33
128,-1.3952e-05,4.68,1.33
129,-1.3936e-05,4.72,1.33
130,-1.3919999999999999e-05,4.72,1.35
131,-1.3904e-05,4.76,1.35
132,-1.3888e-05,4.76,1.35
133,-1.3871999999999999e-05,4.76,1.33
134,-1.3855999999999999e-05,4.8,1.33
135,-1.384e-05,4.8,1.35
136,-1.3823999999999998e-05,4.8,1.35
137,-1.3807999999999999e-05,4.8,1.35
138,-1.3792e-05,4.84,1.35
139,-1.3775999999999998e-05,4.84,1.35
140,-1.3759999999999999e-05,4.84,1.37
141,-1.3744e-05,4.84,1.37
142,-1.3728e-05,4.88,1.35
143,-1.3712e-05,4.88,1.37
144,-1.3695999999999999e-05,4.88,1.37
145,-1.368e-05,4.92,1.3900000000000001
146,-1.3664e-05,4.92,1.3900000000000001
147,-1.3647999999999999e-05,4.96,1.3900000000000001
148,-1.3632e-05,4.96,1.3900000000000001
149,-1.3616e-05,4.96,1.37
150,-1.3599999999999999e-05,4.96,1.3900000000000001
151,-1.3583999999999999e-05,1.16,1.3900000000000001
152,-1.3568e-05,0.32,1.3900000000000001
153,-1.3551999999999998e-05,0.08,1.35
154,-1.3535999999999999e-05,0.0,1.41
155,-1.352e-05,0.12,1.37
156,-1.3503999999999998e-05,0.12,1.33
157,-1.3487999999999999e-05,0.04,1.33
158,-1.3471999999999999e-05,0.12,1.35
159,-1.3456e-05,0.16,1.33
160,-1.344e-05,0.12,1.33
161,-1.3423999999999999e-05,0.12,1.31
162,-1.3408e-05,0.2,1.33
163,-1.3392e-05,0.2,1.33
164,-1.3375999999999999e-05,0.2,1.33
165,-1.3359999999999999e-05,0.2,1.31
166,-1.3344e-05,0.2,1.31
167,-1.3327999999999998e-05,0.2,1.31
168,-1.3311999999999999e-05,0.24,1.31
169,-1.3296e-05,0.24,1.29
170,-1.3279999999999998e-05,0.28,1.29
171,-1.3263999999999999e-05,0.28,1.29
172,-1.3248e-05,0.28,1.29
173,-1.3232e-05,0.28,1.29
174,-1.3215999999999998e-05,0.28,1.29
175,-1.3199999999999999e-05,0.32,1.29
176,-1.3184e-05,0.32,1.27
177,-1.3168e-05,0.36,1.27
178,-1.3151999999999999e-05,0.36,1.27
179,-1.3136e-05,0.36,1.27
180,-1.312e-05,0.36,1.29
181,-1.3103999999999999e-05,0.4,1.27
182,-1.3087999999999999e-05,0.4,1.27
183,-1.3072e-05,0.4,1.27
184,-1.3055999999999998e-05,0.4,1.25
185,-1.3039999999999999e-05,0.44,1.27
186,-1.3024e-05,0.44,1.27
187,-1.3007999999999998e-05,0.44,1.25
188,-1.2991999999999999e-05,0.44,1.25
189,-1.2975999999999999e-05,0.48,1.25
190,-1.296e-05,0.48,1.25
191,-1.2944e-05,0.48,1.23
192,-1.2927999999999999e-05,0.52,1.23
193,-1.2912e-05,0.52,1.23
194,-1.2896e-05,0.56,1.23
195,-1.2879999999999999e-05,0.56,1.23
196,-1.2863999999999999e-05,0.56,1.23
197,-1.2848e-05,0.56,1.21
198,-1.2831999999999998e-05,0.56,1.21
199,-1.2815999999999999e-05,0.6,1.21
200,-1.28e-05,0.6,1.21
201,-1.2783999999999998e-05,0.6,1.21
202,-1.2767999999999999e-05,0.64,1.21
203,-1.2752e-05,0.64,1.21
204,-1.2736e-05,0.64,1.21
205,-1.2719999999999998e-05,0.64,1.21
206,-1.2703999999999999e-05,0.68,1.21
207,-1.2688e-05,0.68,1.19
208,-1.2672e-05,0.72,1.21
209,-1.2655999999999999e-05,0.72,1.19
210,-1.264e-05,0.76,1.19
211,-1.2624e-05,0.72,1.19
212,-1.2607999999999999e-05,0.76,1.19
213,-1.2591999999999999e-05,0.76,1.19
214,-1.2576e-05,0.8,1.19
215,-1.2559999999999998e-05,0.8,1.19
216,-1.2543999999999999e-05,0.8,1.17
217,-1.2528e-05,0.84,1.17
218,-1.2511999999999998e-05,0.8,1.17
219,-1.2495999999999999e-05,0.84,1.17
220,-1.2479999999999999e-05,0.84,1.17
221,-1.2464e-05,0.84,1.17
222,-1.2448e-05,0.88,1.17
223,-1.2431999999999999e-05,0.88,1.17
224,-1.2416e-05,0.88,1.17
225,-1.24e-05,0.92,1.1500000000000001
226,-1.2383999999999999e-05,0.92,1.1500000000000001
227,-1.2367999999999999e-05,0.92,1.1500000000000001
228,-1.2352e-05,0.96,1.17
229,-1.2335999999999998e-05,0.96,1.1500000000000001
230,-1.2319999999999999e-05,0.96,1.17
231,-1.2304e-05,0.96,1.1500000000000001
232,-1.2287999999999998e-05,1.0,1.1500000000000001
233,-1.2271999999999999e-05,1.0,1.1500000000000001
234,-1.2256e-05,1.04,1.1500000000000001
235,-1.2239999999999998e-05,1.04,1.17
236,-1.2223999999999998e-05,1.04,1.1500000000000001
237,-1.2207999999999999e-05,1.04,1.1500000000000001
238,-1.2192e-05,1.04,1.1500000000000001
239,-1.2176e-05,1.08,1.1300000000000001
240,-1.2159999999999999e-05,1.08,1.1300000000000001
241,-1.2144e-05,1.08,1.1300000000000001
242,-1.2128e-05,1.08,1.1500000000000001
243,-1.2111999999999999e-05,1.12,1.1300000000000001
244,-1.2095999999999999e-05,1.16,1.1300000000000001
245,-1.208e-05,1.12,1.1300000000000001
246,-1.2063999999999998e-05,1.16,1.1300000000000001
247,-1.2047999999999999e-05,1.2,1.1300000000000001
248,-1.2032e-05,1.2,1.11
249,-1.2015999999999998e-05,1.2,1.1300000000000001
250,-1.1999999999999999e-05,1.2,1.1300000000000001
251,-1.1983999999999999e-05,1.2,1.11
252,-1.1967999999999998e-05,1.2,1.11
253,-1.1952e-05,1.24,1.1300000000000001
254,-1.1935999999999999e-05,1.24,1.11
255,-1.192e-05,1.24,1.11
256,-1.1904e-05,1.28,1.11
257,-1.1887999999999999e-05,1.28,1.11
258,-1.1872e-05,1.28,1.11
259,-1.1856e-05,1.28,1.11
260,-1.1839999999999998e-05,1.32,1.11
261,-1.1823999999999999e-05,1.32,1.11
262,-1.1808e-05,1.32,1.11
263,-1.1791999999999998e-05,1.36,1.11
264,-1.1775999999999999e-05,1.36,1.11
265,-1.176e-05,1.4000000000000001,1.11
266,-1.1743999999999998e-05,1.4000000000000001,1.11
267,-1.1728e-05,1.44,1.11
268,-1.1711999999999999e-05,1.4000000000000001,1.09
269,-1.1695999999999998e-05,1.44,1.11
270,-1.168e-05,1.44,1.09
271,-1.1663999999999999e-05,1.48,1.09
272,-1.1648e-05,1.48,1.09
273,-1.1632e-05,1.48,1.09
274,-1.1615999999999999e-05,1.48,1.09
275,-1.1599999999999999e-05,1.48,1.09
276,-1.1584e-05,1.52,1.11
277,-1.1567999999999998e-05,1.56,1.09
278,-1.1551999999999999e-05,1.52,1.09
279,-1.1536e-05,1.56,1.09
280,-1.1519999999999998e-05,1.56,1.09
281,-1.1503999999999999e-05,1.56,1.09
282,-1.1487999999999999e-05,1.6,1.09
283,-1.1471999999999998e-05,1.6,1.09
284,-1.1456e-05,1.6,1.07
285,-1.1439999999999999e-05,1.6400000000000001,1.09
286,-1.1424e-05,1.6400000000000001,1.09
287,-1.1408e-05,1.68,1.07
288,-1.1391999999999999e-05,1.68,1.07
289,-1.1376e-05,1.68,1.07
290,-1.136e-05,1.68,1.07
291,-1.1343999999999998e-05,1.68,1.09
292,-1.1327999999999999e-05,1.72,1.07
293,-1.1312e-05,1.72,1.07
294,-1.1295999999999998e-05,1.72,1.09
295,-1.1279999999999999e-05,1.76,1.07
296,-1.1264e-05,1.76,1.07
297,-1.1247999999999998e-05,1.76,1.09
298,-1.1232e-05,1.76,1.07
299,-1.1215999999999999e-05,1.8,1.07
300,-1.1199999999999998e-05,1.8,1.07
301,-1.1184e-05,1.8,1.07
302,-1.1167999999999999e-05,1.84,1.09
303,-1.1152e-05,1.84,1.07
304,-1.1136e-05,1.8800000000000001,1.07
305,-1.1119999999999999e-05,1.8800000000000001,1.09
306,-1.1103999999999999e-05,1.8800000000000001,1.07
307,-1.1088e-05,1.92,1.09
308,-1.1071999999999998e-05,1.92,1.07
309,-1.1055999999999999e-05,1.92,1.07
310,-1.104e-05,1.96,1.07
311,-1.1023999999999998e-05,1.96,1.09
312,-1.1007999999999999e-05,1.96,1.07
313,-1.0991999999999999e-05,1.96,1.07
314,-1.0975999999999998e-05,1.96,1.07
315,-1.096e-05,2.0,1.07
316,-1.0943999999999999e-05,2.0,1.07
317,-1.0927999999999998e-05,2.04,1.07
318,-1.0912e-05,2.04,1.07
319,-1.0895999999999999e-05,2.04,1.07
320,-1.088e-05,2.04,1.07
321,-1.0864e-05,2.08,1.07
322,-1.0847999999999998e-05,2.08,1.07
323,-1.0831999999999999e-05,2.08,1.07
324,-1.0816e-05,2.12,1.09
325,-1.0799999999999998e-05,2.12,1.07
326,-1.0783999999999999e-05,2.12,1.07
327,-1.0768e-05,2.12,1.09
328,-1.0751999999999998e-05,2.12,1.07
329,-1.0736e-05,2.16,1.07
330,-1.0719999999999999e-05,2.2,1.07
331,-1.0703999999999998e-05,2.16,1.07
332,-1.0688e-05,2.2,1.07
333,-1.0671999999999999e-05,2.2,1.05
334,-1.0656e-05,2.2,1.07
335,-1.064e-05,2.24,1.07
336,-1.0623999999999999e-05,2.24,1.05
337,-1.0607999999999999e-05,2.24,1.05
338,-1.0592e-05,2.24,1.07
339,-1.0575999999999998e-05,2.2800000000000002,1.07
340,-1.0559999999999999e-05,2.32,1.05
341,-1.0544e-05,2.2800000000000002,1.05
342,-1.0527999999999998e-05,2.32,1.07
343,-1.0511999999999999e-05,2.2800000000000002,1.07
344,-1.0495999999999999e-05,2.36,1.07
345,-1.0479999999999998e-05,2.36,1.05
346,-1.0464e-05,2.36,1.07
347,-1.0447999999999999e-05,2.36,1.07
348,-1.0431999999999998e-05,2.36,1.09
349,-1.0416e-05,2.4,1.07
350,-1.0399999999999999e-05,2.4,1.07
351,-1.0384e-05,2.4,1.07
352,-1.0368e-05,2.44,1.07
353,-1.0351999999999998e-05,2.4,1.07
354,-1.0335999999999999e-05,2.44,1.07
355,-1.032e-05,2.44,1.07
356,-1.0303999999999998e-05,2.48,1.07
357,-1.0287999999999999e-05,2.48,1.07
358,-1.0272e-05,2.52,1.07
359,-1.0255999999999998e-05,2.48,1.07
360,-1.0239999999999999e-05,2.52,1.07
361,-1.0223999999999999e-05,2.52,1.05
362,-1.0207999999999998e-05,2.52,1.07
363,-1.0192e-05,2.56,1.07
364,-1.0175999999999999e-05,2.56,1.07
365,-1.016e-05,2.6,1.09
366,-1.0144e-05,2.6,1.07
367,-1.0127999999999999e-05,2.6,1.07
368,-1.0111999999999999e-05,2.6,1.07
369,-1.0096e-05,2.6,1.07
370,-1.0079999999999998e-05,2.64,1.07
371,-1.0063999999999999e-05,2.68,1.07
372,-1.0048e-05,2.64,1.07
373,-1.0031999999999998e-05,2.68,1.07
374,-1.0015999999999999e-05,2.68,1.07
375,-9.999999999999999e-06,2.68,1.07
376,-9.983999999999998e-06,2.72,1.09
377,-9.968e-06,2.72,1.07
378,-9.951999999999999e-06,2.72,1.09
379,-9.935999999999998e-06,2.7600000000000002,1.09
380,-9.92e-06,2.7600000000000002,1.07
381,-9.903999999999999e-06,2.7600000000000002,1.09
382,-9.888e-06,2.8000000000000003,1.09
383,-9.872e-06,2.8000000000000003,1.07
384,-9.855999999999998e-06,2.8000000000000003,1.09
385,-9.839999999999999e-06,2.8000000000000003,1.09
386,-9.824e-06,2.8000000000000003,1.07
387,-9.807999999999998e-06,2.84,1.09
388,-9.791999999999999e-06,2.84,1.09
389,-9.776e-06,2.88,1.09
390,-9.759999999999998e-06,2.88,1.09
391,-9.743999999999999e-06,2.88,1.07
392,-9.727999999999999e-06,2.92,1.09
393,-9.711999999999998e-06,2.92,1.09
394,-9.696e-06,2.92,1.09
395,-9.679999999999999e-06,2.92,1.09
396,-9.664e-06,2.96,1.09
397,-9.648e-06,2.96,1.09
398,-9.631999999999999e-06,3.0,1.09
399,-9.615999999999999e-06,3.0,1.09
400,-9.6e-06,3.0,1.09
401,-9.583999999999998e-06,3.0,1.09
402,-9.567999999999999e-06,3.0,1.09
403,-9.552e-06,3.04,1.09
404,-9.535999999999998e-06,3.04,1.11
405,-9.519999999999999e-06,3.04,1.11
406,-9.503999999999999e-06,3.08,1.11
407,-9.487999999999998e-06,3.08,1.11
408,-9.472e-06,3.08,1.09
409,-9.455999999999999e-06,3.08,1.09
410,-9.439999999999998e-06,3.08,1.09
411,-9.424e-06,3.12,1.09
412,-9.407999999999999e-06,3.16,1.11
413,-9.392e-06,3.16,1.11
414,-9.376e-06,3.16,1.11
415,-9.359999999999998e-06,3.2,1.11
416,-9.343999999999999e-06,3.2,1.11
417,-9.328e-06,3.2,1.11
418,-9.311999999999998e-06,3.2,1.11
419,-9.295999999999999e-06,3.2,1.11
420,-9.28e-06,3.24,1.11
421,-9.263999999999998e-06,3.24,1.11
422,-9.247999999999999e-06,3.24,1.11
423,-9.231999999999999e-06,3.2800000000000002,1.11
424,-9.215999999999998e-06,3.2800000000000002,1.11
425,-9.2e-06,3.2800000000000002,1.11
426,-9.183999999999999e-06,3.2800000000000002,1.11
427,-9.167999999999998e-06,3.3200000000000003,1.11
428,-9.152e-06,3.3200000000000003,1.11
429,-9.135999999999999e-06,3.3200000000000003,1.1300000000000001
430,-9.119999999999999e-06,3.36,1.1300000000000001
431,-9.104e-06,3.36,1.11
432,-9.087999999999998e-06,3.36,1.11
433,-9.071999999999999e-06,3.4,1.1300000000000001
434,-9.056e-06,3.4,1.1300000000000001
435,-9.039999999999998e-06,3.4,1.1300000000000001
436,-9.023999999999999e-06,3.4,1.1500000000000001
437,-9.007999999999999e-06,3.44,1.1300000000000001
438,-8.991999999999998e-06,3.44,1.1300000000000001
439,-8.975999999999998e-06,3.48,1.1300000000000001
440,-8.959999999999999e-06,3.48,1.1500000000000001
441,-8.943999999999998e-06,3.52,1.1300000000000001
442,-8.928e-06,3.48,1.1500000000000001
443,-8.911999999999999e-06,3.52,1.1300000000000001
444,-8.896e-06,3.52,1.1500000000000001
445,-8.88e-06,3.52,1.1300000000000001
446,-8.863999999999998e-06,3.56,1.1500000000000001
447,-8.847999999999999e-06,3.56,1.1500000000000001
448,-8.832e-06,3.56,1.1500000000000001
449,-8.815999999999998e-06,3.6,1.1500000000000001
450,-8.799999999999999e-06,3.56,1.1500000000000001
451,-8.784e-06,3.6,1.1500000000000001
452,-8.767999999999998e-06,3.6,1.1500000000000001
453,-8.751999999999999e-06,3.6,1.1500000000000001
454,-8.735999999999999e-06,3.64,1.17
455,-8.719999999999998e-06,3.64,1.1500000000000001
456,-8.704e-06,3.68,1.17
457,-8.687999999999999e-06,3.68,1.17
458,-8.671999999999998e-06,3.68,1.1500000000000001
459,-8.656e-06,3.72,1.1500000000000001
460,-8.639999999999999e-06,3.68,1.17
461,-8.623999999999999e-06,3.72,1.1500000000000001
462,-8.608e-06,3.72,1.19
463,-8.591999999999998e-06,3.72,1.17
464,-8.575999999999999e-06,3.72,1.17
465,-8.56e-06,3.7600000000000002,1.17
466,-8.543999999999998e-06,3.8000000000000003,1.17
467,-8.527999999999999e-06,3.8000000000000003,1.17
468,-8.511999999999999e-06,3.84,1.17
469,-8.495999999999998e-06,3.8000000000000003,1.17
470,-8.479999999999998e-06,3.8000000000000003,1.17
471,-8.463999999999999e-06,3.84,1.17
472,-8.447999999999998e-06,3.88,1.19
473,-8.432e-06,3.84,1.17
474,-8.415999999999999e-06,3.88,1.19
475,-8.4e-06,3.88,1.19
476,-8.384e-06,3.88,1.19
477,-8.367999999999998e-06,3.88,1.19
478,-8.351999999999999e-06,3.88,1.19
479,-8.336e-06,3.92,1.19
480,-8.319999999999998e-06,3.92,1.19
481,-8.303999999999999e-06,3.92,1.21
482,-8.288e-06,3.96,1.21
483,-8.271999999999998e-06,3.96,1.19
484,-8.255999999999999e-06,4.0,1.21
485,-8.239999999999999e-06,4.0,1.21
486,-8.224e-06,4.0,1.21
487,-8.207999999999998e-06,4.04,1.21
488,-8.191999999999999e-06,4.04,1.21
489,-8.176e-06,4.04,1.21
490,-8.159999999999998e-06,4.04,1.21
491,-8.143999999999999e-06,4.08,1.21
492,-8.127999999999999e-06,4.08,1.23
493,-8.112e-06,4.08,1.23
494,-8.095999999999998e-06,4.12,1.23
495,-8.079999999999999e-06,4.12,1.23
496,-8.064e-06,4.12,1.23
497,-8.047999999999998e-06,4.16,1.23
498,-8.031999999999999e-06,4.16,1.23
499,-8.015999999999999e-06,4.16,1.23
500,-7.999999999999998e-06,4.16,1.23
501,-7.983999999999998e-06,4.2,1.25
502,-7.967999999999999e-06,4.2,1.23
503,-7.952e-06,4.2,1.23
504,-7.935999999999998e-06,4.24,1.25
505,-7.919999999999999e-06,4.24,1.25
506,-7.904e-06,4.24,1.25
507,-7.887999999999998e-06,4.24,1.25
508,-7.871999999999998e-06,4.24,1.25
509,-7.855999999999999e-06,4.28,1.25
510,-7.84e-06,4.28,1.25
511,-7.823999999999998e-06,4.28,1.27
512,-7.807999999999999e-06,4.32,1.27
513,-7.792e-06,4.32,1.25
514,-7.775999999999998e-06,4.36,1.25
515,-7.759999999999999e-06,4.36,1.25
516,-7.743999999999999e-06,4.36,1.27
517,-7.728e-06,4.4,1.27
518,-7.711999999999998e-06,4.4,1.25
519,-7.695999999999999e-06,4.4,1.29
520,-7.68e-06,4.4,1.29
521,-7.663999999999998e-06,4.44,1.27
522,-7.647999999999999e-06,4.44,1.27
523,-7.631999999999999e-06,4.44,1.27
524,-7.616e-06,4.48,1.27
525,-7.599999999999998e-06,4.44,1.29
526,-7.583999999999999e-06,4.48,1.29
527,-7.567999999999999e-06,4.48,1.29
528,-7.551999999999998e-06,4.5200000000000005,1.29
529,-7.535999999999999e-06,4.5200000000000005,1.29
530,-7.519999999999999e-06,4.5600000000000005,1.29
531,-7.503999999999998e-06,4.5600000000000005,1.29
532,-7.4879999999999984e-06,4.5600000000000005,1.31
533,-7.471999999999999e-06,4.5600000000000005,1.31
534,-7.4559999999999994e-06,4.6000000000000005,1.31
535,-7.439999999999998e-06,4.6000000000000005,1.31
536,-7.423999999999999e-06,4.6000000000000005,1.33
537,-7.407999999999999e-06,4.6000000000000005,1.31
538,-7.391999999999998e-06,4.6000000000000005,1.31
539,-7.3759999999999985e-06,4.64,1.31
540,-7.359999999999999e-06,4.64,1.33
541,-7.3439999999999995e-06,4.64,1.31
542,-7.327999999999998e-06,4.68,1.33
543,-7.311999999999999e-06,4.68,1.33
544,-7.295999999999999e-06,4.72,1.33
545,-7.279999999999998e-06,4.68,1.33
546,-7.2639999999999986e-06,4.72,1.35
547,-7.247999999999999e-06,4.72,1.33
548,-7.2319999999999995e-06,4.76,1.33
549,-7.215999999999998e-06,4.76,1.35
550,-7.199999999999999e-06,4.76,1.35
551,-7.183999999999999e-06,4.76,1.35
552,-7.167999999999998e-06,4.8,1.35
553,-7.151999999999999e-06,4.8,1.35
554,-7.135999999999999e-06,4.8,1.35
555,-7.119999999999998e-06,4.84,1.35
556,-7.103999999999998e-06,4.84,1.37
557,-7.087999999999999e-06,4.84,1.37
558,-7.071999999999999e-06,4.88,1.37
559,-7.055999999999998e-06,4.88,1.37
560,-7.039999999999999e-06,4.88,1.37
561,-7.023999999999999e-06,4.88,1.37
562,-7.007999999999998e-06,4.92,1.37
563,-6.9919999999999984e-06,4.92,1.3900000000000001
564,-6.975999999999999e-06,4.96,1.3900000000000001
565,-6.9599999999999994e-06,4.96,1.3900000000000001
566,-6.943999999999998e-06,4.96,1.3900000000000001
567,-6.927999999999999e-06,2.96,1.3900000000000001
568,-6.911999999999999e-06,0.36,1.3900000000000001
569,-6.895999999999998e-06,0.12,1.3900000000000001
570,-6.8799999999999985e-06,0.12,1.33
571,-6.863999999999999e-06,0.08,1.31
572,-6.8479999999999995e-06,0.0,1.37
573,-6.831999999999998e-06,0.12,1.37
574,-6.815999999999999e-06,0.16,1.35
575,-6.799999999999999e-06,0.12,1.33
576,-6.783999999999998e-06,0.12,1.31
577,-6.7679999999999986e-06,0.16,1.35
578,-6.751999999999999e-06,0.16,1.33
579,-6.7359999999999995e-06,0.12,1.33
580,-6.719999999999998e-06,0.2,1.33
581,-6.703999999999999e-06,0.2,1.33
582,-6.687999999999999e-06,0.2,1.31
583,-6.671999999999998e-06,0.2,1.33
584,-6.655999999999999e-06,0.24,1.31
585,-6.639999999999999e-06,0.24,1.29
586,-6.623999999999998e-06,0.24,1.31
587,-6.607999999999998e-06,0.28,1.29
588,-6.591999999999999e-06,0.24,1.29
589,-6.575999999999999e-06,0.28,1.29
590,-6.559999999999998e-06,0.28,1.29
591,-6.543999999999999e-06,0.32,1.29
592,-6.527999999999999e-06,0.32,1.29
593,-6.511999999999998e-06,0.32,1.27
594,-6.4959999999999985e-06,0.36,1.27
595,-6.479999999999999e-06,0.36,1.27
596,-6.4639999999999994e-06,0.36,1.27
597,-6.447999999999998e-06,0.36,1.27
598,-6.431999999999999e-06,0.4,1.27
599,-6.415999999999999e-06,0.4,1.27
600,-6.399999999999998e-06,0.44,1.27
601,-6.3839999999999985e-06,0.4,1.25
602,-6.367999999999999e-06,0.4,1.27
603,-6.3519999999999995e-06,0.44,1.25
604,-6.335999999999998e-06,0.48,1.25
605,-6.319999999999999e-06,0.48,1.25
606,-6.303999999999999e-06,0.48,1.23
607,-6.287999999999998e-06,0.48,1.23
608,-6.2719999999999986e-06,0.52,1.23
609,-6.255999999999999e-06,0.48,1.23
610,-6.239999999999998e-06,0.52,1.25
611,-6.223999999999998e-06,0.52,1.23
612,-6.207999999999999e-06,0.56,1.21
613,-6.191999999999999e-06,0.56,1.21
614,-6.175999999999998e-06,0.6,1.23
615,-6.159999999999999e-06,0.6,1.21
616,-6.143999999999999e-06,0.64,1.21
617,-6.127999999999998e-06,0.6,1.21
618,-6.111999999999998e-06,0.64,1.21
619,-6.095999999999999e-06,0.6,1.21
620,-6.079999999999999e-06,0.64,1.21
621,-6.063999999999998e-06,0.68,1.21
622,-6.047999999999999e-06,0.64,1.21
623,-6.031999999999999e-06,0.72,1.19
624,-6.015999999999998e-06,0.68,1.19
625,-5.9999999999999985e-06,0.72,1.19
626,-5.983999999999999e-06,0.72,1.21
627,-5.9679999999999994e-06,0.72,1.19
628,-5.951999999999998e-06,0.72,1.19
629,-5.935999999999999e-06,0.76,1.19
630,-5.919999999999999e-06,0.76,1.19
631,-5.903999999999998e-06,0.8,1.19
632,-5.8879999999999985e-06,0.8,1.19
633,-5.871999999999999e-06,0.8,1.19
634,-5.855999999999998e-06,0.8,1.17
635,-5.839999999999998e-06,0.8,1.17
636,-5.823999999999999e-06,0.84,1.17
637,-5.807999999999999e-06,0.84,1.17
638,-5.791999999999998e-06,0.88,1.17
639,-5.7759999999999986e-06,0.92,1.17
640,-5.759999999999999e-06,0.88,1.17
641,-5.743999999999998e-06,0.92,1.17
642,-5.727999999999998e-06,0.92,1.1500000000000001
643,-5.711999999999999e-06,0.92,1.17
644,-5.695999999999999e-06,0.92,1.17
645,-5.679999999999998e-06,0.96,1.1500000000000001
646,-5.663999999999999e-06,0.96,1.1500000000000001
647,-5.647999999999999e-06,0.96,1.1500000000000001
648,-5.631999999999998e-06,1.0,1.1500000000000001
649,-5.615999999999998e-06,1.0,1.1500000000000001
650,-5.599999999999999e-06,1.0,1.1500000000000001
651,-5.583999999999999e-06,1.04,1.1500000000000001
652,-5.567999999999998e-06,1.0,1.17
653,-5.551999999999999e-06,1.04,1.1500000000000001
654,-5.535999999999999e-06,1.08,1.1500000000000001
655,-5.519999999999998e-06,1.08,1.1500000000000001
656,-5.5039999999999985e-06,1.08,1.1300000000000001
657,-5.487999999999999e-06,1.08,1.1300000000000001
658,-5.4719999999999994e-06,1.08,1.1500000000000001
659,-5.455999999999998e-06,1.12,1.1300000000000001
660,-5.439999999999999e-06,1.16,1.1300000000000001
661,-5.423999999999999e-06,1.16,1.1300000000000001
662,-5.407999999999998e-06,1.16,1.1300000000000001
663,-5.3919999999999985e-06,1.16,1.11
664,-5.375999999999999e-06,1.16,1.1300000000000001
665,-5.359999999999998e-06,1.16,1.1300000000000001
666,-5.343999999999998e-06,1.2,1.11
667,-5.327999999999999e-06,1.2,1.11
668,-5.311999999999999e-06,1.24,1.1300000000000001
669,-5.295999999999998e-06,1.24,1.11
670,-5.2799999999999986e-06,1.28,1.11
671,-5.263999999999999e-06,1.28,1.11
672,-5.247999999999998e-06,1.24,1.11
673,-5.231999999999998e-06,1.28,1.11
674,-5.215999999999999e-06,1.28,1.11
675,-5.199999999999999e-06,1.28,1.11
676,-5.183999999999998e-06,1.32,1.1300000000000001
677,-5.167999999999999e-06,1.32,1.11
678,-5.151999999999999e-06,1.32,1.11
679,-5.135999999999998e-06,1.36,1.11
680,-5.119999999999998e-06,1.4000000000000001,1.11
681,-5.103999999999999e-06,1.36,1.11
682,-5.087999999999999e-06,1.36,1.11
683,-5.071999999999998e-06,1.4000000000000001,1.11
684,-5.055999999999999e-06,1.44,1.09
685,-5.039999999999999e-06,1.4000000000000001,1.09
686,-5.023999999999998e-06,1.44,1.09
687,-5.0079999999999985e-06,1.48,1.09
688,-4.991999999999999e-06,1.44,1.09
689,-4.975999999999998e-06,1.44,1.09
690,-4.959999999999998e-06,1.48,1.09
691,-4.943999999999999e-06,1.48,1.09
692,-4.927999999999999e-06,1.52,1.09
693,-4.911999999999998e-06,1.52,1.11
694,-4.8959999999999985e-06,1.52,1.09
695,-4.879999999999999e-06,1.52,1.09
696,-4.863999999999998e-06,1.56,1.11
697,-4.847999999999998e-06,1.56,1.09
698,-4.831999999999999e-06,1.56,1.09
699,-4.815999999999999e-06,1.6,1.09
700,-4.799999999999998e-06,1.6400000000000001,1.09
701,-4.783999999999999e-06,1.6400000000000001,1.09
702,-4.767999999999999e-06,1.6,1.09
703,-4.751999999999998e-06,1.6400000000000001,1.09
704,-4.735999999999998e-06,1.6400000000000001,1.09
705,-4.719999999999999e-06,1.6400000000000001,1.09
706,-4.703999999999999e-06,1.68,1.09
707,-4.687999999999998e-06,1.68,1.07
708,-4.671999999999999e-06,1.72,1.09
709,-4.655999999999999e-06,1.72,1.07
710,-4.639999999999998e-06,1.72,1.09
711,-4.623999999999998e-06,1.72,1.07
712,-4.607999999999999e-06,1.76,1.09
713,-4.591999999999999e-06,1.76,1.07
714,-4.575999999999998e-06,1.76,1.07
715,-4.559999999999999e-06,1.8,1.07
716,-4.543999999999999e-06,1.8,1.09
717,-4.527999999999998e-06,1.8,1.07
718,-4.5119999999999985e-06,1.8,1.09
719,-4.495999999999999e-06,1.84,1.07
720,-4.479999999999998e-06,1.84,1.07
721,-4.463999999999998e-06,1.84,1.09
722,-4.447999999999999e-06,1.8800000000000001,1.07
723,-4.431999999999999e-06,1.8800000000000001,1.09
724,-4.415999999999998e-06,1.8800000000000001,1.07
725,-4.3999999999999985e-06,1.96,1.09
726,-4.383999999999999e-06,1.92,1.07
727,-4.367999999999998e-06,1.96,1.07
728,-4.351999999999998e-06,1.92,1.09
729,-4.335999999999999e-06,1.96,1.07
730,-4.319999999999999e-06,1.96,1.07
731,-4.303999999999998e-06,1.96,1.07
732,-4.287999999999999e-06,2.0,1.07
733,-4.271999999999999e-06,2.0,1.07
734,-4.255999999999998e-06,2.0,1.07
735,-4.239999999999998e-06,2.04,1.07
736,-4.223999999999999e-06,2.04,1.07
737,-4.207999999999999e-06,2.08,1.09
738,-4.191999999999998e-06,2.08,1.07
739,-4.175999999999999e-06,2.08,1.07
740,-4.159999999999999e-06,2.08,1.07
741,-4.143999999999998e-06,2.12,1.07
742,-4.1279999999999984e-06,2.12,1.05
743,-4.111999999999999e-06,2.12,1.07
744,-4.095999999999998e-06,2.12,1.07
745,-4.079999999999998e-06,2.12,1.07
746,-4.063999999999999e-06,2.16,1.07
747,-4.047999999999999e-06,2.2,1.07
748,-4.031999999999998e-06,2.16,1.07
749,-4.0159999999999985e-06,2.2,1.07
750,-3.999999999999999e-06,2.24,1.07
751,-3.983999999999998e-06,2.2,1.07
752,-3.967999999999998e-06,2.24,1.07
753,-3.951999999999999e-06,2.24,1.07
754,-3.935999999999999e-06,2.24,1.07
755,-3.919999999999998e-06,2.24,1.05
756,-3.9039999999999985e-06,2.2800000000000002,1.07
757,-3.887999999999999e-06,2.2800000000000002,1.07
758,-3.871999999999998e-06,2.32,1.07
759,-3.855999999999998e-06,2.32,1.07
760,-3.839999999999999e-06,2.32,1.07
761,-3.823999999999999e-06,2.32,1.07
762,-3.807999999999998e-06,2.32,1.05
763,-3.7919999999999986e-06,2.36,1.07
764,-3.775999999999999e-06,2.36,1.07
765,-3.759999999999998e-06,2.4,1.07
766,-3.7439999999999984e-06,2.4,1.07
767,-3.727999999999999e-06,2.4,1.07
768,-3.7119999999999977e-06,2.4,1.07
769,-3.695999999999998e-06,2.4,1.05
770,-3.6799999999999986e-06,2.44,1.07
771,-3.663999999999999e-06,2.48,1.07
772,-3.647999999999998e-06,2.44,1.07
773,-3.6319999999999984e-06,2.44,1.07
774,-3.615999999999999e-06,2.48,1.07
775,-3.5999999999999977e-06,2.48,1.07
776,-3.583999999999998e-06,2.48,1.09
777,-3.5679999999999987e-06,2.56,1.07
778,-3.551999999999999e-06,2.52,1.07
779,-3.535999999999998e-06,2.52,1.07
780,-3.5199999999999985e-06,2.56,1.07
781,-3.503999999999999e-06,2.56,1.07
782,-3.4879999999999978e-06,2.6,1.07
783,-3.4719999999999983e-06,2.56,1.07
784,-3.4559999999999988e-06,2.6,1.07
785,-3.4399999999999993e-06,2.64,1.07
786,-3.423999999999998e-06,2.6,1.07
787,-3.4079999999999985e-06,2.64,1.09
788,-3.391999999999999e-06,2.64,1.07
789,-3.375999999999998e-06,2.68,1.07
790,-3.3599999999999983e-06,2.68,1.07
791,-3.343999999999999e-06,2.68,1.07
792,-3.3279999999999993e-06,2.68,1.07
793,-3.311999999999998e-06,2.72,1.07
794,-3.2959999999999986e-06,2.72,1.07
795,-3.279999999999999e-06,2.7600000000000002,1.07
796,-3.263999999999998e-06,2.7600000000000002,1.09
797,-3.2479999999999984e-06,2.7600000000000002,1.07
798,-3.231999999999999e-06,2.7600000000000002,1.07
799,-3.2159999999999977e-06,2.7600000000000002,1.07
800,-3.199999999999998e-06,2.8000000000000003,1.07
801,-3.1839999999999987e-06,2.8000000000000003,1.09
802,-3.167999999999999e-06,2.8000000000000003,1.09
803,-3.151999999999998e-06,2.8000000000000003,1.09
804,-3.1359999999999984e-06,2.84,1.09
805,-3.119999999999999e-06,2.84,1.09
806,-3.1039999999999977e-06,2.88,1.09
807,-3.0879999999999982e-06,2.88,1.09
808,-3.0719999999999987e-06,2.88,1.09
809,-3.055999999999999e-06,2.92,1.09
810,-3.039999999999998e-06,2.92,1.09
811,-3.0239999999999985e-06,2.92,1.09
812,-3.007999999999999e-06,2.96,1.09
813,-2.9919999999999978e-06,2.96,1.09
814,-2.9759999999999983e-06,2.96,1.09
815,-2.9599999999999988e-06,3.0,1.09
816,-2.9439999999999993e-06,3.0,1.09
817,-2.927999999999998e-06,3.0,1.11
818,-2.9119999999999985e-06,3.0,1.11
819,-2.895999999999999e-06,3.04,1.09
820,-2.879999999999998e-06,3.04,1.09
821,-2.8639999999999983e-06,3.04,1.09
822,-2.847999999999999e-06,3.08,1.11
823,-2.8319999999999976e-06,3.04,1.11
824,-2.815999999999998e-06,3.08,1.09
825,-2.7999999999999986e-06,3.12,1.11
826,-2.783999999999999e-06,3.08,1.09
827,-2.767999999999998e-06,3.12,1.11
828,-2.7519999999999984e-06,3.12,1.11
829,-2.735999999999999e-06,3.16,1.09
830,-2.7199999999999977e-06,3.16,1.11
831,-2.703999999999998e-06,3.16,1.11
832,-2.6879999999999987e-06,3.16,1.09
833,-2.671999999999999e-06,3.2,1.11
834,-2.655999999999998e-06,3.2,1.1300000000000001
835,-2.6399999999999984e-06,3.2,1.11
836,-2.623999999999999e-06,3.24,1.11
837,-2.6079999999999977e-06,3.24,1.11
838,-2.5919999999999982e-06,3.24,1.11
839,-2.5759999999999987e-06,3.24,1.11
840,-2.559999999999999e-06,3.2800000000000002,1.11
841,-2.543999999999998e-06,3.2800000000000002,1.11
842,-2.5279999999999985e-06,3.2800000000000002,1.11
843,-2.511999999999999e-06,3.3200000000000003,1.11
844,-2.4959999999999978e-06,3.3200000000000003,1.11
845,-2.4799999999999983e-06,3.3200000000000003,1.11
846,-2.4639999999999988e-06,3.36,1.1300000000000001
847,-2.4479999999999993e-06,3.36,1.1300000000000001
848,-2.431999999999998e-06,3.36,1.11
849,-2.4159999999999986e-06,3.36,1.11
850,-2.399999999999999e-06,3.4,1.1300000000000001
851,-2.383999999999998e-06,3.4,1.1300000000000001
852,-2.3679999999999983e-06,3.4,1.1300000000000001
853,-2.351999999999999e-06,3.44,1.1300000000000001
854,-2.3359999999999976e-06,3.44,1.1300000000000001
855,-2.319999999999998e-06,3.44,1.1300000000000001
856,-2.3039999999999986e-06,3.44,1.1300000000000001
857,-2.287999999999999e-06,3.48,1.1300000000000001
858,-2.271999999999998e-06,3.48,1.1300000000000001
859,-2.2559999999999984e-06,3.48,1.1300000000000001
860,-2.239999999999999e-06,3.52,1.1500000000000001
861,-2.2239999999999977e-06,3.52,1.1500000000000001
862,-2.207999999999998e-06,3.52,1.1500000000000001
863,-2.1919999999999987e-06,3.52,1.1500000000000001
864,-2.175999999999999e-06,3.56,1.1500000000000001
865,-2.159999999999998e-06,3.56,1.1500000000000001
866,-2.1439999999999984e-06,3.6,1.1500000000000001
867,-2.127999999999999e-06,3.6,1.1500000000000001
868,-2.1119999999999977e-06,3.6,1.1500000000000001
869,-2.0959999999999982e-06,3.6,1.1500000000000001
870,-2.0799999999999987e-06,3.64,1.1500000000000001
871,-2.0639999999999992e-06,3.64,1.1500000000000001
872,-2.047999999999998e-06,3.64,1.1500000000000001
873,-2.0319999999999985e-06,3.64,1.17
874,-2.015999999999999e-06,3.68,1.17
875,-1.999999999999998e-06,3.68,1.17
876,-1.9839999999999983e-06,3.72,1.17
877,-1.9679999999999988e-06,3.72,1.17
878,-1.9519999999999976e-06,3.72,1.17
879,-1.935999999999998e-06,3.72,1.1500000000000001
880,-1.9199999999999986e-06,3.72,1.17
881,-1.903999999999999e-06,3.7600000000000002,1.17
882,-1.8879999999999978e-06,3.7600000000000002,1.17
883,-1.8719999999999983e-06,3.7600000000000002,1.17
884,-1.8559999999999988e-06,3.8000000000000003,1.17
885,-1.8399999999999976e-06,3.8000000000000003,1.19
886,-1.8239999999999981e-06,3.8000000000000003,1.17
887,-1.8079999999999986e-06,3.84,1.19
888,-1.791999999999999e-06,3.84,1.17
889,-1.775999999999998e-06,3.84,1.19
890,-1.7599999999999984e-06,3.84,1.19
891,-1.7439999999999989e-06,3.88,1.19
892,-1.7279999999999977e-06,3.88,1.19
893,-1.7119999999999982e-06,3.88,1.19
894,-1.6959999999999987e-06,3.88,1.21
895,-1.6799999999999992e-06,3.92,1.19
896,-1.663999999999998e-06,3.92,1.19
897,-1.6479999999999985e-06,3.96,1.19
898,-1.631999999999999e-06,3.96,1.19
899,-1.6159999999999977e-06,3.96,1.21
900,-1.5999999999999982e-06,4.0,1.19
901,-1.5839999999999987e-06,4.0,1.21
902,-1.5679999999999992e-06,4.0,1.21
903,-1.551999999999998e-06,4.0,1.21
904,-1.5359999999999985e-06,4.04,1.21
905,-1.519999999999999e-06,4.04,1.21
906,-1.5039999999999978e-06,4.04,1.21
907,-1.4879999999999983e-06,4.04,1.21
908,-1.4719999999999988e-06,4.04,1.21
909,-1.4559999999999976e-06,4.08,1.21
910,-1.439999999999998e-06,4.08,1.21
911,-1.4239999999999986e-06,4.08,1.23
912,-1.407999999999999e-06,4.12,1.23
913,-1.3919999999999979e-06,4.12,1.23
914,-1.3759999999999983e-06,4.16,1.23
915,-1.3599999999999988e-06,4.16,1.23
916,-1.3439999999999976e-06,4.2,1.23
917,-1.3279999999999981e-06,4.16,1.25
918,-1.3119999999999986e-06,4.16,1.23
919,-1.2959999999999991e-06,4.2,1.23
920,-1.279999999999998e-06,4.2,1.23
921,-1.2639999999999984e-06,4.24,1.25
922,-1.2479999999999989e-06,4.2,1.25
923,-1.2319999999999977e-06,4.24,1.25
924,-1.2159999999999982e-06,4.28,1.25
925,-1.1999999999999987e-06,4.28,1.25
926,-1.1839999999999992e-06,4.28,1.25
927,-1.167999999999998e-06,4.28,1.27
928,-1.1519999999999985e-06,4.28,1.27
929,-1.135999999999999e-06,4.32,1.25
930,-1.1199999999999977e-06,4.32,1.27
931,-1.1039999999999982e-06,4.32,1.27
932,-1.0879999999999987e-06,4.36,1.27
933,-1.0719999999999975e-06,4.36,1.27
934,-1.055999999999998e-06,4.36,1.27
935,-1.0399999999999985e-06,4.36,1.27
936,-1.023999999999999e-06,4.44,1.27
937,-1.0079999999999978e-06,4.44,1.27
938,-9.919999999999983e-07,4.4,1.27
939,-9.759999999999988e-07,4.44,1.27
940,-9.599999999999976e-07,4.48,1.29
941,-9.439999999999981e-07,4.44,1.29
942,-9.279999999999986e-07,4.48,1.31
943,-9.119999999999991e-07,4.48,1.29
944,-8.959999999999979e-07,4.48,1.29
945,-8.799999999999984e-07,4.5200000000000005,1.29
946,-8.639999999999988e-07,4.5200000000000005,1.29
947,-8.479999999999976e-07,4.5200000000000005,1.31
948,-8.319999999999981e-07,4.5200000000000005,1.29
949,-8.159999999999986e-07,4.5600000000000005,1.31
950,-7.999999999999991e-07,4.5600000000000005,1.33
951,-7.839999999999979e-07,4.5600000000000005,1.31
952,-7.679999999999984e-07,4.5600000000000005,1.31
953,-7.519999999999989e-07,4.6000000000000005,1.31
954,-7.359999999999977e-07,4.64,1.31
955,-7.199999999999999e-07,4.64,1.31
956,-7.039999999999987e-07,4.64,1.31
957,-6.879999999999975e-07,4.64,1.33
958,-6.719999999999997e-07,4.64,1.33
959,-6.559999999999985e-07,4.68,1.33
960,-6.399999999999973e-07,4.68,1.33
961,-6.239999999999994e-07,4.72,1.33
962,-6.079999999999982e-07,4.72,1.33
963,-5.91999999999997e-07,4.72,1.33
964,-5.759999999999992e-07,4.72,1.33
965,-5.59999999999998e-07,4.76,1.35
966,-5.439999999999968e-07,4.76,1.35
967,-5.27999999999999e-07,4.76,1.35
968,-5.119999999999978e-07,4.76,1.35
969,-4.96e-07,4.8,1.35
970,-4.799999999999988e-07,4.8,1.35
971,-4.639999999999976e-07,4.8,1.37
972,-4.479999999999998e-07,4.8,1.37
973,-4.319999999999986e-07,4.84,1.35
974,-4.1599999999999737e-07,4.84,1.37
975,-3.9999999999999956e-07,4.88,1.37
976,-3.8399999999999836e-07,4.88,1.37
977,-3.6799999999999715e-07,4.88,1.37
978,-3.5199999999999934e-07,4.92,1.37
979,-3.3599999999999814e-07,4.92,1.37
980,-3.1999999999999694e-07,4.92,1.3900000000000001
981,-3.039999999999991e-07,4.92,1.3900000000000001
982,-2.879999999999979e-07,4.96,1.3900000000000001
983,-2.719999999999967e-07,4.96,1.3900000000000001
984,-2.559999999999989e-07,2.84,1.3900000000000001
985,-2.399999999999977e-07,0.4,1.3900000000000001
986,-2.239999999999999e-07,0.12,1.35
987,-2.0799999999999869e-07,0.12,1.41
988,-1.9199999999999748e-07,0.12,1.37
989,-1.7599999999999967e-07,0.0,1.33
990,-1.5999999999999847e-07,0.12,1.33
991,-1.4399999999999727e-07,0.16,1.35
992,-1.2799999999999945e-07,0.12,1.35
993,-1.1199999999999825e-07,0.12,1.33
994,-9.599999999999705e-08,0.16,1.33
995,-7.999999999999923e-08,0.16,1.33
996,-6.399999999999803e-08,0.16,1.33
997,-4.799999999999683e-08,0.2,1.31
998,-3.1999999999999016e-08,0.2,1.33
999,-1.5999999999997814e-08,0.2,1.31
1000,3.3881317890172014e-21,0.2,1.31
1001,1.6000000000001202e-08,0.24,1.31
1002,3.2000000000002404e-08,0.2,1.31
1003,4.800000000000022e-08,0.24,1.29
1004,6.400000000000142e-08,0.28,1.31
1005,8.000000000000262e-08,0.28,1.29
1006,9.600000000000044e-08,0.32,1.29
1007,1.1200000000000164e-07,0.32,1.29
1008,1.2800000000000284e-07,0.32,1.27
1009,1.4400000000000065e-07,0.32,1.27
1010,1.6000000000000186e-07,0.32,1.29
1011,1.7600000000000306e-07,0.36,1.27
1012,1.9200000000000087e-07,0.36,1.27
1013,2.0800000000000207e-07,0.36,1.27
1014,2.2400000000000328e-07,0.36,1.27
1015,2.400000000000011e-07,0.4,1.25
1016,2.560000000000023e-07,0.4,1.25
1017,2.720000000000001e-07,0.4,1.27
1018,2.880000000000013e-07,0.44,1.27
1019,3.040000000000025e-07,0.44,1.25
1020,3.200000000000003e-07,0.48,1.25
1021,3.360000000000015e-07,0.44,1.25
1022,3.5200000000000273e-07,0.48,1.25
1023,3.6800000000000054e-07,0.48,1.25
1024,3.8400000000000174e-07,0.52,1.25
1025,4.0000000000000295e-07,0.52,1.23
1026,4.1600000000000076e-07,0.52,1.23
1027,4.3200000000000196e-07,0.52,1.23
1028,4.4800000000000316e-07,0.52,1.23
1029,4.64000000000001e-07,0.56,1.23
1030,4.800000000000022e-07,0.56,1.23
1031,4.960000000000034e-07,0.56,1.21
1032,5.120000000000012e-07,0.56,1.23
1033,5.280000000000024e-07,0.6,1.21
1034,5.440000000000002e-07,0.6,1.21
1035,5.600000000000014e-07,0.6,1.21
1036,5.760000000000026e-07,0.64,1.21
1037,5.920000000000004e-07,0.64,1.21
1038,6.080000000000016e-07,0.64,1.19
1039,6.240000000000028e-07,0.64,1.21
1040,6.400000000000006e-07,0.68,1.21
1041,6.560000000000019e-07,0.72,1.19
1042,6.72000000000003e-07,0.72,1.19
1043,6.880000000000009e-07,0.72,1.19
1044,7.040000000000021e-07,0.72,1.19
1045,7.200000000000033e-07,0.76,1.19
1046,7.360000000000011e-07,0.76,1.19
1047,7.520000000000023e-07,0.76,1.17
1048,7.680000000000001e-07,0.76,1.17
1049,7.840000000000013e-07,0.8,1.17
1050,8.000000000000025e-07,0.8,1.17
1051,8.160000000000003e-07,0.8,1.17
1052,8.320000000000015e-07,0.84,1.17
1053,8.480000000000027e-07,0.84,1.17
1054,8.640000000000005e-07,0.88,1.17
1055,8.800000000000017e-07,0.84,1.17
1056,8.960000000000029e-07,0.88,1.17
1057,9.120000000000008e-07,0.88,1.17
1058,9.28000000000002e-07,0.92,1.17
1059,9.440000000000032e-07,0.92,1.17
1060,9.60000000000001e-07,0.92,1.1500000000000001
1061,9.760000000000022e-07,0.96,1.1500000000000001
1062,9.920000000000034e-07,0.96,1.17
1063,1.0080000000000012e-06,0.96,1.1500000000000001
1064,1.0240000000000024e-06,1.0,1.1500000000000001
1065,1.0400000000000002e-06,1.0,1.17
1066,1.0560000000000014e-06,1.0,1.1500000000000001
1067,1.0720000000000026e-06,1.0,1.1500000000000001
1068,1.0880000000000004e-06,1.0,1.1500000000000001
1069,1.1040000000000016e-06,1.04,1.1500000000000001
1070,1.1200000000000028e-06,1.04,1.1300000000000001
1071,1.1360000000000006e-06,1.04,1.1500000000000001
1072,1.1520000000000018e-06,1.04,1.1300000000000001
1073,1.168000000000003e-06,1.08,1.1300000000000001
1074,1.1840000000000009e-06,1.08,1.1300000000000001
1075,1.200000000000002e-06,1.12,1.1300000000000001
1076,1.2160000000000033e-06,1.12,1.1300000000000001
1077,1.232000000000001e-06,1.16,1.1300000000000001
1078,1.2480000000000023e-06,1.16,1.1300000000000001
1079,1.2640000000000035e-06,1.16,1.1300000000000001
1080,1.2800000000000013e-06,1.16,1.1300000000000001
1081,1.2960000000000025e-06,1.2,1.1300000000000001
1082,1.3120000000000003e-06,1.2,1.11
1083,1.3280000000000015e-06,1.2,1.11
1084,1.3440000000000027e-06,1.2,1.11
1085,1.3600000000000005e-06,1.2,1.11
1086,1.3760000000000017e-06,1.24,1.11
1087,1.392000000000003e-06,1.24,1.11
1088,1.4080000000000007e-06,1.24,1.11
1089,1.424000000000002e-06,1.28,1.11
1090,1.4400000000000032e-06,1.28,1.1300000000000001
1091,1.456000000000001e-06,1.28,1.11
1092,1.4720000000000022e-06,1.32,1.11
1093,1.4880000000000034e-06,1.36,1.11
1094,1.5040000000000012e-06,1.32,1.11
1095,1.5200000000000024e-06,1.36,1.11
1096,1.5360000000000002e-06,1.36,1.11
1097,1.5520000000000014e-06,1.36,1.11
1098,1.5680000000000026e-06,1.4000000000000001,1.11
1099,1.5840000000000004e-06,1.4000000000000001,1.09
1100,1.6000000000000016e-06,1.4000000000000001,1.09
1101,1.6160000000000028e-06,1.4000000000000001,1.09
1102,1.6320000000000006e-06,1.4000000000000001,1.09
1103,1.6480000000000018e-06,1.44,1.09
1104,1.664000000000003e-06,1.44,1.11
1105,1.6800000000000009e-06,1.44,1.09
1106,1.696000000000002e-06,1.48,1.09
1107,1.7120000000000033e-06,1.48,1.09
1108,1.728000000000001e-06,1.52,1.09
1109,1.7440000000000023e-06,1.52,1.09
1110,1.7600000000000035e-06,1.52,1.09
1111,1.7760000000000013e-06,1.52,1.09
1112,1.7920000000000025e-06,1.56,1.09
1113,1.8080000000000003e-06,1.56,1.09
1114,1.8240000000000015e-06,1.56,1.11
1115,1.8400000000000027e-06,1.6,1.09
1116,1.8560000000000005e-06,1.6,1.09
1117,1.8720000000000017e-06,1.6400000000000001,1.09
1118,1.888000000000003e-06,1.6400000000000001,1.09
1119,1.9040000000000007e-06,1.6400000000000001,1.09
1120,1.920000000000002e-06,1.6400000000000001,1.09
1121,1.936000000000003e-06,1.6400000000000001,1.09
1122,1.952000000000001e-06,1.68,1.07
1123,1.968000000000002e-06,1.68,1.07
1124,1.9840000000000034e-06,1.68,1.09
1125,2.000000000000001e-06,1.72,1.07
1126,2.0160000000000024e-06,1.72,1.09
1127,2.032e-06,1.72,1.07
1128,2.0480000000000014e-06,1.72,1.07
1129,2.0640000000000026e-06,1.72,1.09
1130,2.0800000000000004e-06,1.76,1.07
1131,2.0960000000000016e-06,1.76,1.07
1132,2.112000000000003e-06,1.8,1.07
1133,2.1280000000000006e-06,1.8,1.07
1134,2.144000000000002e-06,1.8,1.07
1135,2.160000000000003e-06,1.8,1.09
1136,2.176000000000001e-06,1.84,1.07
1137,2.192000000000002e-06,1.84,1.07
1138,2.2080000000000033e-06,1.84,1.07
1139,2.224000000000001e-06,1.8800000000000001,1.07
1140,2.2400000000000023e-06,1.8800000000000001,1.07
1141,2.2560000000000035e-06,1.92,1.07
1142,2.2720000000000013e-06,1.92,1.07
1143,2.2880000000000025e-06,1.92,1.07
1144,2.3040000000000003e-06,1.92,1.07
1145,2.3200000000000015e-06,1.96,1.07
1146,2.3360000000000027e-06,1.96,1.07
1147,2.3520000000000005e-06,1.96,1.07
1148,2.3680000000000017e-06,2.0,1.07
1149,2.384000000000003e-06,2.0,1.07
1150,2.4000000000000007e-06,2.0,1.07
1151,2.416000000000002e-06,2.04,1.07
1152,2.432000000000003e-06,2.04,1.07
1153,2.448000000000001e-06,2.04,1.07
1154,2.464000000000002e-06,2.04,1.05
1155,2.4800000000000034e-06,2.04,1.07
1156,2.496000000000001e-06,2.08,1.07
1157,2.5120000000000024e-06,2.08,1.05
1158,2.528e-06,2.12,1.07
1159,2.5440000000000014e-06,2.12,1.07
1160,2.5600000000000026e-06,2.12,1.07
1161,2.5760000000000004e-06,2.12,1.05
1162,2.5920000000000016e-06,2.16,1.05
1163,2.608000000000003e-06,2.16,1.05
1164,2.6240000000000006e-06,2.16,1.07
1165,2.640000000000002e-06,2.2,1.07
1166,2.656000000000003e-06,2.2,1.05
1167,2.672000000000001e-06,2.2,1.07
1168,2.688000000000002e-06,2.24,1.07
1169,2.7040000000000032e-06,2.24,1.07
1170,2.720000000000001e-06,2.24,1.07
1171,2.7360000000000023e-06,2.24,1.07
1172,2.7520000000000035e-06,2.24,1.07
1173,2.7680000000000013e-06,2.2800000000000002,1.07
1174,2.7840000000000025e-06,2.32,1.07
1175,2.8000000000000003e-06,2.2800000000000002,1.07
1176,2.8160000000000015e-06,2.32,1.07
1177,2.8320000000000027e-06,2.36,1.07
1178,2.8480000000000005e-06,2.32,1.05
1179,2.8640000000000017e-06,2.36,1.07
1180,2.880000000000003e-06,2.36,1.07
1181,2.8960000000000007e-06,2.36,1.09
1182,2.912000000000002e-06,2.36,1.07
1183,2.928000000000003e-06,2.4,1.07
1184,2.944000000000001e-06,2.4,1.07
1185,2.960000000000002e-06,2.4,1.05
1186,2.9760000000000034e-06,2.4,1.07
1187,2.992000000000001e-06,2.44,1.07
1188,3.0080000000000024e-06,2.44,1.07
1189,3.0240000000000036e-06,2.44,1.09
1190,3.0400000000000014e-06,2.48,1.05
1191,3.0560000000000026e-06,2.48,1.07
1192,3.0720000000000004e-06,2.52,1.07
1193,3.0880000000000016e-06,2.52,1.07
1194,3.104000000000003e-06,2.52,1.07
1195,3.1200000000000006e-06,2.56,1.07
1196,3.136000000000002e-06,2.52,1.07
1197,3.152000000000003e-06,2.56,1.07
1198,3.168000000000001e-06,2.56,1.07
1199,3.184000000000002e-06,2.56,1.07
1200,3.2000000000000032e-06,2.6,1.09
1201,3.216000000000001e-06,2.6,1.07
1202,3.2320000000000023e-06,2.6,1.07
1203,3.2480000000000035e-06,2.6,1.09
1204,3.2640000000000013e-06,2.64,1.07
1205,3.2800000000000025e-06,2.64,1.07
1206,3.2960000000000003e-06,2.64,1.09
1207,3.3120000000000015e-06,2.68,1.07
1208,3.3280000000000027e-06,2.68,1.07
1209,3.3440000000000005e-06,2.72,1.07
1210,3.3600000000000017e-06,2.72,1.07
1211,3.376000000000003e-06,2.72,1.07
1212,3.3920000000000007e-06,2.72,1.07
1213,3.408000000000002e-06,2.72,1.07
1214,3.424000000000003e-06,2.7600000000000002,1.07
1215,3.440000000000001e-06,2.8000000000000003,1.07
1216,3.456000000000002e-06,2.8000000000000003,1.07
1217,3.4720000000000033e-06,2.8000000000000003,1.07
1218,3.488000000000001e-06,2.8000000000000003,1.09
1219,3.5040000000000024e-06,2.8000000000000003,1.09
1220,3.5200000000000036e-06,2.84,1.07
1221,3.5360000000000014e-06,2.88,1.09
1222,3.5520000000000026e-06,2.84,1.09
1223,3.5680000000000004e-06,2.88,1.09
1224,3.5840000000000016e-06,2.88,1.09
1225,3.600000000000003e-06,2.92,1.09
1226,3.6160000000000006e-06,2.92,1.09
1227,3.632000000000002e-06,2.92,1.09
1228,3.648000000000003e-06,2.96,1.09
1229,3.664000000000001e-06,2.92,1.11
1230,3.680000000000002e-06,2.92,1.09
1231,3.6960000000000032e-06,2.96,1.09
1232,3.712000000000001e-06,3.0,1.09
1233,3.7280000000000023e-06,3.0,1.11
1234,3.7440000000000035e-06,3.0,1.09
1235,3.7600000000000013e-06,3.04,1.11
1236,3.7760000000000025e-06,3.04,1.09
1237,3.7920000000000003e-06,3.04,1.09
1238,3.8080000000000015e-06,3.04,1.09
1239,3.824000000000003e-06,3.04,1.09
1240,3.8400000000000005e-06,3.08,1.09
1241,3.856000000000002e-06,3.08,1.09
1242,3.872000000000003e-06,3.12,1.09
1243,3.888000000000001e-06,3.12,1.11
1244,3.904000000000002e-06,3.16,1.11
1245,3.920000000000003e-06,3.12,1.09
1246,3.936000000000001e-06,3.16,1.11
1247,3.952000000000002e-06,3.16,1.09
1248,3.968000000000003e-06,3.16,1.11
1249,3.984000000000001e-06,3.16,1.11
1250,4.000000000000002e-06,3.2,1.11
1251,4.0160000000000036e-06,3.2,1.11
1252,4.032000000000001e-06,3.2,1.11
1253,4.048000000000003e-06,3.24,1.11
1254,4.064e-06,3.2800000000000002,1.1300000000000001
1255,4.080000000000002e-06,3.24,1.11
1256,4.096000000000003e-06,3.2800000000000002,1.11
1257,4.112000000000001e-06,3.2800000000000002,1.11
1258,4.128000000000002e-06,3.24,1.11
1259,4.144000000000003e-06,3.2800000000000002,1.11
1260,4.160000000000001e-06,3.3200000000000003,1.11
1261,4.176000000000002e-06,3.2800000000000002,1.1300000000000001
1262,4.192000000000003e-06,3.3200000000000003,1.11
1263,4.208000000000001e-06,3.3200000000000003,1.1300000000000001
1264,4.224000000000002e-06,3.36,1.1300000000000001
1265,4.2400000000000035e-06,3.4,1.1300000000000001
1266,4.256000000000001e-06,3.36,1.1300000000000001
1267,4.2720000000000025e-06,3.36,1.11
1268,4.288000000000004e-06,3.4,1.1300000000000001
1269,4.3040000000000015e-06,3.4,1.1300000000000001
1270,4.320000000000003e-06,3.44,1.1300000000000001
1271,4.3360000000000005e-06,3.48,1.1300000000000001
1272,4.352000000000002e-06,3.48,1.1300000000000001
1273,4.368000000000003e-06,3.44,1.1500000000000001
1274,4.384000000000001e-06,3.48,1.1300000000000001
1275,4.400000000000002e-06,3.48,1.1300000000000001
1276,4.416000000000003e-06,3.52,1.1500000000000001
1277,4.432000000000001e-06,3.52,1.1300000000000001
1278,4.448000000000002e-06,3.52,1.1500000000000001
1279,4.464000000000003e-06,3.52,1.1500000000000001
1280,4.480000000000001e-06,3.52,1.1500000000000001
1281,4.496000000000002e-06,3.56,1.1300000000000001
1282,4.5120000000000036e-06,3.56,1.1500000000000001
1283,4.528000000000001e-06,3.6,1.17
1284,4.5440000000000026e-06,3.6,1.1500000000000001
1285,4.56e-06,3.64,1.1500000000000001
1286,4.576000000000002e-06,3.6,1.17
1287,4.592000000000003e-06,3.64,1.1500000000000001
1288,4.608000000000001e-06,3.64,1.1500000000000001
1289,4.624000000000002e-06,3.68,1.1500000000000001
1290,4.640000000000003e-06,3.68,1.1500000000000001
1291,4.656000000000001e-06,3.64,1.1500000000000001
1292,4.672000000000002e-06,3.68,1.1500000000000001
1293,4.688000000000003e-06,3.68,1.1500000000000001
1294,4.704000000000001e-06,3.72,1.1500000000000001
1295,4.720000000000002e-06,3.72,1.17
1296,4.7360000000000034e-06,3.72,1.17
1297,4.752000000000001e-06,3.72,1.17
1298,4.7680000000000025e-06,3.7600000000000002,1.17
1299,4.784000000000004e-06,3.7600000000000002,1.17
1300,4.8000000000000015e-06,3.7600000000000002,1.17
1301,4.816000000000003e-06,3.8000000000000003,1.19
1302,4.8320000000000005e-06,3.8000000000000003,1.17
1303,4.848000000000002e-06,3.84,1.17
1304,4.864000000000003e-06,3.8000000000000003,1.17
1305,4.880000000000001e-06,3.84,1.19
1306,4.896000000000002e-06,3.88,1.19
1307,4.912000000000003e-06,3.88,1.19
1308,4.928000000000001e-06,3.88,1.19
1309,4.944000000000002e-06,3.88,1.19
1310,4.960000000000003e-06,3.88,1.19
1311,4.976000000000001e-06,3.92,1.19
1312,4.992000000000002e-06,3.92,1.19
1313,5.0080000000000036e-06,3.92,1.19
1314,5.024000000000001e-06,3.96,1.19
1315,5.0400000000000026e-06,3.96,1.19
1316,5.056e-06,3.96,1.21
1317,5.072000000000002e-06,4.0,1.19
1318,5.088000000000003e-06,4.0,1.23
1319,5.104000000000001e-06,4.0,1.21
1320,5.120000000000002e-06,4.04,1.23
1321,5.136000000000003e-06,4.04,1.21
1322,5.152000000000001e-06,4.04,1.21
1323,5.168000000000002e-06,4.04,1.23
1324,5.184000000000003e-06,4.04,1.21
1325,5.200000000000001e-06,4.08,1.21
1326,5.216000000000002e-06,4.12,1.21
1327,5.2320000000000034e-06,4.12,1.23
1328,5.248000000000001e-06,4.12,1.23
1329,5.2640000000000025e-06,4.12,1.21
1330,5.280000000000004e-06,4.12,1.23
1331,5.2960000000000015e-06,4.16,1.25
1332,5.312000000000003e-06,4.16,1.23
1333,5.3280000000000005e-06,4.16,1.23
1334,5.344000000000002e-06,4.2,1.23
1335,5.360000000000003e-06,4.2,1.23
1336,5.376000000000001e-06,4.2,1.23
1337,5.392000000000002e-06,4.2,1.23
1338,5.408000000000003e-06,4.24,1.25
1339,5.424000000000001e-06,4.24,1.25
1340,5.440000000000002e-06,4.28,1.25
1341,5.456000000000003e-06,4.24,1.25
1342,5.472000000000001e-06,4.28,1.25
1343,5.488000000000002e-06,4.28,1.25
1344,5.5040000000000035e-06,4.32,1.25
1345,5.520000000000001e-06,4.32,1.25
1346,5.5360000000000026e-06,4.32,1.25
1347,5.552e-06,4.36,1.25
1348,5.568000000000002e-06,4.36,1.27
1349,5.584000000000003e-06,4.36,1.27
1350,5.600000000000001e-06,4.4,1.27
1351,5.616000000000002e-06,4.36,1.27
1352,5.632000000000003e-06,4.4,1.27
1353,5.648000000000001e-06,4.4,1.27
1354,5.664000000000002e-06,4.44,1.27
1355,5.680000000000003e-06,4.44,1.27
1356,5.696000000000001e-06,4.44,1.27
1357,5.712000000000002e-06,4.44,1.29
1358,5.7280000000000034e-06,4.44,1.29
1359,5.744000000000001e-06,4.48,1.29
1360,5.7600000000000024e-06,4.48,1.29
1361,5.776000000000004e-06,4.48,1.31
1362,5.7920000000000015e-06,4.5200000000000005,1.29
1363,5.808000000000003e-06,4.5200000000000005,1.31
1364,5.8240000000000005e-06,4.5600000000000005,1.29
1365,5.840000000000002e-06,4.5600000000000005,1.29
1366,5.856000000000003e-06,4.5600000000000005,1.31
1367,5.872000000000001e-06,4.5600000000000005,1.31
1368,5.888000000000002e-06,4.6000000000000005,1.31
1369,5.904000000000003e-06,4.5600000000000005,1.31
1370,5.920000000000001e-06,4.6000000000000005,1.33
1371,5.936000000000002e-06,4.64,1.31
1372,5.952000000000003e-06,4.64,1.31
1373,5.968000000000001e-06,4.64,1.31
1374,5.984000000000002e-06,4.64,1.33
1375,6.0000000000000035e-06,4.68,1.33
1376,6.016000000000001e-06,4.68,1.33
1377,6.0320000000000026e-06,4.68,1.33
1378,6.048000000000004e-06,4.72,1.33
1379,6.0640000000000016e-06,4.72,1.35
1380,6.080000000000003e-06,4.72,1.33
1381,6.096000000000001e-06,4.72,1.33
1382,6.112000000000002e-06,4.76,1.35
1383,6.128000000000003e-06,4.76,1.35
1384,6.144000000000001e-06,4.8,1.35
1385,6.160000000000002e-06,4.8,1.35
1386,6.176000000000003e-06,4.8,1.35
1387,6.192000000000001e-06,4.84,1.35
1388,6.208000000000002e-06,4.84,1.35
1389,6.2240000000000034e-06,4.84,1.35
1390,6.240000000000001e-06,4.84,1.35
1391,6.2560000000000024e-06,4.88,1.35
1392,6.272000000000004e-06,4.88,1.37
1393,6.2880000000000015e-06,4.88,1.37
1394,6.304000000000003e-06,4.92,1.37
1395,6.3200000000000005e-06,4.92,1.3900000000000001
1396,6.336000000000002e-06,4.92,1.37
1397,6.352000000000003e-06,4.96,1.37
1398,6.368000000000001e-06,4.92,1.37
1399,6.384000000000002e-06,4.96,1.3900000000000001
1400,6.400000000000003e-06,4.96,1.3900000000000001
1401,6.416000000000001e-06,1.2,1.3900000000000001
1402,6.432000000000002e-06,0.32,1.3900000000000001
1403,6.448000000000003e-06,0.08,1.37
1404,6.464000000000001e-06,0.0,1.41
1405,6.480000000000002e-06,0.12,1.37
1406,6.4960000000000035e-06,0.12,1.33
1407,6.512000000000001e-06,0.08,1.33
1408,6.5280000000000026e-06,0.12,1.35
1409,6.544000000000004e-06,0.16,1.35
1410,6.5600000000000016e-06,0.12,1.33
1411,6.576000000000003e-06,0.12,1.33
1412,6.592000000000001e-06,0.2,1.33
1413,6.608000000000002e-06,0.2,1.33
1414,6.624000000000003e-06,0.2,1.33
1415,6.640000000000001e-06,0.2,1.33
1416,6.656000000000002e-06,0.2,1.31
1417,6.672000000000003e-06,0.24,1.31
1418,6.688000000000001e-06,0.24,1.33
1419,6.704000000000002e-06,0.24,1.29
1420,6.720000000000003e-06,0.24,1.29
1421,6.736000000000001e-06,0.24,1.31
1422,6.7520000000000024e-06,0.28,1.29
1423,6.768000000000004e-06,0.28,1.29
1424,6.7840000000000015e-06,0.32,1.29
1425,6.800000000000003e-06,0.32,1.27
1426,6.8160000000000005e-06,0.32,1.27
1427,6.832000000000002e-06,0.36,1.27
1428,6.848000000000003e-06,0.36,1.27
1429,6.864000000000001e-06,0.36,1.27
1430,6.880000000000002e-06,0.4,1.27
1431,6.896000000000003e-06,0.4,1.27
1432,6.912000000000001e-06,0.4,1.27
1433,6.928000000000002e-06,0.4,1.25
1434,6.944000000000003e-06,0.4,1.25
1435,6.960000000000001e-06,0.44,1.25
1436,6.976000000000002e-06,0.44,1.27
1437,6.9920000000000035e-06,0.48,1.25
1438,7.008000000000001e-06,0.44,1.25
1439,7.0240000000000025e-06,0.48,1.23
1440,7.040000000000004e-06,0.52,1.25
1441,7.0560000000000016e-06,0.48,1.23
1442,7.072000000000003e-06,0.52,1.23
1443,7.088000000000001e-06,0.52,1.25
1444,7.104000000000002e-06,0.56,1.23
1445,7.120000000000003e-06,0.56,1.23
1446,7.136000000000001e-06,0.6,1.23
1447,7.152000000000002e-06,0.56,1.23
1448,7.168000000000003e-06,0.6,1.23
1449,7.184000000000001e-06,0.6,1.21
1450,7.200000000000002e-06,0.6,1.21
1451,7.216000000000003e-06,0.6,1.21
1452,7.232000000000001e-06,0.64,1.21
1453,7.2480000000000024e-06,0.64,1.21
1454,7.264000000000004e-06,0.64,1.23
1455,7.2800000000000014e-06,0.68,1.21
1456,7.296000000000003e-06,0.68,1.19
1457,7.312000000000004e-06,0.68,1.21
1458,7.328000000000002e-06,0.72,1.19
1459,7.344000000000003e-06,0.72,1.21
1460,7.360000000000001e-06,0.72,1.21
1461,7.376000000000002e-06,0.76,1.19
1462,7.392000000000003e-06,0.76,1.19
1463,7.408000000000001e-06,0.76,1.19
1464,7.424000000000002e-06,0.8,1.19
1465,7.440000000000003e-06,0.8,1.17
1466,7.456000000000001e-06,0.8,1.17
1467,7.472000000000002e-06,0.84,1.19
1468,7.4880000000000035e-06,0.84,1.17
1469,7.504000000000001e-06,0.84,1.17
1470,7.5200000000000025e-06,0.84,1.19
1471,7.536000000000004e-06,0.88,1.17
1472,7.5520000000000016e-06,0.88,1.17
1473,7.568000000000003e-06,0.88,1.17
1474,7.5840000000000006e-06,0.92,1.17
1475,7.600000000000002e-06,0.88,1.17
1476,7.616000000000003e-06,0.92,1.17
1477,7.632e-06,0.96,1.17
1478,7.648000000000002e-06,0.96,1.1500000000000001
1479,7.664000000000003e-06,0.96,1.1500000000000001
1480,7.680000000000001e-06,0.96,1.1500000000000001
1481,7.696000000000002e-06,1.0,1.1500000000000001
1482,7.712000000000003e-06,1.0,1.1500000000000001
1483,7.728000000000001e-06,1.0,1.1500000000000001
1484,7.744000000000002e-06,1.04,1.1500000000000001
1485,7.760000000000004e-06,1.04,1.17
1486,7.776000000000001e-06,1.04,1.1500000000000001
1487,7.792000000000003e-06,1.08,1.1500000000000001
1488,7.808000000000004e-06,1.08,1.1500000000000001
1489,7.824000000000002e-06,1.08,1.1300000000000001
1490,7.840000000000003e-06,1.12,1.1500000000000001
1491,7.856e-06,1.12,1.1300000000000001
1492,7.872000000000002e-06,1.12,1.1300000000000001
1493,7.888000000000003e-06,1.12,1.1300000000000001
1494,7.904000000000001e-06,1.16,1.1300000000000001
1495,7.920000000000002e-06,1.16,1.1300000000000001
1496,7.936000000000003e-06,1.16,1.1300000000000001
1497,7.952000000000001e-06,1.16,1.1300000000000001
1498,7.968000000000002e-06,1.2,1.1300000000000001
1499,7.984000000000004e-06,1.2,1.11
1500,8.000000000000001e-06,1.2,1.1300000000000001
1501,8.016000000000003e-06,1.2,1.1300000000000001
1502,8.032000000000004e-06,1.24,1.1300000000000001
1503,8.048000000000002e-06,1.24,1.11
1504,8.064000000000003e-06,1.28,1.11
1505,8.08e-06,1.28,1.1300000000000001
1506,8.096000000000002e-06,1.28,1.11
1507,8.112000000000003e-06,1.28,1.11
1508,8.128e-06,1.32,1.1300000000000001
1509,8.144000000000002e-06,1.36,1.11
1510,8.160000000000003e-06,1.32,1.11
1511,8.176000000000001e-06,1.32,1.11
1512,8.192000000000002e-06,1.36,1.11
1513,8.208000000000003e-06,1.36,1.11
1514,8.224000000000001e-06,1.36,1.11
1515,8.240000000000002e-06,1.4000000000000001,1.11
1516,8.256000000000004e-06,1.4000000000000001,1.09
1517,8.272000000000001e-06,1.44,1.11
1518,8.288000000000003e-06,1.4000000000000001,1.09
1519,8.304000000000004e-06,1.44,1.09
1520,8.320000000000002e-06,1.44,1.09
1521,8.336000000000003e-06,1.48,1.11
1522,8.352e-06,1.48,1.09
1523,8.368000000000002e-06,1.48,1.11
1524,8.384000000000003e-06,1.48,1.09
1525,8.400000000000001e-06,1.48,1.09
1526,8.416000000000002e-06,1.52,1.09
1527,8.432000000000003e-06,1.52,1.11
1528,8.448000000000001e-06,1.52,1.09
1529,8.464000000000002e-06,1.56,1.09
1530,8.480000000000004e-06,1.6,1.09
1531,8.496000000000001e-06,1.6,1.09
1532,8.512000000000003e-06,1.6,1.09
1533,8.528000000000004e-06,1.6,1.09
1534,8.544000000000002e-06,1.6400000000000001,1.07
1535,8.560000000000003e-06,1.6400000000000001,1.09
1536,8.576000000000004e-06,1.6400000000000001,1.09
1537,8.592000000000002e-06,1.68,1.07
1538,8.608000000000003e-06,1.68,1.09
1539,8.624e-06,1.68,1.09
1540,8.640000000000002e-06,1.68,1.09
1541,8.656000000000003e-06,1.68,1.07
1542,8.672000000000001e-06,1.72,1.07
1543,8.688000000000002e-06,1.72,1.07
1544,8.704000000000003e-06,1.72,1.07
1545,8.720000000000001e-06,1.76,1.07
1546,8.736000000000002e-06,1.76,1.07
1547,8.752000000000004e-06,1.76,1.07
1548,8.768000000000001e-06,1.8,1.07
1549,8.784000000000003e-06,1.8,1.07
1550,8.800000000000004e-06,1.8,1.09
1551,8.816000000000002e-06,1.8,1.07
1552,8.832000000000003e-06,1.84,1.07
1553,8.848e-06,1.84,1.07
1554,8.864000000000002e-06,1.8800000000000001,1.07
1555,8.880000000000003e-06,1.84,1.07
1556,8.896000000000001e-06,1.8800000000000001,1.09
1557,8.912000000000002e-06,1.8800000000000001,1.07
1558,8.928000000000003e-06,1.92,1.07
1559,8.944000000000001e-06,1.96,1.09
1560,8.960000000000002e-06,1.92,1.07
1561,8.976000000000004e-06,1.96,1.07
1562,8.992000000000001e-06,1.96,1.09
1563,9.008000000000003e-06,1.96,1.07
1564,9.024000000000004e-06,2.0,1.07
1565,9.040000000000002e-06,2.0,1.07
1566,9.056000000000003e-06,2.0,1.07
1567,9.072000000000004e-06,2.0,1.05
1568,9.088000000000002e-06,2.04,1.09
1569,9.104000000000003e-06,2.04,1.07
1570,9.12e-06,2.08,1.07
1571,9.136000000000002e-06,2.08,1.07
1572,9.152000000000003e-06,2.08,1.07
1573,9.168000000000001e-06,2.08,1.07
1574,9.184000000000002e-06,2.08,1.07
1575,9.200000000000003e-06,2.12,1.07
1576,9.216000000000001e-06,2.12,1.05
1577,9.232000000000002e-06,2.12,1.07
1578,9.248000000000004e-06,2.16,1.07
1579,9.264000000000001e-06,2.16,1.07
1580,9.280000000000003e-06,2.16,1.07
1581,9.296000000000004e-06,2.2,1.07
1582,9.312000000000002e-06,2.2,1.07
1583,9.328000000000003e-06,2.24,1.05
1584,9.344e-06,2.2,1.07
1585,9.360000000000002e-06,2.24,1.07
1586,9.376000000000003e-06,2.24,1.05
1587,9.392000000000001e-06,2.24,1.07
1588,9.408000000000002e-06,2.2800000000000002,1.07
1589,9.424000000000003e-06,2.2800000000000002,1.05
1590,9.440000000000001e-06,2.2800000000000002,1.07
1591,9.456000000000002e-06,2.32,1.05
1592,9.472000000000004e-06,2.2800000000000002,1.07
1593,9.488000000000001e-06,2.32,1.07
1594,9.504000000000003e-06,2.32,1.07
1595,9.520000000000004e-06,2.32,1.07
1596,9.536000000000002e-06,2.36,1.05
1597,9.552000000000003e-06,2.36,1.07
1598,9.568000000000004e-06,2.36,1.07
1599,9.584000000000002e-06,2.4,1.05
1600,9.600000000000003e-06,2.4,1.07
1601,9.616e-06,2.4,1.07
1602,9.632000000000002e-06,2.4,1.07
1603,9.648000000000003e-06,2.44,1.07
1604,9.664000000000001e-06,2.44,1.07
1605,9.680000000000002e-06,2.44,1.07
1606,9.696000000000003e-06,2.48,1.07
1607,9.712000000000001e-06,2.48,1.07
1608,9.728000000000002e-06,2.48,1.07
1609,9.744000000000004e-06,2.48,1.07
1610,9.760000000000001e-06,2.52,1.07
1611,9.776000000000003e-06,2.52,1.07
1612,9.792000000000004e-06,2.52,1.07
1613,9.808000000000002e-06,2.56,1.07
1614,9.824000000000003e-06,2.56,1.07
1615,9.84e-06,2.56,1.07
1616,9.856000000000002e-06,2.6,1.07
1617,9.872000000000003e-06,2.6,1.07
1618,9.888000000000001e-06,2.6,1.09
1619,9.904000000000002e-06,2.6,1.07
1620,9.920000000000003e-06,2.6,1.07
1621,9.936000000000001e-06,2.64,1.07
1622,9.952000000000002e-06,2.68,1.07
1623,9.968000000000003e-06,2.68,1.07
1624,9.984000000000001e-06,2.68,1.07
1625,1.0000000000000003e-05,2.68,1.07
1626,1.0016000000000004e-05,2.68,1.09
1627,1.0032000000000002e-05,2.72,1.07
1628,1.0048000000000003e-05,2.7600000000000002,1.07
1629,1.0064000000000004e-05,2.7600000000000002,1.09
1630,1.0080000000000002e-05,2.7600000000000002,1.09
1631,1.0096000000000003e-05,2.7600000000000002,1.09
1632,1.0112e-05,2.7600000000000002,1.07
1633,1.0128000000000002e-05,2.8000000000000003,1.09
1634,1.0144000000000003e-05,2.8000000000000003,1.09
1635,1.0160000000000001e-05,2.84,1.09
1636,1.0176000000000002e-05,2.84,1.07
1637,1.0192000000000003e-05,2.88,1.09
1638,1.0208000000000001e-05,2.84,1.09
1639,1.0224000000000002e-05,2.88,1.09
1640,1.0240000000000004e-05,2.88,1.09
1641,1.0256000000000001e-05,2.92,1.09
1642,1.0272000000000003e-05,2.92,1.09
1643,1.0288000000000004e-05,2.92,1.09
1644,1.0304000000000002e-05,2.92,1.09
1645,1.0320000000000003e-05,2.92,1.09
1646,1.0336000000000004e-05,2.96,1.09
1647,1.0352000000000002e-05,2.96,1.11
1648,1.0368000000000003e-05,3.0,1.09
1649,1.0384000000000001e-05,3.0,1.09
1650,1.0400000000000002e-05,3.0,1.09
1651,1.0416000000000003e-05,3.0,1.09
1652,1.0432000000000001e-05,3.0,1.09
1653,1.0448000000000002e-05,3.04,1.09
1654,1.0464000000000003e-05,3.04,1.09
1655,1.0480000000000001e-05,3.04,1.09
1656,1.0496000000000003e-05,3.08,1.11
1657,1.0512000000000004e-05,3.12,1.09
1658,1.0528000000000002e-05,3.12,1.11
1659,1.0544000000000003e-05,3.12,1.11
1660,1.0560000000000004e-05,3.12,1.11
1661,1.0576000000000002e-05,3.16,1.11
1662,1.0592000000000003e-05,3.12,1.11
1663,1.0608e-05,3.16,1.11
1664,1.0624000000000002e-05,3.16,1.09
1665,1.0640000000000003e-05,3.2,1.11
1666,1.0656000000000001e-05,3.2,1.11
1667,1.0672000000000002e-05,3.2,1.1300000000000001
1668,1.0688000000000003e-05,3.24,1.11
1669,1.0704000000000001e-05,3.2,1.11
1670,1.0720000000000002e-05,3.24,1.11
1671,1.0736000000000004e-05,3.24,1.1300000000000001
1672,1.0752000000000001e-05,3.24,1.11
1673,1.0768000000000003e-05,3.2800000000000002,1.11
1674,1.0784000000000004e-05,3.2800000000000002,1.11
1675,1.0800000000000002e-05,3.2800000000000002,1.11
1676,1.0816000000000003e-05,3.3200000000000003,1.11
1677,1.0832000000000004e-05,3.3200000000000003,1.1300000000000001
1678,1.0848000000000002e-05,3.3200000000000003,1.11
1679,1.0864000000000003e-05,3.3200000000000003,1.1300000000000001
1680,1.0880000000000001e-05,3.36,1.1300000000000001
1681,1.0896000000000002e-05,3.4,1.1300000000000001
1682,1.0912000000000003e-05,3.4,1.1300000000000001
1683,1.0928000000000001e-05,3.4,1.1300000000000001
1684,1.0944000000000002e-05,3.44,1.1300000000000001
1685,1.0960000000000003e-05,3.4,1.1300000000000001
1686,1.0976000000000001e-05,3.44,1.1300000000000001
1687,1.0992000000000003e-05,3.44,1.1300000000000001
1688,1.1008000000000004e-05,3.44,1.1300000000000001
1689,1.1024000000000002e-05,3.48,1.1300000000000001
1690,1.1040000000000003e-05,3.48,1.1300000000000001
1691,1.1056000000000004e-05,3.48,1.1500000000000001
1692,1.1072000000000002e-05,3.48,1.1300000000000001
1693,1.1088000000000003e-05,3.48,1.1500000000000001
1694,1.1104e-05,3.52,1.1300000000000001
1695,1.1120000000000002e-05,3.52,1.1300000000000001
1696,1.1136000000000003e-05,3.56,1.1500000000000001
1697,1.1152000000000001e-05,3.56,1.1500000000000001
1698,1.1168000000000002e-05,3.6,1.17
1699,1.1184000000000003e-05,3.6,1.1500000000000001
1700,1.1200000000000001e-05,3.6,1.1500000000000001
1701,1.1216000000000002e-05,3.6,1.17
1702,1.1232000000000004e-05,3.64,1.1500000000000001
1703,1.1248000000000001e-05,3.6,1.1500000000000001
1704,1.1264000000000003e-05,3.64,1.17
1705,1.1280000000000004e-05,3.64,1.1500000000000001
1706,1.1296000000000002e-05,3.64,1.1500000000000001
1707,1.1312000000000003e-05,3.64,1.1500000000000001
1708,1.1328000000000004e-05,3.68,1.1500000000000001
1709,1.1344000000000002e-05,3.68,1.1500000000000001
1710,1.1360000000000003e-05,3.72,1.17
1711,1.1376000000000001e-05,3.72,1.1500000000000001
1712,1.1392000000000002e-05,3.72,1.19
1713,1.1408000000000003e-05,3.7600000000000002,1.17
1714,1.1424000000000001e-05,3.72,1.17
1715,1.1440000000000002e-05,3.8000000000000003,1.17
1716,1.1456000000000003e-05,3.7600000000000002,1.19
1717,1.1472000000000001e-05,3.8000000000000003,1.17
1718,1.1488000000000002e-05,3.8000000000000003,1.17
1719,1.1504000000000004e-05,3.8000000000000003,1.17
1720,1.1520000000000002e-05,3.84,1.19
1721,1.1536000000000003e-05,3.84,1.17
1722,1.1552000000000004e-05,3.84,1.19
1723,1.1568000000000002e-05,3.88,1.19
1724,1.1584000000000003e-05,3.84,1.19
1725,1.1600000000000004e-05,3.88,1.19
1726,1.1616000000000002e-05,3.88,1.17
1727,1.1632000000000003e-05,3.88,1.19
1728,1.1648000000000001e-05,3.92,1.21
1729,1.1664000000000002e-05,3.92,1.19
1730,1.1680000000000003e-05,3.92,1.19
1731,1.1696000000000001e-05,3.96,1.19
1732,1.1712000000000002e-05,3.96,1.21
1733,1.1728000000000004e-05,4.0,1.19
1734,1.1744000000000001e-05,4.0,1.21
1735,1.1760000000000003e-05,4.0,1.19
1736,1.1776000000000004e-05,4.0,1.21
1737,1.1792000000000002e-05,4.0,1.21
1738,1.1808000000000003e-05,4.04,1.21
1739,1.1824000000000004e-05,4.04,1.23
1740,1.1840000000000002e-05,4.08,1.21
1741,1.1856000000000003e-05,4.08,1.21
1742,1.1872000000000001e-05,4.08,1.23
1743,1.1888000000000002e-05,4.08,1.21
1744,1.1904000000000003e-05,4.08,1.23
1745,1.1920000000000001e-05,4.12,1.23
1746,1.1936000000000002e-05,4.12,1.23
1747,1.1952000000000003e-05,4.16,1.25
1748,1.1968000000000001e-05,4.16,1.21
1749,1.1984000000000002e-05,4.16,1.25
1750,1.2000000000000004e-05,4.2,1.23
1751,1.2016000000000002e-05,4.2,1.23
1752,1.2032000000000003e-05,4.2,1.25
1753,1.2048000000000004e-05,4.2,1.23
1754,1.2064000000000002e-05,4.2,1.23
1755,1.2080000000000003e-05,4.2,1.25
1756,1.2096000000000004e-05,4.24,1.25
1757,1.2112000000000002e-05,4.24,1.25
1758,1.2128000000000003e-05,4.28,1.25
1759,1.2144000000000001e-05,4.28,1.25
1760,1.2160000000000002e-05,4.28,1.25
1761,1.2176000000000003e-05,4.28,1.25
1762,1.2192000000000001e-05,4.32,1.25
1763,1.2208000000000002e-05,4.32,1.25
1764,1.2224000000000004e-05,4.32,1.25
1765,1.2240000000000001e-05,4.32,1.27
1766,1.2256000000000003e-05,4.36,1.25
1767,1.2272000000000004e-05,4.4,1.27
1768,1.2288000000000002e-05,4.4,1.27
1769,1.2304000000000003e-05,4.4,1.27
1770,1.2320000000000004e-05,4.4,1.27
1771,1.2336000000000002e-05,4.44,1.27
1772,1.2352000000000003e-05,4.4,1.27
1773,1.2368e-05,4.44,1.27
1774,1.2384000000000002e-05,4.48,1.27
1775,1.2400000000000003e-05,4.48,1.27
1776,1.2416000000000001e-05,4.48,1.29
1777,1.2432000000000002e-05,4.48,1.29
1778,1.2448000000000003e-05,4.5200000000000005,1.29
1779,1.2464000000000001e-05,4.5200000000000005,1.29
1780,1.2480000000000002e-05,4.5200000000000005,1.29
1781,1.2496000000000004e-05,4.5600000000000005,1.29
1782,1.2512000000000002e-05,4.5600000000000005,1.31
1783,1.2528000000000003e-05,4.5600000000000005,1.31
1784,1.2544000000000004e-05,4.6000000000000005,1.31
1785,1.2560000000000002e-05,4.5600000000000005,1.31
1786,1.2576000000000003e-05,4.6000000000000005,1.31
1787,1.2592000000000004e-05,4.6000000000000005,1.31
1788,1.2608000000000002e-05,4.64,1.31
1789,1.2624000000000003e-05,4.64,1.33
1790,1.2640000000000001e-05,4.64,1.33
1791,1.2656000000000002e-05,4.68,1.31
1792,1.2672000000000003e-05,4.68,1.33
1793,1.2688000000000001e-05,4.68,1.33
1794,1.2704000000000002e-05,4.68,1.33
1795,1.2720000000000004e-05,4.72,1.33
1796,1.2736000000000001e-05,4.72,1.33
1797,1.2752000000000003e-05,4.72,1.33
1798,1.2768000000000004e-05,4.76,1.33
1799,1.2784000000000002e-05,4.76,1.33
1800,1.2800000000000003e-05,4.8,1.35
1801,1.2816000000000004e-05,4.8,1.35
1802,1.2832000000000002e-05,4.8,1.35
1803,1.2848000000000003e-05,4.84,1.35
1804,1.2864e-05,4.84,1.35
1805,1.2880000000000002e-05,4.84,1.35
1806,1.2896000000000003e-05,4.84,1.37
1807,1.2912000000000001e-05,4.88,1.35
1808,1.2928000000000002e-05,4.88,1.35
1809,1.2944000000000003e-05,4.88,1.37
1810,1.2960000000000001e-05,4.92,1.37
1811,1.2976000000000002e-05,4.92,1.37
1812,1.2992000000000004e-05,4.92,1.3900000000000001
1813,1.3008000000000001e-05,4.92,1.37
1814,1.3024000000000003e-05,4.96,1.3900000000000001
1815,1.3040000000000004e-05,4.96,1.3900000000000001
1816,1.3056000000000002e-05,4.96,1.3900000000000001
1817,1.3072000000000003e-05,2.8000000000000003,1.37
1818,1.3088000000000004e-05,0.36,1.3900000000000001
1819,1.3104000000000002e-05,0.12,1.3900000000000001
1820,1.3120000000000003e-05,0.12,1.33
1821,1.3136000000000001e-05,0.12,1.31
1822,1.3152000000000002e-05,0.04,1.37
1823,1.3168000000000003e-05,0.12,1.37
1824,1.3184000000000001e-05,0.16,1.35
1825,1.3200000000000002e-05,0.12,1.33
1826,1.3216000000000004e-05,0.12,1.33
1827,1.3232000000000001e-05,0.2,1.35
1828,1.3248000000000003e-05,0.16,1.33
1829,1.3264000000000004e-05,0.16,1.31
1830,1.3280000000000002e-05,0.2,1.31
1831,1.3296000000000003e-05,0.2,1.31
1832,1.3312000000000004e-05,0.2,1.31
1833,1.3328000000000002e-05,0.24,1.31
1834,1.3344000000000003e-05,0.24,1.31
1835,1.3360000000000004e-05,0.24,1.31
1836,1.3376000000000002e-05,0.24,1.29
1837,1.3392000000000003e-05,0.28,1.31
1838,1.3408000000000001e-05,0.28,1.29
1839,1.3424000000000002e-05,0.28,1.29
1840,1.3440000000000003e-05,0.32,1.29
1841,1.3456000000000001e-05,0.32,1.29
1842,1.3472000000000002e-05,0.32,1.27
1843,1.3488000000000004e-05,0.32,1.29
1844,1.3504000000000001e-05,0.36,1.27
1845,1.3520000000000003e-05,0.36,1.27
1846,1.3536000000000004e-05,0.36,1.27
1847,1.3552000000000002e-05,0.4,1.27
1848,1.3568000000000003e-05,0.4,1.27
1849,1.3584000000000004e-05,0.44,1.27
1850,1.3600000000000002e-05,0.4,1.25
1851,1.3616000000000003e-05,0.44,1.25
1852,1.3632000000000001e-05,0.44,1.27
1853,1.3648000000000002e-05,0.44,1.25
1854,1.3664000000000003e-05,0.48,1.25
1855,1.3680000000000001e-05,0.48,1.25
1856,1.3696000000000002e-05,0.48,1.25
1857,1.3712000000000004e-05,0.52,1.25
1858,1.3728000000000001e-05,0.52,1.25
1859,1.3744000000000003e-05,0.56,1.23
1860,1.3760000000000004e-05,0.52,1.23
1861,1.3776000000000002e-05,0.56,1.25
1862,1.3792000000000003e-05,0.56,1.23
1863,1.3808000000000004e-05,0.56,1.23
1864,1.3824000000000002e-05,0.56,1.21
1865,1.3840000000000003e-05,0.6,1.21
1866,1.3856000000000004e-05,0.6,1.21
1867,1.3872000000000002e-05,0.6,1.23
1868,1.3888000000000003e-05,0.64,1.21
1869,1.3904000000000001e-05,0.68,1.21
1870,1.3920000000000002e-05,0.64,1.21
1871,1.3936000000000003e-05,0.64,1.21
1872,1.3952000000000001e-05,0.68,1.21
1873,1.3968000000000002e-05,0.68,1.19
1874,1.3984000000000004e-05,0.68,1.19
1875,1.4000000000000001e-05,0.72,1.19
1876,1.4016000000000003e-05,0.72,1.19
1877,1.4032000000000004e-05,0.72,1.21
1878,1.4048000000000002e-05,0.72,1.19
1879,1.4064000000000003e-05,0.76,1.19
1880,1.4080000000000004e-05,0.76,1.19
1881,1.4096000000000002e-05,0.76,1.19
1882,1.4112000000000003e-05,0.8,1.17
1883,1.4128000000000001e-05,0.8,1.17
1884,1.4144000000000002e-05,0.8,1.17
1885,1.4160000000000003e-05,0.84,1.17
1886,1.4176000000000001e-05,0.84,1.19
1887,1.4192000000000002e-05,0.84,1.17
1888,1.4208000000000004e-05,0.88,1.17
1889,1.4224000000000001e-05,0.88,1.17
1890,1.4240000000000003e-05,0.88,1.1500000000000001
1891,1.4256000000000004e-05,0.92,1.17
1892,1.4272000000000002e-05,0.92,1.1500000000000001
1893,1.4288000000000003e-05,0.92,1.17
1894,1.4304000000000004e-05,0.96,1.1500000000000001
1895,1.4320000000000002e-05,0.96,1.1500000000000001
1896,1.4336000000000003e-05,0.96,1.17
1897,1.4352000000000004e-05,1.0,1.1500000000000001
1898,1.4368000000000002e-05,1.0,1.1500000000000001
1899,1.4384000000000003e-05,1.0,1.1500000000000001
1900,1.4400000000000001e-05,1.0,1.1300000000000001
1901,1.4416000000000002e-05,1.04,1.1500000000000001
1902,1.4432000000000003e-05,1.04,1.1500000000000001
1903,1.4448000000000001e-05,1.04,1.1300000000000001
1904,1.4464000000000002e-05,1.08,1.1500000000000001
1905,1.4480000000000004e-05,1.08,1.1300000000000001
1906,1.4496000000000001e-05,1.08,1.1500000000000001
1907,1.4512000000000003e-05,1.12,1.1300000000000001
1908,1.4528000000000004e-05,1.12,1.1300000000000001
1909,1.4544000000000005e-05,1.12,1.1300000000000001
1910,1.456e-05,1.16,1.1300000000000001
1911,1.4576e-05,1.12,1.1300000000000001
1912,1.4592000000000002e-05,1.16,1.1300000000000001
1913,1.4608000000000003e-05,1.16,1.1300000000000001
1914,1.4624000000000004e-05,1.2,1.1300000000000001
1915,1.4640000000000006e-05,1.2,1.1300000000000001
1916,1.4656e-05,1.2,1.1300000000000001
1917,1.4672000000000001e-05,1.24,1.11
1918,1.4688000000000002e-05,1.24,1.11
1919,1.4704000000000004e-05,1.24,1.11
1920,1.4720000000000005e-05,1.24,1.11
1921,1.4736000000000006e-05,1.24,1.1300000000000001
1922,1.4752e-05,1.28,1.11
1923,1.4768000000000002e-05,1.28,1.11
1924,1.4784000000000003e-05,1.28,1.11
1925,1.4800000000000004e-05,1.28,1.11
1926,1.4816000000000005e-05,1.32,1.1300000000000001
1927,1.4832e-05,1.32,1.11
1928,1.4848e-05,1.32,1.11
1929,1.4864000000000002e-05,1.36,1.11
1930,1.4880000000000003e-05,1.36,1.11
1931,1.4896000000000004e-05,1.4000000000000001,1.11
1932,1.4912000000000006e-05,1.36,1.11
1933,1.4928e-05,1.4000000000000001,1.11
1934,1.4944000000000001e-05,1.44,1.11
1935,1.4960000000000002e-05,1.4000000000000001,1.09
1936,1.4976000000000004e-05,1.44,1.09
1937,1.4992000000000005e-05,1.48,1.11
1938,1.5008e-05,1.44,1.09
1939,1.5024e-05,1.48,1.09
1940,1.5040000000000002e-05,1.48,1.09
1941,1.5056000000000003e-05,1.48,1.09
1942,1.5072000000000004e-05,1.52,1.09
1943,1.5088000000000005e-05,1.52,1.09
1944,1.5104e-05,1.52,1.09
1945,1.5120000000000001e-05,1.52,1.09
1946,1.5136000000000002e-05,1.56,1.09
1947,1.5152000000000003e-05,1.6,1.09
1948,1.5168000000000005e-05,1.56,1.09
1949,1.5184000000000006e-05,1.6,1.11
1950,1.52e-05,1.6,1.09
1951,1.5216000000000001e-05,1.6,1.09
1952,1.5232000000000003e-05,1.6400000000000001,1.09
1953,1.5248000000000004e-05,1.68,1.09
1954,1.5264000000000005e-05,1.68,1.07
1955,1.528e-05,1.68,1.07
1956,1.5296e-05,1.68,1.07
1957,1.5312000000000002e-05,1.68,1.09
1958,1.5328000000000003e-05,1.72,1.09
1959,1.5344000000000004e-05,1.76,1.07
1960,1.5360000000000005e-05,1.72,1.07
1961,1.5376e-05,1.76,1.07
1962,1.5392e-05,1.8,1.07
1963,1.5408000000000002e-05,1.76,1.09
1964,1.5424000000000003e-05,1.76,1.07
1965,1.5440000000000005e-05,1.8,1.07
1966,1.5456000000000006e-05,1.8,1.09
1967,1.5472e-05,1.8,1.07
1968,1.5488e-05,1.8,1.07
1969,1.5504000000000003e-05,1.84,1.07
1970,1.5520000000000004e-05,1.84,1.07
1971,1.5536000000000005e-05,1.84,1.07
1972,1.5552e-05,1.8800000000000001,1.07
1973,1.5568e-05,1.8800000000000001,1.07
1974,1.5584000000000002e-05,1.8800000000000001,1.07
1975,1.5600000000000003e-05,1.92,1.07
1976,1.5616000000000004e-05,1.92,1.07
1977,1.5632000000000006e-05,1.92,1.07
1978,1.5648e-05,1.92,1.07
1979,1.5664e-05,1.96,1.07
1980,1.5680000000000002e-05,1.96,1.07
1981,1.5696000000000004e-05,1.96,1.07
1982,1.5712000000000005e-05,2.0,1.07
1983,1.5728000000000006e-05,2.0,1.07
1984,1.5744e-05,2.0,1.07
1985,1.576e-05,2.04,1.07
1986,1.5776000000000003e-05,2.04,1.07
1987,1.5792000000000004e-05,2.04,1.07
1988,1.5808000000000005e-05,2.08,1.07
1989,1.5824e-05,2.08,1.07
1990,1.584e-05,2.08,1.07
1991,1.5856000000000002e-05,2.12,1.07
1992,1.5872000000000003e-05,2.12,1.07
1993,1.5888000000000004e-05,2.12,1.07
1994,1.5904000000000006e-05,2.12,1.07
1995,1.592e-05,2.12,1.07
1996,1.5936e-05,2.16,1.07
1997,1.5952000000000002e-05,2.16,1.07
1998,1.5968000000000004e-05,2.16,1.07
1999,1.5984000000000005e-05,2.2,1.07
