,time,v1,v2
0,-0.00032,4.12,1.81
1,-0.00031968000000000003,4.2,1.81
2,-0.00031936000000000003,4.16,1.81
3,-0.00031904000000000004,4.2,1.83
4,-0.00031872000000000004,4.2,1.83
5,-0.00031840000000000004,4.2,1.85
6,-0.00031808000000000004,4.24,1.85
7,-0.00031776000000000005,4.24,1.85
8,-0.00031744000000000005,4.24,1.87
9,-0.00031712,4.28,1.87
10,-0.0003168,4.28,1.8900000000000001
11,-0.00031648,4.32,1.8900000000000001
12,-0.00031616,4.32,1.8900000000000001
13,-0.00031584,4.32,1.9100000000000001
14,-0.00031552,4.36,1.9100000000000001
15,-0.0003152,4.4,1.93
16,-0.00031488,4.4,1.93
17,-0.00031456,4.4,1.93
18,-0.00031424000000000003,4.44,1.93
19,-0.00031392000000000003,4.44,1.95
20,-0.00031360000000000003,4.44,1.95
21,-0.00031328000000000004,4.48,1.97
22,-0.00031296000000000004,4.48,1.97
23,-0.00031264000000000004,4.5200000000000005,1.97
24,-0.00031232000000000005,4.5200000000000005,1.99
25,-0.00031200000000000005,4.5200000000000005,1.99
26,-0.00031168000000000005,4.5600000000000005,2.0100000000000002
27,-0.00031136,4.5600000000000005,2.0100000000000002
28,-0.00031104,4.5600000000000005,2.0100000000000002
29,-0.00031072,4.6000000000000005,2.05
30,-0.0003104,4.6000000000000005,2.0300000000000002
31,-0.00031008,4.64,2.05
32,-0.00030976,4.64,2.05
33,-0.00030944,4.68,2.05
34,-0.00030912,4.68,2.07
35,-0.0003088,4.72,2.07
36,-0.00030848000000000003,4.72,2.09
37,-0.00030816000000000003,4.76,2.09
38,-0.00030784000000000003,4.76,2.09
39,-0.00030752000000000004,4.76,2.11
40,-0.00030720000000000004,4.8,2.13
41,-0.00030688000000000004,4.8,2.13
42,-0.00030656000000000005,4.8,2.13
43,-0.00030624000000000005,4.84,2.13
44,-0.00030592,4.84,2.15
45,-0.0003056,4.88,2.15
46,-0.00030528,4.88,2.15
47,-0.00030496,4.88,2.17
48,-0.00030464,4.92,2.17
49,-0.00030432,4.92,2.17
50,-0.000304,4.92,2.19
51,-0.00030368,4.96,2.19
52,-0.00030336,4.96,2.21
53,-0.00030304,5.0,2.21
54,-0.00030272000000000003,0.08,2.13
55,-0.00030240000000000003,0.08,2.0300000000000002
56,-0.00030208000000000004,0.12,1.93
57,-0.00030176000000000004,0.12,1.85
58,-0.00030144000000000004,0.12,1.75
59,-0.00030112000000000004,0.16,1.6500000000000001
60,-0.00030080000000000005,0.16,1.59
61,-0.00030048000000000005,0.2,1.51
62,-0.00030016000000000005,0.2,1.43
63,-0.00029984,0.2,1.37
64,-0.00029952,0.24,1.31
65,-0.0002992,0.24,1.23
66,-0.00029888,0.24,1.19
67,-0.00029856,0.28,1.1300000000000001
68,-0.00029824,0.32,1.07
69,-0.00029792,0.32,1.05
70,-0.0002976,0.32,0.97
71,-0.00029728,0.32,0.9500000000000001
72,-0.00029696000000000003,0.36,0.91
73,-0.00029664000000000003,0.4,0.87
74,-0.00029632000000000004,0.4,0.8300000000000001
75,-0.00029600000000000004,0.4,0.79
76,-0.00029568000000000004,0.4,0.77
77,-0.00029536000000000005,0.44,0.77
78,-0.00029504000000000005,0.44,0.73
79,-0.00029472000000000005,0.44,0.6900000000000001
80,-0.0002944,0.48,0.67
81,-0.00029408,0.48,0.65
82,-0.00029376,0.52,0.63
83,-0.00029344,0.52,0.63
84,-0.00029312,0.52,0.59
85,-0.0002928,0.56,0.5700000000000001
86,-0.00029248,0.56,0.5700000000000001
87,-0.00029216,0.56,0.55
88,-0.00029184,0.6,0.53
89,-0.00029152000000000003,0.6,0.51
90,-0.00029120000000000003,0.6,0.51
91,-0.00029088000000000003,0.64,0.49
92,-0.00029056000000000004,0.64,0.49
93,-0.00029024000000000004,0.68,0.47000000000000003
94,-0.00028992000000000004,0.68,0.47000000000000003
95,-0.00028960000000000005,0.68,0.45
96,-0.00028928000000000005,0.72,0.45
97,-0.00028896,0.72,0.45
98,-0.00028864000000000006,0.72,0.45
99,-0.00028832,0.76,0.43
100,-0.000288,0.76,0.45
101,-0.00028768,0.8,0.43
102,-0.00028736,0.8,0.43
103,-0.00028704,0.8,0.43
104,-0.00028672,0.8,0.41000000000000003
105,-0.0002864,0.84,0.43
106,-0.00028608,0.84,0.41000000000000003
107,-0.00028576000000000003,0.84,0.41000000000000003
108,-0.00028544000000000003,0.88,0.41000000000000003
109,-0.00028512000000000003,0.92,0.43
110,-0.00028480000000000004,0.92,0.41000000000000003
111,-0.00028448000000000004,0.96,0.41000000000000003
112,-0.00028416000000000004,0.96,0.41000000000000003
113,-0.00028384000000000005,0.96,0.41000000000000003
114,-0.00028352,1.0,0.43
115,-0.00028320000000000005,1.0,0.43
116,-0.00028288,1.0,0.43
117,-0.00028256,1.04,0.43
118,-0.00028224,1.04,0.43
119,-0.00028192,1.08,0.43
120,-0.0002816,1.08,0.43
121,-0.00028128,1.08,0.45
122,-0.00028096,1.12,0.45
123,-0.00028064,1.16,0.45
124,-0.00028032,1.16,0.47000000000000003
125,-0.00028000000000000003,1.16,0.45
126,-0.00027968000000000003,1.16,0.45
127,-0.00027936000000000004,1.2,0.47000000000000003
128,-0.00027904000000000004,1.2,0.47000000000000003
129,-0.00027872000000000004,1.2,0.47000000000000003
130,-0.00027840000000000005,1.24,0.49
131,-0.00027808000000000005,1.24,0.49
132,-0.00027776000000000005,1.24,0.49
133,-0.00027744,1.28,0.49
134,-0.00027712,1.28,0.51
135,-0.0002768,1.32,0.49
136,-0.00027648,1.32,0.51
137,-0.00027616,1.32,0.51
138,-0.00027584,1.4000000000000001,0.53
139,-0.00027552,1.4000000000000001,0.53
140,-0.0002752,1.36,0.53
141,-0.00027488,1.4000000000000001,0.55
142,-0.00027456000000000003,1.4000000000000001,0.55
143,-0.00027424000000000003,1.44,0.5700000000000001
144,-0.00027392000000000003,1.48,0.55
145,-0.00027360000000000004,1.48,0.5700000000000001
146,-0.00027328000000000004,1.48,0.5700000000000001
147,-0.00027296000000000004,1.52,0.5700000000000001
148,-0.00027264000000000005,1.52,0.5700000000000001
149,-0.00027232000000000005,1.52,0.59
150,-0.000272,1.56,0.59
151,-0.00027168000000000006,1.56,0.59
152,-0.00027136,1.56,0.61
153,-0.00027104,1.6,0.61
154,-0.00027072,1.6400000000000001,0.61
155,-0.0002704,1.6,0.63
156,-0.00027008,1.6400000000000001,0.65
157,-0.00026976,1.68,0.63
158,-0.00026944,1.68,0.65
159,-0.00026912,1.68,0.65
160,-0.00026880000000000003,1.72,0.6900000000000001
161,-0.00026848000000000003,1.72,0.67
162,-0.00026816000000000003,1.76,0.67
163,-0.00026784000000000004,1.76,0.67
164,-0.00026752000000000004,1.76,0.6900000000000001
165,-0.00026720000000000004,1.76,0.71
166,-0.00026688000000000005,1.8,0.71
167,-0.00026656,1.8,0.71
168,-0.00026624000000000005,1.84,0.73
169,-0.00026592,1.84,0.73
170,-0.0002656,1.84,0.73
171,-0.00026528,1.8800000000000001,0.73
172,-0.00026496,1.8800000000000001,0.75
173,-0.00026464,1.92,0.75
174,-0.00026432,1.92,0.75
175,-0.000264,1.96,0.77
176,-0.00026368,1.96,0.79
177,-0.00026336,1.96,0.79
178,-0.00026304000000000003,2.0,0.79
179,-0.00026272000000000003,2.0,0.79
180,-0.00026240000000000004,2.04,0.79
181,-0.00026208000000000004,2.04,0.81
182,-0.00026176000000000004,2.04,0.81
183,-0.00026144000000000004,2.08,0.8300000000000001
184,-0.00026112000000000005,2.12,0.8300000000000001
185,-0.00026080000000000005,2.08,0.85
186,-0.00026048,2.12,0.85
187,-0.00026016,2.12,0.85
188,-0.00025984,2.12,0.85
189,-0.00025952,2.16,0.87
190,-0.0002592,2.16,0.89
191,-0.00025888,2.2,0.89
192,-0.00025856,2.2,0.89
193,-0.00025824,2.24,0.89
194,-0.00025792,2.2800000000000002,0.91
195,-0.00025760000000000003,2.24,0.91
196,-0.00025728000000000003,2.2800000000000002,0.93
197,-0.00025696000000000003,2.2800000000000002,0.93
198,-0.00025664000000000004,2.32,0.93
199,-0.00025632000000000004,2.32,0.93
200,-0.00025600000000000004,2.36,0.93
201,-0.00025568,2.36,0.9500000000000001
202,-0.00025536000000000005,2.4,0.97
203,-0.00025504,2.4,0.97
204,-0.00025472000000000005,2.4,0.97
205,-0.0002544,2.44,0.99
206,-0.00025408,2.44,0.99
207,-0.00025376,2.44,0.99
208,-0.00025344,2.44,1.01
209,-0.00025312,2.52,1.01
210,-0.0002528,2.52,1.03
211,-0.00025248,2.52,1.03
212,-0.00025216,2.52,1.03
213,-0.00025184000000000003,2.56,1.05
214,-0.00025152000000000003,2.56,1.05
215,-0.00025120000000000003,2.56,1.05
216,-0.00025088000000000004,2.6,1.07
217,-0.00025056000000000004,2.64,1.07
218,-0.00025024000000000004,2.6,1.07
219,-0.00024992000000000005,2.64,1.09
220,-0.0002496,2.64,1.09
221,-0.00024928000000000005,2.68,1.09
222,-0.00024896,2.68,1.11
223,-0.00024864,2.72,1.11
224,-0.00024832,2.72,1.11
225,-0.000248,2.72,1.11
226,-0.00024768,2.7600000000000002,1.1300000000000001
227,-0.00024736,2.8000000000000003,1.1500000000000001
228,-0.00024704,2.8000000000000003,1.1500000000000001
229,-0.00024672,2.8000000000000003,1.1500000000000001
230,-0.0002464,2.84,1.17
231,-0.00024608000000000003,2.84,1.17
232,-0.00024576000000000003,2.88,1.17
233,-0.00024544000000000004,2.88,1.19
234,-0.00024512000000000004,2.88,1.19
235,-0.00024480000000000004,2.92,1.21
236,-0.00024448000000000004,2.92,1.21
237,-0.00024416,2.92,1.23
238,-0.00024384000000000002,2.96,1.23
239,-0.00024352000000000003,2.96,1.23
240,-0.00024320000000000003,2.96,1.25
241,-0.00024288,3.0,1.25
242,-0.00024256,3.04,1.27
243,-0.00024224,3.04,1.29
244,-0.00024192000000000001,3.04,1.29
245,-0.00024160000000000002,3.08,1.27
246,-0.00024128000000000002,3.08,1.29
247,-0.00024096000000000002,3.12,1.29
248,-0.00024064000000000003,3.12,1.31
249,-0.00024032000000000003,3.12,1.31
250,-0.00024000000000000003,3.12,1.33
251,-0.00023968000000000004,3.16,1.33
252,-0.00023936000000000004,3.16,1.33
253,-0.00023904000000000004,3.2,1.35
254,-0.00023872000000000002,3.2,1.37
255,-0.00023840000000000002,3.24,1.35
256,-0.00023808000000000002,3.24,1.37
257,-0.00023776000000000003,3.2800000000000002,1.37
258,-0.00023744000000000003,3.2800000000000002,1.3900000000000001
259,-0.00023712,3.2800000000000002,1.3900000000000001
260,-0.0002368,3.3200000000000003,1.3900000000000001
261,-0.00023648,3.3200000000000003,1.41
262,-0.00023616000000000002,3.3200000000000003,1.41
263,-0.00023584000000000002,3.36,1.43
264,-0.00023552000000000002,3.4,1.41
265,-0.00023520000000000002,3.4,1.43
266,-0.00023488000000000003,3.36,1.45
267,-0.00023456000000000003,3.4,1.45
268,-0.00023424000000000003,3.4,1.45
269,-0.00023392000000000004,3.44,1.47
270,-0.00023360000000000004,3.44,1.47
271,-0.00023328000000000004,3.48,1.49
272,-0.00023296000000000002,3.48,1.49
273,-0.00023264000000000002,3.52,1.49
274,-0.00023232000000000003,3.52,1.51
275,-0.00023200000000000003,3.56,1.53
276,-0.00023168,3.56,1.53
277,-0.00023136,3.6,1.53
278,-0.00023104,3.6,1.53
279,-0.00023072000000000001,3.6,1.55
280,-0.00023040000000000002,3.6,1.57
281,-0.00023008000000000002,3.64,1.57
282,-0.00022976000000000002,3.64,1.57
283,-0.00022944000000000003,3.64,1.57
284,-0.00022912000000000003,3.72,1.59
285,-0.00022880000000000003,3.72,1.59
286,-0.00022848000000000004,3.72,1.61
287,-0.00022816000000000004,3.72,1.61
288,-0.00022784000000000004,3.7600000000000002,1.61
289,-0.00022752000000000004,3.7600000000000002,1.61
290,-0.00022720000000000002,3.7600000000000002,1.6300000000000001
291,-0.00022688000000000002,3.8000000000000003,1.6300000000000001
292,-0.00022656000000000003,3.8000000000000003,1.6500000000000001
293,-0.00022624000000000003,3.84,1.6500000000000001
294,-0.00022592,3.84,1.6500000000000001
295,-0.0002256,3.88,1.67
296,-0.00022528,3.88,1.67
297,-0.00022496000000000001,3.88,1.67
298,-0.00022464000000000002,3.88,1.69
299,-0.00022432000000000002,3.92,1.71
300,-0.00022400000000000002,3.96,1.71
301,-0.00022368000000000003,3.96,1.71
302,-0.00022336000000000003,3.96,1.73
303,-0.00022304000000000003,4.0,1.73
304,-0.00022272000000000004,4.0,1.73
305,-0.00022240000000000004,4.04,1.75
306,-0.00022208000000000004,4.04,1.75
307,-0.00022176000000000002,4.08,1.77
308,-0.00022144000000000002,4.08,1.77
309,-0.00022112000000000002,4.08,1.77
310,-0.00022080000000000003,4.08,1.79
311,-0.00022048000000000003,4.12,1.79
312,-0.00022016,4.12,1.79
313,-0.00021984,4.16,1.81
314,-0.00021952,4.16,1.81
315,-0.00021920000000000002,4.16,1.83
316,-0.00021888000000000002,4.2,1.83
317,-0.00021856000000000002,4.2,1.85
318,-0.00021824000000000002,4.2,1.85
319,-0.00021792000000000003,4.24,1.85
320,-0.00021760000000000003,4.24,1.87
321,-0.00021728000000000003,4.28,1.87
322,-0.00021696000000000004,4.28,1.8900000000000001
323,-0.00021664000000000004,4.32,1.8900000000000001
324,-0.00021632000000000004,4.32,1.8900000000000001
325,-0.00021600000000000002,4.32,1.9100000000000001
326,-0.00021568000000000002,4.36,1.9100000000000001
327,-0.00021536000000000003,4.36,1.93
328,-0.00021504000000000003,4.4,1.93
329,-0.00021472,4.4,1.95
330,-0.0002144,4.4,1.95
331,-0.00021408,4.44,1.95
332,-0.00021376,4.44,1.95
333,-0.00021344000000000002,4.48,1.97
334,-0.00021312000000000002,4.48,1.97
335,-0.00021280000000000002,4.48,1.97
336,-0.00021248000000000003,4.5200000000000005,1.99
337,-0.00021216000000000003,4.5200000000000005,1.99
338,-0.00021184000000000003,4.5200000000000005,1.99
339,-0.00021152000000000003,4.5600000000000005,2.0100000000000002
340,-0.00021120000000000004,4.6000000000000005,2.0100000000000002
341,-0.00021088000000000004,4.6000000000000005,2.0300000000000002
342,-0.00021056000000000004,4.64,2.0300000000000002
343,-0.00021024000000000002,4.6000000000000005,2.0300000000000002
344,-0.00020992000000000002,4.64,2.07
345,-0.00020960000000000003,4.68,2.05
346,-0.00020928000000000003,4.64,2.07
347,-0.00020896,4.72,2.09
348,-0.00020864,4.72,2.09
349,-0.00020832,4.72,2.09
350,-0.00020800000000000001,4.76,2.11
351,-0.00020768000000000002,4.76,2.09
352,-0.00020736000000000002,4.8,2.11
353,-0.00020704000000000002,4.8,2.11
354,-0.00020672000000000003,4.8,2.13
355,-0.00020640000000000003,4.84,2.13
356,-0.00020608000000000003,4.84,2.15
357,-0.00020576000000000004,4.84,2.15
358,-0.00020544000000000004,4.88,2.15
359,-0.00020512000000000004,4.88,2.17
360,-0.00020480000000000002,4.92,2.17
361,-0.00020448000000000002,4.92,2.17
362,-0.00020416000000000002,4.96,2.19
363,-0.00020384000000000003,4.96,2.19
364,-0.00020352000000000003,4.96,2.19
365,-0.0002032,5.0,2.21
366,-0.00020288,0.2,2.21
367,-0.00020256,0.08,2.09
368,-0.00020224000000000002,0.08,1.99
369,-0.00020192000000000002,0.12,1.8900000000000001
370,-0.00020160000000000002,0.12,1.79
371,-0.00020128000000000002,0.16,1.71
372,-0.00020096000000000003,0.16,1.6300000000000001
373,-0.00020064000000000003,0.16,1.55
374,-0.00020032000000000003,0.2,1.47
375,-0.00020000000000000004,0.2,1.3900000000000001
376,-0.00019968000000000004,0.24,1.33
377,-0.00019936000000000004,0.24,1.27
378,-0.00019904000000000002,0.24,1.23
379,-0.00019872000000000002,0.28,1.1500000000000001
380,-0.00019840000000000002,0.28,1.09
381,-0.00019808000000000003,0.32,1.05
382,-0.00019776000000000003,0.32,1.01
383,-0.00019744000000000003,0.36,0.97
384,-0.00019712,0.36,0.93
385,-0.0001968,0.36,0.89
386,-0.00019648000000000002,0.36,0.85
387,-0.00019616000000000002,0.4,0.81
388,-0.00019584000000000002,0.4,0.79
389,-0.00019552000000000003,0.44,0.75
390,-0.00019520000000000003,0.44,0.73
391,-0.00019488000000000003,0.48,0.71
392,-0.00019456000000000003,0.48,0.67
393,-0.00019424,0.48,0.65
394,-0.00019392000000000001,0.48,0.65
395,-0.00019360000000000002,0.52,0.63
396,-0.00019328000000000002,0.56,0.59
397,-0.00019296000000000002,0.56,0.59
398,-0.00019264000000000003,0.56,0.55
399,-0.00019232000000000003,0.56,0.55
400,-0.00019200000000000003,0.6,0.55
401,-0.00019168000000000004,0.64,0.53
402,-0.00019136,0.64,0.51
403,-0.00019104000000000001,0.64,0.51
404,-0.00019072000000000002,0.64,0.49
405,-0.00019040000000000002,0.68,0.47000000000000003
406,-0.00019008000000000002,0.68,0.47000000000000003
407,-0.00018976000000000003,0.68,0.47000000000000003
408,-0.00018944000000000003,0.72,0.45
409,-0.00018912000000000003,0.72,0.45
410,-0.00018880000000000004,0.72,0.45
411,-0.00018848,0.76,0.43
412,-0.00018816000000000001,0.76,0.43
413,-0.00018784000000000002,0.76,0.45
414,-0.00018752000000000002,0.8,0.43
415,-0.00018720000000000002,0.8,0.43
416,-0.00018688000000000003,0.8,0.43
417,-0.00018656000000000003,0.84,0.41000000000000003
418,-0.00018624000000000003,0.84,0.43
419,-0.00018592000000000004,0.84,0.41000000000000003
420,-0.0001856,0.88,0.41000000000000003
421,-0.00018528000000000001,0.92,0.43
422,-0.00018496000000000002,0.92,0.41000000000000003
423,-0.00018464000000000002,0.92,0.41000000000000003
424,-0.00018432000000000002,0.96,0.41000000000000003
425,-0.00018400000000000003,0.96,0.41000000000000003
426,-0.00018368000000000003,1.0,0.41000000000000003
427,-0.00018336000000000003,1.0,0.43
428,-0.00018304000000000004,1.04,0.43
429,-0.00018272,1.04,0.43
430,-0.00018240000000000002,1.04,0.43
431,-0.00018208000000000002,1.04,0.43
432,-0.00018176000000000002,1.08,0.43
433,-0.00018144000000000002,1.08,0.45
434,-0.00018112000000000003,1.12,0.45
435,-0.00018080000000000003,1.12,0.45
436,-0.00018048000000000003,1.12,0.45
437,-0.00018016,1.16,0.45
438,-0.00017984,1.16,0.47000000000000003
439,-0.00017952000000000002,1.2,0.47000000000000003
440,-0.00017920000000000002,1.2,0.47000000000000003
441,-0.00017888000000000002,1.2,0.49
442,-0.00017856000000000003,1.2,0.47000000000000003
443,-0.00017824000000000003,1.24,0.49
444,-0.00017792000000000003,1.24,0.49
445,-0.00017760000000000003,1.24,0.49
446,-0.00017728,1.28,0.49
447,-0.00017696,1.28,0.51
448,-0.00017664000000000002,1.32,0.51
449,-0.00017632000000000002,1.32,0.51
450,-0.00017600000000000002,1.32,0.53
451,-0.00017568000000000003,1.32,0.53
452,-0.00017536000000000003,1.36,0.53
453,-0.00017504000000000003,1.36,0.53
454,-0.00017472000000000003,1.4000000000000001,0.55
455,-0.0001744,1.44,0.55
456,-0.00017408000000000001,1.44,0.55
457,-0.00017376000000000002,1.44,0.55
458,-0.00017344000000000002,1.48,0.5700000000000001
459,-0.00017312000000000002,1.52,0.5700000000000001
460,-0.00017280000000000003,1.48,0.59
461,-0.00017248000000000003,1.52,0.59
462,-0.00017216000000000003,1.52,0.59
463,-0.00017184000000000004,1.56,0.61
464,-0.00017152,1.56,0.61
465,-0.00017120000000000001,1.56,0.61
466,-0.00017088000000000002,1.6,0.63
467,-0.00017056000000000002,1.6,0.63
468,-0.00017024000000000002,1.6400000000000001,0.63
469,-0.00016992000000000003,1.6400000000000001,0.63
470,-0.00016960000000000003,1.6400000000000001,0.65
471,-0.00016928000000000003,1.68,0.67
472,-0.00016896000000000004,1.72,0.67
473,-0.00016864,1.72,0.65
474,-0.00016832000000000001,1.76,0.67
475,-0.00016800000000000002,1.72,0.6900000000000001
476,-0.00016768000000000002,1.76,0.6900000000000001
477,-0.00016736000000000002,1.76,0.6900000000000001
478,-0.00016704000000000003,1.8,0.71
479,-0.00016672000000000003,1.8,0.71
480,-0.00016640000000000003,1.84,0.71
481,-0.00016608000000000004,1.84,0.71
482,-0.00016576,1.8800000000000001,0.73
483,-0.00016544000000000002,1.8800000000000001,0.75
484,-0.00016512000000000002,1.92,0.75
485,-0.00016480000000000002,1.92,0.75
486,-0.00016448000000000002,1.92,0.75
487,-0.00016416000000000003,1.96,0.77
488,-0.00016384000000000003,1.96,0.77
489,-0.00016352000000000003,2.0,0.77
490,-0.0001632,2.0,0.77
491,-0.00016288,2.0,0.81
492,-0.00016256000000000002,2.0,0.79
493,-0.00016224000000000002,2.04,0.81
494,-0.00016192000000000002,2.04,0.81
495,-0.00016160000000000002,2.08,0.8300000000000001
496,-0.00016128000000000003,2.08,0.8300000000000001
497,-0.00016096000000000003,2.08,0.8300000000000001
498,-0.00016064000000000003,2.12,0.85
499,-0.00016032,2.16,0.85
500,-0.00016,2.16,0.85
501,-0.00015968000000000002,2.2,0.87
502,-0.00015936000000000002,2.16,0.87
503,-0.00015904000000000002,2.2,0.87
504,-0.00015872000000000003,2.24,0.89
505,-0.00015840000000000003,2.2,0.89
506,-0.00015808000000000003,2.24,0.89
507,-0.00015776000000000003,2.24,0.89
508,-0.00015744,2.24,0.91
509,-0.00015712000000000001,2.2800000000000002,0.93
510,-0.00015680000000000002,2.32,0.93
511,-0.00015648000000000002,2.32,0.9500000000000001
512,-0.00015616000000000002,2.32,0.9500000000000001
513,-0.00015584000000000003,2.36,0.9500000000000001
514,-0.00015552000000000003,2.36,0.97
515,-0.00015520000000000003,2.36,0.97
516,-0.00015488000000000004,2.4,0.99
517,-0.00015456,2.4,0.99
518,-0.00015424000000000001,2.44,0.99
519,-0.00015392000000000002,2.44,1.01
520,-0.00015360000000000002,2.44,1.01
521,-0.00015328000000000002,2.48,1.01
522,-0.00015296000000000003,2.48,1.01
523,-0.00015264000000000003,2.52,1.03
524,-0.00015232000000000003,2.52,1.03
525,-0.00015200000000000004,2.52,1.03
526,-0.00015168,2.56,1.05
527,-0.00015136000000000001,2.6,1.05
528,-0.00015104000000000002,2.6,1.07
529,-0.00015072000000000002,2.6,1.07
530,-0.00015040000000000002,2.6,1.07
531,-0.00015008000000000003,2.64,1.09
532,-0.00014976000000000003,2.64,1.09
533,-0.00014944000000000003,2.68,1.11
534,-0.00014912000000000004,2.68,1.09
535,-0.0001488,2.68,1.11
536,-0.00014848000000000001,2.72,1.1300000000000001
537,-0.00014816000000000002,2.7600000000000002,1.1300000000000001
538,-0.00014784000000000002,2.7600000000000002,1.1300000000000001
539,-0.00014752000000000002,2.7600000000000002,1.1500000000000001
540,-0.00014720000000000003,2.7600000000000002,1.1500000000000001
541,-0.00014688000000000003,2.8000000000000003,1.1500000000000001
542,-0.00014656000000000003,2.8000000000000003,1.17
543,-0.00014624,2.8000000000000003,1.17
544,-0.00014592,2.84,1.19
545,-0.00014560000000000002,2.84,1.19
546,-0.00014528000000000002,2.88,1.19
547,-0.00014496000000000002,2.88,1.21
548,-0.00014464000000000002,2.88,1.23
549,-0.00014432000000000003,2.92,1.23
550,-0.00014400000000000003,2.92,1.23
551,-0.00014368000000000003,2.96,1.23
552,-0.00014336,3.0,1.23
553,-0.00014304,3.0,1.25
554,-0.00014272000000000002,3.0,1.27
555,-0.00014240000000000002,3.0,1.27
556,-0.00014208000000000002,3.04,1.27
557,-0.00014176000000000003,3.08,1.29
558,-0.00014144000000000003,3.08,1.29
559,-0.00014112000000000003,3.08,1.31
560,-0.00014080000000000003,3.08,1.31
561,-0.00014048,3.12,1.31
562,-0.00014016,3.12,1.33
563,-0.00013984000000000002,3.16,1.33
564,-0.00013952000000000002,3.16,1.33
565,-0.00013920000000000002,3.2,1.35
566,-0.00013888000000000003,3.2,1.37
567,-0.00013856000000000003,3.24,1.37
568,-0.00013824000000000003,3.24,1.37
569,-0.00013792000000000003,3.24,1.37
570,-0.0001376,3.24,1.3900000000000001
571,-0.00013728000000000001,3.2800000000000002,1.3900000000000001
572,-0.00013696000000000002,3.2800000000000002,1.3900000000000001
573,-0.00013664000000000002,3.3200000000000003,1.3900000000000001
574,-0.00013632000000000002,3.3200000000000003,1.41
575,-0.00013600000000000003,3.36,1.43
576,-0.00013568000000000003,3.36,1.41
577,-0.00013536000000000003,3.36,1.43
578,-0.00013504000000000004,3.4,1.45
579,-0.00013472,3.4,1.47
580,-0.00013440000000000001,3.4,1.45
581,-0.00013408000000000002,3.44,1.45
582,-0.00013376000000000002,3.44,1.47
583,-0.00013344000000000002,3.44,1.49
584,-0.00013312000000000003,3.44,1.51
585,-0.00013280000000000003,3.48,1.49
586,-0.00013248000000000003,3.52,1.51
587,-0.00013216000000000004,3.52,1.51
588,-0.00013184,3.52,1.53
589,-0.00013152000000000001,3.6,1.53
590,-0.00013120000000000002,3.6,1.53
591,-0.00013088000000000002,3.6,1.53
592,-0.00013056000000000002,3.6,1.53
593,-0.00013024000000000003,3.64,1.55
594,-0.00012992000000000003,3.64,1.57
595,-0.00012960000000000003,3.68,1.57
596,-0.00012928,3.68,1.57
597,-0.00012896,3.68,1.59
598,-0.00012864000000000002,3.68,1.59
599,-0.00012832000000000002,3.72,1.59
600,-0.00012800000000000002,3.72,1.61
601,-0.00012768000000000002,3.7600000000000002,1.61
602,-0.00012736000000000003,3.7600000000000002,1.6300000000000001
603,-0.00012704000000000003,3.7600000000000002,1.6300000000000001
604,-0.00012672000000000003,3.8000000000000003,1.6500000000000001
605,-0.0001264,3.8000000000000003,1.6500000000000001
606,-0.00012608,3.84,1.6500000000000001
607,-0.00012576000000000002,3.84,1.67
608,-0.00012544000000000002,3.88,1.67
609,-0.00012512000000000002,3.88,1.67
610,-0.00012480000000000002,3.88,1.67
611,-0.00012448000000000003,3.92,1.71
612,-0.00012416000000000003,3.96,1.71
613,-0.00012384000000000003,3.92,1.69
614,-0.00012352,3.96,1.73
615,-0.0001232,3.96,1.73
616,-0.00012288000000000002,4.0,1.73
617,-0.00012256000000000002,4.0,1.75
618,-0.00012224000000000002,4.04,1.75
619,-0.00012192000000000003,4.04,1.77
620,-0.00012160000000000003,4.04,1.77
621,-0.00012128000000000003,4.08,1.77
622,-0.00012096000000000003,4.08,1.77
623,-0.00012064000000000001,4.08,1.81
624,-0.00012032000000000001,4.12,1.79
625,-0.00012000000000000002,4.12,1.81
626,-0.00011968000000000002,4.16,1.81
627,-0.00011936000000000002,4.16,1.81
628,-0.00011904000000000003,4.16,1.83
629,-0.00011872000000000003,4.2,1.85
630,-0.00011840000000000003,4.2,1.83
631,-0.00011808000000000003,4.24,1.85
632,-0.00011776000000000001,4.24,1.85
633,-0.00011744000000000001,4.28,1.87
634,-0.00011712000000000002,4.28,1.87
635,-0.00011680000000000002,4.28,1.87
636,-0.00011648000000000002,4.28,1.8900000000000001
637,-0.00011616000000000003,4.32,1.8900000000000001
638,-0.00011584000000000003,4.32,1.9100000000000001
639,-0.00011552000000000003,4.36,1.9100000000000001
640,-0.00011520000000000004,4.36,1.93
641,-0.00011488000000000001,4.4,1.93
642,-0.00011456000000000001,4.4,1.93
643,-0.00011424000000000002,4.4,1.95
644,-0.00011392000000000002,4.44,1.95
645,-0.00011360000000000002,4.44,1.97
646,-0.00011328000000000003,4.48,1.97
647,-0.00011296000000000003,4.48,1.97
648,-0.00011264000000000003,4.5200000000000005,1.99
649,-0.00011232000000000001,4.5200000000000005,1.99
650,-0.00011200000000000001,4.5600000000000005,1.99
651,-0.00011168000000000001,4.5600000000000005,2.0100000000000002
652,-0.00011136000000000002,4.5600000000000005,2.0100000000000002
653,-0.00011104000000000002,4.5600000000000005,2.0300000000000002
654,-0.00011072000000000002,4.6000000000000005,2.0300000000000002
655,-0.00011040000000000003,4.6000000000000005,2.0300000000000002
656,-0.00011008000000000003,4.64,2.05
657,-0.00010976000000000003,4.68,2.05
658,-0.00010944000000000001,4.64,2.05
659,-0.00010912000000000001,4.72,2.07
660,-0.00010880000000000002,4.72,2.07
661,-0.00010848000000000002,4.72,2.09
662,-0.00010816000000000002,4.72,2.09
663,-0.00010784000000000002,4.76,2.09
664,-0.00010752000000000003,4.76,2.11
665,-0.00010720000000000003,4.8,2.11
666,-0.00010688000000000003,4.8,2.13
667,-0.00010656000000000001,4.8,2.13
668,-0.00010624000000000001,4.84,2.13
669,-0.00010592000000000002,4.84,2.15
670,-0.00010560000000000002,4.84,2.17
671,-0.00010528000000000002,4.92,2.17
672,-0.00010496000000000003,4.88,2.17
673,-0.00010464000000000003,4.88,2.19
674,-0.00010432000000000003,4.92,2.19
675,-0.00010400000000000003,4.96,2.19
676,-0.00010368000000000001,4.96,2.19
677,-0.00010336000000000001,5.0,2.21
678,-0.00010304000000000002,5.0,2.21
679,-0.00010272000000000002,0.08,2.13
680,-0.00010240000000000002,0.08,2.0300000000000002
681,-0.00010208000000000003,0.12,1.93
682,-0.00010176000000000003,0.12,1.85
683,-0.00010144000000000003,0.12,1.75
684,-0.00010112000000000003,0.16,1.6500000000000001
685,-0.00010080000000000001,0.2,1.57
686,-0.00010048000000000001,0.16,1.51
687,-0.00010016000000000002,0.2,1.45
688,-9.984000000000002e-05,0.24,1.37
689,-9.952000000000002e-05,0.24,1.29
690,-9.920000000000003e-05,0.24,1.23
691,-9.888000000000003e-05,0.28,1.17
692,-9.856000000000003e-05,0.28,1.1300000000000001
693,-9.824000000000001e-05,0.28,1.07
694,-9.792000000000001e-05,0.32,1.03
695,-9.760000000000001e-05,0.32,0.99
696,-9.728000000000002e-05,0.36,0.9500000000000001
697,-9.696000000000002e-05,0.36,0.91
698,-9.664000000000002e-05,0.4,0.87
699,-9.632000000000003e-05,0.4,0.8300000000000001
700,-9.600000000000003e-05,0.4,0.79
701,-9.568000000000003e-05,0.44,0.77
702,-9.536000000000001e-05,0.4,0.75
703,-9.504000000000001e-05,0.44,0.73
704,-9.472000000000001e-05,0.44,0.6900000000000001
705,-9.440000000000002e-05,0.48,0.67
706,-9.408000000000002e-05,0.48,0.65
707,-9.376000000000002e-05,0.48,0.63
708,-9.344000000000003e-05,0.52,0.61
709,-9.312000000000003e-05,0.56,0.59
710,-9.280000000000003e-05,0.52,0.5700000000000001
711,-9.248000000000001e-05,0.56,0.55
712,-9.216000000000001e-05,0.56,0.55
713,-9.184000000000002e-05,0.6,0.53
714,-9.152000000000002e-05,0.6,0.53
715,-9.120000000000002e-05,0.6,0.51
716,-9.088000000000002e-05,0.64,0.49
717,-9.056000000000003e-05,0.64,0.47000000000000003
718,-9.024000000000003e-05,0.64,0.47000000000000003
719,-8.992000000000003e-05,0.68,0.49
720,-8.960000000000001e-05,0.68,0.47000000000000003
721,-8.928000000000001e-05,0.72,0.45
722,-8.896000000000002e-05,0.72,0.45
723,-8.864000000000002e-05,0.72,0.45
724,-8.832000000000002e-05,0.76,0.45
725,-8.800000000000002e-05,0.76,0.43
726,-8.768000000000003e-05,0.8,0.43
727,-8.736000000000003e-05,0.8,0.43
728,-8.704000000000003e-05,0.8,0.43
729,-8.672000000000001e-05,0.8,0.41000000000000003
730,-8.640000000000001e-05,0.84,0.41000000000000003
731,-8.608000000000002e-05,0.88,0.41000000000000003
732,-8.576000000000002e-05,0.88,0.43
733,-8.544000000000002e-05,0.88,0.41000000000000003
734,-8.512000000000003e-05,0.92,0.43
735,-8.480000000000003e-05,0.92,0.41000000000000003
736,-8.448000000000003e-05,0.96,0.41000000000000003
737,-8.416000000000003e-05,0.96,0.43
738,-8.384000000000001e-05,0.96,0.41000000000000003
739,-8.352000000000001e-05,1.0,0.41000000000000003
740,-8.320000000000002e-05,1.0,0.43
741,-8.288000000000002e-05,1.0,0.43
742,-8.256000000000002e-05,1.04,0.43
743,-8.224000000000003e-05,1.04,0.43
744,-8.192000000000003e-05,1.04,0.45
745,-8.160000000000003e-05,1.08,0.45
746,-8.128000000000001e-05,1.08,0.45
747,-8.096000000000001e-05,1.08,0.45
748,-8.064000000000001e-05,1.12,0.47000000000000003
749,-8.032000000000002e-05,1.12,0.45
750,-8.000000000000002e-05,1.16,0.47000000000000003
751,-7.968000000000002e-05,1.16,0.47000000000000003
752,-7.936000000000003e-05,1.16,0.47000000000000003
753,-7.904000000000003e-05,1.2,0.47000000000000003
754,-7.872000000000003e-05,1.24,0.47000000000000003
755,-7.840000000000001e-05,1.2,0.49
756,-7.808000000000001e-05,1.28,0.49
757,-7.776000000000001e-05,1.24,0.49
758,-7.744000000000002e-05,1.28,0.49
759,-7.712000000000002e-05,1.32,0.51
760,-7.680000000000002e-05,1.32,0.51
761,-7.648000000000003e-05,1.32,0.51
762,-7.616000000000003e-05,1.32,0.53
763,-7.584000000000003e-05,1.32,0.53
764,-7.552000000000004e-05,1.36,0.53
765,-7.520000000000004e-05,1.36,0.55
766,-7.488000000000004e-05,1.4000000000000001,0.55
767,-7.456000000000005e-05,1.44,0.55
768,-7.424e-05,1.44,0.55
769,-7.392e-05,1.48,0.5700000000000001
770,-7.36e-05,1.44,0.5700000000000001
771,-7.328e-05,1.48,0.5700000000000001
772,-7.296e-05,1.52,0.5700000000000001
773,-7.264000000000001e-05,1.52,0.59
774,-7.232000000000001e-05,1.52,0.59
775,-7.200000000000002e-05,1.56,0.59
776,-7.168000000000002e-05,1.56,0.61
777,-7.136000000000002e-05,1.6,0.61
778,-7.104000000000002e-05,1.6,0.61
779,-7.072000000000003e-05,1.6,0.63
780,-7.040000000000003e-05,1.6,0.63
781,-7.008000000000003e-05,1.6400000000000001,0.65
782,-6.976000000000004e-05,1.6400000000000001,0.65
783,-6.944000000000004e-05,1.6400000000000001,0.65
784,-6.912000000000004e-05,1.68,0.65
785,-6.880000000000005e-05,1.68,0.67
786,-6.848e-05,1.72,0.67
787,-6.816e-05,1.72,0.67
788,-6.784e-05,1.72,0.6900000000000001
789,-6.752e-05,1.76,0.71
790,-6.720000000000001e-05,1.8,0.71
791,-6.688000000000001e-05,1.8,0.71
792,-6.656000000000001e-05,1.84,0.71
793,-6.624000000000002e-05,1.84,0.73
794,-6.592000000000002e-05,1.84,0.73
795,-6.560000000000002e-05,1.8800000000000001,0.73
796,-6.528000000000003e-05,1.8800000000000001,0.73
797,-6.496000000000003e-05,1.8800000000000001,0.75
798,-6.464000000000003e-05,1.96,0.75
799,-6.432000000000003e-05,1.96,0.75
800,-6.400000000000004e-05,1.96,0.77
801,-6.368000000000004e-05,1.96,0.77
802,-6.336000000000004e-05,2.0,0.77
803,-6.304000000000005e-05,2.0,0.79
804,-6.272e-05,2.04,0.79
805,-6.24e-05,2.0,0.79
806,-6.208e-05,2.04,0.81
807,-6.176e-05,2.04,0.81
808,-6.144000000000001e-05,2.08,0.8300000000000001
809,-6.112000000000001e-05,2.08,0.8300000000000001
810,-6.0800000000000014e-05,2.12,0.85
811,-6.048000000000002e-05,2.16,0.87
812,-6.016000000000002e-05,2.12,0.85
813,-5.984000000000002e-05,2.16,0.87
814,-5.9520000000000026e-05,2.16,0.87
815,-5.920000000000003e-05,2.24,0.87
816,-5.888000000000003e-05,2.24,0.89
817,-5.8560000000000036e-05,2.2,0.89
818,-5.824000000000004e-05,2.2800000000000002,0.91
819,-5.792000000000004e-05,2.24,0.91
820,-5.7600000000000045e-05,2.24,0.91
821,-5.7279999999999994e-05,2.2800000000000002,0.93
822,-5.696e-05,2.2800000000000002,0.93
823,-5.664e-05,2.32,0.93
824,-5.632e-05,2.32,0.9500000000000001
825,-5.6000000000000006e-05,2.36,0.9500000000000001
826,-5.568000000000001e-05,2.36,0.9500000000000001
827,-5.536000000000001e-05,2.36,0.97
828,-5.5040000000000015e-05,2.4,0.97
829,-5.472000000000002e-05,2.4,0.99
830,-5.440000000000002e-05,2.4,0.99
831,-5.4080000000000024e-05,2.44,0.99
832,-5.376000000000003e-05,2.44,1.01
833,-5.344000000000003e-05,2.48,1.01
834,-5.3120000000000034e-05,2.48,1.01
835,-5.2800000000000037e-05,2.52,1.03
836,-5.248000000000004e-05,2.52,1.03
837,-5.216000000000004e-05,2.52,1.03
838,-5.1840000000000046e-05,2.56,1.05
839,-5.1519999999999995e-05,2.56,1.05
840,-5.12e-05,2.6,1.05
841,-5.088e-05,2.6,1.07
842,-5.0560000000000004e-05,2.6,1.07
843,-5.024000000000001e-05,2.64,1.07
844,-4.992000000000001e-05,2.64,1.09
845,-4.960000000000001e-05,2.64,1.09
846,-4.9280000000000016e-05,2.68,1.09
847,-4.896000000000002e-05,2.68,1.11
848,-4.864000000000002e-05,2.68,1.11
849,-4.8320000000000025e-05,2.72,1.11
850,-4.800000000000003e-05,2.72,1.1300000000000001
851,-4.768000000000003e-05,2.7600000000000002,1.1500000000000001
852,-4.7360000000000034e-05,2.7600000000000002,1.1500000000000001
853,-4.704000000000004e-05,2.8000000000000003,1.1500000000000001
854,-4.672000000000004e-05,2.8000000000000003,1.17
855,-4.6400000000000044e-05,2.84,1.17
856,-4.608000000000005e-05,2.84,1.19
857,-4.5759999999999996e-05,2.84,1.19
858,-4.544e-05,2.88,1.19
859,-4.512e-05,2.88,1.21
860,-4.4800000000000005e-05,2.92,1.21
861,-4.448000000000001e-05,2.92,1.21
862,-4.416000000000001e-05,2.92,1.23
863,-4.3840000000000014e-05,2.96,1.23
864,-4.352000000000002e-05,3.0,1.25
865,-4.320000000000002e-05,3.0,1.25
866,-4.288000000000002e-05,3.0,1.25
867,-4.2560000000000026e-05,3.0,1.25
868,-4.224000000000003e-05,3.04,1.27
869,-4.192000000000003e-05,3.04,1.29
870,-4.1600000000000035e-05,3.08,1.29
871,-4.128000000000004e-05,3.08,1.29
872,-4.096000000000004e-05,3.08,1.29
873,-4.0640000000000045e-05,3.12,1.31
874,-4.0319999999999993e-05,3.12,1.31
875,-3.9999999999999996e-05,3.16,1.33
876,-3.968e-05,3.16,1.35
877,-3.936e-05,3.2,1.35
878,-3.9040000000000006e-05,3.16,1.35
879,-3.872000000000001e-05,3.2,1.35
880,-3.840000000000001e-05,3.24,1.37
881,-3.8080000000000015e-05,3.24,1.37
882,-3.776000000000002e-05,3.24,1.37
883,-3.744000000000002e-05,3.2800000000000002,1.3900000000000001
884,-3.7120000000000024e-05,3.2800000000000002,1.3900000000000001
885,-3.680000000000003e-05,3.2800000000000002,1.3900000000000001
886,-3.648000000000003e-05,3.3200000000000003,1.41
887,-3.616000000000003e-05,3.3200000000000003,1.41
888,-3.5840000000000036e-05,3.36,1.43
889,-3.552000000000004e-05,3.36,1.43
890,-3.520000000000004e-05,3.4,1.43
891,-3.4880000000000046e-05,3.4,1.45
892,-3.4559999999999994e-05,3.4,1.45
893,-3.424e-05,3.44,1.47
894,-3.392e-05,3.44,1.47
895,-3.3600000000000004e-05,3.44,1.47
896,-3.328000000000001e-05,3.48,1.49
897,-3.296000000000001e-05,3.48,1.49
898,-3.264000000000001e-05,3.52,1.51
899,-3.2320000000000016e-05,3.52,1.51
900,-3.200000000000002e-05,3.52,1.51
901,-3.168000000000002e-05,3.56,1.53
902,-3.1360000000000025e-05,3.56,1.55
903,-3.104000000000003e-05,3.6,1.53
904,-3.072000000000003e-05,3.6,1.55
905,-3.0400000000000034e-05,3.6,1.57
906,-3.0080000000000037e-05,3.64,1.57
907,-2.976000000000004e-05,3.64,1.57
908,-2.9440000000000043e-05,3.64,1.57
909,-2.9120000000000046e-05,3.72,1.59
910,-2.8799999999999995e-05,3.68,1.59
911,-2.848e-05,3.72,1.59
912,-2.816e-05,3.72,1.61
913,-2.7840000000000005e-05,3.7600000000000002,1.61
914,-2.7520000000000008e-05,3.7600000000000002,1.61
915,-2.720000000000001e-05,3.8000000000000003,1.6300000000000001
916,-2.6880000000000014e-05,3.7600000000000002,1.6300000000000001
917,-2.6560000000000017e-05,3.8000000000000003,1.6500000000000001
918,-2.624000000000002e-05,3.8000000000000003,1.67
919,-2.5920000000000023e-05,3.84,1.6500000000000001
920,-2.5600000000000026e-05,3.84,1.67
921,-2.528000000000003e-05,3.88,1.69
922,-2.4960000000000032e-05,3.88,1.69
923,-2.4640000000000035e-05,3.92,1.69
924,-2.4320000000000038e-05,3.92,1.69
925,-2.400000000000004e-05,3.96,1.71
926,-2.3680000000000044e-05,3.96,1.73
927,-2.3359999999999993e-05,3.96,1.73
928,-2.3039999999999996e-05,4.0,1.73
929,-2.272e-05,4.0,1.75
930,-2.2400000000000002e-05,4.0,1.75
931,-2.2080000000000005e-05,4.04,1.77
932,-2.176000000000001e-05,4.08,1.77
933,-2.144000000000001e-05,4.08,1.77
934,-2.1120000000000015e-05,4.08,1.77
935,-2.0800000000000018e-05,4.08,1.79
936,-2.048000000000002e-05,4.12,1.81
937,-2.0160000000000024e-05,4.12,1.79
938,-1.9840000000000027e-05,4.16,1.81
939,-1.952000000000003e-05,4.16,1.83
940,-1.9200000000000033e-05,4.16,1.81
941,-1.8880000000000036e-05,4.16,1.83
942,-1.856000000000004e-05,4.2,1.83
943,-1.8240000000000042e-05,4.24,1.85
944,-1.7920000000000045e-05,4.24,1.85
945,-1.7599999999999994e-05,4.24,1.85
946,-1.7279999999999997e-05,4.28,1.87
947,-1.696e-05,4.28,1.8900000000000001
948,-1.6640000000000003e-05,4.32,1.8900000000000001
949,-1.6320000000000006e-05,4.32,1.8900000000000001
950,-1.600000000000001e-05,4.32,1.9100000000000001
951,-1.5680000000000013e-05,4.36,1.9100000000000001
952,-1.5360000000000016e-05,4.4,1.9100000000000001
953,-1.5040000000000019e-05,4.4,1.93
954,-1.4720000000000022e-05,4.4,1.93
955,-1.4400000000000025e-05,4.44,1.95
956,-1.4080000000000028e-05,4.44,1.93
957,-1.3760000000000031e-05,4.44,1.95
958,-1.3440000000000034e-05,4.48,1.97
959,-1.3120000000000037e-05,4.48,1.97
960,-1.280000000000004e-05,4.5200000000000005,1.97
961,-1.2480000000000043e-05,4.5200000000000005,1.99
962,-1.2160000000000046e-05,4.5200000000000005,1.99
963,-1.1839999999999995e-05,4.5200000000000005,2.0100000000000002
964,-1.1519999999999998e-05,4.5600000000000005,2.0100000000000002
965,-1.1200000000000001e-05,4.5600000000000005,2.0100000000000002
966,-1.0880000000000004e-05,4.6000000000000005,2.0300000000000002
967,-1.0560000000000007e-05,4.6000000000000005,2.0300000000000002
968,-1.024000000000001e-05,4.64,2.05
969,-9.920000000000013e-06,4.64,2.05
970,-9.600000000000017e-06,4.64,2.05
971,-9.28000000000002e-06,4.68,2.07
972,-8.960000000000023e-06,4.72,2.07
973,-8.640000000000026e-06,4.72,2.07
974,-8.320000000000029e-06,4.72,2.09
975,-8.000000000000032e-06,4.76,2.09
976,-7.680000000000035e-06,4.76,2.11
977,-7.360000000000038e-06,4.8,2.11
978,-7.040000000000041e-06,4.8,2.11
979,-6.720000000000044e-06,4.84,2.13
980,-6.399999999999993e-06,4.84,2.15
981,-6.079999999999996e-06,4.84,2.13
982,-5.759999999999999e-06,4.88,2.15
983,-5.440000000000002e-06,4.88,2.15
984,-5.120000000000005e-06,4.88,2.17
985,-4.800000000000008e-06,4.88,2.17
986,-4.480000000000011e-06,4.92,2.17
987,-4.160000000000014e-06,4.92,2.19
988,-3.8400000000000174e-06,4.92,2.19
989,-3.5200000000000205e-06,4.96,2.19
990,-3.2000000000000236e-06,4.96,2.21
991,-2.8800000000000266e-06,0.16,2.21
992,-2.5600000000000297e-06,0.04,2.09
993,-2.2400000000000328e-06,0.08,1.99
994,-1.920000000000036e-06,0.12,1.87
995,-1.6000000000000389e-06,0.12,1.79
996,-1.280000000000042e-06,0.16,1.69
997,-9.60000000000045e-07,0.16,1.61
998,-6.399999999999939e-07,0.16,1.53
999,-3.1999999999999694e-07,0.2,1.47
1000,0.0,0.2,1.41
1001,3.1999999999999694e-07,0.24,1.33
1002,6.399999999999939e-07,0.24,1.25
1003,9.599999999999908e-07,0.24,1.23
1004,1.2799999999999877e-06,0.28,1.1500000000000001
1005,1.5999999999999847e-06,0.28,1.11
1006,1.9199999999999816e-06,0.28,1.05
1007,2.2399999999999786e-06,0.32,1.01
1008,2.5599999999999755e-06,0.32,0.97
1009,2.8799999999999724e-06,0.36,0.93
1010,3.1999999999999694e-06,0.36,0.89
1011,3.5199999999999663e-06,0.36,0.85
1012,3.839999999999963e-06,0.4,0.81
1013,4.15999999999996e-06,0.4,0.79
1014,4.479999999999957e-06,0.4,0.75
1015,4.799999999999954e-06,0.44,0.73
1016,5.120000000000005e-06,0.44,0.71
1017,5.440000000000002e-06,0.44,0.67
1018,5.759999999999999e-06,0.48,0.65
1019,6.079999999999996e-06,0.48,0.63
1020,6.399999999999993e-06,0.48,0.61
1021,6.71999999999999e-06,0.52,0.61
1022,7.039999999999987e-06,0.52,0.5700000000000001
1023,7.359999999999984e-06,0.56,0.5700000000000001
1024,7.67999999999998e-06,0.56,0.55
1025,7.999999999999978e-06,0.56,0.55
1026,8.319999999999975e-06,0.6,0.51
1027,8.639999999999971e-06,0.6,0.51
1028,8.959999999999968e-06,0.64,0.51
1029,9.279999999999965e-06,0.64,0.49
1030,9.599999999999962e-06,0.64,0.47000000000000003
1031,9.91999999999996e-06,0.64,0.47000000000000003
1032,1.0239999999999956e-05,0.68,0.45
1033,1.0560000000000007e-05,0.72,0.45
1034,1.0880000000000004e-05,0.72,0.45
1035,1.1200000000000001e-05,0.72,0.45
1036,1.1519999999999998e-05,0.72,0.43
1037,1.1839999999999995e-05,0.76,0.43
1038,1.2159999999999992e-05,0.76,0.43
1039,1.2479999999999989e-05,0.8,0.43
1040,1.2799999999999986e-05,0.76,0.41000000000000003
1041,1.3119999999999983e-05,0.8,0.41000000000000003
1042,1.343999999999998e-05,0.84,0.43
1043,1.3759999999999977e-05,0.84,0.41000000000000003
1044,1.4079999999999974e-05,0.84,0.41000000000000003
1045,1.439999999999997e-05,0.88,0.43
1046,1.4719999999999967e-05,0.88,0.43
1047,1.5039999999999964e-05,0.92,0.41000000000000003
1048,1.535999999999996e-05,0.92,0.41000000000000003
1049,1.5679999999999958e-05,0.96,0.41000000000000003
1050,1.5999999999999955e-05,0.96,0.43
1051,1.6320000000000006e-05,0.96,0.43
1052,1.6640000000000003e-05,1.0,0.43
1053,1.696e-05,1.0,0.43
1054,1.7279999999999997e-05,1.04,0.43
1055,1.7599999999999994e-05,1.04,0.43
1056,1.791999999999999e-05,1.04,0.43
1057,1.8239999999999988e-05,1.08,0.43
1058,1.8559999999999985e-05,1.08,0.43
1059,1.8879999999999982e-05,1.08,0.43
1060,1.919999999999998e-05,1.12,0.43
1061,1.9519999999999976e-05,1.12,0.45
1062,1.9839999999999973e-05,1.16,0.45
1063,2.015999999999997e-05,1.16,0.47000000000000003
1064,2.0479999999999967e-05,1.2,0.47000000000000003
1065,2.0799999999999963e-05,1.2,0.47000000000000003
1066,2.111999999999996e-05,1.2,0.47000000000000003
1067,2.1439999999999957e-05,1.24,0.47000000000000003
1068,2.1759999999999954e-05,1.24,0.49
1069,2.2080000000000005e-05,1.24,0.49
1070,2.2400000000000002e-05,1.24,0.51
1071,2.272e-05,1.28,0.49
1072,2.3039999999999996e-05,1.28,0.51
1073,2.3359999999999993e-05,1.32,0.51
1074,2.367999999999999e-05,1.36,0.53
1075,2.3999999999999987e-05,1.36,0.51
1076,2.4319999999999984e-05,1.36,0.53
1077,2.463999999999998e-05,1.36,0.53
1078,2.4959999999999978e-05,1.4000000000000001,0.53
1079,2.5279999999999975e-05,1.44,0.55
1080,2.5599999999999972e-05,1.44,0.55
1081,2.591999999999997e-05,1.44,0.55
1082,2.6239999999999966e-05,1.44,0.55
1083,2.6559999999999963e-05,1.48,0.5700000000000001
1084,2.687999999999996e-05,1.52,0.59
1085,2.7199999999999956e-05,1.48,0.5700000000000001
1086,2.7520000000000008e-05,1.52,0.5700000000000001
1087,2.7840000000000005e-05,1.52,0.59
1088,2.816e-05,1.56,0.59
1089,2.848e-05,1.56,0.61
1090,2.8799999999999995e-05,1.56,0.61
1091,2.9119999999999992e-05,1.6,0.63
1092,2.943999999999999e-05,1.6400000000000001,0.63
1093,2.9759999999999986e-05,1.6400000000000001,0.65
1094,3.0079999999999983e-05,1.6400000000000001,0.65
1095,3.039999999999998e-05,1.6400000000000001,0.65
1096,3.071999999999998e-05,1.68,0.65
1097,3.1039999999999974e-05,1.68,0.67
1098,3.135999999999997e-05,1.68,0.67
1099,3.167999999999997e-05,1.72,0.67
1100,3.1999999999999965e-05,1.72,0.67
1101,3.231999999999996e-05,1.8,0.6900000000000001
1102,3.263999999999996e-05,1.76,0.6900000000000001
1103,3.2959999999999955e-05,1.8,0.6900000000000001
1104,3.328000000000001e-05,1.8,0.71
1105,3.3600000000000004e-05,1.84,0.71
1106,3.392e-05,1.84,0.71
1107,3.424e-05,1.84,0.73
1108,3.4559999999999994e-05,1.8800000000000001,0.73
1109,3.487999999999999e-05,1.8800000000000001,0.75
1110,3.519999999999999e-05,1.8800000000000001,0.75
1111,3.5519999999999985e-05,1.92,0.77
1112,3.583999999999998e-05,1.92,0.77
1113,3.615999999999998e-05,1.96,0.77
1114,3.6479999999999976e-05,1.96,0.77
1115,3.679999999999997e-05,2.0,0.79
1116,3.711999999999997e-05,2.0,0.79
1117,3.743999999999997e-05,2.04,0.79
1118,3.7759999999999964e-05,2.04,0.81
1119,3.807999999999996e-05,2.04,0.81
1120,3.839999999999996e-05,2.04,0.81
1121,3.8719999999999955e-05,2.12,0.8300000000000001
1122,3.9040000000000006e-05,2.12,0.8300000000000001
1123,3.936e-05,2.12,0.85
1124,3.968e-05,2.12,0.85
1125,3.9999999999999996e-05,2.12,0.85
1126,4.0319999999999993e-05,2.16,0.85
1127,4.063999999999999e-05,2.2,0.87
1128,4.095999999999999e-05,2.2,0.87
1129,4.1279999999999984e-05,2.2,0.89
1130,4.159999999999998e-05,2.24,0.89
1131,4.191999999999998e-05,2.24,0.91
1132,4.2239999999999975e-05,2.24,0.91
1133,4.255999999999997e-05,2.2800000000000002,0.93
1134,4.287999999999997e-05,2.2800000000000002,0.93
1135,4.3199999999999966e-05,2.36,0.93
1136,4.351999999999996e-05,2.32,0.9500000000000001
1137,4.383999999999996e-05,2.32,0.9500000000000001
1138,4.415999999999996e-05,2.36,0.9500000000000001
1139,4.448000000000001e-05,2.36,0.9500000000000001
1140,4.4800000000000005e-05,2.36,0.97
1141,4.512e-05,2.4,0.97
1142,4.544e-05,2.4,0.99
1143,4.5759999999999996e-05,2.4,0.99
1144,4.607999999999999e-05,2.44,0.99
1145,4.639999999999999e-05,2.44,0.99
1146,4.6719999999999986e-05,2.48,1.01
1147,4.703999999999998e-05,2.52,1.01
1148,4.735999999999998e-05,2.48,1.03
1149,4.767999999999998e-05,2.52,1.03
1150,4.7999999999999974e-05,2.52,1.03
1151,4.831999999999997e-05,2.56,1.05
1152,4.863999999999997e-05,2.56,1.05
1153,4.8959999999999965e-05,2.6,1.07
1154,4.927999999999996e-05,2.6,1.07
1155,4.959999999999996e-05,2.6,1.09
1156,4.9919999999999956e-05,2.64,1.09
1157,5.024000000000001e-05,2.64,1.09
1158,5.0560000000000004e-05,2.68,1.09
1159,5.088e-05,2.72,1.11
1160,5.12e-05,2.68,1.11
1161,5.1519999999999995e-05,2.72,1.11
1162,5.183999999999999e-05,2.72,1.1300000000000001
1163,5.215999999999999e-05,2.7600000000000002,1.1300000000000001
1164,5.2479999999999985e-05,2.7600000000000002,1.1500000000000001
1165,5.279999999999998e-05,2.7600000000000002,1.1500000000000001
1166,5.311999999999998e-05,2.8000000000000003,1.1500000000000001
1167,5.3439999999999976e-05,2.84,1.1500000000000001
1168,5.375999999999997e-05,2.84,1.17
1169,5.407999999999997e-05,2.88,1.17
1170,5.439999999999997e-05,2.84,1.19
1171,5.4719999999999964e-05,2.88,1.19
1172,5.503999999999996e-05,2.88,1.21
1173,5.535999999999996e-05,2.92,1.21
1174,5.5679999999999955e-05,2.92,1.21
1175,5.6000000000000006e-05,2.92,1.23
1176,5.632e-05,2.96,1.23
1177,5.664e-05,2.96,1.25
1178,5.696e-05,3.0,1.25
1179,5.7279999999999994e-05,3.0,1.25
1180,5.759999999999999e-05,3.04,1.27
1181,5.791999999999999e-05,3.04,1.29
1182,5.8239999999999984e-05,3.08,1.27
1183,5.855999999999998e-05,3.08,1.31
1184,5.887999999999998e-05,3.08,1.31
1185,5.9199999999999975e-05,3.08,1.31
1186,5.951999999999997e-05,3.12,1.31
1187,5.983999999999997e-05,3.12,1.33
1188,6.0159999999999966e-05,3.12,1.33
1189,6.047999999999996e-05,3.16,1.33
1190,6.079999999999996e-05,3.16,1.33
1191,6.111999999999996e-05,3.2,1.35
1192,6.144000000000001e-05,3.24,1.37
1193,6.176e-05,3.2,1.37
1194,6.208e-05,3.24,1.37
1195,6.24e-05,3.2800000000000002,1.3900000000000001
1196,6.272e-05,3.2800000000000002,1.3900000000000001
1197,6.303999999999999e-05,3.3200000000000003,1.3900000000000001
1198,6.335999999999999e-05,3.3200000000000003,1.3900000000000001
1199,6.367999999999999e-05,3.3200000000000003,1.41
1200,6.399999999999998e-05,3.36,1.41
1201,6.431999999999998e-05,3.4,1.43
1202,6.463999999999998e-05,3.36,1.43
1203,6.495999999999997e-05,3.4,1.45
1204,6.527999999999997e-05,3.44,1.47
1205,6.559999999999997e-05,3.44,1.45
1206,6.591999999999997e-05,3.44,1.47
1207,6.623999999999996e-05,3.44,1.47
1208,6.655999999999996e-05,3.48,1.47
1209,6.687999999999996e-05,3.48,1.49
1210,6.720000000000001e-05,3.52,1.49
1211,6.752e-05,3.52,1.51
1212,6.784e-05,3.52,1.53
1213,6.816e-05,3.56,1.51
1214,6.848e-05,3.56,1.53
1215,6.879999999999999e-05,3.6,1.53
1216,6.911999999999999e-05,3.64,1.55
1217,6.943999999999999e-05,3.6,1.55
1218,6.975999999999998e-05,3.64,1.55
1219,7.007999999999998e-05,3.64,1.57
1220,7.039999999999998e-05,3.64,1.57
1221,7.071999999999997e-05,3.68,1.57
1222,7.103999999999997e-05,3.68,1.59
1223,7.135999999999997e-05,3.68,1.59
1224,7.167999999999996e-05,3.72,1.59
1225,7.199999999999996e-05,3.72,1.61
1226,7.231999999999996e-05,3.7600000000000002,1.61
1227,7.263999999999996e-05,3.8000000000000003,1.6300000000000001
1228,7.296e-05,3.8000000000000003,1.6300000000000001
1229,7.328e-05,3.8000000000000003,1.6500000000000001
1230,7.36e-05,3.8000000000000003,1.6500000000000001
1231,7.392e-05,3.84,1.67
1232,7.424e-05,3.84,1.67
1233,7.455999999999999e-05,3.88,1.6500000000000001
1234,7.487999999999999e-05,3.88,1.69
1235,7.519999999999998e-05,3.88,1.69
1236,7.551999999999998e-05,3.88,1.69
1237,7.583999999999998e-05,3.92,1.69
1238,7.615999999999998e-05,3.96,1.71
1239,7.647999999999997e-05,3.96,1.73
1240,7.679999999999997e-05,3.96,1.75
1241,7.711999999999997e-05,4.0,1.73
1242,7.743999999999996e-05,4.0,1.73
1243,7.775999999999996e-05,4.0,1.75
1244,7.807999999999996e-05,4.04,1.75
1245,7.840000000000001e-05,4.08,1.77
1246,7.872e-05,4.08,1.77
1247,7.904e-05,4.08,1.77
1248,7.936e-05,4.12,1.81
1249,7.968e-05,4.12,1.79
1250,7.999999999999999e-05,4.16,1.81
1251,8.031999999999999e-05,4.2,1.81
1252,8.063999999999999e-05,4.16,1.81
1253,8.095999999999998e-05,4.16,1.83
1254,8.127999999999998e-05,4.2,1.83
1255,8.159999999999998e-05,4.2,1.85
1256,8.191999999999997e-05,4.24,1.85
1257,8.223999999999997e-05,4.24,1.85
1258,8.255999999999997e-05,4.28,1.87
1259,8.287999999999997e-05,4.28,1.87
1260,8.319999999999996e-05,4.28,1.87
1261,8.351999999999996e-05,4.32,1.8900000000000001
1262,8.383999999999996e-05,4.32,1.8900000000000001
1263,8.416000000000001e-05,4.36,1.9100000000000001
1264,8.448e-05,4.36,1.9100000000000001
1265,8.48e-05,4.36,1.93
1266,8.512e-05,4.4,1.95
1267,8.544e-05,4.4,1.93
1268,8.575999999999999e-05,4.4,1.93
1269,8.607999999999999e-05,4.44,1.95
1270,8.639999999999999e-05,4.44,1.95
1271,8.671999999999998e-05,4.48,1.97
1272,8.703999999999998e-05,4.5200000000000005,1.97
1273,8.735999999999998e-05,4.5200000000000005,1.99
1274,8.767999999999997e-05,4.5200000000000005,1.99
1275,8.799999999999997e-05,4.5200000000000005,1.99
1276,8.831999999999997e-05,4.5600000000000005,2.0100000000000002
1277,8.863999999999996e-05,4.5600000000000005,2.0100000000000002
1278,8.895999999999996e-05,4.6000000000000005,2.0300000000000002
1279,8.927999999999996e-05,4.6000000000000005,2.0300000000000002
1280,8.959999999999996e-05,4.64,2.05
1281,8.992e-05,4.64,2.05
1282,9.024e-05,4.64,2.05
1283,9.056e-05,4.68,2.05
1284,9.088e-05,4.68,2.07
1285,9.12e-05,4.72,2.09
1286,9.151999999999999e-05,4.72,2.09
1287,9.183999999999999e-05,4.72,2.09
1288,9.215999999999998e-05,4.76,2.09
1289,9.247999999999998e-05,4.76,2.11
1290,9.279999999999998e-05,4.76,2.11
1291,9.311999999999998e-05,4.8,2.13
1292,9.343999999999997e-05,4.8,2.13
1293,9.375999999999997e-05,4.84,2.13
1294,9.407999999999997e-05,4.84,2.15
1295,9.439999999999996e-05,4.88,2.15
1296,9.471999999999996e-05,4.88,2.15
1297,9.503999999999996e-05,4.92,2.17
1298,9.536000000000001e-05,4.88,2.17
1299,9.568e-05,4.92,2.19
1300,9.6e-05,4.96,2.19
1301,9.632e-05,4.96,2.21
1302,9.664e-05,4.96,2.21
1303,9.696e-05,5.0,2.21
1304,9.727999999999999e-05,0.08,2.13
1305,9.759999999999999e-05,0.08,2.0300000000000002
1306,9.791999999999998e-05,0.12,1.93
1307,9.823999999999998e-05,0.12,1.85
1308,9.855999999999998e-05,0.12,1.75
1309,9.887999999999997e-05,0.16,1.6500000000000001
1310,9.919999999999997e-05,0.16,1.57
1311,9.951999999999997e-05,0.2,1.51
1312,9.983999999999997e-05,0.2,1.43
1313,0.00010015999999999996,0.24,1.37
1314,0.00010047999999999996,0.24,1.29
1315,0.00010079999999999996,0.28,1.23
1316,0.00010112000000000001,0.28,1.19
1317,0.00010144,0.32,1.1300000000000001
1318,0.00010176,0.32,1.07
1319,0.00010208,0.32,1.03
1320,0.0001024,0.32,0.99
1321,0.00010271999999999999,0.36,0.93
1322,0.00010303999999999999,0.36,0.91
1323,0.00010335999999999999,0.36,0.87
1324,0.00010367999999999998,0.4,0.8300000000000001
1325,0.00010399999999999998,0.4,0.79
1326,0.00010431999999999998,0.44,0.77
1327,0.00010463999999999997,0.44,0.75
1328,0.00010495999999999997,0.44,0.71
1329,0.00010527999999999997,0.44,0.6900000000000001
1330,0.00010559999999999996,0.44,0.67
1331,0.00010591999999999996,0.48,0.65
1332,0.00010623999999999996,0.52,0.61
1333,0.00010656000000000001,0.52,0.61
1334,0.00010688,0.56,0.59
1335,0.0001072,0.52,0.59
1336,0.00010752,0.6,0.55
1337,0.00010784,0.56,0.53
1338,0.00010816,0.6,0.53
1339,0.00010847999999999999,0.6,0.51
1340,0.00010879999999999999,0.64,0.51
1341,0.00010911999999999999,0.64,0.51
1342,0.00010943999999999998,0.64,0.49
1343,0.00010975999999999998,0.68,0.47000000000000003
1344,0.00011007999999999998,0.68,0.47000000000000003
1345,0.00011039999999999997,0.68,0.45
1346,0.00011071999999999997,0.68,0.45
1347,0.00011103999999999997,0.72,0.45
1348,0.00011135999999999996,0.76,0.45
1349,0.00011167999999999996,0.76,0.45
1350,0.00011199999999999996,0.8,0.43
1351,0.00011232000000000001,0.8,0.43
1352,0.00011264,0.8,0.43
1353,0.00011296,0.84,0.41000000000000003
1354,0.00011328,0.84,0.41000000000000003
1355,0.0001136,0.84,0.41000000000000003
1356,0.00011392,0.88,0.43
1357,0.00011423999999999999,0.88,0.41000000000000003
1358,0.00011455999999999999,0.88,0.43
1359,0.00011487999999999998,0.92,0.41000000000000003
1360,0.00011519999999999998,0.92,0.43
1361,0.00011551999999999998,0.92,0.41000000000000003
1362,0.00011583999999999998,0.96,0.43
1363,0.00011615999999999997,0.96,0.43
1364,0.00011647999999999997,1.0,0.43
1365,0.00011679999999999997,1.0,0.43
1366,0.00011711999999999996,1.0,0.43
1367,0.00011743999999999996,1.0,0.43
1368,0.00011775999999999996,1.04,0.43
1369,0.00011808000000000001,1.08,0.43
1370,0.0001184,1.08,0.43
1371,0.00011872,1.12,0.43
1372,0.00011904,1.12,0.45
1373,0.00011936,1.16,0.45
1374,0.00011967999999999999,1.16,0.45
1375,0.00011999999999999999,1.16,0.45
1376,0.00012031999999999999,1.16,0.45
1377,0.00012063999999999998,1.16,0.47000000000000003
1378,0.00012095999999999998,1.2,0.47000000000000003
1379,0.00012127999999999998,1.2,0.47000000000000003
1380,0.00012159999999999997,1.24,0.47000000000000003
1381,0.00012191999999999997,1.24,0.49
1382,0.00012223999999999997,1.28,0.49
1383,0.00012255999999999996,1.28,0.49
1384,0.00012287999999999996,1.28,0.51
1385,0.00012319999999999996,1.28,0.51
1386,0.00012352,1.32,0.51
1387,0.00012384,1.32,0.53
1388,0.00012416,1.36,0.53
1389,0.00012448,1.36,0.53
1390,0.0001248,1.4000000000000001,0.53
1391,0.00012512,1.44,0.55
1392,0.00012544,1.4000000000000001,0.55
1393,0.00012576,1.44,0.55
1394,0.00012607999999999999,1.44,0.55
1395,0.00012639999999999998,1.44,0.5700000000000001
1396,0.00012671999999999998,1.48,0.5700000000000001
1397,0.00012703999999999998,1.52,0.5700000000000001
1398,0.00012735999999999997,1.52,0.5700000000000001
1399,0.00012767999999999997,1.52,0.59
1400,0.00012799999999999997,1.56,0.59
1401,0.00012831999999999996,1.56,0.61
1402,0.00012863999999999996,1.6,0.61
1403,0.00012895999999999996,1.6400000000000001,0.61
1404,0.00012928,1.6400000000000001,0.63
1405,0.0001296,1.6400000000000001,0.63
1406,0.00012992,1.6400000000000001,0.65
1407,0.00013024,1.6400000000000001,0.63
1408,0.00013056,1.68,0.65
1409,0.00013088,1.68,0.67
1410,0.0001312,1.72,0.67
1411,0.00013152,1.72,0.67
1412,0.00013183999999999998,1.76,0.6900000000000001
1413,0.00013215999999999998,1.76,0.6900000000000001
1414,0.00013247999999999998,1.76,0.71
1415,0.00013279999999999998,1.8,0.71
1416,0.00013311999999999997,1.8,0.6900000000000001
1417,0.00013343999999999997,1.8,0.71
1418,0.00013375999999999997,1.84,0.73
1419,0.00013407999999999996,1.84,0.73
1420,0.00013439999999999996,1.84,0.73
1421,0.00013471999999999996,1.8800000000000001,0.73
1422,0.00013504,1.92,0.75
1423,0.00013536,1.92,0.77
1424,0.00013568,1.92,0.75
1425,0.000136,1.96,0.77
1426,0.00013632,1.96,0.77
1427,0.00013664,2.0,0.77
1428,0.00013696,2.0,0.79
1429,0.00013728,2.0,0.79
1430,0.00013759999999999998,2.04,0.79
1431,0.00013791999999999998,2.04,0.81
1432,0.00013823999999999998,2.04,0.81
1433,0.00013855999999999997,2.08,0.8300000000000001
1434,0.00013887999999999997,2.08,0.8300000000000001
1435,0.00013919999999999997,2.12,0.8300000000000001
1436,0.00013951999999999997,2.12,0.85
1437,0.00013983999999999996,2.12,0.85
1438,0.00014015999999999996,2.12,0.87
1439,0.00014048,2.16,0.85
1440,0.0001408,2.2,0.87
1441,0.00014112,2.2,0.89
1442,0.00014144,2.2,0.89
1443,0.00014176,2.2,0.89
1444,0.00014208,2.2800000000000002,0.91
1445,0.0001424,2.2800000000000002,0.91
1446,0.00014272,2.32,0.91
1447,0.00014303999999999999,2.2800000000000002,0.93
1448,0.00014335999999999998,2.32,0.93
1449,0.00014367999999999998,2.32,0.93
1450,0.00014399999999999998,2.32,0.9500000000000001
1451,0.00014431999999999997,2.36,0.9500000000000001
1452,0.00014463999999999997,2.36,0.97
1453,0.00014495999999999997,2.4,0.97
1454,0.00014527999999999996,2.4,0.99
1455,0.00014559999999999996,2.4,0.99
1456,0.00014591999999999996,2.44,0.99
1457,0.00014624,2.44,1.01
1458,0.00014656,2.44,1.01
1459,0.00014688,2.48,1.01
1460,0.0001472,2.48,1.03
1461,0.00014752,2.52,1.03
1462,0.00014784,2.56,1.03
1463,0.00014816,2.52,1.05
1464,0.00014848,2.56,1.05
1465,0.00014879999999999998,2.56,1.05
1466,0.00014911999999999998,2.56,1.07
1467,0.00014943999999999998,2.6,1.07
1468,0.00014975999999999998,2.64,1.07
1469,0.00015007999999999997,2.64,1.09
1470,0.00015039999999999997,2.64,1.09
1471,0.00015071999999999997,2.68,1.11
1472,0.00015103999999999996,2.68,1.11
1473,0.00015135999999999996,2.72,1.11
1474,0.00015167999999999996,2.72,1.11
1475,0.000152,2.7600000000000002,1.1300000000000001
1476,0.00015232,2.7600000000000002,1.1500000000000001
1477,0.00015264,2.7600000000000002,1.1500000000000001
1478,0.00015296,2.8000000000000003,1.17
1479,0.00015328,2.8000000000000003,1.1500000000000001
1480,0.0001536,2.8000000000000003,1.17
1481,0.00015392,2.84,1.19
1482,0.00015424,2.84,1.19
1483,0.00015455999999999998,2.88,1.19
1484,0.00015487999999999998,2.88,1.21
1485,0.00015519999999999998,2.92,1.21
1486,0.00015551999999999997,2.92,1.23
1487,0.00015583999999999997,2.92,1.21
1488,0.00015615999999999997,2.96,1.23
1489,0.00015647999999999997,2.96,1.23
1490,0.00015679999999999996,3.0,1.25
1491,0.00015711999999999996,3.0,1.25
1492,0.00015744,3.0,1.25
1493,0.00015776,3.04,1.27
1494,0.00015808,3.04,1.27
1495,0.0001584,3.04,1.27
1496,0.00015872,3.08,1.29
1497,0.00015904,3.08,1.31
1498,0.00015936,3.12,1.31
1499,0.00015968,3.16,1.31
1500,0.00015999999999999999,3.12,1.33
1501,0.00016031999999999998,3.16,1.33
1502,0.00016063999999999998,3.16,1.35
1503,0.00016095999999999998,3.2,1.35
1504,0.00016127999999999997,3.2,1.37
1505,0.00016159999999999997,3.2,1.37
1506,0.00016191999999999997,3.24,1.37
1507,0.00016223999999999996,3.24,1.37
1508,0.00016255999999999996,3.2800000000000002,1.3900000000000001
1509,0.00016287999999999996,3.2800000000000002,1.41
1510,0.0001632,3.3200000000000003,1.3900000000000001
1511,0.00016352,3.3200000000000003,1.41
1512,0.00016384,3.3200000000000003,1.41
1513,0.00016416,3.36,1.41
1514,0.00016448,3.36,1.43
1515,0.0001648,3.36,1.45
1516,0.00016512,3.4,1.45
1517,0.00016544,3.4,1.45
1518,0.00016575999999999999,3.44,1.45
1519,0.00016607999999999998,3.44,1.47
1520,0.00016639999999999998,3.44,1.47
1521,0.00016671999999999998,3.48,1.49
1522,0.00016703999999999997,3.48,1.49
1523,0.00016735999999999997,3.52,1.49
1524,0.00016767999999999997,3.52,1.49
1525,0.00016799999999999996,3.52,1.51
1526,0.00016831999999999996,3.56,1.51
1527,0.00016864,3.6,1.53
1528,0.00016895999999999995,3.56,1.53
1529,0.00016928,3.6,1.55
1530,0.00016959999999999995,3.6,1.55
1531,0.00016992,3.6,1.57
1532,0.00017023999999999994,3.64,1.57
1533,0.00017056,3.68,1.59
1534,0.00017087999999999994,3.68,1.59
1535,0.0001712,3.68,1.59
1536,0.00017152000000000004,3.72,1.59
1537,0.00017183999999999998,3.72,1.61
1538,0.00017216000000000003,3.72,1.61
1539,0.00017247999999999997,3.7600000000000002,1.6300000000000001
1540,0.00017280000000000003,3.7600000000000002,1.6300000000000001
1541,0.00017311999999999997,3.8000000000000003,1.6300000000000001
1542,0.00017344000000000002,3.84,1.6500000000000001
1543,0.00017375999999999996,3.8000000000000003,1.6500000000000001
1544,0.00017408000000000001,3.84,1.67
1545,0.00017439999999999996,3.88,1.6500000000000001
1546,0.00017472,3.88,1.67
1547,0.00017503999999999995,3.88,1.69
1548,0.00017536,3.92,1.69
1549,0.00017567999999999994,3.92,1.71
1550,0.000176,3.92,1.69
1551,0.00017631999999999994,3.92,1.73
1552,0.00017664,3.96,1.73
1553,0.00017695999999999993,4.0,1.71
1554,0.00017727999999999998,4.0,1.73
1555,0.00017760000000000003,4.0,1.75
1556,0.00017791999999999998,4.04,1.75
1557,0.00017824000000000003,4.04,1.77
1558,0.00017855999999999997,4.04,1.77
1559,0.00017888000000000002,4.08,1.77
1560,0.00017919999999999996,4.08,1.79
1561,0.00017952000000000002,4.12,1.79
1562,0.00017983999999999996,4.12,1.79
1563,0.00018016,4.12,1.81
1564,0.00018047999999999995,4.16,1.81
1565,0.0001808,4.16,1.83
1566,0.00018111999999999995,4.2,1.83
1567,0.00018144,4.2,1.83
1568,0.00018175999999999994,4.24,1.85
1569,0.00018208,4.24,1.85
1570,0.00018239999999999993,4.24,1.85
1571,0.00018271999999999999,4.24,1.87
1572,0.00018304000000000004,4.28,1.8900000000000001
1573,0.00018335999999999998,4.28,1.8900000000000001
1574,0.00018368000000000003,4.32,1.8900000000000001
1575,0.00018399999999999997,4.36,1.8900000000000001
1576,0.00018432000000000002,4.32,1.9100000000000001
1577,0.00018463999999999997,4.36,1.9100000000000001
1578,0.00018496000000000002,4.4,1.93
1579,0.00018527999999999996,4.4,1.93
1580,0.0001856,4.4,1.95
1581,0.00018591999999999995,4.44,1.95
1582,0.00018624,4.44,1.95
1583,0.00018655999999999995,4.44,1.97
1584,0.00018688,4.48,1.97
1585,0.00018719999999999994,4.48,1.97
1586,0.00018752,4.5200000000000005,1.99
1587,0.00018783999999999994,4.5200000000000005,1.99
1588,0.00018816,4.5600000000000005,1.99
1589,0.00018848000000000004,4.5600000000000005,2.0100000000000002
1590,0.00018879999999999998,4.6000000000000005,2.0100000000000002
1591,0.00018912000000000003,4.6000000000000005,2.0300000000000002
1592,0.00018943999999999998,4.6000000000000005,2.0300000000000002
1593,0.00018976000000000003,4.64,2.0300000000000002
1594,0.00019007999999999997,4.64,2.05
1595,0.00019040000000000002,4.64,2.07
1596,0.00019071999999999996,4.68,2.07
1597,0.00019104000000000001,4.68,2.07
1598,0.00019135999999999996,4.68,2.09
1599,0.00019168,4.76,2.09
1600,0.00019199999999999995,4.72,2.09
1601,0.00019232,4.76,2.09
1602,0.00019263999999999994,4.76,2.11
1603,0.00019296,4.8,2.11
1604,0.00019327999999999994,4.8,2.13
1605,0.0001936,4.84,2.13
1606,0.00019391999999999993,4.84,2.15
1607,0.00019423999999999998,4.84,2.15
1608,0.00019456000000000003,4.84,2.15
1609,0.00019487999999999998,4.88,2.17
1610,0.00019520000000000003,4.88,2.17
1611,0.00019551999999999997,4.92,2.17
1612,0.00019584000000000002,4.92,2.19
1613,0.00019615999999999997,4.96,2.19
1614,0.00019648000000000002,4.96,2.19
1615,0.00019679999999999996,4.96,2.21
1616,0.00019712,0.16,2.21
1617,0.00019743999999999995,0.08,2.09
1618,0.00019776,0.08,1.99
1619,0.00019807999999999995,0.12,1.87
1620,0.0001984,0.12,1.79
1621,0.00019871999999999994,0.16,1.71
1622,0.00019904,0.16,1.61
1623,0.00019935999999999993,0.2,1.55
1624,0.00019967999999999999,0.2,1.45
1625,0.00020000000000000004,0.24,1.3900000000000001
1626,0.00020031999999999998,0.24,1.33
1627,0.00020064000000000003,0.24,1.27
1628,0.00020095999999999997,0.24,1.21
1629,0.00020128000000000002,0.28,1.1500000000000001
1630,0.00020159999999999997,0.28,1.09
1631,0.00020192000000000002,0.32,1.05
1632,0.00020223999999999996,0.32,1.01
1633,0.00020256,0.32,0.97
1634,0.00020287999999999995,0.36,0.93
1635,0.0002032,0.36,0.89
1636,0.00020351999999999995,0.36,0.87
1637,0.00020384,0.4,0.81
1638,0.00020415999999999994,0.4,0.79
1639,0.00020448,0.4,0.77
1640,0.00020479999999999994,0.44,0.73
1641,0.00020512,0.48,0.71
1642,0.00020544000000000004,0.44,0.67
1643,0.00020575999999999998,0.48,0.67
1644,0.00020608000000000003,0.52,0.63
1645,0.00020639999999999998,0.52,0.61
1646,0.00020672000000000003,0.52,0.59
1647,0.00020703999999999997,0.52,0.5700000000000001
1648,0.00020736000000000002,0.56,0.5700000000000001
1649,0.00020767999999999996,0.56,0.55
1650,0.00020800000000000001,0.6,0.53
1651,0.00020831999999999996,0.6,0.53
1652,0.00020864,0.6,0.51
1653,0.00020895999999999995,0.64,0.49
1654,0.00020928,0.64,0.47000000000000003
1655,0.00020959999999999994,0.64,0.47000000000000003
1656,0.00020992,0.68,0.47000000000000003
1657,0.00021023999999999994,0.68,0.47000000000000003
1658,0.00021056,0.68,0.45
1659,0.00021087999999999993,0.72,0.45
1660,0.00021119999999999998,0.76,0.45
1661,0.00021152000000000003,0.72,0.45
1662,0.00021183999999999998,0.72,0.43
1663,0.00021216000000000003,0.76,0.43
1664,0.00021247999999999997,0.8,0.43
1665,0.00021280000000000002,0.8,0.41000000000000003
1666,0.00021311999999999997,0.84,0.43
1667,0.00021344000000000002,0.8,0.41000000000000003
1668,0.00021375999999999996,0.84,0.41000000000000003
1669,0.00021408,0.88,0.41000000000000003
1670,0.00021439999999999995,0.88,0.41000000000000003
1671,0.00021472,0.88,0.41000000000000003
1672,0.00021503999999999995,0.92,0.41000000000000003
1673,0.00021536,0.92,0.41000000000000003
1674,0.00021567999999999994,0.96,0.43
1675,0.000216,0.96,0.43
1676,0.00021631999999999993,0.96,0.43
1677,0.00021663999999999999,1.0,0.43
1678,0.00021696000000000004,1.0,0.41000000000000003
1679,0.00021727999999999998,1.0,0.43
1680,0.00021760000000000003,1.0,0.45
1681,0.00021791999999999997,1.08,0.43
1682,0.00021824000000000002,1.04,0.45
1683,0.00021855999999999997,1.08,0.43
1684,0.00021888000000000002,1.08,0.45
1685,0.00021919999999999996,1.08,0.45
1686,0.00021952,1.12,0.45
1687,0.00021983999999999996,1.16,0.45
1688,0.00022016,1.16,0.47000000000000003
1689,0.00022047999999999995,1.2,0.47000000000000003
1690,0.0002208,1.2,0.47000000000000003
1691,0.00022111999999999994,1.2,0.47000000000000003
1692,0.00022144,1.24,0.47000000000000003
1693,0.00022175999999999994,1.24,0.47000000000000003
1694,0.00022208,1.24,0.49
1695,0.00022240000000000004,1.28,0.49
1696,0.00022271999999999998,1.28,0.51
1697,0.00022304000000000003,1.32,0.51
1698,0.00022335999999999998,1.32,0.53
1699,0.00022368000000000003,1.32,0.51
1700,0.00022399999999999997,1.32,0.53
1701,0.00022432000000000002,1.4000000000000001,0.53
1702,0.00022463999999999996,1.36,0.55
1703,0.00022496000000000001,1.4000000000000001,0.53
1704,0.00022527999999999996,1.4000000000000001,0.55
1705,0.0002256,1.44,0.55
1706,0.00022591999999999995,1.44,0.55
1707,0.00022624,1.44,0.5700000000000001
1708,0.00022655999999999995,1.48,0.5700000000000001
1709,0.00022688,1.48,0.59
1710,0.00022719999999999994,1.48,0.5700000000000001
1711,0.00022752,1.52,0.59
1712,0.00022783999999999993,1.52,0.59
1713,0.00022815999999999998,1.56,0.59
1714,0.00022848000000000004,1.6,0.61
1715,0.00022879999999999998,1.56,0.61
1716,0.00022912000000000003,1.6,0.61
1717,0.00022943999999999997,1.6,0.63
1718,0.00022976000000000002,1.6400000000000001,0.63
1719,0.00023007999999999997,1.6400000000000001,0.63
1720,0.00023040000000000002,1.68,0.65
1721,0.00023071999999999996,1.68,0.65
1722,0.00023104,1.68,0.67
1723,0.00023135999999999995,1.72,0.67
1724,0.00023168,1.72,0.67
1725,0.00023199999999999995,1.76,0.67
1726,0.00023232,1.8,0.6900000000000001
1727,0.00023263999999999994,1.76,0.6900000000000001
1728,0.00023296,1.8,0.6900000000000001
1729,0.00023327999999999993,1.8,0.71
1730,0.00023359999999999999,1.84,0.71
1731,0.00023392000000000004,1.84,0.71
1732,0.00023423999999999998,1.84,0.73
1733,0.00023456000000000003,1.84,0.73
1734,0.00023487999999999997,1.92,0.75
1735,0.00023520000000000002,1.92,0.75
1736,0.00023551999999999997,1.96,0.75
1737,0.00023584000000000002,1.92,0.75
1738,0.00023615999999999996,1.96,0.77
1739,0.00023648,2.0,0.77
1740,0.00023679999999999996,2.0,0.79
1741,0.00023712,2.04,0.79
1742,0.00023743999999999995,2.04,0.79
1743,0.00023776,2.04,0.81
1744,0.00023807999999999994,2.04,0.81
1745,0.0002384,2.08,0.81
1746,0.00023871999999999994,2.08,0.8300000000000001
1747,0.00023904,2.12,0.8300000000000001
1748,0.00023936000000000004,2.12,0.8300000000000001
1749,0.00023967999999999998,2.12,0.85
1750,0.00024000000000000003,2.12,0.85
1751,0.00024031999999999998,2.16,0.87
1752,0.00024064000000000003,2.2,0.87
1753,0.00024095999999999997,2.2,0.87
1754,0.00024128000000000002,2.24,0.87
1755,0.00024159999999999996,2.24,0.89
1756,0.00024192000000000001,2.24,0.89
1757,0.00024223999999999996,2.2800000000000002,0.91
1758,0.00024256,2.2800000000000002,0.91
1759,0.00024287999999999995,2.2800000000000002,0.93
1760,0.0002432,2.32,0.93
1761,0.00024351999999999995,2.32,0.93
1762,0.00024384,2.36,0.93
1763,0.00024415999999999994,2.36,0.9500000000000001
1764,0.00024448,2.4,0.9500000000000001
1765,0.00024479999999999993,2.4,0.97
1766,0.00024512,2.4,0.97
1767,0.00024544000000000004,2.4,0.97
1768,0.00024576,2.44,0.99
1769,0.00024608000000000003,2.44,0.99
1770,0.00024639999999999997,2.44,0.99
1771,0.00024672,2.48,1.01
1772,0.00024703999999999997,2.48,1.01
1773,0.00024736,2.52,1.03
1774,0.00024767999999999996,2.52,1.05
1775,0.000248,2.52,1.05
1776,0.00024831999999999995,2.56,1.05
1777,0.00024864,2.56,1.05
1778,0.00024895999999999995,2.56,1.05
1779,0.00024928,2.6,1.09
1780,0.00024959999999999994,2.6,1.09
1781,0.00024992,2.64,1.07
1782,0.00025023999999999994,2.64,1.09
1783,0.00025056,2.64,1.09
1784,0.00025088000000000004,2.68,1.11
1785,0.0002512,2.68,1.11
1786,0.00025152000000000003,2.72,1.1300000000000001
1787,0.00025184,2.72,1.1300000000000001
1788,0.00025216,2.7600000000000002,1.1300000000000001
1789,0.00025247999999999997,2.8000000000000003,1.1500000000000001
1790,0.0002528,2.8000000000000003,1.1500000000000001
1791,0.00025311999999999996,2.8000000000000003,1.1500000000000001
1792,0.00025344,2.8000000000000003,1.17
1793,0.00025375999999999996,2.8000000000000003,1.19
1794,0.00025408,2.84,1.19
1795,0.00025439999999999995,2.88,1.21
1796,0.00025472,2.88,1.19
1797,0.00025503999999999994,2.92,1.19
1798,0.00025536,2.92,1.21
1799,0.00025567999999999994,2.92,1.23
1800,0.000256,2.92,1.23
1801,0.00025632000000000004,2.96,1.25
1802,0.00025664,2.96,1.25
1803,0.00025696000000000003,3.0,1.25
1804,0.00025728,3.0,1.25
1805,0.00025760000000000003,3.0,1.27
1806,0.00025791999999999997,3.04,1.27
1807,0.00025824,3.04,1.27
1808,0.00025855999999999996,3.04,1.29
1809,0.00025888,3.08,1.31
1810,0.00025919999999999996,3.08,1.31
1811,0.00025952,3.12,1.31
1812,0.00025983999999999995,3.12,1.31
1813,0.00026016,3.12,1.33
1814,0.00026047999999999995,3.16,1.33
1815,0.0002608,3.2,1.33
1816,0.00026111999999999994,3.2,1.35
1817,0.00026144,3.2,1.37
1818,0.00026175999999999993,3.24,1.37
1819,0.00026208,3.24,1.37
1820,0.00026240000000000004,3.24,1.37
1821,0.00026272,3.24,1.3900000000000001
1822,0.00026304000000000003,3.2800000000000002,1.3900000000000001
1823,0.00026335999999999997,3.3200000000000003,1.41
1824,0.00026368,3.36,1.41
1825,0.00026399999999999997,3.36,1.41
1826,0.00026432,3.36,1.43
1827,0.00026463999999999996,3.36,1.43
1828,0.00026496,3.4,1.43
1829,0.00026527999999999995,3.4,1.45
1830,0.0002656,3.44,1.47
1831,0.00026591999999999995,3.44,1.47
1832,0.00026624,3.44,1.47
1833,0.00026655999999999994,3.48,1.49
1834,0.00026688,3.52,1.49
1835,0.00026719999999999994,3.52,1.49
1836,0.00026752,3.52,1.51
1837,0.00026784000000000004,3.52,1.51
1838,0.00026816,3.56,1.51
1839,0.00026848000000000003,3.56,1.53
1840,0.0002688,3.56,1.53
1841,0.00026912,3.6,1.53
1842,0.00026943999999999997,3.6,1.55
1843,0.00026976,3.6,1.55
1844,0.00027007999999999996,3.64,1.55
1845,0.0002704,3.68,1.57
1846,0.00027071999999999996,3.72,1.59
1847,0.00027104,3.68,1.61
1848,0.00027135999999999995,3.72,1.59
1849,0.00027168,3.7600000000000002,1.59
1850,0.00027199999999999994,3.72,1.6300000000000001
1851,0.00027232,3.7600000000000002,1.61
1852,0.00027263999999999994,3.7600000000000002,1.6300000000000001
1853,0.00027296,3.8000000000000003,1.6300000000000001
1854,0.00027328000000000004,3.8000000000000003,1.6500000000000001
1855,0.0002736,3.8000000000000003,1.6500000000000001
1856,0.00027392000000000003,3.84,1.6500000000000001
1857,0.00027424,3.84,1.6500000000000001
1858,0.00027456000000000003,3.88,1.67
1859,0.00027487999999999997,3.88,1.69
1860,0.0002752,3.92,1.69
1861,0.00027551999999999996,3.92,1.69
1862,0.00027584,3.92,1.69
1863,0.00027615999999999996,3.96,1.71
1864,0.00027648,3.96,1.71
1865,0.00027679999999999995,3.96,1.73
1866,0.00027712,3.96,1.73
1867,0.00027743999999999995,4.0,1.75
1868,0.00027776,4.0,1.75
1869,0.00027807999999999994,4.04,1.77
1870,0.0002784,4.08,1.77
1871,0.00027871999999999993,4.08,1.77
1872,0.00027904,4.08,1.79
1873,0.00027936000000000004,4.12,1.79
1874,0.00027968,4.08,1.79
1875,0.00028000000000000003,4.12,1.81
1876,0.00028031999999999997,4.16,1.83
1877,0.00028064,4.12,1.83
1878,0.00028095999999999997,4.16,1.83
1879,0.00028128,4.2,1.83
1880,0.00028159999999999996,4.2,1.85
1881,0.00028192,4.24,1.85
1882,0.00028223999999999995,4.24,1.87
1883,0.00028256,4.24,1.87
1884,0.00028287999999999995,4.28,1.87
1885,0.0002832,4.28,1.8900000000000001
1886,0.00028351999999999994,4.28,1.8900000000000001
1887,0.00028384,4.32,1.8900000000000001
1888,0.00028415999999999994,4.36,1.9100000000000001
1889,0.00028448,4.36,1.9100000000000001
1890,0.00028480000000000004,4.36,1.93
1891,0.00028512,4.4,1.93
1892,0.00028544000000000003,4.4,1.93
1893,0.00028576,4.44,1.95
1894,0.00028608,4.44,1.95
1895,0.00028639999999999997,4.44,1.95
1896,0.00028672,4.48,1.97
1897,0.00028703999999999996,4.48,1.99
1898,0.00028736,4.5200000000000005,1.99
1899,0.00028767999999999996,4.5200000000000005,1.99
1900,0.000288,4.5200000000000005,2.0100000000000002
1901,0.00028831999999999995,4.5200000000000005,2.0100000000000002
1902,0.00028864,4.6000000000000005,2.0100000000000002
1903,0.00028895999999999994,4.6000000000000005,2.0100000000000002
1904,0.00028928,4.6000000000000005,2.0300000000000002
1905,0.00028959999999999994,4.64,2.0300000000000002
1906,0.00028992,4.64,2.0300000000000002
1907,0.00029024000000000004,4.68,2.05
1908,0.00029056,4.68,2.05
1909,0.00029088000000000003,4.68,2.07
1910,0.0002912,4.72,2.07
1911,0.00029152000000000003,4.72,2.09
1912,0.00029183999999999997,4.72,2.09
1913,0.00029216,4.76,2.11
1914,0.00029247999999999996,4.76,2.11
1915,0.0002928,4.8,2.13
1916,0.00029311999999999996,4.8,2.11
1917,0.00029344,4.84,2.13
1918,0.00029375999999999995,4.84,2.15
1919,0.00029408,4.84,2.15
1920,0.00029439999999999995,4.84,2.15
1921,0.00029472,4.88,2.15
1922,0.00029503999999999994,4.92,2.17
1923,0.00029536,4.92,2.17
1924,0.00029567999999999993,4.92,2.17
1925,0.000296,4.96,2.19
1926,0.00029632000000000004,4.96,2.19
1927,0.00029664,5.0,2.19
1928,0.00029696000000000003,5.0,2.21
1929,0.00029727999999999997,0.08,2.13
1930,0.0002976,0.08,2.0300000000000002
1931,0.00029791999999999997,0.12,1.93
1932,0.00029824,0.12,1.85
1933,0.00029855999999999996,0.16,1.75
1934,0.00029888,0.16,1.67
1935,0.00029919999999999995,0.2,1.57
1936,0.00029952,0.2,1.51
1937,0.00029983999999999995,0.2,1.43
1938,0.00030016,0.24,1.35
1939,0.00030047999999999994,0.24,1.31
1940,0.0003008,0.28,1.23
1941,0.00030111999999999994,0.28,1.19
1942,0.00030144,0.28,1.1300000000000001
1943,0.00030176000000000004,0.32,1.07
1944,0.00030208,0.28,1.03
1945,0.00030240000000000003,0.32,0.99
1946,0.00030272,0.36,0.9500000000000001
1947,0.00030304,0.36,0.91
1948,0.00030335999999999997,0.36,0.87
1949,0.00030368,0.4,0.8300000000000001
1950,0.00030399999999999996,0.4,0.81
1951,0.00030432,0.4,0.77
1952,0.00030463999999999996,0.44,0.75
1953,0.00030496,0.44,0.73
1954,0.00030527999999999995,0.48,0.71
1955,0.0003056,0.48,0.67
1956,0.00030591999999999994,0.48,0.65
1957,0.00030624,0.48,0.61
1958,0.00030655999999999994,0.52,0.61
1959,0.00030688,0.52,0.59
1960,0.00030720000000000004,0.56,0.59
1961,0.00030752,0.56,0.55
1962,0.00030784000000000003,0.56,0.55
1963,0.00030816,0.6,0.51
1964,0.00030848000000000003,0.6,0.51
1965,0.00030879999999999997,0.64,0.49
1966,0.00030912,0.64,0.49
1967,0.00030943999999999996,0.68,0.49
1968,0.00030976,0.68,0.47000000000000003
1969,0.00031007999999999996,0.72,0.47000000000000003
1970,0.0003104,0.68,0.47000000000000003
1971,0.00031071999999999995,0.72,0.45
1972,0.00031104,0.72,0.45
1973,0.00031135999999999995,0.72,0.45
1974,0.00031168,0.76,0.43
1975,0.00031199999999999994,0.76,0.45
1976,0.00031232,0.8,0.43
1977,0.00031263999999999993,0.8,0.43
1978,0.00031296,0.8,0.41000000000000003
1979,0.00031328000000000004,0.84,0.41000000000000003
1980,0.0003136,0.84,0.43
1981,0.00031392000000000003,0.88,0.41000000000000003
1982,0.00031424,0.88,0.41000000000000003
1983,0.00031456,0.92,0.41000000000000003
1984,0.00031487999999999997,0.92,0.41000000000000003
1985,0.0003152,0.92,0.41000000000000003
1986,0.00031551999999999996,0.92,0.41000000000000003
1987,0.00031584,0.96,0.43
1988,0.00031615999999999995,1.0,0.43
1989,0.00031648,1.0,0.43
1990,0.00031679999999999995,1.0,0.41000000000000003
1991,0.00031712,1.04,0.43
1992,0.00031743999999999994,1.04,0.43
1993,0.00031776,1.08,0.43
1994,0.00031807999999999994,1.08,0.43
1995,0.0003184,1.08,0.45
1996,0.00031872000000000004,1.12,0.45
1997,0.00031904,1.12,0.45
1998,0.00031936000000000003,1.12,0.45
1999,0.00031968,1.12,0.45
