,time,v1,v2
0,-8e-05,2.16,0.87
1,-7.992000000000001e-05,2.16,0.87
2,-7.984000000000001e-05,2.2,0.89
3,-7.976000000000001e-05,2.2,0.89
4,-7.968000000000001e-05,2.24,0.89
5,-7.960000000000001e-05,2.24,0.91
6,-7.952000000000001e-05,2.2800000000000002,0.89
7,-7.944000000000001e-05,2.2800000000000002,0.89
8,-7.936000000000001e-05,2.32,0.89
9,-7.928e-05,2.32,0.89
10,-7.92e-05,2.36,0.91
11,-7.912e-05,2.36,0.89
12,-7.904e-05,2.36,0.91
13,-7.896e-05,2.4,0.91
14,-7.888e-05,2.44,0.91
15,-7.88e-05,2.4,0.91
16,-7.872e-05,2.48,0.91
17,-7.864e-05,2.44,0.91
18,-7.856000000000001e-05,2.48,0.93
19,-7.848000000000001e-05,2.52,0.93
20,-7.840000000000001e-05,2.52,0.93
21,-7.832000000000001e-05,2.52,0.93
22,-7.824000000000001e-05,2.56,0.93
23,-7.816000000000001e-05,2.6,0.93
24,-7.808000000000001e-05,2.56,0.9500000000000001
25,-7.800000000000001e-05,2.6,0.93
26,-7.792000000000001e-05,2.64,0.9500000000000001
27,-7.784e-05,2.64,0.9500000000000001
28,-7.776e-05,2.64,0.97
29,-7.768e-05,2.68,0.97
30,-7.76e-05,2.72,0.99
31,-7.752e-05,2.72,0.97
32,-7.744e-05,2.72,0.99
33,-7.736e-05,2.7600000000000002,0.97
34,-7.728e-05,2.7600000000000002,0.99
35,-7.72e-05,2.7600000000000002,0.99
36,-7.712000000000001e-05,2.8000000000000003,1.01
37,-7.704000000000001e-05,2.84,1.01
38,-7.696000000000001e-05,2.88,1.01
39,-7.688000000000001e-05,2.84,1.01
40,-7.680000000000001e-05,2.88,1.01
41,-7.672000000000001e-05,2.88,1.01
42,-7.664000000000001e-05,2.88,1.03
43,-7.656000000000001e-05,2.92,1.03
44,-7.648e-05,2.92,1.03
45,-7.64e-05,2.96,1.05
46,-7.632e-05,2.96,1.05
47,-7.624e-05,3.0,1.03
48,-7.616e-05,3.0,1.03
49,-7.608e-05,3.04,1.05
50,-7.6e-05,3.04,1.05
51,-7.592e-05,3.04,1.05
52,-7.584e-05,3.08,1.07
53,-7.576e-05,3.12,1.07
54,-7.568000000000001e-05,3.12,1.07
55,-7.560000000000001e-05,3.12,1.07
56,-7.552000000000001e-05,3.16,1.07
57,-7.544000000000001e-05,3.16,1.09
58,-7.536000000000001e-05,3.2,1.09
59,-7.528000000000001e-05,3.2,1.11
60,-7.520000000000001e-05,3.24,1.09
61,-7.512000000000001e-05,3.24,1.11
62,-7.504000000000001e-05,3.2800000000000002,1.1300000000000001
63,-7.496e-05,3.2800000000000002,1.11
64,-7.488e-05,3.3200000000000003,1.1300000000000001
65,-7.48e-05,3.3200000000000003,1.1300000000000001
66,-7.472e-05,3.3200000000000003,1.1300000000000001
67,-7.464e-05,3.36,1.1500000000000001
68,-7.456e-05,3.36,1.1500000000000001
69,-7.448e-05,3.36,1.1500000000000001
70,-7.44e-05,3.4,1.17
71,-7.432e-05,3.44,1.17
72,-7.424000000000001e-05,3.48,1.19
73,-7.416000000000001e-05,3.44,1.19
74,-7.408000000000001e-05,3.52,1.19
75,-7.400000000000001e-05,3.52,1.19
76,-7.392000000000001e-05,3.52,1.21
77,-7.384000000000001e-05,3.56,1.21
78,-7.376000000000001e-05,3.56,1.21
79,-7.368000000000001e-05,3.56,1.21
80,-7.36e-05,3.56,1.23
81,-7.352e-05,3.6,1.23
82,-7.344e-05,3.64,1.23
83,-7.336e-05,3.64,1.25
84,-7.328e-05,3.68,1.25
85,-7.32e-05,3.64,1.27
86,-7.312e-05,3.68,1.25
87,-7.304e-05,3.72,1.27
88,-7.296e-05,3.7600000000000002,1.27
89,-7.288000000000001e-05,3.7600000000000002,1.27
90,-7.280000000000001e-05,3.7600000000000002,1.29
91,-7.272000000000001e-05,3.8000000000000003,1.29
92,-7.264000000000001e-05,3.8000000000000003,1.31
93,-7.256000000000001e-05,3.84,1.31
94,-7.248000000000001e-05,3.84,1.33
95,-7.240000000000001e-05,3.88,1.31
96,-7.232000000000001e-05,3.88,1.33
97,-7.224e-05,3.88,1.33
98,-7.216000000000001e-05,3.92,1.33
99,-7.208e-05,3.92,1.33
100,-7.2e-05,3.92,1.35
101,-7.192e-05,3.96,1.37
102,-7.184e-05,3.96,1.37
103,-7.176e-05,4.0,1.37
104,-7.168e-05,4.0,1.37
105,-7.16e-05,4.04,1.3900000000000001
106,-7.152e-05,4.04,1.3900000000000001
107,-7.144000000000001e-05,4.08,1.3900000000000001
108,-7.136000000000001e-05,4.12,1.41
109,-7.128000000000001e-05,4.12,1.41
110,-7.120000000000001e-05,4.12,1.43
111,-7.112000000000001e-05,4.12,1.43
112,-7.104000000000001e-05,4.16,1.43
113,-7.096000000000001e-05,4.16,1.43
114,-7.088e-05,4.2,1.45
115,-7.080000000000001e-05,4.2,1.47
116,-7.072e-05,4.24,1.47
117,-7.064e-05,4.24,1.47
118,-7.056e-05,4.28,1.47
119,-7.048e-05,4.28,1.49
120,-7.04e-05,4.28,1.49
121,-7.032e-05,4.32,1.49
122,-7.024e-05,4.32,1.51
123,-7.016e-05,4.36,1.51
124,-7.008e-05,4.36,1.51
125,-7.000000000000001e-05,4.4,1.53
126,-6.992000000000001e-05,4.44,1.55
127,-6.984000000000001e-05,4.4,1.53
128,-6.976000000000001e-05,4.44,1.57
129,-6.968000000000001e-05,4.44,1.55
130,-6.960000000000001e-05,4.48,1.55
131,-6.952000000000001e-05,4.5200000000000005,1.57
132,-6.944000000000001e-05,4.5200000000000005,1.57
133,-6.936e-05,4.5200000000000005,1.59
134,-6.928e-05,4.5200000000000005,1.59
135,-6.92e-05,4.5600000000000005,1.59
136,-6.912e-05,4.5600000000000005,1.59
137,-6.904e-05,4.6000000000000005,1.61
138,-6.896e-05,4.6000000000000005,1.61
139,-6.888e-05,4.64,1.6300000000000001
140,-6.88e-05,4.64,1.6300000000000001
141,-6.872e-05,4.68,1.6300000000000001
142,-6.864000000000001e-05,4.72,1.6500000000000001
143,-6.856000000000001e-05,4.72,1.67
144,-6.848000000000001e-05,4.72,1.67
145,-6.840000000000001e-05,4.76,1.67
146,-6.832000000000001e-05,4.76,1.69
147,-6.824000000000001e-05,4.76,1.67
148,-6.816000000000001e-05,4.8,1.69
149,-6.808000000000001e-05,4.8,1.69
150,-6.8e-05,4.84,1.71
151,-6.792000000000001e-05,4.84,1.71
152,-6.784e-05,4.84,1.73
153,-6.776e-05,4.88,1.73
154,-6.768e-05,4.92,1.75
155,-6.76e-05,4.92,1.75
156,-6.752e-05,4.96,1.75
157,-6.744e-05,4.96,1.67
158,-6.736e-05,3.16,1.69
159,-6.728e-05,0.0,1.67
160,-6.720000000000001e-05,0.12,1.6500000000000001
161,-6.712000000000001e-05,0.08,1.6300000000000001
162,-6.704000000000001e-05,0.12,1.61
163,-6.696000000000001e-05,0.12,1.59
164,-6.688000000000001e-05,0.16,1.57
165,-6.680000000000001e-05,0.16,1.55
166,-6.672000000000001e-05,0.16,1.53
167,-6.664e-05,0.16,1.53
168,-6.656000000000001e-05,0.24,1.49
169,-6.648e-05,0.24,1.49
170,-6.64e-05,0.24,1.47
171,-6.632e-05,0.28,1.47
172,-6.624e-05,0.32,1.43
173,-6.616e-05,0.32,1.41
174,-6.608e-05,0.32,1.41
175,-6.6e-05,0.32,1.3900000000000001
176,-6.592e-05,0.36,1.37
177,-6.584e-05,0.36,1.35
178,-6.576000000000001e-05,0.4,1.33
179,-6.568000000000001e-05,0.4,1.33
180,-6.560000000000001e-05,0.4,1.31
181,-6.552000000000001e-05,0.44,1.29
182,-6.544000000000001e-05,0.48,1.27
183,-6.536000000000001e-05,0.48,1.27
184,-6.528000000000001e-05,0.52,1.25
185,-6.520000000000001e-05,0.52,1.25
186,-6.512e-05,0.52,1.23
187,-6.504e-05,0.52,1.21
188,-6.496e-05,0.56,1.21
189,-6.488e-05,0.56,1.19
190,-6.48e-05,0.6,1.19
191,-6.472e-05,0.64,1.17
192,-6.464e-05,0.68,1.1500000000000001
193,-6.456e-05,0.64,1.1500000000000001
194,-6.448e-05,0.68,1.1300000000000001
195,-6.440000000000001e-05,0.68,1.1300000000000001
196,-6.432000000000001e-05,0.68,1.11
197,-6.424000000000001e-05,0.72,1.11
198,-6.416000000000001e-05,0.72,1.09
199,-6.408000000000001e-05,0.76,1.09
200,-6.400000000000001e-05,0.8,1.07
201,-6.392e-05,0.8,1.07
202,-6.384000000000001e-05,0.8,1.05
203,-6.376e-05,0.84,1.05
204,-6.368000000000001e-05,0.84,1.05
205,-6.36e-05,0.88,1.03
206,-6.352e-05,0.88,1.01
207,-6.344e-05,0.92,1.01
208,-6.336e-05,0.96,1.01
209,-6.328e-05,0.96,1.01
210,-6.32e-05,0.96,1.01
211,-6.312e-05,1.0,0.99
212,-6.304e-05,1.0,0.99
213,-6.296000000000001e-05,1.04,0.97
214,-6.288000000000001e-05,1.04,0.97
215,-6.280000000000001e-05,1.04,0.97
216,-6.272000000000001e-05,1.08,0.97
217,-6.264000000000001e-05,1.12,0.9500000000000001
218,-6.256000000000001e-05,1.12,0.9500000000000001
219,-6.248000000000001e-05,1.12,0.9500000000000001
220,-6.24e-05,1.16,0.93
221,-6.232000000000001e-05,1.16,0.93
222,-6.224e-05,1.16,0.9500000000000001
223,-6.216e-05,1.2,0.93
224,-6.208e-05,1.2,0.93
225,-6.2e-05,1.24,0.93
226,-6.192e-05,1.24,0.91
227,-6.184e-05,1.28,0.91
228,-6.176e-05,1.28,0.91
229,-6.168e-05,1.28,0.89
230,-6.16e-05,1.32,0.91
231,-6.152000000000001e-05,1.32,0.89
232,-6.144000000000001e-05,1.36,0.91
233,-6.136000000000001e-05,1.36,0.89
234,-6.128000000000001e-05,1.4000000000000001,0.87
235,-6.120000000000001e-05,1.4000000000000001,0.89
236,-6.112000000000001e-05,1.4000000000000001,0.89
237,-6.104e-05,1.48,0.89
238,-6.0960000000000006e-05,1.44,0.89
239,-6.088000000000001e-05,1.48,0.87
240,-6.080000000000001e-05,1.48,0.89
241,-6.072e-05,1.52,0.89
242,-6.064e-05,1.56,0.87
243,-6.056e-05,1.56,0.87
244,-6.0480000000000004e-05,1.56,0.87
245,-6.0400000000000004e-05,1.6,0.87
246,-6.0320000000000005e-05,1.6,0.85
247,-6.0240000000000006e-05,1.6,0.87
248,-6.016000000000001e-05,1.6400000000000001,0.87
249,-6.008000000000001e-05,1.6400000000000001,0.87
250,-6.000000000000001e-05,1.68,0.85
251,-5.992000000000001e-05,1.68,0.85
252,-5.984000000000001e-05,1.72,0.85
253,-5.976000000000001e-05,1.72,0.85
254,-5.9680000000000005e-05,1.76,0.85
255,-5.9600000000000005e-05,1.8,0.85
256,-5.9520000000000006e-05,1.76,0.85
257,-5.944000000000001e-05,1.8,0.85
258,-5.936000000000001e-05,1.8,0.87
259,-5.928e-05,1.84,0.85
260,-5.92e-05,1.84,0.85
261,-5.912e-05,1.84,0.85
262,-5.9040000000000004e-05,1.8800000000000001,0.85
263,-5.8960000000000005e-05,1.8800000000000001,0.87
264,-5.8880000000000005e-05,1.96,0.85
265,-5.8800000000000006e-05,1.96,0.85
266,-5.872000000000001e-05,1.96,0.85
267,-5.864000000000001e-05,1.96,0.87
268,-5.856000000000001e-05,2.0,0.87
269,-5.848000000000001e-05,2.04,0.85
270,-5.840000000000001e-05,2.04,0.85
271,-5.832000000000001e-05,2.04,0.87
272,-5.8240000000000005e-05,2.08,0.87
273,-5.8160000000000006e-05,2.08,0.87
274,-5.8080000000000006e-05,2.12,0.87
275,-5.800000000000001e-05,2.12,0.89
276,-5.792e-05,2.12,0.87
277,-5.784e-05,2.16,0.87
278,-5.776e-05,2.2,0.87
279,-5.7680000000000003e-05,2.16,0.89
280,-5.7600000000000004e-05,2.2,0.89
281,-5.7520000000000005e-05,2.24,0.89
282,-5.7440000000000006e-05,2.24,0.89
283,-5.7360000000000006e-05,2.24,0.89
284,-5.728000000000001e-05,2.24,0.89
285,-5.720000000000001e-05,2.2800000000000002,0.89
286,-5.712000000000001e-05,2.32,0.89
287,-5.704000000000001e-05,2.36,0.89
288,-5.696000000000001e-05,2.36,0.91
289,-5.688000000000001e-05,2.36,0.91
290,-5.6800000000000005e-05,2.4,0.91
291,-5.6720000000000006e-05,2.4,0.93
292,-5.6640000000000007e-05,2.4,0.91
293,-5.656000000000001e-05,2.44,0.91
294,-5.648e-05,2.44,0.93
295,-5.64e-05,2.48,0.93
296,-5.632e-05,2.48,0.93
297,-5.6240000000000004e-05,2.52,0.93
298,-5.6160000000000004e-05,2.52,0.93
299,-5.6080000000000005e-05,2.52,0.93
300,-5.6000000000000006e-05,2.56,0.9500000000000001
301,-5.592000000000001e-05,2.56,0.93
302,-5.584000000000001e-05,2.56,0.9500000000000001
303,-5.576000000000001e-05,2.6,0.97
304,-5.568000000000001e-05,2.6,0.97
305,-5.560000000000001e-05,2.64,0.97
306,-5.552000000000001e-05,2.68,0.97
307,-5.5440000000000005e-05,2.68,0.97
308,-5.5360000000000005e-05,2.72,0.99
309,-5.5280000000000006e-05,2.72,0.97
310,-5.520000000000001e-05,2.7600000000000002,0.97
311,-5.512000000000001e-05,2.7600000000000002,0.99
312,-5.504e-05,2.8000000000000003,0.99
313,-5.496e-05,2.8000000000000003,0.99
314,-5.488e-05,2.8000000000000003,0.99
315,-5.4800000000000004e-05,2.84,0.99
316,-5.4720000000000005e-05,2.84,0.99
317,-5.4640000000000005e-05,2.88,1.01
318,-5.4560000000000006e-05,2.88,1.01
319,-5.448000000000001e-05,2.92,1.01
320,-5.440000000000001e-05,2.92,1.01
321,-5.432000000000001e-05,2.92,1.01
322,-5.424000000000001e-05,2.96,1.03
323,-5.416000000000001e-05,2.96,1.05
324,-5.408000000000001e-05,3.0,1.03
325,-5.4000000000000005e-05,3.04,1.05
326,-5.3920000000000006e-05,3.04,1.05
327,-5.3840000000000006e-05,3.04,1.05
328,-5.376000000000001e-05,3.08,1.05
329,-5.368e-05,3.08,1.07
330,-5.36e-05,3.08,1.07
331,-5.352e-05,3.12,1.07
332,-5.344e-05,3.12,1.07
333,-5.3360000000000004e-05,3.16,1.09
334,-5.3280000000000005e-05,3.16,1.09
335,-5.3200000000000006e-05,3.2,1.09
336,-5.3120000000000006e-05,3.2,1.09
337,-5.304000000000001e-05,3.24,1.11
338,-5.296000000000001e-05,3.24,1.11
339,-5.288000000000001e-05,3.24,1.1300000000000001
340,-5.280000000000001e-05,3.24,1.11
341,-5.272000000000001e-05,3.2800000000000002,1.11
342,-5.264000000000001e-05,3.3200000000000003,1.1300000000000001
343,-5.2560000000000005e-05,3.3200000000000003,1.1500000000000001
344,-5.2480000000000006e-05,3.36,1.1300000000000001
345,-5.2400000000000007e-05,3.36,1.17
346,-5.232000000000001e-05,3.36,1.1500000000000001
347,-5.224e-05,3.4,1.17
348,-5.216e-05,3.4,1.1500000000000001
349,-5.208e-05,3.44,1.17
350,-5.2000000000000004e-05,3.44,1.17
351,-5.1920000000000004e-05,3.44,1.17
352,-5.1840000000000005e-05,3.48,1.19
353,-5.1760000000000006e-05,3.52,1.19
354,-5.168000000000001e-05,3.52,1.19
355,-5.160000000000001e-05,3.52,1.21
356,-5.152000000000001e-05,3.56,1.21
357,-5.144000000000001e-05,3.56,1.21
358,-5.136000000000001e-05,3.56,1.23
359,-5.128000000000001e-05,3.6,1.23
360,-5.1200000000000004e-05,3.64,1.23
361,-5.1120000000000005e-05,3.64,1.25
362,-5.1040000000000006e-05,3.68,1.25
363,-5.096000000000001e-05,3.68,1.25
364,-5.088000000000001e-05,3.68,1.27
365,-5.08e-05,3.72,1.27
366,-5.072e-05,3.72,1.27
367,-5.064e-05,3.7600000000000002,1.27
368,-5.0560000000000004e-05,3.7600000000000002,1.29
369,-5.0480000000000005e-05,3.7600000000000002,1.29
370,-5.0400000000000005e-05,3.84,1.29
371,-5.0320000000000006e-05,3.8000000000000003,1.29
372,-5.024000000000001e-05,3.84,1.33
373,-5.016000000000001e-05,3.84,1.33
374,-5.008000000000001e-05,3.88,1.33
375,-5.000000000000001e-05,3.88,1.33
376,-4.992000000000001e-05,3.88,1.35
377,-4.984000000000001e-05,3.92,1.35
378,-4.9760000000000005e-05,3.96,1.35
379,-4.9680000000000005e-05,4.0,1.37
380,-4.9600000000000006e-05,4.0,1.35
381,-4.952000000000001e-05,4.0,1.37
382,-4.944000000000001e-05,4.0,1.37
383,-4.936000000000001e-05,4.04,1.3900000000000001
384,-4.928e-05,4.04,1.41
385,-4.92e-05,4.08,1.41
386,-4.9120000000000004e-05,4.08,1.41
387,-4.9040000000000005e-05,4.12,1.41
388,-4.8960000000000006e-05,4.12,1.43
389,-4.8880000000000006e-05,4.16,1.41
390,-4.880000000000001e-05,4.16,1.43
391,-4.872000000000001e-05,4.16,1.43
392,-4.864000000000001e-05,4.2,1.45
393,-4.856e-05,4.2,1.45
394,-4.8480000000000003e-05,4.24,1.45
395,-4.8400000000000004e-05,4.28,1.47
396,-4.8320000000000005e-05,4.28,1.47
397,-4.8240000000000006e-05,4.28,1.49
398,-4.8160000000000006e-05,4.28,1.49
399,-4.808000000000001e-05,4.32,1.51
400,-4.800000000000001e-05,4.32,1.51
401,-4.792000000000001e-05,4.36,1.51
402,-4.784e-05,4.36,1.51
403,-4.7760000000000004e-05,4.4,1.53
404,-4.7680000000000004e-05,4.4,1.55
405,-4.7600000000000005e-05,4.4,1.55
406,-4.7520000000000006e-05,4.44,1.55
407,-4.7440000000000007e-05,4.44,1.55
408,-4.736000000000001e-05,4.48,1.57
409,-4.728000000000001e-05,4.48,1.57
410,-4.720000000000001e-05,4.5200000000000005,1.57
411,-4.712e-05,4.5200000000000005,1.59
412,-4.7040000000000004e-05,4.5600000000000005,1.59
413,-4.6960000000000004e-05,4.6000000000000005,1.59
414,-4.6880000000000005e-05,4.6000000000000005,1.61
415,-4.6800000000000006e-05,4.6000000000000005,1.61
416,-4.672000000000001e-05,4.64,1.6300000000000001
417,-4.664000000000001e-05,4.64,1.6300000000000001
418,-4.656000000000001e-05,4.64,1.6300000000000001
419,-4.648000000000001e-05,4.68,1.6500000000000001
420,-4.64e-05,4.72,1.6500000000000001
421,-4.6320000000000004e-05,4.72,1.6500000000000001
422,-4.6240000000000005e-05,4.72,1.67
423,-4.6160000000000005e-05,4.76,1.67
424,-4.6080000000000006e-05,4.76,1.69
425,-4.600000000000001e-05,4.8,1.69
426,-4.592000000000001e-05,4.8,1.69
427,-4.584000000000001e-05,4.84,1.73
428,-4.576000000000001e-05,4.84,1.71
429,-4.568e-05,4.84,1.71
430,-4.5600000000000004e-05,4.88,1.73
431,-4.5520000000000005e-05,4.92,1.75
432,-4.5440000000000005e-05,4.92,1.75
433,-4.5360000000000006e-05,4.96,1.75
434,-4.528000000000001e-05,4.96,1.77
435,-4.520000000000001e-05,5.0,1.71
436,-4.512000000000001e-05,0.36,1.71
437,-4.504e-05,0.08,1.69
438,-4.496e-05,0.08,1.6500000000000001
439,-4.4880000000000004e-05,0.08,1.6300000000000001
440,-4.4800000000000005e-05,0.12,1.61
441,-4.4720000000000006e-05,0.16,1.59
442,-4.4640000000000006e-05,0.16,1.57
443,-4.456000000000001e-05,0.2,1.55
444,-4.448000000000001e-05,0.2,1.53
445,-4.440000000000001e-05,0.2,1.51
446,-4.432e-05,0.2,1.49
447,-4.424e-05,0.24,1.49
448,-4.4160000000000004e-05,0.28,1.45
449,-4.4080000000000005e-05,0.28,1.45
450,-4.4000000000000006e-05,0.32,1.43
451,-4.3920000000000006e-05,0.32,1.41
452,-4.384000000000001e-05,0.32,1.3900000000000001
453,-4.376000000000001e-05,0.36,1.37
454,-4.368000000000001e-05,0.36,1.37
455,-4.36e-05,0.4,1.35
456,-4.3520000000000003e-05,0.4,1.35
457,-4.3440000000000004e-05,0.4,1.33
458,-4.3360000000000005e-05,0.44,1.31
459,-4.3280000000000006e-05,0.44,1.29
460,-4.3200000000000007e-05,0.48,1.27
461,-4.312000000000001e-05,0.48,1.25
462,-4.304000000000001e-05,0.52,1.25
463,-4.296000000000001e-05,0.52,1.23
464,-4.288e-05,0.52,1.23
465,-4.2800000000000004e-05,0.56,1.21
466,-4.2720000000000004e-05,0.56,1.19
467,-4.2640000000000005e-05,0.6,1.19
468,-4.2560000000000006e-05,0.6,1.17
469,-4.248000000000001e-05,0.6,1.1500000000000001
470,-4.240000000000001e-05,0.64,1.17
471,-4.232000000000001e-05,0.68,1.1500000000000001
472,-4.224000000000001e-05,0.64,1.1300000000000001
473,-4.216e-05,0.72,1.11
474,-4.2080000000000004e-05,0.72,1.11
475,-4.2000000000000004e-05,0.72,1.11
476,-4.1920000000000005e-05,0.76,1.09
477,-4.1840000000000006e-05,0.76,1.09
478,-4.176000000000001e-05,0.76,1.07
479,-4.168000000000001e-05,0.8,1.07
480,-4.160000000000001e-05,0.8,1.05
481,-4.152000000000001e-05,0.84,1.05
482,-4.144e-05,0.84,1.05
483,-4.1360000000000004e-05,0.88,1.03
484,-4.1280000000000005e-05,0.88,1.03
485,-4.1200000000000005e-05,0.88,1.01
486,-4.1120000000000006e-05,0.92,1.01
487,-4.104000000000001e-05,0.96,1.01
488,-4.096000000000001e-05,0.96,1.01
489,-4.088000000000001e-05,1.0,0.99
490,-4.08e-05,1.0,0.99
491,-4.072e-05,1.0,0.97
492,-4.0640000000000004e-05,1.04,0.97
493,-4.0560000000000005e-05,1.08,0.97
494,-4.0480000000000005e-05,1.08,0.9500000000000001
495,-4.0400000000000006e-05,1.12,0.9500000000000001
496,-4.032000000000001e-05,1.12,0.9500000000000001
497,-4.024000000000001e-05,1.12,0.9500000000000001
498,-4.016000000000001e-05,1.12,0.9500000000000001
499,-4.008e-05,1.16,0.93
500,-4e-05,1.2,0.93
501,-3.9920000000000004e-05,1.2,0.93
502,-3.9840000000000005e-05,1.24,0.93
503,-3.9760000000000006e-05,1.2,0.91
504,-3.9680000000000006e-05,1.24,0.91
505,-3.960000000000001e-05,1.28,0.91
506,-3.952000000000001e-05,1.28,0.91
507,-3.944000000000001e-05,1.32,0.91
508,-3.936e-05,1.36,0.89
509,-3.9280000000000003e-05,1.32,0.89
510,-3.9200000000000004e-05,1.36,0.89
511,-3.9120000000000005e-05,1.36,0.91
512,-3.9040000000000006e-05,1.4000000000000001,0.89
513,-3.8960000000000006e-05,1.4000000000000001,0.89
514,-3.888000000000001e-05,1.4000000000000001,0.89
515,-3.880000000000001e-05,1.44,0.89
516,-3.872000000000001e-05,1.44,0.89
517,-3.864e-05,1.48,0.87
518,-3.8560000000000004e-05,1.48,0.87
519,-3.8480000000000004e-05,1.52,0.87
520,-3.8400000000000005e-05,1.52,0.87
521,-3.8320000000000006e-05,1.56,0.87
522,-3.8240000000000007e-05,1.56,0.87
523,-3.816000000000001e-05,1.6,0.87
524,-3.808000000000001e-05,1.6,0.85
525,-3.800000000000001e-05,1.6400000000000001,0.87
526,-3.792e-05,1.6400000000000001,0.87
527,-3.7840000000000004e-05,1.6400000000000001,0.87
528,-3.7760000000000004e-05,1.72,0.87
529,-3.7680000000000005e-05,1.68,0.89
530,-3.7600000000000006e-05,1.72,0.85
531,-3.752000000000001e-05,1.76,0.87
532,-3.744000000000001e-05,1.72,0.85
533,-3.736000000000001e-05,1.8,0.85
534,-3.728000000000001e-05,1.8,0.85
535,-3.72e-05,1.8,0.85
536,-3.7120000000000004e-05,1.84,0.87
537,-3.7040000000000005e-05,1.84,0.85
538,-3.6960000000000005e-05,1.8800000000000001,0.85
539,-3.6880000000000006e-05,1.84,0.85
540,-3.680000000000001e-05,1.8800000000000001,0.85
541,-3.672000000000001e-05,1.92,0.85
542,-3.664000000000001e-05,1.92,0.87
543,-3.656e-05,1.96,0.87
544,-3.648e-05,1.96,0.87
545,-3.6400000000000004e-05,1.96,0.87
546,-3.6320000000000005e-05,2.0,0.87
547,-3.6240000000000005e-05,2.04,0.87
548,-3.6160000000000006e-05,2.04,0.87
549,-3.608000000000001e-05,2.08,0.87
550,-3.600000000000001e-05,2.08,0.87
551,-3.592000000000001e-05,2.12,0.87
552,-3.584e-05,2.12,0.87
553,-3.576e-05,2.12,0.87
554,-3.5680000000000004e-05,2.16,0.89
555,-3.5600000000000005e-05,2.16,0.89
556,-3.5520000000000006e-05,2.16,0.89
557,-3.5440000000000006e-05,2.2,0.87
558,-3.536000000000001e-05,2.24,0.89
559,-3.528000000000001e-05,2.24,0.89
560,-3.520000000000001e-05,2.24,0.89
561,-3.512e-05,2.2800000000000002,0.91
562,-3.504e-05,2.2800000000000002,0.89
563,-3.4960000000000004e-05,2.32,0.89
564,-3.4880000000000005e-05,2.32,0.91
565,-3.4800000000000006e-05,2.36,0.89
566,-3.4720000000000006e-05,2.36,0.91
567,-3.464000000000001e-05,2.36,0.89
568,-3.456000000000001e-05,2.4,0.93
569,-3.448000000000001e-05,2.4,0.91
570,-3.44e-05,2.44,0.91
571,-3.4320000000000003e-05,2.44,0.93
572,-3.4240000000000004e-05,2.48,0.93
573,-3.4160000000000005e-05,2.48,0.91
574,-3.4080000000000006e-05,2.52,0.93
575,-3.4000000000000007e-05,2.52,0.93
576,-3.392000000000001e-05,2.52,0.93
577,-3.384000000000001e-05,2.56,0.93
578,-3.376000000000001e-05,2.56,0.9500000000000001
579,-3.368e-05,2.6,0.9500000000000001
580,-3.3600000000000004e-05,2.56,0.9500000000000001
581,-3.3520000000000004e-05,2.64,0.9500000000000001
582,-3.3440000000000005e-05,2.64,0.97
583,-3.3360000000000006e-05,2.68,0.97
584,-3.328000000000001e-05,2.68,0.97
585,-3.320000000000001e-05,2.72,0.97
586,-3.312000000000001e-05,2.72,0.97
587,-3.304000000000001e-05,2.72,0.97
588,-3.296e-05,2.7600000000000002,0.99
589,-3.2880000000000004e-05,2.7600000000000002,0.99
590,-3.2800000000000004e-05,2.7600000000000002,0.99
591,-3.2720000000000005e-05,2.84,0.99
592,-3.2640000000000006e-05,2.84,0.99
593,-3.256000000000001e-05,2.84,1.01
594,-3.248000000000001e-05,2.84,0.99
595,-3.240000000000001e-05,2.88,1.01
596,-3.232e-05,2.88,1.01
597,-3.224e-05,2.92,1.01
598,-3.2160000000000004e-05,2.92,1.01
599,-3.2080000000000005e-05,2.96,1.03
600,-3.2000000000000005e-05,3.0,1.05
601,-3.1920000000000006e-05,3.0,1.03
602,-3.184000000000001e-05,3.0,1.05
603,-3.176000000000001e-05,3.04,1.05
604,-3.168000000000001e-05,3.04,1.05
605,-3.16e-05,3.04,1.05
606,-3.152e-05,3.08,1.05
607,-3.1440000000000004e-05,3.08,1.07
608,-3.1360000000000005e-05,3.08,1.07
609,-3.1280000000000005e-05,3.12,1.09
610,-3.1200000000000006e-05,3.12,1.09
611,-3.112000000000001e-05,3.16,1.09
612,-3.104000000000001e-05,3.2,1.09
613,-3.096000000000001e-05,3.2,1.09
614,-3.088e-05,3.2,1.09
615,-3.08e-05,3.24,1.11
616,-3.0720000000000004e-05,3.24,1.11
617,-3.0640000000000005e-05,3.2800000000000002,1.11
618,-3.0560000000000006e-05,3.3200000000000003,1.11
619,-3.0480000000000006e-05,3.3200000000000003,1.1300000000000001
620,-3.0400000000000007e-05,3.3200000000000003,1.1500000000000001
621,-3.0320000000000008e-05,3.36,1.1500000000000001
622,-3.024000000000001e-05,3.36,1.1500000000000001
623,-3.0160000000000003e-05,3.36,1.1500000000000001
624,-3.0080000000000003e-05,3.4,1.1500000000000001
625,-3.0000000000000004e-05,3.4,1.1500000000000001
626,-2.9920000000000005e-05,3.44,1.17
627,-2.9840000000000006e-05,3.44,1.17
628,-2.9760000000000006e-05,3.44,1.17
629,-2.9680000000000007e-05,3.48,1.17
630,-2.9600000000000008e-05,3.48,1.19
631,-2.952000000000001e-05,3.52,1.19
632,-2.9440000000000003e-05,3.52,1.19
633,-2.9360000000000003e-05,3.56,1.19
634,-2.9280000000000004e-05,3.56,1.21
635,-2.9200000000000005e-05,3.6,1.21
636,-2.9120000000000006e-05,3.6,1.23
637,-2.9040000000000007e-05,3.64,1.23
638,-2.8960000000000007e-05,3.64,1.23
639,-2.8880000000000008e-05,3.64,1.25
640,-2.880000000000001e-05,3.68,1.25
641,-2.8720000000000003e-05,3.68,1.25
642,-2.8640000000000004e-05,3.72,1.25
643,-2.8560000000000004e-05,3.72,1.27
644,-2.8480000000000005e-05,3.72,1.27
645,-2.8400000000000006e-05,3.7600000000000002,1.27
646,-2.8320000000000007e-05,3.7600000000000002,1.29
647,-2.8240000000000007e-05,3.8000000000000003,1.29
648,-2.8160000000000008e-05,3.8000000000000003,1.31
649,-2.8080000000000002e-05,3.84,1.33
650,-2.8000000000000003e-05,3.84,1.33
651,-2.7920000000000004e-05,3.84,1.33
652,-2.7840000000000005e-05,3.88,1.33
653,-2.7760000000000005e-05,3.88,1.35
654,-2.7680000000000006e-05,3.92,1.35
655,-2.7600000000000007e-05,3.92,1.35
656,-2.7520000000000008e-05,3.96,1.35
657,-2.744000000000001e-05,3.96,1.37
658,-2.7360000000000002e-05,4.0,1.37
659,-2.7280000000000003e-05,4.0,1.37
660,-2.7200000000000004e-05,4.04,1.3900000000000001
661,-2.7120000000000005e-05,4.04,1.3900000000000001
662,-2.7040000000000005e-05,4.04,1.3900000000000001
663,-2.6960000000000006e-05,4.08,1.41
664,-2.6880000000000007e-05,4.08,1.41
665,-2.6800000000000008e-05,4.08,1.41
666,-2.672000000000001e-05,4.12,1.43
667,-2.6640000000000002e-05,4.16,1.43
668,-2.6560000000000003e-05,4.16,1.45
669,-2.6480000000000004e-05,4.16,1.45
670,-2.6400000000000005e-05,4.2,1.45
671,-2.6320000000000006e-05,4.2,1.47
672,-2.6240000000000006e-05,4.24,1.47
673,-2.6160000000000007e-05,4.24,1.47
674,-2.6080000000000008e-05,4.24,1.49
675,-2.600000000000001e-05,4.28,1.49
676,-2.5920000000000003e-05,4.28,1.49
677,-2.5840000000000003e-05,4.32,1.51
678,-2.5760000000000004e-05,4.36,1.51
679,-2.5680000000000005e-05,4.36,1.51
680,-2.5600000000000006e-05,4.36,1.53
681,-2.5520000000000006e-05,4.4,1.53
682,-2.5440000000000007e-05,4.4,1.53
683,-2.5360000000000008e-05,4.44,1.55
684,-2.528000000000001e-05,4.44,1.55
685,-2.5200000000000003e-05,4.48,1.55
686,-2.5120000000000003e-05,4.48,1.57
687,-2.5040000000000004e-05,4.48,1.57
688,-2.4960000000000005e-05,4.5200000000000005,1.59
689,-2.4880000000000006e-05,4.5600000000000005,1.61
690,-2.4800000000000007e-05,4.5600000000000005,1.59
691,-2.4720000000000007e-05,4.5600000000000005,1.59
692,-2.4640000000000008e-05,4.6000000000000005,1.6300000000000001
693,-2.4560000000000002e-05,4.6000000000000005,1.6300000000000001
694,-2.4480000000000003e-05,4.64,1.6300000000000001
695,-2.4400000000000004e-05,4.64,1.6300000000000001
696,-2.4320000000000004e-05,4.68,1.6500000000000001
697,-2.4240000000000005e-05,4.68,1.6500000000000001
698,-2.4160000000000006e-05,4.72,1.67
699,-2.4080000000000007e-05,4.72,1.6500000000000001
700,-2.4000000000000007e-05,4.76,1.67
701,-2.3920000000000008e-05,4.76,1.67
702,-2.3840000000000002e-05,4.76,1.69
703,-2.3760000000000003e-05,4.8,1.69
704,-2.3680000000000004e-05,4.8,1.69
705,-2.3600000000000004e-05,4.84,1.73
706,-2.3520000000000005e-05,4.84,1.71
707,-2.3440000000000006e-05,4.88,1.73
708,-2.3360000000000007e-05,4.88,1.73
709,-2.3280000000000008e-05,4.92,1.75
710,-2.3200000000000008e-05,4.92,1.75
711,-2.3120000000000002e-05,4.96,1.75
712,-2.3040000000000003e-05,4.96,1.77
713,-2.2960000000000004e-05,4.96,1.75
714,-2.2880000000000005e-05,0.04,1.71
715,-2.2800000000000005e-05,0.04,1.67
716,-2.2720000000000006e-05,0.08,1.6500000000000001
717,-2.2640000000000007e-05,0.08,1.6300000000000001
718,-2.2560000000000008e-05,0.12,1.61
719,-2.248000000000001e-05,0.12,1.59
720,-2.2400000000000002e-05,0.16,1.57
721,-2.2320000000000003e-05,0.16,1.57
722,-2.2240000000000004e-05,0.2,1.53
723,-2.2160000000000005e-05,0.24,1.53
724,-2.2080000000000005e-05,0.24,1.49
725,-2.2000000000000006e-05,0.24,1.47
726,-2.1920000000000007e-05,0.24,1.45
727,-2.1840000000000008e-05,0.28,1.45
728,-2.176000000000001e-05,0.28,1.43
729,-2.1680000000000002e-05,0.32,1.41
730,-2.1600000000000003e-05,0.36,1.41
731,-2.1520000000000004e-05,0.36,1.3900000000000001
732,-2.1440000000000005e-05,0.36,1.37
733,-2.1360000000000006e-05,0.36,1.35
734,-2.1280000000000006e-05,0.4,1.33
735,-2.1200000000000007e-05,0.4,1.33
736,-2.1120000000000008e-05,0.48,1.31
737,-2.104000000000001e-05,0.44,1.29
738,-2.0960000000000003e-05,0.48,1.27
739,-2.0880000000000003e-05,0.48,1.27
740,-2.0800000000000004e-05,0.52,1.25
741,-2.0720000000000005e-05,0.52,1.25
742,-2.0640000000000006e-05,0.52,1.23
743,-2.0560000000000006e-05,0.56,1.21
744,-2.0480000000000007e-05,0.56,1.21
745,-2.0400000000000008e-05,0.6,1.19
746,-2.0320000000000002e-05,0.64,1.17
747,-2.0240000000000003e-05,0.64,1.1500000000000001
748,-2.0160000000000003e-05,0.64,1.1500000000000001
749,-2.0080000000000004e-05,0.64,1.1300000000000001
750,-2.0000000000000005e-05,0.68,1.1500000000000001
751,-1.9920000000000006e-05,0.68,1.11
752,-1.9840000000000007e-05,0.76,1.11
753,-1.9760000000000007e-05,0.72,1.11
754,-1.9680000000000008e-05,0.76,1.09
755,-1.9600000000000002e-05,0.76,1.07
756,-1.9520000000000003e-05,0.8,1.09
757,-1.9440000000000004e-05,0.8,1.07
758,-1.9360000000000004e-05,0.8,1.05
759,-1.9280000000000005e-05,0.88,1.05
760,-1.9200000000000006e-05,0.84,1.05
761,-1.9120000000000007e-05,0.88,1.03
762,-1.9040000000000007e-05,0.88,1.01
763,-1.8960000000000008e-05,0.92,1.01
764,-1.888000000000001e-05,0.92,1.01
765,-1.880000000000001e-05,0.96,1.01
766,-1.872000000000001e-05,0.96,1.01
767,-1.864000000000001e-05,1.0,0.99
768,-1.856e-05,1.0,0.99
769,-1.848e-05,1.04,0.97
770,-1.84e-05,1.04,0.97
771,-1.832e-05,1.04,0.97
772,-1.824e-05,1.08,0.97
773,-1.8160000000000002e-05,1.08,0.97
774,-1.8080000000000003e-05,1.12,0.9500000000000001
775,-1.8000000000000004e-05,1.12,0.9500000000000001
776,-1.7920000000000005e-05,1.16,0.93
777,-1.7840000000000005e-05,1.16,0.93
778,-1.7760000000000006e-05,1.16,0.93
779,-1.7680000000000007e-05,1.24,0.93
780,-1.7600000000000008e-05,1.2,0.93
781,-1.752000000000001e-05,1.24,0.91
782,-1.744000000000001e-05,1.24,0.91
783,-1.736000000000001e-05,1.28,0.91
784,-1.728000000000001e-05,1.32,0.91
785,-1.720000000000001e-05,1.28,0.91
786,-1.712e-05,1.32,0.91
787,-1.704e-05,1.32,0.89
788,-1.696e-05,1.4000000000000001,0.89
789,-1.688e-05,1.36,0.89
790,-1.6800000000000002e-05,1.44,0.89
791,-1.6720000000000003e-05,1.4000000000000001,0.91
792,-1.6640000000000003e-05,1.44,0.89
793,-1.6560000000000004e-05,1.44,0.89
794,-1.6480000000000005e-05,1.44,0.87
795,-1.6400000000000006e-05,1.48,0.87
796,-1.6320000000000006e-05,1.48,0.87
797,-1.6240000000000007e-05,1.52,0.87
798,-1.6160000000000008e-05,1.56,0.87
799,-1.608000000000001e-05,1.56,0.85
800,-1.600000000000001e-05,1.56,0.87
801,-1.592000000000001e-05,1.56,0.87
802,-1.584000000000001e-05,1.6,0.85
803,-1.5760000000000012e-05,1.6,0.85
804,-1.568e-05,1.6400000000000001,0.85
805,-1.56e-05,1.68,0.85
806,-1.552e-05,1.72,0.85
807,-1.544e-05,1.68,0.85
808,-1.5360000000000002e-05,1.68,0.85
809,-1.5280000000000003e-05,1.72,0.85
810,-1.5200000000000004e-05,1.76,0.85
811,-1.5120000000000004e-05,1.76,0.87
812,-1.5040000000000005e-05,1.76,0.87
813,-1.4960000000000006e-05,1.8,0.85
814,-1.4880000000000007e-05,1.8,0.87
815,-1.4800000000000007e-05,1.8800000000000001,0.85
816,-1.4720000000000008e-05,1.84,0.85
817,-1.4640000000000009e-05,1.8800000000000001,0.85
818,-1.456000000000001e-05,1.8800000000000001,0.87
819,-1.448000000000001e-05,1.92,0.87
820,-1.4400000000000011e-05,1.92,0.85
821,-1.4319999999999998e-05,1.96,0.87
822,-1.424e-05,1.96,0.87
823,-1.416e-05,1.96,0.87
824,-1.408e-05,2.04,0.87
825,-1.4000000000000001e-05,2.04,0.87
826,-1.3920000000000002e-05,2.08,0.87
827,-1.3840000000000003e-05,2.08,0.87
828,-1.3760000000000004e-05,2.08,0.89
829,-1.3680000000000005e-05,2.08,0.87
830,-1.3600000000000005e-05,2.12,0.87
831,-1.3520000000000006e-05,2.12,0.87
832,-1.3440000000000007e-05,2.12,0.87
833,-1.3360000000000008e-05,2.16,0.87
834,-1.3280000000000008e-05,2.2,0.87
835,-1.3200000000000009e-05,2.2,0.89
836,-1.312000000000001e-05,2.2,0.87
837,-1.304000000000001e-05,2.2,0.89
838,-1.2960000000000011e-05,2.24,0.89
839,-1.2879999999999999e-05,2.24,0.89
840,-1.28e-05,2.2800000000000002,0.91
841,-1.272e-05,2.2800000000000002,0.91
842,-1.2640000000000001e-05,2.32,0.89
843,-1.2560000000000002e-05,2.36,0.91
844,-1.2480000000000002e-05,2.36,0.89
845,-1.2400000000000003e-05,2.36,0.91
846,-1.2320000000000004e-05,2.4,0.91
847,-1.2240000000000005e-05,2.4,0.91
848,-1.2160000000000006e-05,2.44,0.91
849,-1.2080000000000006e-05,2.44,0.91
850,-1.2000000000000007e-05,2.48,0.93
851,-1.1920000000000008e-05,2.48,0.93
852,-1.1840000000000009e-05,2.48,0.93
853,-1.176000000000001e-05,2.52,0.93
854,-1.168000000000001e-05,2.56,0.93
855,-1.1600000000000011e-05,2.56,0.93
856,-1.1520000000000012e-05,2.56,0.93
857,-1.1439999999999999e-05,2.56,0.9500000000000001
858,-1.136e-05,2.6,0.9500000000000001
859,-1.128e-05,2.6,0.9500000000000001
860,-1.1200000000000001e-05,2.64,0.9500000000000001
861,-1.1120000000000002e-05,2.68,0.97
862,-1.1040000000000003e-05,2.68,0.9500000000000001
863,-1.0960000000000003e-05,2.68,0.99
864,-1.0880000000000004e-05,2.72,0.97
865,-1.0800000000000005e-05,2.72,0.97
866,-1.0720000000000006e-05,2.7600000000000002,0.97
867,-1.0640000000000007e-05,2.8000000000000003,0.99
868,-1.0560000000000007e-05,2.8000000000000003,0.99
869,-1.0480000000000008e-05,2.8000000000000003,0.99
870,-1.0400000000000009e-05,2.8000000000000003,0.99
871,-1.032000000000001e-05,2.84,0.99
872,-1.024000000000001e-05,2.84,1.01
873,-1.0160000000000011e-05,2.88,1.01
874,-1.0079999999999998e-05,2.88,1.01
875,-9.999999999999999e-06,2.92,1.01
876,-9.92e-06,2.92,1.03
877,-9.84e-06,2.92,1.03
878,-9.760000000000001e-06,2.96,1.03
879,-9.680000000000002e-06,2.96,1.03
880,-9.600000000000003e-06,3.0,1.05
881,-9.520000000000004e-06,3.0,1.05
882,-9.440000000000004e-06,3.04,1.05
883,-9.360000000000005e-06,3.04,1.05
884,-9.280000000000006e-06,3.08,1.07
885,-9.200000000000007e-06,3.08,1.05
886,-9.120000000000008e-06,3.12,1.07
887,-9.040000000000008e-06,3.12,1.09
888,-8.960000000000009e-06,3.16,1.07
889,-8.88000000000001e-06,3.16,1.09
890,-8.80000000000001e-06,3.16,1.09
891,-8.720000000000011e-06,3.2,1.09
892,-8.639999999999999e-06,3.2,1.09
893,-8.56e-06,3.24,1.11
894,-8.48e-06,3.24,1.11
895,-8.400000000000001e-06,3.2800000000000002,1.11
896,-8.320000000000002e-06,3.2800000000000002,1.11
897,-8.240000000000002e-06,3.3200000000000003,1.11
898,-8.160000000000003e-06,3.3200000000000003,1.1300000000000001
899,-8.080000000000004e-06,3.3200000000000003,1.1300000000000001
900,-8.000000000000005e-06,3.36,1.1300000000000001
901,-7.920000000000005e-06,3.36,1.17
902,-7.840000000000006e-06,3.4,1.1500000000000001
903,-7.760000000000007e-06,3.4,1.17
904,-7.680000000000008e-06,3.4,1.1500000000000001
905,-7.6000000000000085e-06,3.44,1.17
906,-7.520000000000009e-06,3.44,1.17
907,-7.44000000000001e-06,3.48,1.19
908,-7.360000000000011e-06,3.48,1.19
909,-7.280000000000012e-06,3.52,1.21
910,-7.199999999999999e-06,3.52,1.19
911,-7.12e-06,3.56,1.21
912,-7.04e-06,3.6,1.21
913,-6.960000000000001e-06,3.56,1.21
914,-6.880000000000002e-06,3.6,1.23
915,-6.800000000000003e-06,3.6,1.23
916,-6.720000000000003e-06,3.64,1.23
917,-6.640000000000004e-06,3.64,1.25
918,-6.560000000000005e-06,3.68,1.25
919,-6.480000000000006e-06,3.72,1.27
920,-6.4000000000000065e-06,3.68,1.27
921,-6.320000000000007e-06,3.72,1.27
922,-6.240000000000008e-06,3.72,1.27
923,-6.160000000000009e-06,3.7600000000000002,1.29
924,-6.0800000000000096e-06,3.7600000000000002,1.29
925,-6.00000000000001e-06,3.8000000000000003,1.29
926,-5.920000000000011e-06,3.8000000000000003,1.31
927,-5.839999999999998e-06,3.84,1.31
928,-5.759999999999999e-06,3.84,1.31
929,-5.68e-06,3.84,1.33
930,-5.600000000000001e-06,3.88,1.33
931,-5.520000000000001e-06,3.88,1.33
932,-5.440000000000002e-06,3.92,1.35
933,-5.360000000000003e-06,3.96,1.37
934,-5.280000000000004e-06,3.96,1.35
935,-5.200000000000004e-06,3.96,1.37
936,-5.120000000000005e-06,4.0,1.37
937,-5.040000000000006e-06,4.0,1.37
938,-4.960000000000007e-06,4.04,1.3900000000000001
939,-4.8800000000000075e-06,4.04,1.41
940,-4.800000000000008e-06,4.04,1.3900000000000001
941,-4.720000000000009e-06,4.08,1.3900000000000001
942,-4.64000000000001e-06,4.08,1.43
943,-4.5600000000000106e-06,4.12,1.41
944,-4.480000000000011e-06,4.12,1.41
945,-4.3999999999999985e-06,4.16,1.43
946,-4.319999999999999e-06,4.16,1.45
947,-4.24e-06,4.2,1.45
948,-4.160000000000001e-06,4.16,1.45
949,-4.080000000000002e-06,4.2,1.45
950,-4.000000000000002e-06,4.24,1.47
951,-3.920000000000003e-06,4.24,1.47
952,-3.840000000000004e-06,4.28,1.47
953,-3.7600000000000047e-06,4.28,1.49
954,-3.6800000000000054e-06,4.28,1.49
955,-3.600000000000006e-06,4.32,1.49
956,-3.520000000000007e-06,4.32,1.51
957,-3.4400000000000077e-06,4.36,1.51
958,-3.3600000000000085e-06,4.36,1.53
959,-3.2800000000000093e-06,4.4,1.53
960,-3.20000000000001e-06,4.4,1.53
961,-3.1200000000000108e-06,4.44,1.55
962,-3.0400000000000116e-06,4.48,1.57
963,-2.9599999999999988e-06,4.48,1.55
964,-2.8799999999999995e-06,4.48,1.57
965,-2.8000000000000003e-06,4.48,1.59
966,-2.720000000000001e-06,4.5200000000000005,1.59
967,-2.640000000000002e-06,4.5200000000000005,1.59
968,-2.5600000000000026e-06,4.5600000000000005,1.59
969,-2.4800000000000034e-06,4.5600000000000005,1.61
970,-2.400000000000004e-06,4.6000000000000005,1.6300000000000001
971,-2.320000000000005e-06,4.6000000000000005,1.61
972,-2.2400000000000057e-06,4.64,1.6300000000000001
973,-2.1600000000000064e-06,4.64,1.6300000000000001
974,-2.080000000000007e-06,4.68,1.6300000000000001
975,-2.000000000000008e-06,4.68,1.6500000000000001
976,-1.9200000000000087e-06,4.68,1.6500000000000001
977,-1.8400000000000095e-06,4.72,1.67
978,-1.7600000000000103e-06,4.72,1.67
979,-1.680000000000011e-06,4.76,1.67
980,-1.5999999999999982e-06,4.8,1.69
981,-1.519999999999999e-06,4.8,1.69
982,-1.4399999999999998e-06,4.84,1.71
983,-1.3600000000000005e-06,4.84,1.73
984,-1.2800000000000013e-06,4.84,1.73
985,-1.200000000000002e-06,4.88,1.73
986,-1.1200000000000028e-06,4.88,1.73
987,-1.0400000000000036e-06,4.92,1.73
988,-9.600000000000044e-07,4.92,1.75
989,-8.800000000000051e-07,4.96,1.75
990,-8.000000000000059e-07,4.96,1.77
991,-7.200000000000067e-07,5.0,1.71
992,-6.400000000000074e-07,0.0,1.69
993,-5.600000000000082e-07,0.12,1.6500000000000001
994,-4.80000000000009e-07,0.08,1.6500000000000001
995,-4.000000000000097e-07,0.12,1.61
996,-3.200000000000105e-07,0.12,1.59
997,-2.4000000000001125e-07,0.16,1.59
998,-1.5999999999999847e-07,0.16,1.57
999,-7.999999999999923e-08,0.2,1.53
1000,0.0,0.16,1.53
1001,7.999999999999923e-08,0.2,1.51
1002,1.5999999999999847e-07,0.24,1.49
1003,2.399999999999977e-07,0.24,1.47
1004,3.1999999999999694e-07,0.24,1.45
1005,3.9999999999999617e-07,0.28,1.43
1006,4.799999999999954e-07,0.32,1.41
1007,5.599999999999946e-07,0.32,1.3900000000000001
1008,6.399999999999939e-07,0.36,1.3900000000000001
1009,7.199999999999931e-07,0.36,1.37
1010,7.999999999999923e-07,0.36,1.37
1011,8.799999999999916e-07,0.4,1.35
1012,9.599999999999908e-07,0.4,1.33
1013,1.03999999999999e-06,0.4,1.31
1014,1.1199999999999893e-06,0.48,1.31
1015,1.1999999999999885e-06,0.44,1.29
1016,1.2800000000000013e-06,0.48,1.27
1017,1.3600000000000005e-06,0.48,1.25
1018,1.4399999999999998e-06,0.52,1.25
1019,1.519999999999999e-06,0.52,1.25
1020,1.5999999999999982e-06,0.56,1.21
1021,1.6799999999999975e-06,0.56,1.21
1022,1.7599999999999967e-06,0.6,1.19
1023,1.839999999999996e-06,0.64,1.19
1024,1.919999999999995e-06,0.6,1.17
1025,1.9999999999999944e-06,0.64,1.1500000000000001
1026,2.0799999999999936e-06,0.64,1.17
1027,2.159999999999993e-06,0.68,1.1500000000000001
1028,2.239999999999992e-06,0.72,1.1300000000000001
1029,2.3199999999999913e-06,0.72,1.1300000000000001
1030,2.3999999999999906e-06,0.72,1.11
1031,2.47999999999999e-06,0.76,1.09
1032,2.559999999999989e-06,0.76,1.09
1033,2.640000000000002e-06,0.8,1.07
1034,2.720000000000001e-06,0.8,1.07
1035,2.8000000000000003e-06,0.84,1.07
1036,2.8799999999999995e-06,0.84,1.05
1037,2.9599999999999988e-06,0.84,1.05
1038,3.039999999999998e-06,0.88,1.03
1039,3.1199999999999972e-06,0.92,1.03
1040,3.1999999999999965e-06,0.92,1.03
1041,3.2799999999999957e-06,0.92,1.01
1042,3.359999999999995e-06,0.96,0.99
1043,3.439999999999994e-06,0.96,0.99
1044,3.5199999999999934e-06,1.0,0.99
1045,3.5999999999999926e-06,1.0,0.99
1046,3.679999999999992e-06,1.0,0.99
1047,3.759999999999991e-06,1.04,0.97
1048,3.83999999999999e-06,1.04,0.97
1049,3.9199999999999896e-06,1.04,0.97
1050,3.999999999999989e-06,1.08,0.9500000000000001
1051,4.080000000000002e-06,1.08,0.9500000000000001
1052,4.160000000000001e-06,1.16,0.9500000000000001
1053,4.24e-06,1.12,0.9500000000000001
1054,4.319999999999999e-06,1.16,0.93
1055,4.3999999999999985e-06,1.2,0.93
1056,4.479999999999998e-06,1.2,0.93
1057,4.559999999999997e-06,1.2,0.93
1058,4.639999999999996e-06,1.24,0.93
1059,4.7199999999999955e-06,1.28,0.91
1060,4.799999999999995e-06,1.24,0.91
1061,4.879999999999994e-06,1.28,0.91
1062,4.959999999999993e-06,1.32,0.91
1063,5.039999999999992e-06,1.32,0.89
1064,5.119999999999992e-06,1.32,0.89
1065,5.199999999999991e-06,1.32,0.89
1066,5.27999999999999e-06,1.36,0.91
1067,5.359999999999989e-06,1.36,0.89
1068,5.4399999999999886e-06,1.4000000000000001,0.89
1069,5.520000000000001e-06,1.4000000000000001,0.89
1070,5.600000000000001e-06,1.44,0.89
1071,5.68e-06,1.44,0.87
1072,5.759999999999999e-06,1.48,0.87
1073,5.839999999999998e-06,1.48,0.87
1074,5.9199999999999975e-06,1.52,0.87
1075,5.999999999999997e-06,1.52,0.87
1076,6.079999999999996e-06,1.56,0.87
1077,6.159999999999995e-06,1.56,0.87
1078,6.2399999999999945e-06,1.6,0.87
1079,6.319999999999994e-06,1.6,0.87
1080,6.399999999999993e-06,1.6,0.85
1081,6.479999999999992e-06,1.6400000000000001,0.87
1082,6.559999999999991e-06,1.6400000000000001,0.85
1083,6.639999999999991e-06,1.68,0.85
1084,6.71999999999999e-06,1.68,0.87
1085,6.799999999999989e-06,1.72,0.85
1086,6.880000000000002e-06,1.72,0.85
1087,6.960000000000001e-06,1.76,0.85
1088,7.04e-06,1.72,0.85
1089,7.12e-06,1.8,0.85
1090,7.199999999999999e-06,1.8,0.85
1091,7.279999999999998e-06,1.84,0.85
1092,7.359999999999997e-06,1.84,0.85
1093,7.4399999999999965e-06,1.84,0.85
1094,7.519999999999996e-06,1.84,0.87
1095,7.599999999999995e-06,1.8800000000000001,0.85
1096,7.679999999999994e-06,1.8800000000000001,0.85
1097,7.759999999999993e-06,1.92,0.85
1098,7.839999999999993e-06,1.96,0.85
1099,7.919999999999992e-06,1.96,0.87
1100,7.999999999999991e-06,2.0,0.87
1101,8.07999999999999e-06,1.96,0.87
1102,8.15999999999999e-06,2.0,0.87
1103,8.239999999999989e-06,2.04,0.87
1104,8.320000000000002e-06,2.04,0.85
1105,8.400000000000001e-06,2.08,0.87
1106,8.48e-06,2.08,0.87
1107,8.56e-06,2.12,0.89
1108,8.639999999999999e-06,2.12,0.87
1109,8.719999999999998e-06,2.12,0.87
1110,8.799999999999997e-06,2.16,0.89
1111,8.879999999999996e-06,2.16,0.87
1112,8.959999999999996e-06,2.2,0.89
1113,9.039999999999995e-06,2.2,0.89
1114,9.119999999999994e-06,2.2,0.89
1115,9.199999999999993e-06,2.24,0.89
1116,9.279999999999992e-06,2.24,0.89
1117,9.359999999999992e-06,2.2800000000000002,0.89
1118,9.439999999999991e-06,2.2800000000000002,0.89
1119,9.51999999999999e-06,2.32,0.89
1120,9.59999999999999e-06,2.32,0.89
1121,9.679999999999989e-06,2.36,0.91
1122,9.760000000000001e-06,2.36,0.91
1123,9.84e-06,2.36,0.91
1124,9.92e-06,2.4,0.91
1125,9.999999999999999e-06,2.4,0.91
1126,1.0079999999999998e-05,2.44,0.91
1127,1.0159999999999998e-05,2.44,0.91
1128,1.0239999999999997e-05,2.48,0.91
1129,1.0319999999999996e-05,2.52,0.93
1130,1.0399999999999995e-05,2.52,0.93
1131,1.0479999999999995e-05,2.52,0.9500000000000001
1132,1.0559999999999994e-05,2.52,0.93
1133,1.0639999999999993e-05,2.52,0.9500000000000001
1134,1.0719999999999992e-05,2.56,0.9500000000000001
1135,1.0799999999999991e-05,2.6,0.9500000000000001
1136,1.087999999999999e-05,2.6,0.9500000000000001
1137,1.095999999999999e-05,2.64,0.9500000000000001
1138,1.103999999999999e-05,2.6,0.9500000000000001
1139,1.1120000000000002e-05,2.68,0.9500000000000001
1140,1.1200000000000001e-05,2.68,0.97
1141,1.128e-05,2.68,0.97
1142,1.136e-05,2.72,0.97
1143,1.1439999999999999e-05,2.72,0.97
1144,1.1519999999999998e-05,2.7600000000000002,0.99
1145,1.1599999999999997e-05,2.8000000000000003,0.99
1146,1.1679999999999997e-05,2.7600000000000002,0.99
1147,1.1759999999999996e-05,2.8000000000000003,0.99
1148,1.1839999999999995e-05,2.84,1.01
1149,1.1919999999999994e-05,2.84,0.99
1150,1.1999999999999994e-05,2.84,1.01
1151,1.2079999999999993e-05,2.88,1.01
1152,1.2159999999999992e-05,2.88,1.01
1153,1.2239999999999991e-05,2.92,1.03
1154,1.231999999999999e-05,2.96,1.01
1155,1.239999999999999e-05,2.96,1.01
1156,1.2479999999999989e-05,2.96,1.01
1157,1.2560000000000002e-05,3.0,1.03
1158,1.2640000000000001e-05,3.0,1.03
1159,1.272e-05,3.0,1.03
1160,1.28e-05,3.04,1.05
1161,1.2879999999999999e-05,3.04,1.05
1162,1.2959999999999998e-05,3.08,1.05
1163,1.3039999999999997e-05,3.08,1.05
1164,1.3119999999999996e-05,3.12,1.07
1165,1.3199999999999996e-05,3.12,1.09
1166,1.3279999999999995e-05,3.16,1.07
1167,1.3359999999999994e-05,3.16,1.09
1168,1.3439999999999993e-05,3.2,1.09
1169,1.3519999999999993e-05,3.2,1.11
1170,1.3599999999999992e-05,3.2,1.09
1171,1.3679999999999991e-05,3.24,1.11
1172,1.375999999999999e-05,3.24,1.11
1173,1.383999999999999e-05,3.2800000000000002,1.11
1174,1.3919999999999989e-05,3.2800000000000002,1.11
1175,1.4000000000000001e-05,3.3200000000000003,1.1300000000000001
1176,1.408e-05,3.3200000000000003,1.1300000000000001
1177,1.416e-05,3.36,1.1300000000000001
1178,1.424e-05,3.36,1.1500000000000001
1179,1.4319999999999998e-05,3.4,1.1500000000000001
1180,1.4399999999999998e-05,3.4,1.17
1181,1.4479999999999997e-05,3.4,1.1500000000000001
1182,1.4559999999999996e-05,3.44,1.1500000000000001
1183,1.4639999999999995e-05,3.44,1.17
1184,1.4719999999999995e-05,3.48,1.17
1185,1.4799999999999994e-05,3.48,1.19
1186,1.4879999999999993e-05,3.52,1.19
1187,1.4959999999999992e-05,3.56,1.19
1188,1.5039999999999992e-05,3.56,1.19
1189,1.511999999999999e-05,3.56,1.19
1190,1.519999999999999e-05,3.56,1.21
1191,1.527999999999999e-05,3.6,1.21
1192,1.5360000000000002e-05,3.6,1.23
1193,1.544e-05,3.64,1.23
1194,1.552e-05,3.68,1.25
1195,1.56e-05,3.64,1.25
1196,1.568e-05,3.68,1.25
1197,1.5759999999999998e-05,3.68,1.27
1198,1.5839999999999997e-05,3.72,1.27
1199,1.5919999999999997e-05,3.72,1.27
1200,1.5999999999999996e-05,3.7600000000000002,1.27
1201,1.6079999999999995e-05,3.7600000000000002,1.29
1202,1.6159999999999994e-05,3.7600000000000002,1.29
1203,1.6239999999999994e-05,3.8000000000000003,1.31
1204,1.6319999999999993e-05,3.8000000000000003,1.31
1205,1.6399999999999992e-05,3.84,1.31
1206,1.647999999999999e-05,3.84,1.31
1207,1.655999999999999e-05,3.84,1.33
1208,1.663999999999999e-05,3.88,1.35
1209,1.671999999999999e-05,3.88,1.33
1210,1.6800000000000002e-05,3.92,1.35
1211,1.688e-05,3.96,1.35
1212,1.696e-05,3.96,1.37
1213,1.704e-05,3.96,1.37
1214,1.712e-05,4.0,1.37
1215,1.7199999999999998e-05,4.0,1.3900000000000001
1216,1.7279999999999997e-05,4.04,1.3900000000000001
1217,1.7359999999999996e-05,4.04,1.3900000000000001
1218,1.7439999999999996e-05,4.08,1.41
1219,1.7519999999999995e-05,4.08,1.41
1220,1.7599999999999994e-05,4.08,1.43
1221,1.7679999999999993e-05,4.12,1.43
1222,1.7759999999999993e-05,4.12,1.45
1223,1.7839999999999992e-05,4.16,1.43
1224,1.791999999999999e-05,4.16,1.43
1225,1.799999999999999e-05,4.16,1.45
1226,1.807999999999999e-05,4.2,1.45
1227,1.815999999999999e-05,4.24,1.47
1228,1.824e-05,4.24,1.47
1229,1.832e-05,4.24,1.49
1230,1.84e-05,4.28,1.49
1231,1.848e-05,4.28,1.49
1232,1.856e-05,4.32,1.49
1233,1.8639999999999998e-05,4.32,1.51
1234,1.8719999999999997e-05,4.36,1.51
1235,1.8799999999999996e-05,4.36,1.53
1236,1.8879999999999995e-05,4.36,1.55
1237,1.8959999999999995e-05,4.4,1.53
1238,1.9039999999999994e-05,4.4,1.53
1239,1.9119999999999993e-05,4.44,1.55
1240,1.9199999999999992e-05,4.48,1.57
1241,1.927999999999999e-05,4.48,1.57
1242,1.935999999999999e-05,4.48,1.57
1243,1.943999999999999e-05,4.5200000000000005,1.57
1244,1.951999999999999e-05,4.5200000000000005,1.59
1245,1.9600000000000002e-05,4.5200000000000005,1.59
1246,1.968e-05,4.5600000000000005,1.59
1247,1.976e-05,4.6000000000000005,1.61
1248,1.984e-05,4.6000000000000005,1.59
1249,1.992e-05,4.6000000000000005,1.61
1250,1.9999999999999998e-05,4.64,1.6300000000000001
1251,2.0079999999999997e-05,4.68,1.6300000000000001
1252,2.0159999999999997e-05,4.68,1.6500000000000001
1253,2.0239999999999996e-05,4.68,1.6500000000000001
1254,2.0319999999999995e-05,4.72,1.6500000000000001
1255,2.0399999999999994e-05,4.72,1.67
1256,2.0479999999999994e-05,4.76,1.67
1257,2.0559999999999993e-05,4.76,1.69
1258,2.0639999999999992e-05,4.8,1.69
1259,2.071999999999999e-05,4.8,1.69
1260,2.079999999999999e-05,4.84,1.71
1261,2.087999999999999e-05,4.84,1.73
1262,2.095999999999999e-05,4.88,1.73
1263,2.1040000000000002e-05,4.88,1.73
1264,2.112e-05,4.88,1.73
1265,2.12e-05,4.92,1.75
1266,2.128e-05,4.92,1.75
1267,2.136e-05,4.96,1.77
1268,2.1439999999999998e-05,4.96,1.77
1269,2.1519999999999997e-05,4.96,1.71
1270,2.1599999999999996e-05,0.08,1.69
1271,2.1679999999999996e-05,0.08,1.67
1272,2.1759999999999995e-05,0.08,1.6300000000000001
1273,2.1839999999999994e-05,0.12,1.61
1274,2.1919999999999993e-05,0.12,1.59
1275,2.1999999999999993e-05,0.16,1.57
1276,2.2079999999999992e-05,0.2,1.55
1277,2.215999999999999e-05,0.16,1.53
1278,2.223999999999999e-05,0.24,1.51
1279,2.231999999999999e-05,0.24,1.51
1280,2.239999999999999e-05,0.24,1.47
1281,2.248e-05,0.28,1.47
1282,2.256e-05,0.28,1.45
1283,2.264e-05,0.32,1.43
1284,2.272e-05,0.32,1.41
1285,2.28e-05,0.32,1.41
1286,2.2879999999999998e-05,0.32,1.3900000000000001
1287,2.2959999999999997e-05,0.36,1.37
1288,2.3039999999999996e-05,0.4,1.35
1289,2.3119999999999995e-05,0.4,1.33
1290,2.3199999999999995e-05,0.4,1.33
1291,2.3279999999999994e-05,0.44,1.31
1292,2.3359999999999993e-05,0.44,1.29
1293,2.3439999999999992e-05,0.44,1.27
1294,2.351999999999999e-05,0.48,1.27
1295,2.359999999999999e-05,0.52,1.25
1296,2.367999999999999e-05,0.52,1.23
1297,2.375999999999999e-05,0.56,1.23
1298,2.3840000000000002e-05,0.56,1.21
1299,2.392e-05,0.56,1.19
1300,2.4e-05,0.56,1.19
1301,2.408e-05,0.6,1.17
1302,2.416e-05,0.6,1.19
1303,2.424e-05,0.64,1.1500000000000001
1304,2.4319999999999998e-05,0.64,1.1500000000000001
1305,2.4399999999999997e-05,0.68,1.1300000000000001
1306,2.4479999999999996e-05,0.72,1.1300000000000001
1307,2.4559999999999995e-05,0.72,1.11
1308,2.4639999999999994e-05,0.76,1.11
1309,2.4719999999999994e-05,0.76,1.09
1310,2.4799999999999993e-05,0.76,1.09
1311,2.4879999999999992e-05,0.76,1.07
1312,2.495999999999999e-05,0.8,1.07
1313,2.503999999999999e-05,0.8,1.07
1314,2.511999999999999e-05,0.84,1.05
1315,2.519999999999999e-05,0.88,1.05
1316,2.5280000000000002e-05,0.88,1.05
1317,2.536e-05,0.92,1.03
1318,2.544e-05,0.92,1.01
1319,2.552e-05,0.92,1.03
1320,2.56e-05,0.96,1.01
1321,2.5679999999999998e-05,0.96,1.01
1322,2.5759999999999997e-05,1.0,0.99
1323,2.5839999999999997e-05,1.0,0.99
1324,2.5919999999999996e-05,1.0,0.99
1325,2.5999999999999995e-05,1.0,0.97
1326,2.6079999999999994e-05,1.04,0.97
1327,2.6159999999999993e-05,1.08,0.97
1328,2.6239999999999993e-05,1.08,0.97
1329,2.6319999999999992e-05,1.12,0.9500000000000001
1330,2.639999999999999e-05,1.12,0.9500000000000001
1331,2.647999999999999e-05,1.12,0.9500000000000001
1332,2.655999999999999e-05,1.16,0.9500000000000001
1333,2.6640000000000002e-05,1.2,0.93
1334,2.672e-05,1.2,0.93
1335,2.68e-05,1.2,0.93
1336,2.688e-05,1.24,0.93
1337,2.696e-05,1.24,0.91
1338,2.704e-05,1.24,0.93
1339,2.7119999999999998e-05,1.28,0.91
1340,2.7199999999999997e-05,1.28,0.91
1341,2.7279999999999996e-05,1.32,0.91
1342,2.7359999999999996e-05,1.32,0.91
1343,2.7439999999999995e-05,1.32,0.89
1344,2.7519999999999994e-05,1.36,0.89
1345,2.7599999999999993e-05,1.4000000000000001,0.89
1346,2.7679999999999992e-05,1.4000000000000001,0.89
1347,2.7759999999999992e-05,1.44,0.87
1348,2.783999999999999e-05,1.44,0.87
1349,2.791999999999999e-05,1.44,0.89
1350,2.799999999999999e-05,1.44,0.87
1351,2.8080000000000002e-05,1.48,0.87
1352,2.816e-05,1.52,0.87
1353,2.824e-05,1.52,0.87
1354,2.832e-05,1.52,0.87
1355,2.84e-05,1.56,0.87
1356,2.848e-05,1.6,0.87
1357,2.8559999999999998e-05,1.6,0.87
1358,2.8639999999999997e-05,1.6,0.87
1359,2.8719999999999996e-05,1.6400000000000001,0.85
1360,2.8799999999999995e-05,1.6400000000000001,0.87
1361,2.8879999999999995e-05,1.6400000000000001,0.85
1362,2.8959999999999994e-05,1.68,0.85
1363,2.9039999999999993e-05,1.68,0.85
1364,2.9119999999999992e-05,1.72,0.87
1365,2.919999999999999e-05,1.76,0.85
1366,2.927999999999999e-05,1.76,0.85
1367,2.935999999999999e-05,1.76,0.85
1368,2.943999999999999e-05,1.8,0.85
1369,2.9520000000000002e-05,1.8,0.85
1370,2.96e-05,1.8800000000000001,0.85
1371,2.968e-05,1.8800000000000001,0.85
1372,2.976e-05,1.84,0.87
1373,2.984e-05,1.8800000000000001,0.85
1374,2.9919999999999998e-05,1.8800000000000001,0.87
1375,2.9999999999999997e-05,1.92,0.87
1376,3.0079999999999997e-05,1.96,0.87
1377,3.0159999999999996e-05,1.96,0.87
1378,3.0239999999999995e-05,2.0,0.87
1379,3.0319999999999994e-05,2.0,0.85
1380,3.0399999999999994e-05,2.04,0.85
1381,3.0479999999999993e-05,2.04,0.87
1382,3.055999999999999e-05,2.04,0.87
1383,3.063999999999999e-05,2.08,0.87
1384,3.071999999999999e-05,2.08,0.87
1385,3.079999999999999e-05,2.08,0.87
1386,3.088e-05,2.12,0.89
1387,3.096e-05,2.12,0.87
1388,3.104e-05,2.16,0.87
1389,3.112e-05,2.16,0.89
1390,3.12e-05,2.2,0.87
1391,3.128e-05,2.24,0.89
1392,3.136e-05,2.2,0.89
1393,3.144e-05,2.24,0.89
1394,3.1519999999999996e-05,2.24,0.89
1395,3.1599999999999996e-05,2.2800000000000002,0.89
1396,3.1679999999999995e-05,2.2800000000000002,0.89
1397,3.1759999999999994e-05,2.2800000000000002,0.89
1398,3.183999999999999e-05,2.32,0.91
1399,3.191999999999999e-05,2.32,0.91
1400,3.199999999999999e-05,2.36,0.89
1401,3.207999999999999e-05,2.4,0.91
1402,3.215999999999999e-05,2.4,0.91
1403,3.223999999999999e-05,2.4,0.91
1404,3.232e-05,2.44,0.93
1405,3.24e-05,2.48,0.91
1406,3.248e-05,2.44,0.93
1407,3.256e-05,2.48,0.93
1408,3.264e-05,2.52,0.93
1409,3.272e-05,2.52,0.9500000000000001
1410,3.28e-05,2.52,0.93
1411,3.288e-05,2.56,0.9500000000000001
1412,3.2959999999999996e-05,2.56,0.93
1413,3.3039999999999995e-05,2.6,0.9500000000000001
1414,3.3119999999999995e-05,2.6,0.9500000000000001
1415,3.3199999999999994e-05,2.64,0.9500000000000001
1416,3.327999999999999e-05,2.64,0.9500000000000001
1417,3.335999999999999e-05,2.64,0.97
1418,3.343999999999999e-05,2.72,0.9500000000000001
1419,3.351999999999999e-05,2.68,0.97
1420,3.359999999999999e-05,2.7600000000000002,0.97
1421,3.367999999999999e-05,2.72,0.97
1422,3.376e-05,2.7600000000000002,0.97
1423,3.384e-05,2.7600000000000002,0.99
1424,3.392e-05,2.8000000000000003,1.01
1425,3.4e-05,2.8000000000000003,1.01
1426,3.408e-05,2.8000000000000003,0.99
1427,3.416e-05,2.84,0.99
1428,3.424e-05,2.88,1.01
1429,3.432e-05,2.88,1.01
1430,3.4399999999999996e-05,2.88,1.01
1431,3.4479999999999995e-05,2.92,1.03
1432,3.4559999999999994e-05,2.92,1.01
1433,3.4639999999999994e-05,2.96,1.01
1434,3.471999999999999e-05,3.0,1.03
1435,3.479999999999999e-05,3.0,1.05
1436,3.487999999999999e-05,3.04,1.05
1437,3.495999999999999e-05,3.04,1.05
1438,3.503999999999999e-05,3.04,1.05
1439,3.512e-05,3.08,1.05
1440,3.52e-05,3.08,1.05
1441,3.528e-05,3.08,1.07
1442,3.536e-05,3.12,1.07
1443,3.544e-05,3.12,1.07
1444,3.552e-05,3.16,1.07
1445,3.56e-05,3.2,1.09
1446,3.568e-05,3.2,1.09
1447,3.5759999999999996e-05,3.2,1.11
1448,3.5839999999999996e-05,3.2,1.09
1449,3.5919999999999995e-05,3.24,1.11
1450,3.5999999999999994e-05,3.24,1.11
1451,3.607999999999999e-05,3.2800000000000002,1.11
1452,3.615999999999999e-05,3.2800000000000002,1.1300000000000001
1453,3.623999999999999e-05,3.3200000000000003,1.1300000000000001
1454,3.631999999999999e-05,3.3200000000000003,1.1500000000000001
1455,3.639999999999999e-05,3.3200000000000003,1.1300000000000001
1456,3.647999999999999e-05,3.4,1.1500000000000001
1457,3.656e-05,3.4,1.17
1458,3.664e-05,3.4,1.1500000000000001
1459,3.672e-05,3.4,1.17
1460,3.68e-05,3.44,1.17
1461,3.688e-05,3.44,1.17
1462,3.696e-05,3.44,1.17
1463,3.704e-05,3.52,1.19
1464,3.712e-05,3.52,1.19
1465,3.7199999999999996e-05,3.52,1.19
1466,3.7279999999999995e-05,3.52,1.21
1467,3.7359999999999995e-05,3.56,1.21
1468,3.7439999999999994e-05,3.6,1.21
1469,3.751999999999999e-05,3.6,1.21
1470,3.759999999999999e-05,3.6,1.23
1471,3.767999999999999e-05,3.6,1.23
1472,3.775999999999999e-05,3.68,1.25
1473,3.783999999999999e-05,3.64,1.25
1474,3.791999999999999e-05,3.68,1.25
1475,3.8e-05,3.68,1.25
1476,3.808e-05,3.72,1.27
1477,3.816e-05,3.7600000000000002,1.27
1478,3.824e-05,3.7600000000000002,1.29
1479,3.832e-05,3.8000000000000003,1.29
1480,3.84e-05,3.7600000000000002,1.29
1481,3.848e-05,3.8000000000000003,1.29
1482,3.856e-05,3.84,1.31
1483,3.8639999999999996e-05,3.88,1.31
1484,3.8719999999999995e-05,3.88,1.33
1485,3.8799999999999994e-05,3.88,1.33
1486,3.8879999999999994e-05,3.92,1.33
1487,3.895999999999999e-05,3.92,1.33
1488,3.903999999999999e-05,3.92,1.35
1489,3.911999999999999e-05,3.96,1.35
1490,3.919999999999999e-05,3.96,1.35
1491,3.927999999999999e-05,3.96,1.37
1492,3.936e-05,4.0,1.37
1493,3.944e-05,4.0,1.3900000000000001
1494,3.952e-05,4.04,1.3900000000000001
1495,3.96e-05,4.04,1.3900000000000001
1496,3.968e-05,4.08,1.3900000000000001
1497,3.976e-05,4.08,1.41
1498,3.984e-05,4.12,1.41
1499,3.992e-05,4.12,1.41
1500,3.9999999999999996e-05,4.12,1.43
1501,4.0079999999999996e-05,4.16,1.43
1502,4.0159999999999995e-05,4.2,1.45
1503,4.0239999999999994e-05,4.2,1.45
1504,4.0319999999999993e-05,4.2,1.45
1505,4.039999999999999e-05,4.24,1.45
1506,4.047999999999999e-05,4.28,1.47
1507,4.055999999999999e-05,4.28,1.47
1508,4.063999999999999e-05,4.28,1.49
1509,4.071999999999999e-05,4.32,1.49
1510,4.08e-05,4.32,1.51
1511,4.088e-05,4.32,1.51
1512,4.096e-05,4.36,1.51
1513,4.104e-05,4.36,1.51
1514,4.112e-05,4.4,1.53
1515,4.12e-05,4.4,1.53
1516,4.128e-05,4.4,1.55
1517,4.136e-05,4.44,1.57
1518,4.1439999999999996e-05,4.44,1.57
1519,4.1519999999999995e-05,4.48,1.55
1520,4.1599999999999995e-05,4.48,1.57
1521,4.1679999999999994e-05,4.5200000000000005,1.57
1522,4.175999999999999e-05,4.5200000000000005,1.59
1523,4.183999999999999e-05,4.5200000000000005,1.59
1524,4.191999999999999e-05,4.5600000000000005,1.59
1525,4.199999999999999e-05,4.5600000000000005,1.61
1526,4.207999999999999e-05,4.6000000000000005,1.61
1527,4.216e-05,4.64,1.61
1528,4.223999999999999e-05,4.64,1.6300000000000001
1529,4.232e-05,4.68,1.6300000000000001
1530,4.239999999999999e-05,4.68,1.6500000000000001
1531,4.248e-05,4.68,1.6500000000000001
1532,4.2559999999999986e-05,4.72,1.6500000000000001
1533,4.264e-05,4.76,1.67
1534,4.2719999999999984e-05,4.72,1.67
1535,4.28e-05,4.76,1.69
1536,4.288000000000001e-05,4.8,1.69
1537,4.2959999999999995e-05,4.8,1.69
1538,4.304000000000001e-05,4.8,1.71
1539,4.3119999999999994e-05,4.84,1.71
1540,4.3200000000000007e-05,4.84,1.73
1541,4.327999999999999e-05,4.88,1.73
1542,4.3360000000000005e-05,4.92,1.73
1543,4.343999999999999e-05,4.92,1.75
1544,4.3520000000000003e-05,4.92,1.75
1545,4.359999999999999e-05,4.96,1.77
1546,4.368e-05,4.96,1.77
1547,4.375999999999999e-05,1.2,1.71
1548,4.384e-05,0.08,1.69
1549,4.3919999999999986e-05,0.04,1.6500000000000001
1550,4.4e-05,0.08,1.6500000000000001
1551,4.4079999999999985e-05,0.08,1.61
1552,4.416e-05,0.16,1.59
1553,4.423999999999998e-05,0.16,1.57
1554,4.4319999999999996e-05,0.16,1.55
1555,4.440000000000001e-05,0.16,1.55
1556,4.4479999999999994e-05,0.2,1.51
1557,4.456000000000001e-05,0.24,1.51
1558,4.463999999999999e-05,0.24,1.47
1559,4.4720000000000006e-05,0.28,1.47
1560,4.479999999999999e-05,0.28,1.45
1561,4.4880000000000004e-05,0.32,1.43
1562,4.495999999999999e-05,0.32,1.41
1563,4.504e-05,0.32,1.41
1564,4.511999999999999e-05,0.36,1.3900000000000001
1565,4.52e-05,0.36,1.37
1566,4.5279999999999987e-05,0.36,1.35
1567,4.536e-05,0.4,1.35
1568,4.5439999999999985e-05,0.4,1.31
1569,4.552e-05,0.44,1.31
1570,4.5599999999999984e-05,0.44,1.29
1571,4.5679999999999996e-05,0.48,1.27
1572,4.576000000000001e-05,0.48,1.27
1573,4.5839999999999995e-05,0.52,1.25
1574,4.592000000000001e-05,0.52,1.23
1575,4.599999999999999e-05,0.52,1.23
1576,4.6080000000000006e-05,0.56,1.21
1577,4.615999999999999e-05,0.6,1.21
1578,4.6240000000000005e-05,0.56,1.19
1579,4.631999999999999e-05,0.6,1.17
1580,4.64e-05,0.6,1.17
1581,4.647999999999999e-05,0.64,1.1500000000000001
1582,4.656e-05,0.64,1.1500000000000001
1583,4.663999999999999e-05,0.72,1.1300000000000001
1584,4.672e-05,0.68,1.1300000000000001
1585,4.6799999999999986e-05,0.72,1.11
1586,4.688e-05,0.72,1.11
1587,4.6959999999999984e-05,0.72,1.09
1588,4.704e-05,0.76,1.07
1589,4.712000000000001e-05,0.8,1.09
1590,4.7199999999999995e-05,0.8,1.07
1591,4.728000000000001e-05,0.8,1.07
1592,4.7359999999999994e-05,0.84,1.07
1593,4.7440000000000007e-05,0.84,1.05
1594,4.751999999999999e-05,0.88,1.03
1595,4.7600000000000005e-05,0.88,1.03
1596,4.767999999999999e-05,0.92,1.01
1597,4.7760000000000004e-05,0.96,1.01
1598,4.783999999999999e-05,0.96,1.01
1599,4.792e-05,0.96,1.01
1600,4.799999999999999e-05,0.96,1.01
1601,4.808e-05,1.0,0.99
1602,4.8159999999999986e-05,1.04,0.99
1603,4.824e-05,1.04,0.99
1604,4.8319999999999985e-05,1.04,0.97
1605,4.84e-05,1.08,0.99
1606,4.847999999999998e-05,1.08,0.9500000000000001
1607,4.8559999999999996e-05,1.12,0.9500000000000001
1608,4.864000000000001e-05,1.16,0.93
1609,4.8719999999999994e-05,1.16,0.9500000000000001
1610,4.880000000000001e-05,1.16,0.9500000000000001
1611,4.887999999999999e-05,1.16,0.9500000000000001
1612,4.8960000000000006e-05,1.2,0.9500000000000001
1613,4.903999999999999e-05,1.2,0.93
1614,4.9120000000000004e-05,1.2,0.91
1615,4.919999999999999e-05,1.24,0.91
1616,4.928e-05,1.28,0.93
1617,4.935999999999999e-05,1.28,0.91
1618,4.944e-05,1.28,0.91
1619,4.951999999999999e-05,1.36,0.89
1620,4.96e-05,1.36,0.89
1621,4.9679999999999985e-05,1.36,0.91
1622,4.976e-05,1.36,0.89
1623,4.9839999999999984e-05,1.4000000000000001,0.89
1624,4.9919999999999996e-05,1.4000000000000001,0.89
1625,5.000000000000001e-05,1.4000000000000001,0.89
1626,5.0079999999999995e-05,1.44,0.89
1627,5.016000000000001e-05,1.44,0.89
1628,5.023999999999999e-05,1.48,0.87
1629,5.0320000000000006e-05,1.52,0.87
1630,5.039999999999999e-05,1.52,0.87
1631,5.0480000000000005e-05,1.52,0.87
1632,5.055999999999999e-05,1.56,0.89
1633,5.064e-05,1.56,0.87
1634,5.071999999999999e-05,1.6,0.87
1635,5.08e-05,1.6,0.87
1636,5.087999999999999e-05,1.6,0.87
1637,5.096e-05,1.6400000000000001,0.85
1638,5.1039999999999986e-05,1.68,0.87
1639,5.112e-05,1.68,0.87
1640,5.1199999999999984e-05,1.68,0.85
1641,5.128e-05,1.72,0.87
1642,5.136000000000001e-05,1.72,0.85
1643,5.1439999999999995e-05,1.72,0.87
1644,5.152000000000001e-05,1.76,0.85
1645,5.1599999999999994e-05,1.8,0.85
1646,5.168000000000001e-05,1.8,0.87
1647,5.175999999999999e-05,1.84,0.85
1648,5.1840000000000005e-05,1.84,0.87
1649,5.191999999999999e-05,1.8800000000000001,0.85
1650,5.2000000000000004e-05,1.8800000000000001,0.85
1651,5.207999999999999e-05,1.92,0.85
1652,5.216e-05,1.92,0.87
1653,5.223999999999999e-05,1.92,0.87
1654,5.232e-05,1.96,0.87
1655,5.2399999999999986e-05,1.96,0.85
1656,5.248e-05,1.96,0.87
1657,5.2559999999999985e-05,2.0,0.87
1658,5.264e-05,2.04,0.87
1659,5.271999999999998e-05,2.04,0.87
1660,5.2799999999999996e-05,2.04,0.87
1661,5.288000000000001e-05,2.08,0.87
1662,5.2959999999999994e-05,2.08,0.87
1663,5.304000000000001e-05,2.12,0.87
1664,5.311999999999999e-05,2.12,0.89
1665,5.3200000000000006e-05,2.16,0.87
1666,5.327999999999999e-05,2.16,0.87
1667,5.3360000000000004e-05,2.16,0.87
1668,5.343999999999999e-05,2.2,0.89
1669,5.352e-05,2.2,0.89
1670,5.359999999999999e-05,2.2800000000000002,0.89
1671,5.368e-05,2.24,0.91
1672,5.375999999999999e-05,2.2800000000000002,0.89
1673,5.384e-05,2.2800000000000002,0.89
1674,5.3919999999999985e-05,2.32,0.89
1675,5.4e-05,2.32,0.89
1676,5.4079999999999984e-05,2.36,0.89
1677,5.4159999999999996e-05,2.36,0.91
1678,5.424000000000001e-05,2.36,0.91
1679,5.4319999999999995e-05,2.4,0.91
1680,5.440000000000001e-05,2.4,0.91
1681,5.447999999999999e-05,2.44,0.91
1682,5.4560000000000006e-05,2.44,0.93
1683,5.463999999999999e-05,2.44,0.91
1684,5.4720000000000005e-05,2.48,0.93
1685,5.479999999999999e-05,2.48,0.93
1686,5.488e-05,2.52,0.93
1687,5.495999999999999e-05,2.52,0.93
1688,5.504e-05,2.52,0.93
1689,5.511999999999999e-05,2.56,0.93
1690,5.52e-05,2.56,0.9500000000000001
1691,5.5279999999999986e-05,2.6,0.97
1692,5.536e-05,2.6,0.9500000000000001
1693,5.5439999999999984e-05,2.6,0.9500000000000001
1694,5.552e-05,2.64,0.9500000000000001
1695,5.560000000000001e-05,2.68,0.9500000000000001
1696,5.5679999999999995e-05,2.68,0.97
1697,5.576000000000001e-05,2.72,0.97
1698,5.5839999999999994e-05,2.72,0.97
1699,5.592000000000001e-05,2.7600000000000002,0.97
1700,5.599999999999999e-05,2.7600000000000002,0.99
1701,5.6080000000000005e-05,2.7600000000000002,0.99
1702,5.615999999999999e-05,2.8000000000000003,0.99
1703,5.6240000000000004e-05,2.8000000000000003,1.01
1704,5.631999999999999e-05,2.84,0.99
1705,5.64e-05,2.84,1.01
1706,5.647999999999999e-05,2.88,1.01
1707,5.656e-05,2.88,1.01
1708,5.6639999999999986e-05,2.88,1.01
1709,5.672e-05,2.92,1.01
1710,5.6799999999999985e-05,2.96,1.01
1711,5.688e-05,2.96,1.03
1712,5.695999999999998e-05,2.96,1.03
1713,5.7039999999999996e-05,3.0,1.03
1714,5.712000000000001e-05,3.0,1.05
1715,5.7199999999999994e-05,3.04,1.03
1716,5.728000000000001e-05,3.04,1.05
1717,5.735999999999999e-05,3.08,1.05
1718,5.7440000000000006e-05,3.08,1.05
1719,5.751999999999999e-05,3.12,1.09
1720,5.7600000000000004e-05,3.12,1.07
1721,5.767999999999999e-05,3.12,1.07
1722,5.776e-05,3.16,1.09
1723,5.783999999999999e-05,3.16,1.09
1724,5.792e-05,3.16,1.11
1725,5.799999999999999e-05,3.2,1.09
1726,5.808e-05,3.24,1.11
1727,5.8159999999999985e-05,3.24,1.11
1728,5.824e-05,3.24,1.11
1729,5.8319999999999984e-05,3.2800000000000002,1.11
1730,5.8399999999999997e-05,3.3200000000000003,1.1300000000000001
1731,5.848000000000001e-05,3.3200000000000003,1.1300000000000001
1732,5.8559999999999995e-05,3.3200000000000003,1.1500000000000001
1733,5.864000000000001e-05,3.3200000000000003,1.1300000000000001
1734,5.8719999999999993e-05,3.4,1.17
1735,5.8800000000000006e-05,3.36,1.1500000000000001
1736,5.887999999999999e-05,3.4,1.1500000000000001
1737,5.8960000000000005e-05,3.4,1.17
1738,5.903999999999999e-05,3.44,1.17
1739,5.912e-05,3.44,1.17
1740,5.919999999999999e-05,3.48,1.17
1741,5.928e-05,3.48,1.19
1742,5.935999999999999e-05,3.52,1.19
1743,5.944e-05,3.52,1.19
1744,5.9519999999999986e-05,3.56,1.21
1745,5.96e-05,3.56,1.21
1746,5.9679999999999984e-05,3.6,1.23
1747,5.976e-05,3.6,1.23
1748,5.984000000000001e-05,3.64,1.23
1749,5.9919999999999996e-05,3.64,1.23
1750,6.000000000000001e-05,3.68,1.23
1751,6.0079999999999994e-05,3.68,1.25
1752,6.016000000000001e-05,3.68,1.25
1753,6.023999999999999e-05,3.68,1.27
1754,6.0320000000000005e-05,3.72,1.27
1755,6.039999999999999e-05,3.7600000000000002,1.27
1756,6.0480000000000004e-05,3.7600000000000002,1.27
1757,6.055999999999999e-05,3.7600000000000002,1.29
1758,6.064e-05,3.8000000000000003,1.29
1759,6.071999999999999e-05,3.84,1.29
1760,6.08e-05,3.8000000000000003,1.31
1761,6.0879999999999986e-05,3.84,1.33
1762,6.096e-05,3.84,1.33
1763,6.103999999999998e-05,3.88,1.35
1764,6.112e-05,3.92,1.33
1765,6.119999999999998e-05,3.92,1.35
1766,6.128e-05,3.92,1.35
1767,6.136000000000001e-05,3.96,1.35
1768,6.144e-05,3.96,1.37
1769,6.152000000000001e-05,3.96,1.37
1770,6.159999999999999e-05,4.0,1.37
1771,6.168e-05,4.04,1.37
1772,6.175999999999999e-05,4.04,1.3900000000000001
1773,6.184e-05,4.04,1.41
1774,6.191999999999999e-05,4.08,1.3900000000000001
1775,6.2e-05,4.08,1.41
1776,6.207999999999999e-05,4.12,1.41
1777,6.216e-05,4.12,1.41
1778,6.223999999999999e-05,4.16,1.43
1779,6.232e-05,4.16,1.43
1780,6.239999999999999e-05,4.2,1.43
1781,6.248e-05,4.2,1.45
1782,6.255999999999998e-05,4.2,1.45
1783,6.264e-05,4.24,1.45
1784,6.272000000000001e-05,4.28,1.47
1785,6.28e-05,4.28,1.47
1786,6.288000000000001e-05,4.28,1.47
1787,6.296e-05,4.32,1.49
1788,6.304e-05,4.32,1.49
1789,6.311999999999999e-05,4.32,1.51
1790,6.32e-05,4.36,1.51
1791,6.327999999999999e-05,4.36,1.51
1792,6.336e-05,4.36,1.53
1793,6.343999999999999e-05,4.4,1.53
1794,6.352e-05,4.4,1.53
1795,6.359999999999999e-05,4.44,1.57
1796,6.368e-05,4.44,1.55
1797,6.375999999999999e-05,4.48,1.57
1798,6.384e-05,4.48,1.57
1799,6.391999999999998e-05,4.48,1.57
1800,6.4e-05,4.5200000000000005,1.59
1801,6.408000000000001e-05,4.5200000000000005,1.59
1802,6.416e-05,4.5600000000000005,1.59
1803,6.424000000000001e-05,4.6000000000000005,1.6300000000000001
1804,6.432e-05,4.6000000000000005,1.6300000000000001
1805,6.440000000000001e-05,4.64,1.6300000000000001
1806,6.447999999999999e-05,4.64,1.6300000000000001
1807,6.456e-05,4.68,1.6500000000000001
1808,6.463999999999999e-05,4.68,1.6500000000000001
1809,6.472e-05,4.72,1.6500000000000001
1810,6.479999999999999e-05,4.76,1.6500000000000001
1811,6.488e-05,4.76,1.67
1812,6.495999999999999e-05,4.76,1.67
1813,6.504e-05,4.76,1.67
1814,6.511999999999999e-05,4.8,1.69
1815,6.52e-05,4.8,1.71
1816,6.527999999999998e-05,4.84,1.71
1817,6.536e-05,4.84,1.71
1818,6.543999999999998e-05,4.88,1.73
1819,6.552e-05,4.88,1.73
1820,6.560000000000001e-05,4.92,1.75
1821,6.568e-05,4.92,1.75
1822,6.576000000000001e-05,4.96,1.75
1823,6.583999999999999e-05,4.96,1.77
1824,6.592e-05,5.0,1.69
1825,6.599999999999999e-05,0.08,1.69
1826,6.608e-05,0.12,1.67
1827,6.615999999999999e-05,0.08,1.67
1828,6.624e-05,0.12,1.6500000000000001
1829,6.631999999999999e-05,0.12,1.61
1830,6.64e-05,0.12,1.59
1831,6.647999999999999e-05,0.16,1.57
1832,6.656e-05,0.16,1.55
1833,6.663999999999999e-05,0.2,1.55
1834,6.672e-05,0.24,1.51
1835,6.679999999999998e-05,0.24,1.51
1836,6.688e-05,0.28,1.47
1837,6.696000000000001e-05,0.28,1.45
1838,6.704e-05,0.28,1.45
1839,6.712000000000001e-05,0.32,1.43
1840,6.72e-05,0.32,1.41
1841,6.728e-05,0.32,1.3900000000000001
1842,6.735999999999999e-05,0.36,1.3900000000000001
1843,6.744e-05,0.36,1.37
1844,6.751999999999999e-05,0.4,1.35
1845,6.76e-05,0.4,1.33
1846,6.767999999999999e-05,0.44,1.31
1847,6.776e-05,0.48,1.29
1848,6.783999999999999e-05,0.48,1.29
1849,6.792e-05,0.48,1.27
1850,6.799999999999999e-05,0.48,1.27
1851,6.808e-05,0.48,1.25
1852,6.815999999999998e-05,0.56,1.25
1853,6.824e-05,0.56,1.23
1854,6.832000000000001e-05,0.56,1.21
1855,6.84e-05,0.6,1.19
1856,6.848000000000001e-05,0.56,1.19
1857,6.856e-05,0.6,1.17
1858,6.864000000000001e-05,0.64,1.17
1859,6.871999999999999e-05,0.64,1.1500000000000001
1860,6.88e-05,0.64,1.1500000000000001
1861,6.887999999999999e-05,0.68,1.1300000000000001
1862,6.896e-05,0.68,1.1300000000000001
1863,6.903999999999999e-05,0.72,1.11
1864,6.912e-05,0.72,1.11
1865,6.919999999999999e-05,0.76,1.11
1866,6.928e-05,0.76,1.09
1867,6.935999999999999e-05,0.76,1.07
1868,6.944e-05,0.8,1.07
1869,6.951999999999998e-05,0.8,1.07
1870,6.96e-05,0.84,1.05
1871,6.967999999999998e-05,0.84,1.05
1872,6.976e-05,0.88,1.03
1873,6.984000000000001e-05,0.92,1.03
1874,6.992e-05,0.92,1.01
1875,7.000000000000001e-05,0.96,1.01
1876,7.007999999999999e-05,0.96,1.01
1877,7.016e-05,0.96,0.99
1878,7.023999999999999e-05,0.96,0.99
1879,7.032e-05,1.0,0.99
1880,7.039999999999999e-05,1.0,0.97
1881,7.048e-05,1.04,0.97
1882,7.055999999999999e-05,1.04,0.97
1883,7.064e-05,1.08,0.9500000000000001
1884,7.071999999999999e-05,1.12,0.9500000000000001
1885,7.08e-05,1.12,0.9500000000000001
1886,7.087999999999999e-05,1.12,0.9500000000000001
1887,7.096e-05,1.16,0.9500000000000001
1888,7.103999999999998e-05,1.16,0.93
1889,7.112e-05,1.2,0.93
1890,7.120000000000001e-05,1.2,0.93
1891,7.128e-05,1.24,0.93
1892,7.136000000000001e-05,1.2,0.91
1893,7.144e-05,1.28,0.91
1894,7.152e-05,1.28,0.91
1895,7.159999999999999e-05,1.28,0.91
1896,7.168e-05,1.32,0.91
1897,7.175999999999999e-05,1.32,0.89
1898,7.184e-05,1.32,0.91
1899,7.191999999999999e-05,1.36,0.89
1900,7.2e-05,1.4000000000000001,0.89
1901,7.207999999999999e-05,1.4000000000000001,0.89
1902,7.216e-05,1.4000000000000001,0.87
1903,7.223999999999999e-05,1.44,0.89
1904,7.232e-05,1.44,0.87
1905,7.239999999999998e-05,1.48,0.87
1906,7.248e-05,1.48,0.87
1907,7.256000000000001e-05,1.48,0.87
1908,7.264e-05,1.52,0.85
1909,7.272000000000001e-05,1.56,0.87
1910,7.28e-05,1.56,0.87
1911,7.288000000000001e-05,1.6,0.87
1912,7.295999999999999e-05,1.6,0.87
1913,7.304e-05,1.6400000000000001,0.85
1914,7.311999999999999e-05,1.6400000000000001,0.87
1915,7.32e-05,1.6400000000000001,0.85
1916,7.327999999999999e-05,1.6400000000000001,0.87
1917,7.336e-05,1.68,0.85
1918,7.343999999999999e-05,1.72,0.85
1919,7.352e-05,1.72,0.87
1920,7.359999999999999e-05,1.76,0.85
1921,7.368e-05,1.72,0.87
1922,7.375999999999998e-05,1.76,0.85
1923,7.384e-05,1.76,0.85
1924,7.391999999999998e-05,1.76,0.85
1925,7.4e-05,1.84,0.85
1926,7.408000000000001e-05,1.84,0.87
1927,7.416e-05,1.8800000000000001,0.87
1928,7.424000000000001e-05,1.92,0.85
1929,7.431999999999999e-05,1.8800000000000001,0.85
1930,7.44e-05,1.92,0.87
1931,7.447999999999999e-05,1.96,0.85
1932,7.456e-05,1.96,0.87
1933,7.463999999999999e-05,1.96,0.87
1934,7.472e-05,2.0,0.85
1935,7.479999999999999e-05,2.04,0.87
1936,7.488e-05,2.04,0.87
1937,7.495999999999999e-05,2.04,0.87
1938,7.504e-05,2.04,0.87
1939,7.511999999999999e-05,2.08,0.87
1940,7.52e-05,2.08,0.87
1941,7.527999999999998e-05,2.12,0.87
1942,7.536e-05,2.12,0.87
1943,7.544000000000001e-05,2.16,0.87
1944,7.552e-05,2.16,0.89
1945,7.560000000000001e-05,2.16,0.87
1946,7.568e-05,2.2,0.87
1947,7.576e-05,2.2,0.89
1948,7.583999999999999e-05,2.24,0.89
1949,7.592e-05,2.24,0.89
1950,7.599999999999999e-05,2.24,0.89
1951,7.608e-05,2.2800000000000002,0.89
1952,7.615999999999999e-05,2.32,0.89
1953,7.624e-05,2.32,0.91
1954,7.631999999999999e-05,2.32,0.89
1955,7.64e-05,2.36,0.91
1956,7.647999999999999e-05,2.36,0.91
1957,7.656e-05,2.4,0.91
1958,7.663999999999998e-05,2.4,0.91
1959,7.672e-05,2.4,0.91
1960,7.680000000000001e-05,2.44,0.93
1961,7.688e-05,2.44,0.91
1962,7.696000000000001e-05,2.48,0.93
1963,7.704e-05,2.48,0.93
1964,7.712000000000001e-05,2.52,0.93
1965,7.719999999999999e-05,2.52,0.9500000000000001
1966,7.728e-05,2.52,0.93
1967,7.735999999999999e-05,2.56,0.9500000000000001
1968,7.744e-05,2.56,0.9500000000000001
1969,7.751999999999999e-05,2.6,0.9500000000000001
1970,7.76e-05,2.6,0.9500000000000001
1971,7.767999999999999e-05,2.64,0.97
1972,7.776e-05,2.64,0.9500000000000001
1973,7.783999999999999e-05,2.68,0.97
1974,7.792e-05,2.68,0.97
1975,7.799999999999999e-05,2.68,0.97
1976,7.808e-05,2.72,0.97
1977,7.815999999999998e-05,2.72,0.97
1978,7.824e-05,2.7600000000000002,0.99
1979,7.832000000000001e-05,2.8000000000000003,0.99
1980,7.84e-05,2.8000000000000003,0.99
1981,7.848000000000001e-05,2.8000000000000003,0.99
1982,7.856e-05,2.8000000000000003,1.01
1983,7.864e-05,2.84,0.99
1984,7.871999999999999e-05,2.88,0.99
1985,7.88e-05,2.88,1.01
1986,7.887999999999999e-05,2.92,1.01
1987,7.896e-05,2.92,1.01
1988,7.903999999999999e-05,2.92,1.03
1989,7.912e-05,2.96,1.03
1990,7.919999999999999e-05,2.96,1.03
1991,7.928e-05,3.0,1.03
1992,7.935999999999999e-05,3.0,1.03
1993,7.944e-05,3.04,1.07
1994,7.951999999999998e-05,3.08,1.05
1995,7.96e-05,3.08,1.05
1996,7.968000000000001e-05,3.08,1.07
1997,7.976e-05,3.08,1.07
1998,7.984000000000001e-05,3.12,1.07
1999,7.992e-05,3.12,1.07
